1000 4
812 -3.32632 -0.647838 2.07217 -0.924681
297 -3.21837 -0.624578 2.04009 -0.912398
5 -3.48217 -0.763239 2.23714 -0.934356
262 -3.39806 -0.672643 2.04223 -0.977914
656 -3.38612 -0.694441 2.18834 -0.886533
776 -3.36492 -0.0977013 2.41412 -0.486992
348 -3.4451 -0.180375 2.50006 -0.408426
730 -3.40868 -0.0712389 2.29462 -0.467627
687 -3.3197 -0.269783 2.49522 -0.319479
337 -3.45324 -0.247884 2.47454 -0.506076
493 -3.14616 -0.196584 2.36471 -0.529971
910 -3.56327 -0.177432 2.46838 -0.41182
978 -3.52735 -0.131451 2.34946 -0.418435
347 -3.34249 -0.24522 2.51509 -0.570267
630 -3.57228 -0.189192 2.17359 -1.03477
238 -3.58538 -0.19703 2.26806 -1.23159
264 -3.45738 -0.529807 2.39746 -1.1092
290 -3.07089 -0.69659 2.09779 -0.811261
596 -3.39902 -0.791309 2.27632 -0.687018
409 -3.37998 -0.591302 2.12057 -0.92217
179 -3.71874 -0.557673 1.98132 -1.04308
180 -3.46248 -0.643913 1.92817 -0.869414
268 -3.32452 -0.645031 2.23533 -0.910372
258 -3.60762 -0.763138 2.30072 -0.881682
292 -3.25226 -0.731471 1.9721 -0.863202
798 -3.27665 -0.684144 1.65333 -0.762422
815 -3.41825 -0.0786585 2.0152 -0.981741
645 -3.36755 -0.091144 1.92479 -0.859069
227 -3.58189 -0.303724 2.06547 -1.04113
924 -3.37988 -0.440612 1.57102 -0.806941
445 -3.79014 -0.559715 1.65136 -0.753082
958 -3.28166 -0.521622 1.65974 -0.755631
518 -3.88343 0.0523529 2.02311 -0.768192
521 -3.89171 0.203597 1.97898 -0.77978
762 -3.49686 0.110956 1.83975 -0.670023
620 -3.66706 0.0238837 1.80087 -0.678606
6 -3.90099 0.0508196 1.97291 -0.738148
615 -3.69275 0.108461 2.02931 -0.698949
408 -3.51307 0.0231799 1.8185 -0.712289
896 -3.83508 0.191585 2.13644 -0.816115
963 -3.26279 -0.00986673 2.15179 -0.415612
554 -3.28512 -0.135465 2.07587 -0.38127
483 -3.82741 0.0835025 2.1098 -0.78994
529 -3.49049 0.19555 2.0663 -0.746684
780 -3.33478 -0.147964 2.49225 -0.394161
527 -3.78108 0.220666 1.92073 -0.841264
898 -3.54084 0.187551 1.83101 -0.71762
885 -3.60951 0.176499 1.78806 -0.727075
617 -3.63991 0.135508 1.88505 -0.699196
941 -3.32888 -0.362847 1.993 -1.09043
218 -3.31433 -0.211447 1.9005 -1.04156
853 -3.2685 -0.409529 1.9801 -0.968094
852 -3.42882 -0.235245 2.18821 -1.08585
222 -3.69165 -0.125501 2.28972 -1.06999
633 -3.59113 -0.0291745 2.22798 -1.10975
581 -3.57986 -0.14089 1.99643 -1.07978
994 -3.45186 -0.402461 1.94499 -0.465795
477 -3.17008 -0.24675 1.65366 -0.37558
469 -3.83513 -0.733614 1.97167 -0.408806
673 -3.67894 -0.467426 1.46351 -0.513143
10 -4.23619 -0.343857 1.6837 -0.665859
307 -3.79576 -0.243056 1.47917 -0.572757
146 -4.07167 -0.278403 1.60215 -0.730284
152 -4.21547 -0.23966 1.52994 -0.842883
890 -3.47432 0.125761 1.5973 -0.605776
731 -3.57401 0.237627 1.8073 -0.742334
523 -3.89198 0.2386 2.14583 -0.650203
488 -3.5438 0.0943153 1.83496 -1.02008
875 -3.41536 0.106155 1.71205 -0.683493
368 -3.76763 0.0548594 1.83454 -0.623977
790 -3.34464 0.182749 1.75542 -0.706779
519 -3.69138 0.0746412 1.85761 -0.735514
760 -3.92751 0.118218 2.06732 -0.816289
933 -3.84673 0.215802 2.09688 -0.780984
535 -3.25402 0.182348 1.81775 -0.565895
405 -3.45696 -0.203012 2.60143 -0.468409
713 -3.24169 -0.0190793 2.19489 -0.473173
185 -3.32299 -0.373187 1.79658 -0.891692
858 -2.81081 -0.409382 1.6923 -0.800813
722 -3.2415 -0.619132 1.90961 -0.823621
260 -3.51173 -0.686323 2.34172 -0.848437
259 -3.69722 -0.913554 2.45306 -0.898504
407 -3.44331 -0.664699 2.26608 -0.887491
419 -3.05137 -0.492685 1.88618 -0.873362
284 -3.04283 -0.429264 1.77222 -0.652698
522 -3.77339 -0.00899376 1.89629 -0.743194
379 -3.14617 -0.567811 1.67533 -0.271796
99 -3.73841 -0.736736 1.98822 -0.46856
117 -3.61489 -0.697017 1.95877 -0.412765
133 -3.31249 -0.61101 1.76904 -0.342772
806 -3.51743 0.115591 1.82537 -0.634905
814 -3.43225 -0.0425796 1.9233 -0.682583
889 -3.31798 0.100876 1.79403 -0.732036
613 -3.74689 -0.00400773 1.9552 -0.650601
823 -3.98874 -0.407791 2.08313 -0.206664
58 -3.88069 -0.35583 2.09281 -0.202342
646 -3.84526 -0.294605 1.78555 -0.420036
75 -3.5463 -0.329486 1.7654 -0.342026
61 -3.85423 -0.411428 1.93376 -0.271852
566 -3.83475 -0.324883 1.97756 -0.0913434
312 -3.96375 -0.351894 1.91338 -0.223671
907 -4.03274 -0.246963 2.10042 -0.126713
323 -3.73263 -0.273623 2.02103 -0.172659
906 -4.03637 -0.285355 2.00636 -0.246588
702 -4.00319 -0.380951 1.82012 -0.267499
923 -3.73754 -0.489874 1.86041 -0.177575
575 -3.74415 -0.293602 1.9485 -0.249201
331 -3.79452 -0.386841 1.90744 -0.206871
430 -3.59958 -0.281854 1.94004 -0.40613
231 -3.45453 -0.24212 1.90307 -0.983273
588 -3.19084 -0.237448 1.83263 -1.07231
220 -3.76847 -0.223619 2.08246 -1.11944
485 -3.59055 -0.280673 1.97763 -1.2046
389 -3.56617 -0.14319 2.00066 -1.13999
977 -3.51663 -0.217215 2.06177 -1.05229
591 -3.19324 -0.242978 1.89701 -0.745981
178 -3.77736 -0.570189 2.00144 -0.833696
400 -3.19741 -0.523867 1.7225 -0.699254
391 -3.47242 -0.595982 1.794 -0.881711
252 -3.31936 -0.00466748 1.99914 -0.985908
576 -3.60632 -0.198519 2.12312 -1.1553
512 -3.33703 -0.507341 1.85805 -1.10379
13 -4.03037 -0.297143 1.56952 -0.778923
749 -3.52567 -0.376131 1.65691 -0.549482
872 -3.46476 -0.538422 1.63703 -0.538836
851 -3.88111 -0.355211 1.76294 -0.155625
283 -3.28946 -0.692358 1.63224 -0.642212
440 -3.72817 -0.701533 1.98611 -0.714288
261 -3.9524 -0.734519 1.70601 -0.818928
212 -3.49317 -0.73194 1.60359 -0.866439
843 -3.09639 -0.67015 1.84566 -0.844094
655 -3.53015 -0.650691 2.03827 -0.93536
417 -3.29009 -0.714848 1.99067 -0.854363
957 -3.44161 -0.48321 1.73373 -0.620981
628 -3.39772 0.0478078 1.82269 -0.65906
504 -3.75329 -0.695512 1.63989 -0.804311
945 -3.82578 -0.696177 1.85802 -0.655753
452 -3.34591 -0.568688 1.78257 -0.600237
720 -3.14785 -0.490396 1.87808 -0.821379
637 -3.53118 0.165498 1.96783 -0.936606
930 -3.7114 0.218223 1.90597 -0.7674
614 -3.81431 0.0865466 1.98416 -0.666987
607 -3.55235 -0.141199 2.05307 -0.073591
422 -3.96206 -0.302643 2.04559 -0.204022
64 -3.69501 -0.349595 1.96333 -0.243322
428 -3.79666 -0.377858 1.90813 -0.254465
326 -3.88008 -0.410112 2.10902 -0.346533
51 -4.13161 -0.365204 2.1171 -0.281955
62 -3.97898 -0.282946 2.02614 -0.132039
934 -3.71041 -0.34458 1.97395 -0.159501
651 -3.56142 -0.330595 1.84765 -0.170627
650 -3.59096 -0.437326 1.84456 -0.0712195
55 -4.10282 -0.377767 2.07842 -0.24669
748 -3.26023 -0.337836 1.69073 -0.24346
59 -4.01889 -0.331063 2.14817 -0.184331
611 -3.47725 -0.264646 1.7305 -0.133244
908 -3.56314 -0.39844 1.92672 -0.39623
311 -4.11115 -0.358483 2.03618 -0.184235
315 -3.92067 -0.23192 1.9978 -0.138382
67 -3.97374 -0.270775 2.00363 -0.167526
395 -3.60118 -0.432916 1.84027 -0.284292
570 -3.54347 -0.383278 1.80874 -0.344745
190 -3.52627 -0.644419 1.84203 -0.746683
233 -3.66073 -0.766178 1.99329 -0.494449
103 -3.97457 -0.885474 2.17981 -0.460831
557 -3.64806 -0.716328 1.97079 -0.254712
105 -3.86999 -0.738995 1.98501 -0.388252
840 -3.47837 -0.736753 1.8855 -0.304561
481 -3.27079 -0.676466 1.86402 -0.403566
131 -3.49136 -0.722427 1.88955 -0.265093
98 -4.03027 -0.779171 2.12361 -0.372706
142 -3.42373 -0.71956 1.74007 -0.21565
114 -3.74707 -0.712548 1.97083 -0.368814
109 -3.92869 -0.773877 2.13673 -0.315346
819 -3.66891 -0.698255 2.03306 -0.331043
697 -3.68918 -0.820974 2.02644 -0.413727
401 -3.07085 -0.644167 1.74097 -0.853488
296 -3.67578 -0.543868 1.8216 -0.917084
406 -3.44 -0.687523 2.22057 -0.929914
100 -3.81737 -0.734033 2.11547 -0.387149
113 -3.44179 -0.60477 1.89307 -0.438051
951 -3.16229 -0.524086 1.7781 -0.447789
229 -3.7466 -0.153267 2.21195 -1.24047
583 -3.42329 -0.0392363 2.0334 -1.08842
579 -3.30838 -0.178467 1.92059 -1.0436
489 -3.49157 -0.333081 2.10792 -1.15273
404 -3.70491 -0.683993 2.45294 -1.07421
797 -3.33071 -0.643646 2.08901 -0.833552
597 -3.17541 -0.564941 2.06639 -0.750826
506 -3.4415 -0.23632 1.92534 -1.03659
241 -3.45833 -0.108255 2.1655 -1.07387
801 -3.12894 -0.334479 1.93743 -0.450044
944 -3.22048 -0.574032 1.73919 -0.519209
380 -3.34848 -0.794414 1.83988 -0.244585
699 -3.4035 -0.80797 1.6246 -0.401056
104 -4.00345 -0.738391 1.9776 -0.422613
144 -3.41193 -0.694332 1.74981 -0.445338
120 -3.2137 -0.634573 1.92328 -0.275196
509 -3.52649 -0.66149 1.79282 -0.755038
795 -3.37996 -0.620926 1.7908 -0.800845
196 -3.46704 -0.530733 1.72912 -0.919913
182 -3.41301 -0.478525 1.90227 -0.857838
725 -3.62212 0.00107992 1.87287 -0.778919
777 -3.30552 -0.166285 2.15833 -0.403216
362 -3.15532 -0.357341 2.17305 -0.340534
693 -3.20886 -0.13189 2.42341 -0.410983
694 -3.34596 -0.147856 2.44744 -0.331768
343 -3.52662 -0.264349 2.54227 -0.407934
76 -3.55487 -0.367304 1.96737 -0.1893
606 -3.67718 -0.242645 1.79424 -0.145492
11 -4.09537 -0.313681 1.55255 -0.745139
31 -3.84892 -0.378764 1.55772 -0.790993
917 -3.40659 -0.203881 1.78097 -1.08272
491 -3.4552 -0.185528 1.92153 -1.09581
740 -3.33552 -0.16819 1.89618 -0.983347
632 -3.59821 -0.300438 2.30678 -1.14234
225 -3.62405 -0.0672804 2.31687 -1.15124
751 -3.45311 -0.123221 2.483 -0.474493
341 -3.6757 -0.129343 2.61598 -0.495018
685 -3.27882 -0.213677 2.41308 -0.445637
336 -3.62215 -0.179576 2.39915 -0.45646
344 -3.55233 -0.283462 2.61925 -0.435408
723 -3.01191 -0.310842 2.32777 -0.382705
706 -3.59923 -0.213059 2.54393 -0.406265
338 -3.64248 -0.162421 2.60753 -0.597684
299 -3.50563 -0.0807091 1.89703 -0.948683
663 -3.20544 -0.412216 1.97051 -1.02414
682 -3.69972 -0.214721 1.42369 -0.528859
8 -4.26932 -0.370688 1.6201 -0.826086
680 -4.0249 -0.471974 1.54325 -0.763673
678 -4.03605 -0.40425 1.57225 -0.794994
309 -3.5418 -0.369663 1.48191 -0.77087
164 -3.78866 -0.16829 1.56673 -0.957221
298 -3.99673 -0.190209 1.63741 -0.778118
672 -3.91005 -0.268618 1.42457 -0.782038
7 -4.16611 -0.395784 1.63297 -0.81193
43 -4.14533 -0.328208 1.55696 -0.824441
173 -3.92764 -0.375928 1.49727 -0.707392
9 -4.26344 -0.315192 1.66647 -0.741363
980 -3.48204 -0.713751 1.84776 -0.385785
658 -3.67871 -0.776273 2.0952 -0.391091
573 -3.52005 -0.380616 1.89063 -0.153383
967 -3.76475 -0.4001 1.94535 -0.087666
648 -3.4376 -0.282651 1.90075 -0.332354
845 -3.84576 -0.292754 1.86784 -0.10524
603 -3.88836 -0.128777 1.88687 -0.217937
604 -3.88284 -0.383409 2.0182 -0.0557144
378 -3.49976 -0.707295 1.84336 -0.269588
49 -3.90927 -0.363015 2.21686 -0.216876
65 -3.88949 -0.3863 1.87932 -0.117936
60 -3.82277 -0.429295 2.22648 -0.161571
54 -3.97761 -0.36581 2.0877 -0.285101
602 -3.80114 -0.254926 2.03452 -0.224494
567 -3.86444 -0.353393 1.99797 -0.229823
314 -4.02005 -0.405911 2.23624 -0.185269
610 -3.5916 -0.236945 1.85894 -0.104435
84 -3.6029 -0.0829411 1.85461 -0.118194
310 -4.15663 -0.385934 2.05154 -0.15177
574 -3.44471 -0.0654759 1.79268 -0.268508
909 -3.58405 -0.276629 1.91766 -0.283697
86 -3.66252 -0.274738 1.93987 -0.132436
927 -3.50891 -0.392714 1.82333 -0.272045
911 -3.49676 -0.370619 1.80335 -0.375021
649 -3.67873 -0.268389 1.96903 -0.309179
503 -3.49475 -0.474101 1.74741 -0.807452
386 -3.40985 -0.495384 1.87827 -0.895219
505 -3.27908 -0.685428 1.80987 -0.780711
895 -3.19067 -0.628566 1.80119 -0.745352
184 -3.48586 -0.48178 1.84199 -0.818844
550 -3.2803 -0.556599 1.61765 -0.79412
69 -3.42539 -0.272523 2.41546 -0.274491
695 -3.11197 -0.253092 2.13847 -0.230022
876 -3.39039 -0.277457 2.30449 -0.212963
563 -3.15793 -0.374643 2.12158 -0.272117
805 -3.28512 -0.237908 2.42648 -0.316145
78 -3.64125 -0.112138 2.03459 -0.237552
429 -3.65148 -0.280137 1.91565 -0.130939
101 -3.83847 -0.712256 2.09019 -0.325673
107 -3.66881 -0.686664 1.98446 -0.343928
14 -4.05514 -0.343127 1.64443 -0.72548
57 -3.43268 -0.689158 2.09398 -0.814651
413 -3.19085 -0.704858 1.96468 -0.883446
3 -3.50169 -0.573253 2.10215 -0.898793
415 -2.935 -0.56156 1.92727 -0.69365
353 -3.39036 -0.11892 2.36654 -0.459832
877 -3.38841 -0.106772 2.35469 -0.236578
689 -3.26778 -0.248775 2.34573 -0.510258
982 -3.12866 -0.523334 2.22342 -0.760079
129 -3.50116 -0.725507 1.89586 -0.537515
140 -3.50667 -0.904562 1.95778 -0.325286
303 -3.55499 -0.643673 1.8066 -0.301917
371 -3.29011 -0.546133 1.88705 -0.40944
91 -3.32184 -0.259286 1.74338 -0.28097
74 -3.67019 -0.32424 1.70278 -0.318589
313 -3.82609 -0.230875 1.99808 -0.235929
847 -3.57803 -0.232727 1.76229 -0.110084
850 -3.73706 -0.243159 1.95013 -0.216115
966 -3.51706 -0.460772 1.9964 -0.264024
436 -3.14766 -0.266799 1.8215 -0.154935
52 -3.98875 -0.31036 2.11008 -0.30497
333 -3.53607 -0.258021 1.90814 -0.0966658
684 -3.38987 -0.190184 2.57605 -0.543518
743 -3.61321 -0.255218 2.01148 -0.135486
345 -3.39734 -0.213527 2.44854 -0.363779
474 -3.56449 -0.722767 1.80162 -0.467497
826 -3.9444 -0.805134 1.82095 -0.553015
564 -3.57455 -0.649971 1.65457 -0.452496
423 -3.78663 -0.447888 1.67238 -0.68665
295 -4.15775 -0.336187 1.58569 -0.719345
2 -4.04682 -0.298961 1.55751 -0.911163
435 -3.52309 -0.137508 1.99663 -0.273013
848 -3.44619 -0.317469 1.99142 -0.244613
70 -3.74391 -0.35331 2.13799 -0.270723
572 -3.76769 -0.265066 1.91884 -0.176614
995 -3.84448 -0.404743 1.96449 -0.311517
433 -3.66885 -0.325147 1.89334 -0.268958
320 -3.5655 -0.224191 1.79349 -0.212932
247 -3.33425 -0.0975927 1.94678 -1.01664
230 -3.43776 -0.0833383 2.05088 -0.995161
711 -3.2987 -0.109697 2.1799 -0.94968
50 -3.71394 -0.17761 2.18623 -1.05106
245 -3.63049 -0.253369 2.00583 -0.391286
836 -3.76434 -0.349829 2.22896 -0.153559
68 -4.02586 -0.299879 2.00613 -0.20645
524 -3.57422 0.0976214 1.88626 -0.550797
520 -3.84994 0.22502 1.91241 -0.727111
726 -3.80502 0.100042 1.98956 -0.825359
929 -3.40061 0.0435756 1.71642 -0.825739
992 -3.606 -0.235724 1.82018 -1.00281
946 -3.47706 -0.288764 1.99311 -1.099
499 -3.22618 -0.121864 1.80152 -0.87279
547 -3.98939 -0.240397 1.50661 -0.734146
223 -3.72313 -0.0454099 2.11255 -1.0087
239 -3.36772 -0.0872925 2.09826 -1.00208
497 -3.4015 -0.155606 1.86858 -1.0865
937 -3.45117 -0.308452 1.74725 -0.967982
189 -3.55018 -0.495556 1.70199 -0.865251
181 -3.71803 -0.636401 1.95657 -0.989424
94 -3.4225 -0.409524 1.76947 -0.218882
988 -3.54555 -0.446758 1.83612 -0.318192
565 -3.73085 -0.233464 2.04033 -0.0906057
835 -3.3326 -0.346285 2.42919 -0.447351
342 -3.51208 -0.30153 2.39394 -0.379723
148 -3.25559 -0.171059 2.33958 -0.443094
710 -3.28897 -0.348131 2.38319 -0.325185
364 -3.32375 -0.1687 2.35916 -0.411765
366 -3.07899 -0.104666 2.02854 -0.410899
854 -3.22721 -0.183151 2.18359 -0.497074
546 -3.74559 0.147263 1.84333 -0.579934
526 -3.90867 0.25893 2.07461 -0.652782
624 -3.54676 0.272222 1.83218 -0.670963
192 -3.74738 0.0995374 1.9298 -0.71614
177 -3.75849 -0.547824 1.99868 -1.00355
198 -3.18908 -0.668654 2.20779 -0.84642
270 -3.24106 -0.599866 2.13417 -0.808508
276 -3.13763 -0.608403 2.22926 -0.84365
149 -3.66937 -0.250456 2.09083 -1.14768
794 -3.0521 -0.423559 1.73391 -0.791701
402 -3.03193 -0.470978 1.77977 -0.783831
961 -3.7512 -0.699645 1.78868 -0.584752
860 -3.86302 -0.640601 1.7591 -0.605307
442 -3.72083 -0.582438 1.69956 -0.74685
444 -3.63715 -0.545322 1.85423 -0.661819
863 -3.62096 -0.757133 1.73148 -0.565538
660 -3.45441 -0.793065 1.79244 -0.699595
989 -3.8896 -0.751402 1.91803 -0.621663
855 -3.36461 -0.59483 1.6076 -0.689543
183 -3.3424 -0.548553 1.8868 -0.898188
384 -3.31216 -0.470456 1.92101 -0.668999
683 -3.39471 -0.546704 1.99565 -0.908767
188 -3.42984 -0.465465 1.76493 -1.07803
839 -3.11354 -0.699805 1.78421 -0.404011
128 -3.41116 -0.717974 2.11987 -0.277656
372 -3.1868 -0.550527 1.80685 -0.280051
248 -3.38336 -0.123133 1.96754 -1.16942
234 -3.50543 -0.106443 2.09132 -1.1454
36 -3.5219 -0.18822 1.90804 -1.04635
111 -3.55967 -0.21239 2.0845 -1.079
12 -3.74829 -0.118607 2.15919 -1.22164
736 -3.57266 -0.17179 2.18575 -0.988587
30 -3.37403 -0.475825 1.71592 -1.09998
774 -3.18322 -0.543329 1.91785 -0.747861
201 -3.22901 -0.700577 1.79746 -0.761008
200 -3.20338 -0.438746 1.71456 -0.729556
396 -3.27978 -0.329525 1.64821 -0.929251
191 -3.47786 -0.476255 1.76177 -0.807017
186 -3.50557 -0.504067 1.87617 -1.0571
537 -3.3983 0.0789918 1.76789 -0.799226
340 -3.80413 0.0973943 2.08835 -0.668499
738 -3.49029 0.173496 1.83104 -0.807352
28 -3.8295 -0.110228 1.50473 -0.67699
0 -4.12151 -0.366542 1.68576 -0.945494
25 -3.75787 -0.585539 1.82624 -0.766394
670 -3.36704 -0.473175 1.66876 -0.643041
676 -3.38771 -0.138682 1.65647 -0.94906
965 -3.30129 -0.069143 1.95925 -0.926445
758 -3.81573 -0.210488 1.49508 -0.785404
17 -3.92525 -0.225373 1.56767 -0.794695
42 -3.78785 -0.4344 1.40406 -0.622281
203 -3.34061 -0.511459 1.79003 -0.694212
205 -3.34576 -0.537276 1.75227 -0.913185
208 -3.27775 -0.455635 1.72963 -0.835062
496 -3.24735 -0.0755728 2.03553 -1.04439
143 -3.38286 -0.729754 1.81591 -0.382969
447 -3.45551 -0.586802 1.83224 -0.641864
984 -3.18909 -0.509131 1.79533 -0.650182
72 -3.63079 -0.466998 2.05606 -0.176679
568 -3.68593 -0.380174 1.90834 -0.12651
701 -3.81105 -0.243027 1.89505 -0.209673
393 -3.50969 -0.378597 1.77445 -0.212225
530 -3.55522 0.0450256 1.58545 -0.632976
969 -3.31292 -0.379528 1.56707 -0.53804
548 -4.10715 -0.201953 1.52547 -0.77714
4 -4.22761 -0.325627 1.59497 -0.771949
22 -3.91375 -0.323292 1.54849 -0.685918
147 -4.28537 -0.398448 1.55426 -0.765232
677 -3.99161 -0.475005 1.49308 -0.767916
671 -3.84027 -0.147061 1.57401 -0.59235
153 -4.02648 -0.351012 1.5054 -0.773584
355 -3.23249 -0.0986908 2.13573 -0.397454
753 -3.35415 -0.109455 2.14101 -0.426633
943 -3.31326 -0.407342 1.86601 -0.589145
983 -3.53614 -0.622954 1.6859 -0.627524
920 -3.68409 -0.656829 1.70566 -0.764106
165 -3.54483 -0.615641 1.68683 -0.60927
216 -3.08194 -0.585879 1.65257 -0.819992
121 -3.58604 -0.709668 1.81591 -0.584929
118 -3.77315 -0.798509 1.93019 -0.395113
478 -3.34496 -0.642852 1.48669 -0.253272
102 -3.94932 -0.85271 2.08505 -0.482664
106 -3.78756 -0.738562 2.052 -0.4481
271 -3.3421 -0.609965 2.06936 -0.845184
388 -3.55078 -0.75028 2.20275 -0.951764
865 -3.45673 -0.680361 2.18051 -0.821587
416 -3.29257 -0.598472 1.97559 -0.842516
599 -3.14898 -0.621334 2.20343 -0.728952
291 -3.19101 -0.783231 1.93193 -0.850754
667 -3.08948 -0.620484 2.16757 -0.838989
696 -3.15521 -0.309842 2.27499 -0.482729
349 -3.49615 -0.163828 2.43716 -0.317289
932 -3.21195 -0.391625 2.27092 -0.268835
370 -3.52389 -0.824862 2.14968 -0.309487
279 -3.19278 -0.617462 2.30329 -0.796008
479 -3.10861 -0.718831 1.88728 -0.412936
375 -3.48486 -0.79797 1.88979 -0.434684
471 -3.72426 -0.853818 2.06588 -0.246978
108 -3.66663 -0.728661 2.04822 -0.304361
653 -3.39488 -0.316797 1.84572 -0.223302
82 -3.49473 -0.279518 1.90421 -0.0868431
96 -3.23991 -0.187002 1.9886 -0.165293
571 -3.60495 -0.243988 1.77314 -0.0915174
41 -3.97232 -0.314421 1.50276 -0.868689
403 -3.42373 -0.478625 1.36805 -0.809859
457 -3.27756 -0.464919 1.82614 -0.743345
465 -3.4797 -0.691049 1.69644 -0.670609
458 -3.26048 -0.510001 1.62079 -0.769323
235 -3.54055 -0.176432 2.00552 -1.05755
492 -3.35254 -0.230619 1.96968 -1.13404
484 -3.77775 -0.491413 1.79615 -0.71377
454 -3.36989 -0.497102 1.59696 -0.564378
441 -3.78012 -0.739455 1.81543 -0.575362
834 -3.48019 -0.57586 1.4417 -0.584422
905 -3.49217 -0.380221 1.73179 -0.629499
950 -3.49415 -0.613166 1.7651 -0.718116
828 -3.3895 -0.427712 1.71021 -0.499979
394 -3.32286 -0.694659 1.61218 -0.900062
793 -3.47826 -0.513629 1.94814 -1.01183
443 -3.78147 -0.725 1.7974 -0.720312
267 -3.22631 -0.541021 2.05428 -0.891041
272 -3.39893 -0.722782 2.27404 -0.925053
451 -3.40902 -0.653836 2.04397 -1.00438
308 -3.18436 -0.659944 1.60531 -0.883462
438 -3.58305 -0.290353 1.99406 -0.130411
365 -3.00796 -0.200941 2.08757 -0.399557
352 -3.30749 -0.0700451 2.38939 -0.632581
915 -3.36407 -0.237387 1.95678 -1.07918
832 -3.33217 -0.528891 1.78661 -0.430473
531 -3.47046 -0.35856 1.79705 -0.715498
412 -3.37332 -0.553878 1.87156 -0.564263
956 -3.67068 -0.570342 1.86671 -0.745014
453 -3.55734 -0.669683 1.80554 -0.729137
381 -3.55804 -0.788171 1.95794 -0.4738
27 -3.79393 -0.218592 1.45665 -0.702918
150 -3.9582 -0.448776 1.51904 -0.807047
369 -3.55475 -0.16979 1.97575 -1.01372
244 -3.27188 -0.281115 1.98577 -1.05261
325 -3.42913 -0.364495 1.92279 -0.36143
558 -3.70219 -0.387551 1.97859 -0.143746
511 -3.42659 -0.492616 1.76019 -0.891574
29 -3.85451 -0.282177 1.51237 -0.930316
159 -4.02512 -0.348775 1.53381 -0.794635
145 -4.08558 -0.264795 1.62789 -0.837063
38 -3.70727 -0.354869 1.44095 -0.756068
46 -3.72923 -0.435387 1.39476 -0.551073
718 -3.65374 -0.228772 1.40443 -0.787846
900 -3.3526 -0.180829 1.9083 -1.00517
232 -3.51804 -0.125861 2.19491 -0.996411
249 -3.1693 -0.297701 1.83479 -0.928402
71 -3.5471 -0.433056 2.00515 -0.22383
66 -3.65151 -0.373577 1.88825 -0.194179
580 -3.37629 -0.158467 1.88445 -0.893923
425 -4.01281 -0.208728 2.03523 -0.169291
48 -3.42933 -0.0673039 1.54169 -0.46152
359 -3.00941 -0.404392 2.47112 -0.442199
332 -3.24423 -0.261104 2.40361 -0.362105
784 -3.42092 -0.119321 1.98893 -1.08244
498 -3.32493 -0.194808 1.86522 -1.09687
97 -3.01354 -0.209061 1.74148 -0.675308
862 -3.3261 -0.190224 1.76691 -0.798618
631 -3.47147 -0.209108 2.05643 -0.828833
802 -3.2134 -0.11049 2.24308 -0.559851
302 -3.22327 -0.131495 2.21269 -0.484367
796 -3.26905 -0.390974 1.67743 -0.722873
880 -3.3448 -0.512736 1.79116 -0.66164
773 -3.48358 -0.597373 1.77242 -0.927908
516 -2.9242 -0.354022 1.81716 -0.663465
510 -3.26057 -0.778477 2.12524 -0.902158
414 -3.02872 -0.506686 1.87943 -0.918063
928 -3.66268 0.216733 1.9723 -0.791221
424 -4.04912 0.335331 2.13094 -0.671427
919 -3.53609 -0.767069 1.65377 -0.622207
449 -3.51889 -0.582136 1.90012 -0.580384
534 -3.36693 0.175849 2.02692 -0.651946
874 -3.55347 0.0687273 1.76426 -0.560387
765 -3.48591 0.124569 1.6776 -0.678116
641 -3.98253 0.153237 2.12735 -0.750966
616 -3.67402 0.0956983 1.80755 -0.607911
23 -3.91113 -0.340635 1.55784 -0.71711
168 -3.37978 -0.143541 1.49086 -0.472861
176 -3.86408 -0.153931 1.50505 -0.503321
122 -3.57883 -0.666795 2.05491 -0.334579
363 -3.19585 -0.0292667 2.18039 -0.40249
899 -3.50966 0.241894 1.99178 -0.63361
714 -3.19571 -0.213115 2.30673 -0.394764
540 -3.28657 0.0843971 1.90785 -0.46935
197 -3.35032 -0.493197 1.93387 -0.795696
385 -3.55269 -0.56171 2.03603 -0.986551
171 -3.72633 -0.101287 1.67109 -0.621857
304 -3.97855 -0.237941 1.42926 -0.767974
221 -3.67122 -0.243367 2.1125 -1.15975
77 -3.24815 -0.484543 1.76397 -0.753156
204 -3.2517 -0.508519 1.70095 -0.684473
507 -3.3279 -0.587729 1.81895 -0.843045
215 -3.31126 -0.59296 1.70091 -0.783775
893 -3.06812 -0.41621 1.83215 -0.638379
901 -3.10266 -0.345164 1.66355 -0.66453
236 -3.59971 -0.136674 2.01831 -1.02631
881 -3.18135 -0.264128 1.98815 -1.00203
593 -3.58629 -0.712485 2.39923 -0.916161
288 -3.09836 -0.750917 1.96391 -0.618801
664 -3.1119 -0.769255 2.21776 -0.782224
666 -3.12812 -0.643356 2.08371 -1.0255
887 -3.21105 -0.571713 2.01762 -0.236341
411 -3.35097 -0.694706 2.36395 -0.764959
707 -3.65406 -0.174002 2.61759 -0.474495
781 -3.23658 0.0070821 2.4373 -0.369671
321 -3.62305 -0.322153 1.94191 -0.23113
80 -3.62443 -0.353059 1.95366 -0.187664
273 -3.2307 -0.552536 1.98122 -0.938077
594 -3.52869 -0.662843 2.32282 -0.949124
619 -3.625 -0.0326013 1.94416 -0.58741
621 -3.38581 0.0151955 1.5997 -0.645788
15 -3.95316 0.202807 2.02366 -0.749469
844 -3.20411 -0.650386 1.50787 -0.726471
544 -3.68625 -0.550218 1.63277 -0.707324
88 -3.5994 -0.415829 1.95297 -0.152047
87 -3.53576 -0.438063 1.93431 -0.282653
289 -3.14837 -0.613673 2.08246 -0.969222
494 -3.38366 -0.272611 2.03608 -1.14846
708 -3.42054 -0.0885147 2.1329 -1.09556
990 -3.40322 -0.447452 1.88992 -0.832177
705 -3.50877 -0.215368 2.53809 -0.482353
358 -3.13988 -0.298032 2.45416 -0.480191
346 -3.49326 -0.27557 2.59637 -0.449927
584 -3.27945 -0.0289556 2.05935 -0.856309
741 -3.31238 -0.0114296 1.7781 -1.01307
688 -3.42804 -0.304822 2.51673 -0.464901
902 -3.37907 -0.307082 1.81239 -0.872843
151 -3.98506 -0.142754 1.59283 -0.929195
679 -3.8641 -0.210287 1.44231 -0.826252
132 -3.68985 -0.741779 1.93733 -0.310807
376 -3.38712 -0.62418 1.62414 -0.343076
716 -3.66172 -0.819917 1.72953 -0.437613
456 -3.24968 -0.541123 1.62917 -0.815077
486 -3.61399 -0.153884 2.10589 -1.10501
669 -3.67274 0.123196 1.94212 -0.787048
536 -3.66094 0.242628 1.78593 -0.733562
431 -3.26021 -0.159356 1.84733 -0.94903
639 -3.2654 -0.0682347 1.68241 -1.11999
764 -3.3526 -0.466447 1.61981 -0.642657
763 -3.30173 -0.0260212 2.21465 -0.494554
712 -3.25347 -0.24341 2.33802 -0.468565
280 -3.19479 -0.712361 2.17919 -0.929634
263 -3.36384 -0.683839 2.173 -0.849343
897 -3.55238 0.224971 1.93973 -0.630078
32 -3.83682 -0.237976 1.53278 -0.81478
1 -4.16101 -0.230811 1.70334 -0.783698
112 -3.24744 -0.652074 2.08188 -0.846443
410 -3.37799 -0.679573 2.17437 -0.923031
791 -3.30274 -0.0898401 1.91749 -0.885256
727 -3.77122 0.0253705 1.94756 -0.834161
952 -3.43909 0.0325621 1.84852 -0.730619
888 -3.75861 0.114103 1.95449 -0.612979
959 -3.3954 -0.550473 1.76363 -1.02457
513 -3.4896 -0.459242 1.30845 -0.814181
635 -3.5382 -0.14161 1.94378 -1.10696
470 -3.34359 -0.743669 2.14112 -0.808194
914 -3.69769 -0.64852 1.97458 -0.344007
473 -3.4795 -0.625952 1.74003 -0.319916
138 -3.35623 -0.658736 1.89293 -0.163166
808 -3.54041 0.0476211 1.98615 -0.716665
629 -3.11003 -0.0956018 1.7124 -0.673768
20 -4.05497 -0.26264 1.51451 -0.721297
612 -3.27238 -0.0994337 1.90644 -0.724273
807 -3.41103 -0.10134 2.12939 -0.807451
873 -3.04855 -0.23689 1.72046 -0.867557
643 -3.9011 -0.245928 2.10593 -0.193179
555 -3.43226 0.141793 1.57608 -0.637537
799 -3.34296 -0.757549 2.17273 -0.987091
866 -3.31688 -0.574428 2.11067 -1.05682
783 -3.45437 -0.253777 2.22881 -0.941431
18 -3.40998 -0.501123 1.62904 -0.738396
827 -3.7005 -0.573241 1.76708 -0.907311
761 -3.65264 0.0365738 1.82165 -0.802944
810 -3.09494 -0.0964914 1.71065 -0.791421
779 -3.43815 -0.19744 2.51761 -0.447164
56 -3.46878 -0.190122 2.5054 -0.46257
690 -3.30657 -0.175001 2.39961 -0.370789
595 -3.27875 -0.291169 2.38766 -0.527473
804 -3.46488 -0.106689 2.22956 -0.445809
800 -3.23075 -0.140604 2.31136 -0.39967
351 -3.39565 -0.249764 2.34646 -0.378916
703 -3.3587 -0.0886699 2.08081 -0.290803
450 -3.24647 -0.248535 2.34705 -0.414979
778 -3.22767 -0.168814 2.33261 -0.474718
90 -3.07493 -0.147535 1.88994 -0.912213
219 -3.44124 -0.417884 1.68285 -0.873882
169 -3.60539 -0.313652 1.47687 -0.664598
141 -3.40881 -0.433791 1.32844 -0.502594
45 -3.61959 -0.363825 1.34194 -0.747593
21 -4.13274 -0.217039 1.54695 -0.817099
305 -3.8833 -0.319978 1.44056 -0.583822
213 -3.6652 -0.326213 1.39756 -0.788671
156 -4.02281 -0.307755 1.53644 -0.687208
16 -3.88713 -0.282598 1.48129 -0.639713
750 -3.62985 -0.281498 1.45623 -0.838004
551 -3.81186 -0.143265 1.5183 -0.686157
532 -3.52915 0.185664 1.95026 -0.585216
728 -3.70524 0.101607 1.91592 -0.574452
533 -3.26436 0.0767549 1.78498 -0.543078
809 -3.1728 -0.0970771 1.75447 -0.704536
329 -2.91497 -0.640539 1.95746 -0.545838
891 -3.05849 -0.637813 1.89357 -0.779336
154 -3.69486 -0.105492 1.57014 -0.697663
560 -3.4103 -0.636686 1.84331 -0.215563
53 -4.17513 -0.40056 2.15877 -0.17568
317 -3.8775 -0.287932 2.02193 -0.279123
528 -3.62181 0.113866 1.89528 -0.611721
981 -3.20935 0.0268356 1.81071 -0.729042
717 -3.41034 0.0620257 1.53008 -0.62017
543 -3.27364 0.213776 1.66659 -0.53286
316 -3.78195 -0.311392 1.83827 -0.281993
286 -3.14129 -0.763625 2.24011 -0.868156
357 -3.31024 -0.663288 2.3044 -0.644951
869 -3.28167 -0.703247 2.15032 -0.917729
601 -3.09188 -0.603765 1.97256 -0.853352
636 -3.52369 -0.0530372 1.89454 -1.12339
502 -3.51666 -0.162734 1.98048 -1.18998
553 -3.68549 -0.351546 1.36603 -0.761076
916 -3.10239 -0.555888 2.1204 -0.775211
882 -3.24469 -0.537878 2.10621 -0.803179
277 -3.26127 -0.615852 2.17716 -0.873924
274 -3.40759 -0.685616 2.06476 -0.938275
590 -3.23931 -0.0971489 1.9542 -1.01631
269 -3.28385 -0.514143 2.12967 -1.01206
224 -3.69754 -0.163846 2.31189 -1.08799
500 -3.2117 -0.0765653 1.88423 -1.00755
19 -3.86338 -0.23857 1.60857 -0.821817
37 -3.81176 -0.262651 1.47475 -0.750843
585 -3.15691 -0.310036 1.75242 -1.02134
253 -3.21765 -0.0560099 2.07405 -0.995613
985 -3.44266 -0.723952 1.693 -0.532926
918 -3.43226 -0.656663 1.77078 -0.682906
998 -3.57415 -0.624085 1.88851 -0.465014
459 -3.60775 -0.650385 1.76213 -0.495611
772 -3.46972 -0.638437 1.95652 -0.816637
193 -3.44667 -0.453824 1.82074 -1.09151
782 -3.16354 -0.0911802 2.17709 -0.367494
240 -3.22593 -0.487734 1.90351 -0.800808
856 -2.97144 -0.362808 1.91179 -0.707868
857 -3.23261 -0.573787 1.54371 -0.826552
775 -3.08412 -0.425639 1.79239 -0.830463
399 -3.41963 -0.477559 1.68261 -0.804532
116 -4.01621 -0.42755 2.04863 -0.268726
609 -3.59467 -0.162731 1.7527 -0.163032
608 -3.19674 -0.125414 1.89801 -0.908093
842 -3.53695 -0.711983 1.77961 -0.721699
642 -3.51094 -0.622068 1.82911 -0.62747
226 -3.49825 -0.559047 1.75046 -0.64375
788 -3.20709 -0.487529 1.56227 -0.699761
446 -3.69963 -0.578529 1.82713 -0.736171
462 -3.61715 -0.664675 1.68862 -0.547144
803 -3.35768 -0.252106 2.41928 -0.288972
354 -3.28069 -0.0706041 2.15294 -0.378581
754 -3.09569 -0.140008 1.97838 -0.807262
756 -3.05619 -0.244369 2.20564 -0.424969
318 -3.41167 -0.202461 2.45732 -0.449495
367 -3.11747 -0.0601514 2.14583 -0.571309
577 -3.79876 -0.281601 1.48951 -0.691974
161 -3.88668 -0.424192 1.44966 -0.627887
110 -3.85645 -0.89931 2.04651 -0.310977
373 -3.52012 -0.734697 1.66691 -0.326967
846 -3.41712 -0.312195 1.68911 -0.228188
487 -3.57014 -0.546077 1.87078 -0.746231
953 -3.51574 -0.567754 1.71789 -0.707241
942 -3.24309 -0.397876 1.56346 -0.60668
194 -3.52642 -0.637389 1.71298 -1.05472
508 -3.30299 -0.344488 1.6686 -0.919132
210 -3.02264 -0.367035 1.94099 -0.813495
771 -3.43068 -0.510826 1.91881 -0.876675
172 -3.40377 -0.0922768 1.72761 -1.02699
237 -3.44137 -0.107379 1.93831 -1.02611
659 -3.28472 -0.729936 2.15785 -0.887825
768 -3.2139 -0.0943658 1.74877 -0.651538
822 -3.58909 -0.252929 1.3193 -0.5856
448 -3.96764 -0.396249 1.40399 -0.740017
306 -3.73638 -0.410646 1.37501 -0.628042
160 -3.76753 -0.134003 1.49742 -0.5979
960 -3.34341 -0.590182 1.69311 -0.565756
464 -2.9976 -0.567983 1.47414 -0.601369
830 -3.48589 -0.687292 1.74349 -0.58485
883 -3.18555 -0.693324 1.73675 -0.671732
460 -3.40018 -0.550884 1.57048 -0.739044
894 -3.08939 -0.222779 2.25979 -0.379665
387 -3.29916 -0.34458 1.76294 -0.845476
195 -3.44318 -0.544855 1.7373 -0.720013
904 -3.12146 -0.372157 1.73613 -0.88278
935 -3.48229 -0.508145 2.00264 -0.949779
455 -3.59479 -0.680339 1.80802 -0.674545
870 -3.44557 -0.498204 1.75729 -0.67766
879 -3.50635 -0.489241 1.69213 -0.472564
878 -3.64807 -0.688673 1.74559 -0.785669
155 -3.82908 -0.117288 1.64058 -0.727697
549 -3.98572 -0.389635 1.42268 -0.763206
811 -3.17523 0.173657 1.96084 -0.487799
734 -3.11155 -0.0705937 1.62482 -0.726202
922 -3.23343 -0.405823 1.58015 -0.671368
861 -3.39134 -0.585163 1.81966 -0.711444
724 -3.10851 -0.752641 1.98271 -0.799276
600 -3.12499 -0.714141 2.11156 -0.69955
418 -3.20384 -0.663434 2.08303 -0.683415
285 -3.29747 -0.72968 2.23161 -0.813006
282 -3.13742 -0.761995 2.15231 -0.787591
592 -3.31527 -0.168439 2.07331 -1.12012
903 -3.3883 -0.0118707 1.90946 -0.917604
820 -3.4024 -0.434629 1.80055 -0.384786
737 -3.50974 -0.284761 2.06235 -1.09637
24 -4.00943 -0.446968 1.54561 -0.667696
545 -3.78179 -0.463996 1.55812 -0.7206
921 -3.44732 -0.656483 1.71939 -0.597627
859 -3.53917 -0.744849 1.86699 -0.515785
63 -3.66056 -0.638324 1.82281 -0.615524
361 -3.2112 -0.364182 1.56731 -0.587726
792 -3.92975 -0.648225 1.73404 -0.78457
134 -3.31741 -0.765561 2.09855 -0.357601
700 -3.32305 -0.634527 1.96453 -0.283107
324 -3.59037 -0.169169 1.84848 -0.281874
79 -3.66006 -0.333504 2.01938 -0.268181
867 -3.3254 -0.601241 1.921 -0.645521
709 -3.35785 -0.0979785 2.40536 -0.296027
742 -3.19121 -0.00532518 1.9962 -0.842959
294 -3.14151 -0.602963 2.04752 -0.799541
936 -3.29692 -0.70626 2.02778 -0.876164
955 -3.2901 -0.299801 2.05226 -1.00492
495 -3.49442 -0.535813 1.65119 -0.827952
962 -3.46477 -0.700371 1.71581 -0.753036
266 -3.68798 -0.62646 1.8368 -0.546249
931 -3.89988 -0.539927 1.75723 -0.687056
789 -3.45876 -0.162344 1.85587 -1.05043
746 -3.31767 -0.184943 1.77554 -0.667476
785 -3.39349 -0.211844 1.96784 -1.01
199 -3.17644 -0.399883 1.79899 -0.835008
541 -3.12075 -0.0242521 1.61918 -0.636889
377 -3.32518 0.0518057 1.66321 -0.600795
398 -3.16236 -0.429494 1.89106 -0.660389
397 -3.44143 -0.583835 1.77571 -0.823855
625 -3.22949 0.030464 1.59911 -0.673321
975 -3.1421 -0.0550726 1.67041 -0.553179
83 -3.29323 -0.484797 1.92319 -0.265635
472 -3.49437 -0.840087 2.06844 -0.398204
382 -3.21336 -0.763564 1.7904 -0.370131
490 -3.47078 -0.191972 1.94637 -1.1472
81 -3.37772 -0.186263 2.02099 -0.339097
833 -3.46504 -0.626886 1.62664 -0.580726
605 -3.69305 -0.28521 1.68417 -0.21864
265 -3.65042 -0.737896 1.66321 -0.702499
868 -2.90346 -0.379447 1.81686 -0.789812
287 -3.17975 -0.734376 2.25923 -0.818119
657 -3.49206 -0.757996 2.21895 -0.944384
275 -3.46131 -0.772949 2.28192 -0.94773
463 -3.33624 -0.710831 1.76505 -0.773742
719 -3.16865 -0.632534 1.94047 -0.532832
95 -3.34022 -0.302675 1.80149 -0.155229
392 -3.29085 -0.535016 1.84471 -0.827833
515 -3.33343 -0.566793 1.79702 -0.682136
644 -3.44602 -0.64665 1.70844 -0.491385
278 -3.13882 -0.711048 2.09529 -0.544813
735 -3.15916 0.0813272 1.76183 -0.779488
437 -3.5322 -0.427086 1.85811 -0.301866
93 -3.51738 -0.343592 1.90634 -0.249857
89 -3.3943 -0.193398 1.73905 -0.188379
652 -3.18453 -0.424606 1.88823 -0.250439
770 -3.29632 -0.115056 1.48198 -0.509682
439 -3.50098 -0.362699 1.90252 -0.252603
334 -3.55558 -0.398444 2.0092 -0.199726
586 -3.22567 -0.146625 1.92692 -0.927397
514 -3.16449 -0.586834 1.92611 -0.905899
426 -3.48683 -0.459192 1.70366 -0.728748
209 -3.22504 -0.555938 1.77395 -1.02151
997 -3.32346 -0.613011 2.12558 -0.686162
691 -3.40088 -0.123316 2.48475 -0.392591
26 -4.00639 -0.448766 1.52509 -0.834134
674 -3.77827 -0.365664 1.42567 -0.519623
123 -3.55908 -0.795692 1.99048 -0.336163
130 -3.28381 -0.65028 1.84002 -0.293562
618 -3.32592 0.138299 1.91157 -0.705236
732 -3.4929 0.144157 1.71438 -0.370786
954 -3.79863 -0.339535 2.05584 -0.147871
948 -3.42493 -0.52606 1.75396 -0.638678
319 -3.57748 -0.396257 1.85029 -0.381072
996 -3.76764 -0.280419 1.78862 -0.396286
468 -3.29502 -0.730703 1.57389 -0.821805
228 -3.50703 -0.234307 1.94759 -1.15922
255 -3.30394 -0.193949 1.83035 -0.965219
786 -3.59827 -0.140021 2.03106 -1.28216
34 -3.76195 -0.280661 1.64746 -0.846455
158 -3.54251 -0.225928 1.48384 -0.543818
432 -3.63952 -0.358409 1.91523 -0.311117
339 -3.589 -0.12713 2.46988 -0.45707
755 -3.24697 -0.0898216 2.28897 -0.244411
254 -3.33071 -0.106146 2.02066 -0.917657
242 -3.48782 0.019219 2.27027 -0.958708
979 -3.2306 -0.0913789 2.18396 -0.841227
949 -3.35078 -0.425721 1.97201 -0.318952
92 -3.54893 -0.215588 1.90669 -0.172344
461 -3.34295 -0.678788 1.63807 -0.565647
251 -3.20032 -0.404327 1.75819 -0.941756
126 -3.10744 -0.163238 1.94088 -0.850354
767 -3.21724 0.177911 1.78353 -0.478622
913 -3.13722 -0.301803 1.48348 -0.593745
647 -3.73188 -0.284518 1.95078 -0.286372
559 -3.67613 -0.788887 1.99392 -0.226878
745 -3.60286 -0.377453 1.76178 -0.17386
427 -3.81438 -0.101467 1.98203 -0.320445
119 -3.58975 -0.759632 2.06558 -0.427108
970 -3.5418 -0.561026 1.6507 -0.670997
390 -3.88385 -0.384485 1.5488 -0.74077
480 -3.43255 -0.783992 1.85348 -0.45146
561 -3.27705 -0.624495 1.91429 -0.502745
73 -3.70565 -0.816869 2.06477 -0.289581
360 -3.35083 -0.107228 2.30367 -0.639332
552 -3.17314 -0.0517048 2.13098 -0.297729
475 -3.40577 -0.786219 1.88798 -0.35805
838 -3.56086 -0.761761 1.89027 -0.362584
467 -3.09221 -0.332894 1.70407 -0.888943
675 -3.87007 -0.309578 1.46397 -0.610864
991 -3.74239 -0.21309 1.83511 -0.321693
964 -3.19555 -0.231862 1.7272 -0.954868
825 -3.89 -0.338187 1.96302 -0.212267
829 -3.57576 -0.777479 1.74 -0.779871
466 -3.28656 -0.791724 1.70532 -0.695614
582 -3.259 -0.0543062 2.00695 -0.850849
884 -3.22622 -0.164875 1.96389 -0.994413
634 -3.23962 -0.0998571 2.20646 -0.90436
330 -3.32195 -0.287343 1.85055 -0.253823
744 -3.57795 -0.308535 1.88048 -0.232504
538 -3.36113 0.111058 1.73737 -0.425968
849 -3.73758 -0.447036 2.01039 -0.241295
974 -3.31681 -0.509783 1.76622 -0.777924
578 -3.4709 0.0677867 2.0024 -1
973 -3.28123 -0.234685 1.85225 -0.858568
787 -3.47496 -0.126682 1.89624 -0.980611
686 -3.33906 -0.0589034 2.39213 -0.501077
818 -3.10099 -0.305776 2.13937 -0.95742
757 -3.31171 -0.122159 2.18209 -0.423901
661 -3.36424 -0.694511 2.07105 -0.879336
420 -3.10036 -0.665123 1.88527 -0.801289
243 -3.3132 -0.126165 2.11249 -0.841259
640 -3.26173 -0.175239 1.96704 -1.19965
33 -3.71563 -0.182395 1.53306 -0.947999
40 -3.7716 -0.391711 1.47444 -0.803623
837 -3.10455 -0.624171 1.79907 -0.541726
816 -3.03264 -0.287372 1.99137 -1.09025
501 -3.07965 -0.344691 1.79667 -0.857384
626 -3.44688 0.136924 1.66452 -0.693233
434 -3.66503 -0.33987 1.88783 -0.245712
871 -3.0987 -0.530091 1.8465 -0.498472
938 -3.26502 -0.117729 1.88794 -0.702702
328 -3.74183 -0.341266 1.99095 -0.298502
300 -3.67926 -0.218018 1.42115 -0.561915
39 -3.76634 -0.143908 1.43083 -0.798304
971 -3.53785 0.116559 1.79927 -0.782492
739 -3.33364 -0.290899 1.78308 -0.873006
214 -3.09921 -0.641902 1.72176 -0.930345
157 -3.99695 -0.407763 1.55328 -0.703023
926 -3.46946 -0.597526 1.72629 -0.568362
44 -3.65335 -0.280658 1.46985 -0.668863
721 -3.0801 -0.616764 1.73395 -0.863345
587 -3.64592 -0.190636 1.59865 -0.839199
968 -3.56076 -0.497179 1.57762 -0.82944
137 -3.45288 -0.742234 1.68873 -0.491123
698 -3.71256 -0.760762 1.74136 -0.617224
841 -3.57461 -0.562788 1.83322 -0.797083
350 -3.28068 -0.15307 2.3069 -0.449454
139 -3.22482 -0.626132 2.06551 -0.296436
136 -3.43224 -0.48978 2.07482 -0.343061
623 -3.654 0.186552 1.95833 -0.511416
715 -3.2519 -0.0785337 2.30354 -0.441745
322 -3.91655 -0.242623 2.03786 -0.168836
327 -3.65578 -0.340328 2.12704 -0.0646006
85 -3.76661 -0.21847 1.88285 -0.115381
986 -3.39033 0.12172 1.88216 -0.643947
729 -3.60661 0.158684 1.94005 -0.627317
569 -3.51104 -0.446236 1.88131 -0.58243
301 -3.7812 -0.186059 1.39056 -0.715137
383 -3.44441 -0.581805 1.77977 -0.596225
525 -3.78684 0.0803606 1.97707 -0.628232
976 -3.20006 -0.325685 2.19585 -0.286559
993 -3.54657 -0.207268 2.33784 -0.352284
925 -3.42886 -0.48758 1.73154 -0.625051
421 -3.09125 -0.714868 1.97696 -0.902287
124 -3.79324 -0.341565 2.12346 -0.16742
167 -3.88963 -0.279987 1.46888 -0.783955
163 -3.60324 -0.337206 1.38369 -0.850827
662 -3.16393 -0.579984 1.94184 -0.873598
293 -3.20194 -0.677242 2.0307 -0.857832
356 -3.21989 -0.119173 2.47401 -0.425036
482 -3.47443 -0.764592 1.95075 -0.368477
202 -3.4032 -0.514338 1.74763 -0.951966
174 -3.72286 -0.269326 1.89169 -0.276252
821 -3.27667 -0.673921 1.61744 -0.53164
598 -3.29943 -0.192694 2.13143 -1.11918
250 -3.3246 -0.170669 1.73749 -0.943928
733 -3.5136 0.182073 1.60914 -0.665817
556 -3.39447 -0.0563937 1.4714 -0.604358
747 -3.4308 -0.581027 1.86179 -0.259801
766 -3.47814 0.155617 1.75263 -0.696993
115 -3.46467 -0.811676 1.92889 -0.481596
638 -3.49265 -0.275962 1.82909 -0.367658
187 -3.36053 -0.464876 1.88705 -0.876501
681 -3.21807 -0.488651 1.44403 -0.989857
217 -3.34668 -0.573572 1.83307 -0.792606
987 -3.57475 -0.508144 1.92458 -0.905051
817 -3.2586 -0.03921 2.03134 -0.95686
668 -2.9845 -0.704003 2.01771 -0.878527
256 -3.19913 -0.158143 1.87038 -0.711267
864 -3.38517 -0.588421 1.60521 -0.839583
170 -3.7742 -0.206492 1.53386 -0.68162
476 -3.41362 -0.801685 1.87742 -0.253681
704 -4.01512 -0.268389 1.53303 -0.524885
752 -3.1808 -0.272267 2.3535 -0.37778
257 -3.10698 -0.435072 1.67851 -0.992404
627 -3.50498 0.0111301 1.61116 -0.598381
125 -3.66862 -0.423972 1.87609 -0.190726
47 -3.44307 -0.122809 1.39314 -0.740795
824 -3.72964 -0.24997 1.97967 -0.217597
940 -3.44367 -0.19243 2.08254 -1.08193
892 -3.36051 -0.202546 1.98867 -1.07736
589 -3.16708 -0.165181 1.86974 -1.03754
622 -3.5588 0.108555 1.80846 -0.494645
542 -3.30422 0.0663301 1.69196 -0.58998
246 -3.41062 0.0117183 1.97896 -1.0253
692 -3.0626 -0.333234 2.06249 -0.234695
813 -3.89457 -0.189415 1.65598 -0.612659
135 -3.22839 -0.353763 1.73823 -0.466391
539 -3.5133 0.112222 1.79722 -0.648555
886 -3.47158 0.205183 1.77191 -0.514646
206 -3.23349 -0.598194 1.77445 -0.548815
939 -3.79949 0.0244187 1.94037 -0.35942
769 -3.39525 -0.485017 1.75382 -0.908088
947 -3.48142 -0.547907 1.83503 -0.467497
665 -3.32672 -0.780465 1.67073 -0.74035
831 -3.59995 -0.645768 1.62323 -0.654955
517 -3.30744 -0.565798 1.6533 -0.895914
281 -3.29548 -0.658846 2.29766 -0.844993
211 -3.14435 -0.52913 1.76738 -0.765617
35 -3.93914 -0.245031 1.48545 -0.751146
999 -3.4978 -0.674346 1.90982 -0.300048
374 -3.49236 -0.854904 1.80457 -0.397496
562 -3.05347 -0.456414 1.82149 -0.507781
972 -3.93005 -0.286193 1.60001 -0.773545
912 -3.26477 -0.513732 1.67548 -0.490792
127 -3.65309 -0.839466 2.15654 -0.410755
654 -3.70387 -0.295172 1.90312 -0.282026
175 -3.05426 -0.634302 1.62661 -0.781909
207 -3.22729 -0.426359 1.66793 -0.83811
759 -3.37529 -0.595836 1.66908 -0.758289
166 -3.78014 -0.224995 1.52335 -0.750781
162 -3.62027 -0.181961 1.45781 -0.772639
335 -3.13815 -0.442025 1.76538 -0.307937
