1000 4
0 -0.08866013320707414 0.058222183833916606 0.023889872099930397 0.034270362484005466 
1 0.0003776459348149911 -0.012162925003939467 -0.05824313424689721 0.08124965088100457 
2 0.06589649222606898 0.05837168737194674 0.049092063207397556 0.037056439066114416 
3 0.006807580323990382 -0.0214209090297172 -0.06405190844245644 0.09029599689513702 
4 0.01114365036587225 -0.0016534702392718883 0.007831941590438181 0.02520286054896249 
5 0.013309303430695637 -0.017110381820570737 -0.06261504794264612 0.08633991672524703 
6 -0.0013360658605291416 -0.009910797600054153 -0.06732026568527566 0.08634039855495904 
7 -0.010911668042787983 -0.08024167297230604 0.06543294778037881 0.05531624985502773 
8 -0.011257519422275954 -0.07762116913412881 0.075346211622748 0.04649358976233478 
9 0.011795563507888546 0.03350934311349006 0.023008374198313027 0.029361375752192297 
10 0.00993942096200912 -0.013226388788224842 -0.054298200308690966 0.07394161503449954 
11 0.024779868105185857 0.03641242654325922 0.02714937702307766 0.026118207253683245 
12 -0.07772762630939972 0.05165399158206053 0.010475361725738283 0.04153828231176147 
13 0.0076159859830377576 -0.00826455751022631 -0.058723505088611475 0.07914106110381701 
14 0.00895770050676711 -0.01475826256379629 -0.06013099069389513 0.07608996651169384 
15 0.005703882009965997 -0.006837374563135695 -0.05705481113921632 0.07696916655316141 
16 0.0521309331504689 0.04135281112951286 0.03278413949142514 0.03219083631389896 
17 0.01076260973882917 0.016978176307211726 0.014275189669864664 0.017933112126084245 
18 -0.07168023187914507 0.04981455046474164 0.023018302179229164 0.037164938113935085 
19 0.012392857064101887 0.017635892941206825 0.013898951616926324 0.026873841433155004 
20 -0.06824720877977182 0.04735577059138462 0.02233280507628627 0.02991289973336483 
21 0.04821402530420564 0.047439027492508126 0.033522615171231694 0.02667099104613656 
22 0.016897721734353964 0.021121310113090156 0.023933524180691335 0.022603544727966034 
23 0.06066404371563716 0.04392593799855753 0.034251657437393834 0.02456643046241418 
24 -0.01095266205599385 -0.06553352365728592 0.06330576293972864 0.03923501283851795 
25 -0.06709940100754909 0.04332056785122635 0.018035636919722542 0.028357673889937218 
26 -0.05557314739445717 0.04338255147069702 0.019174849922107908 0.025674774027777854 
27 -0.0020852650709453926 0.010520894803266284 0.010864156777879793 0.014418234252901955 
28 0.04882578414242767 0.031108604670138783 0.02604555838252877 0.021389870429400475 
29 0.052481356180791465 0.03306400957934093 0.0319383772568117 0.021026709154631656 
30 0.008038776487158625 0.011281616008306595 0.016590051966584293 0.016384212693979706 
31 -0.05376681337414752 0.034107320018499386 0.011461629072379723 0.02706471866337699 
32 0.007694996112246854 -0.004929532791854423 -0.0489102398339926 0.06683740635240125 
33 -0.008814674137526821 -0.059056682665999206 0.056566207455126735 0.03273318020565491 
34 -0.011497783036498706 0.013225796289045797 0.011993229559149969 0.015142867087594464 
35 0.005419868309630017 0.014616081161175265 0.015555046239130729 0.018347321075664245 
36 -0.06229922534813471 0.04432801557289024 0.01491492896360648 0.03392191116752941 
37 -0.006178081319102916 0.012755213055496206 0.012567162289132317 0.012963809413273865 
38 -0.0035189556739385554 -0.0581575819340905 0.05735889435864475 0.036913520327868085 
39 -0.002071532023871056 0.003680230419421018 0.008701189094310826 0.01481100364626899 
40 -0.056052181153101135 0.0382812424757012 0.015101823265716095 0.021830314527283283 
41 0.007874535544384534 0.009575330130659733 0.018370018800164454 0.017066291324952385 
42 0.0050377530803615445 -0.015261964492437642 -0.040086026389655055 0.058507673714335615 
43 0.057674658843832216 0.040713441095461426 0.03331479462498563 0.023491468602913228 
44 0.0007192728099630387 0.004505837500562226 0.0109864539707534 0.012686160748321398 
45 0.05834826842351279 0.03519878633836444 0.036613809699445075 0.027798614417842784 
46 -0.0006498851343054701 0.005590743802872806 0.010281757531402992 0.012094498003898673 
47 -0.005723566038586323 -0.05400078625619364 0.049219732988530294 0.03318141183712111 
48 0.04102302521721765 0.02692353215918657 0.02287648454921132 0.018799447312558153 
49 0.006196000171669539 0.010660179298339012 0.017269124104351465 0.025136401401347652 
50 -0.0017448056386875446 -0.04239378418287168 0.05181945662310347 0.03107059082529355 
51 -0.00057552649108173 0.017593064015714303 0.010771216433306623 0.014114224888927501 
52 -0.011651984801414711 -0.04714888088777838 0.04899928544674675 0.03240607360986528 
53 0.00024183974157464112 0.003565811104499641 0.009389337313998904 0.013436524447449453 
54 -0.0010663602688875215 0.0029992268317036194 0.008653011465198198 0.01938447267613776 
55 0.0032642697252557393 -0.004587586151826818 -0.03648305278201872 0.04640853138654659 
56 0.013137885815569525 0.023358098089192588 0.018127376173705252 0.017096549619798937 
57 0.01064047834844003 0.01589609692847404 0.016619832439666655 0.014817553265056065 
58 0.0007772082518483682 0.009496778687853978 0.017729556876361567 0.016443713596177516 
59 -0.006494734967065691 -0.04975240913389896 0.04041318458812717 0.029597143337605453 
60 0.039995218578525005 0.033303043469794284 0.02336449942441344 0.018346003478333504 
61 -0.04117552682993409 0.03195125058020461 0.014248834878517391 0.02066087215289427 
62 0.005781663061747884 -0.012401084378240813 -0.03933554815131813 0.051919188741362365 
63 0.003405231760558641 -0.007095816463717571 -0.04294821052167339 0.05367913815774799 
64 0.003194577043192543 0.004845552562619037 0.008946319572254677 0.01427088662997307 
65 0.009777306968723445 0.01497372666835816 0.014495161708157175 0.013181640019246753 
66 0.0044583940113621665 0.003121004480135721 0.015267993469488872 0.01646714690487258 
67 0.017223577107342188 0.0237477189918374 0.018274409383553174 0.016899000262444244 
68 0.00695372999949465 0.0034165290718208884 0.00042096071821823685 0.015086715579200976 
69 -0.007334498624147679 -0.04896550770186804 0.046578310317738444 0.027254082133863718 
70 -0.004679761634428668 -0.03847747955408235 0.039087245443026594 0.0223720472735136 
71 -0.00030165149548023253 -0.035994891220850846 0.043375234307678597 0.026718424461077864 
72 -0.006228747251696382 -0.04101454673258425 0.03782722838745984 0.029066347513398854 
73 0.008697303853075402 0.006817003406829212 0.006908463340356898 0.009977925231647762 
74 0.00020310108746508226 0.0041730194005035245 0.004886968974148985 0.00992558076832329 
75 -0.0022664602263258826 -0.0014332052469536504 0.007430052951317166 0.016820497672122972 
76 0.006325700077126773 0.0031554083987429095 0.00428702481998762 0.0068800066832656465 
77 0.035742168229609045 0.027327661009489114 0.020449894029946136 0.01568754402093502 
78 0.02659937069609291 0.017710885878884867 0.00887221429120601 0.017739080805656334 
79 0.003987191023759469 0.0026655260892266405 0.004144943711446185 0.00802149310282076 
80 0.0003752473782744642 0.005880583590404474 0.00882962666645003 0.00954486916585509 
81 -0.046053651965840936 0.029849214455009626 0.01497981651830749 0.0209356777052767 
82 0.007900224932827056 0.014633063393047801 0.014553550155677478 0.012680394566300376 
83 -0.005559385710062786 -0.03901074962608117 0.03368840227903671 0.02503779951892651 
84 -0.04079180737269557 0.035307133223091786 0.014648551114311216 0.019877852249041636 
85 0.025896301553240207 0.019149278214680775 0.015579477350583834 0.011485441345569006 
86 -0.007796234333452955 -0.04209111388305129 0.03707531968939177 0.02990091557546528 
87 -0.034610897111153296 0.02646180545742553 0.011573586430192268 0.017389232294955453 
88 0.00042968157147381457 0.015209139140623048 0.011972546478004522 0.012949055067609941 
89 0.004433203503748758 0.00798667359519293 0.009991734716027646 0.009917723677320144 
90 0.00045024336330902503 0.006903731673670405 0.002613659285204509 0.011281840221554451 
91 0.0025930577956233885 0.005582430039190395 0.010402552734115864 0.010477697457448223 
92 -0.026822102503308642 0.031813704612124905 0.0162288574528054 0.02017042096002237 
93 0.004898791610679685 -0.0046322893665062485 -0.025626196052296213 0.034747518341352604 
94 4.54274310203579e-05 0.003603885712911496 0.006213010679315172 0.00889591144705015 
95 0.0010325205169634207 0.004435624616848731 0.00247412010290805 0.012955430216900989 
96 0.0347538563691128 0.021622281092176367 0.018068199436990916 0.014023439594637789 
97 -0.036024111841288786 0.02081028437147516 0.007079068595033093 0.017057453619131316 
98 0.020893063274775105 0.020875198621803478 0.012739335654224679 0.013768327455541445 
99 0.0026960737652614547 -0.010780099738261781 -0.02630784296532586 0.037894843474799454 
100 0.0038610896005449873 0.006366123707171802 0.00729478199789895 0.00869791619379344 
101 0.004685258519057105 -0.00047751433635637137 0.006483778821758333 0.009074963548694448 
102 0.012145854393610248 -0.0025806389152647595 -0.02744176216711009 0.040692876703143234 
103 0.010596017158257372 0.008729028661839777 0.012160563959085782 0.010752955710806348 
104 -0.009690373094349544 -0.03698611043870469 0.03570482122307539 0.022140738863177627 
105 0.007441448190529874 0.01875317900291918 0.018837228394763605 0.016527406504821374 
106 0.005668057737232708 -0.005030272763917587 -0.015074619891336707 0.027189769067428628 
107 0.006708228981084488 0.004299339256608875 0.005304456424900642 0.005817203186690029 
108 -0.009517155234118009 -0.02171883451313842 0.027287133306592708 0.01671332337829298 
109 0.0031401964770610266 0.005643853875847304 0.006601083729484598 0.007876500920277604 
110 -0.0043474570688320805 0.0035191696838266064 0.0018014573531988183 0.007753597786972869 
111 0.0013909237952809792 0.006710957033845653 0.006107480203883641 0.008425184513674211 
112 0.004714844734466216 0.01487291204887438 0.011014314135987665 0.01112382913315836 
113 -0.005160878584564779 -0.038357409215897705 0.036039779766784845 0.022138704361958677 
114 0.006430875020294579 0.009578967409506253 0.012003187492858046 0.01107671556276845 
115 0.0006788844827202797 0.003611564110129786 -0.0003389965915480159 0.0127173620923767 
116 -0.02737996136438155 0.021312678383453826 0.00945042316879155 0.011595789731646156 
117 0.022410137803742052 0.014307194002227436 0.012743411105484968 0.008412765339595082 
118 0.02630714541090207 0.020026328958662 0.014776021592590624 0.011024471435923132 
119 0.002793096169080042 0.003972756274308561 0.005879609841550301 0.007081543128790621 
120 -0.0077942331300319126 -0.03457324010841847 0.03454002243315141 0.021606984723962823 
121 0.018571367904462812 0.009961235962951476 0.012896126163207004 0.012723453789123016 
122 0.023146274177269544 0.016991755711751527 0.014465229307374827 0.011290615900412592 
123 0.002788270756254474 0.00945131944999111 0.011198511902541909 0.011471469796751104 
124 0.001967001933638755 0.0014898369497745032 0.00035797710169785374 0.010377165500572338 
125 -0.0028695514188583782 -0.02096674120563904 0.018112184549543883 0.011524106104344423 
126 2.0858500704452068e-05 -0.026600567406827532 0.027705741712938343 0.019911911847668655 
127 0.0032181496362037824 6.0165076797078466e-05 -0.00256931452001728 0.01107484340863896 
128 1.419647668114882e-05 -0.0010976597006583085 0.008969076510383192 0.00712440286652169 
129 0.029897074346542225 0.018727568188272058 0.016301994335601453 0.011224504006953228 
130 0.002985816404853115 -0.0007377406157865573 0.004888088774047866 0.007027704276476505 
131 0.004590356592277202 -0.004585331223032545 -0.025234156000180523 0.031350974718174704 
132 -0.0015657325584260038 -0.0035004467095352985 -0.028357856566398224 0.038090488254428 
133 0.006370862138534063 -0.007824142887458746 -0.02143791670061163 0.0362305139399807 
134 0.00473076088178001 -0.005265582458795738 -0.028282679477960895 0.034302992371400325 
135 0.012145170989650731 0.012750850520242525 0.012742906199841926 0.011195020415791498 
136 0.0032073990891481868 0.008403135556783686 0.008484775589269212 0.007404504357402984 
137 0.02202169755805244 0.015148788460932046 0.010144921915721304 0.00952819036104018 
138 -0.005450848588580226 -0.03746081596519224 0.03359514214516009 0.019602330131251247 
139 0.0034150862232223 -0.004014080898012013 -0.023202439005516485 0.030938813373702773 
140 -0.03523746218383751 0.02315558115348637 0.0060511040179493025 0.016895592405093536 
141 0.002538788005518117 0.0008393363260336461 0.003783174620729159 0.006320041915425992 
142 -0.0323169519927647 0.018745423861509868 0.012893203914438343 0.014909832347591445 
143 0.00437787444112971 0.008662972550866671 0.0074805125684683366 0.009502068948838451 
144 -0.03249447114265703 0.028828433259176642 0.011575111898358876 0.021800720227393922 
145 0.0040161177562737125 0.007559826939583648 0.010872596248269509 0.010901784554908181 
146 0.006629403429679741 0.011496153284635565 0.01045485864321954 0.009947594719145287 
147 0.01662635033185896 0.006736458348309142 0.014400538859963749 0.010231257227735333 
148 -0.005126010776266424 0.0045860347650769455 0.006304260881767964 0.008419004871968373 
149 0.0028883829903471408 0.004009801036512578 0.002648427826347334 0.004634597351761106 
150 0.0042546118330601445 -0.0057047316465721224 -0.01830344229800929 0.024361760548803423 
151 -0.00575727616962027 -0.030808867325575275 0.029925287370754505 0.01728323725784843 
152 0.00978756100453785 0.00915666026431933 0.013094323725179012 0.011580617736152498 
153 0.0021771083407667842 -0.006788409886420948 0.0013024909316348694 0.012226738627558168 
154 0.002000203307218114 0.001379250776338466 0.0020939080511219723 0.004171736669245171 
155 0.033261019271033275 0.024863464027461944 0.018731578048263732 0.013111761285033953 
156 -0.02807374774230472 0.011565274253257747 0.0067264174379107885 0.018354823945468127 
157 0.003144046310200301 0.0021922875603273533 0.0036487841265958284 0.005934505721513345 
158 -0.0047702822489488084 -0.025618475813474206 0.026085375288928632 0.01470029153331511 
159 -0.00492834005112813 0.008267180158895363 0.004251638678572148 0.00873659743740118 
160 0.0006233316460232888 0.001091117770515872 0.006844991953835444 0.006229052736480908 
161 0.0006325756592785916 -0.0028468044185983653 0.007448612748321011 0.008810847583713146 
162 0.023163948284973656 0.013275003399446435 0.005360787700226791 0.015285078463586607 
163 0.006984145381016887 0.009431004857532345 0.010109771657307313 0.009165193348771703 
164 0.004480871924670336 -0.0032191813456554186 -0.016853897872683807 0.02286127784245332 
165 0.007042490873852444 0.0029731086613652776 0.007866039128511143 0.007709151324972556 
166 0.01047756465056449 0.017393475306906984 0.012472831704691151 0.010542311356759742 
167 0.0010556478591795524 0.005261218212585163 0.004488116995470517 0.008036323935866974 
168 0.00032498252260626504 -0.0013218159734152228 -0.010408131710152677 0.016290120181059634 
169 0.006414499333828782 0.0068666199506486085 0.007912208219785203 0.009811084288290653 
170 -0.005111581766087851 -0.028474147304340638 0.024645028508500783 0.015523769295077454 
171 0.0034755557168520577 -0.006649289549419273 -0.025141760418891577 0.03083509142258009 
172 0.003947722875341632 0.001649221950121484 -0.001842629773703718 0.014013430834395723 
173 -0.028140013569667683 0.017435375611980008 0.011328827096333385 0.013338395222062586 
174 -0.0017682229004168648 -0.0012598233998140345 -0.017847736636557473 0.023607956971306708 
175 -0.0029015898526185925 0.0015909014174933203 -0.017743016718548894 0.02688531825634184 
176 -0.028480232796700228 0.01872924107692395 0.0076605740323042746 0.01008518318785397 
177 0.02673740596965718 0.01807471180419167 0.015193895497999365 0.011828859973686904 
178 -0.027741519214326972 0.024729817492473622 0.010450506242772507 0.013622902585596227 
179 -0.004209012267698853 -0.024536668634391884 0.024032486889254454 0.014371375554988387 
180 0.020847959771467143 0.014067808839965504 0.010130229916802753 0.009007390586130338 
181 0.001835966434650884 0.0002366519617827013 0.0033624166399267314 0.005997945271148243 
182 -0.004068155921470062 -0.026987374083037693 0.022533273066396967 0.019518820788356837 
183 -0.0024669744180878996 -0.0290350593205659 0.021568156503131125 0.020291170375932626 
184 0.012437681734400807 0.007286078880891274 0.009662715010441848 0.0076796109577734 
185 -0.02082289267884677 0.01330349436172998 0.0023065353715877573 0.010988620823176526 
186 0.0036397433599750706 -0.005986634683468845 -0.021043288782889493 0.026614793123260903 
187 0.005352519554613025 -0.0010345200489400215 -0.013517176417252221 0.01838617658166241 
188 -0.021410923463637575 0.014394474880059923 0.0049110747628876485 0.009463329938249833 
189 0.0030066382536628185 -0.004660513834779602 -0.025654386714218682 0.030722968710925044 
190 -0.002969533521171351 0.006171290529483859 0.007004822158917111 0.008575761999452449 
191 0.0037462766555539616 0.006539965202252018 0.0038809458373758455 0.009407962764129876 
192 0.02100564061538781 0.020923002010259345 0.014365077873842396 0.011584391746290373 
193 0.0009546207036274572 0.003592980735167514 0.004476986748752439 0.0055293979915826625 
194 0.01723706636081904 0.013391702254781136 0.010074383656106049 0.007772106735978858 
195 0.025412457328612137 0.013637292150623016 0.016767945031626017 0.010883444067578126 
196 -0.005221775085273868 0.004655425330301399 -0.0006697936802055234 0.010486500500982338 
197 -0.0032813410953446034 -0.02685551314364246 0.028618616514818646 0.016984578697357696 
198 0.0037352544820791196 -0.007329208327976373 -0.019405847182877096 0.02769189862428811 
199 0.00197706960349913 0.006251181037377266 0.007715722792021596 0.006860840474104728 
200 -0.02211869526157995 0.01792334923311409 0.005306802511832925 0.012672599750074235 
201 -0.0008772423744038005 -0.0009262177507889762 0.00744062141512242 0.0073099187054955555 
202 -0.0015894919589349871 0.002994357930881312 0.0031003465541023113 0.004876811828051996 
203 -0.002480755200133324 0.0046247295108112554 0.003758032389614881 0.006521915213280583 
204 0.002679145055711785 0.0016000865151560258 0.003465650032903432 0.004338052460214782 
205 -0.02094194505535293 0.015562848502324086 0.006611844044832878 0.008191458340757001 
206 0.005560612499565039 0.012100351761317893 0.007332085452935263 0.013492587757894641 
207 0.001857388263741945 -0.008760143634598686 -0.01591876495104806 0.026906258631506086 
208 -0.013505217303776799 0.015337767596875095 0.007286671765834876 0.009766638467989777 
209 0.0077492321577851695 0.0018882996316423558 -0.012022189320461955 0.01899131995860295 
210 -0.0013777325909848273 -0.0016619783853750745 -0.020400463567867008 0.02643308610635093 
211 0.019715219304316956 0.015848748014952778 0.009616730073284669 0.010372416213564429 
212 0.002854303305472969 -0.009885632508098567 -0.014031715397835817 0.02769578455127149 
213 0.0029977522194977735 0.005600255662751988 0.00239905139132641 0.00803062453460847 
214 0.005374808853631426 0.011401608840316858 0.007688315968420242 0.009328764259520573 
215 0.020001245351438386 0.013370259574632148 0.010794570483280568 0.007702405054846194 
216 0.003049958621660775 0.001333693439419412 0.002445899240725383 0.00465219139124776 
217 -0.0017034262867414516 0.0031658121381252582 0.005068878359969449 0.005883999645676046 
218 -0.02349541790042119 0.013871763150124951 0.005955019774039315 0.009001395183776155 
219 0.016891608757882988 0.007956602194375781 0.014012502305656057 0.00949133468403614 
220 0.0009000004530435255 -0.003063518468558467 -0.016938957917365577 0.02137244333012875 
221 0.026055361392491008 0.018948916723123297 0.015243987786948018 0.011531776759596345 
222 0.0038727690620069663 0.004390411992875144 0.00839617921520994 0.007302413666447689 
223 0.0026963516055774216 -0.0018382147337404095 -0.013115745476038453 0.01561402287113602 
224 0.0053237701525702605 0.007086627301305848 0.009458226978543255 0.007373251451456917 
225 0.0019349236325399031 0.004189089522446418 0.0030661565005814435 0.008415804973331121 
226 -0.002428510343912624 -0.01979030742131006 0.019731859639224938 0.012473685643533853 
227 0.0024897332733959223 -0.005283959897997928 -0.02279860105482368 0.027608974054868597 
228 -0.0031106708757670993 -0.023590629446996827 0.021440541978538983 0.011729428203466829 
229 -0.021798433692681436 0.010877356675407334 0.00436291273574541 0.014769687324181999 
230 0.020864063017861163 0.015211556345054696 0.011713314701846608 0.008266301428667234 
231 -0.006529335978016275 -0.013323091797122905 0.013438406696236123 0.009567491656226706 
232 0.0020351127626119215 -0.005484782372983228 -0.021898666393058062 0.027797815011836976 
233 0.005091311206831686 0.007531179445528765 0.0014335952122635442 0.011701476294712817 
234 0.01666113422131808 0.012424802962054097 0.015662606998131788 0.01115203752575474 
235 -0.00023311987652745115 0.0014042252978594798 0.0034446180062774508 0.004122664048155149 
236 -0.015122409131013514 0.008228625046197084 0.0014175188651634125 0.009493907279897573 
237 0.00026626290661995036 0.007425918424009155 0.007968190322984176 0.008198083252472822 
238 0.011634557227029278 0.008700488050451918 0.004790335987393981 0.005921083738156538 
239 -0.00226841551432117 -0.028017986779112526 0.026996658635886104 0.016180810646414603 
240 0.002220839425847127 0.00460436601751892 0.004356764618705055 0.00526405453798463 
241 0.0021594284168593536 -0.0001789645856862769 0.007132171736370098 0.005570825437517932 
242 -0.00115797602475329 0.00287600748626207 0.00362051367086387 0.003838367818499092 
243 0.005483103553841278 0.009801539804830136 0.00794237865157614 0.00973120005509238 
244 0.0024363455257029754 0.003093314265187516 0.0036463585827715013 0.005104234678705716 
245 0.0026270686011125124 0.003568866802401584 0.0029668788851923587 0.005819744039201268 
246 0.01767472156320127 0.013882453483946575 0.010237897508864497 0.007404039284814887 
247 0.001111156416711948 0.0020358949456219474 0.002927534765509729 0.007122988773702545 
248 -0.010258128243296359 0.015440840135803212 0.006551686931754569 0.009173357128134989 
249 -0.002552632297424085 -0.020970063167945585 0.019754978435445433 0.01170007919595991 
250 0.0046088526348596545 -0.0035657126737626862 -0.02130404667529059 0.026077609582984367 
251 0.017674469587504335 0.011708855357682624 0.009077374141560506 0.007304080053179941 
252 0.0026387432633909916 0.0039225973875506425 0.0008306888410514278 0.00764976535421666 
253 -0.0016583254748365715 -0.01996808367228638 0.021147262864134566 0.011949026048060075 
254 -0.007851290625468996 0.014722675694824536 0.008607134208393387 0.009023880843624028 
255 0.004558292905143366 -8.851247574961173e-05 -0.010850238366073187 0.01596765518910943 
256 0.0038370048290264354 0.0057219037838635075 0.004836263501289472 0.003674789183384165 
257 0.004678859205696973 0.008561810657671472 0.006528091740815841 0.005659836059945115 
258 0.01926165588905151 0.014532604665994129 0.01157433141237495 0.009254125816986874 
259 -0.0011279929253818046 0.002899266270859229 0.0036125194013416338 0.0035922132894372232 
260 0.0017237795275086647 -0.002474442532442522 -0.016919666974714212 0.019417171466433788 
261 0.008974943876722614 0.005047849396256105 0.0028601422593225825 0.005238496930529734 
262 -0.02094490067170356 0.01344770922485339 0.0052210335426562905 0.009303166964001169 
263 -0.01933305012631372 0.009165971996167348 0.007393770961348707 0.009155622437640048 
264 0.003717084397625887 -0.0025666349492349436 -0.004480655274037123 0.013991435880649163 
265 0.003271373648179298 -0.0019976800571251774 0.006490824644376435 0.014057525460218264 
266 0.0028833077117705096 0.003457627301449278 0.007464539682683215 0.006055190299699123 
267 -0.0025813887758400077 -0.01627524521519823 0.014336715816148381 0.0091446784446796 
268 -0.009129151540706544 0.006468244014231299 0.002372576709974733 0.0054239945942945655 
269 0.003150042369016803 -0.002964829894210581 -0.01216019996641356 0.017012943669659813 
270 0.004003666129543805 -0.0029849171966414233 -0.01456018250729897 0.01875985790787815 
271 -0.0005587119028410653 -0.0006990645369238796 -0.012305384696976491 0.016530762767729773 
272 0.0003213550428337989 0.0026490484810325625 0.004384147151445735 0.005967458615275761 
273 0.00286912785987033 0.0033691954970418185 0.004157380728536902 0.004078916335194493 
274 -0.0012429839315059592 0.0021775686624245236 0.0034960807031960387 0.003484761811909977 
275 0.0014136339971485862 0.0031717114112221625 0.000877878717903331 0.005239395433357813 
276 0.0006646417659245599 0.001971152154849404 0.0042985037747146175 0.004713470529541793 
277 0.0085177361984099 0.006560206097893725 0.004784572979525265 0.003396908580486056 
278 0.0012727802090520485 -0.0010618395904901752 -0.0034993125171917843 0.009261571061185712 
279 0.001038719015788412 0.0018228081756870471 0.0030108414068155116 0.004452231454701809 
280 0.008822064851348324 0.011185213525682162 0.008209319568688436 0.006480568644456143 
281 0.00830585925130917 0.006328623653327729 0.006487043274251584 0.004325617419794763 
282 -0.009036756734209625 -0.021443967675574327 0.024830683669489442 0.0161281350356411 
283 0.0129522399616663 0.009784855133593628 0.006831119434071136 0.004911333127641075 
284 0.0028366289416852414 0.0005239603399203632 0.0007811674488619964 0.006405915919237425 
285 0.0005121825584038622 0.0007810571273696983 -0.013975583931157387 0.022024781404650185 
286 -0.0007924000383617986 0.001466040846888226 0.0038175242274902906 0.0038153806343457853 
287 0.012007083323565598 0.007389152804763266 0.005108475124754847 0.006364696392885642 
288 0.004820978577015599 -0.0038441659718643825 -0.01781232195448425 0.023814118050447374 
289 0.007941194723118196 0.011405018506288273 0.009104270033693967 0.008618764783155295 
290 -0.003552625725307957 0.005942824829430906 0.0026130907854922236 0.005914488269524339 
291 -0.0017434150592449725 -0.006741835949435585 0.011916372961928025 0.00787883716770618 
292 0.004601639774959247 -0.0011147415899166147 -0.012947884290193537 0.02009779070561272 
293 -0.002041267733099893 0.0037706357343240335 0.004361029786629772 0.004957100346161673 
294 0.016097831395235247 0.010837006197504705 0.00905919635058597 0.006524641440679354 
295 -0.00015986322344785698 -0.0032466588521668977 0.006443740263189941 0.004613767755748133 
296 -0.01472740947016696 0.010102277674624889 0.002403416312610651 0.008438953505664487 
297 0.010221494457371524 0.008183468482785831 0.006421644262513205 0.004647786184881541 
298 0.0017793761539237442 0.0021111362130975505 0.006897497521366827 0.006965856765750257 
299 0.01346530753807523 0.017443381845246082 0.010584723848096887 0.01205041066073046 
300 -0.022561084039277837 0.0170779545513974 0.007478372296768785 0.009996680300014013 
301 -0.002992688168702799 -0.013059701476203663 0.013309564746360686 0.007993846769054106 
302 -0.0037449542415641224 -0.020805237835558047 0.019512088592088563 0.010768061689657726 
303 -0.010250670138263506 0.0073783914851271995 0.0024746837859078792 0.0049162583126507765 
304 0.002210930029932956 0.009545295758595489 0.007695095646752149 0.007413339776575174 
305 0.0029793457934141412 0.004829955759625641 0.000917716776321463 0.011871647502281582 
306 0.013527629057864723 0.009855893858711346 0.007127277265853066 0.006125088008501097 
307 -0.025446028670921033 0.015361182353937965 0.00982779045529892 0.011607114063090285 
308 -0.013641051329495484 0.008738390779847255 0.002594117571772762 0.005106810040080584 
309 0.004056822869475211 0.0005508146096017004 -0.012032287188939535 0.0177871413661864 
310 0.003778768072778882 -0.007001152775492401 -0.017935567027981048 0.027664482684856436 
311 0.001433799997127498 -0.0016154311512345874 -0.011923225760517594 0.01623886885267959 
312 0.005100673631592848 0.0076230426635164016 0.0061450371620318115 0.005324669226824823 
313 0.0022584391824627364 -0.0035654237802748715 -0.01765832968772482 0.020869890684436405 
314 0.006379636149108534 0.004157262654346033 0.004775149334756295 0.005078050969264752 
315 0.004367343339906411 0.0036234138543278765 0.004680436516133758 0.00429048613136885 
316 -0.007023759183661248 -0.012822948972486897 0.015194003722559071 0.00986745505342758 
317 0.0007383984861836028 0.0008526383276225242 0.005030349689327385 0.004850428448212556 
318 0.0012984839697030924 0.0004699838482235151 -0.00566208691841308 0.009455529051108228 
319 -0.01516780615480013 0.01199320794497921 0.004858647287614298 0.007161614124186291 
320 -0.01498992580832665 0.0091592803908384 -0.0016587777572676045 0.011358086692794181 
321 0.0032165882692069153 0.0012951649967931085 0.00245235954483516 0.004559885791185272 
322 -0.020024556115292334 0.012658106114864981 0.004979330444676662 0.007438428773855725 
323 -0.01794096260526177 0.011234313929183094 0.004305295731063534 0.007387024617235826 
324 0.0008241368588320625 0.003592331073151105 0.003944995127326057 0.004631313888183413 
325 0.013580361000502186 0.008419836387289801 0.002878221341882841 0.009923832432401582 
326 0.0034474213593924923 -0.0028333817253950776 -0.01283270627316348 0.016622440259729906 
327 -0.0008821681365392519 0.0009852017776451813 0.0030683824860558173 0.0030559680462914182 
328 -0.002968512962997864 0.0011723687622865408 -0.012638069445155758 0.01862448695812539 
329 0.0017364144023333877 0.0006618653565872956 0.002316428899237114 0.0035079372125208243 
330 -1.0760252993649063e-05 -0.0018522519455058605 0.0049877705357838755 0.00508263719425444 
331 0.000832204851051285 0.0014615440088084916 0.0004947353610518166 0.0046851038914630634 
332 -0.00020334931156649065 0.001959032816035733 0.0031233046929628762 0.003487152287694247 
333 0.0017193146242481196 0.0007501605966183933 0.0014795859353541954 0.0022829268043217405 
334 0.00173086484230169 0.001653218036920765 0.002862260266718693 0.0028202779368420032 
335 0.01218902213303127 0.00910274790852795 0.0074157793365319455 0.005315739000509632 
336 0.012667057177646664 0.006804123765293455 0.009128350395102685 0.0068601596500758805 
337 0.0027571285918723838 0.003634328199074931 0.005305942120141221 0.005079934654296199 
338 0.0017522538657483112 0.00978574125542671 0.006581552943511008 0.0061486976089341885 
339 -0.012205472536075056 0.012513746049246245 0.005600347046706447 0.0071244024356889295 
340 -0.020536850902532024 0.013794742433828356 0.003387621533339702 0.010956690546715922 
341 5.7383070824054354e-05 0.0008065188892697122 0.002030556033157418 0.003033270766172668 
342 0.003687310309438188 0.0008461306740126339 0.00047040477443691727 0.0053590946085999595 
343 0.001999747701355416 0.0010439587479080476 0.0008994907889620139 0.0040243553637866036 
344 -0.0008670087481046509 0.0033499465058758077 0.002219756445894041 0.004290494142115736 
345 0.0008681505134272594 -0.0008196714051606921 0.007066227997348896 0.006738761314885522 
346 0.006727907901324764 0.0037226230440068576 0.004303452088836975 0.005647069209192648 
347 0.0007563173669768842 0.00032471729897750923 0.0018416846653222236 0.0044173546498940735 
348 0.0016368321362678078 0.0055782336977554855 0.004072415091387659 0.004429684669161485 
349 -0.0018288793022409992 -0.011918506774505969 0.012021422756916707 0.008252031377565064 
350 -0.001705745757052105 0.003367769306221357 0.002720117590216457 0.0037066720825607645 
351 0.0008809126701461008 0.003026061650341512 0.0014209972108093771 0.004512382901458117 
352 0.002585229329322016 0.0035908770570774384 0.00528815030646158 0.005944879014193175 
353 0.00571402297796891 0.002219914602269294 -0.0013276690808875931 0.00927234088547047 
354 -0.01910780359485354 0.015953106434881972 0.007498816861523102 0.010609639712510046 
355 0.0020101700584057975 0.0017699035926354828 0.0008086648920893552 0.005285293932833879 
356 -0.011739843235490231 0.00788487915083685 0.0034983401803484583 0.004919519168173487 
357 0.02322350053544779 0.017734813502887914 0.01312638608114444 0.008990261793454002 
358 0.0030236220057487063 0.0016872019078516183 0.0030625516541422895 0.005239126012490233 
359 0.002477406238852094 -0.0019199697732916788 -0.012387395293993216 0.015687260399229054 
360 0.0017854256511461355 -0.0031297961892589564 0.008717116033750088 0.007906916432754036 
361 -0.0002495838444607463 0.0017325820607707902 0.002391272533676956 0.003445175191623868 
362 0.0008391214920749733 0.005222490764206559 0.004730299793510141 0.005296449140965203 
363 -0.010110921102298859 0.006293162176409892 0.0016270293580133103 0.004434301206302804 
364 0.0013000814793067872 0.0006800022713394419 0.0012641352612304815 0.001954903162645995 
365 0.018028452217529585 0.013310567090540341 0.010269836272328216 0.006958244286993577 
366 0.015834514039813247 0.012230361634413297 0.008862981434007005 0.006606365707392209 
367 0.00018651747594665237 0.001615363677357236 0.0015476502373224516 0.006071746059242082 
368 -0.01524697101588239 0.0087880014604836 -0.0002868871861783893 0.010300397149837028 
369 -0.011015938746937078 0.007094098180531217 0.0027866664240531833 0.003583381459148117 
370 0.0012646616278198662 0.0008126875850103142 0.00277263105205388 0.0038204328061874834 
371 -0.00027023620794762313 -0.0016921331959279685 -0.008354620547666763 0.011101492290289535 
372 -0.0066332363395181565 0.007235803001178907 0.0028807066928466696 0.005307762007398119 
373 0.005842414799563964 0.0012888896782505526 0.005071775845812409 0.0036213577189656383 
374 0.0005203273543870243 0.0011691100470029732 0.0026426274289587767 0.002132723898277443 
375 -0.002893483260962584 -0.016376660805537367 0.01605200188028323 0.010348249047693572 
376 -0.0047493962317306185 -0.007958072292682987 0.011392214186569431 0.006851360539563541 
377 0.00025115238985209444 0.0007435550306972811 0.0006857734786712156 0.002123619139638941 
378 0.0029941294017309596 0.004002506967726458 0.004608736819791211 0.0048716634399514755 
379 -0.012961310488650563 0.010582595606917997 0.004905179426165691 0.005876293012273584 
380 0.0012889811931272286 0.002343700770288218 0.002880175007411845 0.0046252062450012925 
381 0.00026180160544132493 0.0026174848810923547 0.0038915596252626977 0.0045366100152720145 
382 0.006705953819559582 0.00719009161669069 0.006097270073171434 0.0068424960234059525 
383 0.00029356156089323156 0.008956867303143289 0.0060592999698999 0.007559062718862609 
384 0.002821920413512365 0.0014779418494058469 0.002478043286975666 0.0031599913768518596 
385 0.0020335460043767323 -0.0005456339220065331 -0.005882253439589659 0.00901196758387789 
386 0.0077709866184365005 0.009318003963744593 0.006366695254603536 0.005714382964501991 
387 0.00024403929243702502 -0.0008031421799829351 0.004407291928105927 0.0042003612275086435 
388 0.001224657179054785 0.004752868624424628 0.00487960512100027 0.005357542586922454 
389 0.0007110502121195887 0.0014880337768764956 0.0031849111030140885 0.004151821322224253 
390 0.0007556215655305053 0.0018445124845020606 0.001479085734187447 0.004202457167935187 
391 -0.0012243747336152303 0.003171514254854678 0.002417370098064659 0.0058914005663925975 
392 0.001411489434720307 0.0012547594391740277 -0.001603130902532205 0.008085111195065957 
393 0.009512814522066128 0.0067501505867049606 0.003968722844029638 0.004527246563950148 
394 -0.019619703832363968 0.013339794014848633 0.005687053685431963 0.008817287336676721 
395 0.00233159422339651 -0.002724068734368152 -0.012118674820383228 0.015530028099604876 
396 0.00102194369677054 -0.010841872815369948 0.013950907351407981 0.007675064749536245 
397 0.02297427204669775 0.01810748492498336 0.013677677545163427 0.008972352898855486 
398 -0.006259135177668883 0.0059586180674992655 0.004861912530698594 0.006316431552847096 
399 0.01085789517721379 0.008777750634239006 0.005769032488837358 0.0054954846721101906 
400 0.005008807161607199 0.0034888577853360464 0.003975341806372203 0.0044679353308495606 
401 0.010843384833559526 0.004034342816806597 -0.004219625070274566 0.0137863852438131 
402 0.0012436925869918618 -0.001203551983341856 -0.005064639072251031 0.006685737046354366 
403 0.0013433730614362 0.002668536465768626 0.004926522820302055 0.004575718165117416 
404 -0.011169206408400379 0.007394088117406934 0.0032995674321625377 0.0037713662262784642 
405 -0.014456297752198777 0.009702610018563962 0.0004181991474028298 0.010404837797627235 
406 0.004412014861236499 0.0021574211419177853 0.0025078029011851685 0.0037254528450963017 
407 -0.016712233325303683 0.012496841609431418 0.005804743709509755 0.007688860651142262 
408 0.0175971189243475 0.012389352471206094 0.008848022630315623 0.006857735304053129 
409 0.0002327350933983312 -0.017118502785362668 0.018205160756399788 0.011078242835933151 
410 0.0005109870706942332 -0.003473455407490762 -0.0009079893439593439 0.009674112756726963 
411 -0.005788952924394859 0.011033722900048663 0.005117319362813191 0.005710948765482148 
412 -0.0216289838153446 0.01420116962958427 0.004760439282745204 0.008638153741408855 
413 0.0005305029938890358 0.004505292769831994 0.0038646502447784287 0.005099007387707089 
414 -0.017196545036184098 0.014305840583492938 0.005170261398998365 0.007911359656961289 
415 -0.016053424359738794 0.011511984818446444 0.0052383555343901165 0.006028456505697235 
416 -0.0016350847060838576 0.00017574336411072675 -0.010148867946161865 0.013536593055898327 
417 0.0015033200327277051 0.0013233511022554124 0.0005230078669567613 0.00918983877933657 
418 0.013641377165396635 0.008122100296276472 0.009301634230281797 0.006112225412667473 
419 -0.00273631269180407 -0.016236242441914087 0.014297047541896491 0.009078575209860733 
420 0.002240967989265795 0.0008459389793407843 0.002734460261956385 0.004784359281724376 
421 0.0002975394879112699 0.0018875410778985305 0.0013379801730808753 0.002530639294442415 
422 0.0075362941384770855 0.00578353117116272 0.004183851278543337 0.0031611644289522307 
423 -0.013532891124177965 0.010738374536859756 0.004991308186144006 0.006600115739934267 
424 0.0006160745985865554 0.0024482311860275128 0.0026888264749148913 0.0033006172986349393 
425 -0.014527167847079456 0.010893611305189213 0.004664628687917894 0.006163326888664894 
426 0.0060358754568899985 0.005422055249930703 0.004568522580120998 0.0040929476499401195 
427 0.003136381456076806 -0.00916011022670484 0.008179871311876826 0.011861167508995204 
428 -0.011086322761025717 0.007777793198331236 0.0016186755503225139 0.005532482918840901 
429 0.005881449560783556 0.0036957863433907147 0.0033107319343100906 0.0023239724936703955 
430 0.013314188372676205 0.00979943912672512 0.007598653069868718 0.005651442021970553 
431 0.01073807317921746 0.007956422667310026 0.005189909666508562 0.004815893070752228 
432 0.01113410084577278 0.008009697884160075 0.006461208795621356 0.00447151271729312 
433 0.007305747640039491 0.0051272302641447495 0.00389200108926473 0.0038606725011801762 
434 -0.0029712915572066884 0.007320567323076493 0.003885817949354535 0.004632588890300103 
435 0.0008388016620414581 -0.0028832749128256067 0.008894106422213144 0.007112878195670087 
436 -0.0017126544378289847 -0.002909225840280372 0.006562412825037668 0.005356650423536674 
437 0.002840107543221371 0.005510843957197902 0.004736929988730137 0.004608880222239503 
438 -0.0035519616964436018 0.0003281491029518093 -0.00664469675129397 0.013156816088971894 
439 0.007169470203005359 0.0051349550359152 0.0038802615524142557 0.0028216740699544803 
440 0.0031865159433156136 0.0034668710694360874 0.004680233975403402 0.00512749428502955 
441 -0.001995748937456369 -0.0050418559382947896 0.005849882761565787 0.003393376403100224 
442 -0.01718590060214004 0.0111510202829383 0.0036927115565919557 0.0070318441843959245 
443 -0.003088949766607162 -0.01803241161989916 0.016611749148856325 0.009899835264496521 
444 0.0021474578659806537 0.0014040735098548205 0.002608342413725856 0.0048872343740213415 
445 0.006670267517522533 0.006293029353300506 0.006207751959025199 0.0050979003356754074 
446 0.0006723629780381476 -0.0019893995279121365 -0.011009197935397891 0.013362219622400673 
447 0.007225669335718281 0.006998638320688466 0.005358253563946547 0.0038407726503846954 
448 -0.006909408161353021 0.0021262083053748258 0.006273581194779386 0.0052997900866883505 
449 -0.014511205102513906 0.009502617896042374 0.0023178136084649535 0.006527909868650653 
450 0.0021585059102851123 0.0005492749050967172 0.0015427017984820332 0.0029130262797130617 
451 0.0012762607924658217 -0.003907146427746763 -0.01288080099931442 0.016596632558992526 
452 0.001160859853175958 0.0012921584215834121 0.003127093827053439 0.0034931428635118704 
453 -0.00042695253555299147 0.0021469550909080965 0.002742845334228175 0.0028428346805836283 
454 -0.010046871734209687 0.0087370425561696 0.002639004681353007 0.005831408969916333 
455 0.008488452941731523 0.0054206631964213966 0.004693812853516719 0.0030361556037477814 
456 0.0054380321025822 0.003115258255302984 0.0038382553222210893 0.0024053920418816255 
457 -0.00993877305456786 0.007637886353249021 -0.0008892490395429738 0.009041629927599893 
458 -0.014314057621844086 0.009932276042203881 0.0038678488829383237 0.005404452095461471 
459 0.004223108628114639 0.007064129009731103 0.005818140939845082 0.004793244982847881 
460 0.005920065199552789 0.005724587979340713 0.0038603873138000075 0.005604807843786962 
461 0.002982149429842552 0.0061934517166988825 0.007250542052870687 0.006139296503046041 
462 -0.0005423127091722357 -0.010723365390171633 0.0114880332797079 0.006699718834726764 
463 -0.013414162818739849 0.008720808391376905 -0.0012355650370564355 0.010633533779684217 
464 -0.0006173008134194629 0.002577020104895752 0.0030196501160430246 0.0031626700608399123 
465 0.00955807867364496 0.008976318795174047 0.005917595072075034 0.004459895471026477 
466 0.004942670617031421 0.008442192486399302 0.005446559677957097 0.004300791166639089 
467 0.0014341607115657964 -0.0029985492870040834 -0.013379094419696301 0.016489257640345416 
468 0.016682196530752775 0.011391243773075306 0.00870190667354818 0.0058655318989441945 
469 0.0009186157362764331 -0.0015643525108572256 0.00289133807812431 0.002861837698684695 
470 0.00785013620486204 0.006629440595369319 0.005167438159853829 0.003724977242379839 
471 -0.010230044470515134 0.0061828787224303015 0.002430684619148674 0.0041062691226477375 
472 0.0014860314605047622 0.0025147665037761353 0.0016139120304893319 0.002628944553263533 
473 0.005274787765576363 0.005990164105884633 0.0042640876814559825 0.005830655765350221 
474 0.0030150562616608582 0.0033106930957938004 0.001086701981999422 0.007227907219175499 
475 -0.0016577706326075033 -0.014298479820006685 0.013343543134302928 0.0077942330680477335 
476 0.002500332494766817 0.0010826715915306733 -0.0008796876586107156 0.008120597520708123 
477 0.0008593612111622344 -0.00016099861276243496 0.005906112065356306 0.004652772414150762 
478 0.0018042760465397298 -0.00311668196574296 -0.015780460875859516 0.019957321053847385 
479 -0.0007158027767510792 0.0013112555145312129 0.003418133018200578 0.0034985717784065313 
480 -0.001913044471901822 -0.01392721395096284 0.011787884396697586 0.007040113452551724 
481 0.008413309275955443 0.001540950393695587 0.00690658922262556 0.006440079100172958 
482 -0.009876454318627643 -0.010599969885933484 0.015435610462745936 0.011217442736264897 
483 0.0045242835841414475 0.007560540769672266 0.005476695382256152 0.007244182983501575 
484 0.0017238247164660025 -0.0026865564636894194 -0.014957944992071797 0.018172111146717244 
485 -0.0003221966950205218 -0.0047180819619145175 0.00769138066187017 0.005020196601723723 
486 0.001799245436027851 -0.002213234702861529 -0.009943283507576155 0.012770060601779796 
487 -0.016399529951905963 0.011782423668264576 0.004945094666108173 0.006653934682315014 
488 0.008814719552896344 0.007550108578841211 0.00598121746775492 0.004191775304016587 
489 -0.0006954778533422826 -0.009390234009414649 0.01284646464708836 0.008112560311904389 
490 -0.010852820958991333 0.006262310698473138 -0.0012776885133457048 0.00836955287856569 
491 0.015218900765162264 0.011788880093953683 0.00924500829868248 0.006243089494104967 
492 -0.0021000097300144043 -0.014311144988469741 0.012724551004627518 0.007151322334649013 
493 0.0017277340095572318 -0.0017608960876462608 -0.014400222622793526 0.017297053999086147 
494 -0.008422597807813643 0.005963585549675683 0.0027506883006809557 0.004017970033821287 
495 0.0009581139110844623 0.0023739275167658377 0.003564296335688118 0.0037372608613825816 
496 -0.0013669018202513551 -0.007855950353182367 0.010368425997775654 0.005794124934352127 
497 0.0025533744098487276 0.000860554548943223 0.0016560360132276905 0.0038813172983056597 
498 0.006925364520923778 0.00346858648495189 -0.0009745858107638764 0.0069862704537721615 
499 -0.0012280368530265112 -0.00821956235569335 0.009556127147744108 0.005266896359441404 
500 -0.01079762948123432 0.005577950419068964 0.004931621301969248 0.005120039287783642 
501 -0.006425866749428896 0.00366663539204055 -0.000105957585329189 0.004999245201755807 
502 0.0023372549685744923 -0.00044220156341929617 0.00034138536835272927 0.0051228209931712095 
503 0.000781487659067762 0.0004549863837699411 0.0008174416426060333 0.004250898299814885 
504 0.002052935448738775 -0.0017537929188553966 -0.010743257676738109 0.01262067923627344 
505 0.0011089367280660135 0.0028918826643774902 0.004666794038208534 0.004813257203843843 
506 -0.007258797070941504 0.0036441947221887505 0.0017557467458541656 0.0034517223732164286 
507 0.0009630717210072198 -0.0035957631951634554 0.005046300354566874 0.004666587579699419 
508 0.0010240948918958247 0.0039856468412015275 0.002630618128724627 0.003690146431295215 
509 0.0029059380355808302 0.0026366954447662717 0.0028253120960304995 0.0038535354111921944 
510 0.014890927307249273 0.009538418311399913 0.004898182793867667 0.008810390538950191 
511 -0.000117552011866487 0.0014185662144554616 0.0017219316631701049 0.0024142536339392426 
512 0.0010018670931135315 0.0009039526388271709 -0.0015559857783167825 0.004156235813140066 
513 -0.007359435423318656 0.005789658233957098 0.0013334121364174435 0.004273920069474976 
514 -0.01457162478699722 0.0010430337085966814 0.011317502724325372 0.009593675257010707 
515 0.0013522730870911283 0.00047992412231646236 0.0013316527567716477 0.002826302274299285 
516 0.0005148314718986948 0.0028184510897227687 0.0019313555086428113 0.00337156580366928 
517 0.0018284633089569583 0.002887485253264837 0.0030800209746453984 0.004839967385857419 
518 -0.01003024832869491 0.0064310714598603165 0.002923956989877756 0.004180965268137299 
519 0.0031318649658314537 0.00787150953135123 0.006381648128850659 0.005802244552818784 
520 -0.0009484396261709055 0.0019032338767139005 0.0002571081274377564 0.005442160655695326 
521 0.010820307397778737 0.007641127722435498 0.006280934025891544 0.004142541805058619 
522 0.011080481517659585 0.0147183469378169 0.009881910322280061 0.007601238950906444 
523 0.0030006574377705766 0.0018336027554416105 0.0008470505294539383 0.00493984679029591 
524 -0.0033603528522142866 0.0063741551081095875 0.004888857795013608 0.00518634877432327 
525 -0.001283424451900577 0.0027072540878550996 0.0031918364319733833 0.0038303943318568428 
526 0.007535025994475247 0.011808685328398204 0.0074789804900341145 0.0057335147836737885 
527 -0.019971912775882845 0.012249905072623838 0.004262109613434321 0.007830223061197414 
528 -4.973327710592179e-05 0.003408004620824251 0.002768447603535197 0.003302976829812301 
529 -0.001080867602350138 0.001701077292163556 0.002209057944780894 0.0021571198240980614 
530 5.239782970971596e-05 -0.0001364388398948907 -0.0033535023498463355 0.0055042118859218855 
531 0.0015322928278504399 -0.0024035594358312227 -0.012150811099240327 0.014408024531265754 
532 -0.001344359057027083 -0.000755537960292138 0.003816741847913704 0.003480143608019717 
533 0.004825696619256847 0.00674553624061862 0.005835077646130315 0.005204353296393362 
534 0.0039032787120150325 0.008438320604676208 0.006381554679881628 0.006025497721452749 
535 0.001968780552921094 0.0019542110573238674 0.0013481773904803669 0.0018020148837119931 
536 0.002905416166167326 -0.0009699568527189447 -0.009313483279045326 0.011961805593988737 
537 -0.007266774671492092 0.005065587087234088 0.0021619026876273837 0.003348054482809352 
538 0.005698384872779244 0.0034495810777294936 0.0034206707751640157 0.0028464368995682094 
539 -0.005952669838421835 0.0022687872844705157 0.0009346057462609151 0.003637131409395685 
540 -0.01929355622486064 0.013686518333123206 0.0019190674668941512 0.012193970520347505 
541 0.0010629037589960108 0.002469198434272754 0.0009040110087526323 0.005072959159808762 
542 0.0019607081880311833 -0.0014390026622473817 0.00304521523674859 0.003984978876565103 
543 -0.021879876372626755 0.013743478238192799 0.004441929261545983 0.007835923277064094 
544 -0.015218952124376198 0.008963451945275895 0.004325776702934838 0.0060629395785140126 
545 -0.010903052469239177 0.007044295517871889 0.0020335578663623647 0.004530433286186052 
546 0.005773686882457599 0.001606460261413694 -0.004902922333927494 0.010974434214069765 
547 -0.002503684647332812 -0.013785097890178167 0.012231798174289845 0.0067880222724028254 
548 -0.004472864238252272 0.006498899410919486 0.003868548982899602 0.0051826518547383555 
549 3.570778023282974e-05 0.002124035820508146 0.0012612584935785816 0.003259310531365056 
550 0.0013037698614705424 0.0031528195307970472 0.0037787629747866804 0.0035328784254548833 
551 -0.00038499638024600376 0.0010365991925753713 -0.006369190449151643 0.011013153138684038 
552 0.014370368551304306 0.007030524007303033 0.010281304105632 0.006960778573112885 
553 0.003187614865758818 0.008199756042647777 0.004614410715992669 0.00691534639206798 
554 0.02033813706518225 0.013005796027865139 0.012515048284931704 0.007823824781660129 
555 -0.002883017156268932 -0.020223649092699483 0.014925909112097848 0.01275283665836487 
556 0.0015856871759408716 -0.00032209090127108687 -0.008573478211566822 0.012458933495858734 
557 -0.0052648928827873625 0.004385904916000348 0.0010362843301169203 0.0038835886572174483 
558 0.0010578986985731067 -0.00036349154332303497 -0.005117082041943272 0.00962502848544096 
559 -0.008355963117309895 0.010885741276093649 0.004495582791207841 0.006658213980100281 
560 0.001810422328638226 -0.008045444703841678 -0.012554275533557075 0.022819673806894775 
561 0.0008664379296984707 -0.0022743517656737284 -0.012817116417983913 0.016630655983320183 
562 0.0005273656294955412 0.0013541890667667464 -0.0017674254258725438 0.006177437920061186 
563 0.002654648708287796 0.004205215808648637 0.0033855180991217235 0.0027976337315102472 
564 -0.006144428420336515 0.0058219930769722135 0.002734392233324159 0.0037054676969324684 
565 -0.021802745567605794 0.012794250414141945 0.005778619272286455 0.009394442611894264 
566 0.011250083961917477 0.008581507992523463 0.006444342224370991 0.0053865134398204 
567 -0.014485283644859522 0.01010782254348692 0.004570359243486055 0.005823724911051457 
568 0.014584939695620235 0.011349821554122074 0.009751652462679226 0.007400218149269838 
569 0.0016602753654402105 0.0025048493058387206 0.0018969031406939965 0.0030133739947359964 
570 -0.0016714700719926965 -0.011196952998558659 0.011235917181095468 0.006223372268251287 
571 -0.0143190439935498 0.008937933929646804 0.003026543961807547 0.005949725037865148 
572 0.006290241423098023 0.0019484647434197901 -0.0017152891650494741 0.007329464563938818 
573 0.0016103814944043047 0.00042291526083979 0.0006164710733978429 0.0025323069128340733 
574 0.001907902330855594 0.0005665888426893421 0.0005082119272973877 0.002981565896302558 
575 0.004253533581627724 0.002961033604116822 0.0025707266212953972 0.001746872546596945 
576 0.013704185621211808 0.008456902281614038 0.0066941433511423665 0.005355913963208126 
577 0.003325571071082519 0.004254193546988262 0.00456738570189035 0.003527710679964284 
578 -1.0724812695906368e-05 -0.011426598458810635 0.012999649555500849 0.0069873798511788324 
579 0.003737341649110132 0.004693765685136565 0.003734866074538881 0.0035372742330436486 
580 0.0019483721235593688 -0.0019591032798047686 0.0059635449522217705 0.004178560635686699 
581 -0.0035737981044679104 0.004310118543460588 0.0019143744646633288 0.00224221428519235 
582 0.0017755768659935387 0.003611902972821423 0.002850993446604043 0.0027912434268280127 
583 0.00011315254784814755 0.0016453568517975576 0.001993081378770506 0.002680489537008932 
584 -0.0023709296655140817 0.002731006130126768 0.00223185870051847 0.0037336184656580796 
585 -0.0009443308647087238 0.004726701168003012 0.0034493750788537727 0.004474504402439004 
586 -0.0003702577595625944 0.0006546129489419854 0.002813325645947871 0.003548824844102387 
587 0.011223529573779051 0.00843357524869256 0.00681149867557474 0.004514204981036353 
588 -0.0002463509299394336 0.0012126515366311817 0.0026640988984602022 0.0027635768694249355 
589 -0.007700954554652814 0.004871697559499766 0.0014359029557517377 0.002843405932481128 
590 -0.01359330314980342 0.00995913252926966 0.003136129692025492 0.005951553924119906 
591 -0.014412693487087729 0.010111774654525155 0.004723664422363108 0.006338990741865357 
592 -0.0013300822491987888 -0.008833503032454941 0.00792517935225246 0.005055029318425283 
593 0.00031969152555762155 0.002563445786107375 0.0024466985438564718 0.0020368970734137926 
594 -0.01717773119897225 0.008842476727607409 0.008378686269864804 0.00827570914558181 
595 0.0011551465508409943 -9.16095709492202e-05 -0.0015783369672682011 0.003205266120829091 
596 -0.0005996934547742018 0.001660566804863964 0.0027564746419446603 0.003148695956313747 
597 -0.0014506862469893353 -0.00934667730457434 0.0078088542333119935 0.004912179199199516 
598 0.004174610703789628 0.007556214206997059 0.005964759629357486 0.005402983739340927 
599 0.0024326641919838175 0.0038014203075028086 0.004056139627073806 0.0031718886427475096 
600 -0.01848969119701896 0.012150974673790326 0.003949316318585507 0.008541116995154677 
601 0.001534716186086823 -0.0022922075183228812 -0.009870705913699745 0.012337873212202291 
602 0.0013428491923358316 -0.0022438628075198896 -0.010976041527159792 0.013862104479561339 
603 0.0011163247147213421 0.000383864578371151 0.0031708306241064596 0.002696399174202868 
604 0.0019717567712205274 -0.0022476117194864436 -0.009201332692140898 0.011016702441943242 
605 0.01277924446282441 0.009505086707692992 0.006588795121898688 0.0063636851487464995 
606 0.004534245006170856 0.0074394961378467924 0.006085410272630994 0.004925054940166352 
607 -0.002027239989325523 -0.016599450979827353 0.01591590074937819 0.010321280128706131 
608 0.0018283084471915254 -0.0026978229509965717 -0.012791499742271442 0.017004516004604623 
609 0.002136778610246482 -0.0013532179248532744 -0.0037300001479059195 0.008202520474167018 
610 -0.002717173674548938 0.0025681925743188884 0.0015112452706648725 0.0019487952220412436 
611 -0.0021089639067051126 -0.01218009774876004 0.010831075454316075 0.007431678234187373 
612 -0.0020270605481143835 -0.010389304432903689 0.010414063755498906 0.006204910135967507 
613 -0.0008962837121478807 -0.0077912222753020195 0.00802649376743454 0.004256174745837118 
614 -0.008147271340536078 0.005771743586282635 0.0022914599208201615 0.0035918519827964185 
615 0.0028640546342550955 0.0028569005662771826 0.0030245617620057487 0.0030220864238436704 
616 0.00016248821996730484 0.002157197464857949 0.0018526040494320306 0.002286802865550675 
617 0.0005904413171460216 0.0003879650318830317 0.0003012249834680723 0.0030928194250598342 
618 0.006361837378671683 0.0028352149919172957 0.004285776561625383 0.003088732567689779 
619 -0.013356887718457984 0.008892032159147453 0.003924173134022595 0.005058498169881038 
620 0.0009014931912671628 0.0004316076478813543 0.0005819211350375605 0.0010528336042413225 
621 0.0024499025297688307 4.623769727256431e-05 -0.0009847672557496514 0.005298594440022314 
622 -0.0007496407321955151 0.0018745324906970138 0.0015321599634596289 0.0023303027646835485 
623 0.002669002991697273 0.0045563308040369715 0.0036287437873927146 0.0042347292801029 
624 -0.0014977892827094659 0.0033771930263642312 0.0022972821518019056 0.0027149349668210807 
625 0.0009247491258464865 -8.393517071274848e-05 -0.0020540822494210065 0.003356872145778381 
626 -0.01680903242861154 0.011587695410173541 0.002672486486922179 0.008903051466721252 
627 -0.013946044545075783 0.009828950546749525 0.0038394970270724618 0.004930298915575318 
628 0.007650274822793208 0.004900154406014784 0.004328610977934249 0.0031043397074434578 
629 0.0027518862090562288 0.0038403202623928344 -0.0011371360984050438 0.008379872479859676 
630 0.005232594915227308 0.004121503993257479 0.0040455423934574394 0.0029146739351972486 
631 -0.0029832024662924967 -0.01399409718678388 0.013463520379276733 0.007741857875171211 
632 -0.0008487192164327711 0.0016997380859499183 0.0019709112061868476 0.0019477026589277658 
633 0.0019825781775995865 0.002106400216877566 0.0019085495737863319 0.0020485575883975615 
634 0.0002517831880794014 -0.00738154705897187 -0.00043495802191463156 0.009760819799571895 
635 0.00186192754108678 -0.0012910261310979 -0.008300973523964146 0.010880565577296119 
636 -0.0013920710650122093 -0.007546600726564784 0.007451266356340355 0.003959484161883231 
637 0.0007419240294861629 -0.0028545032928154585 -0.014806203521235172 0.017865867584095325 
638 0.0018491062795339534 -0.001869969717245173 -0.009602033686395266 0.012307236684774988 
639 0.002024663878661667 0.0010816940774070326 0.0013689579344050666 0.0011932079774867154 
640 -0.002615715843608646 -0.01317763678261967 0.011508478022512694 0.007368102422364939 
641 0.003295906530484443 0.008031869703312764 0.006348535998905691 0.006413078528442644 
642 0.00211155067050907 -0.000378282444826417 0.001302443136479539 0.0037468312795020235 
643 0.012125794868567684 0.007028287566106157 0.005645105504457413 0.005574174825312836 
644 -0.003473260472262813 0.004955033496465185 0.0033408802808080973 0.004010413723383054 
645 0.00011135162645169614 0.0017102394777932196 0.0021698260897746735 0.00273000600457971 
646 0.000332868189640217 -0.002606591598063086 0.006589762753555294 0.004863275441099934 
647 0.0016725104985291796 -0.0020012659609086564 -0.011920073480276364 0.014742458811517178 
648 0.0021663958600865725 -0.0027974581320109656 -0.01503940362640337 0.018640509383804137 
649 -0.008746232912968234 0.009104789657761958 0.004483462552224029 0.004510456995333026 
650 0.017491717212756695 0.011723537290731766 0.009572358970123518 0.006728217658237522 
651 0.003675248051314659 0.0038385395709268533 0.0027212560817874397 0.0027896385397280466 
652 0.0003841832974606759 0.002050106904102091 0.0017214249574386855 0.0018816611313753413 
653 0.01178265754264443 0.009077637130577146 0.006494464513944092 0.004511476820493226 
654 0.0026599256195327485 -0.003612652121795184 -0.013636623165198324 0.015925092376678194 
655 -0.0023091322725248484 -0.01368112551780301 0.012001821645396853 0.006643076510141025 
656 0.003747484744476999 -0.0015515124310524978 0.009276604874779722 0.005926580241219904 
657 -3.684024910687618e-05 -0.0033586833392322004 0.005753363587884816 0.003984013435610202 
658 0.004055760017303997 0.0046273354390847085 0.0030331422493993913 0.003029625693219706 
659 -0.00020500828480586215 -0.0039699511729919664 0.004589973799986937 0.0031244043972755682 
660 0.0022506842341293606 -0.004166661277731085 -0.01658441739753534 0.020032469109355147 
661 -0.00025310717055003273 0.0018653174817475013 0.0013596365555510815 0.0022114765823038848 
662 0.0006564671352102049 0.0032440437963926006 0.002040119114106185 0.0034843177455075535 
663 -0.002469003375121723 -0.014496211975581557 0.015474165517502093 0.008706140612128984 
664 0.009676919580052366 0.007243903976063312 0.004911640361924384 0.003892342348392341 
665 -0.0004855888898493736 0.002237785751989099 0.0015802463247092345 0.003926971563373505 
666 0.001990901448678382 0.001120737016636164 0.0019872021446596918 0.002376859328313605 
667 0.0016722877655433524 0.0009392366198985034 -0.0033846793896455058 0.006662153465000622 
668 0.003248963269530178 0.004373431769539854 0.004503811070965445 0.005577301148012069 
669 0.0004196233715200071 0.0008698113180650509 0.001200703986471313 0.0018522824407422992 
670 0.0012746964496041398 0.002417645806442765 0.003871176535324475 0.0037297099707773664 
671 0.0032011723960091863 0.0008989629720178595 0.0023673037078207585 0.003255685887886149 
672 0.0038840762450337222 0.006933249296923937 0.005208316358624816 0.004322258644458284 
673 0.004090197583542851 0.0048573607184186525 0.004545956126644014 0.004846099264643063 
674 0.0010763777066404865 0.0018279587734196738 0.002092325546151339 0.0023957121087087524 
675 0.0021402364909139347 -0.008251884600329511 0.012793773232622468 0.0072087407145032 
676 -0.0007019471637454328 0.0017655076616192396 0.001484178258965691 0.003931246619766108 
677 -0.008140181112896468 0.001621987129806185 -0.0009360405752660229 0.010030658178875171 
678 0.000920520603661308 0.000731318042466518 -0.0039168025408854844 0.0065706215722009945 
679 -0.0059253668638981506 0.0049200436756017185 0.002053086532792701 0.004499813020355723 
680 0.0008917306454597596 0.00026333599490279525 0.00024852250484359937 0.002378843475484837 
681 0.013136148964757769 0.008370038025757217 0.006055229087859491 0.005628143240971511 
682 0.016367953649363665 0.011996340472373327 0.008300478846806464 0.0073267014157219305 
683 0.004174486277250277 0.0028717018651138273 0.0020843852755363635 0.0020319429150027586 
684 0.002662645744018115 -0.002124082886689732 -0.010803851792551724 0.013269544633751447 
685 0.004021685813614115 0.00495580241426084 0.003378837652986158 0.003539015147048663 
686 0.0025753245315715584 0.0033259159848925894 0.0030770801803487124 0.0036185372825388996 
687 -0.005389140547226785 0.006793313060144336 0.003405248206934508 0.0034614914371749413 
688 0.008907977304787876 0.005578801314180582 0.003835393379986997 0.004011998765851057 
689 -0.008588113223926585 0.006641099404976448 0.0028835374300978274 0.003375891195983507 
690 0.0014216463682401174 -0.0018403430200469382 -0.012048833902445688 0.014801575931071316 
691 -0.011757713079035708 0.008039363697921327 0.0034943094240776126 0.004119549859651271 
692 -0.0025184450847852667 -0.015210765085994523 0.013933191214671063 0.008398081836996987 
693 0.001576849292273082 -0.003019791812398023 -0.010886082779613435 0.013940516906564311 
694 0.0003410667752043066 -0.0009353442719822532 -0.000566333689999569 0.00337803256365152 
695 0.009354552892161794 0.006583214119410922 0.005160472873014433 0.0044892861782476106 
696 0.0011424096058499358 0.0005899901297035783 0.0014503860803383936 0.0016941785535537653 
697 -0.001597551008300632 -0.017596056135476087 0.0103105139269363 0.013384059540177035 
698 0.007104878629886372 0.005918287490355436 0.004183551339375198 0.004580879809540745 
699 0.0006090946786197095 0.0011356014567461864 0.002306946860381146 0.002452851808301088 
700 0.004807389323225999 0.0017813912205138195 -0.005335551361181082 0.010127429874998504 
701 0.0025685387041027735 -0.004162920695307983 -0.016858609995948612 0.02002045930526833 
702 -0.0007320656542153794 6.014047400966572e-05 0.004537461868798923 0.003411083189222376 
703 -0.006049749145332069 0.004448363734036065 0.0015639157530863898 0.0027057711836214133 
704 0.012951142952759096 0.007955631772043465 0.006343290989926219 0.004795513610071637 
705 0.007153722983524008 0.006682358231143453 0.0056380243029616525 0.003937944139792161 
706 -0.015371556141897582 0.009817466903425373 0.0035713855687483287 0.005875426140570197 
707 0.0016729094730293969 0.0016891097860513107 0.0030894439068943555 0.0026291865362124507 
708 0.0005667427072039673 0.001031873244173 0.0014815460719275247 0.0017207481420057312 
709 0.0014704407289099918 0.0022681834008473185 0.0023295825161636207 0.0021368533150411336 
710 0.0023776611828316002 0.0037736104836116908 0.004598296925529749 0.0037168597867726226 
711 0.00027458156334035503 0.0010089018326548671 0.001291507633473435 0.002264593763494345 
712 -0.0016999285378215688 -0.010382256690235504 0.009623065703295396 0.0052130598058605 
713 0.0020735543352232533 0.00749688176003397 0.004552164407890034 0.004120539569979743 
714 0.0006970794198136342 0.0017410916162362748 0.002045735631860205 0.0025577908326359197 
715 8.562749325050294e-05 0.0028613376569998536 0.002353084545730117 0.0031623822483266696 
716 0.0017527597876861771 -0.0035845135450970284 -0.011144027585525127 0.013306971555718063 
717 0.002347247881374923 0.0006975559194673318 0.001723608645705474 0.0033156151503522632 
718 0.0030212546208531667 0.004734812324229822 0.0026692676184732617 0.0068516420617838695 
719 0.0016284453637978261 0.0008216942756301345 -0.0019621078073167614 0.009119998809257991 
720 -0.011635670926924179 0.007602871685008122 0.003439795178337144 0.005619582908803037 
721 0.0002780381803448054 -0.0024503565353931746 -0.011869088081798092 0.014008224279928835 
722 -0.01682833154743851 0.011071801794279901 0.0053656362829230695 0.007500370347454822 
723 0.0008546200254324973 0.001846642206778574 0.0018507409955605787 0.002102627286664105 
724 -9.099678587600138e-05 -0.011920097584321844 0.01293964306196349 0.007741534433682494 
725 -0.005128686270727953 0.004443458112840216 0.0009773151634703287 0.004657813754983777 
726 -0.0030167434576113643 0.004957082522809993 0.004418337500311172 0.004975346640289071 
727 0.0007312020750902077 0.00014286432631074284 0.002376850321848495 0.0024145429694764535 
728 0.006815713670406356 0.004700763335091613 0.0031983974727610603 0.0027903124315912836 
729 0.000920192159088424 0.0020250783837845016 0.0019178508749640223 0.002111254327114149 
730 -0.00855290192199731 0.00510036073264915 -0.002867538140295183 0.009269744466776255 
731 -0.0021172702217202373 -0.011127849326379913 0.00957697689610627 0.00616901909792241 
732 0.00044572893041243107 0.0012442479492246763 0.0012894724573325005 0.0022963372612253073 
733 -0.011293578965848036 0.007712399910432597 0.00314074172595546 0.003946124971408323 
734 0.0017347712231620528 -0.002548657880201011 -0.009448564341100496 0.011954104414902827 
735 -0.0006110065987294228 -0.002663496932023852 0.0034515869430097558 0.0029622503796209276 
736 0.0018602620827806182 0.00232492058889713 0.0017746362659291724 0.0027375926294129632 
737 0.008711257608979674 0.005860598912551456 0.004708167197877261 0.003861243752776506 
738 -7.688230340669458e-05 0.002730035067700454 0.0019199033462277064 0.002138358702098871 
739 0.002028190741221579 -0.0018015509514707749 -0.010436473670973235 0.013070671377881033 
740 0.004386483303104616 0.005806138745310809 0.003746347676045792 0.00481341473410946 
741 -0.003473980245706331 0.00904726721049014 0.006203590920227788 0.007030271197288378 
742 0.0004231286228662999 0.001462666478644959 0.0015537697595593679 0.0017993847391161411 
743 -0.000703075757048803 -0.011985220261432384 0.012648411893628657 0.007018343536997601 
744 0.0017669842780721047 0.0030021799649075968 0.0027230658595195035 0.0022274951926987293 
745 -0.0005048830591335825 0.0016997771449402648 0.0012644429594454536 0.0019574298540217193 
746 -0.0011094869794735728 0.0015574032974760782 0.0008454778243173507 0.0011851485175016837 
747 0.002666706725537798 0.001650079685781395 0.0014434183696899017 0.0010840218329291444 
748 0.002844098655510314 0.0017894309578556683 0.0016483552755086426 0.001368250888668882 
749 0.0037028682382377206 0.002033843164885131 0.0017583859496875093 0.0018478413992531642 
750 0.0012266295010834496 -0.0012739465904333825 -0.0074013984591074 0.009013409612755484 
751 0.010345023993445331 0.008517552021468226 0.0059635029127214825 0.004555148623751777 
752 0.0022370353576487644 0.001653860081639236 0.001896263516657497 0.0014089518349397507 
753 5.756226105036797e-05 0.0022030770521149446 0.001564000285446091 0.0020156389135795013 
754 -0.002041841307844828 -0.012988623757824136 0.012597780901798875 0.007093317184935514 
755 0.0006249506435530574 0.00025615096455427073 0.0009032084383515624 0.0015242709417596543 
756 -0.002439643615954727 -0.010335434257070637 0.010029264482118912 0.005994392470849634 
757 0.0010763693291461918 -0.0021830138670549232 -0.014061724487160773 0.016620586335641126 
758 -0.018365021354316537 0.011672935909120599 0.00438176744150077 0.006898568982705837 
759 -0.01400496784052378 0.00904216225125471 0.0036775460679167537 0.004967969437355833 
760 0.0025769601931016836 -0.0005005655707751787 -0.006729921509948744 0.009167700583004857 
761 -1.8558454382254733e-05 0.002661035075449727 0.001843537957587923 0.0016680199668139357 
762 0.012348705161651772 0.00776091076928877 0.006087279214775148 0.004093426708815212 
763 0.0009029765423155243 0.0014422999393000995 0.0019366503866553924 0.0014144513673715383 
764 0.0009947799536214126 -0.00043548031608520215 -0.0037909599812184754 0.006918025698948335 
765 -0.0015268662331761945 -0.002130591798590745 -0.012989393698086951 0.01727661720514305 
766 0.00826847414196464 0.0019452166218529164 0.008165470341117274 0.004780653874682823 
767 -0.011468512084726669 0.007625760248947164 0.0028843076383907 0.0045156103361609625 
768 -0.0006563879769152762 -0.002824273410490711 0.004617350497589571 0.003026857209515019 
769 -7.079074240727412e-05 0.0020253885572849447 0.002465981513496694 0.002266521515458309 
770 0.00267223489995843 -0.0005596686680315664 -0.005616283532057245 0.00948439698274251 
771 -0.004378064841710307 0.0026145062835321218 0.0002615392503619743 0.0019999093144771577 
772 0.005305335721269064 0.004985263938980882 0.004150784250475169 0.003040450915188953 
773 0.01193058296429978 0.00935132874297414 0.004616161067218967 0.007780696196042396 
774 -0.000813634218610942 -0.009836574117363935 0.007394962854957549 0.006802818025394396 
775 -0.0002497811966701926 0.002334514836070168 0.000945537115977011 0.0029951945956217607 
776 0.0018080302827379081 0.0034471270660575543 0.0025021259246136643 0.001998852882742193 
777 -0.0002833816842172598 0.0010478797574511242 0.0007399825419185641 0.0015269597689919192 
778 0.009255100781679737 0.006718949417832643 0.0053470591696165096 0.003723843694023367 
779 -0.001746189686699481 -0.012222564527049371 0.010126539845240139 0.006313296006640395 
780 0.004417154820355391 0.003940967696568882 0.004381813627440741 0.0030540914051839863 
781 0.0014639514504714277 0.0026497136090174005 0.003119655509285823 0.002956438673244743 
782 -0.0016782560288011812 0.0022699546083163606 0.0023131450580553144 0.0028042177834018797 
783 -0.012848714500518029 0.008216845989102349 0.0033171472215323848 0.004545039180452709 
784 0.0009895468609378206 -0.0009801903243991492 -0.00465938097539189 0.00581127781655998 
785 -0.010830085794968648 5.27780619131734e-05 0.008159106550608957 0.006837269449870956 
786 -0.0018891049274296903 -0.012538454983879165 0.011825506466674521 0.006192750805583455 
787 -0.0064918975540301654 0.003899615501969271 -0.0015201106494197889 0.006923359447232729 
788 0.00047232008185925324 0.0013657595450660709 0.0014617222766390308 0.0019974801990956478 
789 -0.0021621425732125253 -0.00814199665459225 0.008068597381894704 0.00489426198096409 
790 0.0016587579921712196 -0.003126498669912498 -0.012817517807327377 0.01671522078416946 
791 -0.011829758943707148 0.007604423330767232 0.003171032693029345 0.00407081520312579 
792 0.008112003948009691 0.004705312879325778 0.0014836562442618274 0.006909282866371753 
793 0.0011450793603723745 0.0012839188484425807 0.0009740611547913458 0.0017006315649057435 
794 0.0020810794823511924 -0.002742016679752913 -0.010281653309802411 0.011930593586859023 
795 -0.00016232121838581236 -0.0007097208346714514 0.0022054058629182175 0.002497206466765623 
796 0.002031170926523341 -0.0038654374217550365 -0.015291508253571442 0.017959594019964432 
797 0.002925438556207205 0.00200250174652787 0.001423651638231834 0.0018318450135691533 
798 0.006925493591446923 0.00871604663393172 0.007210011161379546 0.005795743442217587 
799 -6.989696592329553e-05 0.0003044765890442093 -0.0006289797135230428 0.0023141379182958282 
800 0.00022521540772569283 0.0008313771092648722 0.0006894780942801923 0.0018336791360518332 
801 0.0008450525911124858 0.0005156135178318871 0.0006770126653166244 0.001421317443099538 
802 0.00023277728941916432 -0.009020232733450888 0.009727482982325555 0.006332577341014789 
803 0.0014023022416145693 0.0024450399051190964 0.0017251100402649125 0.002373192180083663 
804 0.002603014814613474 0.002330532127450334 0.0035524464942136985 0.003086265007547834 
805 0.0015876791355094436 0.003422691923539703 0.002743278671720799 0.0031932451648665756 
806 0.0010535099989242617 0.001156769717220502 0.0009411300761835651 0.0014870511900018089 
807 0.0017130756024766381 0.0040077266387813365 0.002758394091541811 0.0028120949505650293 
808 -0.00039371018983968105 0.0012848434799015102 -0.00037388776914921306 0.00371610347854068 
809 0.002125380746302725 0.002496301833384043 0.0013963650225608745 0.00415441554852536 
810 -0.006870674623201946 -0.004423690611911047 0.008872899810031419 0.006098781796912059 
811 0.009571290148448357 0.007437262930139982 0.0058108657091665945 0.0040308296090610625 
812 -0.013055151035190577 0.008651569121466553 0.003295099113892547 0.00443617753702393 
813 -0.005336152595542965 0.004408379881609412 0.0024410313740312467 0.003285123507476133 
814 0.0018448161260507506 0.0018345754623252915 0.0008071965945093972 0.0040036379496047915 
815 0.0014388690732678074 0.0016799163936422053 0.0023230876789584656 0.0019302219218325872 
816 -0.0037686995353385907 0.004143385839581738 0.003045333405678674 0.004048444926198121 
817 0.004159874678601317 0.0027729824129312155 0.0022579169152607604 0.0015785736169529904 
818 0.0016377700515771444 -0.0019156483860524268 -0.009848906812168672 0.011823167838576494 
819 -5.322367058468437e-05 0.000419725345032368 0.0012698429649100542 0.0011417340094986672 
820 0.0005029184405847938 9.863224090750185e-05 0.001857029788541289 0.002000763446487963 
821 0.010238363859188398 0.007753157544664307 0.006108522603729796 0.004151837016982826 
822 0.0012720832018949782 0.0001413233714013664 0.001313841905376627 0.0023891847348363167 
823 0.001065886942470663 0.0001546947712837394 -0.0020490882356801817 0.003044939014788781 
824 0.0021977405605692175 -0.0019967119519863938 -0.009266714574813225 0.011742693369037235 
825 -0.010188583703071937 0.006445953417013959 0.0017977538451645467 0.004005794179926072 
826 0.0010270728420922295 -0.0027427550422830143 -0.008196574349497936 0.011062234566957142 
827 -0.0009758556377742358 0.0009122210041717852 0.001544130438121522 0.0016557506815744031 
828 -0.0048875940654140755 0.005630554309226718 0.0027114369355157853 0.004149846902429185 
829 0.00043426654654692024 0.001544025627700595 0.0018704347870344934 0.002348191897813043 
830 0.003705845131753586 -0.0006735991604607833 -0.006022146608390503 0.009524512206286183 
831 0.0030609516876930415 0.004498998646310759 0.003446452484925657 0.0031600719520087335 
832 -0.00026167374821146514 0.0016071523765596356 0.0014060397671562513 0.001867512765472966 
833 0.0034958264266423456 0.004521614445365196 0.0028999759890986085 0.0020771121658054326 
834 -0.008498610176677133 0.005373096541904099 -0.0008696773536619914 0.006799413069860347 
835 0.0008195298068815993 -0.001443441412678787 -0.009374305815933801 0.01125678553437899 
836 -0.004645770523443537 0.0014100674599229614 0.002973094821397315 0.0025440053121595905 
837 -3.799765002575911e-05 -0.001566503649041248 -0.011346233561904917 0.015145120581599945 
838 0.0013437867660439605 0.0010032929315662948 0.0025187026595497246 0.0022075683547243736 
839 0.00029311400707583 0.005154390346521847 0.0039151829833185365 0.004379569969577849 
840 0.0009156798698015345 0.0019371129119541556 0.0022815322905194663 0.0022682534043929384 
841 0.0005360768476431182 0.0010438365164152222 0.0012840853119737592 0.0021460677927580456 
842 8.139876561612252e-05 0.0016763594098720704 0.0017458619823343567 0.001764254548092301 
843 0.002752774824859953 -0.00161233701217519 0.004336825900595027 0.0032213094825011943 
844 0.0005270602361427893 0.0032024030837010642 0.00210992485961119 0.002786674220968326 
845 0.001409106498315447 0.0012706154407436715 0.0006095896689372321 0.0021727283068579024 
846 0.001585662445014046 -0.0037910853673113662 -0.013955865808381132 0.016692736072424733 
847 -0.0009170134626084573 -0.011969024437056483 0.00994364272962029 0.007615027393859114 
848 0.000926729850502582 0.00032263385087485155 -0.0007505922251610532 0.0038369113937375327 
849 0.0018632786456491057 0.0017323827357145492 0.0015008451488007443 0.0016485588623936945 
850 0.001041124931320171 0.0007015783597441788 0.0010569619631171515 0.001414020393626039 
851 -0.00038006554471180595 0.002725648411608223 0.002418023866206346 0.002183216702005871 
852 0.004015467552952298 0.0023742234132356145 7.774027187802332e-05 0.003918166468343793 
853 -0.004277649387220737 0.0031407210943413056 0.001496869835578611 0.0034045660032251523 
854 -0.0008618527239412059 -0.008577337215685368 0.008351274237352461 0.00475062390887116 
855 -0.008793287452210273 0.005604788749505703 0.0016600783285516346 0.003842834760232352 
856 0.0020928369083847063 -0.0023915566954664743 -0.009367916660736563 0.011902724198557126 
857 -0.004606766516700248 0.0018600831717671689 -0.00816697745779377 0.012685815253547653 
858 -0.014783140960483098 0.009386190637062176 0.0028221819931122973 0.005452697965772946 
859 0.003079811357155728 0.002188892185986937 0.0019455447348787826 0.0016072998867160085 
860 0.0003154184343322112 0.00042000840226217 0.0015893966824824474 0.001963967363190691 
861 0.0018611554142159365 0.005329569786545359 0.003692219034964615 0.003343760675801786 
862 0.0010093022502456073 -0.004043957344429998 -0.0070097958417374715 0.010366197563147684 
863 0.007608020107309812 0.007006479143304753 0.005677738654983102 0.004373987203983458 
864 0.0006938473961905048 0.002898347969898578 0.0025279921644908877 0.0033743842328379 
865 0.0015548987097212116 0.0051607757881302705 0.003648095535054623 0.0034075942142794743 
866 0.0008670959646032103 -0.0005117715279772077 -0.0022925781180161437 0.0035698261497642196 
867 -0.010450308819759674 0.006593350221996209 0.0024557408237169537 0.0032605061458878676 
868 -0.0008912508316792961 0.0018195933096256678 0.001438952082828337 0.002092262248498055 
869 0.0019684796284935024 -0.0032410652179778645 -0.010516923485533845 0.013479159677210178 
870 0.0021738894671007427 0.0007396690435749676 0.0014338828691861552 0.0024351956884161997 
871 0.002666795184704948 0.004003041921269135 0.0039381746247658 0.003894653322794658 
872 0.0016643249341666297 0.0013200597135819005 0.00024534405554980997 0.0016262477475299578 
873 -0.011721679084356201 0.008233235637065187 0.0036803379472158835 0.004424916618610144 
874 -0.00038152759919353517 0.000722716801148949 0.0011486521009764644 0.0023152292563489514 
875 0.0008296363407406018 -0.0016249266841904027 -0.006837073571064465 0.009462561689633053 
876 -0.0024305265591034555 -0.010315657006128805 0.007162803443581585 0.007371623400243614 
877 0.0021653500207091886 -0.0033581839424179027 -0.013765144021012157 0.01717986928347336 
878 0.0003974529513361414 -0.0003088332309942178 -0.003148693001226194 0.003957661046387467 
879 0.0018383949858509097 0.0034071160496270698 0.0031529678740523748 0.004086350178646931 
880 -0.004268565951502817 -0.0013736187713301394 0.003672079577300875 0.0030188085261965993 
881 0.00183016487289863 0.0005645086089026176 0.0013259172409093 0.002604808459065922 
882 -0.0018138667197484509 -0.01107413296332447 0.009677196882867967 0.005346832063509469 
883 -0.0005525329508408766 -0.0011950297185262736 0.004073676216476001 0.002574318866892535 
884 0.010617543606481473 0.0073116777363267365 0.0054435913331327065 0.0036052402280077867 
885 -0.00426628158610934 0.005791394346742641 0.0038404403454710525 0.005813753782194137 
886 -0.007235769356474202 -0.002575307044809133 0.007818179330058102 0.005572087820281507 
887 0.000593963226162225 0.0014217842024261006 0.0021841797974929984 0.001848946702831264 
888 0.001378053670374431 0.0012712120480956543 0.0009567399644253433 0.002139355032653943 
889 0.010061176156831261 0.004996027905364766 0.0003621776709031947 0.008784515733943976 
890 -0.008770790942557569 0.002020889254812678 0.00474468301650828 0.00494960252053834 
891 -0.0007457709986957669 0.0006251599191641336 0.001261858142139166 0.0015643664420364968 
892 0.014685825190113055 0.010834382179294387 0.007654171625214782 0.007145137865327952 
893 -0.0010768098612195652 -0.006814538506619935 0.007227789929758766 0.004240781003337895 
894 0.0008704792625226154 -0.0016800093863210627 -0.006978226793932224 0.008822860205363344 
895 0.00026445751743780875 0.0018640182386165584 0.0015404326947474083 0.001959044905463119 
896 0.004632618600242421 0.004901312844487777 0.0045860129398018565 0.003621005037752725 
897 0.001912622832674004 0.0015499671181585046 -0.0015079388889169356 0.005673110195595298 
898 -0.0016922581838801356 -0.011639537346344025 0.009947475558315584 0.006424913748688603 
899 0.005489696410432279 0.0029568714292541524 0.002595282422125419 0.0026837055449877192 
900 0.001985236218981867 0.0028853685138635118 0.002733133612985366 0.0028809072513722696 
901 0.003249417218831924 0.0047289985310675865 0.002991752169522087 0.005416181548855 
902 -0.0036260783417239573 0.002667395447867385 2.1156261094196887e-05 0.002506933976675802 
903 -0.00018065648863730267 0.0012608056367402194 0.0011823443357979618 0.002306716035297751 
904 -0.00035672589494814403 -0.0018072382392327801 0.002267066109126961 0.002510909120247224 
905 -0.0009355838320620377 -0.0071153613399788165 0.008837091990688637 0.0054515600160008155 
906 0.007736625650974576 0.004570475518093374 0.0023813096578198297 0.0037286308465122155 
907 0.0011737742803413838 -0.002198655104057022 0.006891335480939291 0.004818236705625335 
908 -0.003250343494153061 0.005085585316134638 0.0028187756182076347 0.0027612274616432004 
909 0.0021046414110369245 0.004189064547553614 0.00345433028124029 0.004210712811215314 
910 0.004782423400303971 0.0036686920460242563 0.0034079653267904087 0.002815786212562708 
911 8.766223359624981e-05 0.0005629967433185263 -0.0002620393348317852 0.0019534397743917104 
912 -0.018918036673865313 0.01205267579384562 0.003978605156457868 0.007429048740865754 
913 0.0005982403540305333 0.0011394209350937335 0.0012079228663863797 0.001943039590802018 
914 -0.0027573437021931185 -0.009341352827025213 0.009024715132549505 0.005778138104537457 
915 0.0013411238818598764 -0.0019601056616449153 -0.009287398516419939 0.011667722336076271 
916 0.0015426550430015006 0.0014091718306527836 0.001714142171653963 0.001985276148033858 
917 0.0019432064121772525 0.003412334017463738 0.001499342433309574 0.00461817534211774 
918 0.00012913392622096304 0.0023676590485090443 0.0014723210134268637 0.001980677419881419 
919 0.009521052376221353 0.007371855243272474 0.005370608010026267 0.003757566128721318 
920 0.0005843567707709996 -0.0011191991855025933 -0.002339371198900688 0.008450849464659817 
921 -0.0002903232172069987 0.0026336722006293743 0.0019852183016060847 0.00270820279217877 
922 0.00260180126947145 0.0003753272208359549 -0.008854236662641922 0.01359316522314412 
923 -0.009673420083429144 0.00504640425391212 0.0033625081605199027 0.0040994019674103445 
924 0.003677673257019424 0.004972160867064859 0.0034158434933574938 0.004983082881252723 
925 -0.0009237176063521835 0.0016498107904337075 0.0015910429493031031 0.0020026801591486727 
926 0.0014754277727283326 0.0024889340533951303 0.0037100540266736533 0.0031004002153207345 
927 -0.002197291147083848 -0.018120088875478297 0.016277890045032974 0.009794523237007602 
928 0.002178117700350232 0.0017244340423528237 0.001016290337517513 0.0014939633640444 
929 0.0027135281812729613 0.002950024652120261 0.0029651313739543026 0.0034640977990803897 
930 0.0002404783683642763 -0.0019055656135205767 -0.01041324346288515 0.012336399957540505 
931 0.010248010281458745 0.0074667004683572034 0.005720394288182631 0.004270439061242952 
932 0.001055125825915872 -0.00203161655916919 -0.01095845819858917 0.012875806864701399 
933 0.0021807101177223906 -0.00306657818687884 -0.010191644366231411 0.013145217509602233 
934 -0.0009704902209181129 -0.001654077385444063 0.003234855146051898 0.0033692569795284906 
935 0.0015436869440367301 0.001322063733569777 0.0012883156930231952 0.0014689615030057958 
936 -0.0008370565656180975 0.001444183280073952 0.001088148073750196 0.0025489884003072646 
937 -0.0015486794258931793 -0.00912398842050984 0.008756541404988777 0.004829755530186442 
938 0.001564532704781506 0.0026193629711807765 0.002306797707670065 0.0023849353635863996 
939 0.0015570832071449064 0.002020107683130628 0.0027056089023528543 0.0023192939908771495 
940 0.010214798470376311 0.00429864089214199 0.010537644829064467 0.006756951283512713 
941 -0.0004930505200835037 -0.007488306969043121 0.004782337516604169 0.005190397829951573 
942 0.001782685136809702 0.002916550114399295 0.0023530821668890237 0.0028742859135107153 
943 0.0019844466630465365 0.0024161139350733613 0.0022228651080549453 0.001752632718777804 
944 0.0019545595761601762 -0.0003533283190601734 0.0027203817827589406 0.00153904057731783 
945 0.0007395599310600983 -0.001954515237899369 -0.012994121225169285 0.016800402048069034 
946 -0.00033522615442991313 0.0019054937579903435 0.0013791420710582065 0.0017498018634653507 
947 -0.010605055484135486 0.00651072376237162 0.0015263046414489534 0.004167608753507367 
948 0.004289414164443683 0.0013191438853246663 -0.002429905068056298 0.005734867027549436 
949 0.009786194261178724 0.005737441600183118 0.0013578157122019516 0.00889835724861246 
950 0.0005538871854166832 0.00025420212290996923 -0.00302215296122294 0.0065153133946509265 
951 0.00214861730195253 0.0019152946035314621 0.0018939671887166012 0.0026422004989667767 
952 -4.154446241987433e-05 -0.00208376987405684 0.0035950194095166295 0.003753060242337559 
953 -0.0007636769551508048 -0.0020585134040416305 0.0037714873010906776 0.0026169749830412 
954 0.009617888056803081 0.008009415457117145 0.0056855951267430595 0.003945883810299509 
955 0.00029079169434207466 -0.00014259856830374607 -0.00010401354330595771 0.001847923740237986 
956 -0.0069982242796333225 0.00449767274938735 0.0008564087759359502 0.0034675012881942684 
957 0.0010893018973224826 -0.001442565585405636 -0.0045649805477955985 0.007075771172608114 
958 -0.0010072533677121529 -0.008081433180895792 0.008674311526780318 0.006508803811126141 
959 0.007084596949101714 0.004059410960354279 0.0014119265514335876 0.004356717514436978 
960 -0.009051695234163883 0.005531542900188396 0.0035080475765914953 0.0035927656592123058 
961 -0.0007135563996055768 0.001411476539105437 0.002069921795457053 0.0018130554077586776 
962 -0.0038697339765752198 0.0023385743111064847 0.0008262038703365354 0.0015468831005814106 
963 -0.0009384217552104461 0.0009414730852029038 0.0018906149090154743 0.0017423130547521604 
964 0.002833979637424639 0.0035916925157497156 0.0037642833392310527 0.003422097115227811 
965 -0.009569109956399953 0.006017695033060595 0.0036019256035218794 0.004218247927441465 
966 0.01168195408372834 0.009281591617315522 0.007491193428364874 0.005609985871369901 
967 0.00011975300729082825 0.002961807089017468 0.002491879036486853 0.0033588366438916982 
968 0.0008304130100670426 0.0005411920027984132 0.0008283778857561433 0.0013162193955512805 
969 0.0029357991880464827 0.002544245020353594 0.001650214591325036 0.0014152728569417168 
970 0.0009686057960823909 0.0005745035526699294 0.0009024630572745209 0.0012399225764683252 
971 0.0005378845497109111 -0.018559621230122416 0.02004798912608593 0.012000152661718068 
972 -0.01249159998615414 0.007647375905600943 -0.0021687079126674895 0.0101280767669687 
973 0.0014521286443210427 -0.0009599019443051239 -0.004315815641227011 0.005771243899939714 
974 -0.0005348297586245889 -0.006707900609217063 0.007077179014312832 0.0042296203092036695 
975 0.0013503995178333413 0.002496759546186072 0.002519706320691715 0.002485597932495075 
976 -0.006156114113955023 0.004804339464898491 0.002186014561475335 0.0029077399510440602 
977 0.002362653884640432 0.002660482741246407 0.0026908197472102977 0.0027797599490859796 
978 -0.00031159450216673734 -0.00026411847247316864 -0.002968214741239757 0.004725493589921232 
979 -0.011791395814969675 0.00552732762681114 0.003702668709240415 0.00602148714946634 
980 0.0005447702489607796 0.00019926818714790387 0.0004174160994436717 0.002308457476821109 
981 -0.00022994572224184636 0.001580744372830774 0.0016764284648852846 0.0018920649543084321 
982 -0.013001321405938604 0.008089184584058098 0.0034645875526221285 0.004766896294869163 
983 -0.000971459051061436 0.006132710112830964 0.004443166252668406 0.004026888065145018 
984 0.001294489559312325 -0.0031607114414646197 -0.013644482282098169 0.016428700577372852 
985 -0.0006959908628577537 -0.010749023733384551 0.003227600986950282 0.010439628757401582 
986 0.0020893621367099975 -0.003310454300087598 -0.012158950226546757 0.01603440423665677 
987 0.0005352535047181789 -0.0004114392361535033 -0.002148939699157844 0.004533792266935101 
988 0.0003089353635412274 -0.0007658101586603873 -0.005145244640798535 0.007966919625218184 
989 0.0026174607697411977 0.008440064337576426 0.005536300141479578 0.005294699527126459 
990 0.0020987427849857116 0.0010192971182015874 0.001850376698011613 0.003180806028694846 
991 -0.015472166581891754 0.00956758193389025 0.003395564267527387 0.005965761141381795 
992 -0.000933095033189321 0.0022955201284859156 0.002161561818006632 0.0022942110574254576 
993 0.010257342314235123 0.006771269041699246 0.005938306479096901 0.004840703769082478 
994 0.0013732761728068937 0.0016868833957359491 0.0017282134653492892 0.002055374555957157 
995 -0.013312325280929483 0.00978919947516876 0.004219819706203978 0.005268334941129774 
996 -0.008343691196108652 0.00635992555783397 0.0016131266289280315 0.004109881380657367 
997 -5.1458842314450185e-05 0.002804253733135248 0.003549955564233619 0.0035874594680501727 
998 -0.010086624080271132 0.010425722599173175 0.005067665851901369 0.0058865798843215815 
999 0.0028138829601654 0.004160105287357708 0.004476376325521687 0.004864985447141399 
