1000 4
394 -1.17334 1.77724 0.955464 1.25404
547 -0.672832 1.72141 0.743231 1.40438
846 -0.687981 1.73507 0.722097 1.22199
735 -0.709034 1.84906 0.708133 1.17933
707 -0.694229 1.96916 0.903467 1.64875
907 -0.963087 1.78717 0.664813 1.22612
518 -0.813173 1.74206 0.709151 1.38426
643 -0.578112 1.80033 0.876856 1.15019
480 -0.97108 2.10228 -0.05541 0.505568
611 -0.947748 2.16787 0.0536838 0.789622
355 -0.89926 2.11839 -0.0896528 0.689534
168 -0.989782 2.45094 0.410101 0.587092
340 -1.11282 2.52859 0.238515 0.398179
681 -1.01256 2.47321 0.536779 0.420979
197 -0.918078 1.82387 0.418185 0.530176
859 -1.09233 2.17338 0.450828 0.609038
19 -1.07029 2.19276 0.409201 0.648384
616 -1.00072 1.92591 0.00224502 0.777696
690 -0.982857 1.78661 0.26189 0.850742
53 -1.29406 1.67869 0.385883 1.89707
385 -1.22941 1.55115 0.175861 1.3468
612 -1.18147 2.13102 -0.130221 0.566226
133 -2.17017 2.19277 0.661938 0.481006
158 -1.42821 1.73411 0.474098 0.395352
566 -1.09147 1.88176 0.678395 0.647746
465 -1.24755 1.82831 0.588744 0.874626
374 -1.04129 1.75624 0.661118 0.593299
898 -0.860772 1.90862 -0.151986 0.732427
329 -0.810157 2.34485 -0.0658932 0.80887
778 -0.705105 2.16075 -0.432193 0.79861
275 -0.931943 2.80891 -0.37053 0.865398
311 -1.27417 2.81693 -0.534693 0.59019
726 -1.01648 2.77804 -0.408146 0.760471
171 -1.07065 2.69754 -0.30323 0.581105
475 -0.820918 2.26635 -0.217308 0.599964
327 -0.877904 2.44789 -0.255697 0.71639
321 -1.05463 2.41796 -0.344054 0.588629
706 -0.814123 1.84939 0.884366 1.66508
54 -0.844121 1.65364 0.891848 1.64659
728 -0.767448 1.63005 0.74701 1.46477
651 -0.729476 1.79699 0.884786 1.43215
722 -0.498358 1.74355 0.782173 1.0997
705 -0.836666 2.04651 1.26618 1.68535
83 -1.40887 1.74968 1.65545 1.07812
782 -1.0517 1.69426 1.1596 0.578203
975 -1.19478 1.82057 1.1003 0.780329
841 -1.307 2.00028 1.1601 0.863479
835 -1.08527 1.63271 0.881066 0.659581
92 -1.14603 1.76315 1.3196 0.578353
397 -1.29921 1.60258 1.22037 0.523464
85 -1.34677 1.83094 1.4535 0.929813
499 -0.428115 1.97209 0.662894 0.746723
579 -1.46577 1.86526 1.55952 0.808757
87 -1.5518 1.82802 1.46957 0.969128
916 -0.987989 2.08534 0.129985 1.19118
603 -0.940082 2.05977 0.152588 1.29419
433 -1.01419 2.38936 -0.0856863 1.42988
604 -0.788844 2.13127 -0.0887513 1.04723
314 -1.08827 2.62537 -0.339625 0.635868
131 -1.37027 2.84723 -0.406038 0.541984
325 -0.631151 2.04482 -0.152457 0.801644
623 -0.974225 1.75452 0.197176 0.997632
6 -1.36395 1.88694 0.459494 2.09592
595 -0.974025 2.04992 0.0927299 1.27712
826 -0.990159 1.99608 0.621748 0.96882
721 -0.822671 1.60632 0.601988 1.00449
950 -0.87053 1.93295 0.560881 1.16793
718 -0.734928 1.72456 0.668495 1.19337
667 -0.947148 1.81639 0.673571 1.33807
729 -0.792278 1.89164 0.815655 1.28704
710 -0.792425 1.74127 0.943336 1.27417
588 -1.18595 1.63654 0.97218 0.7385
882 -0.950462 1.86726 -0.119813 0.680783
551 -0.954661 2.54625 -0.46313 0.775098
317 -0.920766 2.82065 -0.520424 0.586453
308 -1.0048 2.9082 -0.32028 0.74498
324 -1.21598 2.13254 -0.17375 0.45884
528 -0.92744 1.93892 0.0170484 0.669453
536 -0.823847 2.63749 -0.263551 0.702603
472 -0.938985 2.36056 -0.404772 0.573312
200 -0.692514 1.84886 0.520743 0.628688
680 -1.13121 2.06453 0.415383 0.751978
7 -1.05655 2.39741 0.333355 0.532159
693 -0.848943 2.08646 0.386215 0.527256
699 -0.867611 1.96457 0.42578 0.728079
696 -1.11586 2.29267 -0.247767 0.659271
247 -1.26216 2.5365 -0.325675 0.438547
422 -0.460254 2.15241 0.49188 0.854371
379 -1.06317 1.56293 0.827895 0.606058
128 -2.23304 2.08105 0.626462 0.65553
138 -1.79885 1.91142 0.710144 0.355589
141 -1.65275 1.97151 0.553726 0.405141
601 -0.959628 1.9138 0.128108 1.10132
40 -0.99323 1.38995 0.415545 1.35461
0 -1.11272 1.97875 0.490757 2.03314
35 -1.02079 1.40949 0.390084 1.3695
380 -1.13532 1.80144 0.412396 1.74721
59 -1.32945 1.67422 0.405444 1.59311
799 -0.609881 2.21709 1.06084 0.446015
209 -0.56606 2.6064 1.12079 0.66778
293 -0.11269 2.54624 0.624164 0.750604
271 -0.204324 3.12003 0.717369 1.24795
306 -0.28996 2.21038 0.327401 0.775095
868 -0.345853 2.14622 0.612875 0.802539
276 -0.120866 2.91545 0.820092 1.09476
416 -0.506753 2.31882 0.597853 0.719474
517 -2.2264 1.93328 0.107047 1.13836
837 -1.77154 1.83925 0.294124 0.938158
658 -1.27058 1.67677 0.439081 0.715726
563 -1.59219 1.90925 0.652159 0.427725
137 -1.98712 1.80137 0.694383 0.585698
749 -1.40749 1.76657 0.686882 0.277967
144 -1.71531 2.10351 0.552254 0.239735
257 -1.2136 1.73672 0.520741 0.460743
166 -1.22958 1.68209 0.656077 0.429472
760 -1.49591 1.5426 0.399611 1.01701
274 -1.92062 1.85263 0.177588 1.4092
17 -1.3729 1.7362 0.430922 1.83658
24 -1.1936 1.63274 0.420652 1.89499
2 -1.46882 1.74074 0.53126 2.03279
89 -1.34676 1.68772 1.41281 1.06657
401 -1.24143 1.65996 0.927872 0.629374
798 -0.4225 2.12488 1.04482 0.810959
228 -0.481711 2.25148 0.908551 0.610827
210 -0.593812 2.47702 1.31457 0.481372
162 -1.456 1.66362 0.74516 0.388255
125 -2.16503 2.47204 0.425382 0.173856
155 -1.52185 1.85379 0.696696 0.574255
871 -1.16842 1.75423 1.01473 0.665639
46 -1.09774 1.54947 0.86484 0.927439
100 -1.17938 1.63608 1.16104 0.90179
618 -0.899716 1.88076 0.0764808 0.926231
473 -0.796513 2.46461 -0.275741 0.731535
309 -1.26749 2.98284 -0.377501 0.691825
8 -1.06632 2.80848 -0.438847 0.661196
674 -1.47722 1.79488 -0.0419331 1.00471
668 -1.68969 1.67633 0.254136 1.07125
785 -1.70107 1.38972 0.340061 1.1124
666 -1.78475 1.80631 0.167889 1.19634
511 -1.04814 1.58523 0.311728 0.90982
530 -1.29344 1.75171 0.403587 0.997817
371 -1.75595 1.85824 0.720228 0.41021
824 -0.844963 1.94876 -0.319023 0.721108
415 -0.288846 2.13616 0.593037 1.31464
304 -0.157544 2.0352 0.689606 0.971284
724 -0.844532 1.92619 0.645976 0.980532
496 -0.15167 2.57123 0.742414 1.39679
272 -0.127182 3.05925 0.830271 1.2859
504 -0.27647 2.35771 0.653907 0.841635
424 -0.4484 1.98202 0.501603 0.736277
368 -1.43625 1.72734 0.66358 0.548109
13 -1.87097 1.98093 0.747057 0.661781
774 -0.966494 2.10628 -0.107086 0.709619
468 -1.08851 2.48403 -0.337022 0.881332
556 -1.02908 2.0068 0.192391 0.619497
745 -0.73764 2.04095 -0.167675 0.7395
23 -0.971547 1.79897 0.425103 2.02292
1 -1.58577 1.8569 0.751758 2.107
65 -1.11336 1.57016 0.422942 1.70949
52 -1.16335 1.77152 0.55556 1.98188
342 -0.982302 2.0631 0.319302 0.882544
949 -1.0495 1.70239 1.01212 0.788816
584 -1.19691 1.77766 0.900879 0.694558
348 -0.902838 1.91071 0.402465 0.466171
438 -1.14612 2.16363 0.252202 0.561261
190 -0.818725 1.93646 0.448386 0.629027
126 -1.1001 2.50161 0.403288 0.397562
626 -0.944439 2.38447 -0.08559 1.37544
633 -0.843815 1.86807 -0.131511 1.12003
609 -0.874103 2.04384 0.055841 1.09242
458 -0.779116 1.82509 0.078675 0.89143
432 -1.00547 2.60984 -0.406701 1.56903
446 -0.581863 2.20963 0.932234 0.77322
225 -0.482217 2.08436 1.05102 0.650434
816 -0.491973 1.94952 0.541234 0.573978
812 -0.62289 2.13978 0.859608 0.607471
410 -0.266454 3.04948 0.963427 1.27857
412 -0.996548 1.70921 1.38497 0.663759
545 -1.22091 1.73526 1.15122 1.01913
781 -1.1228 1.89665 1.28596 0.83658
583 -1.21305 1.72806 1.22663 0.656497
761 -0.458057 2.10876 0.292491 1.14862
593 -0.861137 2.02032 0.149246 1.05949
61 -1.20868 1.53967 1.01651 1.01089
442 -0.831607 2.06758 -0.0104135 1.34633
600 -0.919902 1.87071 0.303965 1.03603
134 -1.19 2.22179 -0.259531 1.40754
179 -0.846923 2.21124 -0.245548 1.21994
631 -0.826148 1.81526 0.121593 1.19666
452 -0.850171 2.1941 0.185848 1.20059
129 -2.17568 2.23741 0.746715 0.531883
398 -1.39919 1.81625 0.678276 0.721323
281 -1.08137 2.10956 0.951424 0.477182
672 -1.40148 1.54604 0.667054 0.818154
127 -2.0029 2.35657 0.382137 0.419683
270 -1.07244 1.79558 0.528576 0.532616
47 -1.11318 1.46603 0.483404 1.18943
388 -1.20775 1.63805 0.430748 1.51361
60 -0.916981 1.79826 0.201225 1.66903
4 -1.23083 2.18639 0.279408 2.17102
29 -0.637497 1.78453 0.274609 1.55277
928 -0.901323 1.96434 0.509183 0.87876
360 -0.991164 1.99591 0.28559 0.656935
873 -0.918623 2.15689 -0.0125563 0.703714
988 -0.841853 2.34914 0.232974 0.851554
934 -0.874114 2.12582 -0.0393251 0.875883
739 -1.56845 1.68978 0.773709 0.509865
82 -1.82809 2.26515 0.610787 0.474227
543 -1.03403 1.60986 0.280956 1.19481
541 -0.772043 1.71925 0.429318 1.50882
79 -1.56228 1.9961 1.87901 1.02729
117 -1.38185 1.75982 0.966723 0.594313
102 -1.2466 1.60299 1.22719 0.654703
808 -1.10811 1.5866 0.419088 1.65806
38 -0.918921 1.55485 0.496677 1.62351
392 -0.938456 1.56025 0.40668 1.0964
811 -0.884512 1.54999 0.480806 1.41341
12 -1.25413 1.7239 0.582393 1.91371
185 -1.1206 2.06838 0.462985 0.414854
863 -1.02535 2.0427 0.477629 0.550834
202 -0.911466 2.06543 0.583215 0.741947
41 -1.00487 1.62018 0.416988 1.2219
27 -1.12518 1.6834 0.375851 1.66414
130 -2.1555 1.9878 0.664031 0.610988
492 -1.50562 1.63358 0.440036 0.808417
364 -1.92156 1.89229 0.858929 0.3208
874 -1.03267 2.0865 0.302418 0.570007
909 -1.17111 2.25778 0.559531 0.534184
823 -0.904697 1.99986 -0.17697 0.660396
564 -0.896498 1.98732 -0.0876104 1.00719
986 -0.983082 2.00832 0.228268 1.13811
960 -0.916823 1.73643 0.493635 0.980495
315 -1.01808 2.67601 -0.459736 0.77718
502 -0.472904 2.15571 0.68973 1.11171
936 -0.68814 1.69727 0.618507 1.19035
174 -0.851805 1.87445 0.809827 1.50433
9 -0.839646 1.87021 0.473308 1.95316
619 -0.81123 1.51892 0.242916 1.44289
10 -1.25433 1.70941 0.747217 2.03729
732 -0.905804 1.69369 0.63345 1.59104
926 -0.960231 1.89138 0.274559 1.0594
81 -2.0952 2.2052 0.624749 0.342606
265 -1.43547 1.77533 0.652846 0.473874
146 -1.62804 1.65449 0.607756 0.650617
743 -1.26807 1.69457 0.623306 0.485948
139 -1.76711 2.16862 0.334088 0.320412
150 -1.6203 1.6084 0.587278 0.488135
370 -1.64696 1.73303 0.680084 0.426073
67 -1.4474 1.45048 0.478088 0.689378
947 -1.39128 2.00913 0.702319 0.420655
373 -1.51791 1.94761 0.778158 0.360475
886 -0.207875 2.24039 0.704969 0.878073
953 -0.271883 2.06189 0.554873 0.983147
287 -0.172263 2.481 0.652768 1.05238
345 -0.62215 2.13389 0.213752 1.07494
149 -1.39488 1.70591 0.761105 0.351701
489 -1.60322 1.85869 0.493666 0.177388
660 -1.35832 1.41606 0.485537 0.439227
756 -1.56599 1.70213 0.352316 0.945242
671 -1.6017 1.86652 0.296187 1.14886
527 -1.40909 1.87508 0.404255 1.01604
770 -0.793322 2.05196 0.581309 0.614336
933 -0.912452 1.93132 0.831968 0.62458
856 -1.25236 1.93113 1.51915 0.867678
765 -1.19077 1.54608 1.04579 0.862391
56 -1.03743 1.64441 0.485619 1.99032
16 -1.39634 1.58511 0.585689 1.89672
573 -0.354047 2.05073 0.753424 0.827162
577 -0.423297 2.28704 0.652124 0.753261
575 -0.253337 2.26698 0.622988 0.815549
581 -1.29427 1.7866 1.09232 0.72048
891 -0.871143 2.19281 0.0807984 1.1997
592 -1.10127 2.22113 0.0587692 1.23087
451 -0.863062 2.00061 -0.100977 0.99098
243 -0.728775 1.86155 0.256763 0.822737
455 -0.824617 1.98449 0.0612314 0.873597
212 -1.25399 2.38388 -0.11674 0.482614
552 -1.03585 2.43412 -0.437525 0.76733
471 -0.902167 2.33493 -0.318392 0.742427
850 -0.973703 2.1326 0.035453 0.736766
899 -1.0056 1.93871 0.296 0.721592
389 -0.934463 1.97656 0.00360297 0.753289
333 -0.820755 2.19112 -0.220028 0.666078
597 -0.779997 2.1432 -0.0935694 1.27563
591 -0.945065 2.34059 -0.148037 1.38977
491 -1.05219 1.88637 0.0279632 0.854737
932 -0.730206 2.06482 0.903367 0.572502
229 -0.596334 2.05282 1.14021 0.497176
15 -0.570198 2.37869 1.12639 0.724656
819 -0.898473 2.11795 0.178789 0.731449
817 -0.850955 2.31316 -0.0760926 0.74676
780 -1.22689 1.80419 1.17167 0.5536
11 -1.27912 2.63041 -0.583853 0.856169
775 -0.928031 2.22049 -0.111495 0.581602
849 -0.893233 2.32437 -0.326391 0.850896
252 -1.69168 1.82181 0.609191 0.52498
987 -1.1966 1.58258 0.612236 0.319385
378 -1.45996 1.55795 0.581455 0.483543
249 -2.0192 2.16025 0.722587 0.252171
145 -1.50524 1.97692 0.74826 0.294911
490 -1.10613 2.00995 0.642156 0.405689
266 -1.40078 1.77232 0.655481 0.422762
363 -1.83374 2.03166 1.06302 0.41785
701 -0.896787 1.73835 0.409574 0.69002
966 -0.855473 2.04923 0.226554 0.721238
339 -0.942098 2.29602 0.538128 0.605045
191 -0.814285 2.16268 0.275993 0.483873
347 -1.13408 1.94605 0.542424 0.665343
585 -1.13274 1.97888 0.52187 0.556365
862 -0.992802 2.25868 0.271323 0.374348
702 -0.626666 1.89325 0.837912 0.593847
88 -0.674252 2.3402 1.44809 0.650016
74 -0.647232 1.66729 0.870759 0.884226
70 -0.902659 1.34719 0.53864 1.45665
313 -0.901014 2.79341 -0.465253 0.603592
879 -0.830671 1.96705 1.06817 0.760303
55 -1.44568 1.46476 0.440583 1.62499
565 -1.51821 1.86912 0.522876 0.302884
402 -1.83929 2.03593 0.761396 0.432293
539 -1.04434 1.81406 0.173515 1.75046
855 -0.698292 1.43637 0.278162 1.26958
904 -0.873509 1.79844 0.74275 1.56913
330 -0.757063 2.02679 -0.176844 0.760439
245 -0.928026 2.00995 0.884252 0.722772
956 -0.821781 2.00285 0.734962 0.765012
801 -0.683136 1.9244 0.747256 0.747092
800 -0.583563 2.06817 0.952804 0.604302
241 -0.578467 1.95613 0.882246 0.727453
232 -0.601105 2.02816 0.852094 0.884806
207 -0.69894 2.53552 1.25007 0.649983
182 -0.822032 2.21432 0.642679 0.691463
470 -1.11894 2.53711 -0.45571 0.48265
613 -0.971682 2.19107 -0.171633 0.752989
641 -0.559651 2.20836 0.954129 0.720518
221 -0.467659 2.38172 1.10215 0.646108
290 -0.217299 2.52319 0.958247 0.939177
318 -0.236259 2.5527 0.524149 0.951673
572 -0.30092 2.46709 0.557835 0.969934
952 -0.308587 2.33546 0.594878 0.944605
337 -0.837104 1.89737 -0.00982883 0.842452
476 -1.09666 2.2664 -0.182149 0.506872
20 -0.690086 1.90978 0.389858 1.96899
335 -0.93546 2.21965 0.0890228 0.663791
935 -0.77785 2.17871 0.00517063 0.904706
610 -1.05331 2.59992 -0.148269 0.835078
310 -1.18385 2.64449 -0.361109 0.994638
540 -1.51468 1.71466 0.0873345 1.2063
523 -1.57776 1.69163 0.190596 1.14301
50 -2.16866 1.97783 0.139149 1.52075
224 -0.534667 2.34198 1.07284 0.530234
240 -0.4824 1.78359 0.816095 0.625769
921 -0.438514 2.34806 0.773088 0.803402
278 -0.16227 2.72589 0.630961 0.973059
897 -0.246211 2.44068 0.542003 0.843115
426 -0.310808 2.27914 0.532775 0.959574
418 -0.0983703 2.6433 0.874947 1.03096
943 -0.827023 1.67484 0.576898 1.07351
654 -0.861645 1.85149 0.38758 1.0236
516 -0.806972 1.89632 0.870627 1.45589
731 -0.655993 1.93004 0.698385 1.2455
712 -0.738766 1.8997 0.563129 1.13851
58 -0.912235 1.56123 0.364014 1.66014
170 -0.405714 2.38537 1.09049 0.692933
226 -0.654953 2.10164 0.883468 0.594071
215 -0.61886 2.27194 1.28867 0.571802
376 -1.14686 1.84264 0.551195 0.291797
248 -1.8063 2.31054 0.537644 0.165465
813 -0.779216 2.02226 0.943389 0.829715
635 -0.706216 2.35973 1.29442 0.436844
762 -0.646942 1.8763 0.733035 0.609962
216 -0.633814 2.47088 1.00096 0.582235
970 -0.778487 2.08508 0.950873 0.622689
877 -0.690679 2.04318 0.742547 0.707893
86 -1.41332 1.9293 1.34887 0.78072
562 -1.26188 1.77101 0.928648 0.63679
783 -1.16742 1.74233 0.987719 0.639971
113 -1.02514 1.60234 0.778477 0.892808
107 -1.13182 1.87391 1.09477 0.664317
689 -0.903718 2.00594 0.518544 0.649238
175 -1.05493 2.28545 0.63089 0.316251
176 -0.977587 2.12543 0.548024 0.454717
173 -0.979865 2.06601 0.53703 0.368866
636 -0.544046 2.27511 1.26091 0.499124
682 -1.17652 2.21261 0.655978 0.408553
971 -1.01973 1.85283 0.639973 0.59195
683 -0.93568 2.13679 0.649478 0.615908
178 -1.04439 2.03023 0.580541 0.60774
33 -0.887194 1.87995 0.635582 1.38699
870 -1.16084 1.65538 0.762718 0.737877
869 -0.792625 2.00574 -0.142099 0.69759
938 -1.15082 1.66883 0.706074 0.75726
806 -0.958448 1.7482 0.918295 0.886602
461 -1.15473 1.68431 1.25978 0.898042
90 -1.1725 1.88694 1.34023 0.70635
119 -1.18313 1.67335 1.06598 0.676509
895 -1.11716 1.6783 0.907316 0.728876
792 -1.16072 1.84942 1.12786 0.652597
420 -1.03454 2.09769 0.948429 0.835046
931 -1.04705 1.86601 0.668361 0.908623
136 -1.53937 2.02837 1.68637 0.764475
316 -0.935692 2.41652 -0.43115 0.672605
302 -0.414013 2.13995 0.722887 0.698712
794 -0.9836 2.08908 0.0808969 0.697113
84 -1.36951 2.10225 1.85826 0.726954
582 -1.25033 1.91204 1.2134 0.728768
789 -1.42394 1.95222 1.46347 0.846319
188 -1.24289 2.11488 0.403493 0.468427
199 -0.961447 1.70179 0.495962 0.609188
876 -1.1313 1.93899 0.556149 0.466982
495 -1.46732 1.76113 0.55828 0.388226
676 -1.49478 1.53873 0.449314 0.753736
377 -1.44679 1.63761 0.378677 0.794777
802 -0.732974 2.1537 0.853476 0.636474
983 -0.905876 2.09434 0.52525 0.776944
972 -0.792181 1.89912 0.199505 0.69094
384 -0.823774 1.62475 0.12507 1.65063
757 -1.36232 1.6842 0.305873 1.0645
787 -1.10903 1.81002 0.85803 0.727656
673 -1.34691 1.72545 0.761892 0.938734
590 -1.22361 1.82172 0.841333 0.676971
80 -1.51428 2.06915 1.50262 0.912488
469 -1.28353 1.7887 0.830784 0.54869
797 -1.05462 1.7631 0.982521 0.572461
487 -0.831656 2.20695 -0.289186 0.796311
28 -1.18015 1.53968 0.38132 1.66179
68 -1.12791 1.39872 0.676999 1.40279
36 -1.10841 1.59934 0.344762 1.51692
193 -0.877894 1.90848 0.261596 0.734769
180 -1.18812 2.01306 0.502093 0.70671
341 -1.21321 1.99428 0.30102 0.829636
865 -0.705492 1.95921 0.915246 0.798129
262 -1.16916 1.91786 0.550275 0.453452
135 -2.07725 2.36691 0.653247 0.21314
375 -1.50727 1.73083 0.696113 0.341988
164 -1.33013 1.70512 0.558785 0.362149
989 -1.21702 1.78973 0.849034 0.727887
977 -0.93821 2.23653 0.113369 0.913972
999 -0.945211 2.28561 0.309208 1.01905
818 -0.686897 2.08907 0.0500991 0.688359
478 -0.903866 2.34655 -0.140681 0.83929
941 -0.807169 1.80701 0.499138 0.805095
698 -0.923009 2.11976 0.366456 0.626458
875 -1.05695 2.05057 0.478698 0.633339
405 -1.15737 1.99319 0.506248 0.496847
187 -1.02306 2.14101 0.335444 0.641809
913 -0.710582 1.95223 0.767413 0.770801
747 -0.590887 2.24088 0.91232 0.70931
639 -0.491873 2.1026 0.777454 0.671305
665 -1.714 1.78415 0.150883 1.09567
662 -2.37225 2.13183 -0.0966806 1.33957
994 -0.908663 2.06394 0.882767 0.718141
968 -0.745414 2.03861 0.86041 0.76017
283 -0.311297 2.51673 0.737726 0.860189
288 -0.291445 2.24517 0.754141 0.981524
273 -0.157817 3.16707 0.881319 1.29469
417 -0.452288 2.22026 0.796142 0.746581
5 -1.26854 1.8014 0.653583 2.19819
192 -1.39065 1.93041 1.05984 0.596304
169 -1.09345 2.35357 0.464086 0.490755
45 -0.980632 1.4792 0.268095 1.20597
132 -1.79966 2.30889 0.750611 0.132895
679 -1.43952 1.62084 0.389033 0.758293
437 -2.01775 1.84623 0.111884 1.2312
669 -1.5855 1.65801 0.398996 0.922347
513 -1.97655 1.8887 0.21903 1.28067
519 -1.91572 1.83519 0.402664 1.11255
111 -1.28317 1.56826 0.438097 0.875636
524 -1.20535 1.64928 0.283012 1.07202
160 -1.37406 1.58371 0.641328 0.393249
560 -1.49705 2.04827 0.740752 0.426197
75 -1.38324 1.49898 0.489783 0.665894
289 -0.274977 2.33287 0.833412 0.819454
429 -0.368631 2.21434 0.673633 0.813849
888 -0.41314 2.26298 0.699527 0.682654
277 -0.0891426 2.84156 0.872016 1.07343
847 -0.835116 1.68092 0.772323 1.11706
727 -0.73329 1.89814 1.05196 1.64653
825 -0.997098 1.93312 0.861268 1.28907
857 -1.22157 1.7525 0.908846 0.689787
586 -0.91703 1.92672 0.987957 0.703287
154 -1.32766 1.714 0.775983 0.42361
338 -0.863008 1.97788 0.0504307 0.601097
555 -1.07464 2.13996 0.00382479 0.549565
481 -0.93088 2.21142 -0.159782 0.602404
793 -0.688612 1.7925 0.995026 0.647397
214 -0.462524 2.22009 1.30454 0.841597
900 -0.66067 2.0553 0.955432 0.823403
233 -0.501645 1.86691 0.895324 0.782232
982 -0.758363 1.97495 0.81452 0.712517
118 -1.25422 1.60017 0.938514 0.54258
344 -0.94836 2.05607 0.455308 0.730789
795 -0.896311 1.63759 0.683817 0.536365
929 -1.0048 1.77058 0.384923 0.738423
91 -1.22666 1.90237 1.18909 0.651699
211 -0.375356 2.38136 1.10896 0.622053
880 -0.727339 1.82974 0.425889 1.05998
49 -0.846255 1.42185 0.318836 1.44915
494 -0.756197 2.04585 0.839782 0.793647
979 -0.783582 1.90872 0.493855 1.17317
25 -0.972916 1.66318 0.591727 1.87508
77 -0.83303 1.5496 0.38032 1.3528
917 -0.821107 1.42156 0.291606 1.2199
18 -1.15736 1.8155 0.422146 1.90618
31 -0.82194 1.57651 0.547015 1.67682
637 -0.761074 1.80075 0.89143 1.45366
208 -0.414267 2.59991 1.07093 0.725908
223 -0.422859 2.00186 0.927944 0.762108
372 -1.57722 1.86632 0.706747 0.63964
657 -1.47963 1.64814 0.609327 0.376845
675 -1.56055 1.60262 0.0968184 0.881223
896 -1.46987 1.68203 0.311508 1.00487
664 -1.95532 1.86183 -0.0557999 1.21685
838 -1.15888 1.76507 0.269192 0.853824
754 -1.48805 1.94277 0.252326 1.16609
512 -0.529226 2.12506 0.695831 0.901555
421 -0.18424 2.39213 0.795641 1.05032
196 -1.01776 1.80806 0.463496 0.628848
622 -0.871131 1.62555 0.369024 1.37617
620 -0.781747 1.66445 0.193445 1.50465
57 -0.791382 1.78834 0.336951 1.67397
280 -0.0854563 2.66671 0.743825 1.38941
282 -0.276651 2.41659 0.692986 1.2848
194 -0.680862 1.8349 0.469311 0.553823
400 -1.33281 1.8242 1.28002 0.797851
239 -0.709477 1.97266 0.944692 0.609744
234 -0.536911 2.04421 0.878147 0.783947
383 -0.807436 1.72678 0.331586 1.49745
570 -1.26685 1.81933 0.614421 0.527954
259 -1.39198 1.69048 0.64723 0.537088
386 -0.762102 1.65522 0.363051 1.69898
621 -0.96946 1.72759 0.347963 1.37082
3 -1.08208 1.99333 0.404432 2.03419
14 -1.0213 1.82172 0.45773 1.57671
387 -0.907668 1.54703 0.470395 1.57683
677 -1.17661 1.70795 0.350644 0.88246
918 -0.893754 1.63459 0.0878008 0.766462
650 -0.65151 2.11815 0.0694988 0.676322
486 -0.710905 2.19232 -0.273264 0.615356
456 -0.802745 2.01837 -0.274543 0.922898
450 -0.765359 1.99583 0.00166208 1.31955
22 -1.14272 1.76531 0.462638 1.96068
78 -0.934712 1.48876 0.27016 1.18409
753 -1.76943 1.68321 0.339029 1.42991
737 -0.902566 1.53608 0.577938 1.0723
403 -1.55264 1.73837 0.834309 0.542251
488 -1.57543 1.76613 0.745013 0.511042
163 -1.5759 1.60597 0.730226 0.286162
151 -1.72182 1.83254 0.538579 0.373364
751 -1.69234 1.76759 0.731287 0.44352
521 -1.85834 1.82021 0.526239 0.731871
361 -1.91938 1.97033 0.513221 0.286128
106 -1.54466 1.71632 0.903343 0.393654
820 -1.42232 1.5947 0.587829 0.505442
435 -0.959972 2.3417 -0.149557 1.42616
967 -0.938361 2.0823 0.294786 1.12233
43 -1.10469 1.42045 0.796382 0.826311
189 -1.13462 1.95813 0.442594 0.612423
853 -1.06963 1.8321 0.386587 0.852804
851 -1.45872 1.63679 0.333614 1.13933
64 -1.5386 1.52978 0.282981 1.30472
730 -0.699297 1.65929 0.659903 1.41933
708 -0.798991 1.83737 1.10659 1.49562
716 -0.66732 1.82689 0.68521 1.12075
827 -0.769711 1.96621 0.655964 1.19777
279 -0.20137 2.71964 0.964118 1.009
887 -0.554878 2.14004 0.700935 0.787011
844 -0.835432 1.94362 0.682236 0.790061
927 -0.175393 2.06641 0.68289 0.843549
991 -1.08806 1.95615 0.423636 0.459359
399 -1.51868 1.77875 0.391213 0.495935
366 -1.42849 1.82873 0.799355 0.415417
766 -0.555944 2.13272 0.735098 0.552892
213 -0.595506 2.33482 0.916253 0.634919
814 -0.547983 2.18745 0.84302 0.677357
688 -0.798281 2.06868 0.420936 0.603902
219 -0.663869 2.22771 0.969659 0.610579
474 -0.728651 2.33963 0.0114085 0.922772
569 -0.811403 1.89593 0.0733976 0.682887
872 -0.981558 2.05579 -0.0196693 0.956255
331 -1.04864 2.20859 -0.188081 0.579946
687 -1.15225 2.11121 0.507987 0.772043
181 -1.06077 2.16517 0.703389 0.534628
352 -0.922534 1.92304 0.402207 0.546412
407 -1.31766 1.68876 0.674442 0.449912
140 -1.52794 1.91959 0.644221 0.346149
268 -1.07354 1.6056 0.669336 0.501687
362 -0.99272 2.15999 -0.151193 1.11066
905 -0.670188 1.78608 0.668837 1.39295
312 -1.33759 2.62127 -0.506529 0.47228
319 -1.06666 2.43425 -0.389761 0.556657
884 -1.20493 1.95514 0.147001 0.829783
408 -1.28879 1.80605 0.491614 0.51195
596 -0.734963 1.85518 -0.0109771 1.19105
300 -0.336642 2.24924 0.82158 0.859941
959 -0.800122 2.03728 0.629164 0.95525
719 -0.877851 1.92611 0.643525 1.16433
734 -0.799043 1.95037 0.836642 1.20287
652 -0.788501 1.77952 0.60065 1.28262
830 -0.845173 1.782 0.626449 0.988783
346 -1.02544 2.14146 0.472554 0.67535
396 -1.68106 1.97002 0.641919 0.282298
538 -1.23919 1.48233 0.489092 1.6823
34 -1.14342 1.67826 0.399494 1.57759
867 -0.683747 1.94745 0.76252 0.87203
98 -1.30371 1.7116 1.12831 0.637744
101 -1.23699 1.66223 0.988387 0.954022
436 -1.16638 2.30135 -0.130376 1.24993
120 -0.757537 1.6161 0.261245 0.944372
645 -0.686102 2.04833 0.597386 0.874628
640 -0.611535 2.16883 1.0019 0.763333
227 -0.616785 2.34047 0.963154 0.648578
246 -0.655775 2.03095 0.619939 0.624042
815 -0.683218 1.76326 0.78933 0.763726
231 -0.549161 2.2193 0.953208 0.415575
767 -0.604102 2.09604 0.831993 0.776571
644 -0.766631 2.01994 0.841308 0.775605
121 -1.0857 1.60965 0.976609 0.739104
656 -1.67483 2.01218 0.630969 0.245265
172 -0.992406 2.23717 0.393908 0.44659
143 -1.53323 1.78436 0.789388 0.374823
444 -0.742242 2.17358 -0.183577 1.23126
804 -0.876888 2.21491 0.178496 0.568867
854 -0.807609 1.83133 0.333592 1.25092
548 -1.04943 1.65154 0.333268 1.7482
925 -0.883636 1.81183 0.195992 1.29445
602 -0.840175 2.00307 0.0686251 1.26096
951 -0.297899 2.15825 0.684235 0.975838
428 -0.460462 2.30024 0.643368 0.851175
26 -0.771416 1.82488 0.173697 1.68816
542 -0.860946 1.45535 0.188678 1.5137
546 -0.957948 1.80193 0.137375 1.6482
423 -0.182734 2.50473 0.563099 0.908051
459 -0.759224 1.71183 0.091059 1.0885
122 -0.847209 1.74666 0.328046 1.01794
440 -0.85409 2.23274 -0.129201 1.30225
714 -0.871935 1.73012 0.641082 1.03444
713 -0.777803 1.96061 0.877161 1.1629
715 -0.797136 1.7376 0.461725 1.17453
525 -1.46202 1.6624 0.323042 1.18461
515 -1.95828 1.92576 0.108604 1.23886
367 -1.51757 1.62934 0.707706 0.581854
244 -0.651405 1.97561 0.309844 0.986241
709 -0.674246 1.95611 0.746937 1.31545
114 -1.15324 1.62621 0.987374 0.65628
116 -1.27197 1.55232 0.918498 0.541476
93 -1.41478 1.97567 1.21504 0.584541
44 -0.974846 1.4553 0.352269 1.46611
413 -0.144837 2.73489 0.892383 0.954009
301 -0.251189 2.35169 0.689285 0.840779
843 -1.12387 1.79245 0.888305 0.689333
961 -0.86074 2.02813 0.607336 0.896124
736 -0.719736 1.65906 0.654632 1.21749
691 -0.914078 1.75154 0.555591 0.861027
298 -0.287072 1.90981 0.491333 0.763529
350 -0.960987 2.0974 0.379766 0.742535
51 -1.2936 1.73904 0.331071 1.91753
624 -0.919819 1.46091 0.520017 1.32274
790 -1.26049 1.70884 1.22701 0.563106
720 -0.867371 1.90047 0.240432 1.03921
434 -1.15429 2.40593 -0.300741 1.5215
638 -0.593544 2.0464 0.961496 0.8864
73 -0.850573 1.3899 0.251574 1.52841
206 -0.930366 1.66379 0.668529 0.419353
510 -0.2829 2.10818 0.693976 0.923151
758 -1.59591 1.67779 0.12851 1.01812
995 -1.45657 2.10997 0.602376 0.980019
910 -0.95825 2.02546 0.54537 0.72841
237 -0.585923 2.09008 0.824282 0.933057
466 -1.02073 1.46514 0.242466 1.43801
251 -1.72301 1.82972 0.707526 0.490088
291 -0.620078 2.14905 0.687426 0.846213
284 -0.11938 2.72058 0.680203 0.913741
285 -0.217503 2.68709 0.747755 0.796894
912 -0.520696 2.23446 0.93743 0.663518
866 -0.634047 2.09482 0.801723 0.849773
750 -0.84093 1.66718 0.343357 0.858166
845 -0.737017 1.92093 0.752111 1.24123
937 -0.863298 1.74219 0.715556 1.00783
508 -0.78954 1.8769 0.380119 0.994279
447 -0.917682 2.01777 0.100903 1.17187
627 -1.03805 2.0083 -0.00363479 1.22191
655 -0.893051 2.1311 0.461356 1.09044
906 -0.9111 1.69847 0.718745 1.27317
165 -1.52933 1.81909 0.560885 0.440703
567 -1.67013 1.878 0.834342 0.400804
411 -0.308161 2.68886 0.516903 1.01419
740 -1.49486 2.0132 0.748161 0.346705
152 -1.53813 1.72412 0.728286 0.308978
923 -0.885949 2.04047 0.309392 0.709559
532 -1.41696 1.74415 0.318987 1.01863
531 -1.35849 1.67487 0.163886 1.11999
759 -1.40438 1.79777 0.291735 1.09765
852 -0.712104 1.94698 0.597614 0.47964
599 -1.36243 1.82342 0.320647 0.373834
326 -0.818274 2.06125 -0.149677 0.879202
810 -1.09424 1.55934 0.278301 1.44688
323 -0.869338 2.30376 -0.297397 0.581937
105 -1.28299 1.65317 1.0733 0.739791
772 -1.35974 1.76631 0.924797 0.652209
752 -1.24461 1.96906 0.203972 0.90213
646 -0.547793 1.84499 0.858751 0.681326
881 -0.727503 2.30064 0.785725 0.77944
406 -1.50953 1.57301 0.54604 0.452561
365 -1.96018 1.90966 0.716292 0.381031
449 -0.952572 2.08361 -0.0240692 1.29718
441 -1.02778 1.89775 -0.0565406 1.40945
514 -1.73704 1.93341 0.152933 1.0969
529 -1.49401 1.54724 0.437162 1.02378
791 -1.17427 1.65695 1.09853 0.601571
974 -0.779961 2.0727 0.668854 0.737968
503 -0.640354 2.00714 0.528377 0.992015
381 -1.87932 1.62486 0.0201141 1.48422
395 -0.966314 2.29412 1.07662 0.499663
112 -1.26433 1.56383 1.21546 0.717906
930 -1.4354 1.98478 1.33905 0.706641
661 -1.27748 1.56287 0.676167 0.392972
997 -1.47372 2.02598 0.356037 0.875999
605 -1.27586 1.81591 0.210478 1.01723
186 -1.1698 2.03748 0.409915 0.556259
184 -0.986334 1.84042 0.287936 0.738999
725 -0.976967 1.64759 0.911075 0.897453
533 -1.64428 1.61639 0.187099 1.0302
663 -2.40672 1.86736 0.107281 1.34972
253 -1.60891 1.78165 0.691846 0.443195
537 -1.44563 1.91677 0.75837 0.452524
589 -1.15068 1.70117 0.846527 0.63976
95 -0.938014 1.82514 1.40641 0.574735
796 -1.15011 1.65021 0.953978 0.670457
356 -0.816383 1.90781 0.46818 0.50756
686 -1.13332 1.78836 0.869763 0.682459
839 -1.30797 1.67041 0.803165 0.732185
784 -1.08657 1.90234 1.14482 0.789733
578 -1.41844 2.02226 1.47339 0.987847
439 -1.01578 2.06788 -0.0954298 1.50175
254 -1.15591 2.01308 0.179359 1.0787
571 -0.194219 2.69486 0.775513 0.850476
822 -0.993957 1.8187 0.581278 0.735961
109 -1.33334 1.86318 0.765044 0.501378
842 -1.02744 1.71178 0.992432 0.872359
62 -1.04547 1.65455 0.490566 1.47611
42 -0.822555 1.49739 0.318939 1.30377
430 -0.432188 1.88292 0.42898 0.869577
269 -1.53906 1.69582 0.727623 0.259925
659 -1.31033 1.55825 0.672759 0.504914
864 -0.846437 1.7934 0.402209 0.764952
771 -0.751466 1.89529 0.73803 0.681057
574 -0.390844 2.00482 0.685017 0.758534
497 -0.0959728 2.58997 0.683742 1.10582
294 -0.202985 2.2802 0.670145 0.859373
96 -1.29906 1.88213 1.2608 0.714843
63 -1.73267 1.54273 0.666776 0.59517
773 -1.54145 1.81475 0.538392 0.349661
256 -1.51293 1.84127 0.545595 0.5998
962 -1.59053 1.91394 0.829464 0.491972
522 -1.58775 1.72781 0.012148 1.13458
264 -1.27903 1.77208 0.575363 0.432349
642 -0.725282 2.01126 0.77218 0.650066
901 -0.676301 2.20081 0.839971 0.680881
159 -1.36178 1.85336 0.58276 0.436898
981 -1.56159 1.75156 0.498746 0.431247
39 -0.962465 1.31771 0.411332 1.70864
944 -0.8171 1.78159 0.619867 1.15476
695 -0.894955 1.79072 0.899601 1.51837
205 -0.948496 1.80319 0.264651 0.50974
648 -0.822523 1.80461 0.269367 1.06514
242 -0.603464 1.82803 0.77285 0.808312
915 -0.584861 2.01241 0.679778 0.751148
526 -1.69376 1.60459 0.163703 0.943128
878 -0.983186 1.79876 0.335092 0.708276
203 -1.12614 1.8406 0.538483 0.586907
322 -0.940985 2.47387 -0.0509189 0.851852
467 -1.19714 2.70514 -0.362428 0.779545
509 -0.451212 2.13567 0.608261 0.828605
498 -0.354314 2.45074 0.676787 0.895938
286 -0.190013 2.53388 0.628954 0.937916
711 -0.888729 1.76739 0.729374 1.17563
443 -0.719624 2.27282 0.120952 1.30402
493 -1.71478 1.77239 0.428561 0.458476
606 -0.723116 1.85637 0.0479843 0.957494
764 -0.796813 1.83807 0.111176 0.917785
608 -0.808337 1.89512 0.13062 0.969956
295 -0.800852 1.96075 0.601472 0.563326
183 -0.93064 2.14435 0.449461 0.615106
431 -0.442802 2.17164 0.567616 0.669087
292 -0.354382 2.40998 0.717918 1.12349
267 -1.31282 1.49624 0.51855 0.397767
924 -1.02203 1.90087 0.876936 0.751644
393 -0.858172 1.52377 0.390096 1.47512
391 -1.0297 1.49561 0.248727 1.4794
334 -0.778047 2.0774 -0.162979 0.684509
630 -0.868785 1.66686 0.521128 1.17321
805 -1.07116 1.78835 1.37425 0.636924
544 -0.853009 1.60184 0.214536 1.3846
94 -1.14216 1.68924 1.19237 0.72627
786 -1.09958 1.62088 1.07213 0.658675
807 -1.02457 1.81698 0.61132 0.621929
993 -1.7193 1.76899 0.337291 1.19347
973 -0.983094 2.0909 0.626807 0.93278
755 -1.55665 1.72281 0.395384 0.875455
357 -1.04407 1.81868 0.438339 0.583376
66 -0.945449 1.51033 0.425851 1.32103
201 -0.821648 1.88602 0.455869 0.507027
69 -0.149469 1.98784 0.655803 1.02006
156 -1.20168 1.96068 -0.0100709 0.484946
320 -0.83428 2.33267 -0.405488 0.727255
885 -1.25499 1.68261 0.386905 0.834097
883 -1.63395 1.72853 0.209211 1.03402
204 -0.95761 1.90768 0.442881 0.55741
860 -0.915802 2.13815 0.347748 0.657642
741 -1.39512 1.53331 0.541472 0.486567
76 -0.946627 1.64551 0.315734 1.55004
103 -0.998878 2.09302 0.0555683 0.63531
477 -0.893846 2.1239 -0.0325708 0.487231
617 -0.4895 1.97465 0.936161 0.980799
678 -1.24713 1.60886 0.279386 0.838773
520 -1.62454 1.76974 0.303609 0.994775
769 -0.907673 1.76445 0.686796 0.542688
768 -0.555879 2.1374 0.701598 0.946234
222 -0.804102 2.32889 -0.296877 0.936722
217 -1.12142 1.70423 1.38724 1.02901
858 -1.0068 2.18976 0.144159 0.730051
250 -1.55436 2.00154 0.26513 0.3134
889 -0.364635 2.23436 0.439822 0.852035
123 -1.056 1.61537 0.777822 0.678233
549 -0.862817 1.63929 0.610022 1.34984
359 -0.907701 2.04616 0.589235 0.693671
349 -0.882551 1.82555 0.302378 0.626176
955 -1.58858 1.80792 0.315417 1.05129
506 -0.226433 2.18486 0.69397 0.941188
425 -0.43628 1.85755 0.564184 0.848786
914 -0.555421 1.90029 0.663704 0.847176
946 -0.863106 1.88521 0.36642 0.899462
263 -1.51409 1.64547 0.304256 0.891644
821 -0.783182 2.08819 -0.0636175 0.428401
296 -0.393495 2.21571 0.613044 0.94992
717 -0.597937 1.69814 0.756028 1.13014
482 -0.89406 2.32026 -0.425989 0.669012
629 -0.724189 1.96538 0.0292521 1.23799
21 -0.860932 1.76652 0.410294 1.85346
230 -0.597244 2.06494 0.980152 0.668953
353 -0.844866 1.78455 0.432025 0.766981
954 -0.784291 1.7993 0.303795 1.47654
704 -0.851987 2.09547 0.524527 0.587932
195 -0.968919 2.07013 0.673855 0.573373
694 -1.03247 1.94423 0.684795 0.592049
108 -1.27512 1.80679 0.803025 0.804409
568 -1.4729 1.58115 0.839598 0.474748
628 -0.888374 2.28899 0.00829822 1.47723
598 -0.950052 2.02986 0.0113827 1.19757
957 -0.947091 1.78129 0.601338 0.479122
634 -0.921128 1.88219 0.0992866 1.24681
763 -0.837037 1.75714 0.213878 1.13425
748 -0.960138 1.70546 0.356201 1.65845
733 -0.867417 1.6688 0.56117 0.969632
157 -1.54166 1.80553 0.82556 0.434504
647 -0.55933 1.96617 0.94036 0.56647
501 -1.12227 1.77633 0.316602 1.00869
534 -1.22578 1.60475 0.0718041 0.718503
670 -1.66905 1.74804 0.166091 1.12307
557 -0.741889 1.92145 -0.210212 0.732088
72 -0.764625 1.64656 0.248949 1.01729
198 -0.889209 1.983 0.209641 0.555126
453 -0.933226 1.9702 -0.0344305 1.16706
454 -0.778951 1.88399 -0.0780261 1.12265
561 -1.46157 2.10881 0.688723 0.317341
260 -1.29647 1.6315 0.45175 0.400633
167 -0.982486 1.48316 0.433979 0.701319
351 -1.02062 2.07424 0.364873 0.489218
894 -0.968485 1.85195 1.04019 0.726769
965 -1.04798 1.84025 0.755095 0.679358
948 -1.04017 1.89133 0.939438 0.996817
550 -1.0049 1.61086 0.370613 1.27268
625 -0.680456 1.46481 0.47667 1.16781
992 -1.32927 1.91317 0.317908 1.06698
833 -1.07175 1.70071 0.573881 0.738466
464 -1.04488 1.75409 0.346742 1.3204
615 -0.739007 1.89931 0.279151 0.878721
445 -0.846056 1.97119 -0.0366779 1.3267
985 -0.803961 2.11954 0.715972 1.13373
594 -1.05194 2.00987 -0.0745126 1.142
448 -0.798233 1.88969 0.0768596 1.07008
836 -1.14962 1.55615 1.01736 0.758964
460 -0.872831 1.80774 0.142388 0.937571
404 -1.53558 1.63355 0.354425 0.926031
409 -1.66826 1.63447 0.427142 0.758456
328 -0.617865 2.06355 -0.0676286 0.764146
738 -0.842475 1.71777 0.0620977 0.645197
554 -1.30398 1.78778 0.0314906 0.827526
462 -0.4388 2.12143 0.535849 1.05133
684 -1.01595 2.09333 0.463457 0.704836
235 -0.626288 1.99465 0.914385 0.619437
700 -0.899997 1.89924 0.348725 0.639775
236 -0.451506 2.01036 0.582908 0.58311
653 -0.789191 1.95457 0.304437 1.13766
218 -0.613565 2.53744 0.735996 0.620724
632 -0.871376 2.1223 -0.0735176 1.13443
919 -0.861635 2.15216 0.04952 1.34999
587 -1.24626 1.681 0.779201 0.58209
692 -0.955598 1.97276 0.428715 0.789234
831 -0.80203 1.90777 -0.0150163 0.640236
479 -0.830421 2.19424 -0.178225 0.757472
703 -0.942614 1.85184 0.486395 0.573657
998 -0.981971 1.91663 0.62728 0.757533
893 -1.12092 1.65363 0.895466 0.708694
996 -1.09864 1.67768 0.872548 0.757678
104 -1.13979 1.74758 1.03613 0.795174
343 -1.14478 1.96089 0.467911 0.472083
414 -0.445714 2.49061 0.80137 0.907072
427 -0.974765 1.77703 0.374736 0.93098
32 -1.09752 1.61276 0.298123 1.61078
485 -0.728338 2.1638 0.0362798 0.674305
97 -1.44105 1.86743 1.24211 0.564482
559 -1.05832 1.9809 -0.300787 0.781625
903 -0.634586 1.73665 0.738658 0.74419
220 -1.33375 1.79756 0.442076 1.31001
369 -1.9425 1.5917 0.0850904 1.02959
776 -1.26828 1.67706 0.175536 0.801613
153 -1.47496 1.57686 0.583523 0.218723
892 -0.870021 1.72802 0.253051 0.84294
305 -0.49533 2.04427 0.517373 0.781332
580 -1.29395 1.89039 1.06137 0.568341
945 -0.620556 2.19922 0.977134 0.566818
964 -0.85581 2.05958 1.04451 0.659678
354 -0.833354 1.92647 0.378738 0.540196
777 -0.883813 2.02927 -0.0219612 0.897069
969 -0.813956 2.12704 0.869219 0.709377
299 -0.432344 2.12488 0.58426 0.922295
161 -1.14407 1.72592 0.485026 0.291567
303 -0.46209 2.12943 0.770483 0.744211
834 -1.19165 1.89312 0.95018 0.83189
861 -0.940809 1.62697 0.354289 0.571106
980 -1.32074 1.73371 0.613618 0.630151
829 -1.15155 1.84486 0.960667 0.69316
30 -0.901701 1.64951 0.351905 1.72476
483 -0.957223 2.02484 -0.150189 0.544016
939 -0.623074 1.85057 0.487655 1.31738
71 -1.16847 1.55696 0.494603 1.17455
809 -0.831762 1.47157 0.36674 1.47289
746 -0.736154 1.8045 -0.036536 0.868932
558 -0.598065 1.92059 0.0464089 0.677717
148 -1.61483 1.83324 0.772109 0.371793
840 -1.4845 1.7911 0.326795 1.16291
697 -1.04031 1.9369 0.542451 0.78541
457 -1.09799 1.69395 0.761129 0.664479
463 -1.03944 1.51906 0.308743 1.47572
984 -1.22231 1.77292 0.377479 0.630566
307 -0.786696 1.97681 0.59992 0.708001
535 -1.34167 1.71652 0.316807 1.19095
382 -1.03523 1.77085 0.315145 1.71209
828 -0.751557 1.86271 0.629741 1.1473
37 -0.807286 1.83664 0.36292 1.49957
258 -1.41156 1.57966 0.543867 0.378153
940 -0.93046 1.64992 0.35331 1.48779
902 -0.721671 2.0171 0.681805 0.814215
848 -1.02851 1.95278 -0.138523 0.807786
803 -0.713365 2.04216 0.769215 0.738224
505 -0.655017 2.11874 0.865467 0.742488
390 -0.892084 1.5657 0.158535 1.52371
649 -0.490599 1.97981 0.823484 0.688204
963 -1.37559 1.64688 0.301557 0.843388
142 -1.85244 1.89116 0.791417 0.526132
920 -0.952618 1.46854 0.248121 1.32467
147 -1.41845 1.83574 0.46818 0.460428
779 -0.948973 2.06994 0.104881 0.566536
576 -0.728205 1.6564 0.975216 0.805639
553 -0.864711 1.90853 0.0509416 0.683682
500 -0.214489 2.38903 0.674017 1.13062
124 -1.13901 1.7484 0.790358 0.705747
685 -1.1033 2.09676 0.436661 0.585381
177 -1.06658 2.34903 0.460665 0.399412
238 -0.780647 1.90175 0.906632 0.500285
922 -0.357203 2.12537 0.556578 0.988634
261 -1.38899 1.91272 0.698644 0.352994
607 -0.766147 2.02682 0.24631 0.977479
332 -0.793474 2.14816 -0.212155 0.772869
358 -0.992089 1.90483 0.392215 0.623329
978 -0.589748 2.07492 0.463928 0.835115
99 -1.07981 1.91836 0.90854 0.734686
832 -0.857754 1.97534 0.784798 0.97024
911 -1.05484 2.08373 -0.0686291 0.564047
908 -0.743425 1.68768 0.683584 1.09266
419 -0.30813 2.39459 0.874189 0.912574
110 -1.02495 1.7259 0.849717 0.788627
976 -0.981416 2.17066 0.151362 0.537263
742 -0.920432 1.68946 0.0103643 0.669194
788 -1.04692 1.73618 1.04127 0.694626
958 -1.25762 1.90122 0.928251 0.61546
942 -0.8189 1.84206 0.425698 1.15511
507 -0.497459 2.02886 0.70068 0.889965
48 -0.751445 1.4597 0.42263 1.24771
336 -0.874858 2.14946 -0.149585 0.839856
744 -1.40409 1.60353 0.741901 0.468514
723 -0.713137 1.70238 0.613635 1.00733
484 -0.802631 1.92932 0.174341 0.602349
890 -0.655054 2.47149 -0.0440945 0.73982
990 -0.632651 2.1501 0.780666 0.816695
297 -0.425328 2.32133 0.483273 1.00927
115 -1.25823 1.68559 1.1379 0.749391
255 -0.345504 2.28022 0.567191 0.796351
614 -0.926988 1.98112 -0.193311 0.826784
