1000 4
0 -0.007769056000244652 -0.004316158672222441 -0.0635513181589125 0.1032014641164606 
1 0.05651089015200953 0.02562879055219122 0.04659821577152838 0.03152681639909676 
2 -0.013123480464689427 -0.10757556865862404 0.06932392641659432 0.038866960820975786 
3 0.002455351299541405 -0.005716770023405225 -0.06705197504796742 0.09678215504939881 
4 -0.06522964909028081 0.05221756375111237 0.036526382568702394 0.027452087234060608 
5 0.044372971808591344 0.01846359527628917 0.033058109470531824 0.026738759682920752 
6 -0.057155690267417555 0.036236405684445354 0.03482683610174241 0.030975317562733744 
7 -0.008569148377194089 -0.003236550893631877 -0.06395239604105099 0.09727654933848193 
8 0.03852937134038326 0.018072264806927904 0.03748208781870518 0.0291884078215055 
9 0.05475944832147875 0.033513797363269156 0.027099014245461652 0.024936660211581356 
10 -0.014742036821927753 -0.08885813569374751 0.0641884974625227 0.035490306959111526 
11 -0.05274306792997312 0.04432042203012863 0.03218528672399196 0.026036907410451574 
12 -0.05583786137331488 0.02284424754569342 0.03384118558964098 0.037133258819795185 
13 0.04550479698828216 0.01977992404489591 0.03549692376868966 0.024907988692681633 
14 0.005712281751042619 0.006974571628099488 0.010870166246424399 0.014388127513161335 
15 -0.014691130172046154 -0.08788951366211348 0.05757368758052704 0.03418824033312841 
16 0.03452720033335901 0.013040384729131174 0.022720494742790805 0.023196427646611048 
17 -0.05624556185469908 0.04561718101004733 0.03229807293123295 0.02525213994163473 
18 0.0033022471023789954 0.005335228120771599 0.015572417171664575 0.01987465448089958 
19 0.002260101303729903 -0.006906109645729634 -0.05593284025535964 0.07730966610511618 
20 -0.005683667127455456 -0.08110150887033807 0.05303569974968378 0.0317053226343018 
21 0.036718519612712525 0.015791412259071404 0.03295925692458085 0.021757292201439647 
22 0.027452833286560226 0.014539710145491812 0.02216890047605236 0.020035228387466863 
23 -0.06957740664966723 0.04005233133846767 0.030814974722440172 0.039185456660338354 
24 0.03103139000883736 0.013398780258195797 0.02217134026317346 0.02387163588693052 
25 0.0020970252896409026 -0.006659821538504532 0.01738129462021036 0.025065254736615705 
26 0.034683792747072145 0.01568806430979896 0.023822488411247185 0.01945949506258042 
27 0.03398330670753184 0.010987634354782465 0.021794599682949767 0.02374491666340365 
28 -0.0556525184335114 0.030529952606949115 0.028191311877034105 0.024049743035565577 
29 0.0006956711289944844 -0.004751830623348142 -0.042238132388886906 0.060209704400219805 
30 -0.0004827767324280822 -0.01085066228978061 -0.0514275640681303 0.0730665139264213 
31 0.03665818997370955 0.019717573404977783 0.020845761725275323 0.01921553292443329 
32 -0.009231400192149653 -0.07476169100336441 0.04954251490299182 0.028814117273068218 
33 0.0002231257934049768 -0.00433287274559609 -0.04570133923245306 0.06507146992745376 
34 0.03566032776752485 0.025540903068926354 0.02195387665416189 0.014552349183795762 
35 -0.014291688652856788 -0.06885290887836468 0.046535684519084505 0.025720991158376626 
36 0.006201009352414365 -0.0074762982662934215 -0.048236648397892413 0.07208700122729443 
37 0.0023173285923118437 -0.009656924471640264 -0.05071036884258317 0.07533839418749243 
38 -0.044054384759893296 0.02890836602344674 0.027601793711338557 0.023821006051942 
39 0.006646393510891046 0.0049237771170931085 0.01816402613789024 0.017529122654806533 
40 0.02298663830898201 0.011078663397376431 0.012233051478354988 0.024327485958157615 
41 0.026174950794864947 0.010222560091732228 0.02140833240747552 0.015893351490372083 
42 -0.0035704668305219078 -0.008256417726605823 -0.03985928778869508 0.06528056994148067 
43 0.045825279507129286 0.02685304213782598 0.02457581924905407 0.01723616584180674 
44 0.00322074472901653 -0.01096963054071414 -0.04268791417629188 0.0626463202655317 
45 0.005903798984397686 0.005732379395858574 0.017495239433718304 0.01710143450849015 
46 0.0011236614460905933 -0.0006322807325557084 -0.037336297472151635 0.055511390881319914 
47 -0.04736744272607397 0.04031024715407664 0.02507602122715491 0.028022906763838427 
48 0.04244062765664693 0.025908307398399423 0.023470805446665386 0.015048547618122935 
49 0.025938219751039996 0.00853952138642654 0.015195857706243609 0.016595736384453143 
50 -0.04005200841243917 0.0334298315287114 0.02609030512411698 0.01866149141598627 
51 -0.042117129190739254 0.022880862255168544 0.023925015571711623 0.01939643332052529 
52 0.03343329654617216 0.024998150381280358 0.023884679758270175 0.015549124218819077 
53 0.04646724615199352 0.02696607858282292 0.02591485220255902 0.01767518111744369 
54 0.004808370361136805 0.0025412884855939375 0.013070134877018698 0.017424281473510547 
55 -0.032737252483486405 0.032399490889232274 0.02350949323172905 0.01825767789926799 
56 0.0020494221695592073 -0.004745723151787072 -0.03370069951969359 0.05000360381216777 
57 -0.03277356917245331 0.023580594168239804 0.018641135546274747 0.025055171557381347 
58 0.021702817161826784 0.012819838844636297 0.015119278556880432 0.012104051882181496 
59 -0.00474781698715572 -0.050198459842969334 0.03384787553808786 0.021379385253661447 
60 0.026325984913317283 0.01391943991051727 0.021085904866827154 0.01596976779746272 
61 0.005802392113219108 -0.005978846901660742 0.013547847456193089 0.01287340171634883 
62 0.03173263196450399 0.02472176220203497 0.020541877513253523 0.01444670076862134 
63 0.0021151628994204065 -0.006382546171075017 -0.046002964728957124 0.06048351036654406 
64 -0.008079816127247454 -0.06109466811517389 0.03460717621417497 0.0254861536298099 
65 -0.0023033323047182068 0.006408336288591834 0.0015784212682251973 0.018922463598725632 
66 0.021089156069837377 0.0012521985462671482 0.016586592844167233 0.02004513557916165 
67 0.024362209920904904 0.015545151482251655 0.021679465060197207 0.015138755880992153 
68 0.01846646588115069 0.006822962578028888 0.011461156759294648 0.01206398096995167 
69 -0.033655423356081564 0.03316791815466399 0.023960965252099328 0.01605676889319974 
70 0.004611870666382775 0.0023258398858529527 0.004824768371066363 0.012349129286843289 
71 -0.021624122233294886 0.0007029453556674708 0.013470983609027903 0.015149488949004909 
72 0.0026694780900778973 0.0042098745221945165 0.00432428703145976 0.009112085464738096 
73 0.0012223350634768583 -0.013524620357045564 0.019391997695135842 0.018103417597543935 
74 0.03290124196017593 0.017223398630753207 0.019674926829477062 0.013938288062964791 
75 -0.0007437384958227703 0.0061292934196265575 0.006244788745211149 0.011307179966115306 
76 -0.028868379911835978 0.01723159857420112 0.01856597957250669 0.01450731454862994 
77 -0.033221530783478934 0.023142523086070586 0.02026135115362954 0.018566796559156863 
78 0.002532404593466776 -0.00016865454208542076 0.005999539289649828 0.01524186751645097 
79 -0.003929912998317324 -0.044915983179697375 0.024825639760012445 0.021115007345708123 
80 0.004361843736366498 -0.006137916328336861 0.013036265155094937 0.016277974909413746 
81 0.026463640968645827 0.023885076375379195 0.013801664687728659 0.023064359791961413 
82 -0.03806890579779873 0.019570859596119147 0.01695774142963781 0.024368836994456047 
83 0.02328997693906774 0.011267806463007611 0.015257126686004941 0.01276859843767584 
84 -0.028807738594737384 0.0246991890076894 0.014346533903353739 0.019250387726644946 
85 0.0033947173741044685 0.001810761932275075 0.01343149615953263 0.01354524676732253 
86 0.023749970517740065 0.018590243892564865 0.015163122219337428 0.010249781252080977 
87 -0.0004587223573933579 0.005685837985187647 0.010151874383670259 0.011495201916788886 
88 0.01519671056357583 0.004683134751455253 0.012481184607963535 0.010289042450183493 
89 0.019884675718635298 0.0033748233827691674 0.012980220254880596 0.019712624242561892 
90 0.002262485003716852 -0.00510883726710513 -0.0204865565501645 0.034410674502433625 
91 -0.017093115032245212 0.025313271821356217 0.01937676900273831 0.013977365126264112 
92 0.02957436243899037 0.015121415443332602 0.017607049873252133 0.011050672053112455 
93 0.021195045532030415 0.0072086629552335696 0.018422187150856854 0.012829089873758614 
94 -0.024794535236732824 0.02634492849552016 0.019436348375012943 0.01505677936033802 
95 0.019767140736169912 0.008334266765900246 0.012956090372474563 0.010272575433506298 
96 0.028875222629270562 0.018262995478466933 0.016188786327893456 0.011688070434611128 
97 0.023034138461657232 0.019221781173671723 0.016522547026912804 0.009760165133350965 
98 0.006787769523017826 0.006744169637185985 0.007596635388700052 0.008255300934752172 
99 -0.005778271523414427 -0.040626701930342235 0.025218249652334497 0.01598440602828018 
100 0.013911679689021217 0.006119438411870395 0.010147630731875447 0.011925608137502994 
101 0.0025676602950195117 0.003669211942712542 0.005258852705403246 0.007185533044854531 
102 0.0012258510609216109 0.0013268146259119676 0.002785872674559114 0.012243025572672036 
103 0.01793844903374293 0.008064925758788718 0.00938614664460325 0.01746636051488025 
104 0.002768580104674519 0.0013202935851831933 0.004287850826421871 0.01632635707369776 
105 0.014881859376010657 0.006127799796172721 0.010770752011575138 0.008169067275132754 
106 0.006920714030004783 0.002527939945766274 0.005011318430016468 0.012048024741898667 
107 -0.025179978726811915 0.014815169333924726 0.017826102990619236 0.012681236297817684 
108 0.012855954323629565 0.007101706299897417 0.01193412677616687 0.011343121047844662 
109 0.0048309562391498735 0.0005524138764734745 0.009866310216211547 0.010217740044658204 
110 0.008616558580658056 0.006877271774633707 0.006013512040552362 0.008380428356830016 
111 -0.005145088732285171 -0.005826369993776084 -0.015257697481381947 0.03492650245697065 
112 0.0038262136406675314 -0.0007839477889259813 0.007494473589011566 0.008137584818771509 
113 -0.023401630084052945 0.01768302635376324 0.0077256818357753256 0.018019676673886147 
114 0.0020211307145327068 0.0006998692155915686 0.008001092946497316 0.01033667724556346 
115 0.0035301325121366717 -0.0009679754341266359 0.010290909183383582 0.009885879765833746 
116 0.00965354787598411 0.005758406934506086 0.006533221842505847 0.011835124764007473 
117 0.002909979773136907 0.003220268055009254 0.004624815457663015 0.007430025932314892 
118 0.0008923367600953466 0.0018111081383127808 0.0006342492538826522 0.014068864065751762 
119 -0.026557417442608946 0.005668217010776412 0.01778419814790063 0.014159494934075813 
120 -0.004609106900278487 -0.047656755177779404 0.027226688473418203 0.01948243918530481 
121 0.002345702611297247 -0.00808940940257652 -0.027305128939667408 0.04706984298538608 
122 0.0017660339191887214 0.0011387578916258977 0.007283481500079959 0.00715655324740691 
123 0.031378842474893705 0.01144722930722827 0.021590242833639917 0.01732658877130427 
124 0.004737566381949021 0.0035791308075060835 0.008934431600300462 0.009540265902944522 
125 0.028630523172806684 0.015943798810730752 0.016142007003743346 0.010524480960523063 
126 -0.014643424159906082 0.018524727351161268 0.013988271253137868 0.009526632978481182 
127 -0.02537027393426253 0.020125107849980953 0.015948616518224684 0.012358905669022223 
128 0.0042528893287803685 0.0023954282657432813 0.006419506367863087 0.0074605809301462895 
129 0.009403006618293172 0.007935339410731124 0.010056361220359763 0.007658167861770234 
130 0.020841672475757814 0.013425329307858834 0.011426790500710807 0.007256759513493482 
131 -0.002870517658736425 -0.04695199466684323 0.031221663398923055 0.01847213908631611 
132 0.013996122254020658 -0.0023938277681653524 0.010301791814390681 0.015894368130732993 
133 0.004130651238488584 0.0036237957248208387 0.0045487353358458086 0.0056912509940031985 
134 0.005229101201332538 0.004653415582011163 0.006753998657539927 0.008028291152147543 
135 0.014414631644888928 0.007391239409253534 0.007861939541249112 0.012838498299801618 
136 0.004758982875951622 0.004332720091417503 0.005645455032612761 0.005970871085714962 
137 0.0043905826278978904 -0.0023906605739941085 -0.022443913941887227 0.03525115374047091 
138 -0.006222374522445259 -0.04388806508629058 0.02989905951674732 0.01571896967672557 
139 0.017286843083387456 0.01348458227412089 0.012551838363998136 0.00826258914464249 
140 -0.027299817688968678 0.01647896561788527 0.014527180895494006 0.012784577987324864 
141 -0.02314276583949321 0.020540229093915095 0.014782788070979264 0.010577940663011352 
142 0.006567180138532996 0.0036716107367291174 0.005410250431781402 0.006164859638972471 
143 -0.005760355907289975 -0.048983941928218026 0.030757962809821404 0.016651027295877075 
144 0.000816555717658605 0.003110857516994257 0.008264419601504109 0.008216298011476475 
145 -0.022965962482205178 0.012752886398055436 0.012829518868963757 0.010456742961722767 
146 0.01146190174634177 0.000700244726434217 0.015997033742673666 0.011577934766820973 
147 0.0004329859841391783 -0.0040415761260815634 -0.027498835109905227 0.03570133465090952 
148 -0.016551152142703064 0.011970830675814264 0.012611314011393225 0.010516854870234765 
149 0.01229685027016838 -0.0023845381843496075 0.014080908685053461 0.011768629338523743 
150 0.012761379629747922 0.006902845207405325 0.010940182214937871 0.00911819087264045 
151 0.005174806918791461 0.0036013387382449707 0.005276286183355281 0.005322773502152167 
152 -0.021106360714204405 0.011538146229648185 0.010833342034034833 0.010875152691027045 
153 -0.019611534852110476 0.01917566618445271 0.010010087371570687 0.014326011756016131 
154 0.0001633099123647125 -0.002401230093818244 -0.02691179373558234 0.03723908066796166 
155 0.01797749974217698 0.008106718840867918 0.012066296290678838 0.010972980738031216 
156 0.005887875741470383 0.01629361482562036 0.012693344774406807 0.010310366702767318 
157 0.013062614746488404 0.0031332982794841013 0.006612339440120453 0.013219156845809122 
158 -0.025257006998480037 0.02282559646744991 0.01445401770142741 0.0126249955537471 
159 -0.023214403592142076 0.012679092094785344 0.00901214699262723 0.014020667420866158 
160 0.015253759155983471 0.007621930847191371 0.008376157711709189 0.00943325699831049 
161 0.015205646922100335 0.006756279063050394 0.010167567313869492 0.00968172063410345 
162 0.0018083203338685214 0.0028000873479509156 0.004852036005319085 0.00624528700547775 
163 -0.023662499132298377 0.02116530380249052 0.015857966430056103 0.012027011547423149 
164 -8.82425553142563e-05 0.0013529876860719932 0.004304827472696304 0.004618928136374516 
165 -0.017732664555649168 0.016892255135152596 0.011984411363326931 0.00910776866734623 
166 0.005729331748719239 0.0028832237979776174 0.0023882395320435107 0.013999905213302383 
167 -0.004009729911415604 0.005212653674212645 0.00597962630730974 0.0070151373010594 
168 0.00266532043744493 0.0013641076035010985 0.005255913702934267 0.006818853956534028 
169 0.004745064975494167 0.0024247828420939956 0.004423410720152409 0.004232576868307512 
170 0.015214630858110274 -0.0010277986428058965 0.010690725962886267 0.016471973280594607 
171 0.0015859649839225886 -0.002956468635159642 0.003714170948764851 0.011892286699587041 
172 0.009996182227483887 0.003229965871833623 0.005907746400682774 0.006812091858649098 
173 0.0003407476155057185 0.002958987476533764 0.007462820489104984 0.006963290716132768 
174 0.01486471943350551 0.006050856552867941 0.010060915842842801 0.007850680588421154 
175 9.888413494071417e-05 -0.0021461145223862785 -0.022484192601910247 0.0306099509737028 
176 0.0166841017994706 0.0030753432085612775 0.011447112145602754 0.013314808724389577 
177 0.008092887709484116 0.005190806560186665 0.005811848490608081 0.0066787179212775835 
178 0.015077099239483511 -0.0001685968271886853 0.017359257362856154 0.010685255497666964 
179 0.014198431276143725 0.008764234268758466 0.007838657986286432 0.006707629253017967 
180 0.0009945709247569168 0.001518910823234545 0.0026428742908344515 0.0042473643859211535 
181 0.016582334202647767 0.006133681740812972 0.008698599010054119 0.012496070066828381 
182 -0.00042109045300465304 0.004549088647288147 0.006936328779106953 0.008307645382231643 
183 0.0067100741214409605 0.002335422874058641 0.010123202922886827 0.009100420772827873 
184 0.005084718550917977 -0.0008366170134240083 -0.02239078544031113 0.03500083971192293 
185 -0.0013360391980334234 0.00040649083449867385 -0.01898974580529053 0.02776612338531772 
186 -0.013512852016894361 0.010798484402584114 0.008940202081693776 0.006909647086527265 
187 0.014301675370066182 0.000996671666461207 0.014174625705304941 0.009171815426759445 
188 -0.017017904851494313 0.010620169487136262 0.011398187180225578 0.008923155694944498 
189 0.014873987598382737 0.00817101202956957 0.008678338689101155 0.005759236805531946 
190 0.012141565619615834 0.012334470275013026 0.010619412099551601 0.006764391529777222 
191 -0.02509003980558685 0.015812387172051624 0.014515370597268774 0.013293322118441227 
192 0.010072323958785207 0.004986305418848528 0.006369958903410161 0.0065968593853583 
193 -0.002819268006667788 -0.007332848075951737 -0.014287701177012483 0.02584811218189145 
194 -0.011485192571341202 2.0312700834285535e-05 0.015224793430288189 0.010794646211098895 
195 0.013099126706835872 0.005002653509621742 0.00974336556583114 0.007634905313058637 
196 0.010591691538587515 0.0039671148426281 0.0035994870340518665 0.01210265412826953 
197 -0.031125327503881136 0.01655254762970483 0.017056651760228345 0.014386970679004232 
198 0.003686241224422339 -0.0011427897407087187 -0.0191239876983649 0.031133822683602062 
199 -0.0025943614134733145 -0.030177365494599522 0.023965131015379722 0.013049457116862043 
200 0.0034924714478662498 0.0011376512036787615 0.006612025245282096 0.0059786496805996365 
201 0.00047356650775321857 0.0029926160057011835 0.0040142750236348895 0.010350970229366529 
202 0.00542490681904248 0.001991825993918871 0.008541564471514116 0.008697308722177862 
203 -0.008957443313002689 0.01250389202764846 0.007966762445896046 0.010482523375609131 
204 0.009917857123608285 0.004798598477071938 0.005654089062403748 0.007106820504633904 
205 -0.0010101761518382666 0.0038371336682142903 0.010798919425201685 0.010170608403295967 
206 -0.008864677527202826 -0.029552912638666863 0.022608120167739977 0.013471604258041526 
207 0.00289763575158735 0.00039160500459607396 0.006608002610840299 0.0073259645948694435 
208 0.0018270087508235795 0.002257774272271561 0.003259300124360902 0.0031025758350425136 
209 0.016620034120379483 0.005632476371539475 0.014468789440644053 0.010456361213296371 
210 0.02130288033098943 0.012423733317297535 0.013082401179511906 0.009019781971569139 
211 0.0033176799492427313 0.001953248669786316 -0.0009659263127588484 0.007988326414916987 
212 0.00748209154182319 0.004004947827141132 0.007325319816559132 0.007703630551841423 
213 0.0051827489653694415 0.007333796704100993 0.009716890409005897 0.008650960698816332 
214 0.008537651821730646 0.004390291522789665 0.006381256004271029 0.005209504553760839 
215 0.015838766395845798 0.012812554188659845 0.010444199073977168 0.007431312237398568 
216 -0.016104955219112396 0.01167991745502191 0.010521444048856406 0.008518295791337747 
217 0.019680857131216256 0.012133758900667039 0.010336445304962935 0.008169517630131273 
218 -0.00451513584156091 -0.035998109275786894 0.02256136498733245 0.013232032141844855 
219 0.011532103785540093 0.005018298912537405 0.006197716206854257 0.007135095838179613 
220 0.0022013741968978824 -0.0065848302419126556 0.004398832392380127 0.013593902687469036 
221 -0.0008218477652126489 0.00036955239088284133 -0.013810751597046183 0.020796145155076724 
222 -0.006996886091411705 -0.037670683339233166 0.025849075706471245 0.012911572461244615 
223 -0.021295447912964748 0.012434289086025414 0.012124236583727204 0.010524211653236156 
224 -0.021768300502835944 0.011501898036225032 0.010273202251773157 0.009764834833443542 
225 0.013506461541406748 0.009614922738835427 0.007591582787723673 0.00525536022430013 
226 0.008207355100947047 0.005248642467153241 0.003066526095449594 0.006826231043200907 
227 0.007869786195684883 -0.00472984940432443 0.010875363915356102 0.008509869883943885 
228 -0.02265980037347867 0.011415597293750211 0.005749990010675516 0.016348234517902134 
229 0.0031971394473066204 -0.0013566311380540691 -0.016167859081901444 0.025871789221168996 
230 -0.001372391379345954 0.0014455537216102234 0.003549245301209148 0.005759674666077203 
231 0.0028768748717803916 -0.003738112093676537 -0.01926845739082506 0.027776590996579066 
232 0.005235541440494574 0.009205485442803904 0.010550290419747673 0.008306843032947727 
233 -0.012300183257801129 0.011560870066270853 0.009220240546147573 0.006207622323604682 
234 0.019007706080946585 0.011266835664695897 0.010697414082697433 0.007060441739729663 
235 0.005786308499130566 0.005095175582833155 0.007149858115224162 0.004993101597152518 
236 7.641035914262804e-05 -0.0033482393202293394 -0.020842661130994047 0.030199869451147814 
237 -0.0016777310221670187 0.001369017500655958 0.00756340507399918 0.007507148759013496 
238 0.017853025769981302 0.0066786031818158705 0.011254642247351569 0.00930900049062701 
239 0.017134853492995535 0.006500523216680807 0.013476565238688457 0.010288068260078982 
240 0.018914343731538226 0.010807948607087304 0.00908118775644613 0.007560967270468586 
241 -0.014744681864544671 0.008763115740992797 0.008934492444745139 0.0070953288736145 
242 -0.016321832227506272 0.007916450377707804 0.010962210726718468 0.007832108036775906 
243 0.017782147146716002 0.010694328408551224 0.009642690266144274 0.00609339635994668 
244 0.0033356810739604346 0.001882560761236813 0.004190888872041802 0.00508144617288334 
245 -0.016028747068704417 0.014421865706903013 0.009070333930300954 0.008620495148795378 
246 -0.014589752610966329 0.0026963311335829834 0.009942521097922718 0.007519343813545999 
247 -0.0034311995356373663 0.0046745551939734176 0.003317264339603358 0.006713846030180859 
248 0.0021723970800230836 0.00039532256889746216 0.003291562351825205 0.003841465932201297 
249 -0.014554467212546367 0.007608242524988023 0.007953650980145683 0.007036258395986804 
250 0.016285381568035478 0.0071376187646053696 0.012302194945273048 0.007474909418095339 
251 -0.021085766276810226 0.01135515096136117 0.011069186682783793 0.00885532685485625 
252 -0.020941599430326415 0.010959356232844272 0.012120863451118097 0.011003844410949272 
253 0.007259441915370055 0.004482329173081128 0.003526788786804314 0.008839179424270822 
254 0.011704979870898313 0.01323874383995656 0.009777643911227159 0.008216602477226246 
255 0.012255703363138798 0.006679956567330221 0.009352435974806164 0.0073238838935729186 
256 6.100184644440964e-05 -0.006547744664337225 -0.019136983315569067 0.028788895602413087 
257 0.014724901987066065 0.009250786418502778 0.007264710691318511 0.006085624151567405 
258 0.0006514864789742771 -0.0013859217262444429 -0.014964783277668906 0.019063246265696318 
259 0.012686658723096173 0.0045303165143716784 0.0074287835618848585 0.006142420855006716 
260 -0.0017246920975539854 -0.011260263753970531 -0.012957447005953861 0.025960060347481346 
261 -0.013069606320640074 0.00653556172599207 0.0066589631608894445 0.0055229414841410675 
262 -0.00043370670149989985 0.0016617159324143994 0.0016311691339290872 0.00252540228462214 
263 -0.013148165000262472 0.00925312715559889 0.009430785430516932 0.007887466736836313 
264 -0.0033342508710870592 -0.02930928942438038 0.02156323879500655 0.011058625216730136 
265 -0.019484413712627352 0.010540115599259426 0.00791690213774855 0.009863160438471475 
266 0.017269893179197936 0.011019196895260918 0.00928411557717642 0.006827239258803083 
267 0.013038832461514334 0.00644126031361026 0.009939613212077994 0.008830427985433483 
268 0.015017175754505722 0.010752607627305536 0.009309314414576286 0.006937196432832805 
269 4.404269789130081e-05 0.0007437639559484767 -0.0024404951722504465 0.010414515170335613 
270 -0.002261981188098954 0.00030845024033556725 0.005496844863921044 0.004433945823671667 
271 0.004821967352334512 0.005840465990043105 0.00666075192803838 0.007266224091161977 
272 0.009456271747985443 0.007013460056440467 0.011942075582506427 0.007671070228427503 
273 -0.0028934797560655435 -0.0016469572089885696 -0.018530012170804442 0.026330132079733712 
274 -0.006027593424231411 -0.029052286738790633 0.019851267654536424 0.009723450935566497 
275 0.010156564202406048 0.004728682958262233 0.008126867673848535 0.006327222679407101 
276 0.00762903762152944 0.002609989480874179 0.0021524186616898302 0.008782368351335477 
277 0.008327969759041631 0.0050022998676671785 0.0007586470910607669 0.010861929578999344 
278 0.019037248088503964 0.01176870296120994 0.010034449851177683 0.007124336113777098 
279 0.0008283568737961262 -0.0005636606324172941 -0.014299990109370652 0.024088087322456722 
280 0.0008831968355227607 -0.02706307780716612 0.022467384730072197 0.011696132602475436 
281 0.0020470602048659066 -0.00024572541383357426 0.004262830373211012 0.005596645932401333 
282 0.017207443525374688 0.010007178957967173 0.008399754593577467 0.007494519671582651 
283 0.0003731494270327214 -0.0019058057468532802 0.001605478914187791 0.003915349947642899 
284 0.002120768694341785 0.00099556334938326 0.0017903322425061902 0.007313932716419215 
285 0.009759511482120805 0.006878366450132707 0.005360906410150661 0.005287496373211934 
286 0.0069168752842223135 0.002502977522282343 0.006669723969047379 0.005731367641044517 
287 0.0013177541839597302 0.001189171577838827 0.0034183307753303566 0.0029718196681548076 
288 0.013969770603854804 0.005485828676925046 0.008874698834785593 0.006851784854112197 
289 0.016774237547677505 0.009177656549159871 0.01044048910845595 0.006394934912846408 
290 -0.0034402723772515467 0.005182630551430086 0.006034574768354329 0.005949894498847633 
291 0.0020304572414430078 -0.00192872267142422 -0.016373160768380385 0.024108870580136627 
292 0.012321225056501173 0.004930947211924548 0.008368986292949031 0.005825894805069575 
293 -0.013814150346200529 0.012152329363147467 0.008930327461288823 0.005875576669720514 
294 -0.017890841054002876 0.010649037383285084 0.012530910034679292 0.008424948496943169 
295 0.0006289640971833717 -0.002871607493642597 -0.015201172931297397 0.022301548280558553 
296 -0.008496547842860023 0.003897178031380284 0.0045438138033480156 0.00415004503861296 
297 0.008295354086418003 0.002966219999596212 0.006029735210482242 0.004533384954617021 
298 0.012215297868986863 -0.001451616227767089 0.013738104127445885 0.00866152657868095 
299 0.004422963355919528 0.0033726088556011876 0.003733126959293631 0.002998967095160244 
300 0.003308773293895524 0.0015309529174539615 0.0008809231825069098 0.004083007383517217 
301 -0.01661936033874994 0.012965278411627439 0.006510266988568375 0.009951269147690147 
302 -0.0006724702225642664 -0.0023922698240681794 -0.013316278655911472 0.018394284333749053 
303 0.0013319614080457888 0.0007176274652129452 0.00468208200502185 0.005358323971388357 
304 -0.0018114396631019086 0.00023590241236520957 0.006407149625113088 0.005632853634904745 
305 0.0033464772702905417 0.0017138507664619985 0.0006791736237236054 0.005654039447588806 
306 -0.01429948885864846 0.011686149579806238 0.008057456917070637 0.006450272683945566 
307 -0.0001649461748488213 -0.022516432091806687 0.016412255642475886 0.009224228266721979 
308 0.012481593876325161 0.004284449779672329 0.009824776714441909 0.006549498734285452 
309 -0.0040915177836767045 -0.02768614653109662 0.01652096500952047 0.00972725031660658 
310 0.0043117674469433645 0.007403652308191824 0.008557349828986477 0.006417704522312311 
311 0.008527287827620586 0.004763879598021231 0.006346776453674606 0.006364148611394375 
312 -0.0060180792862066035 0.011664741372958315 0.009292353483022103 0.007031041565491199 
313 -0.0005175769370957631 -0.0013670958842660088 0.0047023837745189725 0.004939433159040528 
314 0.0021870931999236607 0.00040222214450973056 0.002782048676293864 0.002637054033540611 
315 -0.003741325692193236 0.005304768781908078 0.005026239364547928 0.0030689193818379786 
316 0.010280010825530636 0.00586843420539027 0.006454147444684405 0.00408618918447024 
317 -0.004328604534883219 -0.029907597802461473 0.0201343777334013 0.009939658208872004 
318 0.00015526481696287084 -0.0033821423248972973 -0.011639760462509136 0.01879194844257378 
319 0.011431944606765538 0.005452861344391398 0.007610679484947149 0.006125827925836293 
320 -0.0005633001408604162 0.0016811743488391792 -0.010924770040120506 0.01927114626982494 
321 -0.0013760080895772041 0.0035048222320900415 0.0041404724801446255 0.004308172099367247 
322 -0.014986171032209906 0.013088646566427883 0.004551912441254036 0.013073826712688849 
323 0.008995390675057916 0.004033348741221688 0.00567424658144659 0.005826918520164672 
324 -0.017036532933188405 0.0010158792928096376 0.012232948752190092 0.008855379251269632 
325 0.006090608134567588 0.0016916264247479771 0.0009930378898663167 0.008347696510439834 
326 -0.0011654012252414756 -0.006721133613540973 -0.013565755222924511 0.0229904327365056 
327 -0.0016752186253849186 -0.0319837148576864 0.023845837516882 0.012743988908499747 
328 0.012622317733029393 0.008322111877620351 0.007419616579715598 0.005094595481977412 
329 -0.005068130619497444 -0.007842813694964 0.00894731044878266 0.00526526842754782 
330 0.011031673583370306 -0.0023538431420707787 0.012389697201968001 0.008233961817493564 
331 0.0016451250990112535 -0.0009984453912660438 -0.012348356496383618 0.016274551735229615 
332 0.002138946110871118 -0.002003911046656847 -0.0063106314768336435 0.013629465498016241 
333 -0.010650761114792998 0.009903305951616615 0.006443534900590865 0.005682136494066229 
334 0.0014159528886727474 -0.0025646227484820137 -0.019053328380856632 0.025365724902738855 
335 0.0007031408997808702 -0.002113208163901647 -0.015514555996279501 0.02210046647319154 
336 0.0020269883868659824 0.006303486394330445 0.006406363902150445 0.005122458937022671 
337 0.0013171181132566954 0.001606890063709996 0.0036957562287195512 0.004595160439122698 
338 0.009399714504769991 0.0034040970062609124 0.006212647945402114 0.004415239132766501 
339 0.009198261318594136 0.0024569380640083165 0.006892854537117808 0.0048588804639799555 
340 0.0019428234838444478 0.0019183624928013256 0.0018757139494345295 0.003130025115937973 
341 0.003175721389316612 0.002317501200442581 0.0038323112060999177 0.0033926806728583037 
342 -0.007362995774736416 -0.027496911517940356 0.016872124417530103 0.015354246249320703 
343 -0.01016889128578812 0.005215824430460544 0.0067183534554953565 0.004724356749247051 
344 -0.010764497176247794 0.006326292184560139 0.00679175541975445 0.006081656813282038 
345 -0.012897125407932992 0.011408746425295116 0.008837496704510603 0.00637283711574531 
346 0.008141968773673664 0.0020428644001761363 0.00691122133717558 0.005670929632287072 
347 -0.019789329781523157 0.011626156072861086 0.010549969067347037 0.008311571678446312 
348 0.010384073762462778 0.007184484875817727 0.005714833790101839 0.00457482498844932 
349 -0.0017472305191457633 -0.001917412005202431 -0.006451467922615823 0.0109245614912873 
350 0.012903384625103598 0.007466391105790007 0.009235192032739495 0.007236377472426805 
351 -0.004196853172293153 0.0033159078533979143 0.004977352435607866 0.004440695003520115 
352 0.005761176441517217 0.0035893916017894654 0.00475301359770248 0.00489577679262491 
353 -0.0025783506818790915 -0.02362944440247563 0.015141824093921777 0.00768014833797122 
354 -0.01452603852879728 0.014154529721592575 0.009994624620913517 0.006155827121033888 
355 0.001540381335465323 0.00023572338165645665 0.0033004417930834803 0.004871039300921336 
356 -0.0009430075650121219 -0.001284980908433622 -0.012726760353393521 0.019571313705944657 
357 -0.012148492147492784 0.011637625130017488 0.007947746878523797 0.0059448464464748295 
358 0.007662874178307508 0.007169830819025418 0.0059445805251792955 0.0036773579984397194 
359 -0.016707951977688956 0.011183797704170745 0.009842443832010364 0.007768100593443287 
360 0.010051853292659271 0.003042137156400556 0.0073619026154219955 0.006455504874160459 
361 0.009191865810492422 0.003088704303967787 0.005386576400394726 0.005603414412006143 
362 0.013575655615190557 0.007952738445840369 0.00538133147174746 0.006604789685752715 
363 0.0019856462974273785 0.0014522967386931703 0.0034001871918305665 0.003468232749806754 
364 0.008150692016557807 0.0035899281337696595 0.006649892829690289 0.00477726734679375 
365 0.007615526789527976 0.0027598494265630084 0.005471394776730903 0.003966963612900047 
366 0.004445085795805404 0.002374478046524388 0.0035936887994432003 0.0029744539213363017 
367 0.01235431853557809 0.004405312768405838 0.005086796663951774 0.010134288062337933 
368 0.016138195185653154 0.009446430175290548 0.009399503195351353 0.00645083355577922 
369 -4.3566180022429454e-05 -0.0025006594170118575 -0.019527572127114957 0.025950300654355486 
370 -0.005085013194043248 0.0016133419952366053 -0.008017329979567453 0.015943243477825362 
371 0.005015393860298924 0.001305760637917147 0.0034325065357604027 0.0031591883412316548 
372 -0.0023846765269960237 -0.026892089762331244 0.018382475704913203 0.009533927447927231 
373 -0.005903546285426983 0.005734842853265069 0.004023626782460773 0.0025497375807420875 
374 0.008509748422535955 0.004054143269435509 0.006343200808301367 0.0037132386784243083 
375 -0.003060353816441634 -0.024558664976082913 0.015901953525168544 0.008152376740572165 
376 -0.013734596154562144 0.007802064491172711 0.006965159944043738 0.00602073398603684 
377 0.009728197054387515 0.003950486980189104 0.003733316098922623 0.007337094273673476 
378 0.0057344025937993036 0.00251314886119368 0.007477034013093777 0.006882861090090324 
379 0.0013824963923752807 -0.001458381815834838 -0.011114281035305325 0.01543388137473787 
380 0.010175043075925698 0.006875971808730616 0.011617080698955326 0.007290564803937166 
381 0.003592515104156708 0.006904645120964465 0.0086113038176346 0.006291888599495443 
382 0.009646197511614113 0.005173704907943051 0.0061168576244596245 0.003845436212512097 
383 -0.0005304219065878255 -0.0008143371413160531 -0.01458331648661736 0.02075559464907723 
384 0.0015123104613365365 0.00019254368368438037 0.004063620725860645 0.004603296259582761 
385 0.0002772428988573201 -0.011560952919914026 0.008482286660191296 0.004635681626488223 
386 -0.00021695977999475988 -0.004077058845533678 -0.01271551770641054 0.022260921684192716 
387 0.006111977378232541 0.0029761927532996426 0.005320246122153651 0.004523740028242604 
388 -0.01621169724044469 0.007075404645135284 0.010585128838767508 0.008731668762438204 
389 0.004752543292711464 0.0028552071585977584 0.006004600494006578 0.0047519123282321616 
390 0.0009032073353965884 -0.0017771442611291936 -0.01388887864467652 0.018891495567897078 
391 0.009453214153864397 0.0033344326104675246 0.004200306336594126 0.007977382411839748 
392 -0.013390251366472618 0.01046376119270143 0.01056357987157319 0.007932238362912557 
393 0.009218053333070079 0.0034432147706130443 0.007308168593196755 0.005206408986712218 
394 0.001618107359652018 -0.0015839217279604448 0.004481442652887342 0.007501232096400007 
395 0.004008916006520232 0.0047358510428329535 0.008413581348396874 0.006061968415188265 
396 -5.483591644594327e-07 -0.0011955964598791308 -0.01570430859712809 0.021157600999353657 
397 0.0035785070146902233 0.004566304384172698 0.006179978093260768 0.004261665265803599 
398 0.0012586129902063864 5.7418347383658316e-05 0.0034983918298421173 0.0028865416508549245 
399 0.0004303118660498736 0.0018818440362299473 0.002845887008961036 0.0027606285485245463 
400 -0.0008892948958832828 -0.0016195387680540243 -0.017166672368714313 0.02269727474196973 
401 0.0066440655367365955 0.002496286786125407 0.004310318369973542 0.0029020651790943493 
402 0.003179122395012071 0.0015514244062865027 0.004140196537738756 0.004910545979616478 
403 0.0021558674378774996 0.0031987714846739425 0.0039041095933431123 0.0033442058308771317 
404 0.002721724237080946 -0.007804533991019669 0.007487843932598147 0.004951317733075888 
405 0.007269546533670371 0.002944076944262907 0.005057142419246043 0.003719955359737227 
406 0.004032505720950859 -0.007905994501054265 0.0058736453603311185 0.010186849235073462 
407 0.008649568037991736 0.00540378344272205 0.005727838566147132 0.003993012008554012 
408 0.0009133986876018382 -0.0022391310342193414 -0.01150159649477645 0.01629178277725463 
409 0.0015976551764154544 0.0008557681384908022 0.004051075897271674 0.0038722108216486194 
410 0.0022599779330924404 -0.00018688460366784792 -0.009654060320564567 0.01295711209898735 
411 0.009566856387115625 0.0034197047614057336 0.0056150051465069 0.005070465880374605 
412 0.011066202283747877 0.00609238818058634 0.004287471446529796 0.005372776069768936 
413 8.87981061712194e-05 -0.0018373081323439 -0.02025280523201726 0.025573378426093193 
414 0.005427756913305072 0.0017692754999586195 0.0070848166096597305 0.006154035102563832 
415 0.004977542992121748 0.0030374039361606413 0.007164331451140327 0.004410380157920831 
416 0.007884002137068422 -0.004820586725962872 0.010926391481664376 0.00716516412413359 
417 -0.02014364818587087 0.012365828710419474 0.011122936017192537 0.008527559255819434 
418 0.004979530343387089 0.004171453413240062 0.005408308668140258 0.004919764150049072 
419 0.01183619723504274 0.00685349023903846 0.0013434911130289838 0.010765762587791924 
420 -0.00527523020317151 -0.01806783359417703 0.013674702516180439 0.008211460511482164 
421 -0.010558018544739126 0.008784809559374456 0.006275643442444859 0.004905690958502903 
422 0.006589531074444142 0.0016941496600261377 0.0035693658936405675 0.0050509449509883245 
423 0.0029403569752674084 0.0020503642975674414 0.003579917050833542 0.003742464951047979 
424 0.007014104509808841 0.0027525010490642393 0.006172956686708678 0.003977061609522605 
425 0.005640388869454636 0.002552100446248248 -0.00010191291562826 0.006100925351126223 
426 0.0002997615828481794 -0.006442579868760011 -0.015532331115162789 0.024575948619727415 
427 -0.0022126999543197797 -0.022888149766283762 0.010584386325025506 0.014622244564002516 
428 -0.013185658883488032 0.008584913532889947 0.007731305447140941 0.005899773939750447 
429 -0.008851750920036806 0.010293775491017761 0.007172694775326057 0.00570002635541983 
430 0.0054614368715664805 0.0008788576746253247 0.007749114100741944 0.004857286892269546 
431 0.0037661465168430702 0.001799337427603405 -0.0005549664726077028 0.00967180895828452 
432 -0.019105813073025495 0.01184251039254564 0.009812837752855857 0.007684612681473504 
433 -0.004775072449262191 0.01012839399488923 0.008666537124285856 0.006182482667779957 
434 0.007591661999472014 0.005589969794053056 0.0036277819502644167 0.004674110837579432 
435 -0.005163916468518003 -0.030961767372818156 0.020482001115530432 0.01046546420161264 
436 -0.0024870571368391806 0.004132203135682223 0.005196193505563011 0.005467978323996641 
437 0.007024324720833102 0.0038441632808543236 0.0056331888184406025 0.004657706094661713 
438 0.0028589473294018315 0.003724399469977087 0.005038331783571745 0.004941476321152981 
439 0.01353972138603525 0.006077224381956377 0.009259752044445685 0.006054499232271556 
440 0.008962772779172814 0.008010804397288237 0.00668890325010494 0.004150911053588624 
441 0.0036274555976478612 -0.000284284147377608 -0.009858951796238902 0.0169935256175806 
442 -0.00039612971074956955 -0.007412410256384356 0.005459662721505936 0.002921589214567433 
443 0.010650949400536396 0.006426691305695028 0.005666370616570609 0.004070846027673509 
444 0.00015659113856492934 0.0037656732246716877 0.004031542339239054 0.0035524697749065083 
445 0.0056489813544303305 0.003773523446170164 0.002940673405083564 0.0021794364446856315 
446 0.007210302905477643 0.0025975412335358197 0.0025158518067283173 0.005908288472425308 
447 0.0005923510742045163 -0.0006532690892501017 -0.001452339786208213 0.00604228469089711 
448 0.006812666120304925 0.0026448384136493848 0.005313651334943188 0.0037131074979586893 
449 0.013240128658034528 0.007526257222692659 0.007689167014102867 0.005338341145351119 
450 -0.015770073561377534 0.008362731593257795 0.00783383419779951 0.008003052182348298 
451 -0.0009600829082590498 0.00047888450775917683 0.0017446704147272359 0.0016681926019509396 
452 -0.010674554222430587 0.011081342745820249 0.008285861094022313 0.006065522101142126 
453 0.0015209973096556055 0.0017554196096575 0.0024401304172210966 0.002248075423263553 
454 0.0005637446790898288 -0.00015252788750481444 0.0032019047567575514 0.005276104436259021 
455 0.0007203321511123768 0.0015021659404721689 0.0020071663889482468 0.0019705839016189953 
456 0.0012257683593372213 0.0030043320681934706 0.0041568465042668735 0.002843308638236909 
457 -0.0012939422477766676 -0.020269213269064373 0.013963305913888672 0.006858320585291019 
458 0.0005047964678948651 0.0001585628870018523 0.0014261926733486548 0.0010518650229097664 
459 0.006899715147171795 0.004206132173178395 0.004104510776577405 0.0032428174756836277 
460 0.01624088991492206 0.009527076290585405 0.008470529083554768 0.005311982411648681 
461 0.0096142542679025 0.00578042615372575 0.002976166216534165 0.006971260757893384 
462 -0.010030001101509065 0.008151869147707092 0.006376719339061118 0.0046607428316757585 
463 -0.008680063345213644 0.007313595314221669 0.005697280389181284 0.0038965431393180525 
464 -0.007622081916325813 -0.0177112801979369 0.01620894610695355 0.008212260183089971 
465 0.004825001587387991 0.003708354734353224 0.004968129370504791 0.004486866139133116 
466 0.0012067578101713997 0.0007675100354427227 0.0028736069257688963 0.0038073597297807915 
467 0.012164662796519427 0.006955006660754604 0.0066376063496077125 0.004294098010033455 
468 0.001493840400523467 0.0013069350955243432 0.0018618047974994039 0.0025945023313093552 
469 0.002136520347599531 0.0012466611461620246 0.003400112103433978 0.002793505804517373 
470 0.0014544135974486594 0.0014102954640558228 0.0030110611001604526 0.003226591560831209 
471 -0.013473724790398992 0.01383049593601822 0.011126919836523962 0.007631433049891957 
472 0.0003300595956379742 -0.001478032545037147 -0.014338006390023559 0.018769625818555367 
473 -0.003927266116954165 0.0006235139280852201 -0.010765794151811198 0.019250043989971963 
474 0.007494477137623718 0.002858114633782934 0.004740173460287239 0.004122285841340896 
475 0.0037206657745123845 0.0023775305603132607 0.0035154090119448853 0.0023419073956581016 
476 -0.0031346616821130244 -0.028599501500195537 0.018446354148028102 0.00939358645556058 
477 -0.0038727384362378485 0.007261003374512299 0.006546976393799354 0.004936190381306524 
478 -0.00016546156217496648 0.0011085850702468596 0.0016216992731979507 0.001533773403091626 
479 9.045915875457505e-05 0.0003878523163815053 0.002129512103321548 0.0018445608143609373 
480 0.0013921371018569143 0.0005398476250743328 0.0020571369465132577 0.0025548717263444713 
481 -0.012906430039544404 0.0045329790113561395 0.01018826969781864 0.0063241861946030774 
482 0.0037353135333399014 0.003070170913171017 0.004181029007085742 0.0037394308159181145 
483 0.0024074129086137123 0.0017908253313564193 0.003133736691557632 0.0036803346693843144 
484 -0.001257268031182772 -0.019028020965736546 0.013223977639989308 0.00670318333421206 
485 0.014471561390600154 0.005869602015553471 0.010543659161835087 0.007313147813191924 
486 0.005957748719046899 0.002741494162756726 0.0032528937418452486 0.0041177515478447845 
487 0.005401336800937721 0.0025850795099130923 0.0040957762277517955 0.002642437646823766 
488 0.011127826319981108 0.005079338166303174 0.008892975563615466 0.005963712796619624 
489 0.003977562277974927 0.0021242421974634997 0.0034276526679358236 0.002563694839445622 
490 -0.0005881367497563887 -0.0010191306040915201 -0.013977346807522948 0.019050879589697367 
491 0.009940503154143932 0.00556507020941315 0.003851684454565475 0.004074648157671816 
492 -0.008731138623879565 0.0007697995026348753 0.008075433522353705 0.004582853900159454 
493 0.0014033533053325067 -0.0004939098944231011 -0.008687528077641329 0.012395387000874902 
494 0.0014274267816529443 0.0010090801139171718 -0.0030016410155029876 0.008480652261460466 
495 0.008722925523234849 0.003969842617804162 0.006405731826163579 0.004104260041523219 
496 0.0025353393398739703 0.002172268287553761 0.002490748956646914 0.0039118944760753996 
497 0.006842756913283679 0.0044143706456055126 0.004807619377599197 0.003115803634658719 
498 -0.00033905118234139507 0.0019101717178158612 0.00181791637402995 0.0019582864725409704 
499 0.0007631651469350247 0.0011040887153034328 0.004268228512513176 0.004121473859159831 
500 0.011006257661410022 0.007430626663419138 0.006938756941037448 0.005048752051446099 
501 0.0016703935812843486 0.0011759347078235578 0.0021855723439715984 0.0029356889033104743 
502 -0.009883745450048257 0.00830838614257123 0.005331821562184744 0.004143632922761513 
503 -0.014972044568766664 0.007014703838430889 0.008075489587168168 0.008475396708453164 
504 0.0006822940751447334 -0.0015134260661019098 -0.012509264981274576 0.017564247898297844 
505 -0.0076545911515803495 0.004854476898361615 0.0048691612339799755 0.0037445261667196565 
506 -0.0026917030575810148 -0.02402914322006922 0.014723648615523794 0.007620815399395371 
507 0.001022765210107641 0.001130161591384029 0.0024554517359800104 0.0027577698459092656 
508 -0.0007966088405231513 -0.022757170717601832 0.016328808430803934 0.008805459023995637 
509 0.009257955573208233 0.003720006441622025 0.006530417054392834 0.004169565372568628 
510 -0.000797177246289038 -0.0026836355201816527 -0.013838457783879439 0.019062631891140217 
511 0.003243786435647099 0.0027287438243696676 0.004099927518168556 0.0032169477999112375 
512 -0.00010422565500889497 0.0011582100534171737 0.0012082759099436402 0.0018216759347235933 
513 -0.000790020346135747 0.002094915658775093 0.0019568030127962844 0.002703172316134361 
514 0.005684749124707716 0.0033248686898962668 0.005366109306534967 0.0035590756531107123 
515 -0.014387211564060582 0.005598327271077821 0.010201964878149828 0.006879620712281464 
516 -0.009499818615366562 0.009794813417619308 0.008271433594893024 0.0055439790701564936 
517 0.01141197498112153 0.0045342601758868745 0.0065677665638492295 0.006820201351921157 
518 0.010609458748108399 0.0042493063328889365 0.008438201030009569 0.005142023652313974 
519 0.004347542302402565 0.001764676789595408 0.0018847534153873643 0.0038035012959991505 
520 -0.011591957025702967 0.0059055293079536865 0.007935961685617155 0.007204888438975089 
521 -0.014401198641417675 0.013356525083036714 0.009899220172575334 0.00660050323037518 
522 -0.009896784876578473 0.007828519519944857 0.0015614328471204545 0.009382821404303592 
523 -0.01026138444934122 0.005420101345726251 0.005901291598054281 0.004690595290043129 
524 -0.0010611542908282245 -0.0014205987511642832 -0.015650889440651686 0.02196277808150224 
525 0.01281320904680623 0.005882640225525055 0.007955491145136504 0.006179068195538097 
526 -0.013255072758714603 0.011249753086155955 0.0075249136343071244 0.005522076411989707 
527 -9.014902565841628e-05 -0.01909487975840178 0.014505618360595204 0.008407390101009327 
528 0.0008678514743470456 0.0032900865244268134 0.003018539311870413 0.0031228723472759034 
529 0.00891951299808839 0.009869842001638367 0.008415813423293297 0.005771376104012361 
530 0.0012563837845213101 -0.0009423148309296216 -0.01104489075739846 0.015572800373803536 
531 0.0010574158517166476 -0.002454549233739867 -0.016554972956842058 0.020832838629231656 
532 0.0010537286181983097 -0.00044601785417399954 0.003959594362817442 0.004170671233949272 
533 0.007536316061023429 0.003131734601431472 0.004656705162863852 0.004220478353540842 
534 0.0006127922574013703 -0.0010923601123468548 -0.01636865241454923 0.022588026168970623 
535 -3.924903629295966e-05 0.005773928273412586 0.00616541184513786 0.0055057162371803525 
536 0.009296005606221923 0.004470473783254552 0.007159514340790305 0.00437701694479981 
537 -0.009883588462771686 0.00953445800886953 0.007117409950817549 0.004430575235862339 
538 0.0014970889059837031 0.0015627499867224741 0.0015274460086108878 0.0014506700358360902 
539 0.0013108933787136534 0.0004059088426504749 0.0006058408717176042 0.00226501389153699 
540 0.005421057122913538 0.0018044381934845415 0.0034522728850500447 0.003453457410394945 
541 0.005678141927924863 0.003320605002729681 0.00483910459677848 0.0036906501676468423 
542 0.00786380906769824 0.0032462988881349717 0.005077722757560242 0.004234376249241841 
543 -0.00034964734338968916 -0.0020778478470160535 -0.014750886111132958 0.019415202156137266 
544 -0.0002512535584988694 -0.0060394240762085966 -0.0068489717767603615 0.013642874503855242 
545 0.011950770696038148 0.005651704302211984 0.010389308999223367 0.0063860538192090695 
546 -0.002065166470471815 -0.01410303369822642 0.009944151327145205 0.004841368633447765 
547 0.0014646750527548492 0.0030029780657792726 0.0026690586590206638 0.0032378668864595814 
548 0.009280074566563077 0.00347379985107499 0.0070543182058787355 0.0046461623684743636 
549 0.0010583639749834467 -0.0018647818650342266 -0.015600585976776082 0.020002610692350285 
550 0.005713788738036428 0.0021565846358170848 0.0036285782299582026 0.0028245116167436085 
551 0.0010191427166244037 0.005508966062290624 0.006401475617782734 0.005179029962094571 
552 0.0008932071869857838 -0.0015507346654276997 -0.012131077487022253 0.016761656894024205 
553 0.0018854557884753354 -0.0014378750873033528 0.0033979414564554375 0.0026820190137930274 
554 -0.0011362907824067315 -0.004299274700409207 -0.011543903061858521 0.019167454108110427 
555 0.012232771983537614 0.007419977516243312 0.006712471655844579 0.00433499100519087 
556 -0.0027611474997129948 -0.019761222206966553 0.013287557410796541 0.007101520282119653 
557 0.0007431860628654734 -0.0019590356011557624 0.003841171785859745 0.002949922595900141 
558 0.010123025124929989 0.004300488280280199 0.0072440511742102726 0.004748494451761748 
559 -0.0006853947980737305 -0.0011361379578015856 -0.011664016469691502 0.015360844884961464 
560 0.001801115866237877 9.828159078739889e-05 0.0038605526910901237 0.0023729572946671754 
561 -0.008217509680598707 0.005586326592024004 0.0043827732384298405 0.0040916470643380465 
562 0.005564366414625921 0.0030806349757225935 0.003033980770479932 0.0021736624876758873 
563 0.00046701284250615153 -0.001492780043362565 -0.014344533607376309 0.017548341754169333 
564 -0.00365037584612013 0.004171253045152285 0.004290605002761538 0.0054155928276675225 
565 0.008891196846536088 0.006771399316776019 0.005910616738086782 0.004095668956225507 
566 0.0030172172389692077 0.000926060007496512 0.003307794827639929 0.004393928349191544 
567 -0.013897121516559106 0.011810395567319906 0.008174773138077329 0.006939639978602715 
568 0.0014303626547369174 0.0012104667341129606 0.001754732384706969 0.0019348488457811136 
569 0.004868924737368873 0.002597273648927305 0.004322348661957803 0.002922631505711875 
570 0.003248739765755577 0.00199218732582474 0.0033998659821354985 0.00218699996384886 
571 0.0025753332281992234 0.0010812470778530803 0.0015394998794720143 0.0022955632845826123 
572 0.007293243326209595 0.0032148231108085944 0.00447428116798517 0.003955953337589914 
573 -0.0017749643344423093 0.0034881845080309607 0.005087187343167523 0.003339809953109879 
574 -0.01270305854437657 0.009407402056171273 0.010610577690918948 0.009627397555386405 
575 0.006112205708486535 0.0009535708401237917 0.00032669278379241905 0.008088804942334556 
576 0.0005958788187630987 0.000834314562720438 0.0019011712840278584 0.0015985406102335758 
577 0.0009282486302771119 0.0006495134480817294 0.0017834756572271623 0.0021868485219964317 
578 0.007158385599805206 0.003279927717409436 0.005437168827847342 0.0035160069711791977 
579 0.008097017695059884 0.0029544899727783035 0.006198601039607836 0.0043584790892489955 
580 0.004419249151981662 0.002286945195877172 0.0033396709216569126 0.0028323892207009565 
581 -0.005848520121158289 0.004284978876280064 0.0036734776127354193 0.002422178295511481 
582 -5.754213512758362e-05 -0.004057356427226699 0.00307499190859732 0.001461927190826089 
583 -0.010420225453530633 0.005262298432735042 0.005678258604362432 0.004152516752362435 
584 -0.0012982061480263883 -0.007092590213839535 -0.0051388653167678995 0.01375985757921724 
585 0.0012510543858184231 0.0013503168327982603 0.002155319349303365 0.002976494039663471 
586 0.0057870814547018945 0.0018697896319131973 0.004166340132906477 0.0034012520722396743 
587 0.0036879897649551166 0.0006975031360440105 -0.014628751874416986 0.02344132603387153 
588 -0.0017442946291678421 -0.01601612865749669 0.006855696802425418 0.009815604026414543 
589 0.007863994077269156 0.004030028451946614 0.004738648802257067 0.00351253088352599 
590 0.005215581702862075 0.004936674783724398 0.004039935284652924 0.0024744021686196028 
591 -0.005076616108603996 0.0027604868022082702 0.0038532761812398704 0.0036106645159282667 
592 0.008788412144349897 0.005075638052797426 0.004360892408581871 0.003102758197311128 
593 -0.012119317851177024 0.006938038934077395 0.006161070075518742 0.0048661023460834394 
594 0.003603196303985885 0.0008949442840538739 0.0034193411741691507 0.003954815440227738 
595 0.0021958188946039816 0.0014211289333915195 0.0030885153090817927 0.002820761979405768 
596 0.004202261861460562 0.0015270530323288516 0.00215307086042927 0.00315361218852115 
597 -0.0025172540215324724 0.004657957908629764 0.003943607556970554 0.0030795419567739304 
598 -0.009449413267678626 0.008292701325993442 0.005262323505075435 0.0050272687969113205 
599 -0.0035400195862499823 -0.023040594519445685 0.015606330956684915 0.008070089441818168 
600 -0.0005893397314804695 -0.0014231803998494893 0.002184556100178902 0.0018444122090679812 
601 -0.0018927128416750163 0.003366127789738997 0.0028502569286147695 0.0017855567340725913 
602 0.007594293918312961 0.0026576794426209347 0.00537280195111882 0.0037626622794981724 
603 -0.0025496354837715542 -0.015421136072916456 0.011421006094045817 0.005928580481833634 
604 -0.007350242392070754 0.00598534421599508 0.003909265511957304 0.00321397553187526 
605 0.011446675506855469 0.0059490530430785435 0.007539778059822562 0.004899516453637372 
606 0.0009437276188867262 -0.001187388610777904 -0.010124527013894357 0.01304329771467784 
607 -0.0008846048748328708 -0.0017865175020068869 -0.012500980616937723 0.016909611917009394 
608 -0.006092068873179309 0.005186068809785538 0.009201413167319402 0.006143456640625997 
609 0.0026109691189479894 0.002720190798179486 0.0038848843676454695 0.0034619871424393174 
610 -0.004272078803670219 0.007470248137956194 0.006484652414952997 0.004180001941570482 
611 0.0027700640076301058 0.003185295443577631 0.004936963192403874 0.0029757117687804657 
612 0.008965620022123848 0.004179823575155688 0.006634853569326281 0.004059945959610482 
613 0.0037477503653888114 0.00238153255245966 0.003945644485004002 0.0023335299399965697 
614 -0.009589624076910871 0.008340982184268438 0.005824431840211404 0.004522841093762986 
615 0.005954512000508977 0.002742632900802153 0.0035925155387008627 0.0033176353984399514 
616 0.004474125880955188 0.0021436828713210644 0.0031847718989745006 0.002667840415130261 
617 0.0019493195303688328 0.0013747550365957313 0.002334778033897636 0.0022520674171313867 
618 -0.0025989978905312104 0.004135624172779336 0.002596190432407736 0.0028182685805413347 
619 -0.006453911677807628 0.0017856319419041658 0.004398402590885494 0.0040004687163711795 
620 -0.0017056077914691273 -0.014760593194513947 0.008654314074682732 0.005391679043569047 
621 0.002047233750002132 0.001416633445207562 0.0027497133665065447 0.0023824372370634356 
622 0.002218527489208642 0.004628385083690908 0.006059808286333751 0.004430600954852393 
623 0.00015367826244431712 0.0004822331498820661 0.0003854168579525517 0.0019727501312302212 
624 0.006881267653071817 0.0030198694245300627 0.004348735334803998 0.004102632493470012 
625 0.0015280202475076862 -0.0011812171577692346 -0.015294135088291354 0.021408722363862317 
626 0.0029581366197133337 0.006284836193826473 0.008372016495511505 0.005408589453046267 
627 0.0014894571656153906 -0.011797145852718535 0.01048832878295534 0.005847907460920712 
628 -0.006738238765905454 0.005840861095896788 0.00546249506436506 0.004641334108899572 
629 0.0037921910736520544 0.0013920981149808701 0.001880235113914118 0.002931441169293934 
630 -0.0025471129903378658 -0.014327420486544716 0.008489166192374342 0.004927807257573864 
631 0.010544123901199045 0.003766574229586721 0.007757670741074589 0.005898202330227621 
632 0.01013876188735695 0.004370622509551359 0.007458913976206225 0.005848649954637529 
633 0.0038374637504590575 0.0017537502424406844 0.0019979513205363865 0.0022706384671476432 
634 0.0002238097369167558 -0.00027957577549828495 0.00034448664182352247 0.0033206904371012756 
635 0.0048267441368978715 0.002150203117987414 0.0052644651616144 0.004516220730874198 
636 0.004684764740441127 0.0009726718137289165 0.004261406528783636 0.0026685834476443604 
637 0.0031199294055687912 -0.0009952228930208444 0.002932529137426304 0.0028429467288499906 
638 -0.004440433768492921 0.002491746200769259 0.003846527480869514 0.0032467576233667253 
639 -0.00999437753826477 0.004554648159838902 0.0054532925261044154 0.004552130001171616 
640 -0.009075851916358912 0.006863574930592722 0.0042583775771151446 0.004871878561997937 
641 -0.007254234040294263 0.007503042635882341 0.005195523335054144 0.004520936474505308 
642 0.0036605397085309856 0.002082304814178504 0.006251855199952841 0.0054722940152397955 
643 -0.0015967638360240206 0.004157142395544553 0.0029524145876981813 0.003608466579663561 
644 0.0024552028191103747 0.0011519403134553617 0.0032665611097810825 0.0034357828393565873 
645 0.0019647679135899325 0.001314195533590136 0.00245295601143879 0.002437696733583218 
646 -0.0006156793451322896 0.00011491239585918402 -0.0020325842952209107 0.005218316923892492 
647 -0.0015795549662602248 -0.014000673511936693 0.00954231620650866 0.005860506229084802 
648 0.007509052771796795 0.002700476625531607 0.0050539009504778605 0.004704318944601681 
649 0.010017140576003208 0.003881942550285909 0.007340769215248362 0.0051313636870923785 
650 0.0005183076814071908 -0.00206154964586314 -0.011291580538615073 0.015623248487851401 
651 0.0005106981179424528 0.0011401708251991248 0.0021288979557552655 0.004383597696003715 
652 0.0045819819064798996 0.00159462785016202 0.0020617004030814164 0.004685403198875691 
653 0.0006772202328461761 -0.0006875630262751463 -0.010743427934628902 0.013953258199821184 
654 0.003490182468436248 0.0023984665439931606 0.004113880119957986 0.002776453391452668 
655 -0.011076017263377678 0.004413945125557464 0.00570204761301637 0.00542558073345765 
656 -0.0008919764212190989 0.000879743518070462 0.003231025469521024 0.0038107403023334894 
657 -0.002437859342602523 0.005553802264856412 0.006640665433140189 0.005245479143981902 
658 -0.00875789983187929 0.007132242389872213 0.005204290959585748 0.0034094519439643854 
659 0.005544469470880444 0.002305481232665111 0.0052411892168923715 0.003105532702442175 
660 0.0016469326511292413 0.0014322850454727182 0.0023514165416944036 0.0024804489206902308 
661 -1.2426078690302934e-05 -0.0013545049970025214 -0.010731048410816232 0.013784897750565234 
662 -0.010888619531590048 0.006833156244719602 0.0063423758883718005 0.0047440418834149845 
663 -0.0005902344352775364 -0.0031595310645007946 -0.006593017788352402 0.00962651700042001 
664 0.0019901434475421828 0.003120930532046226 0.0042438837319421175 0.003092420846726765 
665 0.001155233598376897 0.0010074416610782646 0.0021910783346638964 0.002466681337585013 
666 -0.007960618592629058 0.0031382989545304042 0.0029472585422436978 0.0054001701983814095 
667 -0.008768845728988778 0.006567065134165953 0.0034047373188430636 0.00509095478395429 
668 0.006886288491812578 0.004279648312489935 0.006626651093824465 0.0044048200846645525 
669 -0.010274742255441706 0.006072012207523626 0.005217798932888668 0.004411271687555091 
670 -0.007991870114252357 0.004880315041882153 0.004373989003628735 0.004032290098112945 
671 0.009775624356039665 0.003512314659514127 0.006317797127722232 0.005393829828518629 
672 0.0051011763275874535 0.003464586326654957 0.0033097113046040784 0.0029548983578711555 
673 0.006469250071634489 0.0015255423242659467 0.003693416694173373 0.00503997156455842 
674 -0.00188473823967741 0.0024660925495312504 0.0033372652046923484 0.004335495534004113 
675 0.0016438752898858063 -2.0351227182233714e-05 0.0038453576453163674 0.005328388410593136 
676 0.007282646695816268 0.0023868267891294765 0.00464556021443949 0.004411293780835753 
677 -0.007390925959529827 0.0033333506102124644 0.004052311846466559 0.0033129299935538395 
678 0.010505753697421637 0.005316938647501834 0.005607674120180963 0.0037937200828941225 
679 -0.0020332027138939847 -0.014633052474323952 0.008170262490847964 0.007018916893405372 
680 0.00844927589151765 0.003257414341961679 0.0064962233010749555 0.0038894197450263447 
681 0.00987162306997792 0.0039114666352515655 0.00656001894019167 0.00546399535499387 
682 -0.0007132987448642689 -0.0011517366361985051 -0.016909233712923286 0.0224736970078988 
683 0.0074240674236643696 0.004106472331531076 0.0045099960836113145 0.0037955534282445923 
684 0.008114132998988067 0.0031563451348644907 0.0035145712370029223 0.0057264646555886655 
685 -0.00047550204771817196 -0.006081109978644564 0.005904690526663249 0.0037532197253003267 
686 0.002474333869220681 0.0021168471511897997 0.0026238496967153297 0.0021316645283836286 
687 -0.005045014056048411 0.008318160440362472 0.007019405497550382 0.005317882764558599 
688 0.004861966538109381 0.0016150925475906914 0.004336110195384746 0.003422733448754708 
689 -0.0003401564619206 0.0009632616915460292 0.0030157911568182644 0.002548964722537822 
690 -0.010687208195664703 0.009673301426633824 0.006648196859368203 0.004570067138282533 
691 -0.005562736305297707 0.004175353448177032 0.00458367169728779 0.003976436832398385 
692 0.008801931556641458 0.006371735457489967 0.0058254588610606355 0.004596560783189962 
693 -0.011368375300867838 0.010376006913794296 0.0077249994455000125 0.00548674059688127 
694 0.005178547422840469 0.002134030409891004 -0.0007677830140832247 0.006830275298496455 
695 0.005930985111138633 0.005522864662762068 0.004908957984955207 0.0028120276803077454 
696 0.0004086150690628875 0.001961358930769849 0.0018256771258489525 0.0034373099659445144 
697 0.0010713394666572273 0.0008160457450680382 0.0033240873294202345 0.0042908551266274035 
698 -0.0073448061339318116 0.009370512877524731 0.0076753596826124254 0.005034237730731645 
699 0.0023569367563334646 0.0011792649007254824 0.003133546140350544 0.002926778888882831 
700 0.00255643699790108 0.0005621699672322713 0.0038657637927046627 0.003952245249499816 
701 -0.00019565368238199702 -0.006465772435356051 0.007947069129668334 0.005713121378970163 
702 -0.0057211626741267224 0.0058517801939148685 0.0013038811301126657 0.006344322882330803 
703 0.0011709323941521091 0.0007819329869918488 0.0014651102647468158 0.001492771816463596 
704 0.013417472018165651 0.008496186443069995 0.008749358675921675 0.0056934430058506545 
705 0.0013625826148752898 -0.0016649260261772645 -0.009151684055432277 0.013287996894057031 
706 0.004635114943914668 0.00041827573486478113 0.004716409816068072 0.0031624120353588286 
707 0.00804316877535407 0.0024928016026857843 0.005618935785462706 0.0048146658707895525 
708 0.00089489746173441 0.0010869112307723015 0.0013288663711799977 0.0020626540268365236 
709 -0.0013473500304279544 -0.005190699406659521 0.004867615654450498 0.0031319064386931355 
710 -0.0013997986737111189 -0.007839665611298797 0.004529927271643673 0.003430720099335532 
711 0.009529749334994031 0.004079711839072959 0.007163837970009413 0.005923298450718394 
712 0.0026915603541475116 0.0010748206823795715 0.00196742056114539 0.0014666494424662852 
713 -0.018979959576032216 0.01129679244547131 0.009924030169066837 0.008194093439726297 
714 -0.00243296922123221 -0.01696586030763681 0.012961866770082407 0.006395383232645525 
715 -0.011892826049636438 0.006406989034477843 0.0034535781073953132 0.009031148695987801 
716 -0.0016191091839516827 -0.01877652499912413 0.012770584369572539 0.006358578051443324 
717 0.00025453388268813427 0.0021328331639160645 0.0033941843124321424 0.0028684140635311228 
718 0.0004561920427268588 0.00026626135882910744 0.0016218582102771344 0.0014070544520533863 
719 -0.0002193237402977907 -0.007649981966028166 0.005349674884344758 0.0027122305185250514 
720 0.0036080045709269925 0.002202729134980265 0.003504106221802447 0.0035961254659789103 
721 -0.010412125286525858 0.012736736078252087 0.008564204480100781 0.0059415162630220685 
722 -0.006765945352413305 0.005170873480776592 0.006251589978758319 0.005003470147695275 
723 0.004046094407608413 0.005818180291422036 0.004535389018990789 0.003270244582057296 
724 0.002508269724184036 0.002002234708381272 0.0026478096069574063 0.001944837030791363 
725 0.0012567110764987554 0.000494630504895535 0.0015343985966069548 0.0043655116173285935 
726 -0.0007025556651348369 -0.005758290329632058 0.004506014196017924 0.003737808559598324 
727 -0.0033826848830053892 0.0033696637497178006 0.003606618703071193 0.004058406342372555 
728 0.004704899347777678 0.002405229713075433 0.002510549034231595 0.0017847152744857972 
729 0.0027708688838590876 0.0020306550912149845 0.0030683752889653208 0.0020707206662478484 
730 0.009997331111309876 0.003564196250649405 0.006896389543641913 0.005137333576472575 
731 0.005465248016529168 0.0011854521977748692 -0.0019546025415920587 0.0096912669346436 
732 0.010756151604327018 0.004761058923136303 0.007405464650700567 0.005284834565652885 
733 0.0001106275616550599 -0.001643832353240096 -0.010591711194292228 0.013682193889984554 
734 -0.00022715084198688534 0.0023639317917826443 0.0058873356526499615 0.005699810772749564 
735 0.00673221116137946 0.003557343769019505 0.004907358464973791 0.0043130683362741324 
736 0.0029934745798173745 0.0020008826128745543 0.004207277203966447 0.0033107307350811427 
737 -0.0036047694158878813 -0.016551417436620107 0.011308767298490044 0.005880450822325589 
738 -0.009507829320412225 0.005343639809453774 0.005926341504812232 0.004487341084016399 
739 0.008378516608037354 0.004049673210925453 0.005120974503956849 0.004760907044876825 
740 0.00032231761016251684 0.00019041243401338192 0.000995566325719761 0.001565306155567578 
741 0.0001881692989136675 -0.0004934702948731455 0.0013117894426480491 0.004355391721555739 
742 0.006736599164569278 0.004055924438353172 0.003950885529655914 0.00229787264472433 
743 0.006090477736568335 0.0021837315246944987 0.004187229587782576 0.00324643711500161 
744 0.011390382792938662 0.005488307177391676 0.008378429285463939 0.005759063258433423 
745 0.00462973669979975 0.0005283143195757438 0.004468468411413488 0.0031925124636324664 
746 0.0008201319400847781 -0.0010581213598039707 0.002796056058521943 0.002601520716186279 
747 -0.004620799673598919 0.006138911028387419 0.005326442303250253 0.0039987996690940535 
748 -0.0005864658972183761 0.0018052915729382159 0.0017878218253249921 0.001677586124464644 
749 -0.0013842460756090383 -0.01142169143219764 0.008284967536536257 0.00425064693461142 
750 0.0019159591765935747 0.0010914204026599103 0.0017372875044805883 0.0015790228029891184 
751 0.006965032430265278 0.00247111270793202 0.00466760321579361 0.003622739829902191 
752 -0.0013006526861323111 -0.01103201325908349 0.0071571216963534625 0.003860788947618651 
753 0.0018604818219171023 0.0004706198388884676 0.0021250828471140668 0.001363275383309573 
754 -0.0026239828145975244 0.0019339305482695209 0.0034987881391369295 0.002508156486177716 
755 0.00774262136982011 0.003335297618209229 0.005048447448533375 0.003816611868626406 
756 0.004924078678911071 0.0019663311231373393 0.0008337613170404613 0.005038716594356272 
757 0.0011397243086460826 0.000652849284962655 0.002264358250617095 0.0026493142419634673 
758 0.006806563423175442 0.002854377800570826 0.0052047962000579765 0.0038726058346089925 
759 0.0002426570924192441 -0.0048108792760200554 0.003978780457857323 0.0019723485961491947 
760 -0.00011545457413188478 0.0004376975238278084 -0.0008912348934710675 0.0027858744928443493 
761 0.0013768782893207301 0.000903860230074926 -0.00022373060766612058 0.0026509605148778313 
762 0.0036600254417791336 0.0027903450821415675 0.00461513390369764 0.003447520098420104 
763 -0.0001733337181022802 0.00028272774114802455 0.0008605900460566382 0.0010333930926379156 
764 -0.004719186589304657 0.0017750040578287018 -0.0036692329076262985 0.00959269469570375 
765 -0.0023386777724367417 0.0029679261422493634 0.0025457435143600472 0.0021990898803719455 
766 0.0005200924817487905 -0.00043854730296153863 0.0017339305049962899 0.002337643332777967 
767 0.0022713628259062937 -0.0018540627358441734 0.0026202759970134033 0.0030711456263000153 
768 0.0028351590736108317 0.0016792430616062225 0.003751307621335283 0.0031240748091298487 
769 0.00920390464925685 0.005356111665413315 0.004677661865228155 0.0034974177509661704 
770 -0.002079835847347395 -0.01808230000000457 0.011140498416643628 0.005914319460850007 
771 -0.002542249465873131 -0.017153908523244325 0.011427715243666479 0.005824892895597749 
772 -0.006117861144510891 0.005162942751098415 0.0034074189150736945 0.002457210880590808 
773 -0.008093081454821344 0.005494074230947921 0.004264801597090572 0.0030184660971065676 
774 0.0006221869931324044 0.0009669374552877839 0.002227266074391924 0.00215672162160926 
775 -0.0019255205338756431 -0.01021996398721841 0.006953132826542319 0.003907400531185795 
776 0.0019455320584941672 0.0019284852385512636 0.003205115309896489 0.0034260963132713316 
777 -0.0006970147539068025 -0.007999990975951452 0.00629934777051687 0.004918188438543068 
778 0.006880149162794767 0.0038227066363469724 0.0034562897085695767 0.0026395250741801323 
779 0.0005297083436596348 0.0014289013318434327 0.0015669179670004028 0.001170736802310608 
780 -0.006368283620622723 0.005555251313264682 0.004176170917852232 0.0027423825604786286 
781 -0.001407476217742619 0.0012721563561057683 0.0017047377773429944 0.001466654047035639 
782 0.0083186641342807 0.004983560892585425 0.004146168115345792 0.0030925998989760634 
783 0.009436062216192764 0.004582856824056203 0.00665363394903953 0.005061343089661897 
784 -0.010686797425138828 0.006442169053725866 0.00807529406299667 0.004723920927267273 
785 0.008636333488835099 0.0035998761123006468 0.006493935466062379 0.003922857609220808 
786 0.009069537884373674 0.005003620561756716 0.005293692254731456 0.0030687694078940938 
787 0.0006945910453411355 -0.0009582481028164789 -0.006939919635025029 0.009136267141972798 
788 0.00446792953314954 0.0018308545453838406 0.003093240629941704 0.00213380385526254 
789 0.0036688347027342577 0.0014295071986857044 0.002567533808071082 0.0038444230294204427 
790 0.00712995954407165 0.004277043910078888 0.00695597012251749 0.004054928707896474 
791 0.001379247134075278 0.00035348070279444513 0.002117502909767552 0.0018031984325575427 
792 -0.004273579928629289 0.0024784138531319835 0.0026221818142153604 0.0017889360921283259 
793 0.0020114483962815535 -0.0013624556693620305 0.0029361400538390086 0.002226794875881898 
794 7.975895715338352e-05 -0.0016460624765833106 0.001661650602374921 0.0012408412817943224 
795 -0.009639035939800913 0.005884707725158253 0.0052674453970741435 0.003991118786995581 
796 0.00011192643746835344 0.0010925558362412152 0.0021114053584742926 0.0021295800405645277 
797 0.004993507567872004 0.0021932048324188177 -0.0015765294772099184 0.006472878722839477 
798 0.0005211888595875825 -0.00033037573086365106 0.0019272377455854365 0.0025177395627273887 
799 -0.012009380174662868 0.006238811540001901 0.006620579635381115 0.005156046050542877 
800 6.147122795001425e-05 -0.001359571236115194 -0.007141868893097202 0.009809781028294622 
801 0.0022068499591775346 0.0005140022769798077 0.0005285547087124587 0.0028926945985532537 
802 -0.0009508207467641075 -0.00018292933120714745 -0.007119850279304705 0.01041121142315039 
803 -0.012084548926648996 0.0076197191724378475 0.006682182657070446 0.005606166164319886 
804 -0.0020793256231687695 -0.018810888457278928 0.011959039684181183 0.006012594821332291 
805 -0.010412257531572117 0.0046579172099382015 7.829287170639407e-05 0.011568453776654762 
806 -0.00093922162726866 -0.010731887616929786 0.007585970097220598 0.0037210251642950283 
807 -0.005068475016727542 0.00515703756983817 0.006467872275405675 0.005165446374567478 
808 0.008672461457493005 0.005344148715032101 0.0054053720775621905 0.0036172564499934324 
809 -0.006931863365417052 0.004321151960394767 0.004938585484307358 0.003597053852373923 
810 0.007873871719154149 0.0031709102189623316 0.005236620768713575 0.004110822099342384 
811 0.005818970701200966 0.00401998239981633 0.003945425495870485 0.002641460569587186 
812 -0.005673005526924798 0.008458990727120124 0.006820492489996045 0.0048217552473460955 
813 0.011011605641289262 0.004773312197291527 0.008415785910722597 0.00578128333028705 
814 -0.0021470188203557704 0.0035508424553106835 0.003573745405184704 0.0029913103710708907 
815 0.0006484673646722445 -1.898987179092032e-05 0.0027576272848999655 0.002853457843102643 
816 -0.00902408227185841 0.004060809189322326 0.005602411894211293 0.0051926422425475315 
817 -0.00013378159122360165 -0.00304798412817006 0.0035367252690856905 0.002432020259888909 
818 0.0072956713124211784 0.0030979655049032414 0.004630836348393099 0.003823632811146237 
819 -0.0016814623844189109 -0.0008609806896612422 -0.007364054140098814 0.012354992253619341 
820 0.003776201196600229 0.00172987891508922 0.003893889192205293 0.004477973157985694 
821 0.0026655551279735424 0.0020380942077300544 0.0023060998930055886 0.002459505112001479 
822 0.0024059662834882596 0.005886127622622481 0.005373132189413791 0.0036348176405445074 
823 0.0016315462471748383 0.00029867094274231966 -0.0022810392259225345 0.005217629712644865 
824 -0.0008309884786770576 0.002385678421712329 0.0033711244215964297 0.002530220446161401 
825 0.004633901392405913 -0.0016091392838607412 0.005172089363453827 0.004056829392299471 
826 0.005314434644256004 0.0020670527922767796 0.004393114674445365 0.003347156573332679 
827 0.007813959795983726 0.0031615691558696387 0.005475198673892879 0.004155824893098526 
828 -0.004997953910344543 0.004869699210088319 0.0032574659242338927 0.003750656248326188 
829 0.009741539622823606 0.005759708885602564 0.004009976130819663 0.00414927767806668 
830 0.012126165559152576 0.0058105911041604705 0.008652340614626795 0.005081892654344453 
831 0.006420177135999324 0.0032027297694145647 0.004486818212077737 0.003439996731639441 
832 0.009719686406997797 0.006090082632994987 0.005043637282820881 0.0034909025158764966 
833 0.0021828790630267635 0.0009740088141133318 0.0037862164001345204 0.0034933448131431346 
834 0.008518936774291485 0.004727958662279631 0.004044668208074343 0.003634925343112478 
835 0.002806290125920108 0.0018183569912668136 0.0015044011651062113 0.0010208314666254388 
836 0.0030167488926232298 -3.728955735982485e-05 0.004385127141495668 0.004339925768448122 
837 0.000656648690410638 0.0008708804228067762 0.0018403243307420257 0.0019963937195645247 
838 -0.001348811871103643 0.002026484884701394 0.0024137119525157852 0.0020597389806700597 
839 0.004199429710996948 0.0015795909617012955 0.0023608698113571063 0.004012081322186803 
840 -0.006359864893748263 0.003510988123201334 0.00453081924762644 0.00273981312393489 
841 0.001768828483398478 0.00048577432973946123 -0.004872831226725381 0.007555795408074148 
842 0.0054822252311972665 0.0024802518661084286 -0.0015634738002128629 0.006590219504673675 
843 -0.0010561282982329584 -0.0065704776126919 -0.010556191101465443 0.01894547530972261 
844 -0.006462829496333598 0.0027130897243004366 0.004211748358357487 0.0037666795603656456 
845 -0.0034276131304159384 -0.02300476217713285 0.014461825868258008 0.007176180403999381 
846 0.0026762423249490257 0.0008924112519002726 -0.0039560661685284736 0.008406289640551226 
847 -0.005030083885833961 0.0033564410189045077 -0.0015866466626908561 0.007587889679672314 
848 -0.0006924641569885638 0.001410602205622208 0.0017462005984955154 0.001631838144474079 
849 -0.009329718977975307 0.0018324494217817203 0.008488979806042402 0.005087601094179564 
850 -0.011382916806261089 0.009036500716376739 0.006264278377256381 0.0042550434809305 
851 0.005264681175073206 0.0025610422453189235 0.004077714401249611 0.0025067229712046222 
852 -0.0016142635145616647 -0.009218660018801606 -0.0014908181079686558 0.011489499247239006 
853 -0.006096103600753658 0.0028220218330998305 0.0028695025961050797 0.004010558286008293 
854 -0.0010069657596558797 -0.010227429531823996 0.006363400733394707 0.003925791909911828 
855 -0.005242158991849554 0.006218789276315182 0.004676068037344986 0.002992420748121995 
856 -0.005617689928927801 0.006198732907096721 0.004459275728417582 0.0027997000568924057 
857 0.0009749116872147031 0.0007893150498078388 0.0010628568776048226 0.0009680687058001988 
858 -0.013884393489419266 0.006768222360037812 0.007819400993347677 0.007206905175122652 
859 0.0039015632515260416 0.0003726048324201264 -0.0018156286767592263 0.008106759586288884 
860 -0.002754421838422286 -0.01749903684690244 0.010441896401081724 0.006314227335496181 
861 0.00035345783840930373 -0.009247249920693196 0.0070690478970556235 0.0038364430315087497 
862 0.00015300613416619467 -0.0008586328212553956 0.0014307612371874691 0.0009137413493155748 
863 -0.0014098324679991032 -0.0004670492090018724 -0.008712215596255232 0.012793639392048226 
864 0.0004949259674710339 0.0009720607050345437 0.0025936344186374104 0.0030303288826059958 
865 0.005335204320145102 0.00309804364356712 0.0028962751983898105 0.0020385739018731006 
866 -0.0005442430095402946 -0.0012241175954077865 -0.011733823191057155 0.016421694601373053 
867 0.0037335350943237923 0.001905026765148789 0.0027801831184508974 0.00173355849030035 
868 0.006599122058188807 0.0031573202425528696 0.004540377250493092 0.003503255700482057 
869 -0.0013524575088219902 -0.010451946146458115 0.0071524001499840995 0.003954558335169961 
870 0.006899423680070191 0.006165784097622763 0.0047663542349910305 0.003441848956400063 
871 0.0012571695991756553 0.00028930567433264035 0.002196436169314723 0.0019540286093322934 
872 -0.008698178307922768 0.0039196197885646355 0.0049098481604163925 0.0034399018341384983 
873 0.0009738108662255633 0.0009549595604013837 0.0012567672842404528 0.0020769413403630634 
874 -0.00744532723406108 0.003966866326574252 0.004614065402161225 0.0036150546305769504 
875 0.000690998834161694 0.0003081577672080593 -0.0023911036249254867 0.006520201429649906 
876 -0.003584047438205755 -0.0073375460806285415 0.006720852727298622 0.0038990980108089034 
877 -0.00835331552669945 0.004206860197718933 0.004824293655405776 0.0037197166566871106 
878 0.0027651935007522517 0.0034745593755754665 0.003384061647261382 0.003392453717614829 
879 0.003843361590304725 0.0011025364646469174 0.0021731546928436345 0.0025306319713322757 
880 -0.0018127233437058314 -0.01078695111724484 0.006567469070573289 0.003570354428629957 
881 0.0044186855962656925 0.001536586804097466 0.0025385888002464056 0.0024918206393182794 
882 -0.010372591711119473 0.00837571024036658 0.005773366267524447 0.004027870879591545 
883 0.00484089296602658 -0.0005868999061672007 0.005619504251472527 0.003746733944730001 
884 0.003572931865571936 0.001951815765989266 0.0014218845749511045 0.001557313334825946 
885 -0.004739896741029706 0.003183338749841972 0.003180237215056882 0.0028714181822416525 
886 -0.011001353618986852 0.00601994607337466 0.005235927839452574 0.004417739211047666 
887 0.005177011074890915 -0.002084176966326431 0.005891858649075817 0.003851125681566702 
888 0.002382405755024014 0.001294621493795659 0.001269642345069686 0.0014315717217001497 
889 0.0048905180370239915 0.0015718958301034127 0.002095820984802533 0.0033669537121139947 
890 0.0009084831408704519 0.0008392919190732228 0.0011296761330608042 0.001169111420829772 
891 0.004634773082559943 0.002008894000428627 0.0027996889361722806 0.002589308557262909 
892 0.011488613331658747 0.006727143445657559 0.004976677859155575 0.004608367333817558 
893 -0.008163648273819522 0.006026654848035717 0.0003926052829071591 0.008505566592806579 
894 0.0008354875919661408 -0.001051627262258799 -0.0068611879877541766 0.00974045044015918 
895 0.0024236468569778535 0.0007772459110040818 0.0012256534259208192 0.001636923217698042 
896 -0.0029496018790558976 0.002607913586485297 0.0027332860390441825 0.0019273997800015948 
897 -0.011585046279706494 0.006501150770285887 0.005696551760899835 0.00494108637253696 
898 0.004111627768953739 -0.003910153159060869 0.00613818264676825 0.003730676613841842 
899 -0.00033536379775257535 0.0002969567898091641 0.0025266258944381735 0.00236709566929269 
900 0.006727463468817958 0.004490186438800963 0.0038887528897481676 0.0026291069681803844 
901 0.005148499150604847 0.0015223702623319319 0.004269076341252967 0.0026190632865504978 
902 0.0004551976407012877 -0.006024746625367293 0.004867988879883501 0.0025248692974967415 
903 -0.0024785054176818437 -0.019078403669850332 0.0077052446445561 0.009855159851700405 
904 0.006638978170971526 0.002652801987559367 0.004691576004660311 0.0029523963720812798 
905 -0.006260875211281649 0.006546569102701286 0.003776001743226783 0.004146253749428827 
906 0.0016497269792265436 0.0010195738260903252 0.0014520641919942765 0.0013156627577736502 
907 0.00043520491918051546 0.00127673994650983 0.0017886743368059756 0.0019032850486115011 
908 -0.0057346073523215375 0.007890990155242788 0.0057565651260272676 0.00357131504120032 
909 -0.01089136916644023 0.005035102218898789 0.0013008248260145006 0.011252360910737032 
910 0.001702423875442066 0.0018153503521497886 0.002236681222287876 0.0019962525444583577 
911 -0.009424817407170924 0.005848581473570961 0.0055628078192592285 0.003954126061051126 
912 -0.002807104907421329 -0.019135327366516682 0.012316773154510538 0.006493587584413953 
913 -0.0006606608683471174 0.0013915804723482702 0.0013900771723484421 0.00265283438731769 
914 -0.002675371337308805 -0.020152925601103516 0.012799660800797915 0.0064898576321294225 
915 -0.001763677493261318 -0.010676870705203944 0.007466395150697192 0.0035425818225949526 
916 -0.010349414342956042 0.009397080639636287 0.006189955831707678 0.004926757730767115 
917 0.0005910476059399692 -0.00032580557004280715 0.00010829260316158625 0.004448446883619088 
918 0.00037135324523375696 -0.0008689982847852921 -0.007869770445758371 0.010856687253996225 
919 0.005109566757515577 0.002533351775243439 0.003474212704307257 0.0027313604725175077 
920 -0.0015412760833537272 0.0060271678943323685 0.004939361584101928 0.00466976876559159 
921 -0.009734594331184452 0.006256366317146866 0.005625207152359773 0.0043280611074797744 
922 0.003995410207447599 0.0015774531518607028 0.0033774518275454728 0.0024746556442482547 
923 0.00040036732609466613 0.0003509819377958651 0.0010614338311827616 0.0015505484295191808 
924 -0.003418144870540227 -0.016089113071945854 0.010696649087830924 0.005939873184903576 
925 -0.010893709405602936 0.008788799032727824 0.006716830072669599 0.004681376253529396 
926 0.0006932457081735855 -0.0008308211783550724 -0.012424219956735134 0.017461362612311408 
927 0.0020737905690322465 0.0011799874198362497 0.003472784177454377 0.003706048676296104 
928 0.0017965248739899842 -0.005287015494913776 0.004751432256688488 0.0033877859842378353 
929 0.005286324216011413 0.0027102456313299393 0.0037823647826450237 0.003593557853387818 
930 -0.000181103160036507 0.00068860876796808 0.001763283902253872 0.00172489836594312 
931 0.0009617252963964325 0.0005183426862264001 -0.0001782637375648772 0.0019459758949573864 
932 0.001408098444109808 0.00028234302917169555 0.0022231036297933157 0.003564729498496161 
933 -0.0008866210036963759 0.0027832464970906387 0.002504623953458544 0.003274740293379365 
934 -0.003835565235551476 -0.015751757380556546 0.011367698615354319 0.005922773695523209 
935 0.00019688907381970591 -0.004899126002896612 -0.003342667176963656 0.00862046063551221 
936 -0.014267796479159184 0.007193061816350037 0.0073117801457437724 0.007039087931572863 
937 0.00440948626692369 0.00120109950257117 0.003204703166846089 0.0031135688611108395 
938 -0.0009553608126096426 -0.006748122483055035 0.005428673900216755 0.002841487480646369 
939 0.00528193755359605 0.002131207376630409 0.004245337729392742 0.0030648147818722153 
940 0.0026673914016512035 0.004389191060962326 0.007542799779362584 0.0067178835287773605 
941 0.0010412495762697675 0.0007184274625976429 0.000915423982161754 0.001974334539112989 
942 0.007000535137086668 0.0026417852165995827 0.005053243101125585 0.0031939510274092073 
943 0.0006112720844730234 -0.0007125025256386792 0.001312963856915424 0.001630577012843703 
944 0.006704632324742989 0.003672651457025236 0.0027019182570032054 0.002908751879018883 
945 0.0001365790792782357 0.0014955804848882021 0.0032397741227784107 0.003137221465212135 
946 0.0022128935030065362 0.0005455925028669872 0.0017035804186415042 0.001229750200915444 
947 -0.0022078145045328606 -0.015728564688469237 0.009232196099221157 0.00553070848683637 
948 -0.0023169771835668076 0.003201772980547628 0.0022279968337299443 0.0017078095491647387 
949 -0.010555512485811483 0.00738030364794844 0.0075266455772946125 0.006371380692519319 
950 0.0016546249033044232 -0.0011037007286848748 -0.009881103702492344 0.013121128822363663 
951 -0.0018815684067247653 0.0017240511108281818 0.0015820411505485992 0.0011492459701038299 
952 0.009423705183026794 0.005249445994331416 0.00491787890185777 0.003809509343122731 
953 0.012385051605899965 0.007446353037205896 0.006328038820035334 0.003727416744177343 
954 -0.007532641843715952 0.00401380286880258 0.0038717075134149176 0.0030233648875640185 
955 0.003794972032887498 0.0014135631976338568 0.0023817947810914966 0.001987819462165838 
956 0.0011364413159917854 0.0008600816221486986 0.000962758136266906 0.0011165273306028138 
957 0.0044567806257665085 0.0026821462079795006 0.0035705842300435262 0.002551630537133552 
958 0.008890464472688204 0.004078231468358041 0.006159077698431691 0.0045661839373948064 
959 0.0023958264896428196 0.0007854827953303316 0.00020928283526826165 0.0026626347994604714 
960 -0.007187134749335797 0.007386638261574269 0.005520689130805833 0.0036134069796222978 
961 0.0005262530865026565 -0.0006148280452145951 -0.002415000993165391 0.006437111312049703 
962 0.001585280870130681 0.0027429667410232635 0.0033301569634680574 0.0023665764377369834 
963 0.0006235796965198159 -0.0007300522096373889 0.0018201435575066662 0.0013025189069802844 
964 0.0012586308929344787 -0.006615549574892311 0.005813422012865142 0.0035883690442302138 
965 0.005602697623510855 0.004082611162930597 0.005627022691659931 0.0035637444891627045 
966 0.004774174034092385 0.0013197549886546172 0.003010794769220034 0.002823581378052047 
967 -0.0018150132658212824 -0.019212639731420712 0.012338392726878474 0.006484681002857652 
968 0.0008296552111878333 0.00048276514251152885 0.0010685598416165123 0.0009874403817775588 
969 0.00101432048943111 0.0006401117506215731 0.00033075505758831076 0.001971733068746984 
970 0.0004461814469850637 0.0014746469371487417 0.0013850102464897135 0.0024574344706457334 
971 0.0022834110220425687 0.0011943982144562403 0.0014762949108629052 0.0014790295093388749 
972 -0.0073305309736312755 0.003205821338677182 0.00507286243926279 0.003163830409793848 
973 0.006929330894378058 0.0003425501140661061 0.00728511498121021 0.004330005061859689 
974 0.004327879038626754 0.00217693080803984 0.003049353470435791 0.0025911445262232122 
975 0.003166832893745111 -0.001611574629145449 0.003783734043104132 0.002392876318804408 
976 0.00040390013777480963 -0.006225365997435699 0.004841748281728864 0.0038018374849321983 
977 -0.0018741117099664313 -0.016406165453442142 0.010310027850143845 0.005225133026223937 
978 -0.003106464273373766 0.004494886633339978 0.004120922721653864 0.003433411867958515 
979 0.003016342370857204 0.001954391790383403 0.004622938472392747 0.00445977762784013 
980 -0.0022914227314604955 -0.014458668437008186 0.009484525091268287 0.0047911525542647885 
981 0.00324757841875013 0.0013569833782201134 0.002481913774274784 0.0016439372692142692 
982 -0.0005516924744343421 -0.00947184125282428 0.006905891764499467 0.003387086016739445 
983 0.0046255704933547154 0.002232563661330252 0.0032357658218410217 0.002099820219106167 
984 -0.001694733681776478 0.00018917903924494522 0.0035524143848146986 0.003326651776889255 
985 0.001433543337237645 0.00035286094385313034 0.0019292036405805675 0.0024375438781188306 
986 0.005594818609948403 0.0018393757114385319 0.004866618688587981 0.0035553467466503774 
987 -0.007568094868867157 0.005589357092702337 0.0009450631132157852 0.006896024848854058 
988 0.0013951708792054205 -0.0005002104839799558 -0.007837588171724436 0.010710100423608386 
989 0.004520516177848943 0.0015826080230015125 0.003092465879504211 0.002560547207184632 
990 -0.00707821647284964 0.00394578849826698 0.004618729362609873 0.0036636014354333377 
991 -0.003632306484963645 -0.019844852848453498 0.01271145900445977 0.006060495891525653 
992 -0.0065923565035898085 0.0051362009570127916 0.002575971409944367 0.003522899048895124 
993 0.0010686076904934823 -0.00046142534338393875 0.00031729582146228826 0.0034934601528148522 
994 0.005659535687738912 0.002710030702794761 0.003014318458213798 0.003208361504103209 
995 -0.0011221181691279949 0.002046278526030836 0.004021849884554779 0.004140890620924749 
996 -0.0004786300349581987 -0.0019650142321671815 0.0026407059273741715 0.002100501019273914 
997 0.0005932991819368993 -0.00026104950849390216 -0.004928318459334754 0.006266747327093179 
998 -0.00014541024389754838 0.0008289298980149681 0.0003487253997353529 0.002096305754047484 
999 -0.009130285717296668 0.005195515488753683 0.004530988062728998 0.004254916517516763 
