1	3
1	12
1	30
1	31
1	33
1	35
1	40
1	43
1	46
1	49
1	57
1	58
1	65
1	67
1	72
1	80
1	98
1	103
1	149
1	156
1	161
1	194
1	199
1	227
1	248
1	314
1	328
1	368
1	414
1	418
1	425
1	429
1	448
1	489
1	554
1	559
1	598
1	624
1	680
1	698
1	709
1	735
1	771
1	807
1	815
1	817
1	884
1	992
2	10
2	25
2	51
2	59
2	92
2	113
2	115
2	129
2	137
2	154
2	199
2	200
2	205
2	209
2	222
2	224
2	238
2	244
2	285
2	292
2	294
2	330
2	337
2	355
2	378
2	391
2	418
2	423
2	437
2	443
2	492
2	544
2	558
2	591
2	605
2	607
2	683
2	701
2	759
2	783
2	791
2	792
2	814
2	824
2	852
2	938
2	942
2	952
3	12
3	31
3	34
3	35
3	40
3	43
3	62
3	65
3	71
3	72
3	77
3	106
3	116
3	126
3	154
3	161
3	170
3	192
3	209
3	211
3	293
3	370
3	373
3	383
3	405
3	444
3	521
3	527
3	560
3	562
3	664
3	692
3	706
3	707
3	766
3	787
3	810
3	834
3	911
3	916
3	987
4	19
4	22
4	23
4	24
4	31
4	41
4	47
4	54
4	56
4	63
4	84
4	152
4	155
4	176
4	241
4	282
4	289
4	297
4	329
4	346
4	404
4	449
4	463
4	498
4	501
4	539
4	581
4	596
4	665
4	681
4	685
4	705
4	727
4	740
4	746
4	780
4	781
4	784
4	801
4	869
4	903
4	970
5	66
5	97
5	100
5	104
5	109
5	124
5	131
5	132
5	133
5	151
5	187
5	216
5	230
5	252
5	253
5	257
5	262
5	274
5	291
5	299
5	300
5	306
5	311
5	334
5	344
5	354
5	367
5	375
5	385
5	457
5	528
5	560
5	583
5	711
5	713
5	840
5	864
5	918
5	957
5	991
6	17
6	27
6	61
6	83
6	98
6	144
6	153
6	173
6	215
6	231
6	240
6	250
6	254
6	266
6	321
6	338
6	358
6	362
6	372
6	405
6	434
6	487
6	530
6	604
6	622
6	627
6	680
6	682
6	684
6	718
6	727
6	753
6	772
6	798
6	809
6	863
6	962
6	963
6	968
6	986
7	31
7	33
7	35
7	40
7	43
7	46
7	49
7	57
7	74
7	80
7	106
7	114
7	155
7	169
7	194
7	198
7	209
7	218
7	219
7	287
7	293
7	295
7	301
7	420
7	429
7	444
7	467
7	562
7	565
7	593
7	597
7	624
7	716
7	763
7	805
7	817
7	843
7	934
7	959
7	982
8	13
8	16
8	21
8	97
8	102
8	110
8	140
8	142
8	163
8	166
8	177
8	251
8	257
8	315
8	327
8	331
8	341
8	342
8	377
8	403
8	409
8	431
8	489
8	499
8	520
8	540
8	572
8	581
8	623
8	677
8	691
8	731
8	732
8	748
8	778
8	800
8	801
8	812
8	891
9	11
9	17
9	21
9	52
9	68
9	98
9	144
9	153
9	162
9	180
9	223
9	254
9	271
9	295
9	296
9	317
9	321
9	326
9	358
9	421
9	434
9	450
9	469
9	651
9	670
9	712
9	738
9	744
9	747
9	751
9	772
9	774
9	788
9	891
9	907
9	946
9	951
9	967
9	973
10	11
10	13
10	25
10	43
10	59
10	99
10	113
10	129
10	137
10	138
10	154
10	181
10	191
10	203
10	222
10	224
10	285
10	294
10	305
10	316
10	355
10	357
10	374
10	446
10	491
10	504
10	506
10	551
10	564
10	592
10	607
10	638
10	706
10	733
10	779
10	814
10	824
11	15
11	18
11	20
11	22
11	36
11	56
11	71
11	76
11	111
11	120
11	140
11	157
11	183
11	196
11	198
11	225
11	226
11	243
11	284
11	319
11	391
11	402
11	433
11	471
11	536
11	609
11	621
11	637
11	642
11	645
11	669
11	766
11	857
11	936
11	974
12	33
12	34
12	35
12	44
12	46
12	65
12	67
12	103
12	126
12	133
12	161
12	169
12	170
12	192
12	202
12	204
12	213
12	247
12	547
12	624
12	628
12	636
12	675
12	697
12	742
12	745
12	781
12	803
12	810
12	843
12	851
12	884
12	919
12	959
13	16
13	21
13	24
13	50
13	53
13	73
13	128
13	142
13	166
13	177
13	189
13	190
13	203
13	257
13	313
13	315
13	331
13	399
13	409
13	451
13	468
13	509
13	580
13	589
13	646
13	647
13	720
13	758
13	778
13	795
13	825
13	858
13	860
13	888
14	19
14	20
14	45
14	63
14	69
14	70
14	82
14	85
14	89
14	103
14	118
14	121
14	134
14	152
14	158
14	171
14	178
14	190
14	208
14	250
14	269
14	281
14	287
14	323
14	335
14	356
14	432
14	513
14	516
14	576
14	585
14	618
14	634
14	655
14	708
14	901
15	36
15	41
15	64
15	66
15	71
15	76
15	79
15	196
15	201
15	225
15	226
15	229
15	243
15	252
15	260
15	391
15	395
15	430
15	433
15	448
15	475
15	552
15	568
15	579
15	586
15	606
15	609
15	631
15	726
15	821
15	866
15	908
15	936
15	974
16	21
16	24
16	50
16	97
16	104
16	110
16	129
16	163
16	166
16	186
16	320
16	342
16	399
16	409
16	419
16	470
16	497
16	499
16	530
16	546
16	553
16	580
16	599
16	646
16	656
16	702
16	720
16	758
16	886
16	900
16	930
16	994
17	23
17	27
17	52
17	86
17	98
17	139
17	153
17	197
17	203
17	231
17	240
17	266
17	296
17	321
17	338
17	358
17	365
17	393
17	434
17	472
17	488
17	492
17	503
17	556
17	627
17	672
17	682
17	744
17	907
17	946
17	968
17	984
18	26
18	60
18	61
18	80
18	91
18	94
18	96
18	108
18	141
18	147
18	162
18	179
18	184
18	268
18	272
18	280
18	302
18	306
18	309
18	416
18	443
18	500
18	518
18	538
18	595
18	615
18	616
18	659
18	710
18	730
18	877
18	995
19	32
19	40
19	41
19	45
19	55
19	59
19	78
19	85
19	95
19	119
19	139
19	146
19	158
19	167
19	171
19	174
19	178
19	223
19	275
19	307
19	397
19	512
19	533
19	617
19	652
19	661
19	746
19	762
19	784
19	818
19	996
20	23
20	32
20	54
20	63
20	70
20	78
20	85
20	88
20	119
20	134
20	174
20	175
20	185
20	208
20	217
20	281
20	289
20	333
20	339
20	356
20	447
20	476
20	501
20	512
20	514
20	539
20	596
20	869
20	896
20	914
21	50
21	110
21	117
21	129
21	142
21	153
21	160
21	166
21	177
21	188
21	320
21	342
21	373
21	464
21	520
21	530
21	546
21	633
21	645
21	647
21	655
21	732
21	782
21	853
21	886
21	908
21	994
22	23
22	41
22	47
22	48
22	54
22	63
22	78
22	85
22	89
22	92
22	95
22	119
22	121
22	134
22	152
22	158
22	185
22	223
22	233
22	275
22	379
22	410
22	456
22	536
22	651
22	903
22	910
22	946
22	997
23	32
23	63
23	70
23	92
23	95
23	123
23	282
23	297
23	307
23	394
23	428
23	456
23	480
23	507
23	533
23	639
23	685
23	746
23	791
23	831
23	855
23	866
23	870
23	914
23	935
23	941
23	954
24	38
24	50
24	97
24	102
24	110
24	121
24	128
24	163
24	189
24	332
24	364
24	373
24	377
24	419
24	464
24	465
24	528
24	614
24	623
24	625
24	699
24	716
24	720
24	825
24	858
24	860
24	891
24	994
25	51
25	110
25	113
25	115
25	138
25	154
25	168
25	181
25	195
25	205
25	220
25	222
25	285
25	325
25	364
25	392
25	437
25	534
25	592
25	624
25	630
25	676
25	701
25	755
25	854
25	868
25	938
25	942
25	952
26	28
26	33
26	36
26	37
26	39
26	60
26	84
26	96
26	156
26	165
26	200
26	206
26	238
26	280
26	298
26	381
26	402
26	411
26	440
26	529
26	532
26	557
26	675
26	678
26	699
26	895
26	900
26	921
26	937
27	68
27	81
27	83
27	86
27	111
27	153
27	180
27	218
27	229
27	254
27	266
27	276
27	306
27	321
27	358
27	488
27	579
27	604
27	614
27	667
27	687
27	688
27	742
27	752
27	804
27	829
27	977
27	984
28	37
28	39
28	61
28	118
28	155
28	156
28	216
28	279
28	289
28	302
28	304
28	321
28	423
28	443
28	477
28	478
28	481
28	557
28	576
28	600
28	612
28	616
28	675
28	698
28	794
28	816
28	882
28	983
29	36
29	46
29	47
29	69
29	74
29	104
29	122
29	139
29	145
29	210
29	230
29	239
29	250
29	301
29	322
29	334
29	406
29	427
29	462
29	485
29	528
29	545
29	560
29	574
29	756
29	796
29	838
29	924
29	958
30	60
30	61
30	105
30	108
30	147
30	184
30	213
30	238
30	256
30	268
30	313
30	324
30	342
30	362
30	371
30	400
30	443
30	513
30	606
30	632
30	649
30	745
30	760
30	765
30	845
30	857
30	922
30	947
31	34
31	43
31	46
31	58
31	67
31	72
31	76
31	80
31	97
31	103
31	106
31	157
31	169
31	211
31	214
31	225
31	338
31	405
31	413
31	444
31	537
31	698
31	709
31	807
31	834
32	41
32	44
32	45
32	47
32	55
32	61
32	70
32	95
32	116
32	144
32	147
32	178
32	275
32	287
32	335
32	379
32	441
32	476
32	525
32	634
32	639
32	762
32	780
32	875
32	996
33	40
33	43
33	47
33	62
33	67
33	77
33	137
33	149
33	164
33	170
33	204
33	245
33	278
33	370
33	405
33	414
33	435
33	559
33	771
33	815
33	841
33	856
33	894
33	940
34	35
34	43
34	80
34	149
34	157
34	199
34	214
34	218
34	220
34	244
34	247
34	248
34	262
34	263
34	295
34	597
34	610
34	683
34	704
34	754
34	771
34	790
34	851
34	894
34	982
35	49
35	57
35	62
35	72
35	76
35	103
35	119
35	126
35	194
35	202
35	270
35	295
35	304
35	349
35	414
35	429
35	467
35	521
35	559
35	573
35	716
35	775
35	790
36	56
36	64
36	66
36	71
36	76
36	140
36	157
36	182
36	183
36	226
36	260
36	284
36	391
36	395
36	428
36	433
36	511
36	536
36	568
36	586
36	866
36	975
36	986
37	43
37	62
37	91
37	94
37	109
37	118
37	280
37	298
37	313
37	362
37	401
37	411
37	474
37	477
37	480
37	555
37	585
37	608
37	615
37	654
37	755
37	799
37	890
37	893
37	900
38	48
38	53
38	76
38	81
38	87
38	90
38	107
38	112
38	127
38	135
38	150
38	172
38	261
38	267
38	269
38	271
38	330
38	359
38	479
38	495
38	508
38	703
38	811
38	895
38	978
39	61
39	108
39	125
39	141
39	179
39	236
39	416
39	438
39	440
39	478
39	496
39	500
39	563
39	577
39	606
39	659
39	722
39	736
39	793
39	890
39	913
39	917
39	983
39	1000
40	43
40	57
40	58
40	77
40	145
40	150
40	155
40	210
40	248
40	286
40	328
40	396
40	414
40	435
40	461
40	509
40	535
40	549
40	610
40	664
40	916
41	44
41	70
41	82
41	134
41	146
41	217
41	264
41	275
41	329
41	335
41	351
41	376
41	432
41	463
41	473
41	549
41	617
41	643
41	835
41	855
41	869
42	66
42	104
42	145
42	234
42	245
42	256
42	263
42	283
42	291
42	301
42	334
42	343
42	375
42	427
42	466
42	470
42	515
42	560
42	584
42	601
42	721
42	739
42	756
42	793
42	919
42	971
43	57
43	150
43	164
43	170
43	227
43	247
43	288
43	327
43	328
43	347
43	363
43	368
43	407
43	565
43	686
43	963
44	86
44	89
44	134
44	140
44	174
44	222
44	241
44	284
44	287
44	323
44	394
44	426
44	432
44	458
44	473
44	626
44	665
44	681
44	727
44	737
44	762
44	990
45	63
45	68
45	70
45	95
45	123
45	176
45	190
45	241
45	273
45	297
45	340
45	345
45	352
45	394
45	404
45	415
45	516
45	531
45	564
45	667
45	685
45	855
46	57
46	58
46	80
46	103
46	106
46	150
46	247
46	308
46	398
46	413
46	561
46	619
46	698
46	706
46	796
46	847
46	902
46	919
46	963
47	54
47	118
47	119
47	171
47	176
47	183
47	231
47	281
47	282
47	288
47	350
47	356
47	449
47	617
47	618
47	655
47	661
47	685
47	855
48	81
48	87
48	107
48	112
48	127
48	135
48	172
48	206
48	211
48	226
48	255
48	261
48	267
48	269
48	312
48	359
48	386
48	390
48	472
48	495
48	829
48	969
49	50
49	62
49	65
49	72
49	79
49	155
49	163
49	204
49	221
49	244
49	368
49	413
49	489
49	509
49	527
49	549
49	562
49	622
49	650
49	692
49	959
50	110
50	186
50	189
50	203
50	234
50	250
50	315
50	377
50	399
50	403
50	419
50	468
50	540
50	553
50	581
50	611
50	653
50	691
50	812
51	59
51	92
51	115
51	137
51	154
51	191
51	195
51	220
51	224
51	305
51	337
51	376
51	504
51	605
51	630
51	669
51	714
51	761
51	779
51	792
51	980
51	990
52	83
52	144
52	162
52	197
52	215
52	240
52	296
52	321
52	324
52	341
52	358
52	391
52	479
52	575
52	579
52	607
52	651
52	733
52	751
52	871
52	893
52	973
53	55
53	81
53	90
53	99
53	112
53	130
53	136
53	159
53	172
53	174
53	212
53	249
53	267
53	279
53	312
53	386
53	417
53	482
53	776
53	901
53	915
54	69
54	70
54	82
54	83
54	134
54	158
54	189
54	208
54	233
54	287
54	334
54	410
54	449
54	495
54	705
54	737
54	835
54	848
54	935
55	90
55	99
55	172
55	185
55	259
55	398
55	417
55	453
55	459
55	472
55	508
55	571
55	641
55	819
55	847
55	872
55	880
55	933
55	939
55	955
56	66
56	71
56	75
56	79
56	120
56	126
56	182
56	196
56	198
56	201
56	225
56	352
56	471
56	669
56	808
56	830
56	861
56	936
56	938
57	62
57	65
57	67
57	106
57	149
57	155
57	184
57	192
57	349
57	483
57	489
57	619
57	716
57	795
57	828
57	979
58	65
58	67
58	72
58	161
58	164
58	169
58	188
58	217
58	221
58	370
58	535
58	537
58	610
58	628
58	662
58	707
58	716
58	959
59	92
59	163
59	179
59	195
59	200
59	205
59	224
59	294
59	384
59	437
59	446
59	663
59	676
59	683
59	743
59	759
59	928
59	956
60	61
60	96
60	101
60	109
60	125
60	156
60	186
60	214
60	242
60	272
60	298
60	466
60	588
60	612
60	811
60	832
60	873
60	879
60	882
61	91
61	103
61	105
61	118
61	238
61	272
61	313
61	402
61	506
61	510
61	576
61	608
61	728
61	760
61	820
62	65
62	77
62	181
62	199
62	270
62	295
62	365
62	436
62	547
62	565
62	628
62	697
62	803
62	810
62	958
63	70
63	159
63	167
63	178
63	217
63	223
63	224
63	323
63	473
63	507
63	512
63	548
63	606
63	624
63	869
64	66
64	75
64	76
64	79
64	98
64	111
64	157
64	187
64	198
64	226
64	312
64	319
64	395
64	471
64	475
64	568
64	577
64	661
64	673
65	66
65	106
65	116
65	150
65	184
65	199
65	218
65	244
65	483
65	537
65	582
65	706
65	789
65	834
66	75
66	76
66	111
66	147
66	182
66	201
66	236
66	284
66	454
66	455
66	471
66	536
66	609
66	645
67	126
67	155
67	221
67	251
67	277
67	293
67	295
67	303
67	308
67	404
67	467
67	707
67	709
67	745
68	86
68	158
68	231
68	258
68	295
68	487
68	556
68	604
68	622
68	627
68	670
68	718
68	733
68	798
68	809
68	898
68	995
69	78
69	90
69	95
69	119
69	158
69	167
69	281
69	282
69	289
69	380
69	441
69	501
69	655
69	661
69	875
69	901
69	985
70	75
70	82
70	85
70	121
70	174
70	200
70	280
70	281
70	386
70	460
70	674
71	75
71	157
71	162
71	219
71	225
71	260
71	263
71	347
71	433
71	766
71	775
71	825
71	909
71	926
72	244
72	276
72	341
72	383
72	493
72	562
72	573
72	598
72	656
72	692
72	697
72	698
72	807
73	74
73	100
73	104
73	124
73	143
73	187
73	244
73	250
73	310
73	360
73	427
73	574
73	578
73	713
73	723
73	785
73	840
73	860
74	104
74	112
74	122
74	131
74	136
74	143
74	253
74	277
74	322
74	442
74	452
74	542
74	560
74	578
74	660
74	867
75	76
75	111
75	120
75	151
75	183
75	201
75	207
75	280
75	425
75	694
75	806
75	889
75	961
75	988
76	140
76	252
76	263
76	412
76	522
76	677
76	694
76	726
76	821
76	865
77	126
77	170
77	172
77	202
77	211
77	248
77	270
77	363
77	547
77	593
77	619
77	629
77	787
77	790
77	894
78	89
78	101
78	167
78	190
78	208
78	329
78	415
78	441
78	494
78	516
78	626
78	835
78	848
78	910
78	954
79	219
79	347
79	425
79	433
79	454
79	522
79	621
79	633
79	640
79	865
79	903
79	926
79	939
79	975
80	106
80	170
80	179
80	214
80	221
80	227
80	286
80	316
80	549
80	573
80	735
80	902
81	127
81	148
81	249
81	259
81	264
81	271
81	290
81	397
81	482
81	648
81	811
81	829
81	841
81	876
82	85
82	86
82	95
82	130
82	134
82	190
82	456
82	459
82	498
82	517
82	634
82	639
82	941
82	973
83	86
83	162
83	171
83	204
83	215
83	341
83	372
83	550
83	718
83	733
83	738
83	769
83	953
83	977
84	268
84	353
84	378
84	388
84	494
84	513
84	518
84	542
84	625
84	632
84	717
84	736
84	937
84	945
84	947
84	993
85	152
85	176
85	195
85	201
85	241
85	287
85	356
85	421
85	449
85	589
85	749
85	896
86	173
86	182
86	197
86	229
86	240
86	243
86	575
86	671
86	738
86	863
86	977
86	984
87	90
87	99
87	107
87	112
87	282
87	312
87	359
87	390
87	395
87	398
87	422
87	559
87	603
87	757
87	849
87	872
88	102
88	104
88	151
88	210
88	230
88	246
88	250
88	318
88	334
88	503
88	569
88	574
88	601
88	647
88	719
88	725
88	796
89	141
89	185
89	190
89	208
89	287
89	380
89	419
89	457
89	458
89	473
89	661
89	784
89	896
89	914
90	107
90	136
90	249
90	256
90	330
90	408
90	417
90	459
90	511
90	841
90	880
90	944
90	996
91	116
91	118
91	135
91	184
91	207
91	339
91	344
91	378
91	423
91	440
91	555
91	569
91	632
91	654
91	947
92	113
92	129
92	137
92	154
92	181
92	224
92	292
92	294
92	379
92	446
92	683
92	765
93	118
93	128
93	165
93	179
93	184
93	206
93	232
93	235
93	242
93	270
93	374
93	387
93	400
93	478
93	510
93	518
93	659
94	105
94	125
94	126
94	160
94	184
94	268
94	313
94	353
94	362
94	371
94	378
94	523
94	576
94	606
94	879
95	170
95	277
95	345
95	348
95	517
95	526
95	681
95	821
95	906
95	914
96	125
96	141
96	165
96	168
96	184
96	298
96	366
96	496
96	606
96	659
96	816
96	870
96	966
96	981
97	117
97	128
97	142
97	188
97	228
97	253
97	357
97	580
97	611
97	720
97	858
97	925
98	144
98	229
98	240
98	254
98	317
98	341
98	490
98	682
98	742
98	753
98	918
98	965
99	107
99	130
99	139
99	271
99	330
99	453
99	472
99	479
99	690
99	696
99	751
99	841
99	880
100	133
100	145
100	148
100	187
100	198
100	239
100	310
100	343
100	352
100	510
100	569
100	578
100	620
100	719
100	723
101	105
101	109
101	179
101	184
101	268
101	339
101	362
101	366
101	388
101	440
101	466
101	600
101	632
101	693
101	858
102	125
102	186
102	191
102	331
102	342
102	447
102	480
102	497
102	523
102	540
102	546
102	625
102	767
102	891
103	126
103	150
103	155
103	202
103	227
103	328
103	589
103	610
103	628
103	851
104	109
104	187
104	277
104	344
104	361
104	545
104	623
104	712
104	816
104	822
105	108
105	213
105	230
105	339
105	387
105	389
105	416
105	715
105	721
105	760
105	773
105	842
105	910
106	155
106	214
106	234
106	248
106	414
106	483
106	545
106	597
106	968
107	136
107	148
107	159
107	238
107	249
107	350
107	422
107	637
107	641
107	829
107	904
108	141
108	147
108	165
108	177
108	353
108	423
108	478
108	500
108	776
108	799
108	921
108	982
109	125
109	168
109	180
109	717
109	722
109	736
109	755
109	820
109	842
109	857
109	882
110	117
110	123
110	177
110	251
110	257
110	271
110	409
110	431
110	468
110	748
111	120
111	201
111	219
111	425
111	428
111	461
111	609
111	635
111	637
111	734
111	909
112	127
112	136
112	354
112	397
112	408
112	422
112	445
112	776
112	827
112	872
112	997
113	191
113	209
113	220
113	257
113	384
113	418
113	551
113	791
113	814
113	889
113	892
113	929
114	129
114	144
114	195
114	285
114	384
114	446
114	543
114	564
114	582
114	587
114	703
114	714
114	783
114	854
114	899
115	137
115	138
115	154
115	158
115	191
115	200
115	220
115	249
115	292
115	336
115	534
115	813
115	980
116	121
116	158
116	167
116	265
116	288
116	345
116	348
116	356
116	501
116	596
116	831
116	970
117	228
117	315
117	331
117	348
117	373
117	464
117	465
117	520
117	523
117	546
117	605
117	646
117	852
118	147
118	213
118	232
118	376
118	400
118	575
118	832
118	983
118	1000
119	146
119	187
119	190
119	215
119	460
119	517
119	519
119	533
119	844
119	990
120	140
120	182
120	183
120	194
120	225
120	395
120	430
120	536
120	942
120	961
120	975
120	984
121	167
121	174
121	297
121	326
121	360
121	380
121	673
121	868
121	905
121	929
121	999
122	216
122	258
122	274
122	314
122	367
122	393
122	560
122	569
122	574
122	593
122	822
122	856
122	948
122	966
123	273
123	329
123	350
123	356
123	415
123	568
123	617
123	626
123	639
123	682
123	724
123	780
123	896
124	187
124	256
124	311
124	318
124	367
124	406
124	505
124	583
124	584
124	660
124	693
124	723
124	739
124	969
125	133
125	141
125	242
125	382
125	443
125	649
125	675
125	871
125	890
126	149
126	194
126	202
126	349
126	535
126	817
126	840
127	130
127	171
127	259
127	453
127	508
127	641
127	687
127	819
127	822
127	876
127	978
128	186
128	189
128	403
128	464
128	497
128	523
128	540
128	549
128	611
128	662
128	678
129	224
129	325
129	336
129	355
129	605
129	701
129	703
129	743
129	814
130	172
130	212
130	249
130	389
130	397
130	472
130	511
130	551
130	570
130	696
130	813
131	143
131	277
131	344
131	345
131	360
131	452
131	528
131	538
131	578
131	786
131	796
131	833
131	861
132	193
132	210
132	216
132	234
132	255
132	256
132	274
132	298
132	299
132	390
132	470
132	524
132	729
132	875
133	193
133	245
133	299
133	385
133	424
133	426
133	427
133	485
133	711
133	719
133	943
134	449
134	456
134	490
134	514
134	539
134	724
134	749
134	985
135	148
135	159
135	267
135	290
135	389
135	459
135	561
135	567
135	689
135	869
135	885
135	932
136	172
136	236
136	261
136	267
136	408
136	469
136	479
136	508
136	603
136	813
137	138
137	181
137	292
137	336
137	418
137	534
137	587
137	837
137	852
138	160
138	191
138	222
138	408
138	446
138	504
138	506
138	529
138	605
138	701
138	783
139	237
139	258
139	300
139	343
139	352
139	424
139	515
139	541
139	838
139	849
139	867
140	219
140	284
140	347
140	448
140	677
140	907
140	936
140	974
141	147
141	242
141	288
141	369
141	555
141	668
141	820
141	826
142	166
142	189
142	203
142	257
142	410
142	447
142	473
142	497
142	850
142	908
143	145
143	234
143	256
143	360
143	442
143	457
143	485
143	543
143	764
143	824
143	846
144	173
144	180
144	317
144	667
144	769
144	951
144	973
144	975
145	237
145	250
145	253
145	344
145	360
145	439
145	462
145	485
145	695
146	167
146	208
146	307
146	320
146	340
146	351
146	356
146	458
146	525
146	643
146	681
147	280
147	557
147	576
147	842
147	893
147	937
147	976
148	159
148	222
148	236
148	290
148	445
148	567
148	635
148	813
148	847
148	950
149	185
149	199
149	213
149	218
149	270
149	286
149	435
149	527
149	535
150	247
150	248
150	328
150	353
150	396
150	414
150	426
150	697
151	156
151	216
151	234
151	262
151	291
151	322
151	343
151	360
151	729
151	731
151	964
152	158
152	217
152	241
152	281
152	289
152	326
152	335
152	404
152	465
152	867
153	173
153	175
153	303
153	315
153	413
153	421
153	563
153	666
153	667
154	253
154	292
154	534
154	607
154	763
154	915
154	972
155	184
155	202
155	349
155	628
155	803
156	165
156	298
156	376
156	411
156	416
156	595
156	820
156	876
156	983
157	183
157	226
157	433
157	552
157	566
157	673
157	726
157	865
158	329
158	379
158	494
158	724
158	996
159	212
159	271
159	398
159	422
159	516
159	635
159	687
159	802
159	978
160	163
160	203
160	366
160	377
160	447
160	464
160	480
160	553
160	656
160	795
160	878
161	170
161	202
161	295
161	484
161	527
161	650
161	672
161	738
161	777
161	856
162	175
162	229
162	266
162	450
162	487
162	550
162	671
162	788
162	872
163	203
163	257
163	265
163	480
163	520
163	599
163	647
163	878
164	170
164	286
164	407
164	420
164	435
164	477
164	484
164	521
164	546
164	692
164	789
165	168
165	223
165	228
165	238
165	474
165	615
165	690
165	750
165	922
166	188
166	189
166	331
166	373
166	399
166	717
166	720
166	764
166	773
167	265
167	287
167	291
167	426
167	504
167	903
167	925
168	362
168	366
168	496
168	500
168	510
168	555
168	732
168	823
168	873
168	913
169	170
169	218
169	248
169	363
169	420
169	433
169	562
169	629
169	828
169	945
170	192
170	204
170	344
170	636
171	176
171	208
171	299
171	340
171	345
171	460
171	652
171	655
171	737
172	177
172	261
172	330
172	635
172	654
172	862
173	303
173	358
173	368
173	465
173	556
173	769
173	863
173	935
173	968
174	326
174	415
174	585
174	626
174	639
174	792
174	875
175	340
175	358
175	469
175	492
175	579
175	602
175	627
175	734
175	855
175	871
176	217
176	267
176	394
176	404
176	463
176	741
176	844
176	862
177	188
177	228
177	251
177	332
177	768
177	782
177	886
178	185
178	246
178	273
178	323
178	394
178	410
178	463
178	596
178	674
179	279
179	324
179	369
179	388
179	474
179	543
179	976
180	240
180	254
180	341
180	387
180	434
180	450
180	550
180	575
180	951
181	195
181	209
181	325
181	327
181	458
181	594
181	703
181	942
182	196
182	198
182	319
182	428
182	462
182	464
182	830
182	861
183	391
183	428
183	640
183	694
183	775
183	778
183	861
184	207
184	279
184	309
185	313
185	340
185	348
185	476
185	517
185	526
185	679
186	315
186	342
186	392
186	419
186	489
186	699
186	825
186	908
187	239
187	390
187	442
187	486
187	503
187	964
188	221
188	283
188	403
188	419
188	465
188	540
188	553
188	794
189	328
189	399
189	446
189	468
189	860
189	878
190	333
190	498
190	502
190	525
190	697
190	941
191	209
191	220
191	224
191	285
191	286
191	683
191	883
192	194
192	218
192	368
192	598
192	619
192	692
192	754
192	810
192	873
193	195
193	237
193	239
193	276
193	277
193	292
193	385
193	515
193	545
193	725
193	846
194	270
194	286
194	383
194	565
194	567
194	659
194	850
195	220
195	418
195	592
195	779
195	836
195	899
196	198
196	260
196	284
196	325
196	391
196	438
196	536
196	556
197	241
197	421
197	488
197	622
197	627
197	680
197	684
197	788
197	863
198	201
198	225
198	536
198	689
198	889
199	214
199	278
199	696
199	823
199	834
199	959
200	220
200	572
200	663
200	714
200	791
200	883
200	956
201	225
201	226
201	395
201	484
201	866
202	405
202	435
202	549
202	706
202	882
203	251
203	320
203	558
203	700
203	998
204	270
204	272
204	396
204	436
204	598
204	746
204	911
205	294
205	392
205	437
205	551
205	630
205	752
205	783
205	836
205	915
206	207
206	242
206	339
206	369
206	481
206	529
206	557
206	675
206	767
207	381
207	513
207	518
207	600
207	641
207	715
207	722
207	945
208	335
208	441
208	449
208	708
208	870
209	305
209	327
209	544
209	558
209	779
209	956
210	283
210	300
210	301
210	375
210	406
210	437
210	578
210	729
211	218
211	295
211	308
211	383
211	777
211	806
211	837
211	902
212	236
212	249
212	259
212	397
212	479
212	524
212	648
212	715
212	932
213	423
213	438
213	477
213	538
213	588
213	615
213	695
214	278
214	293
214	328
214	368
214	400
214	664
215	217
215	229
215	231
215	303
215	414
215	487
215	734
215	965
216	258
216	262
216	314
216	486
216	657
216	658
216	957
217	288
217	291
217	333
217	476
217	498
218	369
218	519
218	597
218	916
219	243
219	263
219	290
219	412
219	456
219	621
219	808
220	322
220	355
220	607
220	792
221	240
221	286
221	407
221	547
221	741
221	745
221	805
222	316
222	418
222	446
222	534
222	770
222	864
223	329
223	346
223	350
223	507
223	512
223	529
223	905
224	292
224	564
224	838
224	942
225	319
225	498
225	889
225	933
226	252
226	438
226	766
226	899
226	912
227	290
227	383
227	483
227	539
227	554
227	565
227	745
228	401
228	431
228	464
228	553
228	702
228	846
228	898
229	317
229	370
229	666
229	772
229	898
230	250
230	255
230	344
230	406
230	470
230	642
230	966
231	372
231	604
231	614
231	674
231	951
231	965
232	302
232	309
232	400
232	466
232	474
232	590
232	715
232	820
232	931
233	292
233	346
233	398
233	441
233	516
233	548
233	643
233	797
233	906
234	300
234	322
234	360
234	545
234	867
235	243
235	302
235	474
235	538
235	570
235	588
235	608
235	845
235	967
235	976
236	354
236	366
236	390
236	603
236	687
236	904
237	277
237	322
237	343
237	378
237	452
237	515
237	601
237	964
238	369
238	411
238	513
238	887
238	949
239	255
239	442
239	470
239	580
239	833
239	838
239	843
240	672
240	907
240	912
240	995
241	287
241	356
241	501
241	649
241	999
242	261
242	313
242	324
242	387
242	570
242	736
243	252
243	430
243	461
243	613
243	637
243	926
244	247
244	282
244	413
244	573
244	987
245	255
245	297
245	318
245	542
245	631
245	658
245	786
245	849
246	262
246	439
246	486
246	578
246	584
246	620
246	785
246	822
246	927
247	349
247	407
247	805
247	834
247	937
248	293
248	837
248	916
248	987
249	269
249	389
249	474
249	757
250	258
250	276
250	277
251	257
251	403
251	451
251	647
251	719
251	998
252	305
252	347
252	621
252	645
252	933
252	975
253	291
253	299
253	462
253	660
253	711
253	971
254	306
254	321
254	367
254	575
254	684
254	707
255	283
255	524
255	569
255	846
255	943
255	1000
256	274
256	299
256	334
256	543
256	590
257	320
257	994
258	277
258	786
258	849
258	874
258	964
259	359
259	479
259	482
259	511
259	561
259	979
260	475
260	493
260	552
260	586
260	613
260	940
261	312
261	330
261	408
261	561
261	876
262	291
262	301
262	462
262	503
262	524
263	566
263	645
263	726
263	775
263	926
264	277
264	311
264	314
264	318
264	375
264	528
264	590
264	864
265	273
265	288
265	458
265	705
265	762
265	870
265	936
266	317
266	318
266	614
266	967
266	968
266	986
267	271
267	311
267	408
267	689
268	304
268	324
268	416
268	518
268	552
269	271
269	354
269	482
269	541
269	802
269	881
270	451
270	636
270	686
271	445
271	939
272	297
272	381
272	466
272	529
272	600
272	989
273	340
273	351
273	380
273	494
273	507
273	902
274	310
274	353
274	452
274	462
274	881
274	991
275	435
275	498
275	502
275	535
275	639
275	929
276	452
276	543
276	756
276	796
276	818
276	849
278	286
278	308
278	358
278	629
278	686
278	826
278	919
279	302
279	313
279	353
279	362
279	434
279	612
280	387
280	571
280	873
280	947
281	351
281	476
281	644
281	740
282	297
282	797
282	870
282	903
283	385
283	515
283	524
283	573
283	658
283	719
284	438
284	694
284	851
284	920
285	405
285	440
285	551
285	630
285	714
286	535
286	934
287	404
288	473
288	585
288	740
288	875
289	294
289	351
289	379
289	410
289	997
290	389
290	398
290	648
290	841
290	862
291	334
291	361
291	515
292	714
292	836
293	730
293	827
293	828
293	843
293	850
294	357
294	759
294	915
294	932
295	949
296	393
296	421
296	502
296	651
296	667
296	747
297	345
297	626
298	529
298	532
298	570
299	314
299	486
299	601
300	448
300	615
300	631
300	818
300	839
301	310
301	406
301	693
301	958
302	369
302	554
302	832
302	1000
303	372
303	788
303	898
303	944
303	962
304	382
304	450
304	532
304	570
304	715
304	826
305	325
305	328
305	418
305	868
305	938
306	393
306	450
306	556
306	774
306	962
307	326
307	516
307	538
307	539
307	640
307	741
308	363
308	429
308	471
308	803
308	911
309	376
309	400
309	466
309	823
309	842
309	845
310	325
310	344
310	427
310	828
310	991
311	318
311	657
311	660
311	818
311	905
312	417
312	757
312	862
312	881
313	366
314	343
314	541
314	693
314	991
315	399
315	401
315	925
316	327
316	544
316	592
316	663
316	712
316	892
317	492
317	670
317	753
317	980
318	367
318	406
318	729
319	633
319	642
319	677
319	728
319	981
320	336
320	364
320	662
320	700
321	688
321	751
322	375
322	909
322	948
323	432
323	460
323	514
323	587
323	694
324	478
324	608
324	654
324	931
325	491
325	572
325	591
326	350
326	432
326	514
326	585
327	337
327	384
327	558
327	638
328	982
329	458
329	844
329	970
330	472
330	689
330	776
331	678
331	699
331	795
331	817
332	373
332	520
332	664
332	732
332	794
332	891
332	994
333	394
333	432
333	566
333	618
333	705
333	740
334	528
334	830
335	379
335	481
335	621
335	741
336	564
336	591
336	652
336	703
336	824
337	437
337	564
337	587
337	676
337	770
337	810
338	421
338	422
338	488
338	550
338	688
338	907
339	432
339	750
339	893
339	976
340	382
340	394
340	514
341	469
341	753
341	877
342	553
342	699
342	748
343	542
343	657
343	712
344	840
345	525
345	831
345	897
346	426
346	476
346	539
346	714
346	929
346	930
347	412
347	861
347	906
347	923
348	404
348	415
348	429
348	526
348	935
349	429
349	624
349	646
349	740
350	426
350	447
350	548
350	665
351	494
351	701
351	708
351	954
352	574
352	584
352	631
352	731
352	927
353	374
353	381
353	612
354	422
354	486
354	511
354	802
354	811
355	357
355	491
355	552
355	587
355	780
356	718
357	392
357	488
357	506
357	551
357	892
358	575
359	495
359	508
359	533
359	696
360	470
361	385
361	485
361	590
361	818
361	867
361	917
362	887
363	483
363	706
363	789
363	892
364	401
364	409
364	600
364	647
364	853
365	468
365	499
365	546
365	691
365	800
365	801
366	531
366	654
367	424
367	503
367	739
368	392
368	554
369	529
369	675
370	383
370	435
370	650
370	949
371	411
371	485
371	548
371	571
371	616
371	993
372	421
372	579
372	880
372	986
373	599
373	629
374	510
374	658
374	874
374	945
374	989
375	472
375	505
375	583
376	402
376	423
376	823
377	530
377	670
377	790
377	794
378	382
378	710
378	826
379	494
379	618
380	724
380	812
380	831
380	999
381	608
381	695
381	832
381	993
382	388
382	704
382	874
382	895
383	489
383	509
384	385
384	558
384	743
384	868
385	501
385	657
386	653
386	688
386	761
386	776
386	872
387	424
387	588
387	823
388	532
388	730
388	754
388	773
389	422
389	955
389	979
390	453
390	508
390	932
391	455
392	534
392	824
392	952
393	467
393	490
393	744
393	986
394	541
395	613
395	642
396	407
396	517
396	777
396	919
396	940
397	417
397	696
397	819
398	847
398	880
399	500
399	523
400	474
400	595
401	429
401	656
401	678
401	702
402	588
402	773
402	931
402	977
403	523
403	764
403	839
404	525
405	559
405	827
406	634
406	723
407	441
407	676
407	709
408	567
408	979
409	447
409	572
409	580
410	512
410	717
410	954
411	442
411	531
411	835
412	448
412	454
412	642
412	686
412	887
413	537
413	709
413	789
414	798
415	517
415	710
415	848
416	513
416	816
416	874
417	603
417	630
417	664
418	506
419	758
419	998
420	467
420	493
420	593
420	781
420	988
421	748
422	520
423	755
423	917
424	505
424	693
424	782
424	948
425	613
425	644
425	909
425	920
426	494
426	514
427	505
427	785
427	822
428	568
428	808
428	920
429	444
430	438
430	448
430	806
430	866
430	952
431	452
431	611
431	662
431	747
431	758
432	439
433	677
434	751
434	804
434	877
435	519
436	493
436	509
436	629
436	707
436	950
436	992
437	482
437	759
438	455
438	613
439	457
439	528
439	545
439	583
439	584
440	668
440	710
440	853
441	585
442	658
442	805
443	911
443	917
444	597
444	827
444	934
445	635
445	769
445	950
445	969
447	691
448	637
449	705
450	672
450	955
451	623
451	700
451	831
451	859
452	486
453	603
453	687
453	883
454	497
454	526
454	568
454	933
455	502
455	640
455	821
455	830
456	643
456	835
457	486
457	725
457	756
458	533
459	561
459	879
459	944
460	604
460	674
460	727
461	566
461	621
461	673
461	865
462	739
463	557
463	844
463	901
465	589
465	858
466	857
467	535
467	962
468	611
468	662
469	488
469	490
469	991
470	927
471	637
471	775
473	643
475	677
475	845
475	974
475	988
476	498
477	600
477	721
477	728
478	496
478	557
479	653
480	702
480	748
481	500
481	531
481	532
481	728
482	511
482	862
483	519
483	972
484	554
484	593
484	850
484	911
485	569
487	492
487	602
487	644
488	604
489	650
490	718
490	924
490	946
491	534
491	617
491	765
491	928
492	691
492	747
493	547
493	735
493	949
495	648
495	761
495	956
496	555
496	736
496	773
497	599
497	863
499	580
499	625
499	749
499	860
500	531
501	727
502	525
502	655
502	929
503	658
503	786
504	582
504	750
504	854
505	711
505	713
505	958
506	594
506	957
507	684
507	737
507	797
508	743
509	650
509	777
510	750
510	832
511	757
512	583
512	920
513	730
514	643
515	615
516	844
517	539
518	695
518	893
519	554
519	763
519	807
520	700
521	586
521	636
521	754
521	837
522	610
522	673
522	768
522	981
522	988
523	662
524	838
524	971
525	652
526	674
526	897
526	985
527	547
527	559
527	763
530	691
530	758
530	954
531	532
531	668
532	974
533	705
533	784
537	629
537	735
537	878
538	577
538	922
540	656
540	700
541	793
541	943
541	971
542	545
542	793
542	927
543	601
543	964
544	594
544	676
544	724
544	892
546	859
547	671
548	679
548	905
548	989
549	716
550	650
550	680
550	682
551	663
552	673
555	582
556	579
558	836
561	567
562	992
563	602
563	744
563	772
563	946
565	618
566	889
566	912
567	811
570	649
571	799
571	879
571	922
572	638
572	956
573	686
574	922
576	900
577	695
577	767
577	945
581	678
581	853
581	930
582	663
582	704
583	943
584	616
586	644
586	885
587	607
588	934
589	678
589	778
590	693
590	719
591	704
591	713
591	938
592	765
592	848
593	781
594	720
594	770
594	972
595	695
595	728
595	897
596	627
596	652
597	817
598	787
598	843
599	801
599	819
601	839
602	684
602	699
602	769
603	914
605	883
608	921
609	669
609	702
610	982
611	772
612	649
612	779
613	694
614	973
614	995
616	679
616	913
617	990
618	708
619	648
619	963
620	660
620	833
620	840
620	923
622	651
622	918
623	800
623	825
625	646
625	853
626	666
628	665
630	638
631	731
631	965
632	917
632	931
633	669
633	768
633	909
634	685
634	897
635	960
636	664
636	890
638	660
638	683
640	644
640	912
641	648
641	944
642	981
644	885
645	768
646	886
649	659
651	672
652	679
653	690
653	904
653	960
654	937
656	993
657	864
657	958
661	905
663	708
665	679
665	906
666	680
666	752
666	918
667	953
668	710
668	767
668	826
669	768
670	718
670	798
671	738
671	871
671	967
672	924
674	910
676	928
679	985
680	877
681	710
681	780
682	804
684	962
685	789
686	807
687	939
688	918
688	967
689	950
689	999
690	819
690	881
690	944
692	983
696	904
697	790
698	940
700	908
701	868
702	794
703	704
704	899
707	902
708	990
709	888
711	785
711	913
712	833
712	966
713	793
713	957
715	816
717	799
717	913
721	874
721	989
722	750
722	882
723	799
725	846
725	947
726	971
729	960
730	857
731	948
732	778
733	804
734	809
734	995
735	859
737	943
739	970
741	970
742	747
742	924
743	980
744	803
746	797
749	941
749	996
752	953
752	977
753	774
754	987
755	921
756	926
757	976
759	800
760	927
760	931
761	932
761	978
762	884
763	992
764	782
764	795
765	980
766	806
767	887
770	771
770	952
771	884
774	798
774	961
777	809
781	815
782	998
783	948
784	797
785	966
786	802
787	854
787	934
788	865
791	928
792	899
800	812
801	930
802	881
804	998
805	827
806	923
808	830
808	833
809	924
812	859
813	950
814	854
815	856
815	896
821	923
828	884
829	955
836	915
837	894
839	864
839	957
842	900
845	879
847	979
848	897
850	916
851	963
852	928
852	972
856	987
859	925
871	877
873	895
876	960
878	888
883	972
885	920
885	933
886	992
887	895
888	925
888	930
890	993
894	921
898	953
901	910
904	941
906	997
912	961
923	961
935	999
939	955
940	949
951	953
960	969
965	984
969	978
981	988
985	997
989	1000
