300 8
110 -2.06893 -0.0173063 -1.09917 0.386124 -1.37337 -1.85403 0.115659 0.197199
108 -1.99497 0.129883 -1.13812 0.463016 -1.18474 -1.69738 0.0978332 0.059453
107 -2.22489 0.471675 -1.12841 0.950556 -0.754449 -1.72603 0.0391336 -0.175553
106 -1.95411 0.531608 -1.00227 0.914439 -0.458947 -1.51034 0.148019 -0.372264
111 -1.87349 -0.133812 -0.941439 0.3025 -1.64423 -1.76609 0.188721 0.0772194
285 -1.31507 0.158608 -1.33828 0.659341 -0.217002 0.0811272 2.34641 -0.352635
284 -1.23935 -0.0723371 -0.98418 0.972993 -0.167654 -0.0792457 2.48364 -0.520725
282 -1.26244 -0.135223 -0.845087 0.983243 -0.279787 -0.0632253 2.69212 -0.597197
283 -1.04668 -0.107794 -0.859687 0.946777 -0.239721 -0.0687445 2.30319 -0.473528
287 -1.44227 0.25714 -1.45988 0.375167 -0.346556 0.0420055 2.15443 -0.243024
288 -1.41695 0.270901 -1.49138 0.127891 -0.400535 0.0580621 2.00015 -0.197803
290 -1.56809 0.170381 -1.60596 0.0645225 -0.436378 0.0217319 1.86119 -0.10581
162 -0.539496 -0.425558 -0.694189 0.435334 -1.42989 -0.869914 2.27895 -1.26118
161 -0.503402 -0.466381 -0.786471 0.152596 -1.35599 -0.782893 2.34545 -1.26704
159 -0.534981 -0.540212 -0.577809 -0.215116 -1.26007 -0.657007 2.24928 -1.27048
269 -1.8794 1.02646 0.729593 -0.928181 -1.10807 -1.34221 1.13469 -0.351155
268 -1.52375 0.847085 0.517178 -0.800431 -0.899315 -1.02411 0.976027 -0.282829
267 -1.9569 0.998727 0.703759 -1.19375 -1.15001 -1.2958 1.06862 -0.372986
270 -1.77632 0.8841 0.664849 -0.444321 -1.07107 -1.08256 1.37138 -0.207894
266 -2.02638 0.82476 0.481848 -1.34683 -1.14722 -1.10496 0.835808 -0.340633
265 -1.8513 0.737275 0.43322 -1.27775 -1.03396 -0.98934 0.773017 -0.344042
115 -1.53475 -0.420872 -0.320398 0.429808 -1.96572 -1.29048 0.166767 -0.527515
116 -1.82359 -0.383376 -0.456106 0.448979 -2.5632 -1.40882 0.265132 -0.668676
114 -1.85183 -0.440512 -0.390577 0.321744 -2.34833 -1.40442 0.167024 -0.53233
117 -1.58116 -0.364745 -0.460513 0.718418 -2.45569 -1.28627 0.457252 -0.915918
119 -1.55197 -0.134734 -0.524026 1.03063 -2.45444 -1.34263 0.59811 -1.01832
235 -2.14802 -0.69135 0.0920098 -0.144849 -0.832442 -1.17772 0.189139 -0.357862
236 -2.34288 -0.884683 0.0919436 -0.122918 -0.838927 -1.34706 0.15115 -0.537523
234 -2.53334 -0.834587 0.261583 -0.162145 -1.06369 -1.33419 0.191714 -0.342315
233 -2.87329 -0.852778 0.461902 -0.185361 -1.27018 -1.2909 0.244657 -0.0993469
231 -3.02562 -0.986831 0.518496 -0.179977 -1.37302 -1.28727 0.260057 -0.18944
204 -3.01129 -0.32849 -0.467664 0.343923 0.0694968 0.362129 0.805747 -1.4433
205 -2.45934 -0.514478 -0.28781 0.32779 0.0616335 0.314697 0.736363 -1.18445
206 -2.81043 -0.461397 -0.342405 0.420496 0.00863494 0.415656 0.927279 -1.32867
203 -3.19455 0.0144852 -0.536152 0.155673 0.224734 0.325439 0.782806 -1.33368
202 -2.81546 0.158621 -0.510184 0.213302 0.176606 0.419514 0.517965 -1.15382
7 -1.16116 0.0324527 -1.11874 0.613656 -0.855875 -0.408881 1.714 -0.789798
6 -1.26465 0.0382004 -1.04212 0.679315 -0.954424 -0.498463 1.81727 -0.787341
8 -1.13695 0.00397583 -1.45397 0.495611 -0.944768 -0.172793 1.93276 -1.02306
5 -1.97267 0.0638365 -0.976047 0.298431 -0.811667 -0.736592 1.55837 -0.466738
201 -3.04297 0.33598 -0.545851 0.0878245 0.158982 0.382443 0.620338 -1.11668
200 -3.27545 0.845458 -0.699958 -0.0115458 0.128494 0.237105 0.839149 -0.828757
199 -2.94731 0.948517 -0.721899 -0.0842863 0.169073 0.122668 0.712941 -0.650541
185 -1.89922 0.129979 -0.559741 1.42651 -1.46531 0.351456 1.06281 -1.0918
184 -1.70615 0.143234 -0.348799 1.55872 -1.20306 0.190819 0.964756 -1.10489
183 -1.96429 0.23749 -0.383308 1.81501 -1.42131 0.144585 1.12488 -1.39111
186 -1.83849 0.351123 -0.595934 1.01524 -1.82483 0.498301 1.09192 -0.910176
132 -1.27017 0.0452671 -0.422852 -0.298608 -0.387563 -1.57808 1.0837 0.0825715
133 -1.44726 0.181464 -0.512071 -0.527475 -0.562166 -1.07635 1.06308 0.0477115
134 -1.53615 0.267343 -0.512538 -0.349856 -0.228426 -1.5722 1.29508 0.423248
135 -1.71067 0.487829 -0.650357 -0.264675 0.0874047 -1.52565 1.49768 0.68587
137 -1.78791 0.472423 -0.61599 0.0412353 0.216936 -1.60852 1.67944 0.675782
131 -1.15562 -0.340842 -0.145536 0.191952 -0.558633 -1.9707 1.09128 -0.431152
189 -2.01023 0.591686 -0.606045 0.125818 -2.16388 0.645895 1.17802 -0.355047
188 -1.98737 0.517258 -0.628216 0.557849 -2.13638 0.626663 1.17449 -0.562336
187 -1.68459 0.406776 -0.519458 0.572805 -1.65454 0.562366 0.944855 -0.605133
223 -1.77583 -1.22216 -0.316893 -0.157338 -1.11207 0.0892549 1.40731 -0.190138
224 -2.03424 -1.59696 -0.204655 -0.187868 -1.31887 0.0703748 1.59218 -0.287663
222 -2.0985 -1.52959 -0.406739 -0.219022 -1.40019 0.263848 1.85056 -0.306407
221 -1.9975 -1.42071 -0.620151 -0.226405 -1.46259 0.44945 1.77231 -0.287503
219 -2.01077 -1.21287 -0.673303 -0.221709 -1.46 0.53109 1.63055 -0.369356
216 -2.35996 -0.809487 -0.806856 -0.0356451 -1.42247 0.50498 0.841194 -0.459586
215 -2.48531 -0.635915 -0.685302 0.170942 -1.27283 0.558456 0.652553 -0.43909
218 -2.12443 -0.861438 -0.791773 -0.175366 -1.4341 0.545044 1.08782 -0.419918
217 -1.84152 -0.714998 -0.771617 -0.162329 -1.22049 0.422925 0.792553 -0.380127
214 -2.20792 -0.407094 -0.541411 0.240585 -1.05139 0.514743 0.511127 -0.369039
251 -2.40968 -0.35672 0.434162 0.114958 0.0560142 -0.3287 1.81088 0.476686
252 -2.57234 -0.0559168 0.453392 -0.236476 0.0529331 -0.375027 1.7387 0.622972
254 -2.60447 0.169084 0.303905 -0.45053 0.0140246 -0.506093 1.61768 0.613553
255 -2.65884 0.451881 0.18755 -0.711588 -0.0695546 -0.651843 1.4706 0.65902
257 -2.68264 0.54563 0.0924595 -0.864511 -0.105176 -0.712163 1.32424 0.65793
258 -2.66016 0.637981 -0.137519 -1.06368 -0.285242 -0.827007 1.05376 0.564599
220 -1.68253 -1.10006 -0.607249 -0.155926 -1.21515 0.462741 1.56361 -0.238487
79 -1.40484 0.326108 1.16764 -0.0153115 -0.648884 -1.42175 1.7576 -0.966793
80 -1.66483 0.466066 1.39516 0.201664 -0.855763 -1.61242 1.92609 -1.09768
78 -1.50875 0.419689 1.13815 -0.0223378 -0.763361 -1.4033 1.84625 -0.989321
77 -1.47389 0.36105 1.00339 -0.173467 -0.76137 -1.40611 1.88119 -0.929389
76 -1.38023 0.347371 0.902504 -0.170947 -0.695659 -1.25215 1.69062 -0.808969
75 -1.3171 0.411262 0.701642 -0.354747 -0.797779 -1.3758 1.81435 -0.648487
168 -0.821069 0.33508 -0.833352 0.590729 -1.23612 -1.29452 0.917994 -1.42058
167 -0.646587 0.180137 -0.991172 0.763599 -1.32367 -1.2282 1.38571 -1.5343
165 -0.444679 -0.126513 -0.91837 0.795894 -1.33834 -1.10139 1.64027 -1.27092
164 -0.546325 -0.338053 -0.839604 0.676882 -1.44463 -0.955984 2.13812 -1.26056
97 -1.74721 0.870475 -1.814 0.360136 -0.80188 -0.541278 0.366282 -1.47401
98 -1.89362 0.849379 -1.89558 0.462352 -0.817395 -0.593521 0.431725 -1.5339
99 -1.91949 0.874532 -1.59426 0.510052 -0.866655 -0.685564 0.316782 -1.31785
101 -2.09586 1.0061 -1.3044 0.826988 -0.678512 -0.902035 0.240808 -1.06965
102 -2.44129 0.933584 -1.18656 1.07673 -0.54867 -1.37005 0.210236 -0.936765
104 -2.55314 0.857291 -1.16642 1.18578 -0.424445 -1.46759 0.111053 -0.73842
105 -2.38894 0.776617 -1.12673 1.1352 -0.457854 -1.59928 0.122822 -0.548461
58 -0.651647 0.969595 0.161762 -0.30889 -0.759232 -1.16554 1.83446 -0.587951
59 -0.790106 1.13188 0.0731216 -0.416539 -1.09351 -1.48818 2.09383 -0.614874
57 -0.783305 1.25411 -0.0823976 -0.507968 -0.797352 -1.27613 2.07492 -0.912619
60 -0.876645 0.954006 -0.0735102 -0.345141 -1.44689 -1.63803 2.00905 -0.116111
62 -1.05814 0.874355 -0.10283 -0.263166 -1.77651 -1.85696 2.07108 0.141955
63 -1.15166 0.721588 -0.489376 -0.361302 -1.84566 -1.7976 2.00642 0.430069
65 -1.01155 0.71359 -0.716467 -0.470933 -1.69865 -1.5878 1.84899 0.462163
27 -1.96201 1.01077 -0.120695 0.287456 0.21075 -0.758658 1.53322 -2.30843
29 -1.71332 0.864055 -0.245586 0.117316 0.00323081 -0.725867 1.12522 -2.09726
28 -1.65065 0.832123 -0.143864 0.168065 0.174109 -0.574959 1.16362 -1.93574
30 -1.51386 0.859415 -0.602156 -0.410443 -0.593476 -0.848004 0.621967 -2.00401
32 -1.75595 0.836244 -0.942852 -0.770196 -0.952553 -1.00658 0.665939 -1.92666
33 -1.73698 0.764943 -0.882465 -0.843016 -0.977529 -0.996693 0.628263 -1.81304
35 -1.50432 0.577693 -0.787685 -0.711148 -0.723726 -1.07323 0.464695 -1.54167
142 -1.48536 -0.117749 -0.211722 0.398323 0.287568 -1.64615 1.77926 0.14869
141 -1.48653 0.0708155 -0.404457 0.502176 0.380414 -1.74162 1.77432 0.362064
140 -1.75139 0.353802 -0.533763 0.595251 0.45323 -1.90686 1.91319 0.641372
139 -1.63754 0.377957 -0.524855 0.575462 0.422174 -1.82984 1.79068 0.59825
143 -1.51552 -0.228652 -0.24544 0.340787 0.176194 -1.68516 1.83991 0.0219207
256 -2.5793 0.450785 0.112704 -0.734651 -0.0430793 -0.626773 1.31567 0.605673
195 -2.42513 0.722069 -0.562628 -0.0922821 -0.447631 0.0120317 1.04178 -0.433288
197 -2.65206 0.902667 -0.664153 -0.0767233 -0.0805568 0.08277 0.75823 -0.559927
194 -2.08559 0.604644 -0.474013 -0.0849499 -1.22789 0.29494 1.05338 -0.1941
193 -1.80401 0.438549 -0.388642 -0.10259 -1.34958 0.2004 1.0475 -0.178235
196 -2.18954 0.534547 -0.495168 0.0151897 -0.179009 -0.16905 0.895812 -0.561114
292 -1.75739 -0.190239 -1.54471 -0.206477 -0.551092 -0.207775 1.13284 0.121702
293 -2.09688 -0.219551 -1.89162 -0.256111 -0.565086 -0.187615 1.20242 0.297553
294 -2.41084 -0.301928 -2.10513 -0.204773 -0.497993 -0.311688 1.0898 0.405664
291 -1.7078 -0.0306208 -1.78207 -0.238449 -0.548109 -0.0655671 1.36043 0.154448
103 -2.26767 0.806903 -1.0515 1.11623 -0.341325 -1.24849 0.0903635 -0.810896
113 -1.91508 -0.310922 -0.635717 0.322578 -2.06854 -1.70455 0.221161 -0.118127
74 -1.22533 0.340255 -0.454997 -0.389289 -1.00931 -1.17048 1.78613 -0.352791
72 -0.924773 0.304281 -1.00226 -0.539308 -1.0618 -1.19177 1.93156 -0.128429
73 -1.23486 0.263789 -0.642995 -0.300354 -0.908807 -1.08025 1.70958 -0.392712
171 -1.5734 0.97864 -0.288071 -0.195051 -1.17285 -1.25347 0.348749 -1.03514
170 -1.17395 0.618177 -0.59153 0.146818 -1.16808 -1.36884 0.589905 -1.31858
173 -1.62018 1.25677 -0.168688 -0.173814 -1.33695 -1.02958 0.258903 -1.04154
172 -1.45064 0.898768 -0.200888 -0.204851 -1.02623 -1.04343 0.179323 -0.861253
208 -2.23524 -0.366525 0.0612039 0.650209 -0.191513 0.289838 1.24293 -0.515305
207 -2.55502 -0.471234 -0.0380295 0.587952 -0.0655752 0.483944 1.09854 -0.835397
209 -2.57049 -0.339444 0.0911589 0.825294 -0.416134 0.342467 1.35463 -0.501839
210 -2.79158 -0.307285 0.17146 0.859284 -0.543181 0.574102 1.35118 -0.345109
212 -2.55266 -0.309359 0.0116 0.742908 -0.724798 0.495381 1.09938 -0.240433
211 -2.43313 -0.259949 0.157627 0.837685 -0.480268 0.471598 1.05312 -0.25298
280 -0.992919 -0.234393 -0.30078 0.966649 -0.443622 -0.182236 2.29305 -0.599004
281 -1.18483 -0.139039 -0.354678 1.09864 -0.390847 -0.1068 2.67547 -0.667837
279 -1.30734 -0.142957 -0.0604903 1.17298 -0.455433 -0.166616 2.88569 -0.645717
278 -1.3697 0.00671183 0.145676 0.993578 -0.642349 -0.162867 2.88077 -0.616252
276 -1.34405 0.304272 0.562793 0.80509 -0.771363 -0.161906 2.66957 -0.470337
277 -1.2347 0.0972199 0.333998 0.755267 -0.633564 -0.216772 2.49749 -0.581981
275 -1.5272 0.639779 0.682211 0.652238 -0.861578 -0.237985 2.46615 -0.166037
273 -1.63492 0.680614 0.706878 0.393654 -0.921998 -0.469415 2.07773 -0.0975523
83 -1.52096 0.517491 1.06184 0.485498 -0.619019 -1.58179 1.50999 -0.925376
82 -1.45761 0.553091 1.15129 0.360828 -0.712366 -1.58048 1.61371 -0.882317
81 -1.60876 0.489413 1.31179 0.28712 -0.742183 -1.68955 1.76354 -1.01807
56 -1.17047 1.40007 -0.0264767 -0.949449 -0.478621 -0.901841 1.98295 -1.20245
54 -1.40252 1.31607 -0.157719 -1.10187 -0.211359 -0.658667 1.70199 -1.36619
157 -0.733319 -0.826108 -0.505967 -0.747338 -0.990358 -0.682196 1.74276 -1.30093
158 -0.774144 -0.806716 -0.528997 -0.722842 -1.16107 -0.770765 2.06227 -1.33464
160 -0.484622 -0.365724 -0.588524 -0.0637036 -1.15027 -0.640064 2.1007 -1.04306
19 -1.16884 0.551323 -0.640073 -0.539096 -0.0868736 -0.131815 1.42293 -1.14692
20 -1.27553 0.906601 -0.559193 -0.356004 0.0799781 -0.176624 1.67546 -1.38328
21 -1.65588 1.04761 -0.238017 0.156417 0.251858 -0.466115 1.74682 -1.63767
23 -1.73867 1.21866 -0.109008 0.318759 0.2651 -0.500737 1.65376 -1.64774
24 -1.80069 1.10045 -0.0379396 0.489906 0.288577 -0.682019 1.58863 -1.9772
25 -1.56502 0.9179 -0.0974099 0.326025 0.142436 -0.587946 1.32394 -1.71407
26 -1.84769 1.02021 -0.0667208 0.460312 0.241428 -0.742008 1.57848 -2.19007
298 -2.64236 -0.11793 -2.15613 0.0617608 -0.308889 -0.320103 1.28836 0.549376
297 -2.73501 -0.245684 -2.25129 0.00983932 -0.299622 -0.377215 1.26462 0.575041
296 -2.54384 -0.342487 -2.20329 -0.148151 -0.477576 -0.35078 1.22513 0.508087
299 -2.88178 -0.1541 -2.33232 0.0192491 -0.265392 -0.438934 1.37738 0.632305
198 -3.0754 0.955419 -0.767161 -0.0657338 0.129375 0.0420286 0.806155 -0.729381
18 -1.3231 0.62346 -0.916896 -0.874474 -0.209247 -0.0991675 1.78313 -1.4209
17 -1.37694 0.404118 -1.0845 -1.00302 -0.343492 -0.0467364 1.77762 -1.45357
15 -1.29912 0.281978 -1.37344 -0.975655 -0.368167 0.0366378 1.82056 -1.39105
16 -1.19591 0.274916 -1.16263 -0.945786 -0.325999 -0.0707292 1.56425 -1.26409
182 -2.05697 0.621312 -0.0798158 1.76862 -1.5067 0.0145272 1.09122 -1.48654
181 -1.66862 0.48248 0.0116181 1.55041 -1.30948 -0.0489474 0.891886 -1.24475
180 -1.8727 0.872082 0.20055 1.46403 -1.56683 -0.0420539 0.999578 -1.42874
179 -1.8863 1.21013 0.267687 0.892758 -1.54372 -0.278556 0.73371 -1.34066
148 -1.18238 -1.11767 0.0334197 -0.78617 -0.450537 -1.03054 1.68628 -0.955859
147 -1.36613 -1.19949 0.00488141 -0.811969 -0.538568 -1.21413 1.974 -0.970186
146 -1.28548 -1.00239 0.00371617 -0.610374 -0.379623 -1.2342 1.79473 -0.795412
149 -1.43063 -1.34079 -0.0465661 -1.05123 -0.762833 -1.20325 1.85246 -1.18296
150 -1.47446 -1.4613 -0.277638 -1.11071 -0.928951 -1.18282 1.83233 -1.26215
151 -1.24249 -1.30599 -0.297788 -1.05852 -0.87798 -1.00972 1.51816 -1.13067
152 -1.5128 -1.44684 -0.380914 -1.19257 -1.06576 -1.15407 1.61962 -1.29944
153 -1.37103 -1.5111 -0.516981 -1.26113 -1.04265 -1.00531 1.62238 -1.48023
155 -1.15045 -1.2327 -0.571108 -1.1303 -1.10877 -0.876479 1.62816 -1.44538
156 -0.960881 -0.946188 -0.612112 -0.904573 -1.2297 -0.844361 1.97384 -1.53045
250 -2.11066 -0.41914 0.377977 0.257279 0.0217225 -0.303666 1.66793 0.370013
249 -2.38853 -0.481989 0.493367 0.382424 0.0252337 -0.293273 1.91331 0.470511
248 -2.40687 -0.518203 0.368262 0.531346 0.0557998 -0.350108 2.15133 0.303805
253 -2.35545 0.0725634 0.445389 -0.267406 -0.0127045 -0.437603 1.47292 0.525036
237 -2.39479 -1.0747 -0.0678304 -0.0543824 -0.557671 -1.4882 0.266356 -0.85165
247 -2.04416 -0.464759 0.301875 0.478457 0.0665064 -0.32541 1.61132 0.261409
246 -2.33337 -0.637653 0.398786 0.583208 0.0304445 -0.328389 1.85945 0.2754
124 -0.945186 -0.239871 -0.52665 1.19285 -1.27262 -1.84978 0.926643 -0.627825
125 -1.08165 -0.430654 -0.487602 1.21837 -1.1569 -2.44638 1.25821 -0.726581
123 -1.20459 -0.171654 -0.640427 1.52018 -1.58215 -2.02882 1.17127 -0.724608
122 -1.19497 0.0532437 -0.60424 1.47155 -1.7135 -1.71893 0.983435 -0.772014
126 -1.27611 -0.70974 -0.285913 0.835827 -0.828275 -2.62844 1.43581 -0.841824
128 -1.30156 -0.780951 -0.237439 0.604231 -0.769163 -2.52923 1.31622 -0.770933
129 -1.21294 -0.574034 -0.198487 0.397692 -0.718554 -2.27299 1.20075 -0.691391
241 -1.87953 -0.968694 -0.0216718 0.196343 -0.331898 -1.10832 0.524484 -0.613684
242 -2.10766 -1.21506 0.202492 0.398825 -0.151395 -1.09828 0.758317 -0.443227
243 -2.27448 -0.933409 0.281349 0.504491 0.0219017 -0.657843 1.55346 -0.00514196
240 -2.2258 -1.07431 -0.0110545 0.175374 -0.393054 -1.32802 0.47776 -0.618503
239 -2.34923 -1.15095 0.00617977 0.0648024 -0.489072 -1.41975 0.320091 -0.872431
130 -1.04281 -0.367465 -0.0879335 0.349295 -0.56844 -1.8773 0.936966 -0.543715
136 -1.41717 0.383159 -0.457077 -0.0715499 0.0949285 -1.25659 1.29456 0.544457
213 -2.41052 -0.48775 -0.374031 0.351361 -0.98612 0.565267 0.683679 -0.334965
3 -2.08951 0.104573 -1.20858 0.237683 -0.51991 -0.642009 1.3437 -0.0982075
2 -2.28037 -0.022279 -1.66303 0.146802 -0.379254 -0.497575 1.19735 0.415267
68 -1.02654 0.604224 -1.30319 -0.663198 -1.51759 -1.39126 2.00134 0.313339
69 -1.02078 0.509679 -1.47525 -0.819766 -1.45783 -1.39905 2.19976 0.111234
66 -1.03451 0.600403 -1.09383 -0.552427 -1.35748 -1.29129 1.79344 0.32603
67 -0.877159 0.488247 -0.923658 -0.470053 -1.11511 -1.06939 1.48384 0.196193
120 -1.26925 -0.0441666 -0.541371 1.27467 -2.16267 -1.50031 0.738651 -0.936963
261 -2.59937 0.55763 -0.0482899 -1.52818 -0.899444 -0.831083 0.75914 0.204118
262 -2.05048 0.435831 -0.000599222 -1.32221 -0.863034 -0.648814 0.522422 0.00662128
263 -2.42345 0.592342 -0.0108478 -1.52336 -1.07731 -0.829181 0.633843 -0.0264886
264 -2.18485 0.770413 0.319716 -1.48844 -1.1922 -0.969464 0.75461 -0.305759
245 -2.21979 -0.791632 0.224042 0.562012 0.00307142 -0.452431 1.74515 0.137515
244 -2.16485 -0.807124 0.289364 0.561859 0.029617 -0.482423 1.61163 0.0841758
34 -1.42749 0.632864 -0.907423 -0.68101 -0.813999 -0.886367 0.541942 -1.33229
50 -2.21699 0.377175 -0.850184 -1.31355 0.230548 -0.915506 0.620261 -1.34411
51 -2.01384 0.743118 -0.675716 -1.32292 0.121092 -0.704798 0.901831 -1.38577
52 -1.63367 0.749615 -0.586804 -1.04564 0.173308 -0.597113 0.942888 -1.31539
53 -1.72106 0.887712 -0.467563 -1.2394 0.0653087 -0.606621 1.23829 -1.3761
100 -1.77482 0.831082 -1.21731 0.528256 -0.70172 -0.762538 0.295907 -1.04602
127 -1.09312 -0.72048 -0.174471 0.566816 -0.663075 -2.1479 1.18462 -0.723602
42 -2.28954 -0.603659 -0.252368 -0.454752 0.687345 -1.7118 0.960044 -1.12458
43 -1.91745 -0.554009 -0.122867 -0.431502 0.589456 -1.43232 0.725101 -0.873541
44 -2.24396 -0.52177 -0.266414 -0.541107 0.686694 -1.57474 0.811667 -0.904175
71 -1.00264 0.327181 -1.4026 -0.741701 -1.21777 -1.26646 2.02087 0.041304
70 -0.819886 0.456438 -1.35793 -0.737406 -1.25229 -1.27461 1.92098 0.0736914
11 -1.1097 -0.0259014 -1.75118 0.0901477 -0.933523 0.0683969 1.96478 -1.42214
10 -0.949631 -0.0339466 -1.597 0.315524 -0.961571 0.0222663 1.81997 -1.20523
9 -1.06381 -0.0307815 -1.6684 0.386576 -1.02694 -0.0406932 1.92664 -1.20264
169 -1.09416 0.446303 -0.713489 0.37832 -1.08087 -1.24771 0.774115 -1.19824
166 -0.616463 0.0495722 -0.948762 0.796808 -1.25033 -1.11484 1.36748 -1.35
154 -1.07133 -1.22836 -0.456563 -0.930705 -0.926591 -0.813491 1.29938 -1.23454
96 -1.74072 0.607679 -2.022 0.399499 -0.536188 -0.66006 0.383902 -1.43545
95 -1.66754 0.376393 -1.99939 0.454965 -0.130592 -0.873398 0.463212 -1.41129
93 -1.60546 0.168464 -1.86028 0.571709 0.186727 -0.9651 0.659572 -1.18644
92 -1.93139 -0.274877 -1.87012 0.792626 0.509151 -1.22772 0.862859 -1.21699
94 -1.4602 0.258628 -1.63063 0.419191 0.101782 -0.795404 0.4872 -1.24061
121 -1.02054 0.0381158 -0.532169 1.21904 -1.68926 -1.38628 0.79367 -0.715957
49 -2.13224 0.209278 -0.905576 -1.11801 0.241401 -0.892823 0.380069 -1.13293
48 -2.53648 0.208173 -0.989195 -1.17191 0.309132 -1.04137 0.58297 -1.23898
40 -1.73557 -0.507824 -0.263208 -0.26313 0.361991 -1.46064 0.580222 -1.1223
39 -1.74438 -0.443121 -0.310918 -0.284759 0.31538 -1.61691 0.618761 -1.31866
41 -1.97273 -0.594577 -0.230681 -0.302101 0.552211 -1.71147 0.788976 -1.19563
295 -2.32222 -0.326222 -1.99754 -0.175102 -0.457877 -0.30182 1.07188 0.425171
118 -1.32007 -0.185498 -0.434151 0.757216 -2.13701 -1.10666 0.326618 -0.84068
38 -1.59911 -0.291629 -0.421543 -0.239927 -0.130651 -1.50463 0.474971 -1.30417
36 -1.47476 0.108233 -0.709708 -0.414838 -0.472655 -1.354 0.431884 -1.42051
31 -1.47974 0.860864 -0.646618 -0.520764 -0.697939 -0.83142 0.6091 -1.7763
61 -0.902401 0.77988 -0.0690925 -0.272618 -1.47851 -1.62328 1.77685 0.132941
91 -1.88688 -0.336515 -1.54681 0.939014 0.616589 -1.18021 0.872721 -0.996605
90 -1.93995 -0.375323 -1.65558 1.08207 0.624542 -1.31392 0.84317 -1.17664
89 -1.87539 -0.347626 -0.990272 1.22337 0.659902 -1.26021 0.837417 -1.06572
64 -1.02833 0.637458 -0.572159 -0.369697 -1.58799 -1.52442 1.69471 0.440659
12 -1.25485 0.0288648 -1.57892 -0.409928 -0.733079 0.0612493 1.84904 -1.4562
14 -1.32266 0.102403 -1.53541 -0.809721 -0.70047 0.100434 1.81647 -1.50255
13 -1.10389 -0.00487973 -1.42212 -0.442414 -0.613419 0.0456092 1.62569 -1.26799
163 -0.392245 -0.399429 -0.725869 0.512071 -1.2519 -0.748152 2.02774 -1.09247
232 -2.66384 -0.879194 0.503149 -0.150829 -1.15136 -1.16597 0.177464 -0.0974129
230 -3.04836 -1.14829 0.539137 -0.304068 -1.42814 -1.04201 0.407846 -0.262905
228 -2.6695 -1.30632 0.496615 -0.313866 -1.34784 -0.829373 0.509141 -0.329051
227 -2.31107 -1.38721 0.353971 -0.229948 -1.17796 -0.40286 0.755491 -0.286386
190 -1.74545 0.466093 -0.432934 -0.126503 -1.6781 0.525883 1.06904 -0.232399
191 -2.04046 0.615047 -0.497454 -0.176454 -2.00969 0.512704 1.22649 -0.243675
192 -1.95365 0.529286 -0.420766 -0.172116 -1.71174 0.345955 1.2045 -0.13579
225 -2.14356 -1.41652 0.156243 -0.189875 -1.30266 -0.0592191 1.07409 -0.294616
229 -2.63006 -1.13233 0.484626 -0.305988 -1.27926 -0.962755 0.344373 -0.229139
37 -1.4667 0.00575784 -0.629416 -0.22009 -0.514202 -1.28094 0.538177 -1.20935
226 -1.9717 -1.22154 0.172952 -0.202292 -1.08222 -0.295054 0.737858 -0.297555
55 -1.16438 1.22797 -0.0307001 -0.865773 -0.290731 -0.541978 1.68304 -1.31722
109 -1.76266 0.0533562 -0.991856 0.367925 -0.962854 -1.51957 0.133163 0.0637409
45 -2.20739 -0.258909 -0.521382 -0.747366 0.469483 -1.32627 0.682578 -0.843479
238 -2.21553 -1.09264 -0.100915 -0.0883186 -0.523911 -1.3736 0.184034 -0.83747
4 -2.00239 0.143054 -0.980701 0.193932 -0.637549 -0.764068 1.36064 -0.293124
0 -2.50909 -0.0533986 -2.02328 0.0890842 -0.32425 -0.470374 1.23674 0.498133
138 -1.78404 0.398936 -0.599903 0.519815 0.388672 -1.76292 1.80177 0.604552
84 -1.54844 0.287399 0.670569 1.07429 -0.0181224 -1.41409 1.06036 -1.00762
85 -1.47538 0.171396 0.381005 1.08527 0.116303 -1.22027 0.845964 -0.951308
86 -1.83098 0.107259 0.111697 1.31393 0.24653 -1.50878 0.985005 -1.08719
286 -1.31451 0.182193 -1.21917 0.533808 -0.330837 0.0396469 2.09433 -0.315109
144 -1.32116 -0.618248 -0.0866088 -0.106223 -0.0644675 -1.47798 1.81291 -0.310657
289 -1.32701 0.210541 -1.3841 0.0619264 -0.39554 0.0195768 1.68942 -0.137511
22 -1.61121 1.12049 -0.128482 0.255144 0.205094 -0.519183 1.59987 -1.35141
259 -2.18073 0.586241 -0.0281608 -0.904297 -0.240435 -0.739357 0.875708 0.55271
260 -2.62148 0.630397 -0.108256 -1.28259 -0.525433 -0.806284 0.926589 0.553786
177 -1.85831 1.44246 0.25088 0.571744 -1.62697 -0.441545 0.825511 -1.23731
176 -1.75789 1.49075 0.0417125 0.0991697 -1.5678 -0.508626 0.494578 -0.984413
175 -1.47044 1.29705 -0.138432 -0.360491 -1.27095 -0.704564 0.424388 -0.712334
174 -1.78605 1.47248 -0.0939992 -0.199506 -1.56196 -0.852158 0.439041 -0.962872
87 -1.88884 -0.18548 -0.402459 1.37573 0.524328 -1.36976 0.931181 -1.11958
88 -1.57471 -0.20103 -0.637959 1.04396 0.359541 -1.11667 0.729571 -0.996357
178 -1.62408 1.18993 0.278011 0.592191 -1.34386 -0.237333 0.677484 -1.07826
46 -2.1752 -0.144587 -0.58916 -0.801126 0.324087 -1.12924 0.574024 -0.817344
47 -2.41355 -0.074419 -0.775854 -1.04233 0.340897 -1.21572 0.597146 -1.05602
145 -1.31023 -0.702121 -0.154264 -0.361631 -0.331226 -1.20544 1.62412 -0.571426
272 -1.7616 0.916713 0.714868 0.0328207 -0.92664 -0.786669 1.69817 -0.0634235
274 -1.55091 0.751566 0.748213 0.480143 -0.856028 -0.320918 2.03374 0.0050542
112 -1.71842 -0.244914 -0.696335 0.203747 -1.6266 -1.56153 0.0841746 -0.0390435
271 -1.59274 0.852063 0.560788 -0.261972 -0.920809 -0.939666 1.38885 -0.236858
1 -2.11647 0.0276915 -1.71024 0.0669786 -0.264186 -0.41449 1.15334 0.426513
