300 16
243 1.87686 -0.356766 1.05851 0.56018 -0.97052 -0.0594392 0.014834 -0.41141 -0.0312196 -1.1539 -0.27112 1.30742 0.19787 -0.557611 -0.160123 0.439895
245 1.99347 -0.599266 1.23094 0.472868 -1.10709 -0.180076 0.117982 -0.457679 -0.0168028 -1.25695 -0.395402 1.54027 0.356203 -0.620751 -0.138831 0.396863
242 1.86299 0.0211966 0.844181 0.628573 -0.840924 0.166345 -0.00276342 -0.44142 -0.15014 -1.08391 -0.188307 1.12586 -0.134945 -0.5841 -0.217737 0.570953
240 1.84627 0.26528 0.835997 0.699402 -0.674364 0.310134 0.00497463 -0.529837 -0.171081 -1.16326 -0.0209618 1.06311 -0.314985 -0.810837 -0.207524 0.611323
239 1.78658 0.535776 0.747843 0.820212 -0.515166 0.520716 0.13928 -0.708438 -0.243543 -1.22247 0.100979 1.0108 -0.498483 -1.03132 -0.178633 0.579223
237 1.56323 0.817953 0.739208 0.830194 -0.274603 0.631135 0.243633 -0.766315 -0.252681 -1.21501 0.353605 1.02747 -0.363718 -1.32635 -0.0453974 0.397862
238 1.48374 0.63285 0.654443 0.7585 -0.27869 0.499076 0.0889159 -0.662235 -0.215301 -1.03111 0.211329 0.918528 -0.395553 -1.06471 -0.0728649 0.456613
149 1.14659 0.881355 -0.596842 -0.010593 -0.594445 0.214784 -1.03229 0.305516 0.00586035 -0.135052 0.513506 1.13702 0.217826 -1.58729 -0.274432 -0.807953
147 1.04294 0.914092 -0.580783 -0.284474 -0.49457 0.110777 -0.827357 0.236858 -0.158292 -0.0220113 0.507937 1.1134 0.206306 -1.7547 -0.207329 -0.709881
148 1.00449 0.746214 -0.441944 -0.0536093 -0.439213 0.132667 -0.813137 0.235952 -0.029027 -0.13371 0.450403 0.985074 0.21554 -1.35122 -0.22816 -0.58221
146 0.954246 0.93689 -0.53127 -0.466479 -0.435584 0.100736 -0.680295 0.0890252 -0.202844 0.0764968 0.539923 1.19861 0.172082 -1.85585 -0.0958834 -0.671448
150 1.24659 0.913595 -0.775994 0.301901 -0.637652 0.229603 -1.1922 0.339732 0.200378 -0.282202 0.557017 1.09345 0.331593 -1.53721 -0.469713 -0.86028
15 1.07444 0.706619 0.233743 -0.0377426 -0.888455 0.0903963 0.0154163 -0.418367 0.843427 -1.21911 -0.622004 2.12672 -0.591512 -1.24059 0.0118078 -0.654374
16 0.892974 0.621779 0.115385 -0.0960071 -0.783008 0.0717256 -0.0208276 -0.420791 0.730115 -1.09015 -0.563973 1.81031 -0.469578 -0.969696 -0.0806784 -0.628816
17 1.0407 0.631688 0.063858 -0.176028 -0.894223 -0.0408246 -0.0111977 -0.532256 0.855075 -1.20702 -0.595787 2.08189 -0.3703 -1.1166 -0.16589 -0.68536
18 0.792776 0.565373 0.126215 -0.382177 -0.963018 -0.150931 -0.0668503 -0.586207 0.80146 -1.21493 -0.573644 2.06105 0.1461 -1.14685 -0.281136 -0.519875
19 0.627867 0.427589 0.0775794 -0.430031 -0.889942 -0.227022 -0.0370059 -0.621594 0.74606 -1.032 -0.550558 1.7744 0.334817 -1.02775 -0.2794 -0.423629
154 1.50834 0.989385 -0.39599 0.661489 -0.762205 0.247468 -0.905595 0.244358 0.462218 -0.532264 0.377056 0.789379 0.423321 -0.994162 -0.508941 -0.818649
153 1.61449 1.02637 -0.6122 0.585534 -0.858674 0.310029 -1.13714 0.243792 0.436164 -0.509806 0.460215 0.953264 0.417398 -1.22113 -0.603789 -0.927021
155 1.74777 1.07338 -0.357209 0.585641 -0.92466 0.263089 -0.914049 0.255863 0.551813 -0.602199 0.361434 0.885747 0.569002 -1.1142 -0.594046 -0.843847
156 1.94456 1.13318 -0.0593776 0.598386 -0.874196 0.287316 -0.675731 0.255159 0.63211 -0.74802 0.235297 0.72972 0.775445 -1.12778 -0.53286 -0.746586
157 1.80863 1.03654 0.0938258 0.528036 -0.760153 0.19968 -0.585892 0.255997 0.696659 -0.739107 0.163108 0.648641 0.847211 -0.928273 -0.43435 -0.58108
158 1.94517 1.14004 0.14689 0.669864 -0.888473 0.177158 -0.604979 0.23585 0.731869 -0.784664 0.155384 0.740442 0.977958 -0.998763 -0.43983 -0.618677
219 0.940211 -0.446356 0.0215062 0.65775 -0.686496 -0.445338 -1.18406 0.162717 -0.114954 -0.137304 1.10283 1.9754 0.300843 -0.148403 -0.0170482 0.523163
221 0.804637 -0.168036 -0.00279082 0.714373 -0.644701 -0.466065 -1.2999 0.111782 -0.278863 -0.339685 1.16158 1.88009 0.528821 -0.333864 -0.13285 0.693275
222 0.698703 0.118119 0.0336813 0.698994 -0.519033 -0.391023 -1.47728 0.0558894 -0.481438 -0.515192 1.08759 1.78961 0.673467 -0.547014 -0.241583 0.793767
224 0.495814 0.417601 0.0269775 0.778153 -0.454611 -0.432116 -1.26971 0.0102532 -0.629295 -0.733272 0.944499 1.6875 0.806778 -0.737521 -0.293397 0.843887
223 0.61987 0.142354 0.0853735 0.573895 -0.435929 -0.393334 -1.30597 -0.0169992 -0.424076 -0.488679 0.907877 1.49399 0.543607 -0.560717 -0.210148 0.74625
75 1.34711 0.585841 0.62488 -0.561142 0.26326 0.853276 -0.767105 0.154181 1.24243 -0.515131 1.17153 0.932821 0.0533045 -0.994959 -0.0365118 -0.336824
76 1.16754 0.533267 0.657315 -0.629223 0.145588 0.824649 -0.827392 -0.015585 1.11335 -0.496552 1.10402 0.871587 -0.00226725 -0.984625 0.0107173 -0.391453
77 1.32488 0.575545 0.752906 -0.857367 0.187802 0.912974 -0.972054 -0.0875401 1.24384 -0.614038 1.2846 0.935633 0.043524 -1.08554 -0.0477941 -0.478397
74 1.50607 0.59623 0.736988 -0.150083 0.375765 0.815493 -0.72543 0.371647 1.3525 -0.52707 1.07143 1.02759 0.010485 -0.809398 -0.0690485 -0.362392
73 1.34196 0.578857 0.652995 -0.0181257 0.372866 0.724059 -0.626092 0.388815 1.21365 -0.404198 0.960315 0.979382 -0.0573688 -0.605741 -0.0490879 -0.270506
143 1.149 0.918658 -0.236825 -0.743762 -0.059668 -0.133838 -0.268865 -0.374499 -0.227028 0.337808 0.518604 1.23075 -0.0078916 -2.04848 0.155263 -0.626779
142 1.06899 0.764796 -0.199222 -0.721123 -0.00919141 -0.144676 -0.152732 -0.427889 -0.181159 0.327301 0.419314 0.926422 -0.0654521 -1.72256 0.100114 -0.504712
141 1.27702 0.853459 -0.200506 -0.703383 0.0177969 -0.195021 -0.0688886 -0.512233 -0.112983 0.385854 0.557856 1.05438 0.038178 -1.96676 0.142712 -0.479802
144 1.04367 0.940775 -0.39013 -0.65922 -0.29484 -0.00672827 -0.436248 -0.0958439 -0.228255 0.239438 0.515619 1.14234 -0.00128854 -1.87979 -0.0272567 -0.623537
198 0.550112 0.0895955 -0.124822 1.04943 0.756047 -0.614885 -0.324799 -1.24705 0.270746 -0.331654 0.518575 1.76732 0.178138 -0.861745 0.838916 0.320175
199 0.545764 0.13742 -0.174033 0.959221 0.714543 -0.572101 -0.413859 -1.26142 0.187445 -0.381124 0.420244 1.75331 0.108142 -0.81201 0.830648 0.258313
200 0.726585 0.194363 -0.154539 0.872793 0.770412 -0.614515 -0.57863 -1.38586 0.184966 -0.419474 0.511741 1.88379 -0.0489276 -0.855965 0.932054 0.342437
201 0.821676 0.39785 -0.22694 0.565103 0.714071 -0.56018 -0.860684 -1.38266 0.0586969 -0.436515 0.535612 2.02335 -0.535139 -0.849726 1.03174 0.16275
203 0.821476 0.490279 -0.249199 0.245848 0.602542 -0.582085 -1.05271 -1.19119 -0.0582354 -0.449943 0.652213 1.9941 -0.799491 -0.869365 1.08877 0.00206914
204 0.752322 0.639229 -0.254644 0.150267 0.49674 -0.549332 -1.05923 -1.02244 -0.0924845 -0.443785 0.639636 2.00881 -0.889143 -0.936169 1.11005 -0.128276
205 0.62687 0.569665 -0.286263 0.0143635 0.420496 -0.543429 -0.940488 -0.85738 -0.0959609 -0.389907 0.629893 1.83551 -0.876727 -0.774506 0.992622 -0.217146
206 0.845071 0.643021 -0.26236 0.00475339 0.46284 -0.622978 -1.17014 -0.959425 -0.0953277 -0.45993 0.725241 2.15049 -0.966021 -1.04734 1.16347 -0.239272
91 1.17576 -0.451154 -0.011856 0.0717931 -0.196435 0.0918242 -0.95722 -0.229529 0.42642 -0.479081 0.181273 1.01353 0.276279 -1.06027 -0.07167 0.136082
92 1.47868 -0.915902 -0.0456288 0.0153981 -0.328351 0.147521 -1.23864 -0.125203 0.527984 -0.299476 0.0317345 0.853233 0.178142 -1.18653 -0.425612 0.201966
90 0.857289 -0.587759 -0.381551 0.0378991 -0.19176 0.405113 -1.21459 -0.561511 0.387591 -0.960781 0.0596846 1.17326 0.59218 -1.15869 0.149685 0.353152
93 1.93308 -1.05946 0.258236 0.107661 -0.436707 -0.0524301 -1.30349 0.0618169 0.615754 0.08625 0.114268 0.939684 -0.113621 -1.39825 -0.682809 0.0706857
95 1.99857 -1.09576 0.396053 0.139525 -0.421559 -0.0630192 -1.31435 0.163077 0.662143 0.0968191 0.127064 0.914784 -0.126203 -1.45513 -0.74365 0.0904523
94 1.78199 -0.969271 0.208999 0.133231 -0.387372 -0.0128892 -1.17673 0.101594 0.586371 0.115596 0.0392493 0.821189 -0.0581149 -1.25953 -0.628247 0.0751024
72 1.63912 0.632469 0.733107 -0.0270058 0.417915 0.777274 -0.776323 0.425449 1.33826 -0.473715 1.04561 1.04018 -0.0215428 -0.657524 0.015854 -0.363241
71 1.59154 0.550705 0.661539 0.468632 0.336394 0.507304 -1.08905 0.354193 0.973923 -0.554055 0.661267 0.972856 0.0517502 -0.325828 0.242227 -0.286657
70 1.50254 0.461164 0.6058 0.560283 0.266911 0.347983 -1.09693 0.27684 0.702973 -0.611526 0.465397 0.869712 0.0622128 -0.190026 0.366534 -0.279503
69 1.7074 0.499748 0.551278 0.795155 0.395148 0.332326 -1.46311 0.337088 0.67129 -0.71401 0.315926 1.0421 0.123126 -0.208596 0.542295 -0.321567
68 1.84274 0.51851 0.534175 0.934273 0.481673 0.285532 -1.85461 0.317154 0.619604 -0.86189 0.135773 1.30786 0.191371 -0.176165 0.752643 -0.45494
67 1.67737 0.448808 0.43282 0.875414 0.391281 0.166452 -1.73409 0.207561 0.420624 -0.732576 0.0604388 1.10176 0.187362 -0.196665 0.729795 -0.41248
66 1.90242 0.520272 0.472908 0.986609 0.499746 0.256261 -1.98873 0.272404 0.48704 -0.854778 0.0639965 1.22933 0.198978 -0.122206 0.890774 -0.468522
65 1.8288 0.410299 0.469975 0.786371 0.402191 0.279961 -1.80299 0.233976 0.305089 -0.845363 0.155629 1.19882 0.162112 -0.171011 0.779809 -0.403496
5 1.24128 0.00866551 0.98655 -0.279726 -0.367635 0.29058 -0.648778 -0.117011 0.401063 -0.446814 -0.25719 1.21367 -0.704529 -1.27052 0.820659 0.6913
6 1.01202 0.0194966 0.982291 -0.428111 -0.337994 0.315897 -0.52807 -0.00174665 0.40164 -0.522949 -0.232313 1.33698 -0.801716 -1.41812 0.901854 0.770714
7 0.838741 0.0787111 0.875076 -0.413456 -0.339264 0.23376 -0.422631 0.0555728 0.375364 -0.50277 -0.142754 1.15717 -0.74076 -1.30542 0.839396 0.712726
4 1.19723 -0.0968477 0.820981 -0.279605 -0.258955 0.220298 -0.540791 -0.0262307 0.380855 -0.498518 -0.146173 1.11039 -0.657099 -1.0291 0.645159 0.596357
8 0.888346 0.13848 0.88501 -0.403958 -0.426515 0.223998 -0.369769 0.099718 0.504001 -0.573835 -0.27306 1.36772 -0.79401 -1.57441 0.852918 0.67219
286 1.47835 -0.0366681 0.845022 0.393354 -0.29171 -0.749809 -0.626428 -0.526325 0.31868 -0.947219 1.20311 -0.0193858 -0.147117 -1.13812 0.907923 -0.485548
285 1.50322 -0.0989903 0.859924 0.445048 -0.318173 -0.708441 -0.613345 -0.520769 0.353502 -0.948387 1.23698 0.11672 -0.103113 -1.15975 0.885883 -0.554529
287 1.69369 -0.061852 0.911675 0.472845 -0.395985 -0.77745 -0.654865 -0.557737 0.395003 -1.0425 1.3151 -0.0367911 -0.091583 -1.22371 0.961726 -0.458088
288 1.63718 0.101807 0.940009 0.766996 -0.508861 -0.674599 -0.746186 -0.566708 0.477919 -0.916534 1.10237 -0.0219326 -0.106504 -1.04561 0.996006 -0.321713
289 1.48266 0.122406 0.779624 0.688699 -0.43983 -0.546274 -0.636082 -0.523097 0.423468 -0.809843 0.930089 -0.120837 -0.129289 -0.841296 0.820035 -0.199766
290 1.71396 0.187871 0.883117 0.984063 -0.569124 -0.556959 -0.827832 -0.549081 0.550923 -0.825783 0.957956 0.0678264 -0.157488 -0.902585 1.00594 -0.115642
291 1.68892 0.35952 0.915283 1.25866 -0.666036 -0.377661 -0.984337 -0.512572 0.648557 -0.652171 0.650652 0.198596 -0.16006 -0.813963 1.00053 0.149497
292 1.55664 0.300157 0.797155 1.18114 -0.626436 -0.283941 -0.922 -0.508663 0.595652 -0.504315 0.467142 0.267313 -0.193828 -0.689142 0.882152 0.179738
293 1.81727 0.411403 0.952275 1.40084 -0.742974 -0.266084 -1.09558 -0.661411 0.63542 -0.397451 0.303851 0.405979 -0.166569 -0.766328 1.01502 0.277276
51 0.91219 -0.197321 0.594645 -0.10517 1.16125 -0.0142622 -0.454564 0.378853 -0.745168 -1.18262 0.807438 1.01861 0.711178 -1.92027 0.352129 0.0651563
50 0.980767 -0.346808 0.551291 -0.153917 1.15764 -0.230692 -0.624364 0.344597 -0.572028 -1.06893 0.723156 1.01002 0.67533 -1.92744 0.42273 -0.149981
49 0.834746 -0.411388 0.413233 -0.201536 1.13351 -0.34771 -0.701215 0.181293 -0.448257 -0.887867 0.577495 0.799311 0.603773 -1.6965 0.456926 -0.270566
53 0.928014 -0.216431 0.554827 -0.0550488 0.969879 0.0604229 -0.423285 0.408385 -0.646205 -1.05168 0.825226 0.892129 0.595573 -1.65444 0.326788 0.0937387
52 0.759564 -0.179335 0.478705 -0.020376 0.876133 0.0391271 -0.380789 0.371402 -0.573947 -0.955932 0.695755 0.835314 0.52731 -1.55689 0.249325 0.101189
99 1.48918 -0.781966 0.661218 0.322541 -0.167474 -0.0656633 -1.33456 -0.252437 0.778813 -0.0381831 0.145966 1.08439 -0.975753 -1.25884 -0.49931 0.252901
101 1.38553 -0.670192 0.571149 0.373305 -0.117712 -0.0237021 -1.36286 -0.504094 0.875406 -0.225639 0.16105 1.1043 -1.22395 -1.18547 -0.365931 0.185541
98 1.69589 -0.919924 0.691579 0.262855 -0.304031 -0.0281746 -1.32336 -0.00385232 0.683951 0.0695515 0.146819 0.901858 -0.620737 -1.18724 -0.643011 0.177941
97 1.60111 -0.891261 0.561998 0.143809 -0.342255 -0.112196 -1.11711 0.103147 0.534464 0.0828546 0.123797 0.804903 -0.353742 -1.06358 -0.542106 0.153537
100 1.21998 -0.620323 0.587628 0.278227 -0.165539 -0.0642094 -1.17947 -0.319143 0.716252 -0.148221 0.0992424 0.944392 -0.921209 -1.03107 -0.420815 0.273834
246 1.91339 -0.754207 1.22375 0.395206 -0.934149 -0.436102 0.204179 -0.450752 -0.017384 -1.13318 -0.362198 1.5222 0.302004 -0.634018 0.111039 0.132251
248 1.75783 -0.922578 1.17552 0.162168 -0.678871 -0.725553 0.280402 -0.444922 -0.0890276 -0.976633 -0.272566 1.47303 0.260972 -0.689658 0.306855 -0.0565176
249 1.75736 -0.879756 1.14274 0.0803988 -0.468924 -0.8979 0.385533 -0.526209 -0.154527 -0.824148 -0.241673 1.5522 0.138469 -0.923022 0.603676 -0.255082
250 1.55053 -0.835912 1.06211 -0.0472552 -0.371157 -0.963682 0.381732 -0.414139 -0.250718 -0.735606 -0.248701 1.32493 0.0313664 -0.725207 0.525438 -0.278411
259 1.65167 -0.386875 0.236194 0.167894 -0.262961 -1.09208 -1.03233 0.668703 -0.166568 -1.27114 0.100488 1.00909 0.308866 -0.973265 -0.485403 0.443705
258 1.93466 -0.511872 0.316612 0.125319 -0.288629 -1.31571 -1.08377 0.579661 -0.181121 -1.32875 0.0048239 1.03057 0.204764 -0.95324 -0.477243 0.451527
260 1.93619 -0.456671 0.368563 0.127232 -0.283394 -1.27463 -1.11376 0.735879 -0.117052 -1.40359 0.139875 1.07823 0.386332 -1.03977 -0.530016 0.509921
41 1.52093 -1.18018 -0.450108 0.299584 0.625074 -0.70553 -0.597786 0.244005 0.845689 -0.517549 0.524303 0.881327 -0.508772 -1.74957 0.752371 -0.413443
39 1.29137 -1.10691 -0.476769 0.308194 0.606545 -0.695872 -0.429866 0.169129 0.813824 -0.514733 0.573129 0.871955 -0.444597 -1.74437 0.584554 -0.252311
40 1.25954 -1.04453 -0.439097 0.297771 0.537312 -0.681761 -0.455631 0.209824 0.741317 -0.470925 0.501477 0.705099 -0.452821 -1.5147 0.595439 -0.27369
187 1.0461 0.600613 0.0511744 0.817271 -0.077145 -0.21816 0.206975 -0.330247 0.0107507 -0.238896 0.961718 0.985026 0.564053 -1.33714 0.856465 -0.614797
188 1.22356 0.74222 0.0180687 1.04748 -0.187317 -0.357521 0.260078 -0.456492 -0.098182 -0.338596 1.09689 1.10055 0.565735 -1.47945 1.02143 -0.74176
186 0.997711 0.419505 0.238664 0.813954 -0.0587272 0.009607 0.332097 -0.269727 0.0257605 -0.0565563 0.999977 1.12682 0.606507 -1.60944 0.863263 -0.727953
189 1.15169 0.765124 -0.0461084 1.13065 -0.15972 -0.585957 0.348067 -0.474234 -0.101948 -0.373556 1.08381 1.04122 0.61677 -1.44932 1.06601 -0.762247
191 1.04774 0.725996 -0.138899 1.20987 -0.115333 -0.682404 0.340264 -0.627593 -0.0547338 -0.389533 1.10129 1.14422 0.548425 -1.40904 1.08218 -0.656485
190 0.990996 0.700198 -0.109 0.989341 -0.160934 -0.544288 0.351762 -0.538223 -0.0860822 -0.35947 0.965317 0.967884 0.523903 -1.23164 0.958253 -0.562074
274 0.219799 0.418543 0.625367 0.54507 -0.77156 0.21781 -0.238355 0.353757 0.329604 0.136913 0.272926 1.96526 0.311654 -1.20592 0.347308 -0.612693
275 0.243206 0.46522 0.745103 0.734742 -0.982811 0.306084 -0.34957 0.348749 0.429994 0.192603 0.280362 2.34039 0.377198 -1.3999 0.391716 -0.795834
276 0.21172 0.311536 0.776066 0.888075 -0.983954 0.251104 -0.419742 0.169027 0.536369 0.28554 0.262926 2.17185 0.384896 -1.50849 0.386992 -0.882278
273 0.313268 0.37606 0.677801 0.528063 -0.782847 0.201642 -0.192095 0.408921 0.341216 0.138112 0.288434 2.14838 0.375316 -1.30591 0.299259 -0.627274
272 0.451561 0.289154 0.570705 0.28908 -0.40837 -0.395683 -0.0748126 0.614104 0.0405147 -0.0474303 0.289131 1.5798 0.373592 -1.00705 -0.022289 -0.278703
270 0.575413 0.233075 0.721447 0.188433 -0.304374 -0.797242 -0.0751509 0.862212 -0.0262165 -0.190755 0.351508 1.59612 0.426675 -1.09176 -0.289051 -0.0626098
271 0.585396 0.20015 0.57226 0.170265 -0.229132 -0.584401 -0.101031 0.655839 -0.000306022 -0.137527 0.352606 1.40673 0.426535 -0.944469 -0.0960334 -0.109711
85 0.43659 -0.282403 -0.211742 -0.283793 -0.109862 0.51235 -1.32161 -0.674676 0.445679 -1.14503 0.463122 1.12613 0.755072 -1.04551 0.695739 0.218516
84 0.47864 -0.267102 -0.195644 -0.447129 -0.126782 0.648869 -1.58324 -0.76408 0.571294 -1.22647 0.579667 1.23896 0.804058 -1.14899 0.81082 0.245541
86 0.446795 -0.300602 -0.288805 -0.297363 -0.0767214 0.665768 -1.40609 -0.752578 0.519717 -1.30358 0.462041 1.20182 0.811433 -1.15849 0.700235 0.262184
88 0.419811 -0.341386 -0.444532 -0.0202923 -0.0864488 0.494386 -1.0453 -0.594687 0.305417 -1.16539 0.129518 1.17157 0.736292 -1.04368 0.405755 0.304549
87 0.414182 -0.396052 -0.511249 -0.135698 -0.0706526 0.649692 -1.28144 -0.743184 0.383547 -1.32055 0.186449 1.24158 0.866095 -1.144 0.548647 0.361589
89 0.630348 -0.43608 -0.513063 -0.0190042 -0.0357414 0.610103 -1.29324 -0.744789 0.404463 -1.38502 0.127233 1.34547 0.791644 -1.2047 0.467674 0.313025
247 1.56871 -0.723191 1.03156 0.176179 -0.759129 -0.471086 0.164318 -0.407537 -0.0283123 -0.924709 -0.276172 1.26327 0.289403 -0.519326 0.183229 -0.00652053
54 1.264 -0.135984 0.66352 -0.0712977 0.69833 0.198914 -0.521118 0.446139 -0.587993 -0.98602 0.8701 0.979596 0.393929 -1.14228 0.227018 0.145171
56 1.83817 -0.155111 0.777353 0.0325793 0.314801 0.42521 -0.676184 0.524378 -0.538176 -0.92149 0.951348 1.18269 0.300896 -0.625099 0.270838 0.101099
57 2.09117 -0.145441 0.879467 0.0393603 0.145375 0.542832 -0.804697 0.55352 -0.568529 -0.980288 1.11452 1.39286 0.297444 -0.389056 0.330101 0.104305
55 1.36822 -0.0867033 0.59596 0.0280015 0.407096 0.154911 -0.549805 0.344433 -0.346571 -0.822396 0.759257 0.932515 0.344101 -0.86383 0.190756 0.0840243
138 1.6866 0.751829 -0.377915 -0.632996 0.111057 -0.335704 0.107669 -0.541158 0.185266 0.339015 0.828877 0.914467 0.0107353 -1.80368 0.202218 -0.179711
137 1.77942 0.74984 -0.513836 -0.522269 0.133549 -0.306306 0.201417 -0.344872 0.287026 0.250487 0.911434 0.818013 0.0983152 -1.64069 0.268055 0.0670805
135 1.98005 0.753107 -0.662399 -0.558122 0.106355 -0.33048 0.218754 -0.225626 0.292938 0.231711 1.04402 0.866146 0.187606 -1.62067 0.259305 0.267148
134 2.07407 0.688278 -0.615503 -0.481532 0.0163922 -0.315236 0.317493 -0.325731 0.381109 0.120078 1.15231 0.881473 0.46386 -1.28365 0.559329 0.621368
133 1.68763 0.484103 -0.413479 -0.31251 -0.0230327 -0.158475 0.232865 -0.312059 0.263962 0.0151602 1.02275 0.819073 0.480224 -0.93912 0.614926 0.56603
132 2.06291 0.510326 -0.335519 -0.272186 0.00389599 -0.219097 0.306111 -0.400348 0.373246 0.000586884 1.20343 0.998685 0.642271 -1.00479 0.731922 0.729023
131 2.15844 0.417149 -0.074821 -0.0469044 -0.0897519 -0.20978 0.342187 -0.59227 0.370535 0.0359075 1.32913 1.05085 0.808047 -0.828061 0.914541 0.917221
208 0.475401 0.205028 -0.226645 0.0982391 0.250596 -0.370735 -0.634024 -0.584778 0.0362205 -0.178812 0.55107 1.36499 -0.613405 -0.802954 0.728333 -0.20176
207 0.626577 0.418443 -0.253217 0.0603037 0.354795 -0.516229 -0.929274 -0.808993 -0.0425102 -0.30264 0.685909 1.86149 -0.876127 -0.97757 1.03164 -0.273112
209 0.464365 0.147601 -0.244737 0.117511 0.246612 -0.37496 -0.79735 -0.593476 0.0340386 -0.0956045 0.762888 1.80444 -0.709115 -1.08793 0.928208 -0.303522
262 1.69239 -0.317942 0.53533 0.170527 -0.228603 -1.15826 -1.01655 0.738637 -0.0111212 -1.14963 0.289317 0.916647 0.579399 -0.909048 -0.542598 0.566244
263 1.91306 -0.347825 0.641199 0.17237 -0.162891 -1.2183 -1.02948 0.774988 0.0402716 -1.20552 0.290227 1.02929 0.622657 -1.00364 -0.606222 0.591822
264 1.6342 -0.222956 0.780946 0.115157 -0.139546 -1.42188 -0.794177 0.827085 0.0342398 -1.05268 0.372814 1.13788 0.735411 -0.9795 -0.611851 0.551337
261 1.92495 -0.373608 0.524338 0.221701 -0.246198 -1.17951 -1.15551 0.709858 -0.0329979 -1.32205 0.275199 1.05788 0.576314 -0.947956 -0.536952 0.604119
25 0.464287 0.0465863 0.285302 -0.368601 -0.689974 -0.8139 -0.839895 -0.532923 1.03533 -0.198952 -0.129723 1.47924 0.608391 -0.731562 0.1581 0.302416
24 0.563407 0.075274 0.285586 -0.43465 -0.906375 -0.935596 -0.830682 -0.686951 1.22375 -0.273172 -0.191376 1.74964 0.844675 -0.952479 0.0993683 0.253668
26 0.689849 -0.0238895 0.343676 -0.361579 -0.771413 -0.941772 -1.04389 -0.639144 1.23595 -0.238625 -0.121733 1.75255 0.7699 -0.882822 0.215984 0.409372
27 0.875275 -0.0306718 0.363901 -0.302912 -0.719357 -1.01202 -1.20697 -0.674138 1.3198 -0.282663 -0.0459492 1.74834 0.692527 -0.816251 0.238521 0.421601
78 1.21143 0.510241 0.654809 -0.954308 0.112019 0.936159 -1.2373 -0.260728 1.10661 -0.699635 1.2923 0.962051 0.159692 -1.17432 0.0658087 -0.363261
241 1.85133 0.145078 0.785137 0.624342 -0.653739 0.209219 -0.103458 -0.494865 -0.132447 -1.07715 -0.0875602 1.02355 -0.216147 -0.670937 -0.216468 0.527961
268 0.744566 0.0942538 0.650768 -0.0171431 -0.158755 -1.13293 -0.107727 0.774997 -0.0922463 -0.420175 0.476822 1.40834 0.572911 -1.15794 -0.400969 0.27642
269 0.738985 0.128934 0.785342 0.0392806 -0.119137 -1.21002 -0.069668 0.8878 -0.107369 -0.430654 0.516239 1.53703 0.580643 -1.19558 -0.417187 0.179905
267 1.08598 0.0594476 0.768886 0.0549851 -0.0736703 -1.38573 -0.294034 0.940926 -0.0353498 -0.608564 0.538881 1.53654 0.596902 -1.2229 -0.53675 0.387011
196 0.266815 0.206251 -0.124358 1.20524 0.549232 -0.62065 0.122142 -1.04748 0.367352 -0.288238 0.550428 1.49232 0.50263 -1.14161 0.838527 0.371574
195 0.526207 0.287072 -0.1332 1.21173 0.470462 -0.657236 0.257042 -1.08894 0.321706 -0.340822 0.643342 1.53866 0.537612 -1.21633 0.878989 0.252961
197 0.504568 0.159189 -0.112499 1.27341 0.580658 -0.657322 0.0505269 -1.17451 0.356674 -0.352097 0.554002 1.73265 0.440788 -1.13519 0.832558 0.351808
194 0.699181 0.445292 -0.198628 1.32817 0.215095 -0.77239 0.29966 -0.974872 0.238555 -0.442647 0.804397 1.45678 0.6123 -1.28398 0.893776 -0.0419684
106 1.72465 -0.178123 0.13425 0.445999 0.320898 -0.159143 -1.02836 -1.01221 0.796765 -0.709597 0.559293 1.11577 -0.934503 -0.48302 -0.225701 -0.0698447
105 1.80022 -0.283507 0.147997 0.495154 0.363029 -0.163349 -1.17381 -1.13648 0.942393 -0.822059 0.595339 1.2709 -1.16373 -0.635915 -0.244983 -0.0820963
104 1.53708 -0.378515 0.292553 0.448724 0.173602 -0.118995 -1.35285 -0.925577 0.947839 -0.562523 0.246966 1.22502 -1.32001 -0.962308 -0.171181 0.00879621
102 1.48009 -0.431934 0.398479 0.530661 0.059675 -0.0847919 -1.40552 -0.756576 0.91681 -0.471292 0.239588 1.22659 -1.36443 -1.08391 -0.243155 0.0163525
220 0.895133 -0.353989 0.0196231 0.604628 -0.626431 -0.400682 -1.10639 0.129543 -0.0415427 -0.146536 1.02632 1.76146 0.334834 -0.154432 -0.0719015 0.46231
218 0.915361 -0.715609 0.0236804 0.67179 -0.798392 -0.32895 -0.888188 0.234394 0.0379303 0.110289 1.22807 2.13906 0.220957 -0.286573 0.161829 0.34635
216 0.909831 -0.918582 -0.0208769 0.675412 -0.866735 -0.371558 -0.687333 0.222026 0.0837835 0.205066 1.37768 2.37451 0.0866126 -0.436328 0.342226 0.162678
215 0.938646 -1.04368 0.0132988 0.653592 -0.949729 -0.266439 -0.571342 0.209496 0.179144 0.332954 1.39126 2.47924 0.0340941 -0.615582 0.447858 0.148715
213 0.804453 -0.844472 -0.054017 0.531298 -0.799253 -0.277395 -0.44485 0.154667 0.135745 0.332553 1.26003 2.19761 -0.00415395 -0.637586 0.433261 0.0241035
212 0.550163 -0.621492 -0.210094 0.331189 -0.353252 -0.298613 -0.528016 -0.153012 0.107248 0.220892 1.06562 1.93367 -0.361207 -0.81154 0.719358 -0.116302
210 0.647085 -0.358289 -0.257394 0.218651 -0.000295261 -0.346178 -0.698338 -0.501365 0.143219 0.0734085 0.944389 2.05974 -0.537362 -1.15 0.926206 -0.295175
9 0.779165 0.276379 0.720151 -0.297377 -0.498936 0.293798 -0.108065 0.116869 0.824384 -0.693914 -0.334631 1.6767 -0.809619 -1.77498 0.832052 0.473077
11 0.685744 0.442195 0.503111 -0.214258 -0.59722 0.29419 0.057528 0.0728248 0.881235 -0.772582 -0.438015 1.67229 -0.805414 -1.6543 0.649245 0.162549
12 0.783958 0.585893 0.300173 -0.0745603 -0.688329 0.157308 0.0772777 -0.128154 0.900948 -0.908017 -0.488051 1.82802 -0.646631 -1.41712 0.396801 -0.304227
13 0.741334 0.577534 0.23198 0.0372225 -0.66445 0.163993 0.0747608 -0.111601 0.793847 -0.848364 -0.523712 1.62722 -0.65517 -1.20661 0.317971 -0.418273
14 0.939036 0.644793 0.203953 -0.0547685 -0.818441 0.167703 0.0640576 -0.243876 0.947909 -1.07539 -0.665678 1.94604 -0.783266 -1.24532 0.23535 -0.56473
283 1.00145 -0.0438178 0.555032 0.531206 -0.351489 -0.403303 -0.526096 -0.308156 0.379468 -0.45954 0.624476 0.565096 -0.00122192 -0.956064 0.515328 -0.415912
284 1.04953 5.99839e-05 0.729058 0.570786 -0.411168 -0.570479 -0.572772 -0.386271 0.453051 -0.601913 0.844021 0.282829 -0.0472399 -1.07638 0.699634 -0.566178
282 0.629635 0.0115486 0.697093 0.944623 -0.629776 -0.425337 -0.638024 -0.280229 0.614459 -0.19879 0.477587 0.778918 -0.00978849 -1.1381 0.498958 -0.821651
251 1.67149 -0.88312 1.08152 -0.0534361 -0.400834 -1.04052 0.37342 -0.45714 -0.263697 -0.712822 -0.222936 1.43128 -0.00359683 -0.853511 0.573375 -0.369885
252 1.62337 -0.776926 0.798504 -0.0982951 -0.321452 -1.01978 0.180328 -0.364024 -0.269858 -0.601237 -0.160587 1.31869 -0.170837 -0.874167 0.516268 -0.401312
254 1.68838 -0.781483 0.715357 -0.168815 -0.267101 -1.06615 0.0324295 -0.226605 -0.322112 -0.680781 -0.177062 1.25974 -0.276658 -0.880368 0.359846 -0.420769
255 1.81193 -0.651503 0.496887 -0.0798193 -0.285735 -1.10875 -0.414195 0.101613 -0.317408 -0.804471 -0.147892 1.16578 -0.273891 -0.866749 0.0233194 -0.157608
256 1.72821 -0.546934 0.394784 0.00318515 -0.22849 -1.01763 -0.575379 0.186068 -0.257962 -0.863716 -0.126118 1.04288 -0.171886 -0.802124 -0.111388 -0.0366974
257 1.76631 -0.59737 0.365846 0.035021 -0.225236 -1.17619 -0.650551 0.314716 -0.295035 -0.974273 -0.177144 1.02805 -0.0970628 -0.827276 -0.199867 0.0422405
20 0.679516 0.411493 0.0913799 -0.443137 -0.92382 -0.293639 -0.111167 -0.626691 0.784305 -0.999839 -0.504235 1.90087 0.452395 -1.08136 -0.324754 -0.322861
21 0.563607 0.323276 0.111809 -0.494524 -0.934382 -0.607805 -0.296486 -0.714447 0.929411 -0.630355 -0.263729 1.83141 0.817048 -1.10622 -0.160405 -0.0438375
22 0.469005 0.182457 0.122726 -0.508157 -0.943341 -0.657592 -0.391657 -0.642621 0.886487 -0.492341 -0.247926 1.68812 0.940361 -1.10001 -0.0730899 0.0654965
63 1.78835 0.229034 0.486967 0.55254 0.266651 0.420327 -1.44145 0.318763 -0.0479689 -0.800396 0.384234 1.07817 0.142528 -0.0715555 0.551777 -0.253295
62 2.01895 -0.00942782 0.744653 0.242358 0.0891116 0.642469 -1.11876 0.426782 -0.40635 -0.897075 0.939462 1.15223 0.214266 -0.225153 0.323172 -0.0680112
61 1.97964 -0.0581238 0.730564 0.148162 0.040266 0.71489 -0.963466 0.451377 -0.475558 -0.884418 1.05169 1.15513 0.136699 -0.266596 0.164894 0.0184217
60 2.19663 -0.0265681 0.793935 0.131197 0.10073 0.735305 -0.97972 0.511122 -0.517131 -0.972879 1.16066 1.47599 0.234957 -0.318617 0.264405 0.011808
64 1.68826 0.270291 0.43655 0.580408 0.303351 0.322002 -1.40074 0.212272 0.110802 -0.723508 0.284873 1.04708 0.185508 -0.124036 0.575971 -0.264529
107 1.85246 -0.184754 0.142629 0.477739 0.394069 -0.198304 -1.01157 -1.17361 0.904065 -0.894589 0.716122 1.24132 -0.983926 -0.478319 -0.348398 -0.0518101
108 2.11356 -0.0489658 0.148527 0.472369 0.383196 -0.338157 -0.801993 -1.23257 0.896623 -0.970034 0.908527 1.12911 -0.610335 -0.275675 -0.347353 -0.0169049
110 2.33822 0.0828547 0.112372 0.47701 0.428592 -0.440424 -0.696533 -1.22757 0.867255 -0.92423 1.07189 1.06451 -0.382333 -0.2178 -0.381571 -0.0593666
109 1.95389 -0.0124371 0.128451 0.438836 0.336844 -0.369902 -0.623992 -1.09211 0.808602 -0.868771 0.874135 1.00345 -0.425667 -0.188477 -0.380876 -0.0415178
159 1.94019 1.04929 0.491485 0.669834 -0.847268 0.0820759 -0.474189 0.25504 0.767244 -0.769098 -0.104336 0.82797 1.21025 -0.960982 -0.282011 -0.506121
160 1.55166 0.93938 0.395605 0.652845 -0.70959 0.0604787 -0.430377 0.185672 0.623858 -0.604339 -0.171864 0.696406 1.07194 -0.718969 -0.189767 -0.465213
161 1.76405 1.00362 0.643452 0.714206 -0.736357 0.0244818 -0.495319 0.229173 0.911722 -0.631384 -0.211761 0.873397 1.42729 -0.79576 -0.0558999 -0.551902
214 0.785403 -0.870164 0.010581 0.524332 -0.798658 -0.242432 -0.377606 0.171901 0.15674 0.33216 1.19635 2.05344 0.023645 -0.654935 0.448499 0.0924474
111 2.54568 0.0893264 0.188348 0.464223 0.311311 -0.623647 -0.522798 -1.13481 0.781885 -0.804709 1.08873 0.963704 -0.225005 -0.276799 -0.445685 0.00822765
112 2.41245 0.0723202 0.143834 0.478928 0.284002 -0.580382 -0.467501 -1.00445 0.684721 -0.772748 1.0512 0.822206 -0.102823 -0.310296 -0.396473 -0.0182764
124 1.67998 0.176421 0.425803 0.303811 0.464122 0.178011 0.318004 0.108523 -0.354165 0.491119 -0.115386 1.6013 0.670664 -1.2498 0.122646 0.893635
123 1.98126 0.166333 0.444312 0.402104 0.469947 0.122878 0.33884 0.16665 -0.316937 0.524259 -0.125529 1.82249 0.625129 -1.44981 0.11944 0.94843
122 2.39564 0.252869 0.565856 0.384576 0.494915 -0.0461358 0.150556 0.233275 -0.340006 0.546017 -0.310917 1.70927 0.392537 -1.34422 0.055848 0.713091
121 2.23319 0.217588 0.495297 0.296505 0.393419 -0.0734961 0.144338 0.244177 -0.306431 0.474158 -0.309768 1.35777 0.234226 -1.03786 0.049644 0.626837
125 1.85192 0.153034 0.372036 0.377483 0.392152 0.169907 0.395171 -0.0562379 -0.288444 0.466471 0.163579 1.64844 0.782205 -1.24208 0.292522 1.16128
126 1.72671 0.0981147 0.351792 0.256258 0.299965 0.149862 0.373858 -0.221206 -0.16331 0.350263 0.482911 1.55156 0.881849 -1.18562 0.431488 1.07291
162 1.67438 0.861916 0.677975 0.602423 -0.544324 -0.0604217 -0.522472 0.178803 0.899238 -0.536524 -0.313259 0.930901 1.59086 -0.713015 0.062029 -0.489755
163 1.27754 0.615017 0.594369 0.470193 -0.398798 -0.0562301 -0.430042 0.217738 0.791196 -0.350323 -0.253473 0.824365 1.34658 -0.570529 0.190185 -0.453353
164 1.37368 0.549248 0.747053 0.483426 -0.272818 -0.0920932 -0.515272 0.249335 0.872859 -0.288873 -0.201196 1.05655 1.68973 -0.677571 0.352418 -0.512626
31 1.53065 -0.0701524 0.259298 0.237813 -0.150888 -0.297242 -0.780687 -0.29154 0.568081 -0.531119 0.535156 1.49418 0.25962 -1.1603 0.275078 0.0564366
32 1.27475 -0.256216 0.0880569 0.219733 -0.0945523 -0.407182 -0.769115 -0.286016 0.680147 -0.433757 0.557909 1.50568 0.199969 -1.16544 0.22358 0.153209
33 0.889912 -0.695095 -0.290712 0.240241 0.273906 -0.417792 -0.554771 -0.204519 0.769404 -0.221598 0.75338 1.31529 0.0246271 -1.27447 0.164667 0.200619
34 0.83329 -0.771909 -0.381978 0.225533 0.392544 -0.402318 -0.476339 -0.11375 0.66362 -0.212352 0.746379 1.06747 -0.146474 -1.21341 0.218739 0.114273
35 0.850945 -0.928857 -0.49682 0.285818 0.456571 -0.478601 -0.385402 -0.0627682 0.804204 -0.251699 0.867543 1.33022 -0.179859 -1.66531 0.229393 0.0970629
277 0.0853858 0.255651 0.67867 0.879875 -0.889915 0.200772 -0.455948 0.0873819 0.524615 0.295257 0.162442 1.87559 0.232347 -1.40835 0.368752 -0.864
278 0.182067 0.235659 0.74872 1.10351 -0.93692 0.103671 -0.619539 -0.0281207 0.6475 0.245477 0.165662 1.9424 0.207341 -1.49072 0.363304 -0.998322
279 0.233951 0.081298 0.687081 1.20372 -0.841907 -0.108769 -0.749772 -0.0982352 0.694523 0.146408 0.135407 1.59556 0.0956021 -1.39067 0.373504 -0.998494
280 0.288507 -0.0308362 0.577154 1.12088 -0.717463 -0.188843 -0.697598 -0.21075 0.677525 0.093883 0.125373 1.32267 0.101186 -1.2379 0.368774 -0.881361
281 0.423168 -0.00663568 0.67278 1.07757 -0.709712 -0.213744 -0.687765 -0.250327 0.696972 0.0375356 0.251875 1.27069 0.0486704 -1.25201 0.412611 -0.924228
229 0.56996 0.916288 0.192851 0.912371 -0.127084 -0.0549404 -0.323849 -0.490826 -0.566927 -1.30354 0.0885751 1.18212 1.0758 -1.14364 0.0505762 0.129338
228 0.653681 0.924074 0.138594 0.935678 -0.183216 -0.149196 -0.632313 -0.377151 -0.551135 -1.3635 0.155066 1.46223 1.29697 -1.25778 0.0276871 0.189805
230 0.795654 1.04597 0.23077 0.955983 -0.166167 -0.046605 -0.469743 -0.614607 -0.548112 -1.4247 0.0988063 1.36317 1.16216 -1.18859 0.0181565 0.102174
231 0.971624 1.0077 0.315249 0.986348 -0.137777 0.101373 -0.259221 -0.675382 -0.465123 -1.34725 0.114497 1.24158 0.993921 -1.19676 0.0904044 0.0336411
232 0.818138 0.875784 0.291482 0.8455 -0.0392198 0.0684894 -0.227949 -0.592945 -0.342316 -1.09499 0.100955 1.00424 0.802486 -1.00772 0.118908 -0.0679216
233 0.977838 1.09586 0.494588 1.00409 -0.00895564 0.297295 -0.0974018 -0.836801 -0.457144 -1.3333 0.149819 1.12411 0.66348 -1.28472 0.0269103 0.026305
234 1.22454 1.05526 0.682365 0.969348 -0.006778 0.524448 0.145937 -0.909246 -0.30087 -1.33867 0.312936 1.08208 0.184192 -1.49049 -0.0223482 0.116761
236 1.33979 0.9596 0.756298 0.988735 -0.0107402 0.626019 0.254404 -0.896169 -0.295685 -1.24247 0.343413 1.03778 -0.0682506 -1.56847 -0.00998024 0.219982
235 1.1303 0.897821 0.684765 0.81269 -0.00429864 0.517521 0.217833 -0.809722 -0.322488 -1.15037 0.346396 0.931893 0.0274169 -1.49822 0.0417367 0.106542
181 0.584109 -0.675005 0.666203 0.257074 0.025242 0.810581 0.246386 0.097397 0.253138 0.411373 0.546545 1.3914 0.717439 -1.81437 0.299757 -0.509331
182 0.796788 -0.660172 0.724901 0.302552 0.0649812 0.854998 0.318842 0.0657422 0.300836 0.388351 0.615274 1.57949 0.769645 -2.07372 0.330932 -0.479911
180 0.798444 -0.894197 0.732537 0.27647 -0.0920381 0.874252 0.167649 0.0617403 0.257197 0.326383 0.555112 1.4474 0.854498 -1.90065 0.325728 -0.55329
183 0.870673 -0.482364 0.662062 0.383393 0.0949796 0.704735 0.261532 -0.028077 0.359378 0.385241 0.667216 1.48644 0.618692 -1.92148 0.405315 -0.50099
202 0.71429 0.393268 -0.164554 0.416973 0.572913 -0.508487 -0.844054 -1.11213 0.00685886 -0.409659 0.53321 1.72705 -0.582244 -0.734526 0.957326 0.0909682
10 0.558349 0.3503 0.584829 -0.231362 -0.452211 0.263923 0.0597945 0.0781224 0.729139 -0.653619 -0.375413 1.46734 -0.670712 -1.59004 0.654915 0.314383
47 1.23968 -0.868812 0.243967 -0.264439 1.12359 -0.603828 -0.926453 0.172865 0.0445557 -0.750397 0.344818 0.819427 0.224048 -1.63304 0.599028 -0.492123
48 0.978665 -0.556316 0.427835 -0.223979 1.19842 -0.460431 -0.810783 0.198201 -0.368803 -0.878449 0.455078 0.833092 0.478821 -1.69656 0.493443 -0.357235
45 1.51115 -0.977875 0.202046 -0.349729 1.17545 -0.677427 -0.957821 0.120486 0.108014 -0.726938 0.194146 0.804776 0.103697 -1.64128 0.736947 -0.676999
46 1.24872 -0.865626 0.290075 -0.306982 1.0483 -0.600347 -0.942017 0.0881456 0.0635924 -0.689818 0.245702 0.702501 0.22383 -1.43046 0.564111 -0.584761
3 1.25121 -0.0795002 0.876266 -0.142945 -0.298193 0.254162 -0.711739 -0.261902 0.374437 -0.255961 -0.298265 1.01135 -0.556231 -1.06936 0.659838 0.624502
2 1.74844 0.050298 0.749198 0.216641 -0.367474 0.232354 -0.967458 -0.834696 0.340408 0.251145 -0.377598 0.745682 -0.0567311 -1.02663 0.438673 0.396872
0 1.94815 0.0410319 0.749403 0.520106 -0.50063 0.246828 -1.19759 -1.13163 0.411378 0.549071 -0.338443 0.831665 0.138131 -1.21074 0.365835 0.39798
299 2.06432 0.146853 0.843441 0.838349 -0.600572 0.0913114 -1.24163 -1.21455 0.542352 0.522446 -0.296116 0.756458 0.20436 -1.16928 0.444623 0.379141
1 1.84716 0.0140511 0.608615 0.373152 -0.349211 0.137577 -1.01973 -1.01007 0.312632 0.390908 -0.209485 0.718472 0.120613 -1.04051 0.344555 0.284368
83 0.619729 -0.13408 0.0285318 -0.57735 -0.177776 0.635726 -1.71997 -0.747431 0.554592 -1.15577 0.730558 1.09526 0.705756 -1.15811 0.696604 0.177749
82 0.670364 0.00351229 0.174867 -0.618946 -0.213339 0.61379 -1.49968 -0.590808 0.525864 -0.834481 0.665086 0.877596 0.488839 -1.00277 0.575475 0.0393292
176 1.30953 -1.0129 0.483876 0.0913275 -0.554318 0.412747 -0.373449 -0.111568 -0.169144 -0.389357 0.65941 0.91991 1.49825 -1.02841 0.690632 -0.763861
177 1.03839 -1.13798 0.621648 0.166862 -0.441465 0.671311 -0.0196943 0.0190401 -0.116962 -0.114651 0.663324 1.19918 1.50136 -1.46488 0.645568 -0.754329
178 0.877054 -1.04366 0.554221 0.232667 -0.290195 0.69336 0.0509466 0.0326701 -0.0811967 -0.0969022 0.569704 1.12754 1.21631 -1.4286 0.515397 -0.593047
175 1.17144 -0.861888 0.3677 0.0763489 -0.516224 0.293903 -0.44534 -0.101014 -0.217229 -0.356053 0.548779 0.736659 1.36983 -0.741172 0.647626 -0.626175
174 1.38209 -0.964338 0.427203 0.0319546 -0.576474 0.226584 -0.605353 -0.126004 -0.179491 -0.42573 0.634128 0.895713 1.50956 -0.736651 0.784931 -0.772619
173 1.5854 -0.880723 0.409607 -0.0483007 -0.521091 0.112448 -0.812315 -0.114635 -0.104859 -0.443281 0.629852 1.02439 1.74861 -0.569794 0.799336 -0.969676
139 1.37464 0.765998 -0.284888 -0.62405 0.119205 -0.257303 0.106585 -0.572935 0.0878567 0.418818 0.639587 0.837197 -0.0721001 -1.69273 0.151591 -0.302286
136 1.72236 0.661929 -0.536899 -0.521604 0.0982809 -0.284349 0.213935 -0.216205 0.284432 0.197106 0.849829 0.711015 0.154167 -1.3962 0.151473 0.151428
211 0.480751 -0.440202 -0.212059 0.201578 -0.0608106 -0.268874 -0.509941 -0.357698 0.150856 0.0848076 0.910668 1.76667 -0.440625 -1.0646 0.776714 -0.27429
169 1.27073 -0.353884 0.433885 -0.11335 0.224035 -0.283795 -0.812343 0.217246 0.496544 0.0765465 0.211508 1.23147 1.80538 -0.514863 0.70227 -1.00067
168 1.48354 -0.224257 0.555107 -0.0234567 0.177261 -0.326849 -0.901287 0.294248 0.686899 0.0252292 0.213803 1.41368 1.96745 -0.646418 0.750708 -1.06249
170 1.42501 -0.495607 0.455764 -0.133976 0.107501 -0.211931 -0.894959 0.186794 0.478763 -0.0389698 0.322588 1.35543 1.8885 -0.581605 0.849357 -1.08712
167 1.2031 0.104823 0.538211 0.0880817 0.19318 -0.265746 -0.780564 0.306692 0.850427 -0.0685144 0.0462241 1.32632 1.9035 -0.678279 0.587643 -0.845876
185 0.759957 -0.221092 0.498171 0.478629 0.0569165 0.563206 0.275192 -0.0559241 0.241982 0.286355 0.737079 1.36528 0.625371 -1.75672 0.475779 -0.539751
192 0.831564 0.563421 -0.282013 1.27919 -0.0201681 -0.848506 0.505974 -0.795619 0.0834976 -0.432597 0.967684 1.23539 0.639778 -1.44106 1.00124 -0.405039
193 0.595043 0.449308 -0.263372 1.13936 0.130167 -0.754621 0.455704 -0.861986 0.080355 -0.41609 0.790813 1.16372 0.602886 -1.15726 0.826847 -0.20015
42 1.70973 -1.19791 -0.370788 -0.00804577 0.789918 -0.684896 -0.678298 0.215115 0.699618 -0.627444 0.340211 0.8424 -0.462609 -1.62601 0.823161 -0.617125
30 1.35802 -0.177173 0.253131 0.0970394 -0.234991 -0.466383 -0.888903 -0.363301 0.749367 -0.413 0.374147 1.49582 0.286755 -1.05947 0.242939 0.13396
96 1.85092 -1.10613 0.567214 0.158343 -0.402345 -0.124359 -1.27824 0.108979 0.661184 0.162616 0.0890454 0.864904 -0.404042 -1.34331 -0.720183 0.134799
171 1.55585 -0.75802 0.445015 -0.0680473 -0.221192 -0.00686758 -0.851473 0.00741011 0.121814 -0.172808 0.486612 1.16387 1.84936 -0.601075 0.861468 -1.04633
166 1.06127 0.185004 0.506935 0.187434 0.0742154 -0.159687 -0.630687 0.290371 0.70736 -0.0524582 -0.0163601 1.10213 1.61556 -0.588038 0.450339 -0.653517
165 1.39407 0.384567 0.656381 0.286716 0.032273 -0.130537 -0.635857 0.357357 0.818264 -0.15547 -0.0796362 1.15217 1.82247 -0.667376 0.427369 -0.680947
217 0.777088 -0.716264 0.0243677 0.578924 -0.697054 -0.331866 -0.702298 0.21951 0.0377195 0.164543 1.05566 1.88199 0.136813 -0.238295 0.212466 0.213618
298 1.7293 0.173815 0.767678 0.809889 -0.582545 0.0886309 -1.10986 -1.06312 0.497229 0.484908 -0.180161 0.618411 0.155424 -0.940395 0.330207 0.338651
297 1.93868 0.247201 0.869753 1.10679 -0.705495 0.0623291 -1.32761 -1.15084 0.629504 0.462857 -0.223941 0.726944 0.21194 -1.05787 0.532105 0.407097
80 0.935272 0.331691 0.490937 -0.968596 -0.0876686 0.849928 -1.57213 -0.565637 0.788421 -0.814844 1.08294 0.915378 0.296325 -1.19935 0.333147 -0.214417
81 0.748765 0.0611462 0.27212 -0.876407 -0.195651 0.700698 -1.65468 -0.664574 0.59484 -0.972895 0.877632 0.976331 0.448153 -1.13462 0.579647 0.0170003
79 0.90107 0.374287 0.530594 -0.867657 0.0204148 0.712035 -1.16545 -0.298723 0.786806 -0.617068 0.964117 0.73329 0.118137 -0.928048 0.111007 -0.258734
36 0.904664 -1.04763 -0.601708 0.474456 0.467312 -0.499263 -0.281759 0.0764685 0.952173 -0.277782 0.88983 1.26268 -0.269736 -1.89455 0.33902 0.0371057
37 0.794676 -1.07328 -0.554438 0.373825 0.491442 -0.492571 -0.211201 0.137004 0.856442 -0.291611 0.749444 1.01934 -0.327105 -1.66269 0.361154 -0.0417708
38 1.01158 -1.13006 -0.61576 0.414654 0.509355 -0.636822 -0.271608 0.113147 0.928394 -0.381807 0.782915 1.1375 -0.367056 -1.87904 0.407306 -0.0598011
227 0.529819 0.944557 0.0833792 0.89281 -0.236548 -0.253842 -0.795966 -0.200056 -0.641126 -1.2268 0.33183 1.56895 1.16618 -1.27895 -0.103032 0.462144
59 2.19215 -0.098152 0.896354 0.0842358 0.0927998 0.694103 -0.814912 0.535939 -0.609157 -0.966337 1.18817 1.38919 0.211402 -0.302241 0.34421 0.069459
179 0.851799 -1.00522 0.702069 0.238381 -0.319881 0.890488 0.129229 0.0898021 0.0649487 0.0153593 0.587443 1.29171 1.247 -1.80489 0.50847 -0.653807
225 0.413517 0.681927 0.0496982 0.9026 -0.368049 -0.3237 -1.06497 -0.101933 -0.727362 -1.03579 0.504439 1.58924 1.06603 -0.95527 -0.20047 0.674488
152 1.31835 0.951751 -0.731816 0.40503 -0.655407 0.261242 -1.23642 0.348666 0.28088 -0.366479 0.580435 1.07213 0.328525 -1.39683 -0.505286 -0.949519
151 1.05139 0.817491 -0.672103 0.318408 -0.531918 0.221403 -1.10483 0.283959 0.239973 -0.299607 0.46445 0.908427 0.268246 -1.26267 -0.388608 -0.806449
226 0.383227 0.673134 0.0717312 0.733977 -0.244635 -0.190083 -0.83701 -0.0954756 -0.502252 -1.02634 0.347047 1.43986 1.03603 -1.17951 -0.114589 0.499364
120 2.64028 0.268508 0.540107 0.276848 0.379888 -0.0846401 0.0535365 0.218649 -0.213729 0.544375 -0.266413 1.45953 0.213865 -1.10342 0.0943126 0.61181
119 2.77359 0.299557 0.533826 0.196584 0.368295 -0.218411 -0.0560568 0.0182532 -0.141672 0.475972 -0.120274 1.33297 0.0932026 -0.866213 0.150114 0.557864
140 1.46677 0.873003 -0.264973 -0.694987 0.148499 -0.303978 0.0271394 -0.591761 0.00097802 0.433396 0.632979 0.9763 -0.110181 -1.93966 0.188266 -0.454389
296 1.82154 0.326546 0.922002 1.31239 -0.784443 -0.0944172 -1.16641 -0.874061 0.61083 0.117682 -0.022313 0.560193 -0.0176316 -0.877416 0.775713 0.421601
295 1.61858 0.362268 0.87121 1.24245 -0.651837 -0.171195 -1.03035 -0.634815 0.517782 -0.0514072 0.105769 0.480754 -0.105327 -0.648143 0.869502 0.337299
294 1.86115 0.462873 0.985573 1.46822 -0.774287 -0.219535 -1.21751 -0.7418 0.730897 -0.191384 0.215231 0.604653 -0.124336 -0.907911 1.00136 0.326393
113 2.55278 0.107112 0.149445 0.43949 0.277135 -0.58581 -0.470387 -1.04444 0.656929 -0.676455 0.944597 0.864561 -0.186297 -0.337821 -0.377867 0.034142
23 0.527061 0.177551 0.147563 -0.488709 -0.948899 -0.79619 -0.559127 -0.674093 1.0162 -0.457508 -0.215967 1.82205 1.02425 -1.13352 -0.0128611 0.144329
130 2.05825 0.337409 -0.0422119 -0.0236591 -0.0460488 -0.196375 0.336867 -0.527501 0.30824 0.087206 1.16856 1.01885 0.762877 -0.794467 0.831157 0.871998
129 2.24845 0.309427 -0.0234224 0.0429462 0.00290372 -0.146857 0.357776 -0.60839 0.316913 0.10632 1.25665 1.14458 0.873505 -0.790974 0.895948 0.98852
128 1.83499 0.280953 0.153994 0.136692 0.122102 0.0123808 0.425457 -0.435314 0.118834 0.208381 0.9333 1.181 0.812385 -0.896756 0.68263 0.974466
127 1.5285 0.199558 0.172778 0.142544 0.165114 0.091315 0.354411 -0.298541 -0.0101375 0.285833 0.588924 1.18009 0.72952 -0.91774 0.465612 0.891438
145 0.739634 0.787528 -0.389418 -0.528018 -0.297944 0.0783191 -0.465216 0.0116233 -0.242458 0.0851245 0.42783 1.04842 0.107406 -1.6399 8.34969e-05 -0.511267
43 1.63952 -0.99773 -0.151013 -0.120092 0.744707 -0.625267 -0.723167 0.163587 0.468123 -0.600534 0.201091 0.803574 -0.337432 -1.31303 0.750427 -0.558429
44 1.77896 -1.06701 -0.0138457 -0.253469 0.998171 -0.697014 -0.953323 0.163362 0.377885 -0.759961 0.222892 0.852008 -0.220824 -1.59938 0.867474 -0.674538
118 2.5472 0.27962 0.510852 0.145444 0.249153 -0.253983 -0.106424 0.0326454 -0.114537 0.433259 -0.125463 1.14771 0.0519841 -0.787663 0.140419 0.372992
29 0.943162 -0.106575 0.357557 -0.231092 -0.592111 -0.846554 -1.07467 -0.596239 1.15764 -0.319262 0.0350705 1.62165 0.557521 -0.630093 0.178986 0.372209
28 0.88165 -0.107195 0.320386 -0.200415 -0.61238 -0.864787 -1.01646 -0.620293 1.11119 -0.27081 -0.0401613 1.52532 0.540799 -0.611805 0.163903 0.391538
184 0.70508 -0.240845 0.457312 0.377159 0.053284 0.510874 0.187489 -0.0373262 0.254821 0.240403 0.624409 1.25901 0.510453 -1.53745 0.33637 -0.417328
58 1.90068 -0.13385 0.76141 0.0143536 0.13481 0.53365 -0.727241 0.507036 -0.467456 -0.815845 0.985875 1.2374 0.257835 -0.232779 0.312175 0.0694509
266 1.40049 -0.0957726 0.834363 0.0808766 -0.160446 -1.33756 -0.556553 0.819888 0.0321968 -0.873568 0.426249 1.27992 0.692448 -1.0649 -0.639287 0.532427
265 1.38392 -0.156138 0.665102 0.065365 -0.0756954 -1.19717 -0.733359 0.65911 0.0838455 -0.905913 0.351719 1.00013 0.559221 -0.878652 -0.552701 0.472122
253 1.50496 -0.608001 0.733158 -0.182357 -0.271265 -0.909475 0.128246 -0.263603 -0.239532 -0.544915 -0.0940636 1.1313 -0.250571 -0.772647 0.394462 -0.389846
117 2.81457 0.277145 0.49601 0.127278 0.356159 -0.267368 -0.163669 -0.10683 -0.00467767 0.348508 -0.0640386 1.14723 -0.108968 -0.749081 0.0792557 0.381757
116 2.56091 0.236149 0.385152 0.271703 0.272739 -0.377039 -0.274562 -0.325054 0.182217 0.00792385 0.283263 0.976568 -0.0809787 -0.578706 -0.0721836 0.289139
115 1.96034 0.137383 0.293319 0.308104 0.0730661 -0.321868 -0.41273 -0.383181 0.296594 -0.270239 0.424743 0.870727 0.00828645 -0.599949 0.0296058 0.0966646
114 2.40578 0.142147 0.270615 0.36286 0.215142 -0.512794 -0.379431 -0.693494 0.420317 -0.403675 0.676162 0.795851 -0.150095 -0.42739 -0.220381 0.17343
172 1.45485 -0.804697 0.414794 -0.00332739 -0.396618 0.0907664 -0.726951 -0.0951403 -0.0548582 -0.323077 0.5872 0.96607 1.54917 -0.567363 0.726044 -0.82854
244 1.65961 -0.412089 0.956064 0.475354 -0.905721 -0.110889 0.0652963 -0.340232 -0.0535083 -1.01014 -0.302946 1.19202 0.188062 -0.405515 -0.161039 0.38911
103 1.25923 -0.327638 0.316388 0.405268 0.0852074 -0.0589197 -1.17226 -0.740082 0.832766 -0.378514 0.18132 1.05747 -1.18616 -0.953833 -0.133809 0.08437
