300 32
49 -0.233867 0.189395 0.117187 0.309388 -0.0660417 0.0979328 0.639192 -0.264375 -0.434451 -0.0642656 0.0964554 0.118332 -0.470711 -0.416085 -1.00562 -0.0778262 -0.487445 -0.633728 -0.133476 -0.116449 -0.930188 -0.240708 0.258038 -0.101024 0.362722 0.263171 0.322676 -0.824745 1.00427 1.04576 -0.461289 0.0108076
48 -0.302375 0.195452 0.174291 0.313018 -0.0103097 0.127549 0.751726 -0.255402 -0.452636 -0.124851 0.143127 0.0454615 -0.507245 -0.473866 -1.2757 -0.0843831 -0.577289 -0.72196 -0.151643 -0.11732 -1.0008 -0.292392 0.379282 -0.0617711 0.441823 0.350727 0.367246 -0.934721 1.18978 1.29092 -0.587413 -0.0358508
50 -0.196397 0.212147 0.136726 0.318639 -0.0655534 0.060595 0.715085 -0.234338 -0.56463 -0.0339407 0.0607899 0.0985394 -0.518439 -0.473947 -1.07479 -0.0506166 -0.540746 -0.737517 -0.15422 -0.132815 -1.0395 -0.292022 0.231794 -0.127723 0.434802 0.27365 0.313476 -0.99535 1.10051 1.22868 -0.472446 0.090131
47 -0.343075 0.171351 0.0958016 0.196132 0.045662 0.242013 0.541475 -0.368277 -0.193833 -0.346511 0.251366 -0.0501185 -0.428307 -0.386164 -1.12073 -0.237268 -0.434886 -0.689174 0.03079 0.0579819 -0.706579 -0.174546 0.5893 -0.0140732 0.412919 0.316462 0.405732 -0.807223 1.05329 1.10898 -0.578933 0.0419108
46 -0.292548 0.163442 0.040988 0.103733 0.0576005 0.289245 0.428975 -0.426283 -0.0622323 -0.445558 0.185361 -0.126507 -0.346365 -0.319384 -1.02332 -0.28812 -0.345231 -0.653724 0.0788765 0.128014 -0.524496 -0.0927285 0.65334 0.0426467 0.426746 0.34651 0.366676 -0.714932 0.88054 0.996403 -0.540878 0.059225
155 -0.383488 -0.065929 0.435158 0.370656 0.37672 0.506159 0.053732 0.321324 -0.218694 -1.01837 -0.16503 -0.218345 0.141044 0.252685 -0.322828 0.81274 -0.252456 -0.826362 0.706778 0.0497545 0.0228025 0.689752 -0.134241 -0.0644211 1.2683 0.829426 -0.98553 -1.13713 -0.275833 0.971061 -0.296452 0.00223791
156 -0.494362 0.178256 0.443374 0.358408 0.326209 0.4784 0.0227371 0.342471 -0.113216 -1.01837 -0.136645 -0.12459 0.0718097 0.118371 -0.322623 0.688755 -0.205013 -0.823452 0.663688 0.0644567 0.0341093 0.586759 -0.134476 -0.0791565 1.12106 0.636925 -0.963669 -1.12686 -0.239162 0.903314 -0.276557 0.0813708
158 -0.764402 0.399447 0.426047 0.41718 0.29879 0.54342 -0.0437346 0.406217 -0.0970165 -1.08536 -0.193971 0.0907866 -0.062944 0.127281 -0.232771 0.705684 0.0184866 -1.00033 0.722204 -0.0748267 0.270155 0.503457 -0.00393164 -0.136861 0.882805 0.487854 -1.01143 -1.11811 -0.198127 0.937714 -0.349613 0.230608
157 -0.489574 0.20078 0.412516 0.282659 0.314019 0.464061 0.00604383 0.358766 -0.134188 -0.915334 -0.117189 -0.0707782 0.0874411 0.16222 -0.292782 0.610865 -0.181808 -0.790257 0.586767 0.0284819 0.166677 0.552144 -0.113022 -0.114434 0.922098 0.547295 -0.918501 -0.934738 -0.242273 0.807208 -0.276009 0.129078
35 -0.467559 0.4579 0.0410217 -0.248615 -0.0953982 0.169484 0.0406931 -0.549335 0.141177 -0.619143 0.305147 -0.00926654 -0.332062 0.0307091 -0.293885 -0.500459 0.15447 -0.612523 0.623978 0.36725 -0.466841 -0.0515554 0.208035 -0.0678022 0.986172 0.277294 -0.267927 -1.27184 0.35586 0.633524 -0.432345 0.139143
36 -0.535778 0.480962 -0.0652063 -0.101237 -0.131299 0.236734 0.0439098 -0.695053 0.259898 -0.753511 0.288985 -0.0752646 -0.325738 0.0243729 -0.386767 -0.602934 0.143022 -0.697198 0.682819 0.495911 -0.499882 -0.0543974 0.437059 -0.157238 0.928573 0.36895 -0.146698 -1.28728 0.588186 0.568688 -0.291331 0.183427
37 -0.496324 0.413854 -0.109626 -0.0279388 -0.123256 0.208566 0.0614131 -0.584855 0.26644 -0.654451 0.203355 -0.124027 -0.25415 0.0522867 -0.401957 -0.557249 0.125356 -0.671506 0.560223 0.404017 -0.457414 -0.0401114 0.424756 -0.135274 0.817511 0.384272 -0.0754927 -1.13185 0.590221 0.533371 -0.241107 0.155835
38 -0.516255 0.448721 -0.13217 -0.100823 -0.11752 0.255993 0.0750344 -0.724754 0.280185 -0.755978 0.281104 -0.12998 -0.280492 0.0266226 -0.421433 -0.639331 0.113181 -0.741916 0.629206 0.493106 -0.456693 -0.0675086 0.496875 -0.121134 0.918418 0.417725 -0.0855657 -1.28682 0.645738 0.622546 -0.277322 0.234066
190 -0.699361 0.668393 0.181129 0.191588 -0.410074 0.0548276 -0.22353 0.276782 -0.113336 -0.0546911 -0.755825 -0.72713 0.528076 -0.224572 -0.416816 -0.108235 0.162821 -0.584983 0.312071 -0.677554 -0.460212 0.580862 0.44677 -0.140112 1.17531 0.606874 0.243257 -0.825875 -0.259043 0.693733 0.0407801 -0.0168907
189 -0.686954 0.722445 0.158304 0.188357 -0.451579 0.0735287 -0.195555 0.257578 -0.130563 -0.0497211 -0.845279 -0.846327 0.546974 -0.231108 -0.416755 -0.0344362 0.155669 -0.64791 0.303287 -0.712264 -0.572716 0.603661 0.403883 -0.108182 1.33757 0.621702 0.19892 -0.979004 -0.306309 0.781473 0.012018 -0.110606
191 -0.633028 0.626166 0.139806 0.137726 -0.486778 0.0962047 -0.274503 0.322123 -0.0646069 -0.0918705 -0.839895 -0.75311 0.521126 -0.297247 -0.415977 -0.111858 0.181859 -0.652559 0.327976 -0.722134 -0.53622 0.543116 0.509336 -0.061348 1.3414 0.616917 0.294302 -1.0153 -0.256771 0.750203 0.107513 0.0334603
188 -0.564236 0.889976 0.0816575 0.291466 -0.377707 -0.147125 0.0366888 0.0330901 -0.0839872 -0.0340335 -0.71996 -0.84146 0.552647 -0.102671 -0.384966 0.0022921 0.182554 -0.643221 0.143126 -0.546223 -0.544543 0.631939 0.145818 -0.21754 1.20925 0.491903 0.120373 -0.866224 -0.266481 0.595662 -0.18496 -0.338958
186 -0.375543 1.06021 -0.129245 0.354109 -0.23408 -0.415201 0.321234 -0.236458 -0.00503213 -0.0749902 -0.454205 -0.855375 0.43072 0.00819033 -0.350188 0.171314 0.221012 -0.629177 -0.101203 -0.348913 -0.543762 0.587799 -0.180556 -0.299142 1.10465 0.385851 -0.0287126 -0.947896 -0.197901 0.557545 -0.426423 -0.682175
185 -0.177545 1.15807 -0.341949 0.306691 -0.0707121 -0.616216 0.597961 -0.506621 0.0962005 -0.225733 -0.209347 -0.750307 0.243777 0.0973987 -0.395269 0.278503 0.263244 -0.719509 -0.313486 -0.122194 -0.64361 0.476061 -0.446168 -0.349853 1.12388 0.380399 -0.182734 -1.18696 -0.0669694 0.575705 -0.610013 -0.86741
102 -0.0828826 0.190797 0.170942 0.876197 -0.130931 0.338404 -0.0518038 -0.897367 0.855862 -0.0490848 -0.559521 0.136037 -0.506233 -0.356092 -0.35565 0.402254 0.571489 -0.552528 0.695648 0.431116 -0.474267 -0.118241 0.580586 0.0918691 0.449149 1.06827 -0.0560856 -0.89653 0.249887 1.27849 0.142881 -0.00796705
103 -0.0636021 0.131817 0.127938 0.767792 -0.114074 0.277999 -0.0874522 -0.790986 0.722209 -0.0427975 -0.46832 0.116754 -0.448936 -0.285206 -0.29878 0.368631 0.547335 -0.492245 0.606952 0.374779 -0.395503 -0.127378 0.45981 0.082764 0.411497 0.946868 -0.0333659 -0.782199 0.175527 1.15589 0.105163 -0.045736
101 -0.214483 0.465134 0.162962 0.924718 -0.134189 0.289321 0.121249 -0.895949 0.695151 -0.0347086 -0.449581 0.278121 -0.472888 -0.487575 -0.230803 0.51348 0.451993 -0.499635 0.541682 0.357716 -0.467242 0.168596 0.593229 0.0893396 0.6302 1.14321 -0.198289 -0.901442 0.191027 1.11369 0.0100611 -0.17231
104 -0.0309574 0.0170043 0.152073 0.82526 -0.076331 0.412303 -0.163651 -0.843661 0.839763 0.0108223 -0.640469 0.0684312 -0.578516 -0.260024 -0.366885 0.464202 0.618345 -0.601627 0.773811 0.455565 -0.469708 -0.259097 0.480476 0.104549 0.401654 1.08641 0.00142061 -0.925021 0.202722 1.41329 0.163633 0.0136499
105 0.106238 -0.104765 -0.0657294 0.73414 0.0419324 0.531748 -0.360625 -0.650156 0.734209 0.0551134 -0.82205 0.00540956 -0.569248 -0.200568 -0.541776 0.494287 0.586151 -0.702623 0.825842 0.390976 -0.53877 -0.310737 0.407737 0.0877091 0.442721 1.12867 0.143489 -0.98899 0.150082 1.44332 0.158344 0.0884691
107 0.189323 -0.149806 -0.189079 0.530442 0.133378 0.582279 -0.414006 -0.454426 0.569566 0.0927248 -0.856431 -0.0371754 -0.47824 -0.194326 -0.570111 0.490697 0.452752 -0.738594 0.811342 0.287949 -0.604582 -0.371513 0.293694 0.0891455 0.422155 1.10601 0.242739 -0.955681 0.0840299 1.30757 0.120801 0.137721
165 -0.878889 1.25424 -0.325567 0.891704 0.20221 0.389324 -0.52683 0.0865765 0.43619 -0.753177 -0.0462458 -0.18702 -0.512906 0.0462669 -0.757219 0.421038 0.953665 -0.550801 0.0757696 -0.89383 0.179492 0.196663 0.220326 -0.3604 0.706183 0.37449 -0.529804 -1.02795 0.678623 0.733427 -0.746846 0.0478406
164 -0.971304 1.2231 -0.144614 0.685515 0.100748 0.362749 -0.345464 0.0194324 0.365518 -0.732783 -0.063271 0.109997 -0.492581 -0.00804982 -0.407534 0.464785 0.834785 -0.710866 0.204002 -0.779753 0.381224 0.108545 0.239128 -0.257525 0.529885 0.231449 -0.560262 -1.04968 0.484931 0.798117 -0.624774 0.236252
162 -1.05207 1.16203 -0.00276009 0.605432 0.0712539 0.387493 -0.196763 0.0512029 0.33088 -0.791932 -0.134274 0.284275 -0.54388 -0.0524423 -0.250441 0.507873 0.760551 -0.872439 0.334557 -0.708668 0.40949 0.106821 0.26179 -0.229828 0.529504 0.183437 -0.662485 -1.13637 0.398163 0.87673 -0.538631 0.328707
161 -1.05156 0.989088 0.176682 0.453408 0.098827 0.424999 -0.10785 0.186 0.112924 -0.923621 -0.152186 0.348873 -0.419809 -0.0165644 -0.176244 0.569006 0.529799 -1.02249 0.48909 -0.504131 0.430566 0.141797 0.187455 -0.209661 0.563125 0.194993 -0.821304 -1.19156 0.168385 0.939317 -0.463695 0.393739
166 -0.680914 1.05336 -0.349287 0.79775 0.208393 0.273084 -0.529263 -0.00928008 0.368268 -0.529441 -0.0473083 -0.301151 -0.384691 0.0665853 -0.765698 0.28322 0.787951 -0.435519 0.0178183 -0.698608 0.0479721 0.172494 0.139678 -0.271379 0.65928 0.459088 -0.303843 -0.792575 0.614018 0.550324 -0.646849 -0.0448637
284 0.406573 -0.215061 -0.488854 0.156189 0.536281 -0.336353 -0.292085 0.10329 -0.501401 0.324117 -0.990064 -0.199252 -0.647661 0.365574 -0.528162 0.221669 0.763516 -0.390802 -0.781088 0.147639 -0.078319 -0.26514 -0.222935 -0.138656 0.75289 0.0645646 -0.281956 -1.41594 0.361988 1.42219 -0.569399 0.138248
283 0.368582 -0.240493 -0.492783 0.170464 0.50722 -0.289825 -0.267059 0.0654039 -0.479383 0.28179 -0.956002 -0.191514 -0.648207 0.415755 -0.5055 0.196007 0.745733 -0.356523 -0.759077 0.0790403 -0.0564666 -0.195734 -0.213721 -0.125715 0.726163 0.0167776 -0.259652 -1.39922 0.349746 1.40344 -0.563121 0.117836
282 0.323365 -0.323703 -0.598182 0.212565 0.579411 -0.312107 -0.247753 0.05453 -0.517897 0.298265 -1.07057 -0.162376 -0.717897 0.465583 -0.566547 0.294883 0.806566 -0.345963 -0.760169 0.118383 -0.0740852 -0.17633 -0.244158 -0.169367 0.687319 0.0152107 -0.24964 -1.50909 0.377916 1.52809 -0.592545 0.189026
281 0.101933 -0.266102 -0.501261 0.415686 0.556798 -0.183588 -0.0888972 -0.00509216 -0.373832 0.265005 -0.960472 -0.153408 -0.643534 0.443518 -0.461394 0.099855 0.68644 -0.411751 -0.583214 0.117279 -0.0565583 -0.12935 -0.275195 -0.142077 0.725865 0.146263 -0.273292 -1.27258 0.294432 1.38326 -0.564356 0.160021
279 -0.12086 -0.174474 -0.543538 0.564676 0.641214 -0.16501 0.0114225 -0.0658008 -0.321166 0.281117 -0.877894 -0.1217 -0.598851 0.386021 -0.458693 0.0456434 0.651213 -0.47948 -0.53697 0.164366 -0.0813865 -0.0840786 -0.301158 -0.190641 0.719876 0.17901 -0.265049 -1.15522 0.28209 1.37401 -0.615692 0.199562
51 -0.126209 0.284506 0.0483648 0.284256 -0.235827 0.0759933 0.805488 -0.317271 -0.740595 0.177133 -0.151105 0.138666 -0.572042 -0.464952 -0.868938 0.00516955 -0.523357 -0.789464 -0.246228 -0.0941584 -1.20154 -0.327183 -0.0455821 -0.136897 0.517073 0.300945 0.272671 -1.14837 0.961189 1.17775 -0.254679 0.253443
52 -0.0316271 0.26888 0.00920313 0.283354 -0.250902 0.0121647 0.684542 -0.280544 -0.683401 0.242793 -0.226558 0.131086 -0.5412 -0.448554 -0.65574 -0.00611291 -0.422237 -0.700419 -0.220581 -0.0835199 -1.11817 -0.309438 -0.110333 -0.16467 0.538614 0.259391 0.223306 -1.0571 0.746153 1.03648 -0.170266 0.245693
53 0.0338791 0.288376 0.021577 0.295154 -0.280627 0.118242 0.697312 -0.310092 -0.758783 0.177696 -0.298953 0.197014 -0.60428 -0.425824 -0.664855 -0.056575 -0.379666 -0.752729 -0.2685 -0.0888479 -1.13721 -0.299898 -0.110925 -0.187533 0.60663 0.385689 0.203554 -1.21913 0.778207 1.10643 -0.0698693 0.253918
288 1.02904 0.398188 -0.097426 0.0570218 0.46101 -0.483695 -0.447401 0.284003 -0.28566 0.0712064 -0.498649 -0.715822 -0.487029 -0.277778 -0.518431 -0.0850526 0.788445 -1.10274 -0.855265 0.317146 -0.30843 -0.785111 0.171592 0.0381889 0.85825 0.234744 -0.498905 -1.0407 0.337281 0.945307 -0.682166 0.0531045
287 0.790818 0.152778 -0.25805 0.0571388 0.467974 -0.417232 -0.479461 0.298641 -0.333321 0.100711 -0.662015 -0.424027 -0.56325 -0.0563456 -0.444426 0.0109823 0.800632 -0.813425 -0.807051 0.286982 -0.270301 -0.529797 0.00528343 -0.0689932 0.783385 0.129876 -0.318155 -1.12776 0.368859 1.08545 -0.583216 0.0437669
286 0.595533 0.0943487 -0.210499 0.0691695 0.37552 -0.344679 -0.371382 0.214768 -0.293411 0.122134 -0.568737 -0.336278 -0.454763 -0.0339148 -0.379738 0.0418318 0.654293 -0.614737 -0.64496 0.196825 -0.228423 -0.432951 -0.0137588 -0.0407504 0.63384 0.0874136 -0.283885 -0.982745 0.300694 0.922327 -0.459211 0.0280396
285 0.646541 -0.015224 -0.339329 0.0523366 0.48557 -0.379547 -0.465709 0.21337 -0.435136 0.202382 -0.776582 -0.298525 -0.58896 0.097857 -0.423774 0.110263 0.776037 -0.553798 -0.80489 0.253453 -0.173853 -0.425157 -0.0642189 -0.0684413 0.623187 0.0436454 -0.291924 -1.17549 0.316706 1.13615 -0.544056 0.0651639
290 0.992542 0.495918 -0.0469182 0.149745 0.395023 -0.374291 -0.273906 0.120069 -0.167564 -0.00145209 -0.354703 -0.899568 -0.43041 -0.29933 -0.638656 -0.0892023 0.678334 -1.15076 -0.780932 0.347509 -0.194987 -0.781656 0.341406 0.156764 0.812383 0.236684 -0.585041 -0.885893 0.296767 0.808379 -0.60369 0.233065
289 0.931893 0.408064 -0.0542114 0.0509381 0.333627 -0.357158 -0.399964 0.262304 -0.232694 0.0036691 -0.400964 -0.658106 -0.422975 -0.25854 -0.453506 -0.172026 0.682389 -1.05396 -0.72365 0.270906 -0.308571 -0.711472 0.208267 0.0864816 0.806886 0.225129 -0.465004 -0.891968 0.30948 0.83334 -0.560326 0.058391
0 0.200488 0.951015 0.201994 -0.512537 -0.15261 0.0841056 0.587617 -0.0623719 0.00620697 0.341008 -0.0223528 -0.503194 0.196095 0.160687 -0.333156 0.0407179 0.224449 -0.863126 -0.471224 -0.541479 0.202784 -0.328939 0.552934 0.104873 1.32162 0.709811 -1.05422 -0.301051 -0.0627163 0.956222 -0.76687 -0.176866
299 0.222901 0.834436 0.0236623 -0.403578 -0.0747858 0.139163 0.641208 -0.293008 -0.0720167 0.414372 0.0586621 -0.723507 0.0772761 0.143172 -0.566171 0.182948 0.184408 -0.825098 -0.514514 -0.410507 0.173467 -0.514971 0.692821 0.0476206 1.32229 0.631801 -1.13805 -0.376015 -0.0876946 0.998231 -0.786388 0.126703
297 0.273805 0.752467 -0.0297498 -0.151892 -0.00496398 0.117474 0.650688 -0.583981 -0.107295 0.318404 0.0371252 -0.928693 -0.00103461 0.0991619 -0.788642 0.246786 0.193049 -0.780629 -0.539096 -0.209825 0.175398 -0.577223 0.712755 0.145991 1.21659 0.660306 -1.06625 -0.497743 -0.082131 0.864193 -0.690488 0.426689
280 -0.08395 -0.168867 -0.472012 0.535436 0.570932 -0.170802 0.0349733 -0.0229325 -0.275384 0.233076 -0.808814 -0.157384 -0.552955 0.341596 -0.411439 0.0599805 0.563827 -0.443393 -0.492648 0.146997 -0.0367543 -0.103577 -0.274023 -0.188481 0.642946 0.158287 -0.243362 -1.06218 0.266117 1.23714 -0.547622 0.176532
181 -0.31246 0.895199 -0.265231 0.522491 -0.0234541 -0.56361 0.457002 -0.698822 0.0545906 -0.203391 0.152985 -0.464446 -0.0671197 0.0738091 -0.401498 0.0602166 0.50988 -0.860746 -0.119163 -0.0100273 -0.273504 0.0999888 -0.466084 -0.0822813 0.826575 0.457458 -0.120101 -1.063 -0.10388 0.555207 -0.449367 -0.548864
180 -0.356113 0.924291 -0.278656 0.601055 -0.078486 -0.605967 0.469744 -0.765125 0.0405119 -0.23656 0.216284 -0.546238 -0.0931649 0.0977566 -0.42806 0.0257091 0.627628 -0.955804 -0.061315 0.00135487 -0.242962 0.084229 -0.501065 -0.0393174 0.825997 0.499729 -0.0927275 -1.14265 -0.176136 0.592467 -0.426911 -0.526828
179 -0.500777 0.902718 -0.299542 0.786117 -0.202377 -0.610378 0.316948 -0.837525 -0.0121877 -0.257608 0.350236 -0.596634 -0.269009 0.0800353 -0.55316 -0.110036 0.828893 -1.15653 0.0170151 -0.0637765 -0.0530433 -0.067505 -0.476277 0.0756957 0.785179 0.55375 0.0391621 -1.14869 -0.197919 0.64497 -0.298658 -0.341355
177 -0.530494 0.832685 -0.294561 0.80424 -0.200014 -0.620366 0.257926 -0.823228 -0.0693151 -0.242411 0.390643 -0.586927 -0.26055 0.107054 -0.567992 -0.138241 0.83294 -1.1479 0.0918572 -0.111882 -0.022737 -0.035241 -0.435276 0.13702 0.720197 0.549472 0.144549 -1.07992 -0.166127 0.676496 -0.270256 -0.32953
176 -0.615177 0.84188 -0.35131 0.816573 -0.186874 -0.475644 0.0495449 -0.668476 -0.014207 -0.233948 0.325316 -0.667828 -0.282979 0.0860917 -0.694645 -0.083399 0.815228 -1.05839 0.0746756 -0.185083 -0.0681568 -0.0209801 -0.334618 0.0852827 0.740726 0.55736 0.189992 -1.01388 -0.026897 0.639995 -0.266407 -0.291325
174 -0.625374 0.849843 -0.395546 0.831587 -0.0431067 -0.318905 -0.153998 -0.508211 0.0459111 -0.231629 0.230625 -0.661659 -0.235841 0.0801679 -0.749813 -0.047945 0.748387 -0.840814 0.0982149 -0.277994 -0.139256 0.0605009 -0.216604 0.0184157 0.739658 0.562128 0.212065 -0.861151 0.164984 0.577866 -0.310207 -0.278863
27 -0.158184 0.433698 0.587752 -0.970247 0.188006 -0.116951 0.215131 -0.462041 -0.0708241 -0.35011 0.317582 0.245203 -0.457759 -0.0615565 0.0839901 -0.0264979 0.259276 -0.161373 0.331323 -0.109281 -0.469871 0.161049 -0.38067 0.736245 1.4691 0.384775 -0.889829 -1.53474 -0.322964 1.15045 -0.678103 -0.162534
28 -0.0847832 0.349286 0.58476 -1.00565 0.140301 -0.123914 0.133006 -0.327538 -0.145436 -0.314641 0.37007 0.29873 -0.45399 -0.076379 0.0873371 0.0242057 0.233973 -0.123273 0.31833 -0.0805304 -0.453011 0.136722 -0.343502 0.642238 1.2837 0.272868 -0.791364 -1.47704 -0.357297 1.11008 -0.697979 -0.11232
29 -0.15322 0.435707 0.583664 -0.93228 0.122057 -0.0863922 0.123728 -0.36723 -0.138205 -0.344031 0.36111 0.303783 -0.500812 -0.0825933 0.0990066 -0.0204081 0.247297 -0.160786 0.367304 -0.0232878 -0.462298 0.120261 -0.341351 0.640611 1.34829 0.233566 -0.80026 -1.52272 -0.343596 1.11741 -0.746399 -0.130332
30 -0.0807164 0.373902 0.531967 -0.940634 0.0604162 -0.0762608 -0.00439203 -0.223194 -0.248376 -0.385918 0.473909 0.299244 -0.502516 -0.0651327 0.044574 -0.180608 0.180429 -0.291707 0.50811 0.147234 -0.374726 0.00643179 -0.266182 0.349337 1.19061 0.0505627 -0.590448 -1.46231 -0.265909 1.03706 -0.816471 -0.0116646
32 -0.143211 0.419724 0.43225 -0.827964 -0.00713753 -0.0355939 -0.0224052 -0.267779 -0.22247 -0.454953 0.492815 0.263246 -0.482496 -0.0276487 -0.0225396 -0.248987 0.192044 -0.422053 0.594663 0.220419 -0.392582 -0.0268139 -0.19958 0.23199 1.14341 0.0459661 -0.53474 -1.50587 -0.193087 1.04164 -0.820761 0.0138211
31 -0.0874895 0.371585 0.415837 -0.787743 0.0162129 -0.0630718 -0.0605139 -0.179951 -0.232994 -0.375576 0.46143 0.265641 -0.464065 -0.0504521 -0.0273658 -0.20369 0.199617 -0.332365 0.50461 0.137056 -0.344701 -0.0240092 -0.232349 0.24579 1.06277 0.0202933 -0.486878 -1.37604 -0.216052 0.972468 -0.769524 -0.0200261
242 -0.18449 -0.174303 -0.00466983 0.504582 -0.589827 0.0947184 0.682967 0.129225 0.488249 0.0317798 -0.552316 0.393313 -0.288413 -0.29131 0.0600538 -0.144218 0.750162 -0.966678 0.299432 0.0854707 -0.236869 0.0228031 0.133516 -0.285795 1.69813 -0.360599 0.338923 -1.24283 -0.173878 1.08483 -0.0880113 -0.838863
240 -0.00864689 -0.0749572 0.0245876 0.55749 -0.542197 0.134478 0.663429 0.0924168 0.628161 -0.0577 -0.459739 0.276431 -0.243692 -0.296274 0.00233372 -0.153604 0.68431 -0.893481 0.310811 0.0820941 -0.317988 -0.00730805 0.091262 -0.264062 1.76751 -0.452548 0.321979 -1.17812 -0.044402 0.838339 -0.014273 -0.790364
239 0.234093 0.156984 -0.0147522 0.699363 -0.420798 0.303196 0.609192 -0.0594476 0.767616 -0.116945 -0.396011 0.0459501 -0.254422 -0.223873 -0.23733 -0.240795 0.507522 -0.788014 0.265104 0.033617 -0.385729 -0.0245689 0.0219401 -0.17046 1.86386 -0.473224 0.323345 -1.0788 0.0800265 0.479521 0.0370953 -0.654935
243 -0.322186 -0.209647 -0.017088 0.412161 -0.579966 0.00450008 0.60251 0.103138 0.413387 0.0708927 -0.535705 0.487556 -0.22979 -0.300889 0.145707 -0.309179 0.85932 -0.922868 0.19199 -0.0228036 -0.287211 0.0831418 0.15787 -0.27916 1.58271 -0.232431 0.256984 -1.28755 -0.23661 1.25635 -0.198964 -0.900562
60 -0.00161839 0.078841 0.136137 0.501985 -0.313541 0.399196 -0.206138 0.112601 -0.391433 -0.0267883 -0.701928 -0.216744 -0.752119 0.576453 0.0521739 -0.615667 0.148028 -0.759774 -0.223177 -0.295844 -0.763387 -0.320848 0.138538 0.188426 0.855472 0.437675 -0.31318 -1.17016 0.495862 0.815333 0.0282607 0.0750498
62 -0.0946162 0.0987289 0.141792 0.63049 -0.259196 0.418265 -0.351251 0.26167 -0.267617 -0.047252 -0.697651 -0.395376 -0.783522 0.784076 0.0656974 -0.668203 0.137472 -0.908889 -0.129064 -0.333846 -0.661168 -0.315922 0.193314 0.328574 0.968418 0.376067 -0.380468 -1.21771 0.506921 1.01254 -0.0943008 -0.0637233
61 -0.0279487 0.0649435 0.106918 0.525632 -0.252807 0.36624 -0.236867 0.165151 -0.300965 -0.0175899 -0.624615 -0.249396 -0.67347 0.576746 0.0649235 -0.560778 0.145974 -0.713335 -0.17065 -0.285117 -0.614494 -0.273713 0.141467 0.221254 0.766908 0.317622 -0.290104 -1.05329 0.435785 0.77752 0.00362788 0.00585482
59 0.167268 0.232424 0.0306816 0.472829 -0.355291 0.344634 0.224921 -0.255491 -0.654425 -0.0102004 -0.80854 0.0635302 -0.790959 0.0916507 -0.0165779 -0.335842 0.218469 -0.67365 -0.537866 -0.214514 -1.01397 -0.265566 -0.0823151 -0.153569 0.860364 0.682647 -0.2226 -1.39599 0.537818 0.775114 0.258212 0.317697
278 -0.21497 -0.077513 -0.447337 0.550053 0.572582 -0.101053 0.088802 -0.111483 -0.20153 0.253139 -0.7113 -0.108206 -0.46981 0.345385 -0.381865 -0.0335052 0.515066 -0.55851 -0.382427 0.165715 -0.088107 -0.0188355 -0.240247 -0.191637 0.692024 0.215831 -0.172593 -0.963275 0.263176 1.20937 -0.58052 0.128034
276 -0.455961 0.105896 -0.410407 0.661286 0.665868 -0.0314056 0.186457 -0.184042 -0.046221 0.271036 -0.490424 -0.0442891 -0.311502 0.287465 -0.401743 -0.0462367 0.345251 -0.764148 -0.192771 0.243746 -0.123112 0.0438474 -0.210148 -0.234461 0.778167 0.336675 -0.0819052 -0.751246 0.240555 1.20787 -0.657376 0.0692977
275 -0.824344 0.321055 -0.41261 0.807878 0.86162 0.0679926 0.341323 -0.342929 0.139914 0.368807 -0.330383 -0.0250195 -0.176469 0.3159 -0.429994 -0.106508 0.183746 -1.11575 0.101764 0.414387 -0.138806 0.133058 -0.13949 -0.314461 0.912018 0.492379 -0.00650966 -0.523161 0.237402 1.33784 -0.890116 0.0202793
146 -0.453853 -1.12161 0.185186 -0.439612 -0.616208 -0.172786 0.614192 -0.169841 0.108157 -0.409283 -0.15161 0.102078 -0.22828 0.297202 -0.800569 0.176421 0.583251 -0.879969 0.535974 -0.140757 0.129562 -0.783616 0.110382 0.25858 1.11033 1.07201 -0.347106 -0.775398 -0.160155 1.33157 -0.223718 -0.150145
144 -0.437628 -1.08822 0.198114 -0.354177 -0.646487 -0.218765 0.570598 -0.136212 0.0691884 -0.360097 -0.117206 0.090229 -0.236453 0.248219 -0.845791 0.071808 0.570931 -0.820608 0.445872 -0.108216 0.167991 -0.77361 0.0999589 0.278599 1.05847 1.13498 -0.315583 -0.691744 -0.0579468 1.27214 -0.166354 -0.190918
143 -0.433183 -0.727458 0.233454 -0.0362601 -0.451425 -0.271937 0.277165 -0.142867 0.0128571 -0.149242 -0.13763 0.0339255 -0.196406 0.19246 -0.678176 -0.0558706 0.583873 -0.660038 0.320484 0.0010935 0.173462 -0.576763 0.0513247 0.134143 1.08649 1.09604 -0.394737 -0.735181 0.0841714 1.01636 -0.243301 -0.202238
141 -0.432571 -0.507524 0.388258 0.321064 -0.387329 -0.323148 0.0338977 -0.194781 -0.0469393 0.0510398 -0.126023 0.0570479 -0.236132 0.139258 -0.509494 -0.195083 0.694513 -0.497038 0.237649 0.0569545 0.266524 -0.412963 0.0144685 0.0501194 1.09177 1.14243 -0.594558 -0.747651 0.228331 0.901367 -0.252609 -0.277337
140 -0.475518 -0.557032 0.543299 0.621725 -0.352735 -0.464303 -0.171017 -0.225421 -0.148245 0.200229 -0.0400022 0.120295 -0.241114 0.162313 -0.46075 -0.342451 0.817337 -0.316462 0.269143 0.10481 0.43263 -0.379362 -0.00637844 -0.089679 1.16307 1.31058 -0.794108 -0.729069 0.379197 0.881699 -0.319869 -0.364133
138 -0.404805 -0.510988 0.574196 0.753913 -0.27147 -0.446101 -0.281366 -0.258946 -0.183618 0.288951 -0.0420408 0.116858 -0.264728 0.153486 -0.462076 -0.460903 0.853816 -0.251402 0.285356 0.0841515 0.425624 -0.356677 -0.0451627 -0.165995 1.23847 1.32623 -0.808262 -0.751515 0.44034 0.906794 -0.318633 -0.365337
139 -0.467934 -0.387271 0.530102 0.640164 -0.337009 -0.407348 -0.185134 -0.205629 -0.127563 0.250939 -0.0484947 0.0860069 -0.217972 0.134968 -0.402843 -0.347348 0.782055 -0.297136 0.195354 0.127954 0.39729 -0.350486 -0.0197088 -0.0500026 1.11022 1.23552 -0.782852 -0.699829 0.409157 0.787162 -0.279892 -0.314757
245 -0.356906 -0.229903 -0.0230949 0.382587 -0.52671 0.0388385 0.577918 0.0728929 0.381657 0.0538937 -0.5696 0.511003 -0.213523 -0.279513 0.149484 -0.282367 0.83281 -0.903289 0.219383 -0.053893 -0.284251 0.0487446 0.139563 -0.245266 1.5277 -0.169188 0.213574 -1.25045 -0.276712 1.26611 -0.234877 -0.877151
244 -0.313078 -0.212461 -0.0260506 0.350464 -0.486519 0.0393249 0.547941 0.110531 0.359827 0.0825032 -0.543024 0.450703 -0.199068 -0.237069 0.162366 -0.286911 0.770143 -0.78203 0.182619 -0.0624856 -0.28073 0.0786957 0.15718 -0.252618 1.38263 -0.157689 0.203941 -1.12274 -0.252412 1.12144 -0.202596 -0.797192
142 -0.365284 -0.286747 0.249034 0.225022 -0.257431 -0.189904 0.0781723 -0.186859 0.0215162 -0.0100444 -0.157624 0.0247988 -0.212702 0.077532 -0.551391 -0.148999 0.549357 -0.533159 0.18864 -0.0153693 0.102164 -0.338781 0.012554 0.0537427 1.08029 0.922878 -0.424275 -0.823819 0.178427 0.902809 -0.285832 -0.223394
254 -0.0526636 -0.726928 0.015667 0.101887 -0.0410752 -0.0765236 -0.00628458 -0.0626968 0.292244 -0.381206 0.0137894 0.184915 -0.0861647 -0.20707 -0.104709 -0.873392 0.670545 -0.447523 -0.262028 -0.409743 -0.220132 0.144155 0.198963 -0.0111713 0.852781 0.482514 0.0235259 -1.83587 0.130769 0.694988 -0.0843673 -0.264272
252 -0.0267597 -0.610492 -0.181958 0.237002 -0.114469 0.014255 -0.164243 -0.518597 0.393692 -0.456987 0.174732 0.417178 -0.145529 -0.136247 -0.060919 -0.916379 0.767519 -0.476462 -0.274708 -0.374907 -0.436433 -0.0183989 0.0416448 0.0183644 1.05449 0.437116 -0.0579551 -1.65008 0.156671 0.985375 0.00347611 -0.409423
253 -0.0249149 -0.564598 -0.0892306 0.156816 -0.101881 -0.0175961 -0.0698951 -0.257593 0.296188 -0.363508 0.0480273 0.240564 -0.127826 -0.142243 -0.0729994 -0.758822 0.641411 -0.428409 -0.218383 -0.33295 -0.292795 0.0569952 0.112931 0.0143341 0.878991 0.397895 0.00248279 -1.52562 0.117928 0.735506 -0.0389449 -0.309363
112 0.238312 0.213089 -0.468734 -0.0516015 -0.0237894 0.619025 -0.312192 -0.198985 0.00422795 -0.058585 -0.553623 0.11075 -0.0686874 -0.071664 -0.919836 0.0997604 0.0578957 -1.10265 0.321459 0.0305398 -0.551237 -0.134334 0.123579 -0.0493858 0.839914 0.764681 0.235585 -0.562981 0.241788 0.419505 -0.0859591 0.411263
113 0.275166 0.34839 -0.511355 -0.0997034 -0.0844339 0.638834 -0.292233 -0.269964 -0.0266461 -0.0895609 -0.567602 0.151324 -0.0482402 -0.103813 -1.1131 0.100808 0.018541 -1.30456 0.27903 0.00790824 -0.567382 -0.122282 0.10484 -0.0513994 1.05053 0.807017 0.244912 -0.580927 0.331622 0.384866 -0.157479 0.529047
114 0.293103 0.491371 -0.536828 -0.206886 -0.197685 0.630831 -0.23644 -0.345143 -0.159282 -0.132878 -0.489647 0.217245 0.0333638 -0.10037 -1.25555 0.0384143 -0.104122 -1.49839 0.150389 0.0202179 -0.547118 -0.0375852 0.108192 -0.114832 1.29583 0.80884 0.185964 -0.572254 0.483597 0.255816 -0.268491 0.631557
115 0.287673 0.488911 -0.466545 -0.210222 -0.237302 0.537059 -0.194356 -0.326325 -0.177352 -0.162806 -0.385072 0.294507 0.0688511 -0.0976757 -1.20658 0.0389353 -0.12983 -1.35902 0.0929961 0.0595692 -0.451694 0.0166466 0.118946 -0.100841 1.1891 0.725749 0.228893 -0.48015 0.447969 0.115307 -0.252615 0.599175
116 0.253955 0.545661 -0.509817 -0.224046 -0.262096 0.523502 -0.178624 -0.35684 -0.217753 -0.154453 -0.48541 0.337427 0.0869719 -0.0969561 -1.29626 0.00582666 -0.143186 -1.42569 -0.00534181 0.0625947 -0.415589 0.00537621 0.0990712 -0.0838453 1.35554 0.871374 0.198565 -0.545508 0.435872 0.210352 -0.330595 0.573401
117 0.182931 0.514527 -0.464461 -0.21333 -0.304796 0.3257 -0.0210243 -0.492868 -0.299354 -0.206619 -0.477322 0.475506 0.131551 -0.0209915 -1.18085 -0.0548479 -0.143206 -1.20902 -0.243943 0.269396 -0.229714 -0.0362517 0.0867545 -0.03986 1.30927 1.07839 0.269847 -0.463706 0.323378 0.282625 -0.436579 0.31569
118 0.15142 0.505757 -0.461999 -0.164521 -0.323295 0.320276 -0.0313879 -0.505479 -0.322983 -0.197569 -0.466642 0.533534 0.108658 -0.0514206 -1.13393 -0.0687735 -0.151436 -1.10464 -0.284948 0.293442 -0.225135 0.00115655 0.0689454 -0.0613278 1.20649 1.03212 0.290791 -0.356177 0.314032 0.221687 -0.395843 0.310149
119 0.167939 0.550096 -0.480969 -0.15274 -0.327678 0.309665 0.00379221 -0.54259 -0.325816 -0.211066 -0.571373 0.566357 0.122622 -0.0310267 -1.22656 -0.0920209 -0.114175 -1.15074 -0.358238 0.31027 -0.173515 -0.0903062 0.079831 -0.0261193 1.34878 1.26069 0.337185 -0.429318 0.21627 0.361261 -0.477402 0.193905
120 0.165083 0.538342 -0.502422 -0.121615 -0.299225 0.211116 0.0591109 -0.597746 -0.3444 -0.223182 -0.608358 0.624993 0.0588058 0.0510912 -1.09927 -0.214785 -0.0280981 -0.916723 -0.480768 0.437932 -0.113513 -0.160864 0.104518 0.0995997 1.27188 1.46726 0.434099 -0.392506 0.0129083 0.466966 -0.580904 -0.194506
298 0.269171 0.743962 -0.00934451 -0.306394 -0.0403447 0.11585 0.598879 -0.371621 -0.0978473 0.372315 0.113424 -0.76465 0.0602167 0.0957722 -0.548875 0.247007 0.154451 -0.672945 -0.521628 -0.324664 0.179725 -0.488853 0.618521 0.0685387 1.14498 0.517775 -1.0816 -0.35405 -0.129415 0.791771 -0.672008 0.251141
296 0.304428 0.657772 0.0235473 0.0319965 0.0223203 0.0615193 0.642403 -0.648987 -0.107196 0.230175 -0.0056561 -1.02336 0.0431365 0.130838 -0.931339 0.256096 0.128933 -0.807019 -0.521403 -0.0903531 0.232961 -0.568965 0.63451 0.179919 1.06336 0.600883 -0.985152 -0.490304 -0.0128664 0.721799 -0.568217 0.599665
295 0.278647 0.507505 -0.0286656 0.130279 0.0465795 0.0325209 0.552504 -0.632665 -0.0892569 0.185369 -0.0709291 -0.924722 0.0268495 0.119576 -0.872099 0.263431 0.141938 -0.698495 -0.407667 -0.00722935 0.20967 -0.49034 0.494608 0.204856 0.884307 0.523154 -0.785718 -0.485767 0.0364338 0.560071 -0.481272 0.587057
294 0.372254 0.618595 0.00765018 0.213255 0.108072 -0.00732047 0.575426 -0.712261 -0.0829696 0.208268 -0.136097 -1.09901 -0.0354322 0.0641735 -0.992626 0.25936 0.184577 -0.8371 -0.509326 -0.010126 0.167884 -0.598284 0.579527 0.268085 1.01807 0.603328 -0.930353 -0.583118 0.0588038 0.687239 -0.534258 0.652583
293 0.6305 0.5906 0.0208589 0.269743 0.210101 -0.177985 0.355212 -0.490126 -0.142874 0.0690938 -0.186546 -1.15648 -0.163247 -0.0869891 -1.03166 0.128824 0.346155 -1.02354 -0.607787 0.164265 0.0923443 -0.691466 0.520748 0.260457 0.888923 0.498933 -0.814183 -0.725773 0.191501 0.68963 -0.576675 0.60228
205 0.128054 0.321142 0.167926 -0.291708 -0.241839 -0.716243 -0.518064 0.416544 0.264795 -0.401402 0.0508545 -0.0980321 0.400921 -0.746397 -0.819498 0.425288 0.0929941 -0.797872 0.124501 -0.730849 -0.721758 -0.599288 -0.216227 -0.26641 1.10756 0.737908 -0.248471 -1.07051 0.0875861 0.798034 -0.215283 0.144568
204 0.0976186 0.371189 0.168443 -0.284594 -0.218526 -0.777075 -0.550694 0.389392 0.325379 -0.414219 0.0498865 -0.170439 0.388185 -0.776567 -0.944338 0.455075 0.150127 -0.912723 0.166489 -0.773114 -0.718574 -0.665779 -0.201296 -0.28 1.29006 0.819788 -0.25599 -1.17168 0.0925841 0.927314 -0.314436 0.13083
203 0.110734 0.329014 0.071831 -0.199053 -0.252726 -0.610942 -0.48807 0.243918 0.300042 -0.436626 -0.0195208 -0.173868 0.263951 -0.67049 -0.8425 0.273512 0.121157 -0.83257 0.205666 -0.656322 -0.639559 -0.508623 -0.129403 -0.238851 1.16652 0.603071 -0.161267 -0.999374 0.124011 0.767962 -0.203574 0.0911141
206 0.0397089 0.384802 0.125352 -0.249702 -0.228536 -0.78393 -0.574106 0.418536 0.310252 -0.421564 0.0518396 -0.134871 0.373094 -0.773436 -0.912768 0.462803 0.158095 -0.88213 0.186943 -0.799203 -0.768402 -0.694321 -0.22532 -0.199524 1.23087 0.768456 -0.227895 -1.19255 0.0909604 0.878477 -0.207414 0.276615
207 -0.137359 0.511523 0.151388 -0.163232 -0.00164035 -0.833967 -0.481792 0.400401 0.296177 -0.23622 0.0520324 -0.106048 0.32396 -0.670013 -0.914997 0.494065 0.239561 -0.856026 0.179573 -0.766645 -0.703125 -0.80499 -0.273392 -0.0134871 1.30336 0.819636 -0.242269 -1.23108 0.0826509 0.844403 -0.246891 0.517355
208 -0.193212 0.459123 0.16187 -0.136953 -0.0184019 -0.838572 -0.456209 0.421086 0.247628 -0.251237 0.075187 -0.0615595 0.343443 -0.638098 -0.797353 0.519456 0.167288 -0.730168 0.191744 -0.734535 -0.645826 -0.773123 -0.270739 0.0402918 1.09377 0.650316 -0.171484 -1.03254 0.0027396 0.670539 -0.0963726 0.624051
232 -0.20095 0.142573 0.0595031 0.435053 -0.159961 0.377919 0.623072 -0.590794 0.465084 0.55845 -0.587262 0.00227408 -0.273189 -0.219419 -0.668695 -0.339573 0.371622 -0.291304 0.0936623 -0.285856 -0.862811 -0.0416409 -0.0738133 0.0303691 1.21953 0.158581 -0.0768233 -0.804684 0.149694 0.10173 -0.583989 -0.0280555
231 -0.241624 0.107946 0.0375367 0.406348 -0.183044 0.39855 0.726494 -0.634694 0.498867 0.64319 -0.675261 -0.0236784 -0.284087 -0.202177 -0.73732 -0.359087 0.3927 -0.318736 0.091065 -0.331887 -0.942745 -0.10927 -0.144993 0.0594609 1.3516 0.166357 -0.103508 -0.892139 0.178006 0.0134803 -0.643277 -0.00122979
233 -0.132691 0.166021 0.0619141 0.514828 -0.194915 0.431422 0.704757 -0.538266 0.625347 0.533554 -0.635859 -0.0208322 -0.281391 -0.228388 -0.719913 -0.389852 0.419356 -0.353277 0.163739 -0.3342 -0.909628 -0.083136 -0.0981647 0.00466142 1.50462 0.0228147 -0.0624507 -0.937614 0.170501 0.062811 -0.602153 -0.108007
230 -0.559893 0.0223894 -0.00659454 0.26688 -0.129389 0.456338 0.690574 -0.669332 0.332503 0.682147 -0.636356 -0.115312 -0.236303 -0.143214 -0.764377 -0.21386 0.21844 -0.361444 0.0134186 -0.361122 -0.730804 -0.254596 -0.276808 0.267207 1.09276 0.384189 -0.392177 -0.955935 0.133192 0.0340736 -0.632369 0.0123199
229 -0.618987 -0.0124968 -0.0357247 0.191375 -0.178106 0.524696 0.606925 -0.599666 0.216248 0.612441 -0.571758 -0.141211 -0.193586 -0.0661693 -0.723964 -0.161644 0.127373 -0.39216 -0.00407138 -0.326538 -0.58305 -0.348303 -0.332555 0.350868 1.05698 0.415681 -0.486418 -0.960199 0.145666 0.0169094 -0.530484 -0.0261284
228 -0.665198 -0.0153055 -0.0425578 0.218192 -0.210455 0.611768 0.721181 -0.622659 0.22686 0.714865 -0.611461 -0.202384 -0.158183 -0.0180617 -0.846686 -0.133637 0.0851041 -0.527124 -0.0864622 -0.336706 -0.628148 -0.497338 -0.432234 0.497897 1.22327 0.483728 -0.598705 -1.17209 0.146167 -0.00976624 -0.60561 -0.060598
34 -0.357512 0.416777 0.119007 -0.185028 -0.0364161 0.0760136 0.0375154 -0.399336 0.0764951 -0.431935 0.171622 -0.00556751 -0.296445 -0.00163962 -0.316974 -0.31551 0.212388 -0.576014 0.476298 0.178849 -0.394918 -0.0441891 0.0687196 0.0480549 1.0257 0.311571 -0.305244 -1.20408 0.212979 0.750514 -0.480797 0.0283178
33 -0.330719 0.477311 0.257696 -0.487223 -0.0643326 0.0542866 0.00691641 -0.418875 -0.043064 -0.557556 0.405963 0.137922 -0.401286 -0.0147954 -0.149617 -0.402032 0.182876 -0.4939 0.602503 0.273769 -0.43922 -0.017343 -0.0104471 0.0839488 1.063 0.120384 -0.386261 -1.37282 0.108374 0.780639 -0.629995 0.0414888
248 -0.0912711 -0.390083 -0.195826 0.351518 -0.222756 0.0354807 0.0180997 -0.505373 0.400731 -0.268514 0.016054 0.500489 -0.133098 -0.103456 -0.0485337 -0.651468 0.729656 -0.604807 -0.063946 -0.255386 -0.505666 -0.0235946 -0.0215333 -0.0252276 1.17509 0.223287 -0.0565861 -1.09398 0.0181506 1.12852 -0.101151 -0.577301
246 -0.223795 -0.293234 -0.107729 0.379397 -0.410587 0.0240631 0.311081 -0.209792 0.418142 -0.105438 -0.278361 0.528942 -0.170434 -0.18767 0.110601 -0.474116 0.800333 -0.695933 0.0526966 -0.137624 -0.411888 0.0272564 0.0677858 -0.153137 1.29278 -0.0359576 0.113505 -1.08169 -0.15898 1.1173 -0.126934 -0.771629
247 -0.130945 -0.184981 -0.119781 0.281964 -0.147212 0.0334695 0.0219819 -0.348697 0.297195 -0.182874 -0.0780335 0.310991 -0.118175 -0.0909797 -0.153627 -0.435066 0.557967 -0.537576 -0.0136631 -0.18023 -0.348431 -0.0362706 -0.00817148 -0.0129421 1.03999 0.280172 -0.0857735 -0.980449 0.0278011 0.915997 -0.16828 -0.439928
241 -0.0906103 -0.170444 0.0104399 0.48826 -0.549643 0.0746931 0.604595 0.122154 0.492707 0.0528162 -0.457284 0.346683 -0.261159 -0.278395 0.0693286 -0.155684 0.683783 -0.86423 0.279102 0.0886137 -0.249497 0.0195164 0.0883177 -0.263638 1.60014 -0.409619 0.332775 -1.12613 -0.0954682 0.901151 -0.0519399 -0.807684
110 0.237096 -0.076976 -0.421509 0.202127 0.112288 0.70001 -0.446058 -0.245779 0.252005 0.0116741 -0.823741 -0.0205515 -0.279368 -0.10852 -0.764142 0.329013 0.252254 -0.917338 0.696866 0.150072 -0.655349 -0.348806 0.205181 0.0329668 0.584213 1.02076 0.365462 -0.766336 0.0994064 0.893536 0.0721499 0.304875
108 0.239931 -0.179125 -0.35691 0.315535 0.167473 0.66114 -0.47139 -0.282128 0.399746 0.0649968 -0.850607 -0.0162905 -0.374594 -0.124663 -0.665918 0.387449 0.35117 -0.873136 0.781819 0.206634 -0.634551 -0.373932 0.20696 0.0474853 0.530979 1.08642 0.308324 -0.880118 0.0688929 1.08285 0.0847429 0.214084
109 0.194239 -0.146914 -0.338166 0.245786 0.147054 0.607051 -0.421014 -0.229756 0.326638 0.0473395 -0.760921 -0.054499 -0.308456 -0.100363 -0.569278 0.323076 0.275203 -0.775449 0.666682 0.163805 -0.597113 -0.383094 0.184763 0.0476308 0.490721 0.946075 0.311466 -0.796564 0.0429946 0.915695 0.0265662 0.195135
106 0.0851963 -0.110608 -0.064164 0.567406 0.0521671 0.457559 -0.28869 -0.506352 0.573874 0.0790506 -0.727405 -0.0417262 -0.467112 -0.184392 -0.45851 0.453468 0.484512 -0.651048 0.709585 0.31827 -0.462254 -0.283378 0.327002 0.109771 0.409206 0.988074 0.0978979 -0.903105 0.074696 1.25026 0.090736 0.0669225
1 0.132405 0.975103 0.327268 -0.427401 -0.132413 0.0290722 0.445104 0.061056 0.0617618 0.246277 -0.0982079 -0.302619 0.216664 0.152862 -0.22664 -0.0762643 0.183046 -0.757813 -0.376613 -0.54315 0.223397 -0.176775 0.436828 0.13409 1.18825 0.687129 -0.882847 -0.174903 -0.00299841 0.835577 -0.652516 -0.306924
2 0.0964515 1.12227 0.447767 -0.470974 -0.129731 -0.00620182 0.448559 0.133407 0.125452 0.289137 -0.178067 -0.29854 0.280808 0.171623 -0.226808 -0.174888 0.235193 -0.85624 -0.408414 -0.632101 0.23731 -0.170118 0.413806 0.17452 1.37888 0.802708 -0.921273 -0.194135 0.0252019 0.885262 -0.728271 -0.448445
265 -0.626665 0.261008 -0.372165 0.287864 0.622003 -0.185273 -0.0491361 -0.248104 0.124588 0.446533 -0.907117 -0.324921 0.00362011 0.231131 0.114127 0.277682 0.268884 -0.950061 0.491711 0.193916 -0.275837 -0.524648 0.269617 -0.102774 1.29491 0.486734 0.164685 -0.541894 0.163264 0.278073 -1.26407 -0.173361
266 -0.737827 0.277585 -0.420478 0.29416 0.70346 -0.159837 -0.0153042 -0.299393 0.14593 0.556362 -1.07527 -0.409992 -0.0316463 0.272848 0.0841609 0.296754 0.32396 -1.13649 0.555063 0.26757 -0.361311 -0.625936 0.310846 -0.0781057 1.55243 0.595539 0.120652 -0.736317 0.225215 0.347383 -1.46208 -0.174262
267 -0.746634 0.422773 -0.368767 0.360655 0.70436 -0.155678 -0.0421143 -0.380175 0.0837939 0.536385 -1.01332 -0.332151 -0.0423306 0.254344 -0.00750854 0.305201 0.351344 -1.18264 0.541459 0.32343 -0.409425 -0.593423 0.227492 -0.0546929 1.558 0.640564 0.14559 -0.629944 0.277546 0.424543 -1.42657 -0.180249
268 -0.812385 0.483148 -0.298037 0.403803 0.729289 -0.164413 -0.0196952 -0.409148 0.0978671 0.536768 -0.887466 -0.318069 -0.0531911 0.243975 -0.0515549 0.281659 0.351678 -1.17535 0.504402 0.375881 -0.37691 -0.531937 0.121793 -0.0851732 1.43546 0.62715 0.153061 -0.479697 0.253289 0.388769 -1.33589 -0.15153
269 -0.871878 0.543428 -0.314836 0.426147 0.760882 -0.139678 -0.0309544 -0.437461 0.120657 0.559328 -0.987523 -0.355965 -0.0665654 0.217222 -0.128486 0.289207 0.393491 -1.25974 0.519627 0.370631 -0.418932 -0.556839 0.161545 -0.0722133 1.5855 0.703754 0.124918 -0.608106 0.285785 0.491643 -1.42685 -0.158384
45 -0.400916 0.221432 -0.00565777 0.0494099 0.037829 0.340049 0.471035 -0.519111 0.000194821 -0.542853 0.239946 -0.131476 -0.345697 -0.316738 -1.04961 -0.401897 -0.301237 -0.776599 0.139371 0.176959 -0.506148 -0.0858695 0.738546 0.0644721 0.493727 0.38309 0.398946 -0.856543 0.942926 1.11455 -0.537318 0.112253
215 -0.363836 0.179341 0.155587 0.284887 0.197534 -0.159279 0.0777206 -0.238393 0.699817 -0.284634 -0.0848323 0.0143949 -0.43857 -0.131998 -1.31988 0.479769 -0.00368078 -0.693625 0.0734275 -0.285273 -0.0579559 -0.295338 -0.502491 0.69299 1.23025 -0.0134809 -0.583946 -0.996868 0.117065 0.423841 -0.303269 0.508991
214 -0.332536 0.309507 0.113749 0.17877 0.121752 -0.2056 -0.0387993 -0.089688 0.429687 -0.207522 -0.110476 -0.0650369 -0.159295 -0.190832 -0.941232 0.295152 0.137122 -0.667215 0.11695 -0.337644 -0.2026 -0.329634 -0.289935 0.315572 1.1338 0.304659 -0.385519 -0.951375 0.109526 0.575144 -0.237154 0.331576
213 -0.345749 0.372309 0.187766 0.192627 0.205039 -0.36498 -0.0987406 -0.0503353 0.601368 -0.275235 -0.0497467 -0.0286674 -0.201513 -0.266013 -1.2075 0.51381 0.0803479 -0.729976 0.0938772 -0.450531 -0.201666 -0.454408 -0.436016 0.468666 1.22652 0.190281 -0.459754 -0.997736 0.098917 0.523261 -0.229327 0.570038
212 -0.350842 0.592042 0.164848 0.039483 0.188085 -0.665294 -0.293145 0.166065 0.496324 -0.263084 0.00141545 -0.107491 0.100115 -0.418199 -1.04368 0.474432 0.175797 -0.80989 0.173377 -0.642062 -0.40703 -0.66589 -0.352853 0.199392 1.22288 0.477842 -0.298828 -0.997816 0.108055 0.678324 -0.126659 0.650211
211 -0.296693 0.581975 0.155927 0.00468582 0.149506 -0.636284 -0.273314 0.174717 0.448521 -0.255171 -0.00875655 -0.0929861 0.11937 -0.409135 -0.960482 0.46595 0.169631 -0.795248 0.160212 -0.631807 -0.403519 -0.665921 -0.295486 0.143091 1.16531 0.511758 -0.268688 -0.976337 0.106261 0.671611 -0.105419 0.600711
210 -0.324768 0.638729 0.201587 -0.0324652 0.154621 -0.751773 -0.345 0.272532 0.412588 -0.26466 0.0166778 -0.0905399 0.214393 -0.539434 -1.02301 0.517291 0.194995 -0.849707 0.16593 -0.730763 -0.514938 -0.770857 -0.305704 0.110249 1.26947 0.641857 -0.265532 -1.11384 0.088848 0.755479 -0.126596 0.703616
187 -0.447956 0.772723 0.0483996 0.287561 -0.249295 -0.151165 0.0368348 -0.0219133 -0.0281226 -0.0654468 -0.545852 -0.68775 0.380619 -0.124076 -0.366068 0.0276158 0.160532 -0.527751 0.0916282 -0.438585 -0.438744 0.457083 0.0648736 -0.147452 1.0642 0.41303 0.0278458 -0.804274 -0.153744 0.564431 -0.239597 -0.327595
192 -0.511934 0.493416 0.0570737 -0.00480329 -0.465169 0.0794393 -0.318527 0.373753 0.011182 -0.270895 -0.690629 -0.653805 0.349742 -0.380071 -0.465528 -0.104528 0.191132 -0.570238 0.359032 -0.701053 -0.484652 0.384663 0.548109 0.0536308 1.31042 0.567348 0.309988 -1.14236 -0.141818 0.733017 0.195478 0.156739
194 -0.406194 0.391726 -0.0102509 -0.100222 -0.434966 0.0693408 -0.320295 0.341457 0.10354 -0.402532 -0.627513 -0.574354 0.255171 -0.461284 -0.463953 -0.0942181 0.210044 -0.564254 0.359559 -0.641701 -0.482205 0.314483 0.589008 0.0900976 1.21413 0.542285 0.345551 -1.20333 -0.0683144 0.698366 0.256173 0.228158
193 -0.366886 0.401682 -0.00926775 -0.112555 -0.435337 0.0714497 -0.333891 0.350581 0.0858001 -0.369718 -0.568482 -0.565027 0.253037 -0.436522 -0.426338 -0.072949 0.182471 -0.492118 0.350319 -0.642808 -0.449383 0.315632 0.521539 0.101755 1.14385 0.516408 0.34164 -1.09234 -0.0861082 0.628207 0.255629 0.219443
209 -0.224278 0.529308 0.168756 -0.112863 0.00981707 -0.829455 -0.446245 0.406667 0.273398 -0.220355 0.0719954 -0.0765769 0.297752 -0.620062 -0.910192 0.537756 0.212166 -0.862744 0.167372 -0.748401 -0.624454 -0.825435 -0.309987 0.0562182 1.28197 0.725612 -0.246117 -1.15638 0.0385262 0.802334 -0.153428 0.631422
153 -0.306301 -0.3486 0.352189 0.143567 0.182186 0.42444 0.192461 0.192306 -0.196812 -0.919808 -0.15024 -0.0927782 0.104124 0.343363 -0.276445 0.874887 -0.152642 -0.718758 0.750767 -0.0842737 -0.0192962 0.497394 -0.0880001 0.00327524 1.1467 0.844517 -0.866189 -1.0607 -0.386569 1.03373 -0.206256 -0.0519411
154 -0.303697 -0.192562 0.379542 0.27253 0.295839 0.450458 0.0978779 0.254882 -0.161123 -0.925889 -0.0794178 -0.165855 0.116669 0.289073 -0.225163 0.846707 -0.213247 -0.692554 0.672896 0.00580604 0.00522661 0.598036 -0.144744 -0.0341806 1.07871 0.753492 -0.860579 -0.995768 -0.332627 0.863638 -0.201878 -0.0171364
184 -0.0804382 1.00867 -0.366984 0.290762 -0.0264186 -0.595406 0.621434 -0.542391 0.137642 -0.212165 -0.119923 -0.574729 0.124594 0.0958292 -0.353642 0.247074 0.27028 -0.657507 -0.366363 -0.0298331 -0.548709 0.386911 -0.471295 -0.350334 1.01365 0.315957 -0.146075 -1.07229 0.00671871 0.517151 -0.588525 -0.846944
183 -0.133032 1.13345 -0.387922 0.375649 -0.0391932 -0.66131 0.665548 -0.613901 0.138533 -0.239162 -0.0719692 -0.658704 0.133941 0.112191 -0.385622 0.284452 0.322148 -0.765772 -0.349684 -0.0322324 -0.58463 0.403358 -0.505885 -0.338139 1.08412 0.386676 -0.211437 -1.2244 -0.0459357 0.576873 -0.622334 -0.885989
292 0.641065 0.463157 -0.0306401 0.251607 0.278436 -0.216117 0.127888 -0.30159 -0.113158 0.0530873 -0.204125 -0.945018 -0.227362 -0.184453 -0.866576 0.0687798 0.355969 -0.944716 -0.521383 0.20292 0.0203355 -0.632858 0.381056 0.209283 0.709213 0.324533 -0.627008 -0.704663 0.199514 0.620828 -0.50087 0.514212
291 0.878313 0.551366 -0.0271562 0.245149 0.363428 -0.309975 0.0263882 -0.195555 -0.161971 0.0708214 -0.294117 -1.10414 -0.335284 -0.228562 -0.867731 0.0113174 0.52336 -1.12749 -0.711809 0.295901 -0.0302352 -0.810215 0.458427 0.266463 0.833613 0.377598 -0.734465 -0.840074 0.23291 0.759787 -0.613264 0.470368
54 0.169003 0.261539 0.018867 0.348394 -0.393294 0.166964 0.66082 -0.350328 -0.884323 0.115492 -0.538065 0.185075 -0.741693 -0.323754 -0.342593 -0.0975359 -0.20015 -0.724169 -0.479548 -0.130392 -1.24238 -0.30489 -0.194026 -0.230112 0.725932 0.533195 0.00679171 -1.44248 0.732161 1.02845 0.180817 0.412126
196 -0.165122 0.282435 -0.0455573 0.0106704 -0.213473 -0.132248 -0.208895 0.0313084 0.193939 -0.320787 -0.263649 -0.292034 -0.0099444 -0.31525 -0.567828 -0.0499478 0.194137 -0.638629 0.239798 -0.39361 -0.331084 -0.0422053 0.196365 0.0143156 1.05056 0.4268 0.0350146 -0.959014 0.092572 0.657878 -0.116049 0.0539358
195 -0.241874 0.319708 -0.0586801 -0.133108 -0.452209 -0.0950342 -0.351177 0.28602 0.175416 -0.46427 -0.477455 -0.499521 0.168274 -0.511925 -0.531495 -0.0639911 0.174561 -0.585123 0.347756 -0.680461 -0.464892 0.160469 0.466782 0.048375 1.17462 0.455841 0.343432 -1.08826 -0.032862 0.608237 0.204655 0.161536
111 0.3152 0.150638 -0.52507 -0.032838 0.0256625 0.692065 -0.419677 -0.213315 0.0720972 -0.0289859 -0.690592 0.0911911 -0.107744 -0.108026 -0.978686 0.151807 0.105546 -1.16641 0.450618 0.0519366 -0.614212 -0.233864 0.13077 -0.0229729 0.848913 0.904014 0.304967 -0.593149 0.2453 0.523191 -0.0543906 0.450177
167 -0.794434 1.21671 -0.400491 0.936313 0.297513 0.373789 -0.628879 0.0362026 0.480764 -0.641253 -0.0893444 -0.351814 -0.464374 0.0796361 -0.942572 0.327855 0.936281 -0.464536 0.0210204 -0.873591 0.0204001 0.187332 0.200007 -0.321126 0.824362 0.539952 -0.425938 -0.960362 0.765528 0.662275 -0.79817 -0.080938
216 -0.3529 0.0486989 0.0768955 0.38976 0.176792 0.0665039 0.16432 -0.370881 0.711497 -0.258933 -0.175464 0.0738686 -0.599158 0.00739434 -1.38292 0.456684 -0.0143877 -0.684993 0.0277585 -0.103966 0.0240528 -0.162907 -0.503062 0.82702 1.2879 -0.0710344 -0.658414 -1.08368 0.153078 0.417942 -0.392587 0.389313
218 -0.370268 -0.0862138 0.0781594 0.429959 0.142716 0.227231 0.194687 -0.333397 0.67888 -0.193609 -0.173345 0.132775 -0.653095 0.115975 -1.44602 0.464992 -0.081276 -0.730237 0.00794985 0.0111225 0.160339 -0.143423 -0.532584 0.959505 1.3131 -0.177093 -0.743311 -1.11462 0.170699 0.320811 -0.457088 0.359398
219 -0.518098 -0.117769 0.0474185 0.469592 0.114809 0.458412 0.291454 -0.303859 0.564211 -0.0798547 -0.313158 0.0571153 -0.523401 0.279151 -1.3049 0.460291 -0.168063 -0.747385 -0.0662655 0.114418 0.228637 -0.24222 -0.632643 1.05281 1.34998 -0.117731 -0.813419 -1.21935 0.1403 0.228353 -0.455066 0.296616
221 -0.603994 -0.0944512 -0.00935531 0.39368 0.0434839 0.63229 0.30627 -0.2686 0.357636 0.112645 -0.41061 0.0133675 -0.361663 0.305109 -1.10879 0.319709 -0.22133 -0.715138 -0.13639 0.171174 0.190785 -0.271791 -0.580543 0.955957 1.29546 0.0495209 -0.763247 -1.25018 0.108248 0.182573 -0.499996 0.110309
222 -0.6841 -0.122326 -0.0880402 0.290294 -0.081635 0.74488 0.4581 -0.32502 0.22981 0.302478 -0.491755 -0.147672 -0.212198 0.266719 -1.00082 0.190504 -0.257147 -0.67009 -0.207319 0.113769 0.0150108 -0.430948 -0.639365 0.884449 1.26903 0.192898 -0.747171 -1.30736 0.0842424 0.0565895 -0.478104 0.0517189
223 -0.616904 -0.100104 -0.0616117 0.249133 -0.121484 0.660852 0.447045 -0.262881 0.136864 0.341363 -0.438112 -0.134718 -0.114041 0.198913 -0.801528 0.154323 -0.258311 -0.534932 -0.216747 0.0662041 -0.0578168 -0.402203 -0.562025 0.690276 1.06123 0.196506 -0.630175 -1.09025 0.0392814 -0.0193799 -0.395584 -0.0334099
224 -0.725723 -0.139431 -0.0706141 0.228698 -0.158705 0.756843 0.542095 -0.367976 0.143319 0.464879 -0.483104 -0.190166 -0.146034 0.160961 -0.942334 0.140114 -0.270113 -0.649817 -0.241443 -0.00808707 -0.134226 -0.506069 -0.63848 0.797713 1.20498 0.278687 -0.756858 -1.28576 0.051014 -0.00402641 -0.464365 -0.0152799
24 -0.61503 0.606201 0.444142 -0.623264 0.363555 0.0737236 0.500469 -0.999197 0.274148 -0.428867 0.0391697 0.0158138 -0.224407 -0.0579983 0.0896762 -0.0342749 0.188791 0.00659338 0.138863 -0.276457 -0.41823 0.286873 -0.404675 0.95546 1.48184 0.803647 -0.948111 -1.16301 -0.162636 0.781466 -0.268615 -0.329588
26 -0.478181 0.592606 0.504911 -0.754626 0.308217 0.0652225 0.44815 -0.831747 0.152128 -0.38172 0.141327 0.12175 -0.317572 -0.089908 0.114075 0.0619025 0.192303 -0.0215688 0.169573 -0.265769 -0.485795 0.276402 -0.40511 0.932968 1.48375 0.658252 -0.964515 -1.24735 -0.221349 0.853907 -0.396274 -0.271889
23 -0.718659 0.624735 0.285508 -0.373168 0.380432 0.219597 0.579319 -1.08079 0.3892 -0.362264 -0.173801 -0.149838 -0.218518 -0.0669708 -0.187667 -0.0780197 0.127609 -0.0501333 0.098736 -0.314488 -0.287306 0.188198 -0.332631 0.897808 1.41078 0.90049 -0.846609 -0.961718 0.030534 0.678246 -0.0857974 -0.290754
21 -0.777238 0.65994 0.158454 -0.34633 0.37021 0.135185 0.613862 -1.12874 0.440867 -0.374897 -0.272519 -0.218365 -0.234577 -0.0870333 -0.291619 -0.156166 0.118636 -0.000411795 0.0571172 -0.308297 -0.209707 0.13741 -0.313278 0.832795 1.30382 0.877764 -0.718672 -0.77571 0.0618009 0.612937 0.0479459 -0.246547
20 -0.841088 0.69822 0.0300806 -0.359583 0.427367 -0.0070725 0.603777 -1.07516 0.478735 -0.304525 -0.51735 -0.301212 -0.31308 0.00116878 -0.616616 -0.408894 0.125043 -0.0281158 0.0569575 -0.207224 0.0888548 -0.0739229 -0.281517 0.696851 1.27163 0.908361 -0.666065 -0.589431 0.225853 0.762866 0.18775 -0.0339566
25 -0.532906 0.541271 0.421314 -0.543893 0.311743 0.0701911 0.46768 -0.829515 0.24208 -0.348372 0.0959965 0.0237029 -0.213851 -0.0626274 0.0785725 0.00395134 0.151229 -0.00128764 0.121204 -0.202621 -0.366071 0.259539 -0.364108 0.843985 1.33092 0.637076 -0.855128 -1.05911 -0.170358 0.678216 -0.274573 -0.259806
57 0.215006 0.251797 0.0264943 0.432452 -0.388089 0.313081 0.37634 -0.334398 -0.769324 0.00560901 -0.80233 0.188826 -0.798577 -0.07949 -0.0571952 -0.275389 0.21419 -0.697218 -0.581857 -0.202421 -1.13835 -0.304216 -0.170578 -0.234911 0.93274 0.751955 -0.185661 -1.5556 0.608487 0.882924 0.311992 0.378772
58 0.165793 0.214391 0.0427374 0.424589 -0.319912 0.308283 0.296055 -0.275149 -0.630737 0.0164408 -0.736962 0.0966199 -0.7267 0.00386082 -0.0308669 -0.245461 0.186114 -0.635941 -0.504116 -0.189321 -0.965109 -0.248424 -0.123282 -0.160914 0.804434 0.666287 -0.193694 -1.32568 0.511332 0.747621 0.256551 0.322411
56 0.211264 0.240199 -0.022636 0.390242 -0.413097 0.29752 0.511746 -0.389445 -0.809584 0.0295385 -0.725789 0.19592 -0.754085 -0.151275 -0.158698 -0.198132 0.0543836 -0.729321 -0.562685 -0.149589 -1.16223 -0.288341 -0.17511 -0.214367 0.816603 0.683022 -0.104594 -1.48972 0.658162 0.886454 0.321123 0.427468
55 0.240212 0.229818 -0.0246025 0.329294 -0.397796 0.221727 0.524846 -0.360991 -0.803499 0.0428767 -0.586859 0.204452 -0.688949 -0.238298 -0.183436 -0.126592 -0.00101372 -0.680186 -0.515702 -0.102316 -1.10107 -0.279946 -0.211164 -0.228732 0.71905 0.589398 -0.0462559 -1.34408 0.620149 0.840588 0.29033 0.412769
131 0.644197 -0.616286 0.149925 -0.13833 0.191272 -0.398681 -0.422046 -0.49636 0.0922686 0.250647 -0.141899 0.144438 -0.0960097 0.154979 -1.17863 -0.742633 0.451108 -0.33385 0.302196 0.0431773 0.0889967 -0.271192 -0.107933 -0.44772 0.985265 1.25087 0.0973894 -0.786741 -0.1009 1.26999 -0.77792 -0.851345
132 0.540674 -0.797861 0.212079 0.0406165 0.214347 -0.357336 -0.498592 -0.395113 0.0492757 0.259062 -0.111957 0.0463794 -0.219479 0.0570764 -1.14283 -0.615138 0.530305 -0.342634 0.549154 -0.130799 0.113378 -0.223878 -0.171052 -0.591299 1.08511 1.05185 -0.200682 -0.854994 0.0251477 1.30441 -0.735327 -0.668541
134 0.460853 -0.955847 0.309906 0.238858 0.204802 -0.35429 -0.59795 -0.352015 -0.0517462 0.338867 0.0173389 0.0157299 -0.241557 0.0538158 -1.06879 -0.641814 0.603216 -0.293151 0.646602 -0.122639 0.182621 -0.242892 -0.202649 -0.618753 1.06533 1.02264 -0.350532 -0.767899 0.0885258 1.24579 -0.714489 -0.576471
135 0.235453 -0.90438 0.369196 0.421502 0.0505898 -0.350117 -0.545756 -0.316372 -0.10813 0.303234 0.0314719 0.0374472 -0.257136 0.0880658 -0.902969 -0.592223 0.682207 -0.270407 0.604928 -0.0970556 0.256699 -0.26752 -0.182589 -0.537782 1.15694 1.03129 -0.510423 -0.73703 0.228594 1.12973 -0.550642 -0.484484
133 0.497826 -0.855638 0.249022 0.11797 0.212042 -0.346708 -0.51444 -0.3281 0.00491009 0.305731 0.0290419 0.0265795 -0.211155 0.0350895 -0.99497 -0.58013 0.516221 -0.254865 0.54565 -0.124819 0.161571 -0.182297 -0.194914 -0.577591 0.980534 0.904156 -0.249283 -0.778043 0.0711774 1.15547 -0.65975 -0.550417
6 -0.102458 1.16077 0.634475 -0.17305 0.0400356 -0.269019 0.270289 0.334093 0.207701 -0.0103086 -0.508587 0.0566347 0.269388 0.118092 -0.179761 -0.483231 0.249817 -0.619769 -0.160338 -0.417572 0.320625 0.250163 0.0255754 0.19171 1.46877 0.893274 -0.416175 -0.475084 0.132786 1.07902 -0.402806 -0.492496
8 0.0105373 1.11565 0.627884 -0.15269 0.224534 -0.412891 0.297713 0.459869 0.116083 -0.0868981 -0.586622 0.10421 0.19417 0.152963 -0.21524 -0.484091 0.202072 -0.21421 -0.0956327 -0.192073 0.518527 0.372778 0.0481424 -0.0112254 1.39697 0.854119 -0.366245 -0.566372 0.265194 1.31679 -0.2554 -0.246202
5 -0.066867 1.25281 0.662196 -0.223817 -0.0362584 -0.22314 0.251536 0.297291 0.23589 0.0152802 -0.485136 0.0251211 0.304211 0.168008 -0.120173 -0.434555 0.306735 -0.78785 -0.201135 -0.574396 0.255888 0.195974 0.0610864 0.24525 1.54236 0.966987 -0.577956 -0.359354 0.089603 0.981347 -0.498132 -0.60999
4 -0.0467805 1.17543 0.623047 -0.234763 -0.0781133 -0.223213 0.287101 0.267601 0.216248 0.0484937 -0.410955 -0.0268488 0.321663 0.125719 -0.0844151 -0.376827 0.254483 -0.724741 -0.242043 -0.542238 0.230424 0.193917 0.0838302 0.224665 1.29444 0.829323 -0.546439 -0.202315 0.0596402 0.818017 -0.460557 -0.548064
3 0.00274844 1.25036 0.615786 -0.321077 -0.110834 -0.119778 0.389712 0.246442 0.228459 0.142302 -0.348158 -0.17271 0.368614 0.174015 -0.163222 -0.337855 0.263096 -0.855936 -0.318621 -0.610618 0.313364 0.0569561 0.191896 0.261767 1.43704 0.893263 -0.753127 -0.200943 0.0417279 0.908258 -0.573509 -0.545193
273 -0.856968 0.388653 -0.412619 0.849513 0.857402 0.0534405 0.345066 -0.36452 0.172457 0.371238 -0.308897 -0.0146504 -0.170452 0.292926 -0.498349 -0.121578 0.16486 -1.21275 0.123397 0.416365 -0.184692 0.141159 -0.129439 -0.299186 0.982696 0.557764 -0.000868951 -0.55537 0.258625 1.40065 -0.908124 0.0126747
274 -0.866051 0.334822 -0.417069 0.819398 0.870385 0.0967384 0.364906 -0.371052 0.149967 0.335157 -0.235667 0.0106725 -0.157052 0.283405 -0.461775 -0.125565 0.102407 -1.17907 0.152798 0.429941 -0.137778 0.159504 -0.132586 -0.285189 0.898499 0.53229 -0.00507845 -0.441027 0.262736 1.35578 -0.872834 0.0478063
277 -0.225432 0.0780642 -0.253761 0.407158 0.3747 -0.0424762 0.0518791 -0.138722 -0.064644 0.134412 -0.503981 -0.0978621 -0.31773 0.159184 -0.406251 -0.0407383 0.376042 -0.566438 -0.188793 0.0763977 -0.100496 -0.0456845 -0.141468 -0.0906044 0.775009 0.335347 -0.17164 -0.883304 0.200243 0.9822 -0.487618 0.0142969
43 -0.416091 0.336332 -0.144433 -0.0986656 0.0014586 0.400891 0.178391 -0.746659 0.331129 -0.82655 0.19816 -0.185415 -0.29211 -0.20756 -0.786509 -0.610065 -0.0478864 -0.837147 0.401436 0.4519 -0.248749 0.0324075 0.89154 0.0706206 0.601549 0.462033 0.383123 -0.95043 0.707121 0.989603 -0.37045 0.238222
42 -0.496338 0.43697 -0.197367 -0.145489 -0.0406743 0.443284 0.167274 -0.828763 0.398824 -0.985006 0.26717 -0.234355 -0.317173 -0.177461 -0.743135 -0.706624 -0.0299087 -0.922711 0.503802 0.537244 -0.310995 0.0581147 0.959805 0.0772761 0.693711 0.503853 0.325125 -1.18475 0.820482 0.980771 -0.354415 0.316676
44 -0.444462 0.388507 -0.125066 -0.134743 0.0332587 0.407482 0.2396 -0.781414 0.331932 -0.882014 0.241313 -0.227803 -0.286062 -0.265533 -0.874207 -0.636404 -0.100234 -0.912679 0.409547 0.47909 -0.260947 0.0244091 0.949944 0.0925002 0.65264 0.507058 0.422733 -1.03285 0.781243 1.06637 -0.456272 0.257744
227 -0.753676 -0.100771 -0.100386 0.164456 -0.24235 0.706062 0.740851 -0.597211 0.149231 0.695674 -0.654047 -0.296186 -0.120475 0.00832721 -0.860554 -0.10469 -0.0180728 -0.595325 -0.104978 -0.285788 -0.559159 -0.573125 -0.483409 0.590118 1.24879 0.525561 -0.674246 -1.24241 0.128044 -0.0264454 -0.567507 -0.0972125
226 -0.667602 -0.096698 -0.054255 0.105763 -0.184281 0.671279 0.644466 -0.484032 0.0925296 0.639506 -0.508657 -0.26434 -0.0821412 0.0560906 -0.799896 -0.054037 -0.0868236 -0.562799 -0.181 -0.184038 -0.420154 -0.554934 -0.541603 0.605844 1.14481 0.46912 -0.676932 -1.2251 0.115071 -0.0436431 -0.497789 -0.0905204
225 -0.762654 -0.13536 -0.117215 0.134513 -0.216873 0.777326 0.731578 -0.535494 0.111466 0.643312 -0.582546 -0.279592 -0.122115 0.100625 -0.931356 -0.00271037 -0.181699 -0.582099 -0.254349 -0.142415 -0.389704 -0.559568 -0.625421 0.768117 1.18165 0.41298 -0.782152 -1.31153 0.100467 -0.0848239 -0.542654 -0.067363
147 -0.465582 -0.984837 0.155065 -0.406875 -0.528844 0.0532403 0.622497 -0.175392 0.0595868 -0.468799 -0.115672 0.164196 -0.159036 0.364629 -0.695785 0.429449 0.44339 -0.849556 0.589131 -0.234724 0.053081 -0.605486 0.0958146 0.23749 0.978319 0.92767 -0.386732 -0.763674 -0.314914 1.26012 -0.210181 -0.123842
148 -0.408586 -0.901009 0.104217 -0.399925 -0.478673 0.0831009 0.588393 -0.193698 0.0637064 -0.386273 -0.11694 0.20814 -0.117577 0.357619 -0.589028 0.400375 0.389584 -0.699409 0.510925 -0.234427 0.0580203 -0.550984 0.0870331 0.223515 0.832706 0.776552 -0.344024 -0.677433 -0.319225 1.10132 -0.209662 -0.103164
149 -0.438524 -0.901841 0.115896 -0.36484 -0.408174 0.221965 0.600109 -0.217647 0.0241864 -0.52978 -0.163299 0.197727 -0.164724 0.384261 -0.631222 0.626115 0.387412 -0.831141 0.643247 -0.304254 -0.0373115 -0.462245 0.0527267 0.213166 0.990299 0.855417 -0.413978 -0.873288 -0.384651 1.257 -0.224039 -0.0710696
150 -0.324156 -0.818642 0.188881 -0.219855 -0.255868 0.350198 0.48733 -0.0825555 -0.105081 -0.700343 -0.140817 0.147823 -0.0829301 0.40428 -0.463849 0.923728 0.220173 -0.772164 0.698589 -0.31375 -0.0831537 -0.0752405 0.0248999 0.143339 1.00669 0.811199 -0.592941 -0.937549 -0.445009 1.22726 -0.206284 -0.0273893
151 -0.277568 -0.692301 0.179404 -0.13907 -0.168193 0.364138 0.387413 -0.0825364 -0.117211 -0.670579 -0.172613 0.0636235 -0.0817946 0.407432 -0.348684 0.84881 0.171073 -0.707346 0.662096 -0.306724 -0.1025 0.0413575 0.0172333 0.0935401 0.922109 0.714645 -0.549276 -0.897165 -0.416356 1.07175 -0.144234 -0.0593093
152 -0.276345 -0.641108 0.223755 -0.0911167 -0.0945853 0.423328 0.350204 -0.0472043 -0.146162 -0.764138 -0.157722 0.0421082 -0.0255055 0.404488 -0.376483 0.929853 0.104817 -0.734755 0.75418 -0.257692 -0.112132 0.152706 -0.0200721 0.126763 1.07301 0.836074 -0.668688 -0.992886 -0.442919 1.15582 -0.189459 -0.0451262
97 -0.245758 0.488926 -0.00829923 0.715698 -0.0140201 0.219916 0.139199 -0.634331 0.340404 0.0355331 -0.40719 0.193443 -0.355058 -0.47261 -0.235094 0.35888 0.166184 -0.41624 0.275642 0.235021 -0.345039 0.272755 0.391063 0.0301855 0.627567 0.796975 -0.133137 -0.718275 0.0473373 0.768347 -0.132133 -0.239361
98 -0.296793 0.622959 0.0650818 0.973683 -0.0392714 0.314743 0.135327 -0.890225 0.5046 0.0796867 -0.468785 0.333866 -0.499207 -0.677259 -0.271416 0.537279 0.224527 -0.490296 0.389158 0.345431 -0.458468 0.352688 0.593111 0.036674 0.693781 1.09364 -0.248827 -0.882722 0.0835396 1.03574 -0.0731093 -0.290471
96 -0.398222 0.814842 -0.00714796 0.882831 0.10905 0.287253 0.128532 -0.781058 0.25035 0.162143 -0.463556 0.32256 -0.493354 -0.758549 -0.336963 0.432429 -0.0207628 -0.415949 0.219889 0.277535 -0.316735 0.544277 0.450531 -0.0425564 0.773328 0.867192 -0.239619 -0.907872 -0.099221 0.877262 -0.22356 -0.427735
95 -0.52179 0.999082 0.0187907 0.754852 0.326293 0.305638 0.0278066 -0.612964 0.0443747 0.323682 -0.414493 0.283069 -0.492619 -0.898149 -0.566833 0.277724 -0.225505 -0.396181 -0.0081279 0.158616 -0.212273 0.67253 0.347881 -0.0944297 1.02689 0.59735 -0.366507 -0.971254 -0.261751 0.849473 -0.364896 -0.599616
94 -0.553805 0.947487 0.00975849 0.667549 0.355885 0.309784 0.00162541 -0.519933 -0.0260849 0.357784 -0.403853 0.215961 -0.447241 -0.86492 -0.541173 0.23557 -0.273399 -0.385876 -0.00418387 0.122695 -0.175222 0.606833 0.290592 -0.0995206 0.982882 0.497854 -0.371715 -0.945116 -0.259343 0.783264 -0.403013 -0.584444
145 -0.439159 -1.05597 0.19293 -0.391503 -0.629418 -0.237465 0.578157 -0.0719883 0.0482679 -0.335799 -0.154248 0.066938 -0.205581 0.266852 -0.799092 0.0962271 0.566171 -0.820894 0.416811 -0.120758 0.127008 -0.785363 0.0774514 0.278376 1.06059 1.07195 -0.295306 -0.693467 -0.0747803 1.22214 -0.16266 -0.165967
129 0.506673 -0.380035 0.091221 -0.135931 0.15346 -0.321788 -0.280942 -0.531019 0.0774715 0.186511 -0.270917 0.177636 -0.118322 0.187435 -1.06373 -0.700101 0.376373 -0.305589 0.135809 0.0986993 0.0465759 -0.285983 -0.0750823 -0.301852 0.946472 1.28624 0.17419 -0.699833 -0.124253 1.11666 -0.764363 -0.863196
130 0.554358 -0.458673 0.0990608 -0.166503 0.158629 -0.295461 -0.336784 -0.493143 0.103388 0.212028 -0.189204 0.162512 -0.0656545 0.159377 -1.01713 -0.654709 0.375946 -0.272016 0.177107 0.0719325 0.0499339 -0.269637 -0.120377 -0.345064 0.85125 1.11487 0.11917 -0.67656 -0.125214 1.04876 -0.691684 -0.759303
255 -0.130774 -0.767813 0.249813 -0.019535 0.014311 -0.183364 0.138791 0.349716 0.239167 -0.306604 -0.328093 -0.110767 -0.0987993 -0.269823 -0.225999 -0.924892 0.609974 -0.453191 -0.194134 -0.450439 -0.127611 0.309651 0.438542 -0.0205761 0.737323 0.587325 0.0589891 -2.1699 0.181405 0.539797 -0.297344 -0.142715
256 -0.167602 -0.660303 0.242914 -0.0298871 0.0381499 -0.131233 0.134259 0.378132 0.170268 -0.223952 -0.357037 -0.196177 -0.102099 -0.210072 -0.20951 -0.794643 0.53563 -0.420461 -0.123815 -0.376421 -0.0850879 0.294509 0.451876 -0.0204969 0.660988 0.521581 0.074879 -1.9066 0.139645 0.403208 -0.303896 -0.0989249
257 -0.265684 -0.722228 0.280405 -0.0328831 0.164872 -0.259961 0.205112 0.47693 0.228566 -0.197465 -0.454514 -0.272268 -0.0874495 -0.275211 -0.226024 -0.857565 0.619174 -0.519001 -0.174842 -0.475125 -0.106544 0.3094 0.607476 -0.0438038 0.760091 0.591394 0.109993 -2.21424 0.178303 0.407979 -0.49487 -0.113884
258 -0.45031 -0.477196 0.152669 0.0190172 0.332146 -0.271098 0.209382 0.391855 0.290529 0.00516923 -0.659447 -0.405509 -0.0454602 -0.223987 -0.151789 -0.665711 0.588844 -0.602921 -0.0195472 -0.440271 -0.167634 0.185202 0.749126 -0.10054 0.829598 0.490583 0.135136 -1.95243 0.169903 0.165304 -0.738359 -0.0990147
41 -0.591512 0.514589 -0.224488 -0.106298 -0.0761074 0.394606 0.1427 -0.903574 0.426602 -0.999107 0.26579 -0.243882 -0.291645 -0.09196 -0.634389 -0.78611 0.0526131 -0.901177 0.594434 0.601391 -0.337542 0.0176464 0.89343 0.0348245 0.806646 0.487947 0.234407 -1.28342 0.768363 0.875048 -0.314663 0.330337
40 -0.505937 0.473842 -0.211585 -0.11744 -0.110942 0.374289 0.0769127 -0.84169 0.395336 -0.886702 0.209762 -0.181508 -0.255106 0.000989652 -0.510634 -0.694698 0.0734731 -0.855399 0.542594 0.535003 -0.334969 0.00913504 0.770878 0.0548752 0.760789 0.460168 0.136211 -1.19784 0.695639 0.722927 -0.23285 0.307796
121 0.0779741 0.448844 -0.428964 -0.0610281 -0.242044 0.17033 0.114292 -0.526401 -0.27878 -0.146079 -0.632956 0.524429 0.00202153 0.0463367 -0.979749 -0.191091 0.0440928 -0.776165 -0.422506 0.401747 -0.0777061 -0.208021 0.116609 0.129524 1.17068 1.41595 0.37142 -0.447369 -0.0429413 0.603756 -0.550023 -0.348705
122 0.0999517 0.534062 -0.48518 -0.0562946 -0.246864 0.115457 0.155237 -0.66149 -0.306489 -0.182368 -0.726241 0.610816 -0.0471027 0.0953968 -1.03672 -0.278869 0.0946799 -0.763499 -0.523838 0.506413 -0.0589449 -0.254649 0.142817 0.205532 1.28843 1.67411 0.434 -0.502024 -0.157514 0.691297 -0.648987 -0.547056
123 0.0798001 0.488954 -0.39191 0.0305265 -0.140952 0.0281985 0.190941 -0.5969 -0.236974 -0.10791 -0.682044 0.539966 -0.145017 0.203981 -0.894227 -0.371735 0.113526 -0.555978 -0.521042 0.545915 0.0117137 -0.280664 0.130505 0.245635 1.1295 1.6138 0.464777 -0.469991 -0.222019 0.753702 -0.65487 -0.737584
125 0.138406 0.364723 -0.317039 0.0436958 -0.11882 -0.0648248 0.155441 -0.65181 -0.2113 -0.0890181 -0.670804 0.548806 -0.211348 0.244392 -0.897271 -0.48569 0.166464 -0.435154 -0.52956 0.558611 0.038465 -0.301781 0.147263 0.241499 1.14389 1.70403 0.468973 -0.482772 -0.250655 0.826384 -0.646476 -0.895566
126 0.189466 0.205258 -0.23457 -0.0233983 0.0108205 -0.181079 0.0716951 -0.634292 -0.0911075 -0.0209079 -0.521108 0.443366 -0.166333 0.305895 -0.930402 -0.58361 0.232431 -0.356994 -0.364617 0.480491 0.0395034 -0.33313 0.0640735 0.133278 1.01818 1.62289 0.470677 -0.564731 -0.25258 0.920502 -0.709704 -0.978635
128 0.307049 -0.0693288 -0.0700709 -0.0196397 0.103926 -0.256496 -0.0685495 -0.556375 0.0150338 0.099276 -0.354292 0.286194 -0.160162 0.260515 -0.945135 -0.610833 0.284329 -0.311444 -0.141487 0.304659 0.0579583 -0.293782 0.0211342 -0.0881874 0.925708 1.38633 0.319762 -0.59237 -0.195051 0.948742 -0.716445 -0.902326
127 0.245492 0.107503 -0.103538 -0.0378326 0.0569273 -0.171662 0.00320248 -0.554062 -0.0232428 0.0324056 -0.385093 0.299866 -0.114237 0.253271 -0.845069 -0.541128 0.212332 -0.29235 -0.241269 0.327558 0.0363499 -0.261171 0.0532962 0.0358607 0.907729 1.3633 0.339151 -0.54961 -0.195603 0.825983 -0.635983 -0.803879
92 -0.894021 1.13821 0.219203 0.704784 0.462381 0.469965 -0.142735 -0.434508 -0.0541029 0.72263 -0.255315 0.204743 -0.409012 -0.893408 -0.72148 -0.00205195 -0.315375 -0.491313 -0.190426 -0.0199285 0.0304127 0.570737 0.180152 -0.0572399 1.261 0.21728 -0.508563 -1.10721 -0.353319 0.818571 -0.473937 -0.828
90 -0.90088 1.04487 0.302713 0.607426 0.477946 0.489776 -0.190458 -0.349198 -0.0661132 0.82603 -0.191654 0.152172 -0.327222 -0.827843 -0.732782 -0.0657349 -0.29233 -0.558304 -0.180566 -0.0589442 0.118155 0.392316 0.132429 0.00829319 1.23254 0.154679 -0.473266 -1.08308 -0.341004 0.807491 -0.48565 -0.794083
89 -0.982751 0.876054 0.390282 0.550106 0.44777 0.498027 -0.15427 -0.315841 -0.0228115 0.945184 -0.0485568 0.00567062 -0.132881 -0.647425 -0.745964 -0.175322 -0.285171 -0.618452 -0.251121 -0.184384 0.297533 0.174673 0.0341716 0.0234548 1.11285 0.129858 -0.359561 -1.12632 -0.242571 0.746072 -0.446306 -0.678712
91 -0.774641 0.941262 0.198759 0.547965 0.433668 0.368371 -0.125611 -0.326414 -0.064636 0.644502 -0.202274 0.158061 -0.334948 -0.682718 -0.641692 -0.0513768 -0.233703 -0.456609 -0.167611 -0.0101055 0.0759699 0.399018 0.0873567 -0.0400018 1.06412 0.167765 -0.439883 -0.892091 -0.245378 0.711771 -0.464893 -0.688823
67 -0.138147 0.0452709 -0.0359496 0.283167 -0.089935 0.412311 -0.508923 0.327754 0.0388038 0.083839 -0.2916 -0.576749 -0.262208 0.654868 0.0835813 -0.724462 0.277063 -0.728016 0.211576 -0.0792262 -0.169398 -0.252849 0.0461503 0.636278 0.660343 0.0763571 -0.485464 -1.04491 0.352789 1.01939 -0.33449 -0.0578155
68 -0.12287 0.183599 -0.129958 0.223007 -0.0842512 0.507813 -0.542122 0.287925 0.0476356 0.157511 -0.29554 -0.618425 -0.181765 0.632923 0.109087 -0.781571 0.369443 -0.761597 0.272351 -0.050649 -0.158745 -0.28065 -0.0257055 0.74112 0.678299 0.062695 -0.578145 -1.2042 0.368935 1.14278 -0.404359 0.0137055
66 -0.183673 0.039119 -0.00537959 0.378433 -0.0935716 0.400803 -0.543334 0.36746 0.0830706 0.0509034 -0.348303 -0.633975 -0.365806 0.747507 0.0128113 -0.765972 0.322909 -0.89186 0.212763 -0.176304 -0.250987 -0.266954 0.0934881 0.66509 0.814663 0.0922528 -0.52199 -1.15746 0.402408 1.16807 -0.375454 -0.129006
69 -0.231726 0.312951 -0.326392 0.0259963 -0.0529334 0.593335 -0.558886 0.129652 0.0565166 0.322692 -0.195908 -0.561322 0.150553 0.417308 0.108817 -0.716054 0.547306 -0.652818 0.376029 0.129508 -0.0351901 -0.334423 -0.131243 0.821383 0.678283 0.223481 -0.668244 -1.32555 0.31459 1.12237 -0.535177 0.18069
71 -0.203237 0.38836 -0.366958 -0.0220194 -0.0862563 0.607798 -0.585487 0.0702692 0.0573328 0.323317 -0.158054 -0.477569 0.19861 0.265047 0.0482757 -0.707985 0.611347 -0.575309 0.419303 0.188244 -0.00922296 -0.313636 -0.200176 0.81282 0.605117 0.246285 -0.7167 -1.40012 0.262959 1.07351 -0.58416 0.168598
217 -0.349419 -0.0788529 0.0521439 0.36967 0.158915 0.172155 0.234224 -0.382693 0.61063 -0.195629 -0.133952 0.072519 -0.597739 0.0607932 -1.19087 0.369903 -0.0444977 -0.583999 0.0281509 -0.0311863 0.103217 -0.0909736 -0.448299 0.783553 1.09511 -0.136401 -0.632892 -0.923156 0.119387 0.29151 -0.380587 0.31831
87 -0.942417 0.731986 0.404145 0.481013 0.542174 0.505909 -0.0940779 -0.277503 -0.0118341 1.03005 0.042956 -0.140146 0.0628224 -0.482577 -0.757294 -0.117657 -0.339522 -0.681748 -0.28112 -0.271156 0.435849 0.0997148 -0.00756711 -0.0290014 1.04193 0.287169 -0.163668 -1.2522 -0.19385 0.752341 -0.403684 -0.536403
88 -0.81543 0.702716 0.313033 0.481971 0.401245 0.449789 -0.0925322 -0.265524 -0.00637157 0.798229 -0.0673365 0.00197692 -0.0824541 -0.523291 -0.621169 -0.0978638 -0.255118 -0.546183 -0.158914 -0.167013 0.258599 0.138119 0.0513995 0.027194 0.927611 0.177101 -0.263054 -0.955873 -0.22284 0.6282 -0.383678 -0.522421
64 -0.182107 -0.0155492 0.126487 0.557557 -0.157785 0.350663 -0.522389 0.425653 -0.0451846 -0.0587787 -0.53766 -0.56772 -0.631038 0.880031 0.0434887 -0.759703 0.122298 -0.871409 0.0646223 -0.309135 -0.426328 -0.275261 0.282382 0.498646 0.861445 0.184449 -0.412039 -1.02613 0.459945 1.01943 -0.227816 -0.195249
65 -0.171515 -0.00798859 0.0795613 0.505894 -0.139263 0.391724 -0.517234 0.395643 0.0389016 -0.0329876 -0.447166 -0.599877 -0.550236 0.858515 0.0348049 -0.771504 0.184137 -0.880606 0.142385 -0.247786 -0.355328 -0.293303 0.185487 0.588071 0.880905 0.115647 -0.440292 -1.0737 0.436491 1.10281 -0.26975 -0.209465
63 -0.167218 -0.0158175 0.142109 0.624769 -0.230329 0.374316 -0.530356 0.456556 -0.0816574 -0.0786428 -0.62703 -0.564336 -0.794932 0.991618 -7.30131e-05 -0.785385 0.137922 -1.02861 0.0135082 -0.36023 -0.529918 -0.347646 0.318566 0.528341 1.03846 0.240588 -0.463793 -1.21886 0.514646 1.16078 -0.232259 -0.222571
238 0.204125 0.22904 -0.00305249 0.610039 -0.281196 0.309702 0.485062 -0.136294 0.689724 -0.114031 -0.303176 -0.0197223 -0.21209 -0.185902 -0.294522 -0.223288 0.382199 -0.609301 0.217793 0.0350226 -0.40181 -0.0192418 0.00894468 -0.0971639 1.56952 -0.328951 0.228618 -0.901071 0.0986205 0.342961 0.00520074 -0.492531
237 0.317771 0.287728 0.0240832 0.771784 -0.320775 0.4201 0.636254 -0.16712 0.858966 -0.0725196 -0.415645 -0.0440251 -0.243285 -0.208694 -0.466815 -0.264251 0.469553 -0.675656 0.233914 -0.0227147 -0.554473 -0.0936888 -0.0489416 -0.100239 1.95268 -0.413531 0.28269 -1.02685 0.147638 0.252433 -0.060657 -0.563768
251 0.0269912 -0.567423 -0.283527 0.358069 -0.122724 0.0429607 -0.234158 -0.735497 0.445606 -0.450497 0.230785 0.59824 -0.136713 -0.126847 -0.092783 -0.883215 0.793971 -0.572434 -0.258602 -0.425118 -0.566949 -0.0634067 -0.0907891 0.0292743 1.24781 0.370968 -0.135452 -1.41638 0.138477 1.24978 -0.00381645 -0.571257
250 0.0200242 -0.488312 -0.292331 0.302392 -0.1203 0.0772926 -0.181317 -0.737702 0.395373 -0.400224 0.227614 0.58453 -0.144984 -0.0740322 -0.0918809 -0.797256 0.700868 -0.54281 -0.184889 -0.331183 -0.60194 -0.100997 -0.0959146 0.0572249 1.1627 0.346979 -0.184919 -1.19848 0.123656 1.21013 -0.0426003 -0.546869
249 -0.0502111 -0.513074 -0.310104 0.363676 -0.124184 0.0854698 -0.190276 -0.790966 0.436044 -0.439234 0.206778 0.604931 -0.157202 -0.060655 -0.0993405 -0.860696 0.797729 -0.577589 -0.229911 -0.34809 -0.625808 -0.082674 -0.0809428 0.0592041 1.2514 0.406342 -0.198338 -1.39317 0.122745 1.3195 -0.0338383 -0.571163
160 -0.905454 0.798014 0.204341 0.373385 0.147278 0.393731 -0.0235512 0.233911 0.0184781 -0.872901 -0.155053 0.306783 -0.283816 -0.0240199 -0.134117 0.539549 0.342234 -0.969169 0.484057 -0.324529 0.325718 0.177605 0.123719 -0.173182 0.514723 0.161966 -0.728943 -1.04712 0.0359069 0.838529 -0.36318 0.31452
159 -1.01637 0.894515 0.256229 0.45934 0.171171 0.466619 -0.0509733 0.319743 0.0437319 -1.03013 -0.210176 0.288903 -0.309045 0.0246474 -0.183078 0.614131 0.349507 -1.09437 0.559583 -0.345212 0.40602 0.237736 0.102755 -0.237086 0.631974 0.247436 -0.892628 -1.17687 0.0340664 0.946986 -0.430325 0.389182
7 -0.0617419 1.02279 0.555389 -0.140748 0.108898 -0.296592 0.234196 0.319788 0.139744 -0.0572523 -0.487382 0.0562169 0.212201 0.0948704 -0.201921 -0.430606 0.18598 -0.350321 -0.0921327 -0.244902 0.361132 0.311163 0.0141799 0.0574858 1.29834 0.798484 -0.317641 -0.504957 0.168151 1.07435 -0.259705 -0.334458
22 -0.7399 0.599031 0.188163 -0.300313 0.381165 0.162961 0.582289 -1.07063 0.374213 -0.348069 -0.208603 -0.148568 -0.19059 -0.0767756 -0.174039 -0.111538 0.108102 -0.0328715 0.0670253 -0.303529 -0.2183 0.169481 -0.280902 0.787477 1.2175 0.857671 -0.732006 -0.752529 0.0448684 0.560381 0.0111553 -0.265488
9 0.0224892 0.722332 0.379298 -0.143875 0.437521 -0.526488 0.436587 0.404241 0.0267674 -0.0723939 -0.713312 0.072647 0.0710643 0.0577114 -0.499416 -0.445025 0.0825391 0.149631 0.01095 0.0594556 0.608549 0.387708 0.114553 -0.181599 1.33483 0.741983 -0.378583 -0.878062 0.403071 1.57901 -0.168794 0.143885
10 0.0290488 0.606213 0.309424 -0.1287 0.382751 -0.474492 0.384263 0.339382 -0.00485814 -0.0547254 -0.581099 0.0830927 0.0139279 0.035495 -0.390877 -0.390847 0.0530046 0.169616 -0.0206478 0.114301 0.499816 0.341342 0.10887 -0.195744 1.13924 0.599675 -0.282494 -0.820457 0.340822 1.37556 -0.135775 0.111689
220 -0.516238 -0.110426 0.000530115 0.383851 0.0175683 0.508942 0.284634 -0.294386 0.41667 0.0403608 -0.330267 0.0390409 -0.397331 0.267141 -1.0678 0.279633 -0.129587 -0.630775 -0.0717681 0.118182 0.18141 -0.264794 -0.508332 0.884805 1.21291 -0.0304042 -0.691059 -1.11311 0.14152 0.141699 -0.469788 0.147234
202 -0.0141445 0.284827 0.0533647 -0.0718666 -0.163367 -0.429891 -0.311309 0.114607 0.257587 -0.341829 -0.0583221 -0.174586 0.114403 -0.455935 -0.725932 0.160811 0.125103 -0.7 0.16897 -0.472037 -0.454743 -0.351351 -0.0780852 -0.125946 1.05942 0.489491 -0.150755 -0.902693 0.133524 0.668036 -0.218337 0.0816287
201 0.129483 0.323394 -0.0137168 -0.0832076 -0.277715 -0.546746 -0.396663 0.0570981 0.362257 -0.504097 -0.0755994 -0.238011 0.0584326 -0.58898 -0.870623 0.0879026 0.126974 -0.871564 0.270819 -0.558986 -0.516046 -0.390764 -0.0270173 -0.189681 1.25494 0.444648 -0.0711135 -0.991402 0.17554 0.769477 -0.19994 0.044155
200 0.204465 0.277923 -0.0950548 -0.0467116 -0.344898 -0.584753 -0.4046 -0.0371291 0.406778 -0.603781 -0.0947066 -0.291123 -0.10185 -0.62806 -0.896808 0.00956237 0.124229 -0.901388 0.389901 -0.593411 -0.476056 -0.324519 0.0558464 -0.226774 1.31544 0.358341 0.0519919 -0.993736 0.212498 0.772199 -0.194597 0.0204441
199 0.287074 0.192968 -0.129719 -0.073547 -0.397796 -0.629768 -0.428169 -0.0397516 0.434064 -0.641091 -0.081288 -0.320563 -0.143952 -0.656397 -0.907031 -0.0182086 0.107488 -0.880605 0.442904 -0.602627 -0.434658 -0.325729 0.0702804 -0.230769 1.31081 0.245934 0.108304 -0.948062 0.21676 0.710334 -0.160212 0.00385416
198 0.21634 0.271713 -0.112216 -0.0490645 -0.369469 -0.601213 -0.422857 -0.0369924 0.45057 -0.626541 -0.0918628 -0.319336 -0.136148 -0.657671 -0.925385 -0.0062499 0.0932967 -0.923275 0.393152 -0.592337 -0.463448 -0.296527 0.106933 -0.19352 1.37497 0.288545 0.0714245 -1.00837 0.232614 0.771243 -0.160981 0.0399523
137 -0.192296 -0.693504 0.535943 0.667499 -0.147164 -0.416813 -0.420543 -0.308983 -0.154069 0.298582 -0.0230666 0.115937 -0.291548 0.13954 -0.642366 -0.554346 0.84491 -0.253761 0.424551 0.0438506 0.36135 -0.320555 -0.0803606 -0.324592 1.20211 1.24875 -0.737211 -0.722697 0.328014 1.01828 -0.419671 -0.448302
136 -0.00403989 -0.795615 0.437364 0.57377 -0.0363926 -0.371845 -0.438967 -0.274118 -0.136352 0.294565 0.0549627 0.0805285 -0.260809 0.134507 -0.693432 -0.529809 0.735327 -0.194492 0.535246 -0.0133025 0.310952 -0.290426 -0.128941 -0.405911 1.09675 1.07068 -0.619928 -0.643401 0.267981 0.987959 -0.462061 -0.46038
163 -0.808068 0.978752 -0.0892119 0.512424 0.0464307 0.290399 -0.221105 -0.00576958 0.295534 -0.595384 -0.034556 0.0859885 -0.428911 -0.0346795 -0.307174 0.350008 0.670775 -0.647502 0.194318 -0.626765 0.291962 0.0806188 0.216834 -0.210004 0.475489 0.164572 -0.463803 -0.933407 0.418389 0.687937 -0.486663 0.205474
168 -0.682476 1.14027 -0.459839 0.950957 0.356566 0.306233 -0.675058 -0.0506346 0.488404 -0.421509 -0.10595 -0.586562 -0.276866 0.040196 -1.20259 0.146798 0.870255 -0.391704 -0.0724847 -0.74673 -0.218662 0.17477 0.0487556 -0.284084 0.995079 0.737927 -0.222908 -0.892946 0.722814 0.541808 -0.766155 -0.315
77 0.00911725 0.0912105 -0.175531 -0.447752 0.0879106 0.394193 -0.361195 0.425203 0.0495549 0.56237 0.228923 -0.363135 0.385099 0.187543 -0.397879 -0.209299 0.352614 -0.704586 0.0505401 0.455881 0.464908 -0.18399 -0.446873 0.257994 0.831532 0.960725 -0.4855 -1.60032 0.362418 0.306301 -0.660757 0.12713
76 -0.0430225 0.113447 -0.195936 -0.375458 0.0194211 0.452521 -0.383744 0.381141 0.0913371 0.532838 0.0918011 -0.299768 0.334706 0.147562 -0.357623 -0.287559 0.328928 -0.638531 0.115795 0.476003 0.382481 -0.21133 -0.370969 0.30876 0.704565 0.778283 -0.541711 -1.41609 0.30893 0.28535 -0.648535 0.0984541
75 -0.0563546 0.159123 -0.23974 -0.333344 0.00807036 0.516656 -0.464593 0.374364 0.0754056 0.567858 0.0899511 -0.335443 0.317887 0.181314 -0.312251 -0.355167 0.432408 -0.639991 0.196367 0.52523 0.395749 -0.202493 -0.35507 0.38567 0.689308 0.797478 -0.625316 -1.58291 0.350221 0.414627 -0.667865 0.132121
74 -0.154538 0.277898 -0.377117 -0.204897 -0.067963 0.600255 -0.597602 0.300625 0.0843076 0.455566 -0.0742107 -0.389328 0.240069 0.185343 -0.167706 -0.566223 0.622498 -0.618129 0.380878 0.459131 0.228483 -0.286429 -0.291681 0.658347 0.654343 0.609307 -0.806378 -1.57858 0.354091 0.735294 -0.718649 0.145867
73 -0.208336 0.286845 -0.40112 -0.11621 -0.0632906 0.631138 -0.592532 0.211969 0.0736142 0.432519 -0.156618 -0.398372 0.220161 0.162855 -0.109104 -0.579653 0.622986 -0.566872 0.432937 0.415152 0.196294 -0.329162 -0.203982 0.699759 0.572479 0.528719 -0.758698 -1.4897 0.314296 0.792169 -0.642424 0.148952
72 -0.23659 0.326326 -0.409028 -0.0681826 -0.0948112 0.642388 -0.610813 0.119578 0.07115 0.423423 -0.176675 -0.426184 0.241774 0.230066 -0.0221482 -0.663126 0.662198 -0.574249 0.420046 0.361105 0.131754 -0.349934 -0.19234 0.788866 0.612879 0.418311 -0.782328 -1.46075 0.296474 0.944708 -0.666481 0.160833
70 -0.218852 0.283155 -0.316477 0.0341761 -0.0783763 0.528947 -0.484738 0.0911449 0.0286238 0.259367 -0.164998 -0.44548 0.144569 0.306661 0.0658604 -0.66812 0.497106 -0.566689 0.362138 0.153684 -0.0404707 -0.262356 -0.127325 0.746171 0.611613 0.190537 -0.613881 -1.22799 0.251046 1.04028 -0.47587 0.173848
261 -0.60104 -0.0278748 -0.218853 0.122929 0.560726 -0.280015 0.0852607 0.0727576 0.249684 0.327498 -0.874347 -0.453976 -0.0144523 0.0347211 0.105442 -0.0890438 0.411362 -0.844897 0.36052 -0.0929682 -0.211118 -0.27129 0.581672 -0.15996 1.17597 0.456084 0.174089 -1.14303 0.154286 0.0926002 -1.18273 -0.172339
262 -0.548501 0.117364 -0.278987 0.152593 0.504902 -0.191707 0.0295759 -0.0869049 0.192545 0.339179 -0.821176 -0.374864 -0.0347121 0.0995587 0.0245718 0.0846688 0.317043 -0.937223 0.394026 -0.00484391 -0.24238 -0.396788 0.420311 -0.142526 1.30285 0.5098 0.109598 -0.925897 0.133793 0.268096 -1.17715 -0.145293
260 -0.5327 -0.269165 0.0443756 -0.00548792 0.38062 -0.266859 0.152953 0.288053 0.300508 0.130919 -0.707662 -0.45219 -0.0200905 -0.165992 -0.0905383 -0.446899 0.501657 -0.640119 0.108207 -0.343633 -0.148764 0.0402085 0.728537 -0.135332 0.876883 0.405367 0.149026 -1.55963 0.12297 0.10466 -0.854921 -0.0974108
39 -0.584762 0.499727 -0.214788 -0.108942 -0.119691 0.375486 0.0963165 -0.873578 0.393744 -0.912784 0.233602 -0.172182 -0.264816 -0.0117693 -0.519515 -0.739469 0.0689141 -0.857575 0.633045 0.585528 -0.406254 -0.00177061 0.781667 -0.0350007 0.851372 0.502026 0.0854849 -1.28581 0.722883 0.748502 -0.234203 0.319557
82 -0.336481 0.169764 0.215656 -0.0328477 0.410279 0.281944 0.044443 0.00599046 0.0534052 0.840169 0.458847 -0.455337 0.483554 0.154981 -0.515214 0.037603 -0.200529 -0.715058 -0.312987 -0.100993 0.535042 -0.201151 -0.396142 -0.0774397 0.867007 0.877816 0.121745 -1.51227 0.188249 0.446932 -0.344111 0.036994
83 -0.526662 0.268433 0.331235 0.0918797 0.514514 0.356113 0.0687697 -0.0325086 0.0853193 0.9715 0.431118 -0.502403 0.496482 0.087889 -0.623718 0.0402479 -0.285222 -0.759858 -0.345794 -0.229673 0.618916 -0.188267 -0.370167 -0.0577516 0.933811 0.831837 0.142356 -1.67048 0.124768 0.604454 -0.36304 -0.0210597
81 -0.282861 0.149947 0.202297 -0.0848445 0.415084 0.258658 0.0736955 0.0400541 0.0614035 0.799454 0.478362 -0.514119 0.50077 0.186845 -0.543749 0.0483866 -0.107973 -0.783296 -0.330057 -0.086322 0.568373 -0.209633 -0.445438 -0.038775 0.994636 0.981129 0.0679622 -1.65584 0.23432 0.491193 -0.414752 0.0861355
80 0.0467926 -0.00430828 0.0551428 -0.431756 0.331472 0.186105 -0.0881512 0.256341 -0.0390978 0.725346 0.541654 -0.546696 0.527023 0.299739 -0.458695 0.0279864 0.0817842 -0.86318 -0.308106 0.202272 0.571818 -0.206945 -0.568979 0.00881111 1.0739 1.20306 -0.114429 -1.75617 0.396007 0.353518 -0.508457 0.18657
11 -0.061694 0.593328 0.282605 -0.127342 0.508208 -0.56827 0.484926 0.348839 0.0222054 -0.092234 -0.734911 0.0798205 0.00549109 0.012656 -0.519956 -0.40045 0.0345263 0.241496 0.0212938 0.0965576 0.645535 0.340779 0.119781 -0.22423 1.23749 0.666865 -0.380005 -0.854781 0.382764 1.55453 -0.10107 0.172937
264 -0.735837 0.226444 -0.432735 0.287899 0.713346 -0.215993 -0.0130687 -0.216156 0.178637 0.514376 -1.05007 -0.432079 -0.0198508 0.228667 0.0982981 0.255852 0.335354 -1.11645 0.568975 0.182479 -0.322034 -0.580984 0.377287 -0.136992 1.57084 0.60883 0.144384 -0.828155 0.20762 0.338106 -1.49521 -0.213059
182 -0.225297 0.980297 -0.335711 0.464379 -0.042449 -0.619268 0.571462 -0.705771 0.0788972 -0.256332 0.0676462 -0.534483 -0.0141806 0.0948873 -0.405111 0.12535 0.483053 -0.875704 -0.200013 0.0209072 -0.38344 0.207439 -0.499862 -0.179132 0.945206 0.437269 -0.153884 -1.12893 -0.106789 0.609941 -0.501341 -0.675274
175 -0.554381 0.75506 -0.333352 0.73348 -0.0951515 -0.340255 -0.0713974 -0.503388 0.0363778 -0.222027 0.218952 -0.591702 -0.235816 0.0975827 -0.6584 -0.042583 0.699278 -0.856351 0.11979 -0.199754 -0.11639 0.027615 -0.206061 0.0422344 0.749258 0.523703 0.168484 -0.858311 0.0971111 0.576057 -0.304727 -0.283181
197 0.0427533 0.217529 -0.101419 -0.090489 -0.371277 -0.404678 -0.378038 0.0758888 0.33666 -0.567692 -0.201435 -0.336036 -0.0461617 -0.559808 -0.763756 -0.0397858 0.143301 -0.764557 0.385397 -0.57913 -0.422421 -0.158414 0.184106 -0.0873222 1.25184 0.364779 0.136385 -1.02936 0.151567 0.666195 -0.0393834 0.109515
93 -0.688028 1.12576 0.0940396 0.70064 0.431139 0.363692 -0.039244 -0.493948 -0.0905362 0.506617 -0.374726 0.25925 -0.478984 -0.974241 -0.641662 0.17908 -0.346511 -0.424975 -0.0874328 0.0778295 -0.123692 0.6929 0.265941 -0.121711 1.12983 0.417099 -0.431114 -1.04147 -0.318604 0.825622 -0.456142 -0.771638
124 0.0649099 0.414681 -0.319902 0.0693769 -0.116845 0.0132641 0.155553 -0.541712 -0.198706 -0.100672 -0.529572 0.450354 -0.148643 0.19707 -0.758446 -0.337694 0.121148 -0.439671 -0.453855 0.490273 0.0422143 -0.199807 0.112013 0.216119 0.951872 1.42976 0.387417 -0.430148 -0.213114 0.706305 -0.537663 -0.688824
19 -0.793343 0.604718 -0.0460298 -0.269747 0.36403 0.0099959 0.563554 -0.95322 0.443308 -0.253734 -0.497366 -0.272158 -0.31272 0.0241624 -0.661277 -0.363454 0.0721729 -0.0767619 0.0894605 -0.168517 0.126786 -0.104361 -0.283332 0.605613 1.16233 0.775138 -0.535701 -0.478085 0.216709 0.682485 0.131784 -0.0405002
18 -0.878393 0.639145 -0.0528884 -0.355832 0.414114 -0.0427551 0.633574 -1.02553 0.471767 -0.359291 -0.560828 -0.297436 -0.35914 0.0369177 -0.805403 -0.4597 0.0535352 -0.0119773 0.120768 -0.190502 0.231281 -0.116871 -0.310043 0.638083 1.26901 0.838873 -0.601836 -0.480509 0.281449 0.82665 0.218777 0.0166728
17 -0.75406 0.527236 -0.0797518 -0.347786 0.476319 -0.302508 0.651035 -0.68475 0.358372 -0.278381 -0.699069 -0.265594 -0.280148 0.000477695 -0.871208 -0.505476 0.0606593 0.0979834 0.115186 -0.119522 0.453696 -0.0500942 -0.249862 0.381452 1.14794 0.714257 -0.609724 -0.475396 0.299718 1.04197 0.262937 0.163246
15 -0.600995 0.448793 -0.0804952 -0.326895 0.559201 -0.467057 0.621938 -0.42627 0.261651 -0.251841 -0.754002 -0.195422 -0.237027 -0.000548479 -0.932454 -0.421512 -0.0159988 0.12637 0.148816 -0.0760257 0.579871 0.0176027 -0.149222 0.152476 1.11659 0.673531 -0.540647 -0.547795 0.353591 1.2409 0.13974 0.299485
16 -0.631963 0.452347 -0.0551115 -0.31182 0.434551 -0.360314 0.571689 -0.47662 0.307272 -0.23187 -0.67052 -0.187882 -0.231307 -0.0073428 -0.812856 -0.420783 -0.0114838 0.0786552 0.16542 -0.0654364 0.452872 -0.0564608 -0.157172 0.272132 1.01344 0.621613 -0.540785 -0.44282 0.298786 1.0341 0.188594 0.23222
78 0.0927305 0.000159876 -0.0270678 -0.548435 0.198473 0.267209 -0.18885 0.382572 -0.0110628 0.651621 0.409891 -0.48875 0.485089 0.303407 -0.422949 -0.0862955 0.239559 -0.840938 -0.196061 0.379006 0.543394 -0.206326 -0.571276 0.136771 1.03495 1.17871 -0.28209 -1.81267 0.417349 0.344738 -0.598696 0.192925
270 -0.833093 0.491349 -0.30079 0.480907 0.735492 -0.0885684 0.033882 -0.416795 0.0906449 0.4731 -0.748497 -0.242581 -0.0900884 0.270028 -0.152937 0.193031 0.353589 -1.18664 0.40454 0.379426 -0.335017 -0.373472 0.0775009 -0.101736 1.35071 0.630136 0.0750902 -0.5153 0.289486 0.632858 -1.25754 -0.130327
271 -0.628856 0.379415 -0.247049 0.427278 0.575076 -0.0545254 0.0793057 -0.336028 0.0950732 0.343621 -0.533898 -0.154048 -0.0941803 0.1844 -0.214332 0.0945326 0.265196 -0.992007 0.30909 0.256898 -0.266928 -0.222355 0.0275699 -0.103542 1.12314 0.525899 0.0191722 -0.540581 0.220462 0.693167 -0.960925 -0.0894048
272 -0.823691 0.408004 -0.351298 0.645131 0.790138 0.0206423 0.199285 -0.372849 0.098466 0.40434 -0.441168 -0.0944975 -0.132451 0.279925 -0.3271 0.00289056 0.220728 -1.12875 0.241645 0.408362 -0.226469 -0.0538736 -0.0421545 -0.207534 1.05027 0.535464 0.0205303 -0.481172 0.249252 0.989247 -0.980673 -0.037821
263 -0.675312 0.142587 -0.342117 0.215723 0.658919 -0.201607 0.027042 -0.126753 0.230409 0.441937 -1.00401 -0.415188 -0.0402321 0.157949 0.110981 0.158851 0.351373 -1.07592 0.506594 0.0740291 -0.264286 -0.503475 0.478524 -0.15839 1.53147 0.559014 0.105104 -1.06761 0.182099 0.324735 -1.45023 -0.218172
259 -0.449784 -0.337443 0.125583 -0.0576853 0.311519 -0.270055 0.163901 0.381992 0.303025 0.0750239 -0.589486 -0.394521 -0.0103506 -0.177904 -0.0952579 -0.580156 0.5161 -0.531693 0.0309161 -0.400212 -0.125655 0.1264 0.76674 -0.0987872 0.802916 0.362019 0.112613 -1.67486 0.129682 0.11427 -0.734224 -0.12947
14 -0.457099 0.354755 0.0100004 -0.279427 0.483619 -0.508669 0.579433 -0.0917835 0.184197 -0.263053 -0.827073 -0.113309 -0.167811 -0.0270905 -0.880761 -0.39508 0.0178922 0.134521 0.166356 -0.0162699 0.64761 0.0655551 0.0191374 0.00798748 1.11641 0.642733 -0.531861 -0.683385 0.324197 1.42117 0.125801 0.335929
79 0.121427 -0.0290443 0.0434393 -0.501749 0.271897 0.22274 -0.0857707 0.291768 -0.0720144 0.698695 0.487297 -0.536528 0.48492 0.318471 -0.435985 -0.0072989 0.129468 -0.821017 -0.300225 0.248155 0.549326 -0.209464 -0.572385 0.0581362 1.0649 1.2307 -0.173808 -1.74704 0.42509 0.302917 -0.544109 0.190505
86 -0.773501 0.461703 0.430796 0.3782 0.545589 0.448906 0.0716963 -0.191239 0.0749417 1.08838 0.205295 -0.38381 0.378152 -0.167015 -0.749478 -0.0669048 -0.371996 -0.742276 -0.294431 -0.358017 0.579927 -0.143546 -0.148229 -0.08437 0.884286 0.488823 0.132997 -1.45484 -0.0833761 0.731217 -0.346812 -0.262539
85 -0.673017 0.33607 0.381396 0.299104 0.482969 0.400397 0.101784 -0.151965 0.102243 0.995182 0.206743 -0.381258 0.372266 -0.0773358 -0.678638 -0.0377177 -0.349284 -0.68127 -0.295059 -0.330756 0.527015 -0.158167 -0.21195 -0.0378887 0.820864 0.511346 0.130508 -1.41531 -0.0367872 0.617101 -0.310324 -0.162545
99 -0.210653 0.531678 0.141135 1.02814 -0.143336 0.301228 0.16298 -0.979876 0.739639 0.0322783 -0.508041 0.284298 -0.504747 -0.606292 -0.223703 0.621613 0.40044 -0.549945 0.545336 0.413231 -0.476919 0.249295 0.669039 0.100447 0.651557 1.2313 -0.221615 -0.959318 0.160568 1.14858 -0.0134667 -0.182199
100 -0.187065 0.480044 0.141796 0.942038 -0.16683 0.27251 0.180372 -0.909206 0.661979 0.00340687 -0.430007 0.305586 -0.442124 -0.519048 -0.168631 0.539103 0.398384 -0.456623 0.463116 0.367014 -0.448961 0.205263 0.58567 0.0676134 0.500812 1.09539 -0.215147 -0.762316 0.181889 0.958296 0.054586 -0.159397
236 0.279964 0.337617 0.0401426 0.790613 -0.241568 0.49967 0.615788 -0.235901 0.879496 -0.0147573 -0.423288 -0.086828 -0.230702 -0.199984 -0.574718 -0.393387 0.460189 -0.614423 0.210707 -0.122205 -0.654874 -0.112484 -0.0424105 -0.0713862 1.96472 -0.317106 0.217894 -1.04644 0.205964 0.202404 -0.202431 -0.478344
173 -0.717399 1.04426 -0.401957 0.866537 0.193057 0.0899535 -0.511928 -0.261153 0.300072 -0.265271 -0.0605882 -0.679407 -0.137745 0.0274011 -1.00598 -0.00204763 0.741941 -0.488816 -0.00212857 -0.470013 -0.285309 0.124775 -0.0742085 -0.151957 0.968224 0.673958 0.031213 -0.782761 0.483552 0.515044 -0.540447 -0.35899
171 -0.6962 1.11094 -0.395194 0.867381 0.28948 0.173597 -0.599698 -0.138556 0.408015 -0.31102 -0.133472 -0.667514 -0.129105 0.0348662 -1.13491 0.0653732 0.776216 -0.402099 -0.0495619 -0.589453 -0.343371 0.0975747 -0.0334776 -0.19529 1.05813 0.750684 -0.0776683 -0.794568 0.612855 0.459642 -0.667229 -0.353129
170 -0.655276 1.11495 -0.449283 0.915315 0.351314 0.273212 -0.699571 -0.0341608 0.464553 -0.377547 -0.110912 -0.676549 -0.198124 0.0386132 -1.23438 0.0665302 0.835267 -0.358691 -0.104514 -0.698506 -0.350282 0.126259 -0.00503332 -0.26653 1.09017 0.753818 -0.159376 -0.87351 0.745062 0.533815 -0.756123 -0.351798
169 -0.562709 0.984209 -0.410732 0.836173 0.320574 0.267905 -0.609409 -0.0519649 0.432915 -0.376343 -0.0809125 -0.55782 -0.229513 0.0494694 -1.10797 0.103884 0.77377 -0.302959 -0.11458 -0.653532 -0.30076 0.123172 0.0135952 -0.216535 0.895932 0.642069 -0.15434 -0.778217 0.663138 0.412256 -0.706158 -0.318102
12 -0.22878 0.393213 0.104874 -0.245485 0.506039 -0.599933 0.560779 0.0883149 0.0799856 -0.183858 -0.797815 0.0264022 -0.084358 0.0190847 -0.762235 -0.421218 0.0345006 0.249755 0.0928727 0.0431562 0.688948 0.221733 0.05881 -0.156714 1.13193 0.667455 -0.466966 -0.748524 0.374416 1.54318 0.0200635 0.300912
178 -0.491177 0.846341 -0.266296 0.755977 -0.200486 -0.615668 0.303542 -0.823993 -0.0487325 -0.21633 0.393913 -0.551383 -0.237591 0.0748182 -0.499763 -0.141802 0.792435 -1.11381 0.0438561 -0.0835323 -0.0118448 -0.0440147 -0.425199 0.0790065 0.673663 0.536353 0.12086 -1.04741 -0.228919 0.608394 -0.265717 -0.368234
172 -0.697312 0.999641 -0.367115 0.810718 0.225982 0.111444 -0.51548 -0.235318 0.327747 -0.245598 -0.0799711 -0.642168 -0.108612 0.0100574 -0.976301 0.0227227 0.694907 -0.403725 0.00196967 -0.465288 -0.302798 0.124553 -0.0610174 -0.148223 0.951332 0.658588 -0.000917075 -0.741705 0.506586 0.493721 -0.554292 -0.340187
13 -0.276155 0.378743 0.0487846 -0.226907 0.503692 -0.557362 0.522122 0.0637157 0.120217 -0.188419 -0.734629 -0.069011 -0.0880993 -0.00866782 -0.761078 -0.325181 0.0557918 0.188307 0.0897709 -0.0113762 0.604727 0.132324 0.0316991 -0.0901544 1.04798 0.5563 -0.46845 -0.68713 0.366362 1.35124 0.0138716 0.296033
235 0.236793 0.348374 0.0159827 0.68315 -0.184219 0.390203 0.44472 -0.200855 0.728085 -0.0639128 -0.313892 -0.107327 -0.206454 -0.141865 -0.54321 -0.31187 0.384383 -0.508931 0.17518 -0.105151 -0.569361 -0.08434 -0.0383402 -0.0266606 1.62085 -0.210894 0.167299 -0.895758 0.194811 0.164611 -0.170267 -0.37801
234 0.218949 0.380991 0.0213408 0.704397 -0.180803 0.449721 0.576842 -0.317099 0.767339 0.137104 -0.44686 -0.151798 -0.183491 -0.169074 -0.675804 -0.373222 0.428321 -0.478665 0.142594 -0.20391 -0.757808 -0.0920793 -0.0535972 -0.0581673 1.73132 -0.132901 0.166176 -0.920823 0.221898 0.103937 -0.296703 -0.325594
84 -0.694776 0.372971 0.414705 0.330455 0.550695 0.433411 0.124235 -0.153216 0.0848724 1.05563 0.277565 -0.429639 0.419289 -0.0636982 -0.768757 -0.0210092 -0.370406 -0.799368 -0.335941 -0.375683 0.612598 -0.156956 -0.193823 -0.089517 0.932704 0.640115 0.142982 -1.629 -0.00737079 0.74742 -0.369052 -0.145513
