300 4
81 -0.0451685 2.96617 -2.17962 -0.43016
82 -0.104826 2.62673 -2.01677 -0.469682
80 -0.206267 2.80115 -2.13602 -0.296268
78 0.0759729 2.56085 -1.86868 -0.277337
79 -0.169943 2.49866 -1.84331 -0.186604
118 -0.581845 0.693717 -3.16735 -0.566684
119 -0.510756 0.83871 -3.47178 -0.61607
117 -0.58502 0.86347 -3.23006 -0.715961
116 -0.520494 1.10896 -3.06762 -0.775237
120 -0.69449 0.986154 -3.34783 -0.491219
122 -0.675264 1.18184 -3.30518 -0.557473
121 -0.644885 0.756425 -2.93931 -0.374458
291 -0.103854 1.47354 -2.79331 -1.45025
290 0.35729 1.38338 -2.93873 -1.70078
288 0.359542 1.19846 -2.93709 -1.77653
287 0.57837 1.10363 -2.71971 -1.44301
286 0.651725 0.923718 -2.33118 -1.20376
52 1.12411 -0.101556 -2.94715 0.644668
51 1.21069 -0.076751 -3.41355 0.803395
50 1.38844 0.0697815 -3.04073 1.20396
53 1.09244 -0.1804 -3.43867 0.670898
49 1.23482 0.109751 -2.76108 1.13078
48 1.30395 0.319038 -2.94929 1.37554
132 0.299573 2.11317 -1.90713 -1.0499
131 0.193014 2.32945 -2.19211 -1.16377
129 0.112405 2.35533 -2.21599 -1.16784
130 0.0772061 2.0231 -1.93487 -1.03605
128 0.0499922 2.14162 -2.35043 -1.09976
126 -0.287052 1.96811 -2.47875 -1.00495
127 -0.0974377 1.89707 -2.24889 -0.97236
293 -0.363371 1.45771 -2.81443 -1.28535
294 -0.550279 1.49026 -2.65673 -0.887349
295 -0.494655 1.2494 -2.22054 -0.51613
292 -0.151871 1.32164 -2.4477 -1.23092
56 0.759727 -0.334737 -3.54631 -0.0930964
54 0.885186 -0.330221 -3.53983 0.102944
55 0.711201 -0.266857 -3.14239 -0.0190463
57 0.772277 -0.151176 -3.46534 -0.313255
195 0.190739 2.16305 -1.76169 0.843091
197 0.635329 2.34028 -1.91607 1.03324
196 0.521186 1.89823 -1.59916 0.946722
198 0.903059 2.64533 -1.89049 1.1873
148 1.64065 0.997959 -1.70932 -0.241389
147 1.76027 1.04819 -1.78043 -0.164117
149 1.97212 1.20047 -1.89348 -0.295599
150 2.22714 1.46585 -2.07435 -0.399745
152 2.25571 1.57281 -2.04205 -0.37831
151 2.13097 1.44813 -1.72259 -0.359015
221 -0.76473 0.632856 -3.45503 0.245485
219 -0.65203 0.649293 -3.42835 0.229912
220 -0.612279 0.595226 -2.93436 0.186876
222 -0.732318 0.57755 -3.40001 -0.0468375
224 -0.65251 0.584557 -3.26043 -0.214397
18 1.32869 0.429238 -2.8244 -0.806105
20 1.27986 0.391753 -2.85147 -0.93809
19 1.18155 0.379731 -2.57085 -0.805173
21 1.21963 0.497837 -2.63244 -0.8884
23 1.13822 0.453346 -2.44771 -0.801997
22 1.07506 0.424751 -2.25602 -0.736303
106 -0.249283 0.683397 -2.89177 1.04815
105 -0.244736 0.815662 -2.9212 1.17765
107 -0.17716 0.710519 -2.99657 1.02901
104 -0.301514 0.905969 -2.85495 1.2144
108 -0.186557 0.639646 -3.03563 1.09638
110 -0.133785 0.597603 -2.67603 0.653821
109 0.0275681 0.529192 -2.57208 0.960915
199 0.950953 2.18908 -1.50666 1.0112
200 0.977512 2.60385 -1.80621 1.07593
111 -0.279213 1.07206 -2.61003 -0.412615
113 -0.359697 1.30925 -2.88967 -0.769396
112 -0.180633 1.17576 -2.48195 -0.518229
87 1.35533 2.24037 -1.90888 -1.15822
86 0.998499 2.19057 -1.77754 -0.98838
85 0.753129 1.91221 -1.52729 -0.788808
84 0.491072 2.38109 -1.67692 -0.753512
276 1.50395 0.203119 -2.59611 0.64157
277 1.2254 0.234028 -2.46358 0.348029
278 1.28678 0.223522 -2.67834 0.0747169
83 0.0654539 2.80348 -2.05237 -0.541413
245 1.37205 0.262141 -2.52701 -0.752588
244 1.34047 0.19543 -2.24837 -0.545118
243 1.66737 0.17945 -2.67536 -0.64412
246 0.965103 0.414136 -2.52482 -0.840902
247 0.760196 0.482663 -2.20247 -0.793292
269 0.590481 -0.036565 -2.91349 0.880103
268 0.391695 -0.118176 -2.61235 0.652957
267 0.470425 -0.0475699 -3.08147 0.799231
266 0.620147 0.141189 -2.82964 0.878369
70 1.84929 1.42225 -1.62257 0.244428
71 2.00688 1.53463 -1.83907 0.187319
72 1.88255 1.65509 -1.6303 0.12168
73 1.70318 1.57383 -1.54484 0.0225181
74 1.7832 1.86317 -1.6588 0.00690804
75 1.17621 1.94042 -1.52617 -0.1306
193 -0.377981 2.26346 -1.96259 0.66873
194 -0.331312 2.55899 -2.3096 0.716499
192 -0.557812 2.62326 -2.41086 0.672723
154 1.53303 1.66558 -1.68525 -0.241377
155 1.67969 1.95762 -1.80639 -0.134361
153 1.78233 1.68269 -1.8617 -0.307329
281 0.891596 0.571914 -2.59933 -0.9279
280 0.819371 0.535614 -2.36122 -0.626024
279 1.07247 0.278921 -2.73453 -0.539114
275 1.79712 0.263344 -2.83543 1.11442
94 1.03272 1.68002 -1.41617 -0.678351
95 0.928424 1.92179 -1.57073 -0.596842
93 1.30286 1.97605 -1.63808 -0.86257
92 1.89949 1.93404 -1.83188 -1.04388
90 1.88758 1.85868 -1.97003 -1.07052
91 1.845 1.49336 -1.76833 -1.00511
229 0.346936 0.955046 -2.12453 -0.936538
230 0.464892 1.21433 -2.5956 -1.31374
231 0.933864 1.33607 -2.75593 -1.66853
232 0.888492 1.22511 -2.38654 -1.45045
233 1.02901 1.32253 -2.70741 -1.54573
234 1.1328 1.21835 -2.60118 -1.4472
228 -0.0520166 1.02969 -2.56606 -0.932579
227 -0.35057 0.924944 -2.91365 -0.573288
225 -0.401807 0.804681 -2.93267 -0.488402
223 -0.567627 0.45722 -2.93214 -0.0462942
169 0.695092 1.98313 -1.7853 0.903563
170 0.664059 2.04079 -1.87786 1.09257
168 0.784511 2.35238 -1.83989 0.924636
167 0.96915 2.53295 -1.72579 0.776053
166 1.06964 2.29665 -1.50925 0.623637
165 1.24628 2.67145 -1.77588 0.703055
7 1.37493 0.0357633 -2.15233 0.280265
8 1.69382 0.143968 -2.48551 0.357358
9 1.78387 0.0761527 -2.59585 0.285306
10 1.56548 0.0584662 -2.29157 0.195888
11 1.75984 0.0824348 -2.605 0.27133
12 1.53407 0.115878 -2.6874 0.123656
15 1.32465 0.198862 -2.71554 -0.603248
14 1.40699 0.0776773 -2.63254 -0.0509659
13 1.32843 0.141642 -2.57568 -0.00370895
27 1.01144 1.38569 -1.86139 0.44743
28 0.942438 1.13913 -1.65738 0.315453
26 0.933395 1.0526 -2.02536 0.138368
24 1.00672 0.760597 -2.26218 -0.436331
25 0.793228 0.97623 -2.11212 -0.0845063
59 0.826178 -0.0227934 -3.63167 -0.505744
60 1.26341 -0.0772409 -3.31528 -0.994859
61 1.22138 0.0444614 -2.73238 -0.955614
62 1.58146 0.352055 -2.83068 -1.11677
140 0.794503 1.92306 -1.66892 -0.775565
141 0.913938 1.3475 -1.50177 -0.668533
143 1.12004 0.863815 -1.75691 -0.448996
144 1.5226 0.763934 -1.87334 -0.237373
146 1.62291 0.738207 -1.89075 -0.111575
145 1.4351 0.668007 -1.72198 -0.202914
123 -0.717813 1.42831 -3.29271 -0.631137
16 1.28784 0.168173 -2.59757 -0.682337
17 1.39817 0.293113 -2.89553 -0.756653
282 0.919962 0.608936 -2.84838 -1.24756
88 1.3091 1.88751 -1.57492 -1.01252
89 1.49668 1.89657 -1.79003 -1.02127
240 1.84772 0.179087 -2.78288 -0.535645
241 1.66924 0.116006 -2.49585 -0.447055
242 1.83756 0.241439 -2.77487 -0.573404
58 0.64697 -0.0597312 -3.10705 -0.507286
237 1.42946 0.635705 -2.49342 -0.700597
236 1.23726 1.02651 -2.50899 -1.19478
157 1.44363 1.79131 -1.38662 0.0694798
158 1.77008 2.05613 -1.64092 0.14752
159 1.90202 2.35002 -1.78158 0.339096
160 1.56271 1.90323 -1.44975 0.305113
161 1.81377 2.36314 -1.70967 0.366558
162 1.58732 2.33957 -1.62467 0.554632
6 1.52522 0.183852 -2.44595 0.46853
5 1.37951 0.282193 -2.49193 0.628069
4 1.14239 0.266542 -2.0945 0.536414
96 0.659329 2.03694 -1.58709 -0.468186
98 0.34439 1.97219 -1.64317 -0.275002
97 0.348948 1.93196 -1.50879 -0.228636
205 1.63096 1.88079 -1.42219 0.626527
206 1.95316 2.07642 -1.85901 0.844224
204 1.75808 2.18312 -1.67881 0.745994
207 2.08871 1.87548 -1.89545 0.899484
208 1.73571 1.53819 -1.69952 0.897099
272 1.35521 0.0817006 -3.04666 1.20977
273 1.77763 0.2098 -2.90207 1.24923
274 1.51988 0.15847 -2.37295 0.972646
271 0.974996 0.00828015 -2.50799 1.00095
270 0.845276 -0.00572887 -2.92763 1.06217
210 1.73672 1.45977 -1.97772 0.922532
209 2.02035 1.71821 -1.98613 0.971404
211 1.33684 1.29844 -1.84238 0.754336
212 1.22032 1.13435 -2.21597 0.890166
213 0.649638 0.846447 -2.48684 0.87493
214 0.544605 0.658117 -2.33505 0.779773
175 0.503556 1.56998 -1.92043 1.25831
174 0.572191 1.79464 -2.23257 1.51698
176 0.354355 1.82344 -2.19989 1.57805
177 0.273785 1.99869 -2.35626 1.53179
179 0.095475 2.1092 -2.36106 1.55534
218 -0.511598 0.595329 -3.00305 0.373957
217 -0.464624 0.553374 -2.67398 0.290632
134 0.504972 2.17589 -1.79613 -0.947237
133 0.376036 1.79212 -1.59955 -0.781985
137 0.788926 2.35978 -1.8609 -0.924646
136 0.659815 1.93663 -1.56315 -0.825521
138 0.848858 2.33795 -1.86194 -0.90247
135 0.664796 2.24095 -1.77395 -0.891553
47 1.14862 0.411184 -2.80233 1.58118
45 1.14488 0.61218 -2.98028 1.77232
46 1.14166 0.447754 -2.5887 1.44617
102 -0.296794 0.938001 -2.7403 1.15482
103 -0.255303 0.872093 -2.48355 1.09097
29 0.998432 1.38985 -1.65898 0.448171
173 0.556319 1.83868 -2.22237 1.59834
172 0.622943 1.67895 -1.89305 1.34308
171 0.653515 1.84074 -2.08911 1.45551
239 1.53313 0.563172 -2.61679 -0.507617
139 0.75719 2.00692 -1.58078 -0.732524
298 -0.741864 1.18554 -2.37239 0.0718343
299 -0.483681 1.04384 -2.53156 0.240597
297 -0.710641 1.32901 -2.7345 0.0151757
0 -0.148901 0.506258 -2.4011 0.398415
1 0.497614 0.401857 -2.15311 0.469158
2 0.538801 0.4108 -2.4078 0.568519
3 0.959423 0.271125 -2.44652 0.675796
164 1.33954 2.51876 -1.68731 0.577536
163 1.25394 1.98659 -1.46526 0.552354
259 1.66708 1.46672 -1.87486 1.53663
258 1.67111 1.66423 -2.15719 1.68519
257 1.21682 1.78466 -2.00391 1.41736
256 1.02797 1.65516 -1.72521 1.06542
226 -0.483263 0.846229 -2.68242 -0.503917
42 0.421882 0.869566 -2.98787 1.79972
41 0.246813 0.880487 -3.09035 1.75658
39 0.147572 0.940919 -3.02055 1.79657
40 0.144868 0.784869 -2.63876 1.68098
178 0.181437 1.66823 -1.88662 1.27969
284 0.808266 0.682313 -2.6035 -1.19376
285 0.637822 0.830394 -2.38248 -1.24393
283 0.798214 0.563982 -2.32416 -1.16802
31 0.710074 1.4506 -1.38137 0.529072
32 0.746726 1.49659 -1.55893 0.838783
33 0.658551 1.39412 -1.5912 1.02937
35 0.554538 1.35545 -1.74657 1.10907
34 0.558256 1.22798 -1.57497 1.01515
44 0.644151 0.749839 -2.92202 1.76023
43 0.419746 0.667073 -2.49499 1.57653
254 0.496003 1.81056 -1.84367 0.75429
255 0.942674 1.76272 -1.93684 1.08465
253 0.169327 1.65304 -1.86318 0.419503
76 0.656235 1.62571 -1.44299 -0.0181317
77 0.548964 1.9925 -1.554 -0.107902
156 1.67246 2.10424 -1.71138 0.0619584
67 1.93283 1.11872 -1.66107 0.0638611
68 2.16741 1.31351 -1.90237 0.111294
66 2.05438 1.00227 -1.8467 -0.183724
65 2.15595 0.990644 -2.12102 -0.447103
63 1.97194 0.728811 -2.23834 -0.882323
238 1.40806 0.522536 -2.44362 -0.546795
203 1.33658 2.46473 -1.64722 0.666426
201 1.17481 2.57028 -1.67921 0.829008
202 1.22322 2.29801 -1.49506 0.562682
235 0.969606 1.02193 -2.29468 -1.11517
186 -0.429124 2.00798 -2.56145 0.765221
188 -0.517675 2.13155 -2.49376 0.52109
189 -0.565708 2.26643 -2.29752 0.45948
191 -0.506835 2.56811 -2.40698 0.489292
215 0.396296 0.582441 -2.67957 0.784623
216 -0.288728 0.568894 -2.71168 0.452234
190 -0.573042 2.22186 -2.15514 0.41964
64 1.82164 0.863483 -2.02502 -0.610366
264 0.903643 0.379781 -2.44539 1.16986
263 1.22037 0.721884 -2.17947 1.2983
262 1.20186 0.825444 -2.04553 1.2399
261 1.48514 1.02374 -1.9813 1.49071
260 1.69782 1.53578 -2.20345 1.57629
187 -0.348293 1.80083 -2.28385 0.522118
38 0.249383 1.02855 -2.64458 1.54772
37 0.180044 1.02633 -2.28888 1.30133
248 0.765431 0.658208 -2.31198 -0.84593
185 -0.441788 2.06716 -2.63275 1.10245
184 -0.393933 1.77807 -2.20738 1.02218
183 -0.404503 2.02109 -2.61106 1.19677
180 -0.157215 2.13506 -2.51516 1.58193
250 0.179656 1.07861 -1.80547 -0.313136
251 0.133018 1.41954 -1.8683 -0.105927
249 0.397562 0.973484 -2.06606 -0.559157
36 0.368489 1.07473 -2.0805 1.36274
114 -0.342361 1.33151 -2.90869 -0.819598
252 0.191659 1.69072 -1.87975 0.256722
289 0.341021 1.05331 -2.50396 -1.51846
296 -0.742294 1.37876 -2.57079 -0.473906
99 -0.11748 1.60365 -2.0598 0.510322
101 -0.32111 1.20935 -2.51312 1.0251
100 -0.167211 1.22677 -2.24831 0.725864
182 -0.262015 2.0422 -2.59367 1.56416
181 -0.20275 1.80138 -2.22597 1.46681
115 -0.337661 1.11105 -2.57738 -0.751028
142 0.986469 0.923022 -1.65578 -0.468092
30 0.881822 1.52828 -1.53446 0.675926
69 2.11283 1.48783 -1.85085 0.199088
124 -0.62269 1.28032 -2.80841 -0.542232
125 -0.582799 1.40096 -2.95841 -0.583221
265 0.520759 0.128206 -2.31223 0.83407
