300 16
83 -0.596452 -0.0643726 -0.547481 -0.798029 -0.673845 -0.101491 -1.3095 0.231383 -0.151979 -1.11684 0.313854 1.48372 1.13728 -0.500544 0.944597 -0.224353
84 -0.606067 0.134708 -0.67534 -1.00732 -0.277305 0.0922031 -1.22858 0.475529 -0.519625 -1.30388 0.193573 1.46055 1.07825 -0.454498 1.03902 -0.171256
85 -0.516044 0.211694 -0.632251 -0.974803 -0.00100879 0.115756 -0.938391 0.507984 -0.66138 -1.18983 0.0795321 1.16468 0.999318 -0.365151 0.948551 0.00439958
86 -0.567379 0.268796 -0.647879 -1.15256 0.148814 0.176251 -0.890867 0.650683 -0.909118 -1.30111 -0.00494665 1.15276 1.11815 -0.421609 1.20354 0.0125101
261 -0.283943 -0.653535 -1.32783 0.92998 -0.347064 -0.119022 -0.374016 1.4348 0.0782264 0.411543 -0.0104615 0.395364 1.37322 -0.949812 1.17102 -0.298345
260 -0.204806 -0.317938 -1.48648 0.988063 -0.438163 -0.107194 -0.507072 1.31081 0.276464 0.327847 0.129083 0.31754 1.49063 -0.593603 1.32179 0.142774
258 -0.125455 -0.0622798 -1.44124 0.874227 -0.497067 -0.17238 -0.607159 1.13734 0.272373 0.206351 0.214123 0.233185 1.48248 -0.507048 1.30446 0.344248
257 -0.15574 0.362211 -1.43701 0.791234 -0.581598 -0.373243 -0.722977 0.967202 0.312885 0.0921281 0.29331 0.197724 1.53219 -0.394995 1.40242 0.861136
259 -0.137521 -0.278324 -1.3277 0.87057 -0.422347 -0.118996 -0.535658 1.0776 0.195407 0.211851 0.182278 0.288115 1.36157 -0.523273 1.18962 0.138443
20 0.595865 0.0203644 0.134037 -0.153949 -0.229267 -0.427106 0.47914 -0.283361 0.135662 -0.0872676 0.0814187 0.437168 1.23892 -0.299129 2.24499 0.519692
19 0.452194 -0.0217314 0.0767353 -0.122328 -0.175368 -0.381456 0.357596 -0.241564 0.0278231 -0.0930746 0.0906986 0.38541 1.11962 -0.323367 1.9073 0.395194
18 0.4309 -0.0220313 0.00527838 -0.143256 -0.300838 -0.452258 0.376192 -0.144945 -0.115008 -0.127712 -0.0858469 0.3373 1.06708 -0.281366 2.1035 0.485649
17 0.0212489 -0.140582 -0.567547 -0.0384483 -0.60838 -0.743885 -0.0491903 0.269333 -0.836717 -0.36204 -0.357918 0.258522 0.693616 -0.32257 2.08007 0.372492
15 -0.0358573 -0.191551 -0.734886 0.0346212 -0.721306 -0.828716 -0.0877538 0.288257 -1.20491 -0.261006 -0.7093 -0.0450233 0.296549 -0.14078 2.28684 0.571956
16 -0.0725406 -0.134447 -0.662498 0.0489497 -0.635525 -0.773036 -0.0911065 0.357086 -0.955518 -0.307468 -0.495709 0.154196 0.479739 -0.218379 1.92531 0.372539
221 -0.189137 -0.33361 -0.449089 -0.921215 -0.701663 -0.563256 0.716531 0.252091 0.2592 -0.500063 0.222918 1.60802 0.382211 0.324536 2.28787 -0.51122
219 -0.250774 -0.264429 -0.321849 -0.918165 -0.585136 -0.900437 0.704231 -0.0772482 0.173127 -0.610374 0.328909 1.51999 0.541115 0.27512 2.26133 -0.493614
218 -0.179376 -0.177616 -0.135411 -0.750396 -0.569203 -1.12742 0.644576 -0.376842 0.0845902 -0.628447 0.426771 1.21542 0.729813 0.254627 1.91351 -0.397895
216 -0.108016 -0.197715 -0.0132051 -0.696081 -0.49296 -1.38221 0.78673 -0.577914 0.0414785 -0.714376 0.522308 1.10984 0.856508 0.193549 1.87561 -0.373405
217 -0.170412 -0.134507 0.00216406 -0.580359 -0.506473 -1.21559 0.65566 -0.507881 0.0726556 -0.644811 0.464646 0.990034 0.86314 0.195929 1.74894 -0.364748
190 0.00486541 -0.457743 -0.181662 -0.471792 -0.626466 -0.550013 -0.896106 0.03765 -0.895763 -0.475052 -0.326551 -0.338866 1.14064 0.50277 1.64806 -0.294807
189 -0.0771834 -0.474138 -0.177701 -0.505794 -0.707016 -0.630233 -0.959732 0.056833 -0.9979 -0.586997 -0.323752 -0.265389 1.23067 0.522049 1.75802 -0.243675
191 0.0523375 -0.58705 -0.242661 -0.49492 -0.636536 -0.628096 -1.04028 -0.0685369 -0.806418 -0.585199 -0.330367 -0.498589 1.3011 0.625822 1.80082 -0.401207
188 -0.134405 -0.473481 -0.209006 -0.323915 -0.69134 -0.621347 -0.941737 0.144177 -1.06774 -0.653397 -0.27008 -0.148497 1.11089 0.430932 1.65164 -0.204279
186 -0.228161 -0.404026 -0.177964 -0.17567 -0.567977 -0.646416 -0.884014 0.100668 -1.01458 -0.621648 -0.135055 0.0307434 1.10169 0.251313 1.55935 -0.24176
185 -0.437847 -0.22022 -0.112249 0.161504 -0.285594 -0.701926 -0.691134 -0.147064 -1.18627 -0.480012 0.12784 0.334149 1.03017 -0.248398 1.56284 -0.152337
67 0.338137 -0.307362 -1.70773 0.00695294 -0.502089 -0.277634 0.296562 -0.0949481 -1.14702 -0.184304 0.244473 0.48095 1.41819 -0.528268 0.837376 0.263057
68 0.361767 -0.294961 -1.84902 -0.0450397 -0.595017 -0.415915 0.288519 0.00911074 -1.30474 -0.17987 0.270037 0.588343 1.64862 -0.602878 1.01013 0.360983
69 0.435636 -0.355253 -1.7695 -0.205501 -0.648292 -0.489343 0.120896 0.104592 -1.22607 -0.0951022 0.296486 0.701633 1.85543 -0.708872 0.876531 0.565705
66 0.43722 -0.311654 -1.96278 0.0605544 -0.568208 -0.440474 0.473036 -0.121042 -1.34573 -0.238184 0.316266 0.521425 1.5725 -0.562109 0.938714 0.162737
65 0.337712 -0.249539 -1.69507 0.14064 -0.510116 -0.585784 0.576245 -0.15219 -1.3655 -0.40521 0.312106 0.464079 1.18868 -0.392247 1.07628 -0.124979
63 0.253478 -0.139355 -1.43968 0.208078 -0.430142 -1.03407 0.711035 -0.0393669 -1.40535 -0.549679 0.336707 0.398985 0.932841 -0.364602 1.18736 -0.417076
64 0.21563 -0.227463 -1.30922 0.129892 -0.379437 -0.748149 0.538889 -0.101938 -1.21492 -0.390608 0.318041 0.381281 0.854511 -0.342261 0.969697 -0.215283
112 -0.658443 -0.519337 0.166801 -0.0649518 -0.701844 -0.692596 0.432763 0.0188398 0.134033 0.0357779 0.0718067 -0.270459 1.55327 -1.40922 1.20328 -0.01479
111 -0.855869 -0.487614 0.105546 -0.0258053 -0.679129 -0.591147 0.51072 -0.0215165 0.201075 0.159527 0.0884134 -0.171134 1.93603 -1.41559 1.52492 -0.0842495
113 -0.89518 -0.629574 0.168996 -0.0871782 -0.803704 -0.784601 0.491535 0.0066192 0.16882 0.0580284 0.0717486 -0.321295 1.86404 -1.63227 1.54217 0.0266322
110 -0.882581 -0.432665 0.0771142 -0.0078563 -0.546385 -0.428155 0.440275 -0.10701 0.277255 0.251576 0.161537 -0.111248 1.89279 -1.26137 1.59569 -0.0616933
108 -0.851461 -0.338718 0.0370526 -0.00908961 -0.418504 -0.267576 0.445236 -0.0395117 0.301802 0.336902 0.171003 0.0505807 2.04719 -1.15936 1.64761 -0.103814
109 -0.848883 -0.376983 0.0502425 -0.00939753 -0.452759 -0.340129 0.48522 -0.0163348 0.250762 0.277477 0.1666 -0.00513187 1.84164 -1.10822 1.47495 -0.116836
255 -0.169668 0.704037 -1.37917 0.556341 -0.626129 -0.569206 -0.87726 0.701994 0.213139 0.0492379 0.258215 0.118522 1.40201 -0.469587 1.42358 1.15656
254 -0.35552 0.952589 -1.12808 0.311395 -0.599496 -0.663827 -0.942836 0.278351 0.12493 0.0307223 0.16438 0.0580055 1.17381 -0.78142 1.54804 1.25362
252 -0.458524 0.996918 -0.963461 0.148469 -0.418489 -0.453959 -0.861225 -0.0273454 0.227029 -0.0506526 0.164286 0.150503 1.02955 -0.927191 1.56938 1.09706
251 -0.602177 1.01522 -0.818705 0.0496486 -0.209934 -0.307578 -0.869991 -0.165228 0.341266 -0.110519 0.275306 0.291837 1.16702 -1.13376 1.88253 0.894729
249 -0.643409 0.923083 -0.790008 0.119392 -0.0918468 -0.163344 -0.827927 -0.155755 0.434017 -0.0475906 0.35153 0.361597 1.16224 -1.1728 1.97799 0.737806
248 -0.566204 0.812846 -0.739334 0.100453 -0.0743918 -0.156847 -0.7939 -0.0554505 0.392998 -0.125224 0.376935 0.371015 1.11529 -1.11166 1.9617 0.64823
246 -0.497832 0.623652 -0.712251 0.116408 -0.0975652 -0.252959 -0.676828 0.0729918 0.347679 -0.131225 0.353995 0.402025 1.14234 -1.06259 1.86522 0.519805
247 -0.456587 0.57602 -0.625586 0.051761 -0.0966601 -0.161681 -0.571282 -0.0171847 0.293005 -0.0813735 0.292524 0.311196 0.947727 -0.954495 1.62573 0.494418
215 0.0705431 -0.490463 0.0193201 -0.40959 -0.352018 -1.19653 0.684575 -0.569498 -0.111986 -0.655433 0.437414 0.856217 0.800558 -0.127493 1.66511 -0.0705538
14 -0.00462278 -0.15209 -0.851537 0.0240096 -0.768352 -0.837494 -0.0804353 0.211606 -1.34425 -0.284004 -0.889357 -0.0869378 0.0978266 -0.163767 2.47584 0.641772
13 -0.00982779 -0.1243 -0.776913 0.0224735 -0.70763 -0.768577 -0.0264406 0.209816 -1.28469 -0.22896 -0.796468 -0.119137 0.0564077 -0.17596 2.18398 0.596279
276 -1.20409 0.72765 -0.818261 -0.461413 -0.965756 -0.827855 0.344388 1.00607 -0.78777 -0.695476 0.44593 -0.00022836 0.53987 -0.611761 1.6388 -0.541848
277 -0.977219 0.626121 -0.711247 -0.38937 -0.831015 -0.70323 0.277372 0.874368 -0.631153 -0.63683 0.371567 0.0103745 0.391167 -0.426915 1.31122 -0.401965
278 -1.24347 0.827969 -0.801891 -0.419598 -0.968635 -0.885527 0.374851 1.04041 -0.724639 -0.729792 0.571103 -0.000321868 0.594392 -0.500111 1.64212 -0.435728
279 -1.24164 0.822026 -0.877765 -0.419056 -1.07182 -0.744315 0.409754 1.00222 -0.519543 -0.707278 0.535931 0.00159652 0.762118 -0.396055 1.87514 -0.387882
0 0.985996 0.269973 -0.39793 0.0102614 -1.1379 -0.776729 -0.272243 0.405573 -0.636072 -1.17791 -0.862115 1.66705 1.45185 -0.287567 1.0085 -0.180024
2 1.12457 0.178027 -0.108195 0.066702 -1.151 -0.670936 -0.366602 0.508257 -0.812664 -1.0626 -1.03747 1.70328 1.43737 -0.276217 1.22929 -0.295107
1 0.960507 0.21896 -0.240805 0.0976094 -1.02529 -0.629989 -0.278904 0.385041 -0.59864 -1.00555 -0.854079 1.48465 1.30081 -0.222353 0.874602 -0.202718
299 0.875699 0.321936 -0.530829 -0.0552518 -1.08683 -0.826217 -0.307615 0.232301 -0.462494 -1.05252 -0.818173 1.50269 1.42987 -0.3056 0.870579 -0.0509925
298 0.737177 0.277656 -0.582068 -0.0742248 -0.995203 -0.770949 -0.260959 0.142572 -0.375063 -1.03173 -0.758942 1.33556 1.1974 -0.238935 0.72074 0.0601007
22 0.729895 0.0110564 0.37804 -0.198933 -0.184888 -0.33003 0.557605 -0.424986 0.383713 -0.0359486 0.133059 0.535186 1.52254 -0.359523 2.38463 0.646884
21 0.707904 0.0604364 0.317405 -0.174535 -0.240494 -0.412512 0.513331 -0.339498 0.25424 -0.0675461 0.126587 0.555264 1.54897 -0.418178 2.42506 0.617173
23 0.799724 0.12197 0.326422 -0.213478 -0.211444 -0.353876 0.589233 -0.50188 0.317142 -0.08231 0.118429 0.614314 1.59461 -0.428467 2.66801 0.609969
88 -0.409237 0.397653 -0.422114 -1.04653 0.494343 0.239939 -0.674759 0.56771 -0.936855 -0.989841 -0.052077 0.92183 0.948106 -0.291949 1.23376 -0.0424196
89 -0.362948 0.515543 -0.439915 -1.10335 0.538206 0.319294 -0.807117 0.528773 -1.04958 -0.9712 -0.0531139 0.931016 0.917763 -0.235499 1.4602 -0.113971
87 -0.513232 0.359564 -0.554558 -1.12943 0.368633 0.203085 -0.799508 0.606816 -1.01792 -1.15726 0.0117073 1.05549 0.975111 -0.351276 1.32895 -0.0618025
207 0.0812585 -1.35016 -0.259523 0.694817 0.377417 -0.165805 0.467116 -0.0534332 -0.800498 -0.607085 -0.201119 0.645863 0.751153 -1.0843 1.94223 0.886313
206 -0.09062 -1.38732 -0.297013 0.727194 0.35174 -0.00163832 0.350413 0.0323794 -0.756904 -0.735028 -0.19417 0.505442 0.694413 -0.928247 1.87157 0.90973
208 0.111989 -1.14592 -0.220362 0.556313 0.262242 -0.19995 0.409595 -0.0552082 -0.670285 -0.45708 -0.165863 0.594706 0.661872 -1.01618 1.6424 0.802087
209 0.21691 -1.27273 -0.184418 0.591232 0.319615 -0.288878 0.518518 -0.113607 -0.782646 -0.487394 -0.228186 0.684522 0.795178 -1.14017 1.77672 0.827148
210 0.461444 -1.27545 -0.097891 0.417276 0.197246 -0.518595 0.6153 -0.360325 -0.65956 -0.446842 -0.0597209 0.654526 0.833365 -1.21923 1.83966 0.765891
211 0.360036 -1.0915 -0.0451661 0.348268 0.108445 -0.521987 0.587758 -0.393761 -0.607545 -0.390431 -0.0463366 0.560395 0.755206 -1.03307 1.63044 0.635206
222 -0.0877452 -0.533478 -0.417934 -0.792734 -0.711725 -0.297731 0.605902 0.500573 0.0224684 -0.313448 0.113473 1.66073 0.363873 0.239321 2.25508 -0.594126
12 0.114894 -0.15645 -0.795191 0.0791065 -0.824792 -0.790769 -0.115444 0.201305 -1.5021 -0.25153 -1.07396 -0.114945 0.150878 -0.182226 2.64116 0.716298
11 0.14969 -0.0236309 -0.663808 0.0883749 -0.960173 -0.69354 -0.108219 0.121607 -1.48129 -0.379294 -1.16742 0.071556 0.179103 -0.124991 2.38844 0.656283
10 0.218837 -0.0275738 -0.620783 0.106421 -0.876439 -0.540446 -0.120557 0.0522534 -1.38427 -0.32215 -1.04766 0.105066 0.157921 -0.0820085 1.95158 0.556595
9 0.305658 -0.0740407 -0.663883 0.0620407 -0.949709 -0.707319 -0.169166 0.0945964 -1.48029 -0.407011 -1.14191 0.205513 0.207447 -0.104088 2.14914 0.641293
136 -0.0110455 0.486232 0.43302 0.533758 0.0471785 -0.653448 -1.17326 0.595112 -0.533518 -0.912205 0.411344 1.13917 -0.180602 -0.96396 1.90381 0.268403
137 -0.196257 0.386214 0.345732 0.620355 0.0201142 -0.641783 -1.31773 0.576225 -0.544056 -0.951565 0.461098 1.31805 -0.296985 -1.07706 1.98248 0.235618
135 0.0702656 0.493478 0.471745 0.683864 0.108765 -0.802611 -1.35733 0.692732 -0.652549 -1.02291 0.447915 1.21138 -0.177124 -1.09748 2.02301 0.305011
134 0.475168 0.475568 0.467233 0.573532 0.114798 -1.18061 -1.12947 0.622227 -0.788545 -1.07375 0.295247 0.920612 0.0681344 -0.976384 1.70413 0.271158
138 -0.64215 -0.0378644 0.0164416 0.532809 -0.179429 -0.561882 -1.04933 0.590545 -0.530894 -0.798345 0.328474 1.27891 -0.36207 -0.985679 1.65765 0.115239
213 0.230898 -0.826818 0.0487689 -0.152123 -0.123069 -0.901947 0.689128 -0.642799 -0.266775 -0.498285 0.232069 0.654578 0.740322 -0.527423 1.55267 0.191294
212 0.422309 -1.21966 -0.0440304 0.207114 0.0894945 -0.669832 0.706339 -0.515544 -0.612203 -0.432012 0.05136 0.727291 0.821674 -1.06998 1.78389 0.596118
132 0.659186 0.48463 0.502663 0.510038 0.121318 -1.34626 -0.996379 0.722051 -0.810014 -1.08624 0.186265 0.726053 0.293404 -0.983178 1.51833 0.0876017
181 -0.692452 -0.172981 0.185986 0.454688 0.0779295 -0.55522 -0.760675 -0.616288 -1.46237 -0.250019 0.283259 0.48262 1.15452 -0.541961 1.3946 -0.264975
182 -0.798544 -0.162011 0.130485 0.557374 0.0683969 -0.63689 -0.891427 -0.748941 -1.67531 -0.304974 0.368892 0.598299 1.36266 -0.679702 1.85649 -0.217608
180 -0.804161 -0.332936 0.224121 0.513006 0.17229 -0.730598 -0.90156 -0.676078 -1.74698 -0.315216 0.324491 0.518824 1.44316 -0.592856 1.55 -0.24562
179 -0.811942 -0.486482 0.296667 0.389657 0.198049 -0.76916 -0.812633 -0.412295 -1.70156 -0.38675 0.118042 0.420629 1.554 -0.361667 1.40795 -0.161218
177 -0.803569 -0.587403 0.262955 0.333995 0.234718 -0.820425 -0.78333 -0.210967 -1.73968 -0.343549 0.00292899 0.368509 1.74767 -0.207808 1.25503 -0.0878098
38 0.225853 0.0366434 -0.734779 -0.596907 -0.139746 0.0787725 0.0312727 0.0969479 -0.745721 -0.427561 -0.0602275 -0.18837 0.436131 -1.86792 1.71127 -0.414007
36 0.217841 0.0593664 -0.758581 -0.53608 -0.0818559 0.0760226 0.0679506 0.31096 -0.859932 -0.433349 -0.436245 -0.311406 0.832075 -1.72048 1.63041 -0.657241
37 0.0835263 0.0601716 -0.615444 -0.454829 -0.10427 0.116327 0.107005 0.219051 -0.7243 -0.388601 -0.300889 -0.26114 0.630654 -1.56639 1.45391 -0.475796
245 -0.123309 0.299567 -0.595566 0.0815882 -0.313462 -0.664467 -0.352238 0.53802 -0.144749 -0.385062 0.196828 0.559255 1.01346 -0.699994 1.84391 0.229626
244 -0.0955464 0.104341 -0.524288 0.0678358 -0.328289 -0.738891 -0.209395 0.546269 -0.337089 -0.380182 0.0583317 0.59024 0.988737 -0.580223 1.68858 0.0691447
243 0.188707 0.133541 -0.60466 0.200079 -0.269315 -0.930509 -0.26724 0.975394 -0.173188 -0.413679 0.195963 0.652806 0.781903 -0.461018 1.59956 0.0339371
242 0.549602 0.1794 -0.742345 0.336894 -0.23987 -1.26503 -0.254427 1.5766 -0.0734565 -0.483683 0.407341 0.777135 0.54226 -0.22976 1.52643 -0.172441
240 0.662752 0.142867 -0.750902 0.400028 -0.231553 -1.45085 -0.265901 1.75512 -0.0518307 -0.530973 0.380393 0.9052 0.456937 -0.132619 1.69783 -0.160241
239 0.725835 0.135638 -0.615764 0.422916 -0.112567 -1.40265 -0.25436 1.69219 0.0265284 -0.347352 0.278813 0.915303 0.50492 -0.126508 1.58825 -0.103582
97 0.383108 0.432341 -0.0776099 -0.0542701 0.475471 -0.431326 -0.30122 0.343884 -0.458355 -0.235775 0.261165 1.07726 1.20259 0.321687 1.49199 -0.703421
96 0.451646 0.621376 0.027292 -0.142308 0.530845 -0.36819 -0.376194 0.358195 -0.651888 -0.0792854 0.361834 1.07508 1.11211 0.454654 1.68513 -0.845166
98 0.415439 0.42257 -0.281246 0.0440719 0.611113 -0.458065 -0.218349 0.397825 -0.377592 -0.355406 0.312065 1.3582 1.75554 0.400732 1.42593 -0.79507
99 0.367776 0.406912 -0.386363 0.148575 0.736511 -0.415562 -0.0975681 0.39136 -0.238453 -0.426492 0.388413 1.49647 2.13124 0.39212 1.3459 -0.819237
101 0.274171 0.24496 -0.489042 0.124703 0.627944 -0.343049 0.0810633 0.42793 -0.120148 -0.453539 0.27901 1.47496 2.23513 0.293098 1.22474 -0.637373
102 -0.0135112 0.0658591 -0.605004 0.0768965 0.499876 -0.346308 0.298554 0.382821 0.0437397 -0.362655 0.210267 1.32172 2.28964 0.156391 1.13146 -0.609325
103 -0.0508189 0.0898341 -0.587611 0.0601744 0.452819 -0.264612 0.290422 0.411723 0.106718 -0.298596 0.209815 1.17157 2.01141 0.154282 1.0263 -0.516886
104 -0.0933741 0.0468461 -0.572417 0.0562849 0.426206 -0.300139 0.327296 0.432129 0.0877926 -0.31455 0.160258 1.2543 2.16165 0.0570912 1.1161 -0.443014
105 -0.399952 -0.141131 -0.341351 -0.041362 0.10309 -0.341369 0.4332 0.313776 0.194155 -0.0906632 0.158542 0.732545 2.00699 -0.330621 1.22396 -0.403433
56 0.428584 -0.108901 -0.694096 0.21869 -0.246955 -1.48149 0.400498 0.304682 -1.72305 -0.0224669 0.513105 -0.0302232 0.977421 -0.116687 1.46935 0.174493
55 0.416585 -0.132883 -0.610145 0.153496 -0.196342 -1.34372 0.298148 0.267218 -1.63653 0.100082 0.498703 -0.0579396 1.00781 -0.09246 1.40757 0.224269
54 0.450329 -0.0805928 -0.643462 0.167942 -0.297492 -1.44688 0.309942 0.371653 -1.74027 0.0395586 0.501793 -0.0614206 1.04786 -0.0797192 1.59125 0.208949
57 0.310622 0.00308232 -0.638569 0.228522 -0.22917 -1.4061 0.535811 0.288624 -1.62341 -0.189013 0.478764 0.0822649 0.721031 -0.133553 1.39421 -0.0610349
59 0.24955 0.0174468 -0.80767 0.278157 -0.257739 -1.52987 0.670601 0.252143 -1.62412 -0.406764 0.401073 0.254648 0.715848 -0.295005 1.41717 -0.257394
60 0.286264 -0.0852816 -1.17805 0.267064 -0.244102 -1.3979 0.808802 0.127327 -1.55184 -0.578592 0.346948 0.369751 0.728343 -0.404406 1.27673 -0.431843
61 0.252137 -0.0697321 -1.13732 0.257168 -0.254097 -1.29268 0.772611 0.0805261 -1.46763 -0.577266 0.310349 0.342658 0.674095 -0.35328 1.2375 -0.456308
62 0.241177 -0.0799979 -1.31712 0.291722 -0.307076 -1.30717 0.877544 0.0728044 -1.58641 -0.571698 0.345628 0.364669 0.73848 -0.365293 1.37276 -0.561036
77 0.00653062 -0.541607 0.045003 -0.672313 -1.01088 -0.85289 -1.02402 -0.140399 0.30448 -0.788983 0.485733 1.05355 1.09705 -0.693082 1.1902 0.388617
75 0.0974572 -0.58464 0.00483878 -0.698364 -0.907603 -0.905265 -0.915292 -0.128165 0.127653 -0.847211 0.573359 0.969363 1.25674 -0.766505 1.25767 0.453984
76 0.120127 -0.563882 0.180094 -0.716885 -0.926438 -0.867727 -0.974195 -0.149278 0.268043 -0.892605 0.580704 0.997641 1.1178 -0.700065 1.25184 0.422363
74 0.25771 -0.474217 -0.450954 -0.67484 -0.829487 -0.693907 -0.550462 -0.0996074 -0.287714 -0.474866 0.539301 0.85422 1.32584 -0.741881 0.729967 0.605515
72 0.35079 -0.389334 -1.03574 -0.531353 -0.728886 -0.630639 -0.179715 0.0231213 -0.773162 -0.214101 0.480276 0.763718 1.5681 -0.778117 0.57603 0.669601
71 0.388452 -0.380588 -1.44677 -0.403954 -0.679252 -0.552517 0.0612491 0.10681 -1.06445 -0.0535462 0.339864 0.752831 1.7824 -0.763589 0.70895 0.689063
58 0.253076 -0.0412825 -0.657551 0.261767 -0.210951 -1.35194 0.55192 0.209793 -1.36609 -0.320613 0.334419 0.217387 0.594422 -0.227424 1.23531 -0.137373
107 -0.629546 -0.231141 -0.159137 -0.0461456 -0.125625 -0.327044 0.45366 0.12598 0.286473 0.128068 0.173875 0.366399 1.95175 -0.657217 1.27517 -0.256689
106 -0.383034 -0.173999 -0.209618 -0.0393914 -0.143209 -0.36442 0.273614 0.226811 0.0250653 -0.0577366 0.106178 0.4851 1.66277 -0.576213 1.31815 -0.194291
144 -1.36249 -0.492034 -0.760296 0.33663 -1.01958 -0.494849 -0.260905 0.608176 -0.949857 -0.255687 -0.1895 1.56648 0.211619 -1.16467 1.47369 0.438393
145 -1.16213 -0.384007 -0.687259 0.34404 -0.897381 -0.367059 -0.0965467 0.61739 -0.842201 -0.108317 -0.255905 1.25804 0.191498 -0.950778 1.24809 0.370936
146 -1.20321 -0.275189 -0.723801 0.393973 -0.961699 -0.303121 -0.0954185 0.664304 -0.903793 0.0101191 -0.367844 1.55255 0.189699 -1.01976 1.44527 0.581779
147 -0.916655 -0.0283036 -0.590931 0.379967 -0.811838 -0.288961 0.134597 0.601539 -0.826264 0.335074 -0.451339 1.46175 0.316313 -0.820114 1.58624 0.709914
149 -0.825964 0.248894 -0.387008 0.435721 -0.608577 -0.263146 0.15343 0.559922 -0.779369 0.457836 -0.552293 1.34546 0.37213 -0.64485 1.5916 0.774528
148 -0.81912 0.0450095 -0.54774 0.356099 -0.706071 -0.254214 0.104026 0.516782 -0.825316 0.37161 -0.471442 1.33031 0.269631 -0.68416 1.43949 0.731612
150 -0.618082 0.520847 -0.0824926 0.466524 -0.330986 -0.173935 0.108512 0.550914 -0.626806 0.590458 -0.688903 1.08814 0.673628 -0.413038 1.7489 0.597972
151 -0.507826 0.589157 0.144807 0.425192 -0.212934 -0.102722 0.0490852 0.507244 -0.535686 0.526749 -0.672681 0.892071 0.866295 -0.367239 1.79078 0.3768
152 -0.583637 0.71705 0.170716 0.47784 -0.128196 -0.196432 0.00399003 0.677216 -0.520525 0.552534 -0.845795 0.862433 0.895057 -0.286516 1.84011 0.355087
166 -0.751608 -0.0713606 0.0464502 0.403475 -0.269642 -1.63791 -0.181802 1.09168 -0.460998 -0.190767 0.448764 -0.0987899 0.421121 -0.290539 1.56091 0.085822
167 -0.957147 -0.25553 0.0900345 0.400203 -0.335304 -1.88211 -0.253122 1.28972 -0.537856 -0.234531 0.476344 -0.0179543 0.521578 -0.306088 1.81786 0.111281
165 -0.807811 -0.0571272 0.122344 0.479455 -0.251583 -1.84535 -0.240027 1.28432 -0.520379 -0.163105 0.476956 -0.0791767 0.536763 -0.330981 1.75656 0.143579
164 -1.02031 0.256238 0.149705 0.582491 -0.109219 -1.81801 -0.333855 1.60971 -0.547801 -0.0283309 0.341237 -0.0961907 0.666572 -0.386922 2.03109 0.0600197
162 -1.01739 0.502396 0.24445 0.533187 0.0648753 -1.63939 -0.304032 1.74243 -0.520253 0.0513675 0.0961803 -0.0103233 0.761244 -0.376888 1.92689 -0.000922545
161 -1.01342 0.784896 0.237282 0.375787 0.226293 -1.26409 -0.325342 1.76963 -0.669858 0.100591 -0.172563 0.067638 0.946505 -0.411243 1.89818 -0.192174
160 -0.953164 0.852526 0.174377 0.244759 0.263803 -0.976731 -0.258371 1.61135 -0.612579 0.152859 -0.320072 0.0849565 0.81647 -0.340649 1.61527 -0.254476
250 -0.639205 0.953872 -0.722319 0.124702 -0.0847211 -0.129174 -0.878129 -0.185024 0.49907 -0.0181693 0.329639 0.284504 1.13143 -1.1072 1.80908 0.803792
170 -0.844645 -0.456377 0.0154594 0.114719 -0.270504 -1.47042 -0.335664 0.967919 -0.881373 -0.31144 0.122251 0.140715 0.969653 -0.147594 1.50584 0.160126
168 -0.871309 -0.307481 0.0262906 0.242949 -0.354062 -1.78327 -0.317379 1.11063 -0.689339 -0.279366 0.375505 0.00380627 0.720875 -0.235452 1.6878 0.150026
169 -0.703405 -0.23976 -0.0527286 0.154787 -0.310662 -1.40036 -0.250931 0.928692 -0.673985 -0.256067 0.235306 0.144457 0.673502 -0.233126 1.45023 0.113606
295 0.220052 0.205664 -1.34902 -0.323425 -0.944616 -0.903525 -0.240514 0.0572442 -0.153467 -1.23343 -0.69125 1.01787 1.21839 -0.140121 0.967045 0.598071
296 0.354047 0.284425 -1.43333 -0.283999 -1.05153 -1.0503 -0.29105 0.107146 -0.169671 -1.32664 -0.786037 1.17828 1.31273 -0.105191 1.03882 0.53763
297 0.687235 0.282416 -0.87116 -0.198809 -1.118 -0.874354 -0.256265 0.0963162 -0.311468 -1.16094 -0.830921 1.36745 1.36631 -0.218349 0.821998 0.166856
193 0.0759812 -0.599915 -0.257889 -0.407851 -0.478377 -0.579678 -0.810736 -0.219247 -0.391674 -0.463523 -0.0804 -0.588414 1.25461 0.525529 1.90117 -0.507358
194 0.0294757 -0.60993 -0.332311 -0.34615 -0.395684 -0.543307 -0.776113 -0.25888 -0.24667 -0.487477 0.0155493 -0.674697 1.43329 0.417061 2.11444 -0.500559
192 0.0581534 -0.579764 -0.311764 -0.478253 -0.52644 -0.659007 -0.857989 -0.152702 -0.659585 -0.522179 -0.182074 -0.631438 1.33834 0.561524 1.95822 -0.531918
27 0.0404374 0.313384 -0.158716 0.459276 0.23153 0.341746 0.87518 -0.209702 -0.338379 -0.385748 -0.745216 -0.129981 1.55913 -0.700462 2.18306 -0.362721
29 -0.014492 0.330009 -0.271593 0.495218 0.246585 0.398385 0.868335 -0.15736 -0.383952 -0.460016 -0.870423 -0.229666 1.64969 -0.745706 2.22583 -0.3873
30 0.000805097 0.216898 -0.362689 0.214545 0.185238 0.448086 0.740962 0.0754571 -0.696161 -0.550757 -0.878763 -0.39439 1.57932 -0.912375 1.92546 -0.580793
32 -0.0993037 0.164501 -0.50886 -0.00363618 0.135427 0.343048 0.461259 0.348183 -0.813242 -0.513215 -0.777949 -0.41533 1.51598 -1.07176 1.78184 -0.605599
26 0.400198 0.18613 0.120056 0.0787075 0.0168314 0.0864824 0.670556 -0.524061 0.17914 -0.107785 -0.338924 0.207135 1.42348 -0.549133 2.23124 0.136684
155 -0.717972 1.04789 0.315405 0.415524 0.186032 -0.32578 -0.203033 1.06948 -0.509076 0.500454 -0.966504 0.690448 1.1393 -0.224089 1.9481 -0.0165817
153 -0.636127 0.922914 0.308139 0.472194 0.0290127 -0.232762 -0.0844733 0.836084 -0.479799 0.529869 -0.919096 0.774412 1.11901 -0.257812 1.92497 0.173854
42 0.339686 0.0808309 -0.523789 -0.637588 -0.422183 -0.364706 0.0807297 -0.19176 -0.679577 -0.510965 1.05837 0.65599 0.109143 -1.46458 1.70964 0.641174
41 0.386846 -0.0263172 -0.7242 -0.631475 -0.391087 -0.225482 -0.0427862 -0.199825 -0.595427 -0.383899 0.837824 0.411714 0.0441986 -1.69918 2.03156 0.219988
40 0.276026 -0.0560632 -0.624893 -0.458655 -0.325838 -0.130493 -0.163545 -0.168408 -0.449003 -0.268823 0.615735 0.290381 0.0346913 -1.45269 1.67785 -0.0635719
39 0.299619 0.013537 -0.705691 -0.525145 -0.316159 -0.0556148 -0.0762686 -0.111204 -0.632002 -0.290955 0.540984 0.193741 0.112938 -1.68634 1.81092 -0.097661
43 0.247292 0.0383331 -0.423986 -0.56874 -0.429765 -0.45652 0.124441 -0.154041 -0.525331 -0.533208 0.92652 0.689142 0.179757 -1.06056 1.348 0.794059
44 0.249243 0.149882 -0.402531 -0.733757 -0.464464 -0.471011 0.316959 -0.132202 -0.675167 -0.635265 1.02461 0.961275 0.422907 -1.27857 1.48086 0.96834
46 0.324227 0.441591 -0.0854072 -0.795389 -0.255571 -0.536041 0.720919 0.118486 -0.817823 -0.752849 0.721329 1.18943 0.970643 -1.30952 1.17434 1.13299
47 0.220338 0.461877 -0.117943 -0.783485 -0.268088 -0.664021 0.699842 0.178983 -0.842319 -0.864174 0.818631 1.29078 1.00544 -1.31642 1.21967 1.16493
45 0.300889 0.483837 -0.187964 -0.817661 -0.326838 -0.547381 0.690759 0.0604428 -0.786212 -0.798051 0.917148 1.28834 0.904944 -1.41649 1.40823 1.23161
48 0.190452 0.267444 -0.149217 -0.543158 -0.281471 -0.602673 0.487611 0.266045 -0.688513 -0.611645 0.446863 1.03494 1.02952 -0.951599 1.15246 0.824172
49 0.0981638 0.187 -0.265107 -0.40233 -0.294446 -0.570756 0.317131 0.238331 -0.635004 -0.567613 0.345871 0.852305 0.967408 -0.845876 1.28458 0.593699
283 -0.662895 0.402564 -0.734391 -0.225947 -0.913044 -0.747992 0.219016 0.782037 -0.432235 -0.580164 -0.0384072 0.207208 0.4748 -0.098288 1.62173 -0.0972742
284 -0.78411 0.476338 -0.937826 -0.234571 -1.05602 -0.815537 0.246673 0.912485 -0.428535 -0.665744 -0.144008 0.243518 0.395978 0.0209149 1.79062 -0.0860992
282 -0.877338 0.618431 -0.748241 -0.298033 -0.947147 -0.682826 0.282692 0.830909 -0.436579 -0.573457 0.143006 0.109862 0.560101 -0.160812 1.68373 -0.189304
281 -1.14529 0.892072 -0.758292 -0.365239 -1.05724 -0.667717 0.436575 0.895495 -0.425957 -0.602928 0.515515 0.0118004 0.800353 -0.331508 1.86938 -0.348447
275 -1.0097 0.516687 -0.676142 -0.275799 -0.792946 -0.921822 0.265161 0.965071 -0.849967 -0.631968 0.295894 0.0275669 0.43439 -0.660807 1.47526 -0.544441
273 -0.871716 0.336888 -0.509061 -0.0728759 -0.662883 -0.798229 0.260196 0.937835 -0.844107 -0.396642 0.111772 0.0604828 0.331697 -0.710771 1.46967 -0.620176
195 -0.0876591 -0.905961 -0.276742 -0.0171118 -0.317939 -0.37132 -0.973815 -0.212013 0.00770457 -0.574618 0.0821831 -0.689511 1.33347 0.229928 2.10605 -0.240764
196 -0.080502 -0.79704 -0.26909 -0.0233461 -0.316862 -0.284329 -0.949094 -0.161223 0.120744 -0.503952 0.128375 -0.58112 1.2952 0.138302 1.86267 -0.193597
197 -0.119824 -1.05238 -0.242928 0.151255 -0.24026 -0.203657 -1.03175 -0.130428 0.206204 -0.584712 0.152989 -0.461028 1.30961 -0.0017532 2.11728 -0.0277438
100 0.274552 0.282274 -0.376015 0.138544 0.540829 -0.318921 -0.0718577 0.36187 -0.19177 -0.426406 0.25186 1.31025 1.93638 0.277396 1.15742 -0.665942
143 -1.26169 -0.57106 -0.640157 0.31178 -0.9681 -0.512078 -0.445416 0.565461 -0.735065 -0.56839 -0.0344837 1.38702 0.0263181 -1.12459 1.40646 0.179678
141 -1.168 -0.533896 -0.452938 0.365217 -0.778198 -0.528715 -0.618236 0.521575 -0.689254 -0.580924 0.0779302 1.3868 -0.0814254 -1.08242 1.35414 0.094008
142 -1.0274 -0.476884 -0.52953 0.313031 -0.774515 -0.49466 -0.437793 0.468425 -0.623718 -0.524158 -0.0021008 1.17753 0.0145377 -0.955713 1.11589 0.0978464
140 -0.938535 -0.270931 -0.172545 0.474396 -0.431809 -0.539669 -0.959574 0.54598 -0.604936 -0.751631 0.24633 1.35117 -0.24309 -1.05793 1.52299 0.0643231
139 -0.540973 -0.126178 -0.0668424 0.283463 -0.275595 -0.448805 -0.729669 0.412081 -0.434071 -0.624251 0.276208 1.00471 -0.179052 -0.725594 1.28748 0.0689041
227 0.308808 -0.659428 -0.321598 -0.340818 -0.588543 -0.0875233 0.482885 1.02058 -0.230321 -0.176235 -0.287049 1.65662 0.601267 -0.148063 1.73571 -0.749785
226 0.205251 -0.501499 -0.300109 -0.263883 -0.564348 -0.0913595 0.394043 0.915146 -0.196189 -0.180673 -0.228702 1.37641 0.537262 -0.125658 1.51239 -0.610014
228 0.507309 -0.613863 -0.0969978 -0.308677 -0.140897 -0.340763 0.456389 1.02356 -0.131131 -0.19831 -0.524468 1.57123 0.619348 -0.525015 1.71833 -0.74438
225 0.121035 -0.69937 -0.351861 -0.455516 -0.786526 0.00647854 0.528788 0.911185 -0.126278 -0.231797 -0.0882456 1.67619 0.496881 0.0452306 1.89362 -0.702211
224 0.0533109 -0.588932 -0.405151 -0.661608 -0.8431 -0.151076 0.580109 0.690105 -0.0342787 -0.247046 0.0143905 1.67717 0.44673 0.133744 2.00807 -0.577495
214 0.121085 -0.406142 -0.0137943 -0.369526 -0.301086 -0.929778 0.54974 -0.405525 -0.203357 -0.503943 0.335727 0.676021 0.675224 -0.206557 1.42906 0.0209924
154 -0.559275 0.874286 0.302578 0.356233 0.134443 -0.275139 -0.103116 0.853076 -0.424995 0.44372 -0.888972 0.638045 0.967883 -0.195978 1.59874 0.0376471
156 -0.78291 1.01297 0.267679 0.33991 0.244525 -0.642564 -0.272877 1.32973 -0.669365 0.298763 -0.929045 0.524572 1.11189 -0.31112 1.82699 -0.134381
176 -0.833685 -0.723048 0.160177 0.232637 0.202345 -1.01789 -0.572357 0.160642 -1.6296 -0.389823 -0.11558 0.365732 1.81042 -0.0143504 1.11961 0.0360091
178 -0.702724 -0.416234 0.227088 0.327899 0.228485 -0.668493 -0.666565 -0.254742 -1.5027 -0.317672 0.0561255 0.3347 1.40862 -0.281983 1.13905 -0.160978
175 -0.690669 -0.664909 0.0574783 0.0716521 0.0996684 -0.92841 -0.437367 0.382772 -1.3336 -0.31684 -0.220901 0.3068 1.57905 0.0912256 0.962427 0.131103
50 0.115468 0.110372 -0.328083 -0.246015 -0.347613 -0.752549 0.243854 0.380558 -0.743056 -0.573222 0.269658 0.779236 1.13417 -0.743537 1.51457 0.478304
220 -0.250165 -0.228449 -0.391707 -0.820648 -0.479833 -0.668578 0.570867 -0.00200821 0.262034 -0.541455 0.228742 1.35904 0.335032 0.246181 1.90499 -0.414754
265 -0.310255 -0.725773 -0.683562 0.769742 -0.0682067 -0.102568 -0.103745 1.14792 -0.33181 0.439746 -0.121336 0.476935 0.980892 -1.09206 1.21687 -0.635328
264 -0.323053 -0.824046 -0.974389 0.927568 -0.159703 -0.14739 -0.146408 1.43121 -0.265331 0.523173 -0.141981 0.513138 1.2398 -1.2657 1.40648 -0.689536
266 -0.256178 -0.797233 -0.690366 0.974015 -0.0585989 -0.144242 -0.104083 1.21137 -0.475006 0.536159 -0.118484 0.477547 1.08628 -1.2256 1.37273 -0.818209
263 -0.318333 -0.761629 -1.14485 0.958237 -0.267862 -0.0923006 -0.255574 1.46246 -0.211131 0.42478 -0.0944622 0.539716 1.35194 -1.22272 1.4395 -0.592245
262 -0.286544 -0.625813 -1.08177 0.79944 -0.231265 -0.0759443 -0.240929 1.32178 -0.0383753 0.37893 -0.0946401 0.44667 1.24346 -1.04084 1.16428 -0.440292
35 0.0422721 0.0800497 -0.691053 -0.469112 0.0763654 0.227764 0.146318 0.494318 -0.933599 -0.501508 -0.716699 -0.455985 1.18277 -1.55563 1.71435 -0.794402
34 0.0840548 0.0802309 -0.641393 -0.407941 0.116509 0.235434 0.191098 0.447644 -0.863653 -0.423858 -0.767236 -0.45264 1.11858 -1.37416 1.50402 -0.779068
33 0.0403142 0.103505 -0.674935 -0.270417 0.125663 0.303187 0.311378 0.469361 -0.912215 -0.456595 -0.919745 -0.520152 1.38725 -1.30311 1.63801 -0.856862
157 -0.848251 0.87472 0.198822 0.290021 0.169158 -0.725555 -0.246641 1.30959 -0.563096 0.191202 -0.670915 0.328063 0.856151 -0.301812 1.51959 -0.222172
158 -0.905138 1.00237 0.179298 0.298915 0.319875 -0.798881 -0.286469 1.57873 -0.714635 0.261129 -0.719278 0.363094 0.985314 -0.326003 1.75263 -0.322119
171 -0.871684 -0.754502 0.0844837 0.0617936 -0.127777 -1.27592 -0.426053 0.85393 -1.29884 -0.305367 -0.133428 0.151369 1.58608 0.100307 1.24523 0.201783
172 -0.766984 -0.67047 0.00400448 0.0528056 -0.098277 -1.10019 -0.37116 0.674608 -1.1704 -0.326953 -0.189473 0.213145 1.49283 0.10388 1.10629 0.207888
173 -0.837266 -0.810681 0.00328732 -0.000723255 -0.0744703 -1.24043 -0.425191 0.684446 -1.46087 -0.412194 -0.26512 0.312112 1.77764 0.133112 1.19695 0.228155
174 -0.842059 -0.865854 0.0741299 0.0545474 0.0964495 -1.1145 -0.51267 0.569752 -1.52616 -0.340738 -0.212694 0.237533 1.89421 0.188502 1.12168 0.18456
241 0.506283 0.212632 -0.64336 0.279322 -0.233652 -1.23694 -0.205743 1.46545 -0.0900203 -0.468413 0.431658 0.680739 0.456231 -0.154336 1.37938 -0.129402
163 -0.946391 0.250833 0.156444 0.525988 -0.0825406 -1.63567 -0.310538 1.52747 -0.515952 -0.0461724 0.269644 -0.0928437 0.673373 -0.345508 1.81035 0.0910554
270 -0.413103 -0.266085 -0.0077452 0.731602 -0.251402 -0.52141 0.286156 0.908732 -1.04721 0.166251 -0.153583 0.262327 0.621858 -1.00984 1.58905 -0.943156
272 -0.562355 -0.0594955 -0.247908 0.416452 -0.339591 -0.654004 0.29064 0.887665 -0.975887 -0.0542721 -0.104112 0.143349 0.47728 -0.81947 1.41977 -0.809107
274 -0.772867 0.346046 -0.510367 -0.160855 -0.649306 -0.768506 0.237006 0.80523 -0.751857 -0.467789 0.135963 0.0464597 0.395469 -0.590457 1.38871 -0.408603
78 -0.225329 -0.488171 -0.159626 -0.501595 -1.08717 -0.747312 -1.15448 -0.0207491 0.356379 -0.836784 0.482451 1.3528 1.07713 -0.532227 1.25911 0.143745
80 -0.310109 -0.378037 -0.340901 -0.499906 -1.03259 -0.562551 -1.17947 0.014661 0.263137 -0.788317 0.392537 1.35054 1.06639 -0.538749 1.19971 0.0123214
79 -0.190203 -0.396406 -0.255542 -0.486057 -0.908218 -0.623718 -1.02395 -0.0392228 0.298305 -0.749871 0.395862 1.20827 0.907577 -0.46961 1.05635 0.143143
292 -0.145201 0.216167 -1.30554 -0.197473 -0.823231 -0.81266 -0.237264 0.490147 -0.057264 -1.14978 -0.590516 0.640115 0.645499 0.290862 1.3556 0.665774
293 -0.109633 0.225802 -1.45462 -0.217144 -0.927127 -0.901153 -0.208511 0.449597 -0.0951624 -1.25386 -0.651223 0.782131 0.816159 0.220658 1.3457 0.700107
291 -0.20576 0.186741 -1.44447 -0.196048 -1.03117 -0.978428 -0.169578 0.586292 -0.0503311 -1.22459 -0.617259 0.668322 0.724097 0.316256 1.56187 0.667984
24 0.677715 0.11486 0.257649 -0.0789833 -0.092753 -0.160763 0.690809 -0.549671 0.286378 -0.0585596 -0.0876078 0.406299 1.53864 -0.500928 2.37928 0.412242
25 0.482053 0.106808 0.186137 -0.031482 -0.0566803 -0.0921964 0.593579 -0.540716 0.242962 -0.0456525 -0.111409 0.354549 1.27778 -0.457166 2.12652 0.301529
28 0.0457396 0.348327 -0.164625 0.423408 0.222108 0.349695 0.837628 -0.213296 -0.235023 -0.330065 -0.732623 -0.0890021 1.4966 -0.720778 2.03497 -0.265244
280 -1.12741 0.880974 -0.777527 -0.387082 -1.02488 -0.589819 0.471618 0.89812 -0.348009 -0.536708 0.478835 0.00747293 0.687465 -0.313738 1.73928 -0.359888
271 -0.404465 -0.180043 -0.0908375 0.570351 -0.209401 -0.579441 0.25266 0.830446 -0.940486 0.0292493 -0.142276 0.237802 0.534103 -0.841923 1.33925 -0.804343
269 -0.270604 -0.495298 0.0126646 0.924378 -0.0186539 -0.350063 0.238534 0.993446 -0.903622 0.375465 -0.147063 0.32866 0.738501 -1.10359 1.5571 -1.02647
268 -0.159777 -0.405063 0.0180278 0.761076 0.0163126 -0.255738 0.124768 0.835459 -0.742206 0.372099 -0.157929 0.311848 0.724218 -0.875792 1.31908 -0.786379
267 -0.224089 -0.640062 -0.158336 1.02085 -0.0490215 -0.190792 0.128721 1.04494 -0.700032 0.531586 -0.111955 0.413952 0.876882 -1.13148 1.50591 -1.01695
131 0.824387 0.417487 0.469214 0.564452 0.11963 -1.4891 -0.769673 0.740616 -0.815483 -1.11525 0.0330158 0.419398 0.662505 -1.04761 1.35212 -0.0474207
129 0.923893 0.36438 0.455799 0.536937 0.0773938 -1.55982 -0.619701 0.784759 -0.696482 -1.12234 0.0239087 0.258221 0.957319 -1.01026 1.18455 -0.144277
130 0.906828 0.350697 0.415626 0.505546 0.0819397 -1.38562 -0.549933 0.711441 -0.684064 -1.01176 -0.0617914 0.249362 0.756842 -0.946647 1.12349 -0.112492
128 0.861249 0.326392 0.378891 0.412733 -0.124692 -1.54521 -0.437213 0.763448 -0.442261 -1.04214 0.00386915 0.00427566 1.22798 -0.880904 0.995066 -0.285387
231 0.702256 -0.433124 0.0325484 -0.351255 0.597938 -0.993446 0.21851 1.03289 0.118007 -0.131892 -0.621087 1.41047 0.716458 -0.86468 1.87526 -0.638828
233 0.75806 -0.384613 -0.0830181 -0.174949 0.546344 -1.11733 0.126721 1.16599 0.259852 -0.0484333 -0.553798 1.33496 0.653044 -0.744927 1.81156 -0.475792
232 0.632881 -0.395884 0.048067 -0.309859 0.624908 -0.962087 0.163453 0.969024 0.174438 -0.0179417 -0.590558 1.25018 0.615001 -0.87431 1.69222 -0.5773
230 0.626946 -0.562045 0.055946 -0.381736 0.361762 -0.709568 0.304042 0.986327 -0.0236135 -0.144374 -0.6032 1.50135 0.658543 -0.760384 1.76334 -0.746522
229 0.543884 -0.513311 -0.00935535 -0.306444 0.131362 -0.524805 0.335167 0.935645 -0.0801219 -0.167981 -0.497018 1.38188 0.598179 -0.61815 1.61932 -0.669614
223 0.0057246 -0.472306 -0.298336 -0.624795 -0.737856 -0.185495 0.537368 0.531689 0.00254465 -0.221227 0.0800418 1.51232 0.366069 0.160057 1.82045 -0.475377
120 -0.0128492 -0.0678241 0.308201 -0.699386 -0.980467 -1.25892 -0.00609032 1.03135 -0.180925 -0.732275 0.760165 -0.432328 1.9106 -0.951876 1.02424 0.0722377
121 0.132477 0.0453566 0.325944 -0.57473 -0.852112 -1.22471 -0.0755227 0.957002 -0.164367 -0.60491 0.738866 -0.375996 1.7925 -0.781281 1.01228 -0.0057188
119 -0.264206 -0.365976 0.226437 -0.657374 -0.945937 -1.18901 0.141533 0.87695 -0.31212 -0.777086 0.508578 -0.398163 1.66895 -1.18057 0.94204 0.06735
118 -0.28149 -0.36006 0.141067 -0.514361 -0.766313 -0.930154 0.186857 0.681081 -0.268271 -0.590531 0.359396 -0.322455 1.19486 -0.968953 0.715408 0.0481031
122 0.261796 0.159379 0.291884 -0.547328 -0.884298 -1.43737 -0.0893904 1.09183 -0.0874043 -0.760708 0.774962 -0.413203 1.97818 -0.781054 1.01958 0.0159923
127 0.745541 0.260675 0.34794 0.409016 -0.150552 -1.38274 -0.364843 0.72428 -0.342575 -0.84851 0.0399716 -0.00639277 1.1975 -0.750781 0.88112 -0.280495
73 0.210928 -0.373153 -0.643794 -0.542278 -0.730498 -0.611895 -0.289448 -0.0159437 -0.504846 -0.294573 0.388511 0.712867 1.22108 -0.690054 0.625238 0.557242
205 -0.179741 -1.32478 -0.242923 0.723495 0.338591 0.0742328 0.227155 0.176832 -0.585848 -0.735694 -0.12256 0.397463 0.58207 -0.759822 1.77785 0.803352
204 -0.251836 -1.46013 -0.334194 0.753092 0.21875 0.0881098 0.121215 0.164963 -0.575011 -0.780217 -0.131984 0.423143 0.675991 -0.747931 2.02959 0.926257
203 -0.515593 -1.4743 -0.413995 0.714368 0.0488804 0.195273 -0.262336 0.163345 -0.394342 -0.788673 -0.0785437 0.245791 0.754457 -0.512369 2.03388 0.830268
95 0.429368 0.697926 0.0136673 -0.276662 0.514616 -0.209013 -0.628703 0.31848 -0.934117 -0.0751049 0.469723 1.01328 0.924862 0.410023 2.10613 -0.846717
94 0.35556 0.646643 0.036622 -0.304802 0.449239 -0.170058 -0.621734 0.233096 -0.857497 -0.0174597 0.406343 0.905139 0.796088 0.401489 2.01822 -0.771072
93 0.251122 0.649646 -0.0211013 -0.484089 0.510349 -0.0210894 -0.712337 0.326008 -1.00171 -0.237462 0.36217 0.961343 0.84183 0.284026 2.17306 -0.759204
294 0.235007 0.214831 -1.42135 -0.248906 -0.930434 -1.01025 -0.284972 0.148326 -0.16626 -1.36396 -0.731258 1.09037 1.23114 -0.0844146 1.09007 0.663963
3 1.07906 0.127132 -0.159241 0.0371805 -1.07698 -0.648532 -0.316594 0.470262 -0.984036 -1.07453 -1.1053 1.50378 1.23562 -0.146475 1.28298 -0.165058
5 0.944145 0.0741017 -0.260746 0.00571815 -0.988626 -0.565795 -0.263785 0.437009 -0.956043 -0.90839 -1.031 1.28976 1.03829 -0.122135 1.29266 -0.0445131
4 0.909175 0.138615 -0.174376 0.000989437 -0.904751 -0.552563 -0.299382 0.41904 -0.7667 -0.870478 -0.961059 1.28443 1.07182 -0.100689 1.09934 -0.123254
133 0.562106 0.397582 0.380483 0.532842 0.072162 -1.12747 -0.959774 0.587265 -0.735727 -0.96286 0.240435 0.771185 0.151716 -0.884943 1.48373 0.21627
159 -0.949065 0.902379 0.173384 0.275007 0.30248 -1.08043 -0.335644 1.75124 -0.750876 0.161964 -0.488625 0.286315 1.02554 -0.417859 1.88785 -0.317606
90 -0.156021 0.643352 -0.181442 -0.898236 0.549621 0.297109 -0.806958 0.382675 -0.952222 -0.653099 0.079465 0.901063 0.875227 -0.0432728 1.83694 -0.35736
91 -0.0441884 0.587708 -0.00103651 -0.694009 0.445382 0.256398 -0.713758 0.260695 -0.869646 -0.428688 0.112465 0.801377 0.828715 -0.00440727 1.73254 -0.464355
92 0.0483939 0.718807 -0.0938495 -0.72154 0.544856 0.184829 -0.823808 0.370312 -1.03799 -0.410112 0.226261 0.930693 0.811848 0.112525 2.08478 -0.56445
187 -0.143642 -0.436083 -0.127927 -0.221927 -0.636343 -0.609706 -0.834919 0.162356 -1.00887 -0.626255 -0.241314 -0.0252117 1.05649 0.343165 1.49887 -0.198689
198 -0.26145 -1.29634 -0.255807 0.456824 -0.171689 -0.0824146 -1.01109 0.0217857 0.320581 -0.607573 0.140581 -0.216515 1.12977 -0.27076 2.15344 0.327464
236 0.782801 0.00124171 -0.334193 0.27645 0.287259 -1.33583 -0.134046 1.49734 0.376725 -0.0395017 -0.177156 1.09078 0.569384 -0.284171 1.7777 -0.175988
237 0.756698 0.09766 -0.503307 0.403346 0.101806 -1.29104 -0.218613 1.59828 0.222583 -0.177648 -0.0110496 0.964818 0.4482 -0.0972371 1.74409 -0.13363
238 0.585269 0.118098 -0.504331 0.426776 -0.163918 -1.27461 -0.203039 1.52227 -0.0322616 -0.277468 0.214025 0.792748 0.3773 -0.077945 1.47081 -0.0660759
199 -0.21862 -1.26305 -0.212469 0.496983 -0.151738 -0.106091 -0.977828 -0.0121528 0.343585 -0.591816 0.186779 -0.049134 0.976231 -0.404695 1.93231 0.431529
200 -0.319036 -1.29579 -0.312497 0.560069 -0.106427 -0.0486504 -0.99294 -0.0232635 0.282334 -0.629166 0.136473 -0.0399997 1.0398 -0.406137 2.11857 0.49461
201 -0.499583 -1.47136 -0.33838 0.727581 -0.0342212 0.203715 -0.53444 0.188865 -0.111312 -0.774091 0.0471366 0.16073 0.779529 -0.473104 2.11308 0.767036
117 -0.453791 -0.484576 0.157153 -0.643533 -0.938345 -1.066 0.236489 0.875856 -0.294921 -0.707098 0.411015 -0.424882 1.55419 -1.3015 0.880813 0.112687
116 -0.662706 -0.625302 0.0388086 -0.50611 -0.950649 -1.13912 0.400493 0.56197 -0.22517 -0.592837 0.197345 -0.417199 1.57419 -1.57953 1.09758 0.119607
114 -0.690088 -0.656404 0.129228 -0.287426 -0.911373 -1.01357 0.493731 0.276326 -0.0834028 -0.313764 0.162698 -0.371473 1.6492 -1.67211 1.16705 0.0903003
115 -0.616631 -0.590884 0.0968266 -0.360609 -0.721052 -0.907634 0.411915 0.379265 -0.107432 -0.383229 0.134603 -0.326748 1.39991 -1.389 1.04275 0.0875352
253 -0.356451 0.942636 -1.00383 0.116678 -0.540408 -0.661267 -0.897872 0.0376493 0.0859119 -0.0717206 0.0936481 0.0753031 0.965157 -0.774125 1.4216 1.14886
256 -0.146747 0.434094 -1.27318 0.656591 -0.52635 -0.307987 -0.758412 0.76305 0.317303 0.0450918 0.275456 0.137251 1.31529 -0.380092 1.17933 0.858694
51 0.134186 -0.114723 -0.550504 0.0306894 -0.398375 -1.0112 0.0417646 0.44984 -1.12949 -0.307055 0.20767 0.392118 1.09382 -0.420106 1.71478 0.235108
53 0.316667 -0.136127 -0.668281 0.154308 -0.320075 -1.25293 0.131409 0.400382 -1.44283 -0.0732028 0.362956 0.0963764 1.03946 -0.189603 1.53045 0.241626
52 0.0725428 -0.095832 -0.517181 0.11063 -0.342156 -0.981486 0.0356414 0.421661 -0.967295 -0.259331 0.15491 0.310327 1.02911 -0.317391 1.57375 0.12386
285 -0.667479 0.347711 -1.14984 -0.23011 -1.36064 -0.960599 0.161555 1.00904 -0.337366 -0.814954 -0.4699 0.356795 0.321577 0.192437 2.11285 0.0583055
286 -0.644996 0.382474 -1.03901 -0.222651 -1.28749 -0.862032 0.222151 0.979486 -0.303688 -0.763521 -0.478249 0.283349 0.208903 0.264687 1.93968 -0.0207107
287 -0.618381 0.321055 -1.17888 -0.211493 -1.38556 -0.946132 0.165232 0.961075 -0.25618 -0.823512 -0.517879 0.415306 0.336897 0.251655 2.05861 0.143433
288 -0.471647 0.24264 -1.11835 -0.18745 -1.23543 -0.923869 0.107367 0.822232 -0.133834 -0.852963 -0.545738 0.373978 0.417674 0.297504 1.91096 0.337384
289 -0.429294 0.22147 -1.07626 -0.188913 -1.22098 -0.886703 0.113594 0.778739 -0.0921509 -0.752783 -0.51189 0.301501 0.349781 0.307433 1.6635 0.328613
31 -0.0673089 0.174164 -0.43992 0.163654 0.13455 0.317467 0.571712 0.241672 -0.720402 -0.465826 -0.743091 -0.413625 1.34757 -0.809243 1.57276 -0.520133
123 0.533401 0.272043 0.319617 -0.0868699 -0.655882 -1.51148 -0.299521 1.01881 -0.0595479 -0.945729 0.536435 -0.358524 1.81505 -0.699414 1.01647 -0.0551944
125 0.695795 0.329166 0.349299 0.214193 -0.41989 -1.60082 -0.339745 0.915496 -0.0911253 -1.01388 0.325245 -0.291024 1.78333 -0.753383 0.942457 -0.143837
126 0.791114 0.265049 0.324719 0.421253 -0.270933 -1.57285 -0.444423 0.828638 -0.284561 -1.02909 0.118145 -0.152299 1.47182 -0.78476 0.996953 -0.234604
7 0.551818 0.0188581 -0.421996 0.0795812 -0.878439 -0.519793 -0.250753 0.263685 -1.05481 -0.680174 -0.941502 0.740748 0.629766 -0.0716462 1.37611 0.207447
6 0.721914 0.0466654 -0.35765 0.0950121 -0.981254 -0.629594 -0.239538 0.263279 -1.1747 -0.735701 -1.14034 0.858046 0.701298 -0.0354307 1.55613 0.214752
8 0.64708 0.00343148 -0.469898 0.132308 -1.03793 -0.610135 -0.219794 0.166847 -1.44045 -0.623552 -1.29447 0.636003 0.501033 -0.00720516 1.80248 0.362824
290 -0.413073 0.258616 -1.27248 -0.172021 -1.12838 -0.901404 -0.0320566 0.753084 -0.0109359 -0.967711 -0.575932 0.518621 0.556905 0.371774 1.81157 0.505603
124 0.530624 0.194804 0.297609 0.0212854 -0.528135 -1.43735 -0.305646 0.891804 -0.0126432 -0.937197 0.447395 -0.328004 1.63936 -0.609289 0.901197 -0.105584
234 0.81075 -0.188103 -0.149013 0.0276565 0.576827 -1.18872 -0.0105549 1.29414 0.404686 0.0639921 -0.452555 1.09303 0.608781 -0.506916 1.84624 -0.333614
235 0.720205 -0.0447616 -0.204656 0.18889 0.356074 -1.1396 -0.0581351 1.27876 0.455025 0.0953359 -0.248373 0.990251 0.51192 -0.265421 1.68457 -0.19424
184 -0.430063 -0.156125 -0.102211 0.187428 -0.127387 -0.646939 -0.490927 -0.129503 -1.03316 -0.389481 0.136838 0.450541 1.02625 -0.439892 1.48438 -0.149473
202 -0.499762 -1.31924 -0.367301 0.642386 0.000627312 0.190377 -0.222766 0.169062 -0.349574 -0.734833 -0.0584459 0.234538 0.646122 -0.496604 1.87799 0.784893
81 -0.442926 -0.236398 -0.461921 -0.523124 -0.856947 -0.289418 -1.2059 0.125806 0.0641436 -0.893088 0.368829 1.4221 1.05387 -0.471889 1.012 -0.128936
82 -0.40411 -0.0813996 -0.427679 -0.503413 -0.717159 -0.244794 -1.0776 0.179953 -0.0238915 -0.813991 0.291024 1.29268 0.956045 -0.397106 0.927563 -0.179104
70 0.370231 -0.332924 -1.44446 -0.206366 -0.594305 -0.470919 0.0754368 0.124411 -1.00587 -0.0606881 0.288265 0.651564 1.57319 -0.663909 0.661305 0.631135
183 -0.602059 -0.193768 0.0513009 0.328121 -0.0592399 -0.594008 -0.795654 -0.527724 -1.42432 -0.39262 0.250816 0.491155 1.21 -0.479872 1.62844 -0.254643
