300 4
172 -0.318755 2.46382 0.612713 1.26919
173 -0.467458 2.72677 0.680693 1.42421
171 -0.273714 2.73686 0.70607 1.59837
174 -0.585751 2.90529 0.892528 1.41831
175 -0.469223 2.74276 0.921654 1.21442
176 -0.540337 3.00463 1.1965 1.29112
254 1.52593 1.32066 1.79724 2.19359
255 1.49448 0.99281 1.66892 2.41649
257 1.3245 0.771909 1.50375 2.38929
256 1.28595 0.666133 1.26574 1.87878
258 1.28092 0.484921 1.39954 2.74913
259 1.06542 0.331897 1.34258 2.70571
260 1.07814 0.368241 1.29564 2.97051
148 -1.79746 1.32199 1.06696 1.76012
149 -1.93924 1.4493 1.27675 1.95879
147 -1.88158 1.33974 1.25128 1.89846
150 -1.78729 1.55227 1.3518 1.84853
151 -1.79967 1.46008 1.35845 1.73683
152 -1.83757 1.57768 1.40344 1.96008
235 0.422687 0.385438 2.26475 1.67717
236 0.500922 0.493271 2.54061 1.91697
234 0.381238 0.376944 2.50684 1.97336
157 -0.895634 1.98606 1.0058 1.2966
158 -0.953971 2.30147 1.20589 1.45856
159 -0.87607 2.37147 1.20726 1.30561
160 -0.74513 2.14155 0.968302 1.0148
278 0.745722 1.25215 2.5197 1.44333
276 0.850834 1.20614 2.30136 1.40634
277 0.709321 1.13183 2.01561 1.14448
279 0.691622 1.32715 2.77404 1.37627
281 0.63156 1.20243 2.91585 1.42396
109 -0.469112 1.88698 1.97509 0.810985
108 -0.629539 2.20771 2.34474 0.963805
110 -0.55884 2.18434 2.30598 1.01601
107 -0.844937 2.11589 2.38353 1.01475
111 -0.65038 2.16987 2.30694 1.08457
180 -0.505958 2.36175 1.50746 1.06544
179 -0.580861 2.7738 1.59223 1.16087
177 -0.64223 2.96227 1.50782 1.26644
182 -0.522489 1.66829 1.16356 1.15798
2 1.17356 1.42865 0.503138 2.55402
1 1.01941 1.24278 0.44103 2.30856
0 1.18589 1.5222 0.618869 2.71954
299 0.55125 1.07716 0.783748 2.17913
57 -0.0565692 2.11405 0.570028 1.64721
58 -0.0528046 1.99858 0.598818 1.4224
59 0.142706 2.34143 0.541672 1.61165
253 1.46072 1.46202 1.66428 1.84254
252 1.39628 1.49493 1.83182 2.08361
251 0.89425 1.56697 1.76062 1.98868
282 0.476588 1.1821 3.0559 1.64883
284 0.432347 1.13692 3.21061 1.813
283 0.348399 0.977024 2.68046 1.45263
285 0.400153 0.93393 2.90394 1.66302
286 0.286287 0.665908 2.36049 1.33797
11 -0.525806 1.59336 2.80098 1.12813
9 -0.57211 1.35438 2.39338 0.97493
8 -0.459026 0.97505 1.95671 0.927034
10 -0.546362 1.26162 2.1407 0.846412
181 -0.385079 1.97513 1.22328 0.962922
178 -0.448205 2.49672 1.39955 0.945069
25 0.161415 2.01606 -0.112957 2.36695
24 0.227536 2.19665 0.0113809 2.41545
26 -0.0782487 2.05159 0.0736556 2.05568
271 1.07579 1.26526 1.26085 1.44554
272 1.07155 1.24975 1.28002 1.5803
270 1.2031 1.36615 1.23884 1.69412
269 1.03252 1.23069 0.960655 1.96988
267 0.923896 0.951824 0.865833 2.18884
268 0.899417 1.00105 0.7255 1.95954
62 0.355539 2.44007 0.481997 1.84273
61 0.401885 2.30178 0.60896 1.49869
60 0.361511 2.42611 0.596002 1.7262
56 -0.170369 2.2043 0.526317 1.82933
54 -0.17863 2.22247 0.283671 1.94741
94 -0.90172 1.16617 -0.0714711 2.47909
95 -1.13068 1.42132 0.0191702 2.88257
93 -1.00037 1.32102 -0.117999 2.98014
96 -1.28356 1.44809 0.100561 2.90139
28 -0.499027 1.71668 0.306632 1.33647
27 -0.361287 1.86632 0.174072 1.59209
29 -0.685489 2.00465 0.358685 1.4665
143 -1.32907 0.702751 1.0849 2.12024
144 -1.52536 0.927243 1.06318 2.02411
141 -1.07491 0.774411 1.19062 2.39794
140 -0.916192 0.637892 1.22712 2.49698
139 -0.801967 0.558117 1.22914 2.54734
138 -0.978598 0.303439 1.22427 2.93698
86 0.159573 1.08813 0.434985 2.79986
87 -0.0511639 1.0795 0.254114 3.02219
84 0.417246 1.09416 0.372738 2.851
89 -0.27371 1.05258 0.096956 3.08528
90 -0.529521 1.15321 -0.00357637 2.96087
91 -0.587068 0.977108 -0.0135621 2.61983
92 -0.704335 1.23156 -0.0658698 3.06771
192 0.894917 0.703132 0.907329 2.36266
191 0.321511 0.38231 0.941098 2.71996
194 1.05457 0.907347 1.01163 2.23252
193 0.974714 0.805282 0.80414 2.01569
195 1.0137 1.0356 1.09496 1.93186
196 0.810298 1.03052 0.96473 1.57346
261 0.69016 0.364154 1.26986 3.0161
262 0.552469 0.337894 0.935942 2.73252
263 0.587443 0.398771 1.07521 3.17605
35 -1.71919 1.84148 1.24219 1.63565
36 -1.65973 1.85016 1.11914 1.6728
38 -1.57914 1.72489 0.969231 1.62207
39 -1.41278 1.89345 0.888484 1.73246
40 -1.18384 1.71186 0.68929 1.52226
41 -1.15115 1.94294 0.796537 1.78759
154 -0.935031 1.50731 1.2582 1.70648
155 -0.999003 1.82719 1.19907 1.70296
153 -1.40845 1.56382 1.42717 1.76989
275 0.977387 1.23887 1.96795 1.36879
274 0.875464 1.11289 1.65289 1.27887
273 1.06538 1.28142 1.55485 1.52563
161 -0.846221 2.50799 1.22904 1.13888
162 -0.515045 2.66403 1.28925 1.05796
163 -0.361424 2.29333 1.05498 0.901286
164 -0.259643 2.61388 1.31332 1.01197
82 0.51181 1.0574 0.114381 2.9675
83 0.486268 1.2112 0.129243 3.0844
81 0.487969 1.21662 0.106603 3.19177
80 0.311348 1.28868 0.0861725 2.83448
197 0.970781 1.00354 1.12382 1.77494
198 0.638953 0.759494 1.14587 1.78223
199 0.473726 0.485056 1.02915 1.68657
200 0.588807 0.469552 1.20167 1.94944
201 0.608419 0.35004 1.19209 2.10256
202 0.462659 0.304191 1.11967 2.0439
145 -1.43154 0.854362 0.927716 1.80792
146 -1.72376 1.12431 1.16887 2.00703
226 -1.07502 0.45267 1.89393 1.87901
225 -1.27452 0.577808 2.09169 2.15157
227 -1.1458 0.664205 2.26876 2.07542
224 -1.16298 0.446059 1.98495 2.271
222 -1.07756 0.444389 1.86227 2.23593
223 -1.13733 0.309831 1.83376 2.24321
264 0.524009 0.411791 1.06365 3.13401
265 0.416095 0.499542 0.843824 2.69452
266 0.547809 0.554865 0.872119 2.74348
30 -1.12198 1.92258 0.784477 1.24224
32 -1.33417 1.8538 0.995495 1.41638
31 -1.07463 1.67303 0.83323 1.12284
295 -0.949568 0.676731 1.57509 1.95277
296 -0.759449 0.677138 1.5489 2.09671
294 -0.87228 0.676508 1.62137 2.04472
17 0.223148 1.64327 2.26432 1.65977
18 0.448771 1.74311 1.8512 1.61794
20 0.50338 1.88867 0.914466 1.88657
21 0.534285 2.22205 0.307579 2.44121
22 0.445282 2.05784 0.124645 2.30394
23 0.458582 2.33101 0.122594 2.68215
287 0.23442 0.990604 2.91294 1.74254
213 0.834002 1.86625 0.545985 1.88905
215 0.869932 2.09268 0.689936 1.99233
214 0.731589 1.90372 0.469069 1.66296
288 0.147888 0.825271 2.82321 1.7326
289 0.0427518 0.671531 2.31368 1.50412
290 -0.0702235 0.875933 2.58486 1.79871
168 0.075672 2.61414 1.13502 1.22426
170 -0.048921 2.60353 0.921912 1.42943
19 0.201736 1.57904 1.43842 1.61587
135 -1.11175 0.119792 1.4145 3.40867
137 -1.21465 0.13303 1.3122 3.44921
136 -1.03706 0.0632329 1.10925 2.83349
239 0.749338 1.13277 2.08964 1.76167
240 1.04908 1.60085 1.89058 1.49102
241 1.04118 1.71588 1.67796 1.33311
242 1.1347 1.92192 1.8597 1.51656
105 -0.933579 1.80861 1.88917 1.04417
104 -1.35553 1.13813 0.943211 1.59381
106 -0.72213 1.92977 2.06688 0.878437
208 0.894493 0.459768 1.18185 2.59223
209 1.01814 0.568887 1.32547 2.85068
207 1.09096 0.560691 1.52828 3.147
210 0.997495 0.95599 1.11434 2.70226
211 0.915094 0.918706 0.916129 2.4218
212 1.06494 1.24283 0.735744 2.17814
5 0.73236 0.966221 0.542473 1.95999
4 0.705947 1.17442 0.438779 2.18612
3 0.971674 1.28334 0.484039 2.51516
298 0.117829 0.99731 0.970035 1.96734
13 -0.145313 1.54052 2.35666 0.964436
12 -0.316723 1.70593 2.74596 1.11537
14 -0.156478 1.80592 2.7423 1.13285
186 -0.203589 0.226155 0.981716 2.99303
188 -0.0783724 0.157433 0.985502 3.25651
187 -0.135175 0.097794 0.902949 2.79596
42 -0.795375 2.08853 0.689804 1.81255
34 -1.40131 1.67513 1.08224 1.3929
116 -1.36324 1.30387 2.05219 1.66506
114 -1.07372 1.40321 1.91648 1.21179
115 -0.995265 1.15983 1.71304 1.32499
113 -0.744937 1.86236 2.11682 1.12003
112 -0.683906 1.90177 1.91565 0.952902
125 -0.766785 0.144065 2.66634 2.47036
123 -0.909385 0.128719 2.47662 2.17925
126 -0.489886 0.0779387 2.61051 2.66973
128 -0.50351 -0.015984 2.52703 2.64124
127 -0.448685 0.0898821 2.21423 2.31482
129 -0.563505 -0.12249 2.10452 2.82795
130 -0.54269 -0.115516 1.77707 2.34207
221 -0.533287 0.706317 1.20114 1.64109
117 -1.53973 0.847474 2.20784 1.77119
118 -1.45143 0.801984 1.97603 1.67633
216 0.690979 1.94652 0.634094 1.73543
217 0.620658 1.76504 0.576164 1.51327
218 0.471238 1.78748 0.624188 1.66713
292 -0.44211 0.902423 1.72101 1.84034
293 -0.727617 0.747617 1.80455 1.89833
291 -0.256767 0.858739 2.11931 1.87324
228 -1.05903 0.631182 2.42241 1.90264
230 -0.743066 0.53121 2.48363 1.94554
229 -0.891766 0.587846 2.30723 1.78709
15 0.211226 1.74261 2.44259 1.40118
219 0.132451 1.40073 0.896508 1.56535
98 -1.45093 1.36905 0.303197 2.93959
70 -1.07216 1.04424 0.104617 2.37102
71 -1.27723 1.32283 0.201898 2.91725
69 -0.986195 1.49262 0.00173 2.80664
72 -1.17597 1.25661 0.328037 2.80394
74 -0.897184 1.23547 0.172116 2.67259
73 -1.01515 1.19336 0.225997 2.50829
297 -0.237988 0.647055 1.12185 2.00394
237 0.544948 0.669798 2.26652 1.83881
238 0.482943 0.974305 1.82568 1.55
169 0.0760528 2.38118 0.906274 1.18732
167 0.104481 2.52685 1.19903 1.10794
165 0.000112828 2.54832 1.36941 1.11638
102 -1.32784 1.04995 0.694134 2.22037
33 -1.45201 1.85058 1.17853 1.49598
134 -0.952328 0.0490933 1.41211 3.07008
133 -0.83705 0.0132656 1.27065 2.63797
243 1.25395 2.29961 2.00826 1.46599
249 0.707882 1.67282 1.69108 1.85095
250 0.334808 1.47003 1.46838 2.00403
156 -1.07787 2.17888 1.06963 1.43549
78 0.0568652 1.26187 0.0401948 2.61462
77 -0.243116 1.30837 -0.0521429 2.60688
76 -0.416621 1.21439 0.0340303 2.22261
75 -0.659119 1.24786 0.0259686 2.38732
166 0.123805 2.17437 1.01009 0.912068
79 0.405646 1.16098 0.105149 2.49575
48 0.385022 2.72444 0.459065 1.74779
50 0.222219 2.90325 0.290696 2.00082
49 0.377015 2.55646 0.359143 1.67408
47 0.394336 2.9788 0.73984 1.84005
45 0.306452 2.71158 0.876791 1.95295
189 0.171073 0.265345 0.980811 3.06716
190 0.271358 0.283858 0.891888 2.68428
88 -0.131604 0.929908 0.162951 2.99082
85 0.179152 1.07397 0.599206 2.37554
121 -1.32023 0.453388 2.11523 1.97078
122 -1.28685 0.446306 2.38105 2.03365
120 -1.62153 0.667455 2.40334 2.08836
6 -0.031022 0.681456 1.4229 0.926454
7 -0.22539 0.655261 1.40792 0.935224
100 -1.24226 0.972114 0.289169 2.53258
101 -1.45604 1.08251 0.415114 2.81872
99 -1.45978 1.1939 0.405678 2.91468
131 -0.656488 -0.0898977 1.83824 3.00361
142 -1.00315 0.561849 1.00348 2.06872
183 -0.34213 0.947193 0.926206 1.76673
184 -0.296657 0.883695 0.947543 1.80469
220 -0.22083 0.967941 0.996657 1.58691
97 -1.29622 1.31128 0.126416 2.70542
203 0.66647 0.24847 1.35598 2.3175
204 0.827424 0.272714 1.45656 2.66286
205 0.809678 0.181195 1.31505 2.59257
206 0.932296 0.341625 1.45913 2.89902
132 -0.822767 0.0302296 1.57977 3.0073
119 -1.57566 0.787966 2.26417 1.89596
51 0.0457239 2.73179 0.276506 2.12339
53 -0.0386721 2.50781 0.291278 2.15042
52 0.0320574 2.26816 0.209894 1.82248
55 -0.214723 1.79334 0.486849 1.69787
16 0.270304 1.51411 2.11324 1.43482
44 -0.166775 2.34873 0.777154 1.70647
46 0.427116 2.3918 0.805575 1.6336
248 0.802195 2.07467 1.7881 1.51615
246 1.02773 2.23603 1.94131 1.56661
247 0.970478 2.07623 1.85362 1.42721
245 1.22795 2.40464 2.12505 1.51078
37 -1.37987 1.53444 0.917049 1.52664
124 -0.726334 0.087704 2.30311 2.11946
103 -1.24045 0.988805 0.787861 1.71495
68 -0.693878 1.75324 -0.16819 2.97281
66 -0.494549 1.96348 -0.176103 2.68464
67 -0.572579 1.67371 -0.13593 2.68521
65 -0.18925 2.20307 -0.0215413 2.54555
64 0.0207972 2.08529 0.00828108 2.04018
63 0.099618 2.49229 0.156041 2.1919
244 1.13765 2.15368 1.84858 1.31245
185 -0.251682 0.593336 0.894519 2.17324
233 0.0569796 0.303174 2.56482 2.05448
232 -0.107942 0.362708 2.49394 1.77444
231 -0.305497 0.327295 2.44539 1.92688
280 0.445782 1.01572 2.46186 1.12672
43 -0.181688 2.05801 0.797792 1.78834
