300 8
54 0.184139 -1.78467 -0.863362 0.851824 -1.34112 1.28879 1.04652 1.41594
53 0.278027 -1.77479 -1.15937 1.08888 -1.50059 1.36706 1.03768 1.30075
52 0.276977 -1.54296 -1.12863 0.944608 -1.41682 1.19862 0.898784 1.09009
51 0.397795 -1.63073 -1.33198 1.25756 -1.62719 1.40546 0.86055 1.12221
56 0.117023 -1.86966 -0.567855 0.818022 -1.30105 1.29631 1.15095 1.48081
94 1.12458 -0.663136 -0.362742 1.19507 0.446984 1.78521 0.87391 0.7567
93 1.55718 -0.648289 -0.32532 1.22076 0.382501 1.99054 0.768773 0.875277
95 1.09541 -0.745022 -0.410982 1.44687 0.489583 1.88642 0.98004 1.01557
160 -0.694722 -1.50545 0.129549 0.526227 0.697327 2.08022 -0.357142 1.05428
159 -0.618708 -1.62736 -0.0380178 0.587733 0.787184 2.32547 -0.566371 1.21424
158 -0.654787 -1.48549 -0.311241 0.546636 0.74536 2.16535 -0.576662 1.48287
161 -0.582557 -1.61349 0.343205 0.539797 0.664408 2.31413 -0.284872 0.977479
203 -0.312616 -0.77683 0.519062 -1.32568 -0.446679 2.23517 1.31836 1.035
201 -0.0979633 -1.17298 0.394734 -1.44494 -0.510416 2.33365 1.54598 1.0466
200 0.31696 -1.57469 0.0919994 -1.37136 -0.563417 2.05134 1.56522 1.03297
199 0.340011 -1.49399 0.0334535 -1.18313 -0.489316 1.73651 1.2907 0.829345
198 0.592905 -1.7215 -0.21458 -1.20795 -0.657881 1.95161 1.49933 0.884459
197 0.767589 -1.91695 -0.607745 -1.17549 -0.578603 1.92986 1.41232 0.810951
196 0.834209 -1.8423 -0.637421 -1.03053 -0.606466 1.67078 1.21395 0.612526
195 0.943327 -1.95873 -0.768475 -1.14208 -0.57004 1.75637 1.1604 0.701705
207 -1.08112 0.329708 0.295613 -0.174101 -0.63406 2.62157 0.735352 1.11616
209 -1.3104 0.278336 -0.0640959 0.165209 -0.631918 2.4515 0.614274 0.855566
208 -0.996949 0.360799 0.0974668 0.00780455 -0.637228 2.18976 0.582587 0.975343
248 -0.63108 -0.037134 -0.90188 -0.380848 -1.72464 2.49755 1.1885 0.366584
247 -0.634239 -0.00249998 -0.752201 -0.324609 -1.56184 2.20539 1.05013 0.254132
246 -0.424223 -0.00685068 -0.820003 -0.394832 -1.56388 2.35079 1.30553 0.129125
245 -0.111771 -0.0627037 -0.815054 -0.40438 -1.53108 2.47395 1.56784 0.0320536
244 -0.0936392 -0.0184184 -0.758493 -0.372761 -1.30619 2.22955 1.38797 -0.0278849
243 0.00654008 -0.00132936 -0.771921 -0.389444 -1.39183 2.32223 1.49627 -0.0634623
258 -0.300927 -0.00413959 -1.56469 -0.364871 -0.512312 1.85026 0.265933 2.01325
260 -0.024042 -0.131458 -1.6473 -0.234449 -0.462157 1.67194 0.428434 1.62876
257 -0.331194 0.0588482 -1.57412 -0.483576 -0.633565 2.02791 0.433228 2.06511
256 -0.242068 0.134308 -1.32235 -0.441799 -0.622822 1.84902 0.327236 1.85516
259 -0.0574591 -0.155573 -1.43227 -0.222507 -0.418781 1.53625 0.278717 1.5392
150 -1.13864 -1.78066 -1.31992 -0.506549 -0.0343784 1.64035 0.348742 1.40123
149 -1.0369 -1.74669 -1.32298 -0.709817 -0.384196 1.67633 0.596717 0.987427
148 -0.862401 -1.55228 -1.18937 -0.726255 -0.585573 1.55082 0.634055 0.593773
147 -0.999597 -1.76187 -1.42032 -0.822569 -0.698015 1.87637 0.699754 0.731585
146 -0.728237 -1.47878 -1.51072 -0.883858 -0.78454 1.9019 0.626731 0.553298
144 -0.469099 -1.33055 -1.50755 -0.891363 -0.885308 1.90613 0.487422 0.479117
145 -0.67773 -1.24705 -1.19126 -0.836853 -0.900679 1.71057 0.540341 0.450857
151 -0.98187 -1.65499 -1.15452 -0.385324 0.132509 1.46139 0.123761 1.38041
152 -1.09786 -1.68614 -1.22397 -0.316615 0.180827 1.71517 0.126703 1.73308
55 0.116324 -1.61356 -0.593734 0.737774 -1.12214 1.04325 0.942358 1.25435
143 0.04961 -0.942863 -1.71052 -0.628974 -0.54682 1.80428 0.338841 0.472191
141 0.692513 -0.782591 -1.82454 -0.199402 -0.0534018 1.94517 0.131744 0.610588
142 0.439514 -0.810206 -1.60038 -0.368984 -0.347289 1.80702 0.121758 0.539053
140 0.951713 -0.604958 -1.90525 0.146405 0.406113 1.99963 0.162402 0.518888
193 0.72186 -1.65177 -0.998922 -0.943113 -0.309693 1.67754 0.502968 0.530272
194 0.809792 -1.74116 -0.975512 -1.09408 -0.410148 1.74726 0.758164 0.55421
192 0.749261 -1.57937 -1.06841 -1.01216 -0.31171 1.83839 0.372669 0.440704
191 0.67891 -1.44499 -1.28345 -0.852522 -0.283518 2.10786 -0.0504716 0.234446
190 0.672519 -1.17952 -1.29481 -0.688173 -0.26428 2.02031 -0.242395 0.131328
189 0.627708 -1.30535 -1.35648 -0.641034 -0.291677 2.39548 -0.429993 0.0730637
57 0.0543933 -1.99617 -0.233896 0.831817 -1.20376 1.41339 1.18684 1.4404
58 0.0463515 -1.86549 -0.159654 0.718876 -1.04987 1.25811 1.03433 1.31118
59 0.0361588 -1.95595 -0.0616363 0.822535 -1.27859 1.44986 1.26794 1.22117
204 -0.621715 -0.174626 0.600871 -0.957778 -0.485304 2.33152 1.03214 0.98418
206 -1.00608 0.206671 0.535909 -0.53427 -0.608093 2.61211 0.809233 1.15004
205 -0.809152 0.139786 0.457998 -0.526631 -0.457697 2.10676 0.716984 0.956712
210 -1.4601 0.138316 -0.641824 0.318736 -0.501539 2.71313 0.534547 0.529913
211 -1.41654 0.152782 -0.633041 0.352664 -0.510749 2.41207 0.495488 0.330082
212 -1.50177 0.120536 -0.879547 0.482446 -0.423459 2.67141 0.45047 0.422009
213 -1.12994 0.112748 -1.23744 0.595122 -0.0158524 2.49237 0.158924 0.248646
215 -0.942301 0.0259478 -1.52466 0.715711 0.0669897 2.62206 -0.126711 0.321201
216 -0.627597 0.143296 -1.53536 0.78859 0.261948 2.71103 -0.472276 0.597853
218 -0.424906 0.237437 -1.373 0.816698 0.291253 2.54221 -0.663698 0.751614
261 0.211231 -0.204427 -1.87743 -0.132258 -0.487984 1.67004 0.631652 1.65246
226 0.325372 0.075485 0.342722 0.434751 -1.19259 1.78416 -0.580207 1.92069
227 0.283034 0.0159382 0.286954 0.505774 -1.05324 1.92214 -0.665187 1.99346
225 0.292173 0.138896 0.112044 0.641227 -1.02293 2.18912 -0.782667 2.05
224 0.205248 0.259504 -0.118974 0.641281 -0.698812 2.17338 -0.841115 1.92137
223 0.142817 0.326503 -0.165763 0.585764 -0.571576 1.97377 -0.829591 1.65291
222 0.112014 0.412866 -0.366968 0.776922 -0.395174 2.26535 -0.990104 1.80331
2 0.359286 0.489892 -0.266995 1.40645 -1.33125 2.45698 0.154365 0.340641
1 0.140085 0.337416 -0.294296 1.27929 -1.10716 2.19808 0.0722737 0.214908
3 0.696677 0.498385 -0.125126 1.24522 -1.34128 2.43237 0.442596 0.237764
4 0.939337 0.35443 -0.0914586 1.09089 -1.25746 2.26033 0.692374 0.328764
0 -0.0338193 0.256266 -0.287196 1.40121 -1.30887 2.30167 -0.0318208 0.346873
26 0.849919 -0.0041253 -0.435892 -0.985095 0.140163 3.10591 -0.554466 1.08761
27 0.882295 0.0442581 -0.483801 -1.11667 0.0719447 3.0385 -0.643465 1.14352
28 0.759785 -0.0227797 -0.511124 -0.986318 -0.00265272 2.69095 -0.524054 1.03407
29 0.834484 -0.0471441 -0.76037 -1.14473 0.0751593 3.06952 -0.662137 1.23144
228 0.236846 -0.119377 0.345295 0.437777 -0.985286 1.82381 -0.348848 2.0174
229 0.140956 -0.21224 0.336248 0.291484 -0.788403 1.57415 -0.0586988 1.60215
230 0.213178 -0.196684 0.396273 0.471012 -1.0676 1.86118 -0.0789789 2.07579
231 0.259892 -0.149253 0.47521 0.589285 -0.925262 1.78075 0.108335 2.11837
233 0.398037 -0.205185 0.457696 0.587773 -1.02165 1.87571 0.230363 2.30919
264 0.411274 0.046657 -2.07837 0.0663049 -0.741519 1.79597 1.01831 1.65505
266 0.523376 0.0913376 -2.115 -0.00979976 -0.851318 1.88864 1.08868 1.65012
267 0.502983 0.12265 -1.78943 0.0792107 -0.845185 1.75246 0.954902 1.53072
268 0.400023 0.149979 -1.42627 -0.0891205 -0.745175 1.52992 0.657244 1.33329
269 0.444057 0.0762819 -1.33634 -0.147436 -0.948148 1.65176 0.592363 1.56761
112 -1.0862 -1.43978 -0.0653444 0.648288 0.279466 2.25755 0.967513 0.302111
113 -1.36587 -1.58929 -0.164325 0.797095 0.217668 2.63773 1.28192 0.396557
111 -1.28541 -1.65614 -0.0366829 0.80038 0.207079 2.52238 1.21316 0.431723
110 -1.03817 -1.68359 0.246331 0.740181 0.160443 2.2698 0.972729 0.622465
109 -0.79976 -1.54011 0.258314 0.762017 0.123383 2.05331 0.74954 0.615459
169 0.693951 -0.698438 1.16893 0.229553 0.0328415 2.47444 0.528113 0.27933
170 0.871306 -0.896782 1.32968 0.181912 -0.0135973 2.82788 0.434818 0.337019
168 0.778614 -0.852024 1.30788 0.264955 -0.0138814 2.76616 0.551883 0.29877
167 0.502975 -1.02901 1.33632 0.454289 -0.0838933 2.59825 0.480669 0.406089
117 -0.896532 -0.923298 -0.213879 0.487464 0.201528 1.99492 0.931276 0.465785
116 -1.1149 -1.1454 -0.388962 0.653287 0.25727 2.34734 1.16516 0.458633
114 -1.25572 -1.39299 -0.268597 0.761049 0.295712 2.45501 1.25733 0.367073
115 -1.07156 -1.12193 -0.392533 0.606009 0.284835 2.15367 1.07274 0.303969
119 -0.471072 -0.780436 -0.0341604 0.166807 -0.115619 2.03496 0.887695 0.900523
120 -0.379782 -0.600459 0.390946 -0.400991 -0.407838 1.9422 1.1673 1.57372
273 0.13309 -0.691967 0.33321 -0.639314 -1.31475 2.05476 -0.484954 1.73766
272 0.273379 -0.394768 -0.0957625 -0.469168 -1.17338 1.84606 -0.20404 1.64161
271 0.301429 -0.332019 -0.233258 -0.317496 -0.981033 1.72851 -0.118612 1.51392
275 0.071655 -0.732132 0.473763 -0.61956 -1.33721 2.15467 -0.505567 1.62922
274 0.115673 -0.632573 0.501517 -0.585728 -1.18541 1.9105 -0.439762 1.52704
276 -0.00365878 -0.750623 0.34628 -0.596822 -1.29841 2.08685 -0.486792 1.51008
277 -0.0221709 -0.679759 0.10903 -0.419172 -1.17612 1.89812 -0.368798 1.16824
278 -0.113563 -0.81865 0.0877632 -0.595437 -1.34719 2.07742 -0.503866 1.14916
279 -0.15373 -1.06626 -0.39273 -0.449422 -1.36198 2.13994 -0.645601 0.973624
281 -0.230129 -1.08159 -0.540743 -0.324307 -1.35153 2.16259 -0.714705 0.802945
280 -0.21623 -0.995879 -0.389547 -0.395862 -1.18617 1.98299 -0.689869 0.718381
263 0.266803 -0.108796 -2.0394 -0.0896732 -0.58275 1.70613 0.841627 1.67403
262 0.137264 -0.176915 -1.73271 -0.122122 -0.426965 1.526 0.5976 1.52113
171 0.794428 -0.836933 1.17418 -0.00212146 0.0723045 2.92716 0.142089 0.236444
172 0.665944 -0.673686 0.970191 -0.010444 0.131195 2.43362 0.00476303 0.208999
173 0.692829 -1.13222 0.9282 -0.166825 0.0782746 2.92761 -0.230639 0.161794
286 0.0467398 -0.720144 -0.682144 0.393771 -1.21474 1.90212 -0.516496 0.409949
285 0.057615 -0.850995 -0.689857 0.272681 -1.45789 2.00654 -0.698509 0.522086
287 0.0794412 -0.681449 -0.805139 0.44348 -1.54245 2.10195 -0.610578 0.336082
284 -0.0519014 -1.02086 -0.623322 0.146553 -1.4843 2.08832 -0.755146 0.661351
282 -0.0710516 -1.15283 -0.606174 -0.102105 -1.44799 2.12738 -0.808193 0.752155
283 -0.0764932 -1.0994 -0.622007 0.0449194 -1.48349 2.01311 -0.815106 0.748743
270 0.322274 -0.0917261 -0.670258 -0.340773 -0.971171 1.67529 0.067006 1.63098
92 1.8587 -0.604989 -0.294444 0.911368 -0.0178035 2.15732 0.472945 0.808271
96 0.705092 -0.84866 -0.368255 1.60455 0.461179 1.83276 1.23787 1.37698
44 0.39707 -0.905727 -1.13796 2.0383 -0.349454 1.99989 0.0457058 0.625746
45 0.491372 -0.845729 -1.25776 1.75518 -0.679575 1.7755 0.100691 0.859624
47 0.584746 -1.01976 -1.30694 1.68593 -0.954987 1.58962 0.172685 0.917691
46 0.454262 -0.843443 -1.07206 1.53464 -0.803438 1.46184 0.118218 0.807197
162 -0.107407 -1.39572 0.905617 0.554436 0.317493 2.29758 0.0421434 0.656722
164 0.125101 -1.26716 1.14591 0.51561 0.0841573 2.52741 0.268868 0.578264
165 0.332031 -1.19296 1.30947 0.483743 -0.0956815 2.59814 0.44434 0.494347
108 -0.815086 -1.61201 0.354113 0.84242 0.0474964 2.23018 0.820352 0.784687
181 0.591058 -2.01816 -0.428771 -0.470271 -0.290037 1.69266 -0.242037 0.556135
182 0.585276 -2.24525 -0.546007 -0.403243 -0.27139 1.92312 -0.202106 0.670978
180 0.584438 -2.25422 -0.282646 -0.438347 -0.120485 2.05351 -0.34131 0.568694
179 0.532687 -2.19805 0.0274983 -0.503783 -0.012147 2.2474 -0.439116 0.497503
107 -0.527546 -1.50574 0.435856 0.780793 0.0694839 1.97234 0.652518 0.912071
105 -0.329102 -1.45597 0.516978 1.05038 0.11418 1.95323 0.609845 1.37701
187 0.50621 -0.898619 -1.05732 -0.459703 -0.239735 2.28318 -0.502032 0.109301
188 0.663535 -1.1119 -1.31609 -0.626446 -0.282595 2.62282 -0.579403 0.0744866
166 0.387341 -0.950495 1.21022 0.394122 -0.116567 2.34786 0.45588 0.331617
163 0.0367138 -1.02873 0.725456 0.329098 0.0947525 1.9399 0.143478 0.463796
34 0.410887 -0.397481 -0.547751 -0.330589 -0.0652865 2.29522 -0.116011 0.828541
35 0.267245 -0.457776 -0.718294 -0.0145724 0.185174 2.35282 0.047016 0.673473
33 0.572309 -0.261841 -0.822964 -0.648316 0.20053 2.50203 -0.354519 0.940887
138 0.933952 -0.483685 -1.77579 0.194197 0.46193 1.99458 0.154748 0.593027
139 0.802827 -0.511528 -1.47915 0.052948 0.24252 1.58164 0.0638639 0.498461
137 0.917473 -0.298324 -1.69824 0.262679 0.805976 2.18496 0.51052 0.530009
136 0.722524 -0.223716 -1.27272 0.295351 0.775346 2.01051 0.533413 0.444914
214 -0.885372 -0.0221718 -1.19334 0.56738 -0.0190896 2.14121 -0.0452994 0.180434
82 1.52175 -0.520332 -0.381983 0.29917 0.433321 1.60602 0.765281 1.36092
81 1.81389 -0.696428 -0.414119 0.156802 0.51097 1.93311 1.05808 1.5966
83 2.0278 -0.620145 -0.346139 0.403014 0.347161 1.87829 0.785872 1.56249
84 2.17554 -0.498035 -0.227236 0.392428 -0.148626 1.98479 0.471999 1.43049
221 -0.0435707 0.591013 -0.698993 0.871745 -0.0203366 2.45346 -0.9852 1.52951
220 -0.116473 0.519264 -0.766101 0.592036 0.0372728 2.1523 -0.744868 1.02159
219 -0.191937 0.458418 -0.88444 0.784251 0.13621 2.37123 -0.839467 1.19896
80 1.25631 -1.12359 -0.611568 -0.225695 0.92516 2.09071 1.58022 1.47643
78 1.207 -1.09654 -0.575759 -0.221741 0.893331 1.96121 1.53439 1.2136
79 1.12683 -1.02451 -0.602311 -0.161163 0.997906 1.8956 1.50642 1.18555
186 0.598009 -0.978352 -1.09073 -0.470783 -0.272336 2.38297 -0.553154 0.0929104
185 0.490067 -1.26589 -0.77463 -0.362894 -0.328131 2.30216 -0.240688 0.498438
133 0.316903 0.157662 -0.902839 0.363613 0.849024 2.25832 1.07712 0.606901
134 0.545927 0.0802728 -1.33439 0.355007 0.972404 2.62783 1.07767 0.73951
132 0.348142 0.344263 -1.04934 0.322561 0.87043 2.64584 1.25796 0.900503
135 0.769232 -0.0714392 -1.41632 0.335322 0.925543 2.31744 0.68203 0.546341
98 0.577 -0.997201 -0.331289 1.69642 0.364025 1.89013 1.3608 1.59767
90 2.09565 -0.704492 -0.219391 0.603603 -0.191128 2.11751 0.381495 1.00412
91 1.77626 -0.570008 -0.246034 0.635685 -0.0942746 1.85995 0.328379 0.851468
89 2.26614 -0.715231 -0.163823 0.406736 -0.493199 2.13914 0.166932 1.21692
21 0.25651 -0.235336 0.028566 -0.0456036 0.739697 3.00634 -0.130472 0.256965
22 0.364553 -0.280724 -0.11587 -0.194539 0.616458 2.67816 -0.256185 0.327703
23 0.470917 -0.168559 -0.150312 -0.353144 0.630024 2.88961 -0.331328 0.395147
25 0.720091 -0.0128516 -0.319025 -0.842936 0.23559 2.51788 -0.528008 0.774275
24 0.766258 -0.0485219 -0.308227 -0.827419 0.247593 3.06702 -0.579184 0.831712
295 -0.738072 -0.895155 -1.21319 0.97999 -1.43631 2.13001 -0.672716 0.564386
294 -0.762257 -0.936079 -1.35022 1.12539 -1.63144 2.38536 -0.616211 0.651857
293 -0.455627 -0.8209 -1.37092 0.803028 -1.69011 2.28578 -0.679973 0.506091
292 -0.29366 -0.668311 -1.23098 0.773237 -1.38563 2.05078 -0.535658 0.444629
296 -0.838921 -0.898559 -1.28927 1.05942 -1.56326 2.39494 -0.587115 0.728238
297 -0.72216 -0.586225 -0.810108 1.30323 -1.40595 2.11251 -0.44193 0.539319
99 0.315871 -0.9742 -0.0676209 1.54931 0.326742 1.63482 1.14869 1.61667
101 0.206926 -1.05652 0.0910117 1.49532 0.243134 1.66427 1.06869 1.79365
102 0.0622737 -1.17144 0.345065 1.49573 0.211561 1.72902 0.813153 1.77602
157 -0.635006 -1.35269 -0.333755 0.543104 0.762262 1.94211 -0.513056 1.46771
85 2.01668 -0.456344 -0.102688 0.420271 -0.289748 1.78897 0.314831 1.19844
86 2.31732 -0.585762 -0.174736 0.390107 -0.35973 2.10879 0.296013 1.50868
87 2.36325 -0.600336 -0.107109 0.245506 -0.430097 2.10247 0.271856 1.31467
242 0.140725 0.029164 -0.449517 -0.373262 -1.24641 2.08322 1.32514 0.262753
290 0.0449151 -0.56248 -1.37814 0.717908 -1.68613 2.30913 -0.503163 0.170277
291 -0.237607 -0.686059 -1.50785 0.757765 -1.63513 2.3073 -0.519454 0.414017
288 0.16237 -0.573589 -1.30829 0.628303 -1.65493 2.39232 -0.458977 0.230181
289 0.162446 -0.421166 -1.03703 0.504783 -1.43974 2.01706 -0.376713 0.082279
17 -0.256737 0.200155 0.285562 0.0597549 0.633615 3.3437 0.656016 -0.105748
15 -0.278666 0.243073 0.368023 0.111948 0.426635 3.38267 0.765895 -0.171232
14 0.0339618 0.313373 0.544318 0.284106 0.080691 2.92402 0.920401 0.0201175
13 -0.0139084 0.309033 0.513381 0.357036 -0.214184 2.34983 0.852403 0.167835
12 0.312496 0.506304 0.603509 0.538401 -0.430541 2.49218 0.9031 0.182072
104 -0.109471 -1.28021 0.549172 1.31243 0.166261 1.7949 0.616469 1.73291
106 -0.312467 -1.37419 0.502555 0.890141 0.0864946 1.80051 0.520197 1.07018
64 -0.00835367 -1.02024 0.103694 0.542654 -1.27406 1.64647 0.632179 0.228373
63 -0.0180963 -1.50697 0.294296 0.765312 -1.66693 2.08103 0.884967 0.335117
65 -0.0106137 -1.22653 0.268413 0.699896 -1.68711 2.10218 0.651378 -0.0559698
66 0.0249111 -1.13907 0.0732739 0.467472 -1.63713 2.35788 0.0672628 -0.230262
67 0.0718871 -0.973254 0.0359748 0.365555 -1.41254 2.14764 -0.0102504 -0.262904
20 0.0695355 -0.275457 0.207594 0.192445 0.895432 3.24191 0.0112524 0.0445801
19 -0.00166931 -0.214989 0.16091 0.168856 0.759026 2.81357 0.133179 -0.0497484
18 -0.181045 -0.0960444 0.245876 0.158736 0.786379 3.26062 0.228547 -0.0992424
237 0.89056 -0.215176 0.369101 -0.00874023 -1.29102 1.82711 0.847946 1.59386
238 0.891847 -0.235654 0.346323 -0.0740393 -1.23159 1.76169 0.78201 1.50085
239 0.939703 -0.249266 0.2793 -0.144092 -1.36078 1.91066 0.974395 1.36055
240 0.498814 0.0279763 -0.116255 -0.291473 -1.27121 1.80071 1.16266 0.663064
241 0.238778 -0.0069663 -0.327205 -0.276973 -1.04362 1.8192 1.04506 0.383618
42 0.447527 -0.938672 -1.18581 2.16087 -0.174422 2.11986 0.190904 0.434802
48 0.661662 -1.20498 -1.34738 1.56866 -1.23142 1.66774 0.382439 1.06365
131 0.0935612 0.374569 -0.834288 0.212191 0.796654 2.55784 1.48786 0.947102
130 0.0385591 0.462341 -0.618029 0.264168 0.767092 2.25535 1.40724 0.862849
129 -0.011954 0.392108 -0.48433 0.158527 0.584037 2.46539 1.65203 1.25296
16 -0.201252 0.117046 0.33536 0.0740821 0.49866 3.22432 0.779943 -0.161139
249 -0.609522 -0.0211043 -0.824807 -0.369089 -1.55559 2.37793 0.993722 0.454154
251 -0.573216 0.192052 -0.844004 -0.386754 -1.35472 2.28151 0.751462 0.662541
183 0.455654 -1.77571 -0.639162 -0.435551 -0.308688 2.04291 -0.182659 0.606651
74 0.65079 -1.69127 -0.302178 0.439832 -0.836504 2.16123 -0.307006 -0.221762
75 0.775004 -1.42315 -0.368216 0.330872 -0.220008 1.79986 0.180907 0.090379
76 0.605496 -1.05683 -0.367643 0.23936 -0.0840659 1.68456 0.318878 0.399464
77 0.946758 -1.03852 -0.444889 0.0494978 0.570882 1.53489 0.960699 0.695026
265 0.359545 0.0977428 -1.92661 0.0423904 -0.6448 1.55917 0.988614 1.4528
30 0.722991 -0.156572 -0.812023 -1.07786 0.0570428 2.96684 -0.469271 1.21494
123 -0.408062 -0.567957 0.55673 -0.412787 -0.477471 2.12524 1.55255 2.11374
122 -0.345028 -0.620931 0.520374 -0.453508 -0.40533 2.14857 1.35329 1.89958
121 -0.278671 -0.498591 0.400001 -0.391932 -0.391812 1.79187 1.13816 1.52001
232 0.239216 -0.110046 0.434194 0.50214 -0.887549 1.58739 0.123499 1.91688
10 0.556637 0.200923 0.42631 0.562702 -0.873663 1.95839 0.850862 0.498251
11 0.698833 0.256079 0.517552 0.650765 -0.925927 2.30435 1.00825 0.426286
9 0.799015 0.294209 0.437488 0.875822 -1.12801 2.37443 1.10021 0.47088
8 1.13063 0.373503 0.376627 0.954314 -1.45277 2.47898 1.14516 0.519589
7 1.05151 0.298354 0.189931 0.928319 -1.40441 2.21151 0.977112 0.592928
6 1.06529 0.434909 0.112823 1.14554 -1.54536 2.45651 0.974008 0.534354
5 1.00233 0.344753 0.00251481 1.17448 -1.36716 2.45715 0.803928 0.359803
38 0.0627397 -0.895291 -1.05694 1.49936 0.341797 2.2491 0.505079 0.0158
37 0.0270663 -0.756257 -0.916501 0.97967 0.346779 2.01802 0.575099 0.0863914
36 0.175287 -0.73187 -0.938568 0.929341 0.343667 2.12307 0.463235 0.188902
234 0.518723 -0.198865 0.396906 0.534748 -1.03153 1.86374 0.435895 2.21499
100 0.201136 -0.858742 0.118404 1.39125 0.257581 1.47706 0.949656 1.47856
103 -0.0642433 -1.15017 0.459837 1.23656 0.165884 1.56902 0.54966 1.57685
298 -0.564103 -0.385418 -0.551176 1.09409 -1.28564 2.01143 -0.247481 0.474508
299 -0.517396 -0.198626 -0.614019 1.38193 -1.38221 2.18135 -0.377514 0.469731
153 -0.876663 -1.50804 -0.995176 0.162828 0.383899 1.80898 -0.212779 1.99308
155 -0.8666 -1.43451 -0.817178 0.363536 0.493835 1.85933 -0.389071 1.97356
154 -0.851087 -1.28154 -0.804413 0.317392 0.451912 1.57323 -0.357515 1.93284
156 -0.772259 -1.42876 -0.469231 0.553176 0.678348 1.97708 -0.564938 1.63039
39 0.12814 -0.929951 -1.2455 1.77429 0.244037 2.4366 0.609466 0.0432126
41 0.323198 -0.936205 -1.19072 1.95676 0.00301925 2.16819 0.363774 0.122602
40 0.129729 -0.840959 -0.964419 1.64773 0.137813 2.08827 0.401183 0.0526051
202 -0.199283 -0.997603 0.411995 -1.33598 -0.427571 2.10056 1.35007 0.979877
68 0.14492 -1.32253 0.12961 0.378629 -1.72166 2.59859 -0.0794684 -0.353805
252 -0.625556 0.403481 -1.17812 -0.497044 -1.10666 2.29039 0.628497 1.18915
254 -0.510199 0.414023 -1.14794 -0.501946 -0.96993 2.13141 0.456325 1.39244
250 -0.482767 0.0374025 -0.72465 -0.211241 -1.24754 2.0026 0.721219 0.507647
178 0.36626 -1.89978 0.0185112 -0.494789 -0.0230777 2.13048 -0.397588 0.360906
177 0.403129 -1.97867 0.0983631 -0.412414 0.0418572 2.48705 -0.490468 0.321713
176 0.401144 -1.64031 0.358046 -0.434205 0.159273 2.4756 -0.463644 0.209554
174 0.472261 -1.45683 0.533529 -0.326387 0.100543 2.69347 -0.459899 0.196386
125 -0.392775 -0.297198 0.433517 -0.259235 -0.358392 2.22343 1.79858 2.05329
255 -0.48521 0.213801 -1.32391 -0.487376 -0.816362 2.12954 0.344219 1.91234
43 0.32465 -0.779987 -1.0459 1.86453 -0.139649 1.8226 0.10315 0.366166
62 0.01121 -1.55341 0.229916 0.874885 -1.63678 1.81732 1.09788 0.53781
88 2.03319 -0.577552 -0.13382 0.289342 -0.416666 1.94629 0.210317 1.14273
184 0.384521 -1.30844 -0.592532 -0.252256 -0.441225 2.15899 -0.101934 0.651818
175 0.337408 -1.23518 0.41029 -0.248799 0.0860146 2.19409 -0.424952 0.136146
71 0.320945 -1.70596 -0.0565443 0.433771 -1.43278 2.5853 -0.359346 -0.391504
72 0.567452 -1.76329 -0.224551 0.441632 -0.979592 2.31794 -0.35033 -0.281201
70 0.217431 -1.62567 0.0236267 0.353101 -1.40078 2.51205 -0.422176 -0.354567
69 0.228612 -1.58907 0.0521478 0.4236 -1.60557 2.61579 -0.393532 -0.357494
50 0.613016 -1.45764 -1.50831 1.49037 -1.62061 1.60198 0.704157 1.14382
49 0.557708 -1.26335 -1.1945 1.27053 -1.26892 1.27783 0.486074 1.00504
127 -0.315066 0.197949 -0.0489591 -0.0865228 0.202877 1.90812 1.56275 1.43275
126 -0.32513 -0.0330986 0.143669 -0.188206 0.0448363 2.18984 1.92427 1.86264
124 -0.359946 -0.402238 0.560673 -0.321447 -0.471614 1.86463 1.40968 1.84668
217 -0.442908 0.12127 -1.36689 0.798847 0.310664 2.42213 -0.586188 0.653626
61 -0.0485094 -1.39672 0.186736 0.685867 -1.32222 1.61541 1.0348 0.506793
253 -0.522082 0.476747 -1.02215 -0.396036 -0.94336 2.03672 0.46651 1.12537
60 0.0144744 -1.77264 0.193648 0.883593 -1.35109 1.56716 1.27298 0.911533
128 -0.242326 0.235365 -0.181599 0.0144387 0.31412 2.25312 1.90358 1.61868
32 0.650268 -0.275179 -0.896937 -1.01273 0.13502 2.91542 -0.545886 1.28075
236 0.647133 -0.226179 0.439038 0.299629 -1.09945 1.73682 0.477777 1.87363
235 0.443939 -0.265699 0.295322 0.277435 -0.886836 1.63362 0.246225 1.67229
97 0.581923 -0.820031 -0.396575 1.3851 0.392327 1.66631 1.2371 1.27059
31 0.567322 -0.192272 -0.775531 -0.913384 0.129686 2.54039 -0.505606 1.10839
118 -0.401208 -0.854363 -0.1955 0.344584 -0.0633065 2.06544 0.712962 0.714404
73 0.591533 -1.67523 -0.297251 0.475794 -0.758348 2.10221 -0.388034 -0.173864
