300 32
153 0.0850393 -0.514133 -0.608157 -0.439797 0.335821 -0.146551 0.581678 0.00257937 0.185172 0.210034 0.529636 -0.310945 -0.937951 0.610258 0.533686 0.732169 0.75332 0.526237 -0.284904 -0.175268 -0.503846 -0.709246 0.353459 0.728043 -0.529732 0.64431 0.58129 -0.454358 -0.562938 -0.0523091 0.0130946 0.604044
152 0.163736 -0.602434 -0.517168 -0.298591 0.402584 -0.0358488 0.545595 0.245565 0.0365274 0.268789 0.547224 -0.26394 -0.839746 0.632519 0.391175 0.831564 0.84631 0.541159 -0.319434 -0.273066 -0.581133 -0.433905 0.46173 0.720904 -0.60855 0.689484 0.522485 -0.417051 -0.635447 -0.0237365 -0.117807 0.676604
150 0.107352 -0.673414 -0.408829 -0.283265 0.45265 -0.0496818 0.500527 0.49047 -0.0882997 0.324939 0.526124 -0.233672 -0.778122 0.46931 0.394037 0.760924 0.868166 0.519219 -0.205703 -0.206033 -0.563526 -0.237342 0.605137 0.750143 -0.607515 0.575662 0.393287 -0.315238 -0.560873 -0.0846749 -0.0793513 0.749362
151 0.164267 -0.577124 -0.452491 -0.29115 0.355859 -0.00479016 0.484098 0.314854 -0.0310055 0.241663 0.489488 -0.233335 -0.746324 0.567631 0.341216 0.727519 0.741722 0.43837 -0.238723 -0.21543 -0.502467 -0.350345 0.463667 0.64811 -0.507765 0.622466 0.419186 -0.344449 -0.569953 -0.0478112 -0.102818 0.598482
149 0.0625274 -0.786958 -0.150671 -0.219988 0.52889 0.014301 0.468975 0.847865 -0.250876 0.471704 0.511527 -0.258226 -0.707669 0.366509 0.46213 0.719742 1.05466 0.543562 -0.0372912 -0.160155 -0.626251 0.182816 0.83523 0.941361 -0.736622 0.420716 0.178378 -0.297822 -0.413243 -0.265472 -0.174355 0.876862
148 -0.00151711 -0.685966 -0.0939881 -0.206203 0.40119 -0.0659905 0.347166 0.839378 -0.241639 0.355696 0.368677 -0.201681 -0.569171 0.327627 0.409403 0.607202 0.865875 0.445893 0.00209986 -0.0873604 -0.512112 0.202214 0.725261 0.779341 -0.624114 0.272511 0.100896 -0.236072 -0.303752 -0.283019 -0.155523 0.771733
147 -0.00174011 -0.803951 -0.0514449 -0.200236 0.506653 0.00636647 0.369163 0.994089 -0.288556 0.458025 0.472213 -0.22118 -0.717959 0.365834 0.497548 0.690885 1.14249 0.512877 0.0381197 -0.0670454 -0.673548 0.359986 0.903746 0.994467 -0.76148 0.253313 0.0464446 -0.251454 -0.300373 -0.403233 -0.182646 0.972831
146 0.0286819 -0.625471 0.0303299 -0.148149 0.402925 -0.0999658 0.231235 0.985609 -0.271048 0.484464 0.300398 -0.27164 -0.705828 0.336876 0.507566 0.549819 1.24745 0.489586 0.142253 0.0542046 -0.719013 0.548188 0.934296 1.08433 -0.81469 -0.101543 -0.241001 -0.249304 -0.0851547 -0.568177 -0.245799 1.07255
28 0.211253 -0.345974 0.337469 -0.304847 0.0517056 -0.15518 0.0744763 0.393247 -0.0496012 -0.199289 -0.303257 0.746872 -0.622039 0.519318 0.311255 0.419 0.661652 -0.0873225 -0.385649 0.208628 -0.525273 -0.586103 -0.118237 0.069357 -0.43231 -0.261065 -0.33675 0.650877 -0.586253 -0.0754342 0.716075 1.03397
27 0.218525 -0.454068 0.417723 -0.406711 0.0760226 -0.231165 0.0695272 0.455924 -0.00750401 -0.259042 -0.375314 0.884413 -0.748716 0.557337 0.40238 0.494685 0.866496 -0.0985783 -0.498852 0.245761 -0.594493 -0.748448 -0.167315 0.0796724 -0.463982 -0.289592 -0.415499 0.832539 -0.7334 -0.0605089 0.865117 1.28209
29 0.174636 -0.346603 0.357774 -0.329917 0.0534327 -0.142316 -0.0143102 0.575585 0.0515852 -0.265344 -0.427074 0.782981 -0.756351 0.606864 0.262774 0.319451 0.697265 -0.111455 -0.452616 0.212755 -0.566432 -0.731801 -0.131953 -0.0638997 -0.54592 -0.223969 -0.327423 0.768211 -0.618907 -0.0717807 0.867414 1.15143
155 -0.0742607 -0.370388 -0.646505 -0.555108 0.254818 -0.326552 0.548639 -0.258444 0.359727 0.143188 0.402001 -0.314727 -1.05152 0.59476 0.772589 0.565868 0.646851 0.545634 -0.176576 -0.034139 -0.477764 -1.07178 0.166002 0.777405 -0.503138 0.487609 0.574316 -0.509589 -0.424228 -0.11391 0.236673 0.579918
156 -0.222602 -0.313902 -0.622813 -0.689147 0.204077 -0.513395 0.552759 -0.309593 0.494606 0.120602 0.334542 -0.288833 -1.15562 0.612757 1.05152 0.534594 0.615103 0.581242 -0.0986256 0.164371 -0.444318 -1.3154 0.148555 0.848445 -0.465271 0.398352 0.56175 -0.617315 -0.319801 -0.238377 0.378038 0.636918
157 -0.230986 -0.291662 -0.626993 -0.693887 0.184016 -0.520671 0.547558 -0.300839 0.485562 0.149352 0.330897 -0.324029 -1.12668 0.571834 1.00754 0.514219 0.601911 0.537806 -0.0441098 0.155655 -0.47329 -1.29223 0.136293 0.848224 -0.45686 0.333659 0.555339 -0.554958 -0.269891 -0.258737 0.37429 0.615732
158 -0.255276 -0.30703 -0.631995 -0.763644 0.181788 -0.569867 0.559361 -0.299375 0.530866 0.16293 0.329949 -0.337891 -1.21855 0.614992 1.0922 0.554451 0.645481 0.549211 -0.0565584 0.181988 -0.495001 -1.40361 0.162478 0.890264 -0.459642 0.396807 0.545007 -0.613748 -0.279299 -0.312413 0.380659 0.649245
223 -0.0683768 -0.22898 -0.472511 -0.254523 0.0498388 -0.215977 0.00100576 0.148999 -0.0180033 0.0245478 0.316506 0.38778 -0.338217 0.753417 0.284561 0.367804 -0.0323515 0.318247 0.05557 0.519109 -0.883857 -0.822926 -0.513649 0.536552 0.289098 -0.259841 0.263207 0.417888 -0.224572 -1.02191 0.00895862 0.228248
224 -0.161673 -0.272326 -0.630498 -0.354888 0.096953 -0.320263 0.0324422 0.182524 0.0492797 0.0996054 0.292157 0.382755 -0.45776 0.876032 0.353608 0.534071 0.0190396 0.359487 0.0772056 0.602155 -1.10762 -0.929469 -0.592596 0.67202 0.360252 -0.308009 0.239115 0.465063 -0.198834 -1.29637 0.0276729 0.244693
222 -0.0617339 -0.25917 -0.589661 -0.28895 0.0974329 -0.250423 0.0103705 0.0880751 -0.0203753 0.00203593 0.358271 0.482736 -0.419005 0.98911 0.410828 0.506618 -0.0822214 0.418982 0.0684147 0.615722 -1.15826 -1.04018 -0.663545 0.684308 0.345599 -0.338741 0.268962 0.513721 -0.292066 -1.27441 -0.0325987 0.292542
221 0.0142004 -0.303982 -0.501133 -0.229186 0.054175 -0.124166 -0.0662156 0.244334 -0.147564 -0.240677 0.446445 0.565911 -0.367478 1.07539 0.500687 0.432534 -0.300221 0.453403 -0.0505605 0.642045 -1.04887 -1.13822 -0.577232 0.60813 0.0824083 -0.457453 0.28594 0.407124 -0.437765 -1.17163 -0.0612434 0.514528
220 0.0325796 -0.27022 -0.463934 -0.160899 0.075947 -0.0209528 -0.0288617 0.129078 -0.170258 -0.27376 0.413636 0.555039 -0.262603 0.921356 0.439752 0.355754 -0.329094 0.416821 -0.0454812 0.539446 -0.962585 -1.06367 -0.524165 0.505625 0.0658265 -0.458475 0.317421 0.378481 -0.42375 -1.01841 -0.042553 0.40674
219 0.0463686 -0.267158 -0.495722 -0.287302 0.105953 0.0399307 -0.0647816 0.255214 -0.217009 -0.432434 0.499327 0.613959 -0.284595 1.15831 0.550838 0.474132 -0.453934 0.460115 -0.133026 0.632838 -1.00476 -1.23288 -0.457139 0.576886 -0.100307 -0.610282 0.287933 0.370477 -0.52354 -1.13664 -0.0615829 0.578804
63 0.0985304 -0.30815 0.0599249 -0.0837166 0.225865 -0.187738 -0.177595 0.533538 -0.308051 -0.144164 0.101065 0.146265 -0.64758 0.874768 0.660938 0.977665 0.0548118 0.990934 -0.227388 0.746529 -0.206519 -0.333815 0.133993 -0.0394269 -0.386854 -0.29512 -0.161251 -0.801071 0.177374 -0.656515 0.23444 0.16223
62 0.0949234 -0.235255 0.0317221 0.0866379 0.245363 -0.1087 -0.172656 0.426142 -0.274761 -0.0551613 0.085042 0.18123 -0.658346 0.906565 0.789259 1.03526 0.0254823 1.07727 -0.313289 0.88556 -0.194481 -0.3495 0.220697 -0.0458165 -0.393893 -0.348734 -0.231148 -0.88948 0.246345 -0.700946 0.30004 0.124137
61 0.0898457 -0.2206 0.0424741 0.0696286 0.223864 -0.104022 -0.157795 0.379242 -0.284596 -0.043857 0.112641 0.161054 -0.574663 0.803554 0.696867 0.934805 0.00680685 1.00495 -0.26965 0.818468 -0.141216 -0.307919 0.205473 -0.12589 -0.3615 -0.323444 -0.195709 -0.816129 0.265475 -0.633046 0.283419 0.0474361
60 0.0864424 -0.178967 0.000487467 0.188456 0.227486 -0.104434 -0.170014 0.382133 -0.29155 0.0229499 0.0422904 0.23089 -0.713607 0.969061 0.855802 1.07054 -0.00271247 1.12435 -0.431721 0.906744 -0.156965 -0.355716 0.245511 -0.0639662 -0.413919 -0.342261 -0.308453 -0.896969 0.275159 -0.789438 0.343582 0.0986551
118 0.130443 0.0770418 -0.111616 -0.226614 -0.0155928 -0.747346 -0.0302624 0.776029 -0.199107 -0.0864415 0.33048 -0.258924 -0.86705 1.11846 0.713674 0.637531 0.267507 0.390705 0.259458 0.411311 0.221256 -0.62586 0.587469 0.378123 -0.0501189 0.419205 -0.836712 -0.0809729 -0.244931 0.217285 -0.0877741 0.344933
117 0.162063 0.0136778 -0.164121 -0.263827 -0.00170658 -0.873728 -0.0061308 0.943489 -0.25906 -0.112796 0.307207 -0.307813 -0.959638 1.28338 0.825929 0.761288 0.31125 0.425059 0.24342 0.48461 0.219067 -0.714979 0.607164 0.424828 -0.0994118 0.467417 -0.903603 -0.0822257 -0.269143 0.246366 -0.127145 0.391469
119 0.0340521 0.103323 -0.0485116 -0.347298 -0.0696695 -0.764914 -0.184262 0.768732 -0.0936647 -0.125674 0.375193 -0.250643 -0.903894 1.25052 0.633773 0.598614 0.309651 0.381035 0.222882 0.323188 0.251703 -0.783772 0.699469 0.409109 0.0364802 0.450727 -0.853642 -0.0469856 -0.303704 0.0842011 0.0377009 0.398153
116 0.206305 -0.0741435 -0.225491 -0.243167 0.0440061 -0.878567 0.0659154 1.03463 -0.322276 -0.0819552 0.286003 -0.304919 -1.01076 1.32655 0.912122 0.883832 0.362654 0.502641 0.25294 0.632016 0.0851647 -0.698825 0.508767 0.456658 -0.215482 0.431709 -0.912403 -0.00696014 -0.281386 0.227961 -0.213549 0.4427
115 0.248646 -0.102149 -0.219253 -0.228208 0.0576926 -0.852087 0.0978519 1.01348 -0.338485 -0.0658454 0.251535 -0.305726 -0.915968 1.18916 0.85865 0.809756 0.359018 0.474903 0.235115 0.615408 0.109436 -0.600204 0.383955 0.416287 -0.264484 0.410109 -0.86362 -0.0337128 -0.23518 0.280408 -0.270675 0.383201
114 0.310665 -0.171825 -0.255259 -0.328552 0.151134 -0.900357 0.203978 0.990677 -0.38011 -0.097594 0.180408 -0.360671 -0.892176 1.22677 0.835741 0.801206 0.346805 0.496375 0.287766 0.639719 0.141367 -0.663711 0.381821 0.478408 -0.323169 0.426159 -0.869139 0.0456964 -0.240175 0.27612 -0.37494 0.322046
113 0.329482 -0.427517 -0.242148 -0.566061 0.317839 -0.840527 0.370165 0.860198 -0.350502 -0.0719028 0.0260139 -0.334626 -0.753457 1.22665 0.604311 0.687793 0.407247 0.573667 0.231554 0.619371 0.130501 -0.770424 0.157451 0.572542 -0.510376 0.335622 -0.674055 0.236164 -0.304165 0.113582 -0.464079 0.274274
137 -0.0679837 0.913008 -0.162874 -0.247735 -0.322512 -0.621774 0.248516 -0.00228446 0.131914 -0.0739733 -0.461812 -0.0121485 -0.468487 1.44753 0.0239076 0.853794 0.535407 0.233454 -0.641295 0.749346 -0.610384 -0.118896 -0.206097 0.4792 -0.447181 -0.400548 -0.646865 -0.676615 0.215583 -0.36372 -0.340343 0.888945
136 -0.0908635 0.792826 -0.127441 -0.168984 -0.272928 -0.509237 0.233957 -0.0645105 0.0698953 -0.169606 -0.421204 0.0128784 -0.283644 1.27111 0.04195 0.826814 0.404276 0.285216 -0.607809 0.701618 -0.43258 -0.142993 -0.221612 0.332172 -0.400341 -0.280067 -0.519166 -0.622233 0.109543 -0.340894 -0.286205 0.774333
135 -0.074641 0.873468 -0.185372 -0.255267 -0.293829 -0.576286 0.260155 0.0100991 0.13657 -0.18296 -0.47937 0.0189463 -0.375712 1.51908 0.0631729 0.927299 0.452459 0.295775 -0.683993 0.793348 -0.572806 -0.138831 -0.248621 0.397767 -0.508975 -0.337764 -0.627982 -0.685345 0.105974 -0.411038 -0.327476 0.90043
134 -0.103887 0.753674 -0.149817 -0.294493 -0.327787 -0.720633 0.203643 -0.0365739 0.19939 -0.32414 -0.644408 -0.104118 -0.235448 1.74248 0.0618596 1.0645 0.241863 0.552649 -0.799274 0.816778 -0.409053 -0.195261 -0.301591 0.337922 -0.489611 -0.151447 -0.589783 -0.683219 0.0318075 -0.304929 -0.357776 0.922695
125 -0.272857 0.214927 0.275855 -0.726125 -0.141593 -0.558894 -0.580892 0.375524 0.510825 -0.116073 0.256007 -0.162736 -0.820441 1.4673 0.163799 0.365187 0.175919 0.444598 -0.163282 -0.00201778 0.186282 -0.996893 0.683818 0.434067 0.349397 0.360627 -0.607051 -0.343726 -0.374151 -0.464177 0.54898 0.484937
124 -0.244846 0.195308 0.27804 -0.70784 -0.120486 -0.477098 -0.533022 0.346828 0.45951 -0.0790016 0.263604 -0.143143 -0.744436 1.30637 0.128419 0.358808 0.17323 0.374025 -0.149854 -0.01519 0.163949 -0.942893 0.663983 0.412778 0.314138 0.315462 -0.510377 -0.342817 -0.398424 -0.455824 0.50004 0.44869
123 -0.26343 0.216176 0.284042 -0.745425 -0.100671 -0.52406 -0.566471 0.396346 0.462348 -0.104215 0.317226 -0.123995 -0.866802 1.43434 0.213391 0.358977 0.207937 0.427667 -0.122879 -0.037977 0.169588 -1.03726 0.787381 0.459326 0.297796 0.333574 -0.566414 -0.294178 -0.443845 -0.515366 0.585606 0.50839
263 0.155112 -0.400764 -0.594639 0.113775 0.776258 -0.215667 -0.782005 0.267493 0.313018 -0.38542 -0.291976 0.650036 -0.808227 0.805873 0.818016 0.526159 0.616155 -0.0458549 -0.160497 0.268583 -0.601254 0.0372176 0.379362 0.376272 -0.564019 0.0209025 -0.0761806 -0.231678 -0.189036 -0.352447 0.196751 0.216312
261 -0.0784826 -0.309852 -0.728284 -0.271977 0.678199 -0.433139 -0.920354 0.390164 0.451083 -0.467404 -0.208286 0.174015 -0.708101 0.581966 1.01343 0.434202 0.57322 0.13988 -0.331176 0.4358 -0.484102 -4.5827e-05 0.178762 0.231412 -0.449774 0.278397 -0.299469 -0.2631 -0.096726 -0.278051 0.254128 0.265172
260 -0.208233 -0.221233 -0.788317 -0.591748 0.551831 -0.589234 -1.04544 0.440773 0.54004 -0.512131 -0.140935 -0.164487 -0.811062 0.569336 1.19437 0.46774 0.6133 0.277293 -0.463966 0.622682 -0.44311 -0.143215 0.0194156 0.149533 -0.494254 0.499965 -0.501762 -0.35399 -0.0296636 -0.360718 0.324041 0.525191
262 0.0300494 -0.288834 -0.523178 -0.0721987 0.573322 -0.273128 -0.692481 0.330913 0.303088 -0.3039 -0.215826 0.350407 -0.683214 0.638615 0.760938 0.439846 0.498022 0.0653704 -0.234823 0.290647 -0.477508 -0.0132608 0.208528 0.283061 -0.436604 0.0871729 -0.163597 -0.237767 -0.139014 -0.311217 0.225283 0.265762
176 0.152384 -0.774747 0.0188345 -0.257341 -0.156971 0.267731 0.0922812 0.520194 -0.377486 0.187664 0.537498 0.143553 -1.03857 1.12177 0.680506 0.40938 0.0722021 0.288459 -0.0572351 0.82831 -0.168278 -0.753207 0.0856079 0.466852 0.047777 0.322865 0.641341 -0.283879 0.159737 -0.320046 0.510302 0.773282
174 0.0764398 -0.609842 -0.0228522 -0.0937275 -0.350459 0.32792 0.027874 0.439329 -0.312737 0.119172 0.671798 0.226829 -1.17262 0.979481 0.796224 0.415241 0.23631 0.215453 -0.0801967 0.836972 -0.184292 -0.88179 0.156294 0.544037 0.0569142 0.374656 0.563729 -0.558334 -0.0328895 -0.486878 0.605697 1.09228
175 0.0493071 -0.558279 -0.0448783 -0.132593 -0.265359 0.241608 0.0634839 0.438376 -0.263884 0.124967 0.543361 0.180549 -0.999293 0.871022 0.662499 0.365537 0.193125 0.216309 -0.0466636 0.700771 -0.161822 -0.760991 0.110851 0.447448 0.0629385 0.317815 0.501598 -0.473192 0.0149007 -0.368347 0.480637 0.876121
173 0.0231344 -0.588993 -0.0885782 0.040775 -0.495511 0.411012 -0.0356923 0.355755 -0.344653 0.134335 0.797554 0.281901 -1.30239 0.890693 0.93581 0.362439 0.252041 0.228974 -0.0349728 0.923316 -0.168821 -0.97238 0.211561 0.530773 0.135985 0.406936 0.620228 -0.658405 -0.106434 -0.531022 0.700809 1.2539
195 -0.290916 -0.467453 0.508036 -0.0488458 -0.21157 -0.14108 -0.071878 0.687524 0.0681504 0.125323 -0.308849 -0.120524 -0.100738 0.714044 0.105574 1.14191 0.516078 0.349416 0.401879 0.902422 -0.95639 -0.396903 -0.123194 -0.0156309 -0.67784 0.370574 -0.387608 0.5076 0.0896108 -0.434161 0.344783 0.553765
196 -0.327291 -0.419307 0.394909 -0.0842889 -0.228598 -0.219101 -0.0434387 0.615634 0.045658 0.0217309 -0.274034 -0.1748 -0.136852 0.602393 0.173285 1.00158 0.414624 0.325263 0.315372 0.79167 -0.83703 -0.285898 -0.210533 0.0378504 -0.57926 0.258872 -0.260452 0.417399 0.0218856 -0.321569 0.28741 0.547059
197 -0.46243 -0.471942 0.445759 -0.149058 -0.36262 -0.463343 -0.0509905 0.767958 0.0721445 -0.0165295 -0.301753 -0.276923 -0.150325 0.673572 0.372805 1.3101 0.492906 0.394947 0.392567 1.13382 -1.12284 -0.331234 -0.388924 0.134385 -0.731999 0.199278 -0.252919 0.449012 -0.0270966 -0.312208 0.458993 0.705294
194 -0.159197 -0.475397 0.504601 -0.0489081 -0.0673402 0.203571 -0.0233708 0.516351 0.0381576 0.209481 -0.305203 0.109336 -0.257162 0.967074 -0.0640965 1.13592 0.587209 0.333295 0.393952 0.755192 -0.849344 -0.550976 0.159694 -0.116079 -0.717832 0.531813 -0.551548 0.500389 0.159302 -0.720692 0.238177 0.538152
193 -0.153585 -0.383516 0.456228 -0.0427707 0.00117352 0.321195 -0.0166388 0.39092 0.0395986 0.196781 -0.278465 0.168623 -0.332344 0.918424 -0.0951033 1.00111 0.547088 0.260102 0.334417 0.606943 -0.741244 -0.543028 0.20047 -0.135452 -0.675463 0.494397 -0.558739 0.419373 0.140088 -0.765235 0.176597 0.551261
187 -0.0407103 -0.43125 0.447549 -0.198522 0.4016 0.732325 0.220195 -0.0137698 -0.0429979 0.073335 -0.0793216 0.193795 -1.05965 1.11784 -0.181961 1.0816 -0.0815027 0.153373 0.198419 0.580672 -0.721026 -0.50421 0.543602 -0.0923218 -0.425855 0.472813 -0.514838 0.529028 0.321253 -0.715767 -0.0432824 0.586953
188 -0.0781118 -0.48123 0.547407 -0.17902 0.368525 0.782201 0.17173 0.0749915 -0.0435557 0.0813225 -0.15395 0.268177 -1.09515 1.25594 -0.191247 1.19872 0.0871188 0.228321 0.248849 0.634945 -0.829373 -0.644578 0.597153 -0.141498 -0.592068 0.589475 -0.681123 0.536065 0.301041 -0.917972 -0.0104157 0.718707
186 0.0236648 -0.558203 0.533209 -0.238806 0.45502 0.780381 0.230594 -0.000331113 -0.0910037 0.101888 -0.10546 0.187994 -1.22136 1.33688 -0.174647 1.23647 -0.114591 0.208179 0.213649 0.660653 -0.793527 -0.620861 0.585852 -0.10437 -0.440503 0.506353 -0.545447 0.590282 0.327545 -0.819578 -0.0224727 0.696438
168 0.139653 -0.396128 0.213446 0.0483714 -0.585916 0.280902 0.0926182 0.34808 0.0809004 0.155454 0.665431 0.194787 -1.1127 0.441517 0.514957 0.506931 0.279884 -0.21743 0.0179111 0.714755 -0.455325 -1.02282 0.291902 0.532744 0.227833 0.465354 0.581365 -0.938931 -0.353439 -0.662068 0.510544 1.47132
167 0.112765 -0.277796 0.312635 -0.193238 -0.561834 0.0600072 0.218564 0.460706 0.270628 0.115288 0.569123 0.190593 -1.06075 0.416281 0.386062 0.620146 0.361702 -0.302004 0.0278637 0.632293 -0.515767 -1.07204 0.391288 0.5001 0.275029 0.512249 0.548232 -0.960931 -0.355456 -0.710831 0.449683 1.41253
166 0.149177 -0.216339 0.296768 -0.287092 -0.482062 -0.0282756 0.321502 0.47916 0.285898 0.13304 0.536968 0.185576 -0.933521 0.371674 0.301887 0.619172 0.333164 -0.297901 0.00109356 0.573683 -0.488784 -0.952938 0.363825 0.454988 0.219807 0.459575 0.506425 -0.865129 -0.327593 -0.62069 0.344122 1.19185
169 0.0792123 -0.358829 0.101621 0.0941925 -0.49831 0.249217 0.0123404 0.286335 0.0350247 0.144197 0.614703 0.169022 -0.998954 0.43825 0.510992 0.389327 0.276017 -0.126052 0.0149186 0.63026 -0.40056 -0.944645 0.258441 0.514794 0.168547 0.407227 0.485265 -0.84356 -0.301634 -0.603156 0.48582 1.33854
87 -0.512536 -0.458665 0.0898386 -0.793912 0.320968 -0.639056 -0.0730622 1.68543 0.119374 0.654709 0.211216 0.137412 -0.951778 0.707681 0.135475 0.302873 0.561318 0.454765 -0.297115 0.343933 -0.37686 -0.378781 -0.762565 -0.00230274 -0.482588 -0.401457 -0.00201843 -0.524521 -0.128954 -0.430275 -0.0836041 0.955785
88 -0.504417 -0.417425 0.0777988 -0.748925 0.283172 -0.573801 -0.0656084 1.5139 0.0488317 0.605059 0.195745 0.150839 -0.87863 0.576629 0.108807 0.255319 0.537283 0.420712 -0.299582 0.277063 -0.398887 -0.34548 -0.705279 0.0194444 -0.406885 -0.373931 -0.0520602 -0.479528 -0.0975884 -0.390136 -0.0504071 0.903776
89 -0.522348 -0.423946 0.0617807 -0.725285 0.361235 -0.629949 -0.0444611 1.53817 -0.0190505 0.685613 0.210581 0.0845184 -0.922996 0.648581 0.0548823 0.356251 0.592625 0.470573 -0.396308 0.326398 -0.40746 -0.365374 -0.728173 0.0171984 -0.515278 -0.375911 -0.180912 -0.539741 -0.0803935 -0.398659 0.0145621 1.00101
86 -0.517901 -0.467101 0.0977446 -0.727524 0.199408 -0.549559 -0.10614 1.65936 0.260675 0.546334 0.177023 0.249059 -0.953511 0.748507 0.165479 0.286552 0.483959 0.38928 -0.246629 0.298252 -0.389596 -0.44339 -0.758366 0.0192101 -0.378297 -0.421033 0.284435 -0.505583 -0.188044 -0.522262 -0.24837 0.831037
1 -0.327796 -0.477538 -0.137756 -0.33276 -0.25101 0.693149 -0.241292 0.217182 0.228108 0.437536 0.189122 0.0389313 -0.592505 0.933375 0.509499 0.711032 0.505363 -0.139331 0.120449 -0.0717709 0.0264452 -0.447514 0.0573068 0.517031 0.0314029 -0.288328 -0.697283 -0.909698 -0.637271 -0.325854 0.168365 0.256042
0 -0.443921 -0.48809 -0.0839196 -0.478087 -0.290944 0.908759 -0.278432 0.28526 0.272938 0.574209 0.256627 0.0185938 -0.657264 1.10121 0.673783 0.805846 0.651263 -0.173348 -0.00145101 0.0567324 -0.00890258 -0.484028 0.0973246 0.645267 -0.0600754 -0.37817 -0.807437 -1.14196 -0.735324 -0.450511 0.198864 0.22715
299 -0.396809 -0.407464 -0.00326146 -0.527351 -0.248158 0.918764 -0.175066 0.432248 0.197608 0.718704 0.281073 0.0160945 -0.442945 1.1333 0.69352 0.673168 0.639709 -0.309135 -0.219412 0.182989 -0.0662952 -0.326381 0.190993 0.632899 -0.254464 -0.366691 -0.623868 -1.24369 -0.722777 -0.64361 0.101383 0.23072
297 -0.334243 -0.344839 0.0682684 -0.678114 -0.169255 0.93967 -0.0495679 0.615718 0.165413 0.832595 0.297333 0.0865264 -0.286321 1.14702 0.669549 0.515607 0.617152 -0.423703 -0.446383 0.379689 -0.225436 -0.232285 0.335156 0.62211 -0.448143 -0.315271 -0.458961 -1.23763 -0.671939 -0.796511 0.0970026 0.172104
2 -0.398104 -0.685811 -0.344981 -0.521367 -0.358435 0.787052 -0.346672 0.407112 0.209935 0.490269 0.159711 0.103783 -0.690307 1.12884 0.525136 0.831225 0.464985 -0.270921 0.212332 -0.12162 0.0987983 -0.554836 0.0559716 0.492229 -0.0298298 -0.332131 -0.947891 -1.07993 -0.784449 -0.269521 0.148814 0.264461
217 0.14102 -0.147886 -0.390788 -0.30328 0.183399 0.270185 -0.122561 0.346563 -0.319804 -0.493535 0.456063 0.510315 -0.207617 0.993923 0.581869 0.415518 -0.601671 0.439968 -0.258502 0.481695 -0.770819 -1.14575 -0.214316 0.434282 -0.343799 -0.707248 0.272868 0.257618 -0.486658 -0.923047 0.0191239 0.596258
218 0.105815 -0.184975 -0.449818 -0.337664 0.233082 0.249826 -0.117651 0.396178 -0.31964 -0.56462 0.518568 0.580065 -0.268442 1.17944 0.639584 0.497702 -0.597573 0.499441 -0.256433 0.587645 -0.896578 -1.27161 -0.280448 0.538647 -0.392061 -0.77253 0.226874 0.310007 -0.534194 -1.06124 0.0163539 0.726131
216 0.0977252 -0.102975 -0.426655 -0.405739 0.292436 0.40784 -0.131164 0.45413 -0.322336 -0.619122 0.506292 0.574711 -0.298184 1.1004 0.649028 0.534806 -0.597054 0.469692 -0.345418 0.555323 -0.794778 -1.23785 -0.128274 0.522272 -0.547911 -0.821085 0.186702 0.214138 -0.518033 -0.956936 0.101326 0.82868
215 0.0488297 -0.0957806 -0.469844 -0.558018 0.413038 0.507801 -0.13411 0.624006 -0.320251 -0.657147 0.466842 0.502215 -0.277146 0.923716 0.605098 0.534468 -0.545438 0.360831 -0.436497 0.458357 -0.563179 -1.11767 0.11705 0.533613 -0.61473 -0.839437 0.148805 0.101985 -0.481291 -0.756415 0.293399 0.8399
208 -0.365312 -0.0108962 -0.153202 -0.790705 -0.209438 0.511143 0.138395 0.924719 -0.120332 -0.20338 0.493839 -0.0306216 -0.674641 0.372274 0.37199 0.896284 -0.191438 0.10345 -0.362653 0.767476 -0.591701 -0.214672 -0.177424 0.188243 -0.21669 -0.463903 -0.689361 0.064129 0.121151 -0.275117 0.633299 1.0115
207 -0.409164 0.00193766 -0.154293 -0.889324 -0.2459 0.548547 0.143238 1.03836 -0.128843 -0.243333 0.556133 -0.0605218 -0.812251 0.390328 0.446371 1.01147 -0.237029 0.0922667 -0.417826 0.868226 -0.743576 -0.235198 -0.267847 0.255215 -0.196933 -0.500249 -0.789057 0.0948964 0.111203 -0.311495 0.693272 1.14118
209 -0.367433 -0.0332115 -0.23901 -0.912743 -0.139313 0.588895 0.140864 1.05191 -0.160396 -0.27065 0.526383 0.00541315 -0.697236 0.456677 0.4094 0.946748 -0.237395 0.101852 -0.47217 0.784822 -0.55616 -0.304516 -0.133857 0.22771 -0.281643 -0.533514 -0.669237 0.066663 0.118047 -0.288849 0.694517 1.108
206 -0.426738 0.0300023 0.0280634 -0.723572 -0.4039 0.322885 0.154006 0.94365 -0.0614956 -0.120429 0.412624 -0.194704 -0.826323 0.305361 0.468241 1.04725 -0.0734387 0.060379 -0.270904 0.924128 -0.934327 -0.0827324 -0.45256 0.261481 -0.203933 -0.366485 -0.869953 0.120111 0.00983369 -0.340692 0.699561 1.07937
205 -0.438026 -0.0105733 0.0999898 -0.629681 -0.382648 0.163553 0.1386 0.901431 -0.000489768 -0.114761 0.33228 -0.231134 -0.717503 0.261203 0.418375 0.987536 -0.00541032 0.0635886 -0.168466 0.831767 -0.901085 -0.00866088 -0.494013 0.194682 -0.187901 -0.268777 -0.822493 0.137614 0.00204244 -0.254433 0.629249 0.982774
204 -0.522733 0.0504255 0.158342 -0.614211 -0.448878 0.154086 0.180844 0.903601 -0.0143509 -0.131984 0.371343 -0.283508 -0.820827 0.323174 0.55778 1.19094 0.0349618 0.0764328 -0.160487 1.04784 -1.10592 -0.0187038 -0.605001 0.27713 -0.342884 -0.298827 -0.936539 0.122826 -0.0353288 -0.367791 0.706704 1.20423
58 0.0776945 0.0662755 -0.0724473 0.416022 0.228021 -0.0477534 -0.0686531 0.230039 -0.18932 0.211964 -0.165144 0.221788 -0.808195 0.923824 0.913117 0.883618 -0.0443353 1.05006 -0.605677 0.852857 -0.143913 -0.423394 0.292761 0.0304539 -0.316523 -0.244643 -0.235975 -0.656735 0.230038 -0.859449 0.392908 -0.0214754
57 0.0524504 0.0372085 -0.0149228 0.436512 0.227456 -0.0600939 -0.0916387 0.350513 -0.245345 0.257778 -0.250453 0.186032 -0.928657 0.995676 1.02996 0.997148 -0.0714122 1.21925 -0.732298 0.925605 -0.14883 -0.416418 0.308217 -0.034432 -0.364129 -0.251966 -0.223839 -0.69161 0.29199 -0.940384 0.422919 -0.0725631
56 0.0674768 0.0480774 0.0340855 0.347757 0.19254 -0.131933 -0.0297646 0.521501 -0.245733 0.265524 -0.413232 0.151854 -0.99373 0.98752 1.02614 0.86944 0.0598982 1.21148 -0.849764 0.746403 -0.302287 -0.47215 0.344721 0.024787 -0.346789 -0.175222 -0.0432873 -0.440572 0.16566 -1.03004 0.356157 -0.0724229
55 0.0978074 0.0942671 0.0540553 0.317261 0.164498 -0.127696 -0.0259971 0.463487 -0.2581 0.238074 -0.43047 0.101752 -0.886646 0.807872 0.923352 0.735986 0.0156188 1.15846 -0.820615 0.605677 -0.262429 -0.410292 0.286088 -0.019356 -0.300752 -0.14535 0.0237452 -0.384027 0.160488 -0.8984 0.333074 -0.11999
54 0.1104 0.0670226 0.0958948 0.219134 0.166853 -0.163062 0.0479925 0.574109 -0.176533 0.213956 -0.484952 0.112577 -1.0173 0.891614 0.964604 0.768804 0.140772 1.21335 -0.929824 0.580511 -0.410627 -0.473764 0.374171 0.0136191 -0.347231 -0.155022 0.12658 -0.271297 0.093217 -0.963291 0.298059 -0.150522
59 0.070729 -0.0705532 -0.0422364 0.355804 0.237051 -0.100272 -0.112963 0.356977 -0.23894 0.156621 -0.113953 0.197426 -0.796567 0.999369 0.983494 1.02401 -0.0458986 1.14818 -0.583916 0.953897 -0.154973 -0.411469 0.279665 0.0172561 -0.377893 -0.287999 -0.281334 -0.811037 0.29433 -0.853066 0.411334 0.0345724
294 -0.00143556 -0.276975 0.030109 -0.670003 -0.0519894 0.466273 0.090174 0.977089 0.205634 0.827492 0.201208 0.152319 -0.0311928 1.1404 0.540043 0.314663 0.263419 -0.554378 -0.652306 0.579288 -0.476316 -0.0176056 0.410065 0.340572 -0.845711 -0.0385795 -0.119061 -0.88124 -0.404175 -0.793562 0.0964721 0.309919
296 -0.222155 -0.35798 0.0306609 -0.741949 -0.120633 0.74785 -0.00247399 0.828391 0.164223 0.861013 0.259717 0.149966 -0.174585 1.23933 0.690818 0.412247 0.467398 -0.499172 -0.589389 0.510985 -0.367146 -0.159456 0.364866 0.567138 -0.665915 -0.158808 -0.291619 -1.20217 -0.581458 -0.872095 0.0633264 0.307951
295 -0.162072 -0.314227 0.0206331 -0.666179 -0.0373401 0.555745 0.0627573 0.868421 0.130101 0.755694 0.193615 0.141238 -0.0901318 1.03108 0.548864 0.288238 0.338592 -0.489127 -0.580686 0.513683 -0.399498 -0.0882155 0.374717 0.406916 -0.706846 -0.107291 -0.18529 -0.921446 -0.440982 -0.740741 0.0772373 0.266189
293 0.228601 -0.27737 0.0849594 -0.604177 -0.0115847 0.224764 0.134279 1.22959 0.325817 0.838636 0.180081 0.136332 -0.0416418 1.23637 0.501575 0.319191 0.157124 -0.547597 -0.701405 0.583049 -0.535877 0.014652 0.367285 0.135652 -0.982325 0.174054 -0.0193585 -0.701704 -0.299784 -0.741601 0.134676 0.429375
292 0.230934 -0.260881 0.0518486 -0.612045 0.0173414 0.132601 0.122698 1.15302 0.29102 0.72698 0.153222 0.0910443 -0.0914561 1.1337 0.454412 0.287658 0.12029 -0.469716 -0.63129 0.568833 -0.502192 0.0191339 0.283596 0.1338 -0.961385 0.190677 0.00701962 -0.5877 -0.239714 -0.667453 0.101449 0.417571
291 0.377272 -0.172243 0.110414 -0.507005 -0.0212089 0.122895 0.106703 1.23207 0.406294 0.787587 0.180375 0.0863382 -0.136582 1.31304 0.52003 0.350824 0.0830231 -0.497646 -0.664767 0.60104 -0.561892 0.00626278 0.377798 0.0980671 -1.05357 0.256312 0.00896063 -0.677342 -0.312708 -0.719009 0.199773 0.524874
154 0.0147302 -0.376797 -0.523042 -0.396168 0.224293 -0.231792 0.476953 -0.0951935 0.242999 0.174014 0.377469 -0.266391 -0.873848 0.580391 0.555066 0.596749 0.613369 0.43633 -0.203974 -0.0646026 -0.41865 -0.798442 0.211612 0.62674 -0.418392 0.489662 0.4664 -0.435811 -0.435857 -0.0931218 0.0778002 0.523046
30 0.0358833 -0.136104 0.224424 -0.147046 -0.000746049 -0.116558 -0.16772 0.723838 0.216251 -0.295776 -0.483042 0.655633 -0.835927 0.765823 0.189994 0.116274 0.654915 -0.0246869 -0.424347 0.112777 -0.603391 -0.75208 -0.0699259 -0.217179 -0.663429 -0.0217208 -0.227448 0.622708 -0.539587 -0.0605817 0.835624 1.08429
26 0.228056 -0.400743 0.359867 -0.471652 -0.0385001 -0.278657 0.249178 0.339765 -0.197128 -0.274643 -0.217443 0.979511 -0.623071 0.652994 0.536505 0.765815 1.00123 -0.0599303 -0.484278 0.251743 -0.629615 -0.755041 -0.0664214 0.280067 -0.289925 -0.502402 -0.57897 0.916863 -0.750592 -0.140088 0.846216 1.4256
97 -0.651696 -1.06084 -0.414619 -0.410624 0.29451 -0.826794 0.0359023 1.09083 -0.392811 0.135383 -0.499681 -0.359925 -0.226339 0.687576 0.312548 0.810481 0.151205 0.446613 -0.289011 0.178751 -0.0203526 -0.499708 0.17278 0.313659 -0.809894 0.263026 -0.115796 -0.458359 -0.0364147 -0.469478 0.110831 0.574638
96 -0.653128 -1.11113 -0.510721 -0.387843 0.348549 -0.876368 0.0850983 1.23621 -0.436597 0.241174 -0.514987 -0.328637 -0.258132 0.727099 0.266341 0.921168 0.167881 0.498951 -0.341817 0.216098 -0.0663002 -0.494937 0.188798 0.325212 -0.892265 0.225504 -0.181612 -0.535864 -0.0244065 -0.50189 0.237606 0.750863
95 -0.616539 -1.07636 -0.506372 -0.35893 0.400148 -0.911076 0.0945388 1.32509 -0.426598 0.296017 -0.499985 -0.350711 -0.300237 0.699111 0.204915 0.908323 0.19945 0.547985 -0.415282 0.215446 -0.0407165 -0.485481 0.100338 0.3065 -0.929168 0.219192 -0.211033 -0.552617 0.00305506 -0.483967 0.320284 0.780438
93 -0.523131 -0.85605 -0.378727 -0.412577 0.387681 -0.76765 0.0841854 1.27228 -0.336368 0.321968 -0.28478 -0.213342 -0.402092 0.633581 0.114079 0.709193 0.287312 0.478114 -0.355073 0.195008 -0.0554973 -0.398978 -0.0424073 0.202104 -0.746547 0.0688588 -0.184806 -0.458032 0.0468258 -0.378985 0.232959 0.725856
94 -0.460294 -0.917037 -0.412225 -0.372996 0.333353 -0.739766 0.0842339 1.15509 -0.307831 0.185962 -0.361483 -0.247457 -0.2937 0.664698 0.200178 0.735907 0.233164 0.431514 -0.322624 0.224427 -0.0321991 -0.423978 0.0894765 0.233615 -0.710354 0.161024 -0.178682 -0.381877 0.0246469 -0.349068 0.222432 0.634985
298 -0.315227 -0.281941 0.00860026 -0.473959 -0.177629 0.763641 -0.142089 0.374561 0.181544 0.634404 0.244388 0.0474274 -0.356786 0.960376 0.574263 0.531598 0.537032 -0.26653 -0.20747 0.138419 -0.0973518 -0.255693 0.210284 0.552883 -0.22796 -0.284951 -0.515839 -1.04087 -0.592413 -0.57644 0.0977409 0.15548
23 0.166131 -0.439116 0.227126 -0.563579 -0.260832 -0.481409 0.390478 0.335304 -0.427642 -0.357904 -0.102326 0.764421 -0.354719 0.796729 0.453584 0.748119 1.08284 -0.0380048 -0.327271 0.150914 -0.47746 -0.685289 0.0191941 0.332047 -0.109265 -0.593837 -0.522467 0.726598 -0.611547 -0.18086 0.737397 1.33672
24 0.23124 -0.40299 0.304683 -0.526265 -0.13798 -0.377902 0.305788 0.247174 -0.333353 -0.365678 -0.157112 0.897986 -0.500439 0.732524 0.558585 0.816416 1.12607 -0.0404831 -0.437105 0.228892 -0.578916 -0.782891 -0.0276717 0.333193 -0.226168 -0.562034 -0.566162 0.898519 -0.70555 -0.158229 0.805921 1.44233
25 0.219166 -0.377112 0.299992 -0.458517 -0.0572444 -0.279432 0.263351 0.231079 -0.227585 -0.31238 -0.154762 0.893272 -0.500994 0.595732 0.496857 0.737699 0.992975 -0.039365 -0.456489 0.221162 -0.539028 -0.722439 -0.0492112 0.255871 -0.204455 -0.512279 -0.560212 0.91861 -0.714786 -0.103781 0.785065 1.34726
269 0.459285 -0.499087 -0.276344 0.695947 0.718596 0.0629628 -0.534069 0.0276973 0.139121 0.0733756 -0.553359 1.03147 -0.845112 1.22723 0.721618 0.560701 0.662211 -0.14568 -0.104991 0.0960832 -0.807358 -0.261264 0.445056 0.817042 -0.565229 -0.420917 0.0380764 -0.382001 -0.411504 -0.65315 0.303273 0.628647
267 0.448059 -0.504918 -0.340373 0.57845 0.822629 -0.0095206 -0.587429 0.201004 0.15193 -0.0583556 -0.504946 1.09413 -1.03455 1.27805 0.756596 0.697907 0.720819 -0.123892 -0.0672989 0.174654 -0.833612 -0.174659 0.472108 0.699908 -0.7353 -0.28805 0.119457 -0.359563 -0.346891 -0.669361 0.264298 0.490464
268 0.455621 -0.480373 -0.270854 0.611352 0.715941 0.0224379 -0.484619 0.114088 0.0954852 0.0524396 -0.520386 1.04061 -0.826448 1.14661 0.679011 0.548458 0.627242 -0.139987 -0.0801794 0.0948269 -0.782126 -0.211926 0.413484 0.669901 -0.597938 -0.321035 0.136835 -0.317758 -0.367367 -0.585001 0.278672 0.500712
266 0.386001 -0.555693 -0.496236 0.443894 0.899509 -0.0829913 -0.672236 0.305835 0.191352 -0.24189 -0.469714 1.1704 -1.08908 1.33264 0.831105 0.779029 0.7544 -0.115483 -0.063993 0.181529 -0.875097 -0.0566032 0.524053 0.638526 -0.78409 -0.208588 0.143974 -0.334497 -0.333483 -0.640963 0.201117 0.35041
265 0.300405 -0.448244 -0.427977 0.340014 0.774984 -0.0976353 -0.598495 0.256454 0.149182 -0.281595 -0.37607 0.947536 -0.9246 1.06087 0.702821 0.655693 0.621627 -0.0635219 -0.0940166 0.186624 -0.698908 -0.0393313 0.439977 0.486812 -0.660069 -0.151236 0.0570178 -0.251616 -0.241134 -0.492871 0.157196 0.247132
264 0.305235 -0.521937 -0.486198 0.28258 0.865491 -0.152205 -0.702139 0.323391 0.196891 -0.308083 -0.408062 1.0047 -1.0354 1.11503 0.820227 0.728062 0.67222 -0.0462285 -0.0884625 0.234414 -0.750059 -0.0267005 0.475721 0.498155 -0.706318 -0.109734 0.0723622 -0.261641 -0.229694 -0.54355 0.157774 0.255605
286 0.762944 0.313929 0.0849324 0.534125 -0.0897584 -0.0646794 -0.0146179 0.401333 0.438071 0.356318 0.422332 -0.163776 -0.379689 1.41465 0.280441 0.688701 0.162142 0.0564701 0.0350231 0.195785 -0.212842 -0.167194 0.328593 0.0604438 -0.602108 0.180332 -0.149018 -0.641666 -0.496558 -0.561011 0.362303 1.02173
285 0.828752 0.408806 0.0287442 0.662942 -0.0496371 -0.0939197 -0.0070178 0.367235 0.484933 0.338204 0.474357 -0.22606 -0.373589 1.52847 0.299275 0.758581 0.205529 0.00385748 0.0673028 0.174848 -0.240307 -0.253152 0.355229 0.0871835 -0.672212 0.14773 -0.267482 -0.583174 -0.558876 -0.655557 0.41479 1.11088
284 0.656833 0.474043 -0.141804 0.886975 0.273724 -0.178068 0.0925021 0.127105 0.431834 0.0400141 0.388948 -0.29267 -0.374761 1.48008 0.316479 0.8296 0.328586 -0.0667108 0.177175 0.148265 -0.267754 -0.543055 0.366569 0.293708 -0.577803 -0.114181 -0.572951 -0.294882 -0.577683 -0.835531 0.470079 1.1803
283 0.534041 0.444614 -0.173312 0.821688 0.296246 -0.19302 0.0586248 0.0381493 0.364679 -0.019853 0.307723 -0.281765 -0.370552 1.30236 0.315276 0.77076 0.33777 -0.0569942 0.173137 0.138723 -0.241332 -0.576157 0.314933 0.335677 -0.504598 -0.149504 -0.58849 -0.197098 -0.52604 -0.825302 0.427685 1.08928
282 0.56855 0.456581 -0.221793 0.97838 0.423043 -0.241395 0.102137 0.073597 0.404248 -0.0597632 0.342309 -0.307095 -0.382784 1.51484 0.369216 0.9401 0.327489 -0.0578132 0.18822 0.204015 -0.299256 -0.732088 0.35272 0.438222 -0.440133 -0.23411 -0.766469 -0.244572 -0.620424 -0.977707 0.554054 1.30717
281 0.470603 0.280953 -0.299941 0.920792 0.499269 -0.211807 0.158101 0.0347395 0.286934 -0.0821824 0.237925 -0.25234 -0.350758 1.3356 0.332422 0.875396 0.306222 -0.111028 0.1169 0.176148 -0.377794 -0.694199 0.344982 0.527336 -0.328866 -0.284903 -0.74097 -0.160606 -0.600191 -0.955057 0.542491 1.20439
280 0.382291 0.216746 -0.248605 0.768473 0.418944 -0.138094 0.156167 0.0700763 0.242843 -0.0230414 0.202724 -0.211861 -0.248907 1.07048 0.212906 0.730832 0.183989 -0.116418 0.0730689 0.198908 -0.319153 -0.595559 0.264758 0.40896 -0.185251 -0.261425 -0.663488 -0.15368 -0.548435 -0.811859 0.453783 1.01463
279 0.379838 0.0325104 -0.337023 0.849605 0.545358 -0.104934 0.203985 0.0918433 0.296453 0.0109666 0.117252 -0.152165 -0.226392 1.24191 0.334866 0.83322 0.198849 -0.185125 -0.0680035 0.246508 -0.451632 -0.655596 0.354473 0.638795 -0.149093 -0.370915 -0.821296 -0.183483 -0.68459 -0.961669 0.605165 1.24702
32 -0.108537 0.0124629 0.0264751 -0.0582804 -0.0769983 -0.0587541 -0.354954 0.890173 0.369981 -0.318292 -0.451129 0.532312 -0.939844 1.00999 0.168886 -0.014667 0.594862 0.0526225 -0.418541 0.0313988 -0.61262 -0.795756 0.0272114 -0.338687 -0.697292 0.0459056 -0.236955 0.55772 -0.447355 -0.123302 0.821014 1.04999
31 -0.0108098 -0.0576734 0.135242 -0.0625347 -0.0130219 -0.0471809 -0.217147 0.724469 0.25994 -0.274557 -0.428637 0.532567 -0.835009 0.776845 0.144659 0.0371636 0.54314 0.0111705 -0.385714 0.0640466 -0.534493 -0.71377 -0.00205877 -0.274441 -0.628888 0.0264819 -0.151791 0.503001 -0.443797 -0.0719561 0.735849 0.935817
162 0.0467639 -0.201487 0.317986 -0.656986 -0.336202 -0.394349 0.558794 0.703994 0.465222 0.145074 0.525208 0.169852 -0.792066 0.396277 0.418969 0.691999 0.403155 -0.319289 0.0545021 0.452954 -0.490549 -1.12838 0.457355 0.335082 0.198598 0.45098 0.53296 -0.774951 -0.318104 -0.65847 0.183914 1.00987
163 0.0497381 -0.19935 0.324412 -0.597902 -0.314113 -0.392481 0.49743 0.668533 0.414605 0.113191 0.45807 0.1557 -0.730354 0.373942 0.3825 0.666683 0.365093 -0.269755 0.0262951 0.420145 -0.445306 -1.03787 0.417063 0.295274 0.172669 0.409112 0.453326 -0.666813 -0.316888 -0.637669 0.138039 0.953664
161 -0.0726755 -0.262761 0.00490362 -0.663788 -0.124633 -0.435455 0.466703 0.41836 0.441104 0.144212 0.432735 0.00745442 -0.81286 0.420351 0.574046 0.556382 0.398174 -0.00329417 0.021743 0.302336 -0.401687 -1.07603 0.309178 0.440682 0.00521172 0.357542 0.474268 -0.61523 -0.261338 -0.470157 0.201607 0.763059
159 -0.139779 -0.302919 -0.299981 -0.686456 0.0803564 -0.482418 0.496323 0.101988 0.419792 0.131727 0.370027 -0.152865 -0.975251 0.56014 0.837765 0.542097 0.475611 0.313148 -0.0196291 0.301115 -0.459313 -1.19988 0.232289 0.648569 -0.243132 0.347745 0.53551 -0.554337 -0.249165 -0.431243 0.283844 0.701512
111 0.287129 -0.713855 -0.257077 -0.856426 0.402215 -0.904318 0.481086 0.939638 -0.294236 -0.0965281 -0.0665683 -0.36468 -0.74501 1.40846 0.547222 0.725078 0.504815 0.619407 0.206232 0.605903 0.0943096 -0.918444 0.0898232 0.696906 -0.672465 0.316187 -0.558417 0.353478 -0.363584 0.0450411 -0.560285 0.339476
112 0.277611 -0.5324 -0.213539 -0.678707 0.340394 -0.753669 0.401777 0.795968 -0.293489 -0.0506756 -0.0708055 -0.295324 -0.672421 1.15322 0.447881 0.613142 0.395206 0.544333 0.165477 0.548401 0.0948017 -0.761721 0.0486274 0.581459 -0.549081 0.293741 -0.487598 0.245119 -0.292014 0.00935259 -0.452921 0.24998
275 0.247337 -0.511311 -0.133161 0.663805 0.316194 0.130921 -0.00951868 -0.0641082 0.101976 0.212692 -0.269826 0.114807 -0.0785467 0.991114 0.518482 0.39816 0.241518 -0.181012 -0.462962 0.3501 -0.450864 -0.381788 0.261058 1.19785 -0.035304 -0.56078 -0.659263 -0.445088 -0.516362 -0.851587 0.607598 1.09591
273 0.254362 -0.657664 -0.108535 0.648238 0.333996 0.166726 -0.222591 -0.173949 0.0927246 0.236297 -0.403942 0.341246 -0.205591 1.07378 0.695522 0.378685 0.381807 -0.0986692 -0.473101 0.346964 -0.570344 -0.410955 0.250596 1.34604 -0.0840679 -0.642845 -0.548297 -0.465576 -0.511332 -0.822496 0.595283 1.10824
274 0.220742 -0.47332 -0.12536 0.570788 0.263409 0.133689 -0.0765303 -0.089851 0.0907208 0.185832 -0.222709 0.114417 -0.0777111 0.870042 0.492715 0.338194 0.209709 -0.128758 -0.429077 0.321385 -0.430859 -0.3826 0.192004 1.06592 -0.057152 -0.526434 -0.550129 -0.368821 -0.461358 -0.721925 0.534126 0.997765
272 0.335631 -0.610191 -0.095419 0.749604 0.353987 0.188247 -0.338034 -0.246459 0.0894965 0.264884 -0.466928 0.519654 -0.298345 1.02576 0.7302 0.333038 0.477461 -0.100554 -0.396925 0.232098 -0.602512 -0.328561 0.337746 1.29532 -0.16128 -0.622741 -0.383411 -0.472751 -0.45048 -0.6896 0.514666 0.968607
270 0.376439 -0.568774 -0.161609 0.647476 0.487833 0.115124 -0.435017 -0.0767545 0.129264 0.165953 -0.476538 0.734598 -0.547295 1.11016 0.715987 0.437035 0.561159 -0.116665 -0.237013 0.165029 -0.692115 -0.29384 0.366289 1.04543 -0.306508 -0.523828 -0.159496 -0.39871 -0.434747 -0.627378 0.390467 0.79462
226 -0.138667 -0.117981 -0.589428 -0.45606 0.137696 -0.340587 0.173073 0.0924116 0.122573 0.423482 0.131417 0.0393416 -0.494439 0.572745 0.290943 0.659177 0.400953 0.0746816 0.121625 0.455116 -0.900519 -0.599219 -0.319342 0.718089 0.366205 -0.118409 0.0958044 0.319103 0.0352186 -1.29806 0.177192 0.135721
225 -0.162259 -0.134579 -0.713932 -0.482737 0.131173 -0.332687 0.14914 0.0165756 0.107832 0.372706 0.222413 0.159576 -0.526813 0.742523 0.3487 0.662773 0.330351 0.16272 0.142246 0.541782 -1.09494 -0.779155 -0.483887 0.802564 0.438027 -0.211496 0.167146 0.437682 -0.0592686 -1.41253 0.14844 0.141157
227 -0.181689 -0.0866337 -0.723308 -0.600052 0.136274 -0.361682 0.239085 0.0899174 0.225762 0.555006 0.0988078 0.0257433 -0.631704 0.721959 0.314638 0.820735 0.534744 0.0232251 0.143364 0.532306 -1.14507 -0.659255 -0.367123 0.826483 0.414212 -0.127151 0.0318552 0.366117 0.0894323 -1.61068 0.2184 0.196413
53 0.139948 -0.0278109 0.185451 0.0177835 0.174308 -0.164847 0.0776604 0.697898 -0.151875 0.0776986 -0.638754 0.0796566 -1.11933 0.910391 1.0189 0.824129 0.340677 1.37747 -0.996085 0.35918 -0.670781 -0.568955 0.407143 -0.0660868 -0.371077 -0.184048 0.320135 -0.181414 -0.0690737 -0.954649 0.171067 -0.281536
255 -0.217438 -0.327507 -0.384879 -0.712362 0.20135 -0.756844 -0.830198 0.602172 0.756072 -0.650317 -0.131545 -0.444555 -0.794741 0.769199 0.987357 0.282083 0.179358 -0.0584953 -0.185482 0.425864 -0.0838514 -0.326699 -0.455405 0.127955 -0.404383 0.551402 -0.409006 -0.46963 -0.0468685 -0.449793 0.508559 1.06216
256 -0.176719 -0.229573 -0.404192 -0.596552 0.248143 -0.635212 -0.783366 0.397449 0.612305 -0.537582 -0.124676 -0.351155 -0.69709 0.585274 0.85891 0.24319 0.254482 0.046352 -0.252641 0.410704 -0.070089 -0.272929 -0.334396 0.110295 -0.368704 0.538234 -0.347111 -0.355778 -0.0194375 -0.342332 0.392146 0.788847
257 -0.221956 -0.250542 -0.59456 -0.678916 0.334866 -0.73761 -0.997445 0.446601 0.707572 -0.609948 -0.140897 -0.42436 -0.790815 0.575232 1.10796 0.284857 0.359528 0.0903932 -0.30063 0.504537 -0.16435 -0.244295 -0.288774 0.0655966 -0.445622 0.644646 -0.433792 -0.405629 -0.0199255 -0.354309 0.472254 0.805225
258 -0.250138 -0.208695 -0.706835 -0.654396 0.48359 -0.630356 -1.03972 0.432946 0.628701 -0.529438 -0.118433 -0.318231 -0.811421 0.588114 1.12098 0.395763 0.516653 0.248951 -0.44927 0.565249 -0.326809 -0.222508 -0.126595 0.14941 -0.470388 0.584064 -0.509399 -0.360774 -0.0180859 -0.374973 0.372589 0.632969
254 -0.362176 -0.592261 -0.19956 -0.696602 0.0492195 -0.832588 -0.760664 0.868746 0.75895 -0.833851 -0.199586 -0.43927 -0.789595 0.967701 0.974897 0.214549 0.126851 -0.269094 -0.0717103 0.286553 0.0428092 -0.280837 -0.542563 0.135327 -0.335884 0.451513 -0.381774 -0.471659 -0.142789 -0.520284 0.625009 1.23302
253 -0.395364 -0.654715 -0.0821489 -0.627471 0.0249628 -0.752753 -0.586394 0.957301 0.690968 -0.816602 -0.160589 -0.35859 -0.727168 0.896884 0.859246 0.164504 0.113169 -0.323449 -0.0523143 0.182129 0.0456353 -0.199839 -0.553495 0.157916 -0.242988 0.330831 -0.304525 -0.426696 -0.175033 -0.496104 0.525926 1.15706
100 -0.608942 -0.958122 -0.129971 -0.571731 0.196834 -0.614752 0.00109543 0.841932 -0.176027 -0.15164 -0.184436 -0.291912 -0.371535 0.955877 0.52623 0.636113 0.361852 0.26821 -0.116971 0.0707717 -0.207559 -0.565456 0.290008 0.291943 -0.640308 0.0730997 0.139395 -0.26032 -0.058396 -0.424095 -0.351585 0.544931
99 -0.752121 -1.15352 -0.263984 -0.618997 0.294154 -0.811717 0.0415074 1.02956 -0.290236 -0.0768013 -0.324378 -0.364912 -0.338442 0.963102 0.534516 0.792306 0.332605 0.371903 -0.160891 0.0633164 -0.176903 -0.648033 0.324762 0.331162 -0.783006 0.146935 0.0898297 -0.358494 -0.0559488 -0.446387 -0.276866 0.623223
98 -0.77711 -1.16532 -0.474134 -0.416587 0.329729 -0.879882 0.0538011 1.20052 -0.443797 0.176938 -0.558087 -0.378287 -0.234495 0.792973 0.319963 0.955967 0.137101 0.505144 -0.333718 0.146638 -0.0560959 -0.550802 0.214875 0.308116 -0.949769 0.243035 -0.111704 -0.517903 -0.000360969 -0.511796 0.166395 0.728521
237 -0.929041 -0.239875 -0.0597398 -0.573681 0.132347 0.0255338 0.727334 0.255506 0.681086 0.231981 -0.0695508 0.461605 -0.788845 1.78617 0.534738 1.22118 0.545477 0.141172 0.459852 0.0641964 -0.220213 0.413576 -0.135908 0.592694 -0.144346 0.308292 -0.580523 0.0189739 -0.11725 -0.311198 0.159411 0.533041
238 -0.857699 -0.20108 -0.0323158 -0.497735 0.113906 0.00550139 0.651684 0.257885 0.576812 0.185272 -0.0773647 0.444925 -0.711079 1.56283 0.446343 1.08224 0.532728 0.102892 0.389032 -0.0111782 -0.180579 0.408185 -0.156958 0.578976 -0.0663736 0.264838 -0.533258 0.0359954 -0.137925 -0.283926 0.142958 0.484573
239 -0.958084 -0.295795 -0.0358977 -0.579021 0.13253 -0.0417912 0.679531 0.392811 0.603948 0.220144 -0.0496445 0.53014 -0.821689 1.73214 0.508409 1.19029 0.578854 0.147046 0.402351 -0.0377288 -0.15506 0.416439 -0.173372 0.619038 -0.0951752 0.29525 -0.570028 0.014394 -0.139624 -0.300321 0.143479 0.536382
240 -0.957969 -0.462931 0.0648069 -0.32946 0.334313 -0.114698 0.404036 0.512543 0.40821 -0.0532161 -0.0132596 0.45214 -0.760341 1.39682 0.484598 0.958076 0.568937 0.152334 0.13778 -0.156608 -0.109857 0.299014 -0.416374 0.534848 -0.0219021 0.243408 -0.392284 -0.0139725 -0.258614 -0.155507 0.0435822 0.626091
242 -0.848858 -0.683552 0.166022 -0.107469 0.544411 -0.151529 0.106631 0.690713 0.237639 -0.313976 0.00617956 0.36186 -0.741753 1.16763 0.560562 0.806158 0.581857 0.214484 -0.225155 -0.202185 -0.200786 0.0557775 -0.631353 0.512672 -0.0186963 0.157693 -0.279334 -0.0568623 -0.37362 -0.0989719 -0.0183697 0.816341
243 -0.816611 -0.872012 0.159316 -0.0575828 0.642296 -0.232215 -0.124416 0.889287 0.20356 -0.491635 -0.0237542 0.247231 -0.747457 1.10633 0.659733 0.68529 0.638146 0.204121 -0.414482 -0.209787 -0.304142 -0.0943243 -0.71436 0.518962 -0.0423653 0.15373 -0.234421 -0.162141 -0.415556 -0.1559 -0.00354705 0.973472
79 -0.415559 -1.06587 0.0799288 -0.48607 -0.185241 -0.338074 -0.225674 1.07614 -0.112434 -0.442942 0.013572 -0.130146 -0.813382 0.509738 0.400755 0.275324 0.466285 0.0989257 0.0341205 0.221544 -0.156225 -0.35954 0.0264226 0.339564 -0.0955447 0.111572 0.314972 -0.365234 -0.294801 -1.17982 -0.0254251 0.237513
80 -0.456827 -1.20051 0.0871467 -0.577916 -0.211619 -0.396267 -0.273596 1.32723 -0.0680754 -0.413741 0.0273815 -0.113787 -0.98851 0.661992 0.482692 0.337073 0.520101 0.135584 0.00875447 0.275112 -0.210761 -0.408146 0.00292251 0.372874 -0.108164 0.110696 0.336907 -0.440249 -0.339005 -1.32311 -0.0362493 0.31724
78 -0.389482 -1.14124 0.168536 -0.491921 -0.27513 -0.333555 -0.322581 1.11094 -0.216437 -0.619856 -0.00684218 -0.17969 -0.915641 0.485286 0.443041 0.338171 0.517815 0.0950707 -0.0122628 0.314626 -0.130518 -0.35875 0.0652531 0.507382 -0.147961 0.256288 0.358343 -0.384039 -0.401717 -1.50669 -0.0640177 0.234138
77 -0.262922 -1.02139 0.240828 -0.547347 -0.278647 -0.33654 -0.355734 1.0104 -0.422608 -0.758675 -0.0608073 -0.202718 -0.951292 0.424829 0.478145 0.379547 0.564892 0.167518 -0.0854902 0.408818 -0.153042 -0.313944 0.0516277 0.695525 -0.242382 0.407119 0.37312 -0.353589 -0.467527 -1.68574 -0.12832 0.305913
49 0.0716926 -0.148764 0.237516 -0.26968 0.196437 -0.167913 0.0700561 0.654712 -0.0700346 -0.143443 -0.676333 0.183118 -0.762473 0.626818 0.826269 0.756727 0.506511 1.09042 -0.62506 -0.164522 -0.850309 -0.597758 0.170303 -0.029632 -0.264945 -0.150196 0.349634 -0.245003 -0.203711 -0.575723 0.00355218 -0.200443
50 0.0829991 -0.112124 0.221962 -0.233128 0.227342 -0.167668 0.0685955 0.771368 -0.104384 -0.0983537 -0.728178 0.168565 -0.978978 0.776178 1.01756 0.839458 0.501804 1.31874 -0.831686 -0.0508078 -0.918402 -0.655771 0.283407 -0.0676226 -0.32663 -0.180938 0.386313 -0.219708 -0.186487 -0.764232 0.0861796 -0.256735
51 0.121712 -0.0807906 0.23134 -0.0754428 0.179561 -0.156975 0.119491 0.758454 -0.140893 -0.000452768 -0.672931 0.0711435 -1.14498 0.871171 1.03991 0.871372 0.436385 1.41715 -1.01856 0.229112 -0.79299 -0.600829 0.415769 -0.0706714 -0.343065 -0.193887 0.382674 -0.161273 -0.146445 -0.958908 0.10667 -0.289664
48 -0.00804815 -0.110124 0.266665 -0.294458 0.242922 -0.0764054 0.0345594 0.673199 -0.121985 -0.121469 -0.784798 0.258594 -0.72252 0.616078 0.953653 0.804496 0.528398 1.19764 -0.630372 -0.234894 -1.01276 -0.707466 0.116659 0.0273638 -0.281341 -0.0233755 0.338288 -0.325411 -0.25226 -0.598449 0.0272858 -0.107492
52 0.119119 -0.0604212 0.16033 -0.0363691 0.158065 -0.149614 0.0966063 0.658174 -0.123809 0.0274031 -0.560873 0.0588256 -1.01659 0.768399 0.879437 0.708872 0.338428 1.22091 -0.868377 0.276645 -0.655189 -0.48657 0.387754 -0.060171 -0.311218 -0.147838 0.328872 -0.109191 -0.0969926 -0.81234 0.0905701 -0.304715
47 -0.161927 -0.0160595 0.260714 -0.248606 0.280077 0.0485855 -0.0601139 0.636563 -0.157412 -0.0895904 -0.853055 0.353555 -0.547391 0.552426 0.942147 0.724402 0.50013 1.17678 -0.470075 -0.353296 -1.19519 -0.756652 0.0220674 0.123268 -0.291184 0.183946 0.168633 -0.389838 -0.349905 -0.608558 0.0248431 0.0361009
45 -0.272726 0.0639084 0.286876 -0.0837543 0.273229 0.136843 -0.151257 0.644766 -0.242464 -0.0534676 -0.834579 0.360228 -0.504805 0.539119 0.933915 0.663224 0.494658 1.2144 -0.387842 -0.40795 -1.29382 -0.792713 -0.0226943 0.208805 -0.37011 0.397439 0.0240436 -0.520691 -0.437174 -0.669945 0.0165098 0.281686
44 -0.470479 0.244542 0.170592 0.154923 0.223015 0.226078 -0.36336 0.629227 -0.275537 0.0294425 -0.710157 0.374721 -0.501426 0.626731 0.79211 0.492889 0.423027 1.03538 -0.290207 -0.386891 -1.29953 -0.76156 -0.0880637 0.276813 -0.396243 0.55781 -0.099505 -0.447865 -0.519354 -0.681713 0.0685195 0.481741
42 -0.638037 0.392251 0.0464646 0.314491 0.156468 0.147464 -0.516732 0.829403 -0.233865 0.052625 -0.577523 0.327451 -0.476698 0.783954 0.653877 0.348005 0.338597 0.894261 -0.293955 -0.354361 -1.28527 -0.666799 -0.0994883 0.280421 -0.412184 0.567696 -0.150288 -0.379394 -0.486816 -0.641078 0.0589253 0.526181
41 -0.665465 0.475743 -0.0219218 0.44609 0.0431189 0.0982722 -0.634308 0.896906 -0.13567 0.0499133 -0.423032 0.29035 -0.597745 0.954442 0.506685 0.21146 0.33346 0.718681 -0.283695 -0.276313 -1.19582 -0.655697 -0.0802672 0.24447 -0.458934 0.588382 -0.129173 -0.24845 -0.434528 -0.605656 0.146111 0.524815
230 -0.281963 -0.0298703 -0.596065 -0.862618 0.121014 0.0438762 0.574816 -0.297074 0.704178 0.43495 -0.17338 -0.187492 -0.581945 1.0359 0.366836 0.924538 0.557511 -0.216184 0.31068 0.412182 -0.96371 -0.344031 -0.169645 0.67866 0.0537188 0.0585691 -0.311132 0.198117 0.164028 -1.25652 0.180839 0.239768
229 -0.211584 -0.0166416 -0.497332 -0.588405 0.126922 -0.0807607 0.412317 -0.191927 0.432832 0.40733 -0.0659589 -0.101795 -0.48147 0.758644 0.259997 0.755596 0.46947 -0.16265 0.216366 0.347354 -0.777594 -0.298427 -0.157904 0.623494 0.120127 0.0186437 -0.214337 0.165287 0.165973 -1.097 0.150968 0.174172
228 -0.176162 -0.076611 -0.642554 -0.729401 0.171164 -0.210156 0.4217 -0.110238 0.41909 0.529688 -0.0129793 -0.105971 -0.591517 0.813095 0.367066 0.869783 0.568044 -0.138491 0.211857 0.462963 -1.02732 -0.490459 -0.25286 0.810474 0.244213 -0.0765219 -0.108704 0.285615 0.139421 -1.41207 0.202461 0.192135
5 -0.226205 -1.02543 -0.941733 -0.700336 -0.284315 0.409201 -0.436704 0.85869 0.0293041 0.248616 -0.129765 0.342494 -0.620806 1.19732 0.302037 0.695479 0.02968 -0.444045 0.414951 -0.0948223 -0.12009 -0.672143 0.23182 0.314749 -0.443316 -0.150368 -0.896954 -0.833773 -0.746043 -0.10758 -0.0355834 0.52899
6 -0.070304 -1.09528 -1.06047 -0.82246 -0.246043 0.148602 -0.438821 1.13614 -0.0336815 0.237233 -0.170441 0.446074 -0.564156 1.27621 0.26368 0.601599 -0.100944 -0.506631 0.448386 -0.0200593 -0.317008 -0.596171 0.322301 0.300889 -0.562034 -0.078217 -0.817314 -0.761132 -0.652186 -0.143734 -0.0942266 0.668485
7 -0.0834843 -1.003 -0.962149 -0.800748 -0.18227 0.0532216 -0.380656 1.14459 -0.0586134 0.167197 -0.146972 0.380837 -0.485763 1.17785 0.249272 0.516862 -0.0831469 -0.425916 0.353171 0.0310081 -0.347704 -0.519763 0.326304 0.278918 -0.540766 -0.0806041 -0.644544 -0.618558 -0.547395 -0.186764 -0.0854853 0.624766
8 -0.111864 -1.11532 -0.98618 -0.86194 -0.175101 0.0363146 -0.382664 1.26363 -0.0701287 0.196365 -0.15262 0.386878 -0.523262 1.25878 0.315981 0.588629 -0.019024 -0.42976 0.325815 0.0151371 -0.363436 -0.539822 0.365709 0.328417 -0.532356 -0.0968625 -0.698181 -0.650823 -0.570414 -0.193899 -0.0813602 0.656287
131 -0.0784893 0.495244 0.0630192 -0.197296 -0.29998 -0.623412 -0.138165 -0.156762 0.396833 -0.330647 -0.666156 -0.318424 -0.266805 1.85459 0.11261 0.913651 -0.042755 0.751367 -0.679463 0.641238 -0.259874 -0.278487 -0.290888 0.329005 -0.439007 0.230993 -0.577466 -0.630726 -0.0807015 -0.23615 -0.276119 0.916666
132 -0.127869 0.599898 -0.0535357 -0.274696 -0.283185 -0.655513 0.120661 -0.0622991 0.240797 -0.298186 -0.640533 -0.193558 -0.254354 1.80489 0.113263 1.05018 0.106083 0.635779 -0.753356 0.759549 -0.376995 -0.223331 -0.330057 0.328022 -0.457373 0.0172791 -0.584425 -0.618661 -0.0407362 -0.258985 -0.297171 0.88286
160 -0.147992 -0.292112 -0.162002 -0.592301 0.0136464 -0.403438 0.35119 0.257785 0.333845 0.088726 0.297087 -0.0874317 -0.869361 0.607329 0.682798 0.565681 0.430496 0.201407 -0.0432655 0.306627 -0.429513 -0.982715 0.221803 0.539837 -0.213252 0.2778 0.332341 -0.481849 -0.241595 -0.461686 0.247368 0.694102
110 0.157516 -0.927365 -0.253704 -1.04045 0.492069 -0.889478 0.482848 0.964753 -0.258427 -0.125982 -0.199387 -0.382203 -0.654626 1.36895 0.415501 0.645339 0.509136 0.634124 0.110219 0.574219 0.0747609 -1.02757 0.0436159 0.753479 -0.787884 0.257647 -0.370298 0.402823 -0.369811 -0.118795 -0.678945 0.332206
120 -0.164922 0.127307 0.0757122 -0.543969 -0.0399981 -0.649525 -0.366985 0.617155 0.142869 -0.109319 0.399573 -0.204077 -0.885389 1.23648 0.448101 0.458375 0.267425 0.384308 0.114199 0.0990213 0.285717 -0.888403 0.751281 0.389701 0.206987 0.40991 -0.75542 -0.0818756 -0.362228 -0.142658 0.312808 0.35933
121 -0.235485 0.149248 0.151287 -0.546564 -0.0680612 -0.434763 -0.416218 0.413379 0.250163 -0.0942538 0.30576 -0.0827221 -0.794387 1.14346 0.252426 0.328446 0.253559 0.341524 0.00950771 -0.0154266 0.178253 -0.832768 0.64681 0.343333 0.24947 0.334023 -0.594916 -0.137023 -0.369833 -0.320828 0.42964 0.398964
122 -0.235435 0.197802 0.178096 -0.670451 -0.0763624 -0.542193 -0.477043 0.507382 0.30928 -0.121815 0.393078 -0.150336 -0.874252 1.32908 0.271809 0.37416 0.261639 0.369917 -0.00248662 -0.0350336 0.226782 -1.00318 0.791672 0.415874 0.326814 0.380957 -0.700414 -0.179345 -0.42216 -0.335244 0.485051 0.392362
64 0.0142348 -0.353799 0.0265263 -0.297105 0.157499 -0.195568 -0.141106 0.596247 -0.217144 -0.144858 0.0212749 0.0675877 -0.719256 0.928443 0.550428 0.765129 0.226314 0.615854 -0.14261 0.56883 -0.333871 -0.428555 0.0685648 0.267211 -0.397562 -0.073677 -0.14435 -0.508408 -0.064511 -0.683047 0.149658 0.467844
250 -0.594151 -0.810078 0.0906388 -0.258551 0.164336 -0.451446 -0.445352 0.947714 0.515712 -0.899395 -0.1819 -0.241251 -0.641187 0.95718 0.763729 0.0433913 0.322349 -0.256536 -0.218167 0.00943474 -0.0271403 -0.103418 -0.754613 0.340231 -0.0855644 0.18543 -0.257416 -0.402759 -0.274975 -0.386767 0.511004 1.17407
249 -0.621857 -0.90292 0.13514 -0.19344 0.196899 -0.436265 -0.445617 1.07084 0.501228 -0.941307 -0.226573 -0.269415 -0.747409 1.13261 0.813756 0.0650014 0.42949 -0.25798 -0.221691 0.038126 -0.0872489 -0.0789895 -0.81628 0.439738 -0.107748 0.187204 -0.304837 -0.461028 -0.337097 -0.448006 0.537486 1.22925
248 -0.735637 -0.937303 0.183345 -0.0487026 0.362529 -0.266926 -0.357696 1.07569 0.375926 -0.849903 -0.187414 -0.16118 -0.671775 1.06006 0.696415 0.137801 0.521538 -0.120252 -0.385346 -0.062347 -0.186031 -0.0687586 -0.874183 0.50029 -0.101758 0.124255 -0.287723 -0.301933 -0.371155 -0.308491 0.365177 1.12314
246 -0.776984 -0.929177 0.219608 0.0235636 0.502271 -0.213555 -0.321731 0.968814 0.297152 -0.791524 -0.138879 -0.0360306 -0.690158 1.09889 0.734818 0.280514 0.622688 -0.0144345 -0.448486 -0.154755 -0.231369 -0.0489085 -0.894636 0.521018 -0.0564821 0.14103 -0.26926 -0.284159 -0.393909 -0.197102 0.259745 1.07326
247 -0.701193 -0.821243 0.196135 0.0145269 0.358134 -0.196927 -0.326993 0.903163 0.273643 -0.738662 -0.124741 -0.0974553 -0.591293 0.932649 0.624232 0.14719 0.529467 -0.0415263 -0.392948 -0.113264 -0.196207 -0.0675102 -0.825084 0.447215 -0.0413743 0.153286 -0.226329 -0.256335 -0.335369 -0.205312 0.265277 0.88971
245 -0.856358 -0.908646 0.194842 0.0302273 0.664107 -0.172329 -0.225781 0.905478 0.214544 -0.639877 -0.0703935 0.148634 -0.709589 1.06978 0.66887 0.564068 0.602884 0.189665 -0.486245 -0.233956 -0.256405 -0.100655 -0.855472 0.490203 -0.0329912 0.133858 -0.236443 -0.163847 -0.450562 -0.100797 0.0613451 0.982371
177 0.267792 -0.912614 0.150594 -0.487007 0.063522 0.219976 0.138949 0.615473 -0.372318 0.191851 0.346134 0.0453548 -0.933337 1.36663 0.590394 0.526669 -0.0463094 0.314677 -0.0350886 0.84525 -0.149134 -0.595182 0.0258296 0.4337 0.0488367 0.323186 0.734168 0.0117746 0.306466 -0.231358 0.480548 0.525322
178 0.233349 -0.90148 0.183828 -0.553503 0.132133 0.14028 0.1005 0.632913 -0.35284 0.185238 0.246665 -0.00592071 -0.809366 1.31463 0.469783 0.537792 -0.071759 0.30327 -0.0356164 0.774861 -0.191453 -0.50176 0.00233991 0.379413 -0.0534339 0.287126 0.631405 0.0998995 0.307333 -0.221401 0.362289 0.406108
179 0.312578 -1.06521 0.215224 -0.677284 0.20971 0.141077 0.135387 0.709932 -0.378597 0.253973 0.209883 -0.0560135 -0.974669 1.6221 0.50464 0.696887 -0.113922 0.388844 -0.0196781 0.938057 -0.305809 -0.597848 0.0337228 0.417909 -0.0370524 0.320474 0.720052 0.173727 0.394679 -0.277724 0.459909 0.4654
180 0.285045 -1.03913 0.32524 -0.677982 0.303067 0.256086 0.149817 0.621034 -0.337668 0.264241 0.149 -0.0317021 -0.895679 1.56866 0.364768 0.71433 -0.188997 0.317548 -0.0159749 0.863801 -0.32239 -0.509374 0.0845705 0.310911 -0.0578475 0.276932 0.620881 0.304463 0.458559 -0.25231 0.404263 0.37227
181 0.257068 -0.908189 0.282238 -0.604699 0.300948 0.226977 0.160835 0.494446 -0.242637 0.252698 0.0805981 -0.05749 -0.811925 1.34151 0.205473 0.701678 -0.171489 0.297526 0.0720615 0.753487 -0.320509 -0.43333 0.135908 0.196217 -0.0552461 0.281738 0.433842 0.306481 0.430904 -0.283464 0.273904 0.297968
182 0.300786 -1.01674 0.404292 -0.676738 0.376918 0.318689 0.196408 0.431227 -0.274464 0.235623 0.0306577 -0.0354891 -1.04474 1.60191 0.174589 0.872098 -0.231777 0.304778 0.0760313 0.864753 -0.445768 -0.528774 0.199695 0.189094 -0.098493 0.342073 0.38942 0.440781 0.502414 -0.436956 0.296296 0.398931
183 0.264733 -0.920002 0.456778 -0.562333 0.450251 0.497329 0.22888 0.266415 -0.261928 0.186529 -0.00416175 0.0138065 -1.18364 1.56641 0.0136216 1.04882 -0.259943 0.265994 0.129269 0.803775 -0.585923 -0.564491 0.387405 0.0884286 -0.241856 0.411786 0.0741688 0.514128 0.493227 -0.547689 0.152609 0.537331
185 0.121956 -0.773462 0.483582 -0.449942 0.462063 0.638865 0.252289 0.105126 -0.150333 0.131037 -0.0321585 0.0666079 -1.23707 1.46349 -0.0807357 1.15808 -0.18254 0.20196 0.182671 0.734428 -0.707407 -0.551085 0.471685 0.00813676 -0.340432 0.454799 -0.246426 0.561324 0.428412 -0.658639 0.0295711 0.629218
184 0.159133 -0.711353 0.426848 -0.437364 0.330423 0.455513 0.220948 0.137838 -0.155083 0.17106 -0.0133485 0.0186767 -0.997303 1.26796 -0.0176651 0.905273 -0.159314 0.240392 0.165702 0.672262 -0.493601 -0.46812 0.351544 0.0524691 -0.226978 0.388614 -0.0293622 0.460475 0.404886 -0.505414 0.0852642 0.446073
287 0.820608 0.32616 0.0684738 0.451604 -0.100894 -0.0652021 -0.0170465 0.610109 0.556512 0.483464 0.45796 -0.173637 -0.337992 1.55026 0.290071 0.713445 0.20522 -0.0458319 -0.0302381 0.20678 -0.265646 -0.119056 0.372475 0.0303685 -0.697171 0.214961 -0.18986 -0.715814 -0.520331 -0.567641 0.375289 1.02317
288 0.899983 0.193489 0.186647 0.186048 -0.173709 0.00522501 0.0343404 0.919361 0.59543 0.751258 0.473909 -0.0568466 -0.232724 1.57945 0.346293 0.623119 0.105086 -0.24089 -0.262166 0.351678 -0.332245 0.0287662 0.385894 -0.0377437 -0.868584 0.346463 -0.00878402 -0.901401 -0.476987 -0.55643 0.323717 0.860447
213 -0.00608641 -0.0360878 -0.479897 -0.689622 0.495346 0.59999 -0.123179 0.795556 -0.3381 -0.671293 0.432553 0.476013 -0.345336 0.825375 0.547099 0.553706 -0.490556 0.347018 -0.526112 0.442705 -0.42936 -1.02736 0.259412 0.511683 -0.708901 -0.820953 0.0874093 0.0678684 -0.367216 -0.607067 0.405769 0.865752
212 -0.181527 -0.0362318 -0.403926 -0.831699 0.307529 0.629913 -0.0252778 0.944432 -0.243387 -0.564045 0.464018 0.264827 -0.406937 0.613267 0.46406 0.662156 -0.381194 0.211274 -0.530376 0.50708 -0.37483 -0.68525 0.151866 0.377866 -0.554719 -0.651607 -0.179971 0.0547688 -0.151331 -0.390189 0.546278 0.932528
211 -0.227662 -0.108145 -0.302159 -0.734455 0.139261 0.444817 0.0436231 0.860049 -0.170337 -0.362075 0.374276 0.145205 -0.480448 0.550047 0.357359 0.647676 -0.191069 0.13616 -0.387569 0.492232 -0.314725 -0.438017 0.0585435 0.26045 -0.353312 -0.434562 -0.280991 0.0400049 -0.0427533 -0.311773 0.454887 0.823835
210 -0.332816 -0.0599601 -0.306903 -0.889063 0.00949782 0.594061 0.0470736 0.991984 -0.181069 -0.374588 0.494275 0.120252 -0.598748 0.522697 0.416694 0.817932 -0.271144 0.132833 -0.472667 0.668173 -0.427643 -0.428307 -0.0446395 0.293147 -0.364544 -0.538214 -0.496116 0.0278638 0.0281312 -0.305621 0.607044 0.994722
214 0.0628339 -0.0516164 -0.432491 -0.575336 0.453643 0.524208 -0.0926398 0.592551 -0.304709 -0.612757 0.407807 0.462452 -0.210561 0.748315 0.497989 0.43317 -0.471263 0.308516 -0.45349 0.372126 -0.396282 -0.97971 0.212109 0.493877 -0.624688 -0.770929 0.131475 0.0758004 -0.375609 -0.587481 0.323238 0.74712
236 -0.821722 -0.285234 -0.118582 -0.716495 0.11355 0.0944553 0.720811 0.179458 0.8203 0.258104 -0.197751 0.250389 -0.6554 1.66023 0.488793 1.12353 0.489685 0.0651536 0.488984 0.145978 -0.320685 0.310905 -0.0936719 0.535301 -0.225383 0.231274 -0.640761 -0.00529495 -0.107448 -0.353983 0.162144 0.503548
234 -0.671219 -0.244011 -0.181927 -0.803433 0.116214 0.185291 0.69028 -0.015645 0.888365 0.309337 -0.271771 0.0840607 -0.575947 1.53479 0.40533 1.03801 0.415139 -0.0208189 0.489572 0.216681 -0.42428 0.229945 -0.0516622 0.421684 -0.267588 0.234281 -0.631543 0.0119835 -0.00715394 -0.387623 0.0729766 0.418744
233 -0.467039 -0.257722 -0.315596 -0.956368 0.114716 0.296869 0.726041 -0.210935 0.967746 0.366889 -0.31368 -0.153456 -0.646298 1.49123 0.415623 1.07405 0.426597 -0.127858 0.472014 0.326703 -0.694487 -0.00445357 0.0268975 0.477213 -0.30411 0.226063 -0.625119 0.032538 0.0383828 -0.67002 0.0493483 0.396757
231 -0.367114 -0.179292 -0.460194 -1.03702 0.0915731 0.180598 0.720873 -0.323275 0.949019 0.371174 -0.290761 -0.223091 -0.664026 1.34497 0.505499 1.10251 0.549428 -0.225318 0.431091 0.43348 -0.897494 -0.192739 -0.0655277 0.606782 -0.253461 0.144088 -0.574653 0.0254965 0.0693692 -1.01594 0.11392 0.367221
170 0.0694257 -0.392718 0.0954515 0.0821865 -0.572278 0.2968 0.0249342 0.288157 0.0138231 0.157674 0.710853 0.221571 -1.14512 0.526751 0.604792 0.448706 0.295038 -0.119065 -0.00706333 0.714988 -0.407884 -1.0247 0.310763 0.548709 0.206043 0.460111 0.534589 -0.921209 -0.291287 -0.663377 0.593996 1.44136
171 0.0498771 -0.468922 0.0161431 0.133542 -0.602498 0.406668 -0.0104775 0.348672 -0.162619 0.128307 0.824107 0.251239 -1.23237 0.643115 0.775958 0.392142 0.253001 0.0471811 -0.00103417 0.871973 -0.259483 -1.00324 0.24582 0.546346 0.188962 0.451376 0.620994 -0.825567 -0.204425 -0.576155 0.649745 1.3755
172 0.0228612 -0.426534 -0.00800154 0.0613917 -0.513266 0.330804 0.0180376 0.280797 -0.190196 0.106216 0.752114 0.247517 -1.14535 0.639797 0.777989 0.354141 0.251938 0.113859 -0.0212872 0.768347 -0.177987 -0.890802 0.263614 0.449499 0.144065 0.410719 0.547711 -0.700806 -0.166686 -0.48893 0.601939 1.13822
259 -0.254397 -0.218503 -0.654025 -0.573434 0.41574 -0.541284 -0.859849 0.456965 0.500098 -0.449966 -0.100052 -0.248563 -0.735565 0.508115 1.02937 0.412928 0.517072 0.288215 -0.400659 0.541364 -0.372737 -0.201342 -0.0109247 0.140151 -0.393348 0.468186 -0.443848 -0.300201 -0.0406948 -0.330606 0.290275 0.525874
91 -0.418819 -0.489937 -0.0721566 -0.53721 0.318323 -0.608193 -0.00973321 1.18865 -0.13391 0.443365 0.0526588 -0.0892145 -0.657076 0.632578 0.0621355 0.450747 0.483647 0.37756 -0.338937 0.280545 -0.23225 -0.318033 -0.420807 0.114104 -0.513047 -0.215398 -0.19695 -0.442743 0.000738468 -0.346533 0.0606832 0.778283
90 -0.496476 -0.516058 -0.0355605 -0.688235 0.348458 -0.67663 -0.00306232 1.46993 -0.0982418 0.599762 0.125811 -0.0163857 -0.836275 0.689431 0.0587964 0.433415 0.566389 0.424194 -0.369819 0.315955 -0.310521 -0.308482 -0.553224 0.094978 -0.572368 -0.288768 -0.2249 -0.515625 -0.0135686 -0.367548 0.0909356 0.95112
92 -0.504447 -0.617319 -0.138245 -0.551597 0.381362 -0.722216 0.0111505 1.35629 -0.189128 0.488385 0.00553537 -0.140034 -0.672758 0.667051 0.0340856 0.547788 0.484668 0.442233 -0.385701 0.299612 -0.185793 -0.370537 -0.43964 0.0878288 -0.640208 -0.185879 -0.246217 -0.47044 0.0367337 -0.321572 0.103729 0.830352
192 -0.124735 -0.436897 0.617597 -0.0129526 0.0311415 0.483089 0.00173946 0.370593 0.0441704 0.251852 -0.312623 0.255819 -0.397801 1.06242 -0.166088 1.15526 0.626036 0.314366 0.408752 0.701196 -0.870309 -0.675403 0.311427 -0.206181 -0.833455 0.666599 -0.706887 0.513015 0.225522 -0.969928 0.173484 0.650947
191 -0.0968529 -0.398338 0.599118 -0.0843045 0.149844 0.738666 0.0919729 0.221328 0.00376086 0.20353 -0.215333 0.333593 -0.7363 1.25336 -0.229843 1.17099 0.494249 0.273842 0.351734 0.651895 -0.83549 -0.729746 0.453802 -0.215979 -0.760446 0.684419 -0.806576 0.511907 0.271559 -1.06013 0.10077 0.686489
190 -0.112786 -0.322054 0.557872 -0.0734702 0.172475 0.705687 0.12725 0.157936 0.000552039 0.1733 -0.22194 0.330641 -0.694116 1.09522 -0.18452 1.04881 0.432819 0.270708 0.308288 0.581295 -0.761816 -0.608292 0.443257 -0.160501 -0.701632 0.583443 -0.72805 0.503288 0.252835 -0.93942 0.0710823 0.631451
189 -0.0855016 -0.375752 0.565026 -0.102114 0.264671 0.781548 0.132145 0.0892728 -0.00472692 0.15458 -0.196395 0.308442 -0.833512 1.1999 -0.209184 1.17145 0.31735 0.260117 0.309483 0.613296 -0.792841 -0.647169 0.526209 -0.175031 -0.671166 0.606814 -0.762937 0.526586 0.254568 -0.989539 0.039533 0.68059
164 0.0853495 -0.171274 0.425499 -0.616343 -0.387021 -0.356446 0.542514 0.714245 0.495298 0.135998 0.507816 0.175 -0.84711 0.415808 0.335701 0.740419 0.44079 -0.371447 0.0582065 0.517766 -0.527277 -1.11732 0.482326 0.389502 0.241021 0.475394 0.500736 -0.810374 -0.370689 -0.680039 0.170669 1.10976
278 0.348364 -0.127728 -0.343554 0.833923 0.499228 -0.00838599 0.187383 0.113256 0.2403 0.091384 0.00101154 -0.0571644 -0.123103 1.14864 0.308963 0.691731 0.129544 -0.265989 -0.267377 0.274067 -0.46475 -0.545858 0.289556 0.792288 0.0150779 -0.453824 -0.848762 -0.303156 -0.717497 -0.977025 0.677267 1.26133
276 0.31598 -0.346271 -0.286064 0.793718 0.455631 0.066898 0.164736 0.0578743 0.184779 0.13543 -0.117698 0.00440689 -0.0274593 1.01732 0.375358 0.566621 0.119872 -0.26945 -0.407562 0.343717 -0.480345 -0.478408 0.323609 0.979185 0.02097 -0.510762 -0.78498 -0.33806 -0.665378 -0.990727 0.678681 1.20056
277 0.296795 -0.242386 -0.274894 0.681365 0.4247 -0.0141574 0.181543 0.116814 0.176931 0.103143 -0.0737322 -0.0105558 -0.0561112 0.935646 0.288693 0.536271 0.105878 -0.265124 -0.332951 0.310232 -0.429455 -0.424354 0.259533 0.831479 0.0360283 -0.432205 -0.733425 -0.290494 -0.60155 -0.854971 0.600379 1.09667
43 -0.438185 0.353525 0.103147 0.31071 0.143084 0.183921 -0.395546 0.59852 -0.244988 0.0511845 -0.545521 0.319691 -0.405148 0.614798 0.601051 0.336379 0.283222 0.835731 -0.275392 -0.265306 -1.09541 -0.582371 -0.109427 0.257815 -0.36155 0.479348 -0.145752 -0.360412 -0.419339 -0.620485 0.0576014 0.474218
39 -0.732578 0.512614 -0.103678 0.419827 -0.0588822 0.0372902 -0.699126 0.984611 0.0140038 0.0176598 -0.330046 0.272227 -0.68823 1.14665 0.375743 0.14463 0.309944 0.559982 -0.315087 -0.239003 -1.07213 -0.630591 -0.0221189 0.0784085 -0.497989 0.495215 -0.125209 -0.0710201 -0.283259 -0.485467 0.225115 0.493198
199 -0.462113 -0.260735 0.34984 -0.12819 -0.473748 -0.448138 -0.0138011 0.640767 -0.0172204 -0.0892363 -0.158105 -0.354643 -0.151546 0.392789 0.402147 1.09335 0.382368 0.281579 0.266154 1.03726 -1.00305 -0.116852 -0.517088 0.147851 -0.619959 0.0308466 -0.299171 0.293119 -0.0846845 -0.205998 0.484159 0.774887
198 -0.474986 -0.405387 0.415979 -0.133214 -0.473069 -0.538011 -0.040056 0.798177 0.0287136 -0.0687856 -0.23254 -0.395495 -0.116873 0.478448 0.470316 1.27167 0.427027 0.385042 0.383539 1.18349 -1.16492 -0.177981 -0.473913 0.172176 -0.732747 0.101829 -0.269884 0.426819 -0.068233 -0.232824 0.49173 0.74159
200 -0.538523 -0.232946 0.344964 -0.231474 -0.499393 -0.422061 0.0258579 0.75762 -0.00911913 -0.114725 -0.0821685 -0.425855 -0.270839 0.395192 0.52519 1.23941 0.373858 0.279518 0.224169 1.13384 -1.18505 -0.130381 -0.612731 0.189231 -0.692831 -0.0423521 -0.412464 0.297612 -0.112462 -0.286161 0.554735 0.915491
201 -0.555653 -0.0140219 0.284917 -0.34292 -0.518611 -0.140721 0.103559 0.734818 -0.0274118 -0.107428 0.117291 -0.416021 -0.471274 0.283906 0.536033 1.20797 0.247055 0.133347 0.102845 1.15921 -1.19496 0.00335825 -0.683923 0.249216 -0.540126 -0.201237 -0.651073 0.220954 -0.0636377 -0.321325 0.612433 1.05844
203 -0.55422 0.00511036 0.243031 -0.482791 -0.542286 -0.0266502 0.117128 0.881275 -0.0515402 -0.142325 0.198275 -0.426978 -0.676005 0.27626 0.569355 1.23449 0.154055 0.124316 -0.051198 1.12331 -1.23345 0.0123257 -0.709013 0.279774 -0.447196 -0.227089 -0.840415 0.182956 -0.136709 -0.379673 0.65992 1.14544
202 -0.48407 0.0144116 0.239218 -0.285894 -0.455588 -0.0884249 0.0634106 0.68486 -0.0446496 -0.0843108 0.130028 -0.407945 -0.457662 0.21479 0.486642 0.997369 0.195118 0.104601 0.0421109 0.967946 -1.0372 0.0309837 -0.630719 0.233802 -0.451083 -0.130416 -0.616051 0.176196 -0.0851487 -0.320516 0.492021 0.890453
129 -0.113411 0.479406 0.136584 -0.270089 -0.326972 -0.608458 -0.196671 -0.157207 0.434445 -0.268639 -0.585583 -0.320459 -0.353714 1.82882 0.0773221 0.814795 -0.0368887 0.715885 -0.630721 0.536066 -0.172162 -0.379767 -0.187429 0.380925 -0.340175 0.277561 -0.591537 -0.612773 -0.113629 -0.271715 -0.166665 0.829995
128 -0.111271 0.477958 0.199013 -0.365333 -0.303865 -0.599195 -0.346336 -0.087473 0.49056 -0.17959 -0.336414 -0.288769 -0.435287 1.71649 0.0671876 0.630631 -0.0153007 0.616973 -0.513617 0.358537 -0.0262159 -0.54658 0.0743755 0.398234 -0.13365 0.322463 -0.627006 -0.590071 -0.160459 -0.306343 -0.00310652 0.711474
126 -0.194292 0.388382 0.26439 -0.501911 -0.265689 -0.533202 -0.478476 0.102257 0.533256 -0.145593 -0.0599506 -0.23311 -0.590015 1.55642 0.0605712 0.458706 0.0430875 0.518556 -0.359524 0.193195 0.068221 -0.721127 0.36039 0.388445 0.0966043 0.337338 -0.569557 -0.458375 -0.250594 -0.366511 0.245067 0.590281
127 -0.109991 0.383646 0.201811 -0.319999 -0.26318 -0.515323 -0.326765 0.00647383 0.435585 -0.149105 -0.253494 -0.266532 -0.460307 1.53185 0.0752588 0.548686 0.0253145 0.550204 -0.405188 0.279791 -0.0357623 -0.543963 0.0924408 0.370778 -0.108112 0.290466 -0.516879 -0.514834 -0.167635 -0.312734 0.0385864 0.634837
130 -0.0699364 0.386801 0.0949537 -0.160578 -0.25562 -0.530505 -0.142562 -0.151931 0.369125 -0.237588 -0.54893 -0.31124 -0.255288 1.58253 0.0733574 0.706114 -0.044496 0.616366 -0.563016 0.451434 -0.163835 -0.266119 -0.230594 0.313708 -0.321655 0.242978 -0.493917 -0.540467 -0.0745049 -0.214438 -0.208325 0.773853
9 0.0052148 -1.12354 -0.780561 -0.905097 -0.192811 -0.241758 -0.241894 1.50598 -0.0861175 0.187999 -0.103567 0.382917 -0.431005 1.13812 0.212079 0.481671 0.11637 -0.362844 0.155641 0.0343192 -0.514765 -0.263033 0.403705 0.190695 -0.255681 -0.0946997 -0.426003 -0.375155 -0.193855 -0.380217 -0.114901 0.576529
11 0.130686 -1.12744 -0.620416 -0.945366 -0.301901 -0.386977 -0.0399981 1.67382 -0.19941 0.191803 -0.0768991 0.384141 -0.431939 1.20301 0.231821 0.568491 0.324603 -0.285 -0.0156409 0.105089 -0.622953 -0.127605 0.368435 0.229359 -0.0755849 -0.0685097 -0.330173 -0.247238 -0.0019124 -0.586537 -0.0548249 0.588711
12 0.238672 -1.16192 -0.606273 -1.05754 -0.434594 -0.481653 0.0821514 1.78546 -0.258796 0.214513 -0.023163 0.3774 -0.433259 1.31499 0.181841 0.587302 0.470335 -0.316684 -0.0500614 0.0558415 -0.670514 -0.0386514 0.429172 0.225381 0.0148558 -0.115006 -0.280523 -0.183567 0.104643 -0.71337 -0.0558039 0.608845
13 0.24555 -1.07232 -0.529917 -0.991135 -0.449656 -0.508673 0.0901859 1.71896 -0.267455 0.210286 -0.0227183 0.359937 -0.459456 1.28113 0.205723 0.533175 0.471859 -0.285465 -0.112624 0.0687528 -0.636999 -0.0596511 0.330185 0.217783 0.0300162 -0.137879 -0.260147 -0.19656 0.146239 -0.731297 -0.0634155 0.579272
14 0.25761 -1.08619 -0.525673 -1.04114 -0.477683 -0.493848 0.163256 1.7319 -0.294122 0.164224 -0.0199375 0.34493 -0.464881 1.35456 0.252361 0.585661 0.536184 -0.260866 -0.149448 0.0839112 -0.667703 -0.0568524 0.37216 0.262583 -0.00638241 -0.170448 -0.280064 -0.184827 0.0938734 -0.8031 0.00514468 0.62408
15 0.269219 -0.933601 -0.411054 -1.01847 -0.58908 -0.500438 0.31566 1.45337 -0.447988 0.0841597 -0.00536653 0.33353 -0.295514 1.25796 0.179582 0.487108 0.595443 -0.289755 -0.140381 0.0405939 -0.528211 -0.0139963 0.320823 0.285344 -0.0072582 -0.291506 -0.281252 -0.105389 -0.0084907 -0.697333 0.0753697 0.645495
144 0.0911568 -0.364964 0.0737639 -0.164799 0.277426 -0.165522 0.118251 0.796612 -0.122696 0.492328 0.127945 -0.313347 -0.731594 0.395775 0.456191 0.469646 1.19668 0.367078 0.140005 0.110184 -0.76046 0.549271 0.761091 1.06228 -0.75332 -0.32727 -0.397015 -0.281192 0.0753403 -0.625873 -0.261942 1.02836
145 0.0250514 -0.494041 0.0526231 -0.122634 0.331017 -0.123093 0.148258 0.812632 -0.167698 0.414453 0.239825 -0.236696 -0.62928 0.323019 0.42332 0.428997 1.12192 0.380932 0.126516 0.0734826 -0.639562 0.481251 0.765926 0.963755 -0.666659 -0.202125 -0.24505 -0.217323 -0.0279362 -0.538098 -0.212256 0.949153
17 0.271079 -0.873635 -0.298159 -1.03714 -0.658724 -0.611962 0.451816 1.22595 -0.536085 -0.0940067 0.00672428 0.357714 -0.238852 1.24907 0.20504 0.503058 0.757308 -0.233309 -0.192907 -0.0205777 -0.490964 -0.069012 0.308311 0.303398 0.038834 -0.444248 -0.272162 0.0629133 -0.0528343 -0.625635 0.238834 0.771475
16 0.206469 -0.869455 -0.393905 -0.978687 -0.547519 -0.509868 0.311204 1.30807 -0.435118 0.0262628 0.0263589 0.282048 -0.256767 1.08516 0.11179 0.403828 0.548017 -0.248555 -0.15111 -0.00743957 -0.441381 -0.0203388 0.248218 0.228571 0.0427349 -0.319842 -0.21342 -0.0200879 0.0188606 -0.565485 0.120652 0.57255
251 -0.554562 -0.841286 0.0225309 -0.394956 0.118502 -0.588191 -0.579402 1.0558 0.659731 -0.966277 -0.21325 -0.328914 -0.787646 1.0645 0.905343 0.0975257 0.303953 -0.343084 -0.140788 0.11259 -0.0131157 -0.128172 -0.753536 0.342549 -0.158292 0.26939 -0.299711 -0.452616 -0.275869 -0.489705 0.538686 1.27725
252 -0.458808 -0.730688 -0.0740985 -0.652826 0.0407067 -0.74934 -0.626652 1.02776 0.738302 -0.873933 -0.152409 -0.382291 -0.772725 0.998642 0.925486 0.183965 0.17748 -0.285751 -0.0756865 0.224978 0.0190558 -0.227554 -0.624606 0.209621 -0.211301 0.363038 -0.324789 -0.488653 -0.208764 -0.528028 0.586555 1.23565
71 0.238145 -0.346708 0.417616 -0.700356 0.00462838 -0.364984 -0.409911 0.474251 -0.921053 -0.836665 -0.234348 -0.238537 -1.10413 0.622543 0.32284 0.583517 0.394852 0.658732 0.149138 0.692599 -0.164252 -0.316659 -0.33776 0.921984 -0.566957 0.415128 0.222745 -0.475039 -0.483233 -1.30712 -0.316697 0.746479
72 0.140394 -0.443266 0.397118 -0.639595 -0.0861035 -0.357752 -0.377675 0.561702 -0.812097 -0.853345 -0.200192 -0.205627 -1.01664 0.471535 0.359878 0.507478 0.504125 0.466944 0.00850636 0.667391 -0.138443 -0.291249 -0.224528 0.912944 -0.532782 0.468429 0.292042 -0.357844 -0.518049 -1.53144 -0.317407 0.676286
73 0.141825 -0.46146 0.380992 -0.589753 -0.116532 -0.330999 -0.353633 0.536345 -0.776987 -0.823877 -0.196688 -0.188995 -0.931902 0.354088 0.348401 0.44343 0.459689 0.41983 -0.0687544 0.608794 -0.113501 -0.242116 -0.214194 0.88051 -0.477537 0.465748 0.3064 -0.342275 -0.497056 -1.51991 -0.267001 0.590571
74 0.0541293 -0.559623 0.40793 -0.621965 -0.150745 -0.348906 -0.384708 0.657532 -0.761664 -0.882052 -0.220485 -0.182912 -1.02383 0.420021 0.420539 0.526041 0.57534 0.383866 -0.121425 0.660049 -0.215008 -0.262576 -0.206062 0.96992 -0.544173 0.524335 0.324866 -0.368095 -0.548932 -1.74373 -0.271271 0.630357
75 -0.11366 -0.801079 0.318433 -0.542954 -0.250313 -0.336779 -0.365618 0.832042 -0.551078 -0.804105 -0.0990363 -0.18129 -0.945432 0.395869 0.439452 0.457248 0.554168 0.252431 -0.113383 0.512148 -0.138889 -0.306134 -0.059092 0.802445 -0.326538 0.432628 0.347593 -0.315946 -0.505291 -1.70769 -0.173485 0.419306
102 -0.877537 -1.32727 -0.0894807 -0.867283 0.280477 -0.821794 0.00984748 0.940618 -0.204254 -0.370644 -0.209756 -0.45439 -0.391185 1.29502 0.755937 0.718255 0.634126 0.314766 -0.0640477 0.00629932 -0.239832 -0.867737 0.513501 0.39827 -0.868575 0.101659 0.345158 -0.192383 -0.0933651 -0.485412 -0.788114 0.651285
104 -0.835189 -1.27249 -0.0968247 -0.941107 0.301618 -0.837282 0.0813097 0.957896 -0.176228 -0.377372 -0.182111 -0.430226 -0.425649 1.34898 0.756188 0.718769 0.618357 0.321621 -0.0742764 0.01731 -0.241531 -0.920197 0.507115 0.392282 -0.866185 0.082145 0.319047 -0.0810659 -0.0857503 -0.406446 -0.831287 0.621381
103 -0.795021 -1.17855 -0.0584881 -0.797679 0.216081 -0.73598 0.0096521 0.799739 -0.185379 -0.354268 -0.160891 -0.415158 -0.379467 1.22264 0.733351 0.700765 0.596669 0.275191 -0.0658731 0.0097837 -0.251813 -0.816484 0.48506 0.375267 -0.82224 0.0524317 0.314398 -0.177598 -0.103594 -0.457973 -0.737188 0.5924
105 -0.60234 -1.15106 -0.0960695 -0.917818 0.278183 -0.767154 0.0854426 0.884881 -0.166976 -0.366149 -0.204044 -0.400073 -0.429983 1.20194 0.646601 0.628182 0.575839 0.365439 0.00700257 0.135571 -0.132119 -0.905203 0.348551 0.424366 -0.76175 0.126023 0.203898 0.0176551 -0.17753 -0.369078 -0.70936 0.551056
84 -0.495996 -0.526934 0.0893455 -0.695186 0.164894 -0.563702 -0.103695 1.66393 0.259395 0.491196 0.184289 0.221385 -0.948592 0.825831 0.205796 0.343158 0.494098 0.367387 -0.218064 0.294489 -0.360527 -0.462756 -0.653787 0.0254812 -0.363291 -0.37502 0.301267 -0.514999 -0.192395 -0.546038 -0.245385 0.785947
85 -0.420318 -0.486219 0.0846952 -0.664681 0.147755 -0.485552 -0.104418 1.54287 0.266876 0.436549 0.201253 0.252192 -0.854918 0.772875 0.138508 0.247369 0.439133 0.291401 -0.16647 0.26653 -0.303583 -0.41176 -0.606399 0.0311584 -0.316476 -0.373958 0.32446 -0.441041 -0.197964 -0.490557 -0.253873 0.726075
21 0.149929 -0.479105 0.0934972 -0.644751 -0.397502 -0.515705 0.453929 0.37174 -0.553414 -0.368479 -0.0443046 0.64273 -0.211996 0.890586 0.402832 0.668353 1.01258 -0.108935 -0.267818 0.055434 -0.432736 -0.546414 0.0770291 0.382329 -0.0245238 -0.642602 -0.471658 0.532124 -0.466088 -0.312981 0.640932 1.22195
139 0.125589 0.710897 -0.227348 -0.302143 -0.210967 -0.557439 0.0971133 0.101781 0.238618 0.236895 -0.329098 -0.0963775 -0.693116 1.08919 0.0300964 0.469858 0.6449 0.0455329 -0.350749 0.409809 -0.704911 0.0721953 -0.017422 0.813781 -0.382837 -0.588952 -0.699101 -0.623119 0.329137 -0.376752 -0.397024 0.766806
140 0.210131 0.674375 -0.179058 -0.385083 -0.181236 -0.609374 0.0835316 0.225589 0.290079 0.38315 -0.340815 -0.190867 -0.807328 1.07122 0.0472045 0.461536 0.771441 0.0525538 -0.235615 0.383603 -0.7762 0.162524 0.115158 0.945437 -0.478093 -0.62515 -0.803013 -0.654194 0.396331 -0.428459 -0.441385 0.818274
141 0.29266 0.405388 -0.100733 -0.329057 -0.0261015 -0.511514 0.0431847 0.363079 0.271839 0.523484 -0.229627 -0.291028 -0.816692 0.818972 0.164091 0.379822 1.00246 0.110328 -0.0106635 0.196227 -0.832151 0.383282 0.381356 1.11065 -0.575754 -0.636094 -0.786556 -0.518854 0.398561 -0.504475 -0.456031 0.853772
138 0.104079 0.881378 -0.220159 -0.336303 -0.271569 -0.694733 0.155576 0.147065 0.164076 0.158708 -0.410456 -0.0571956 -0.735583 1.33334 0.0472171 0.680948 0.744433 0.130919 -0.484238 0.622634 -0.765948 0.000844761 -0.0231826 0.824588 -0.517798 -0.648838 -0.81278 -0.788059 0.370577 -0.478262 -0.464178 0.940956
133 -0.0841396 0.555291 -0.099783 -0.291507 -0.269209 -0.616485 0.136141 -0.00957196 0.237904 -0.319106 -0.563771 -0.163378 -0.217006 1.67181 0.0922838 0.990091 0.103046 0.579472 -0.693822 0.734483 -0.343716 -0.229471 -0.262801 0.264005 -0.412223 0.0157121 -0.489021 -0.55693 -0.0690283 -0.257616 -0.279776 0.8582
271 0.31302 -0.408466 -0.100606 0.631721 0.355469 0.080616 -0.307851 -0.146526 0.0780759 0.183239 -0.333698 0.487339 -0.325452 0.871351 0.568775 0.353282 0.399994 -0.0347522 -0.212437 0.150825 -0.513149 -0.307003 0.261827 0.901666 -0.19324 -0.50094 -0.247893 -0.339991 -0.39651 -0.570552 0.340039 0.738563
232 -0.355101 -0.189038 -0.330764 -0.920866 0.0758759 0.256722 0.680485 -0.30066 0.956416 0.310856 -0.331406 -0.218717 -0.581283 1.36178 0.429376 0.961008 0.456809 -0.196809 0.379657 0.341549 -0.750623 -0.0513845 0.0363375 0.466386 -0.360424 0.190462 -0.584211 -0.0319835 0.0326501 -0.727198 0.0647894 0.413685
107 -0.425776 -1.10613 -0.178371 -0.910947 0.325291 -0.798444 0.189302 0.937991 -0.177662 -0.298171 -0.200502 -0.379621 -0.423426 1.14232 0.544144 0.598605 0.560148 0.414223 -0.000621189 0.202988 -0.0539136 -0.885338 0.351874 0.460162 -0.730643 0.131985 0.133366 0.0847978 -0.190926 -0.270423 -0.707266 0.487003
108 0.0263041 -0.933761 -0.238557 -0.985544 0.416308 -0.898061 0.403036 0.897535 -0.229152 -0.190913 -0.19183 -0.393174 -0.546548 1.23659 0.426747 0.595735 0.512959 0.531127 0.108148 0.404986 0.108941 -0.984013 0.123858 0.627939 -0.71226 0.198708 -0.21479 0.340875 -0.315203 -0.129344 -0.725321 0.308053
35 -0.53208 0.318794 -0.249479 0.152801 -0.198033 -0.0120284 -0.71572 1.1741 0.481147 -0.25604 -0.289264 0.253638 -1.0291 1.45515 0.267977 -0.00381391 0.460504 0.265084 -0.373337 -0.102168 -0.778671 -0.764767 0.18072 -0.320319 -0.684941 0.249423 -0.192549 0.275776 -0.235833 -0.23587 0.589586 0.855262
34 -0.483135 0.27723 -0.205594 0.126309 -0.141471 -0.00345571 -0.642208 1.11129 0.456531 -0.292684 -0.289331 0.27526 -0.892851 1.26789 0.245641 -0.0704193 0.444847 0.223413 -0.327058 -0.140096 -0.673085 -0.683445 0.165053 -0.328575 -0.62385 0.168419 -0.18271 0.27939 -0.247099 -0.17337 0.554667 0.76714
33 -0.319323 0.198675 -0.0983259 0.0435652 -0.156245 -0.0116847 -0.519103 1.06983 0.489008 -0.310619 -0.376338 0.457817 -1.0181 1.26198 0.205051 -0.0183045 0.535196 0.185197 -0.423861 -0.0198825 -0.706471 -0.811832 0.151424 -0.391709 -0.714641 0.132935 -0.211301 0.477201 -0.348597 -0.159255 0.771778 0.980027
19 0.169112 -0.65871 -0.136671 -0.909338 -0.617657 -0.625102 0.514501 0.741438 -0.610101 -0.302543 0.0175246 0.480162 -0.134463 1.07899 0.297384 0.498118 0.924162 -0.226807 -0.234592 -0.0434714 -0.416249 -0.230124 0.143482 0.383849 0.0890215 -0.667182 -0.355776 0.18997 -0.265115 -0.498142 0.473752 1.0061
18 0.258787 -0.778532 -0.228126 -0.983428 -0.672374 -0.629214 0.523846 0.939714 -0.634867 -0.247784 0.00949294 0.45319 -0.169264 1.22449 0.27883 0.53469 0.880441 -0.254591 -0.249009 -0.0214507 -0.449083 -0.223467 0.233928 0.37605 0.0755379 -0.60226 -0.308605 0.16959 -0.184905 -0.551474 0.433474 0.943314
76 -0.148947 -0.852743 0.249294 -0.520452 -0.223542 -0.311982 -0.332517 0.813094 -0.484976 -0.753406 -0.102322 -0.184109 -0.89521 0.408993 0.424383 0.405217 0.506611 0.192877 -0.075762 0.458297 -0.111268 -0.297535 -0.00538719 0.728404 -0.291205 0.399311 0.333714 -0.286075 -0.465117 -1.56743 -0.140913 0.336411
235 -0.65658 -0.196031 -0.102511 -0.613374 0.105153 0.124069 0.641602 0.0894058 0.744005 0.274977 -0.170241 0.213502 -0.52794 1.45463 0.384027 0.985841 0.386267 0.0694818 0.455154 0.165162 -0.300318 0.255582 -0.0604321 0.389264 -0.160615 0.244202 -0.560494 0.0553896 -0.0569463 -0.3014 0.161721 0.400526
142 0.244953 0.197017 -0.0927169 -0.341831 0.0354665 -0.411428 0.023248 0.471642 0.278943 0.557403 -0.135162 -0.329622 -0.717837 0.613668 0.205384 0.315937 0.976247 0.0845691 0.0433115 0.0898626 -0.741336 0.460992 0.444139 1.01953 -0.564433 -0.561996 -0.695066 -0.41881 0.334175 -0.46528 -0.390656 0.823953
143 0.258123 0.0319952 -0.0185305 -0.322293 0.157392 -0.408711 0.0513035 0.672038 0.171739 0.624909 -0.108106 -0.374124 -0.786454 0.5725 0.288739 0.344839 1.13439 0.204238 0.102821 0.0861894 -0.802599 0.595497 0.649477 1.15018 -0.681233 -0.585604 -0.70496 -0.437105 0.351399 -0.551934 -0.409703 0.972228
290 0.707391 0.0193725 0.186807 -0.141764 -0.123415 0.0492435 0.0761448 1.11901 0.531056 0.828636 0.337901 0.0153517 -0.142868 1.42679 0.379697 0.46155 0.0715896 -0.365603 -0.458904 0.459051 -0.402932 0.0957281 0.335253 -0.0467648 -0.946232 0.305707 -0.00350108 -0.810091 -0.363131 -0.602511 0.266064 0.659975
289 0.773318 0.0872948 0.217899 0.0193281 -0.193593 -0.0324335 0.0126567 1.03339 0.540332 0.752847 0.353288 -0.00254238 -0.256514 1.52358 0.349487 0.601621 0.111725 -0.194551 -0.323935 0.378053 -0.366126 0.0448597 0.336123 -0.0741293 -0.849406 0.345277 -0.00200584 -0.840947 -0.368854 -0.501085 0.299216 0.828402
46 -0.180625 -0.00420143 0.259852 -0.159786 0.265825 0.103241 -0.0983169 0.563089 -0.197361 -0.0637242 -0.768542 0.296421 -0.481788 0.445157 0.84161 0.5988 0.416506 1.11613 -0.42014 -0.347115 -1.08103 -0.659434 -0.00909435 0.102743 -0.271237 0.232224 0.115764 -0.395959 -0.334596 -0.561873 0.0327693 0.0595404
109 0.154924 -0.828952 -0.231606 -0.961652 0.392192 -0.816244 0.394575 0.909612 -0.183343 -0.132105 -0.181102 -0.322618 -0.570337 1.2445 0.350161 0.552799 0.43908 0.541547 0.104823 0.466429 0.0637013 -0.916619 0.0193097 0.654153 -0.66119 0.196236 -0.272812 0.366549 -0.323183 -0.118345 -0.609184 0.315902
69 0.232166 -0.272696 0.397286 -0.660368 0.089668 -0.405972 -0.414709 0.465093 -0.89705 -0.79054 -0.224252 -0.233318 -1.12349 0.7119 0.307534 0.571321 0.364162 0.756167 0.190196 0.662752 -0.198645 -0.375896 -0.380095 0.875921 -0.580444 0.298118 0.140413 -0.505212 -0.486603 -1.19782 -0.278617 0.778466
70 0.231984 -0.272606 0.382819 -0.6354 0.0491044 -0.375653 -0.342114 0.418118 -0.88851 -0.728605 -0.191477 -0.231758 -0.982096 0.580802 0.242013 0.514646 0.377543 0.636316 0.197213 0.600949 -0.128991 -0.275311 -0.310733 0.826517 -0.525224 0.302289 0.191158 -0.424868 -0.453288 -1.07814 -0.312099 0.673436
241 -0.621293 -0.456608 0.0189607 -0.31597 0.264225 -0.126634 0.220419 0.588297 0.261435 -0.0505309 0.00727202 0.300493 -0.708361 1.1578 0.467054 0.799218 0.493477 0.186352 -0.00124711 -0.0130291 -0.249598 0.00668629 -0.270211 0.472637 -0.143084 0.139326 -0.279261 -0.063209 -0.235278 -0.264566 0.0501388 0.660622
106 -0.476681 -0.901962 -0.0983517 -0.718533 0.204086 -0.605909 0.0908506 0.776238 -0.134489 -0.257511 -0.130495 -0.262346 -0.35461 0.919935 0.475164 0.499572 0.483718 0.280169 -0.0127891 0.095178 -0.148342 -0.68863 0.315551 0.325548 -0.566301 0.0545444 0.177011 -0.0404699 -0.139082 -0.34152 -0.527229 0.460528
65 0.0738969 -0.397673 0.133614 -0.365654 0.15532 -0.278473 -0.204278 0.588555 -0.407749 -0.317983 0.00543217 -0.0163985 -0.771567 0.848479 0.484994 0.767585 0.174898 0.779122 -0.0576349 0.625532 -0.259608 -0.3636 -0.0425686 0.279937 -0.451169 -0.0590235 -0.0672869 -0.602216 -0.0644527 -0.758758 0.0485243 0.424083
66 0.118217 -0.397681 0.254498 -0.595934 0.140283 -0.399551 -0.316613 0.575423 -0.634546 -0.584925 -0.145529 -0.161213 -0.911873 0.743095 0.346034 0.570366 0.244668 0.721259 0.127851 0.588174 -0.243968 -0.352862 -0.242846 0.56053 -0.473205 0.137771 0.0652007 -0.477807 -0.266675 -0.86684 -0.16507 0.544412
67 0.10743 -0.407336 0.209571 -0.576886 0.117605 -0.357675 -0.283324 0.549761 -0.579004 -0.569067 -0.130972 -0.153779 -0.847992 0.68041 0.310488 0.514979 0.234016 0.622529 0.120004 0.522455 -0.239815 -0.317789 -0.23019 0.588505 -0.468204 0.156309 0.0931127 -0.425259 -0.304946 -0.864881 -0.146574 0.575144
68 0.188286 -0.358179 0.338451 -0.661151 0.0571682 -0.42167 -0.389132 0.517334 -0.824745 -0.74418 -0.184307 -0.23778 -1.03813 0.703426 0.307545 0.566403 0.312234 0.717139 0.157469 0.637506 -0.199775 -0.31708 -0.295299 0.748104 -0.548067 0.256031 0.143036 -0.469007 -0.400167 -1.05729 -0.284738 0.662272
165 0.112277 -0.201874 0.390014 -0.334585 -0.54982 -0.0778163 0.4019 0.50971 0.315561 0.155369 0.601899 0.21818 -0.924976 0.303734 0.302613 0.615353 0.378678 -0.373471 0.0651096 0.553778 -0.502037 -1.06588 0.450932 0.421391 0.298183 0.514192 0.565576 -0.929106 -0.376441 -0.650767 0.340924 1.26267
82 -0.333929 -0.640014 0.0150975 -0.533632 0.0432924 -0.401511 -0.103883 1.16635 0.116229 0.0459827 0.0609452 0.080908 -0.781998 0.820432 0.34677 0.426448 0.402497 0.225595 -0.117431 0.285118 -0.324093 -0.419421 -0.234499 0.210144 -0.272906 -0.0705032 0.171455 -0.374222 -0.209994 -0.66654 -0.0346369 0.605531
83 -0.464477 -0.687308 0.0384894 -0.653413 0.117947 -0.484333 -0.126928 1.49175 0.22405 0.224683 0.124846 0.131996 -0.925741 0.792849 0.260624 0.345193 0.432802 0.298898 -0.171143 0.274092 -0.32177 -0.461853 -0.480403 0.12654 -0.284093 -0.261693 0.298611 -0.474595 -0.196536 -0.68181 -0.178846 0.6538
81 -0.493 -1.05135 0.0347213 -0.617409 -0.0778302 -0.437724 -0.215153 1.40988 0.0355288 -0.196471 0.0784037 -0.0555576 -0.927205 0.682034 0.407682 0.316965 0.47139 0.170036 -0.0340007 0.230661 -0.222879 -0.453722 -0.146178 0.250194 -0.163958 0.017167 0.379444 -0.449395 -0.286176 -1.04019 -0.0978064 0.380447
36 -0.723904 0.44085 -0.247443 0.268684 -0.219964 -0.00208247 -0.784075 1.17422 0.358484 -0.146573 -0.226307 0.251892 -0.94484 1.48529 0.309547 0.0971874 0.440111 0.328398 -0.365698 -0.137475 -0.894874 -0.762694 0.144029 -0.220479 -0.629121 0.328482 -0.184753 0.133361 -0.221503 -0.326732 0.455101 0.706272
37 -0.755017 0.470425 -0.230031 0.302365 -0.198199 0.0221021 -0.780689 1.05321 0.24354 -0.122798 -0.221382 0.232859 -0.857462 1.37049 0.273403 0.0454309 0.40536 0.333318 -0.348789 -0.223846 -0.88733 -0.721468 0.128538 -0.177023 -0.5787 0.349859 -0.119298 0.133193 -0.218075 -0.311573 0.352351 0.567533
38 -0.794293 0.498874 -0.245902 0.334409 -0.177651 -0.0482061 -0.816579 1.16562 0.208697 -0.105389 -0.243864 0.250812 -0.873371 1.4046 0.297119 0.0794033 0.354129 0.397975 -0.354524 -0.212805 -0.982637 -0.747187 0.0785447 -0.113624 -0.594817 0.382062 -0.167153 0.129692 -0.244717 -0.339925 0.313643 0.530353
10 0.0617667 -0.962469 -0.545121 -0.782478 -0.198125 -0.313955 -0.0618392 1.34121 -0.135729 0.148206 -0.0505277 0.293566 -0.361595 1.00325 0.186156 0.476423 0.24366 -0.237976 0.0460065 0.0886844 -0.504168 -0.147257 0.318126 0.201369 -0.108476 -0.0743337 -0.291641 -0.224233 -0.0428581 -0.432779 -0.0394048 0.529139
40 -0.634507 0.438569 -0.0693438 0.382387 -0.0104422 0.0206443 -0.60495 0.856399 -0.0396258 0.0280569 -0.322627 0.252099 -0.564298 0.975181 0.383755 0.17682 0.267667 0.516114 -0.246632 -0.205615 -1.00379 -0.532724 -0.0459933 0.143644 -0.414773 0.443127 -0.138524 -0.125251 -0.314131 -0.461668 0.156242 0.464387
20 0.161618 -0.688163 -0.107773 -0.952053 -0.603357 -0.635441 0.516906 0.784598 -0.635644 -0.320914 -0.00237453 0.511911 -0.212741 1.14995 0.331682 0.629257 0.986032 -0.167281 -0.214454 0.00809251 -0.442664 -0.349179 0.151836 0.427858 0.0305405 -0.666778 -0.373903 0.303729 -0.263995 -0.499989 0.512093 1.09086
244 -0.726934 -0.800655 0.176912 -0.041533 0.618236 -0.178813 -0.159014 0.821136 0.151412 -0.463836 -0.021701 0.224006 -0.662003 0.955538 0.569549 0.606604 0.564905 0.246698 -0.413689 -0.194858 -0.247415 -0.0849329 -0.720206 0.442338 -0.0458924 0.0877777 -0.17932 -0.144069 -0.38769 -0.081606 -0.0162173 0.890831
3 -0.295575 -0.942296 -0.737971 -0.678951 -0.328349 0.54379 -0.371212 0.72231 0.0915646 0.350942 -0.0164316 0.22076 -0.654605 1.15939 0.385556 0.754278 0.190865 -0.390217 0.377069 -0.0887856 -0.0404709 -0.621203 0.170696 0.366115 -0.329549 -0.198268 -0.93169 -0.912554 -0.773402 -0.163387 0.00690139 0.41898
4 -0.180064 -0.842746 -0.687669 -0.616149 -0.290634 0.439693 -0.338215 0.645455 0.0323222 0.265514 -0.0495514 0.245044 -0.544375 1.01918 0.31593 0.609254 0.0878207 -0.372801 0.308491 -0.0742788 -0.0299974 -0.565059 0.214496 0.28323 -0.348949 -0.176765 -0.795863 -0.791633 -0.678025 -0.162006 -0.0173318 0.368416
22 0.12041 -0.365207 0.163633 -0.511438 -0.299014 -0.403351 0.368177 0.257433 -0.421406 -0.325302 -0.067461 0.627385 -0.229561 0.693845 0.350257 0.610539 0.924429 -0.0563731 -0.247568 0.098992 -0.37008 -0.559719 0.0233196 0.271924 -0.0543298 -0.557901 -0.425746 0.562877 -0.473819 -0.162688 0.622959 1.12293
101 -0.795503 -1.14596 -0.0836746 -0.691068 0.233519 -0.757536 -0.00233504 0.897209 -0.195567 -0.279639 -0.183219 -0.402052 -0.411538 1.12951 0.692523 0.726438 0.505876 0.285547 -0.0962811 -0.0145149 -0.244801 -0.705268 0.445986 0.364177 -0.762308 0.108884 0.263596 -0.274306 -0.0849058 -0.474402 -0.566769 0.617666
