300 32
1 0.32591 0.266274 0.0216576 0.186495 0.387374 -0.426083 0.386867 -0.399949 -0.445423 -0.511956 -0.171096 -0.554679 -1.08847 0.308331 0.0456483 0.400297 -0.00383069 -0.225985 0.34086 -0.405689 -0.170165 0.868859 0.206255 -0.806164 0.050967 0.554546 -0.295418 -0.269237 0.535871 -1.31834 0.672764 -0.0870047
0 0.352284 0.328548 0.032859 0.287162 0.419273 -0.546065 0.33805 -0.401362 -0.506072 -0.547232 -0.150357 -0.614836 -1.29099 0.324536 0.034982 0.458586 -0.0209675 -0.243468 0.396598 -0.469805 -0.187575 1.02729 0.2572 -1.00798 0.0753321 0.601697 -0.395532 -0.262713 0.610721 -1.54818 0.637095 -0.163694
2 0.387045 0.224817 0.0936478 0.0742931 0.40221 -0.406256 0.505858 -0.491789 -0.45245 -0.545647 -0.193779 -0.579438 -1.36709 0.444579 0.0493388 0.488959 0.0653091 -0.265661 0.409498 -0.566518 -0.189549 0.957265 0.244858 -0.852914 0.0142953 0.621436 -0.324682 -0.356656 0.686809 -1.53837 0.884843 -0.0390263
299 0.341318 0.377256 0.00780503 0.491889 0.466364 -0.628259 0.234515 -0.32137 -0.452251 -0.509102 -0.17281 -0.600692 -1.1207 0.24193 0.0180466 0.486915 -0.0534148 -0.246314 0.382177 -0.328756 -0.209961 1.01248 0.141266 -1.0192 0.175743 0.536509 -0.472406 -0.173877 0.546771 -1.50415 0.435089 -0.314865
298 0.330771 0.329218 -0.011565 0.575428 0.484816 -0.672581 0.194044 -0.250034 -0.389552 -0.468905 -0.182757 -0.467794 -0.86774 0.193143 -0.0105359 0.456406 -0.0581133 -0.209599 0.383841 -0.2327 -0.200317 0.877641 0.00697549 -1.00945 0.208009 0.415181 -0.504265 -0.0610198 0.448128 -1.3449 0.199585 -0.354316
297 0.397042 0.390482 0.00208609 0.662935 0.52244 -0.766166 0.217398 -0.298483 -0.40054 -0.529191 -0.113579 -0.547978 -1.04334 0.205775 0.0148944 0.492702 -0.10113 -0.206321 0.419379 -0.32118 -0.190457 1.02235 0.0231096 -1.11937 0.233818 0.511529 -0.587352 -0.0429352 0.492831 -1.52165 0.17429 -0.449086
296 0.481188 0.310672 0.0347605 0.657438 0.553822 -0.75251 0.252864 -0.375214 -0.313329 -0.517105 -0.165834 -0.536148 -0.867467 0.200506 0.0116799 0.516209 -0.0745008 -0.166216 0.433754 -0.253191 -0.267744 0.891609 -0.142972 -1.07399 0.250567 0.498081 -0.66311 0.0187695 0.400184 -1.40726 0.0826047 -0.45457
46 -0.795217 0.640768 -0.351202 -0.213837 -0.429442 0.449354 -0.351581 -0.376773 -0.36559 0.244262 0.115126 0.118578 -0.0565885 -0.117104 0.260116 0.682366 0.375606 -0.380427 0.49041 -0.190453 -0.132655 0.173093 -0.354759 -0.0554774 0.0501951 0.211186 -1.10601 -0.376479 0.502997 -1.86118 0.555118 -0.587305
45 -0.854311 0.684276 -0.347528 -0.149992 -0.38231 0.492268 -0.342165 -0.445855 -0.338799 0.294912 0.100791 0.132028 -0.0871031 -0.0919133 0.297848 0.728939 0.486359 -0.361846 0.53948 -0.226988 -0.160457 0.176152 -0.454957 -0.115279 -0.00612399 0.248475 -1.24919 -0.457511 0.575856 -2.05053 0.574051 -0.674649
47 -0.85333 0.77728 -0.385137 -0.195416 -0.456732 0.456149 -0.389431 -0.38771 -0.504004 0.200543 0.149791 0.141114 -0.0140767 -0.148811 0.257847 0.771798 0.464984 -0.451622 0.49672 -0.234262 -0.131728 0.262576 -0.524309 -0.0465631 0.114181 0.252418 -1.27733 -0.431937 0.488901 -2.12911 0.668151 -0.764113
48 -0.721193 0.615649 -0.265126 -0.326588 -0.522277 0.342166 -0.210267 -0.44536 -0.518707 -0.0802822 0.155706 0.0472631 0.128026 -0.194105 0.134095 0.775686 0.366108 -0.435277 0.326225 -0.22082 -0.113338 0.395978 -0.57876 -0.0489689 0.257371 0.141576 -1.06211 -0.408371 0.156783 -2.03052 0.656865 -0.839185
49 -0.530896 0.478674 -0.141247 -0.325747 -0.487653 0.244686 -0.164718 -0.344646 -0.507346 -0.129306 0.157235 0.0516747 0.140475 -0.152531 0.0312713 0.682003 0.315369 -0.386411 0.221182 -0.185974 -0.118597 0.423521 -0.542152 0.000619886 0.276191 0.092261 -0.8714 -0.359691 0.0414587 -1.82633 0.603662 -0.829874
50 -0.514906 0.414891 -0.167063 -0.360212 -0.550309 0.108324 -0.0540142 -0.447356 -0.42585 -0.371358 0.154622 -0.0202466 0.250074 -0.172792 -0.0341494 0.723951 0.240993 -0.450848 0.174699 -0.205575 -0.124452 0.497695 -0.618709 -0.0436469 0.374915 0.0161066 -0.889302 -0.339766 -0.105896 -1.82687 0.659312 -0.952205
51 -0.310209 0.170575 -0.0454542 -0.483958 -0.652547 -0.10044 0.204086 -0.488939 -0.159556 -0.68992 0.0587981 -0.204738 0.279736 -0.108701 -0.293162 0.664611 0.0736277 -0.396822 0.00316186 -0.26956 -0.144632 0.674964 -0.707925 -0.0456576 0.596993 -0.0912646 -0.720991 -0.253567 -0.33014 -1.58003 0.682771 -1.20079
185 0.0658333 -0.746716 0.057253 -0.0477288 0.107678 -0.160826 -0.173383 0.517695 0.998057 -0.550891 0.11857 0.405745 -0.968239 0.666553 0.209784 0.224879 -0.108156 0.151498 -0.460252 -0.254134 -0.175138 0.291569 0.508663 0.00332601 -0.286659 0.238838 -0.957944 -0.553333 0.696725 -0.823485 0.0774832 -1.04228
184 0.114876 -0.643009 0.0527053 -0.0337498 0.151353 -0.161491 -0.0968395 0.420308 0.838314 -0.504294 0.0907292 0.388565 -0.799264 0.567522 0.167621 0.261115 -0.101719 0.134548 -0.354511 -0.187224 -0.166274 0.275702 0.445371 0.0336141 -0.240866 0.177369 -0.833939 -0.468806 0.616007 -0.755127 0.147045 -0.904352
186 -0.0775034 -0.64097 -0.03302 -0.0325722 -0.0860044 0.0276049 -0.342815 0.534947 1.04691 -0.450324 -0.0180848 0.417822 -1.03708 0.769312 0.0968751 0.105172 -0.0118241 0.0335077 -0.50389 -0.27947 -0.190999 0.371731 0.357032 -0.0401792 -0.234627 0.409847 -0.96067 -0.493928 0.819543 -0.978844 -0.00708459 -1.10611
183 0.142146 -0.704518 0.169673 -0.0257912 0.139068 -0.282301 -0.108171 0.470289 0.870933 -0.567 0.254741 0.475854 -0.87889 0.656121 0.280287 0.314903 -0.136238 0.160255 -0.382108 -0.197648 -0.244871 0.256701 0.539669 -0.00558429 -0.368678 0.0948066 -0.898713 -0.638277 0.660524 -0.692147 0.228401 -0.976195
182 0.343834 -0.65022 0.409056 -0.0610305 0.176827 -0.51353 -0.020402 0.214806 0.589622 -0.574987 0.518823 0.550595 -0.774596 0.649723 0.410448 0.442081 -0.113473 0.208189 -0.156341 -0.0596202 -0.370534 0.104784 0.426221 -0.0439904 -0.440659 -0.122874 -0.882151 -0.813339 0.600252 -0.564985 0.514555 -0.922115
180 0.425734 -0.561528 0.508128 -0.11398 0.201148 -0.610637 -0.00528135 0.107036 0.353078 -0.508394 0.597474 0.658294 -0.682132 0.622997 0.467683 0.592425 0.0414494 0.244219 0.0499235 0.0348127 -0.497734 0.0699509 0.309543 -0.087508 -0.453146 -0.168626 -0.855506 -0.789185 0.519856 -0.55909 0.685641 -0.83008
179 0.532247 -0.450999 0.529423 -0.233845 0.212165 -0.700425 -0.0538787 0.0626326 0.0120578 -0.422331 0.817059 0.887037 -0.57553 0.666253 0.556089 0.723209 0.185301 0.291306 0.308701 0.200815 -0.685763 0.0553402 0.146807 -0.173825 -0.389298 -0.127044 -0.895284 -0.84337 0.496065 -0.713444 0.926565 -0.781145
107 0.484407 -0.401473 -0.459501 0.019397 -0.125748 -0.597815 0.98089 0.601054 -0.0450673 -0.786281 -0.208556 0.657933 -0.235668 0.687561 -0.0676562 0.487062 0.203432 0.0993072 0.0548272 0.396419 -0.0325936 0.36702 0.777784 0.293879 0.0772909 0.120659 -0.450364 -0.14877 0.832157 -1.12394 0.610426 -1.11997
108 0.360086 -0.378696 -0.38611 0.0980162 -0.308482 -0.523262 1.02454 0.67925 -0.160581 -0.801209 0.06293 0.601201 -0.256193 0.779868 -0.00716193 0.340585 0.253724 -0.05948 -0.0147482 0.432798 -0.0312379 0.400443 0.727331 0.31783 0.030653 0.25244 -0.505134 -0.165734 0.865753 -1.30962 0.61589 -1.03533
105 0.501155 -0.381944 -0.445098 -0.0403549 -0.0916709 -0.561451 0.81516 0.449989 0.0181368 -0.73351 -0.347647 0.596586 -0.281925 0.553373 -0.0950814 0.555308 0.140084 0.14251 0.164964 0.380272 -0.00299913 0.300426 0.626141 0.186538 0.0785746 0.0712384 -0.422874 -0.163118 0.774588 -1.00414 0.621941 -1.08078
106 0.480815 -0.339907 -0.386817 -0.0634272 -0.0770053 -0.506182 0.804466 0.487707 -0.021293 -0.687408 -0.261465 0.570018 -0.234333 0.556173 -0.0787392 0.502978 0.112698 0.128625 0.0774841 0.336836 -0.00199084 0.280225 0.697438 0.209768 0.0442121 0.0523578 -0.387379 -0.114964 0.707991 -0.891643 0.547952 -1.02716
156 0.739606 0.124296 -0.122738 0.453068 -0.320586 -0.0602498 0.155785 -0.532365 0.11995 -0.00920518 -0.117909 0.497736 -0.436501 -0.182134 0.212133 -0.0909817 0.879054 0.20203 0.271774 -0.17051 0.37544 0.523483 -0.626633 -0.014738 0.927019 -0.182278 -0.636532 -0.522188 0.875924 -0.935008 0.484727 -0.628533
158 0.610201 0.137354 -0.117353 0.255224 -0.392633 -0.0646136 0.0348493 -0.490509 0.0523848 0.0972896 -0.122106 0.618483 -0.474729 -0.125829 0.147475 -0.0492822 0.856404 0.157957 0.257373 -0.159965 0.413322 0.567678 -0.432923 -0.165024 0.904076 -0.229115 -0.40327 -0.355535 0.91024 -0.834723 0.462187 -0.707258
159 0.467846 0.0451455 -0.0415281 -0.0430515 -0.45474 0.128688 -0.11513 -0.557882 -0.136823 0.0787413 -0.192201 0.869044 -0.54777 -0.121522 0.0153205 -0.0185986 0.979304 -0.0186901 0.369479 -0.0902728 0.483092 0.678176 -0.353614 -0.369062 0.939283 -0.1761 -0.203503 -0.129988 0.966325 -0.913518 0.564087 -0.986962
160 0.376166 0.00746443 -0.0733055 -0.141632 -0.455777 0.0986606 -0.115289 -0.494612 -0.133418 0.139646 -0.178426 0.90339 -0.542664 -0.0739062 0.00367753 -0.0176702 0.907888 -0.0110138 0.380695 -0.0522169 0.469616 0.653181 -0.295463 -0.435308 0.890805 -0.253342 -0.157688 -0.1345 0.967096 -0.909973 0.556123 -0.962957
161 0.36711 -0.0850561 0.0589741 -0.260789 -0.280025 0.364882 -0.219213 -0.543858 -0.205561 -0.0325422 -0.243943 0.954204 -0.562408 -0.102012 -0.151577 0.0478433 0.930228 -0.37602 0.39102 -0.00844374 0.348528 0.689498 -0.436888 -0.438756 0.810968 -0.0607473 -0.0855626 0.117198 0.850796 -1.00256 0.522642 -1.14651
35 0.449724 -0.434486 -0.199939 -0.130371 -0.761529 0.377892 0.0037324 -0.474817 0.869687 0.655662 -0.0634811 -0.117429 -0.536984 0.402005 -0.456656 0.991702 0.206001 -0.010733 0.283579 0.204316 -0.193707 0.495112 0.412223 0.273882 0.170087 -0.458749 -0.779442 -0.621764 0.710411 -1.3038 0.639468 -0.39355
33 0.492719 -0.363637 -0.184315 -0.155302 -0.711725 0.401595 -0.00768796 -0.348874 0.803718 0.711044 -0.0162978 -0.0731754 -0.630118 0.397524 -0.465481 0.978422 0.112502 -0.0290677 0.276438 0.188215 -0.231644 0.570413 0.429322 0.412209 0.134039 -0.428346 -0.817155 -0.560784 0.897038 -1.36035 0.708462 -0.455054
32 0.445295 -0.149671 -0.121383 -0.244084 -0.547733 0.476578 -0.142486 -0.0941453 0.613327 0.780829 0.15263 -0.0355194 -0.679344 0.396405 -0.432271 0.810746 -0.0657844 -0.0153908 0.260066 0.174713 -0.302502 0.605317 0.392696 0.586854 0.093417 -0.44279 -0.848742 -0.456728 1.08239 -1.27831 0.715651 -0.408013
34 0.430979 -0.345795 -0.17792 -0.128078 -0.690904 0.381803 0.02983 -0.330709 0.75523 0.651239 0.00829321 -0.0916985 -0.524949 0.368762 -0.416725 0.876365 0.131208 -0.00642767 0.195933 0.218395 -0.218149 0.48135 0.422382 0.363168 0.101558 -0.440523 -0.696433 -0.544225 0.73016 -1.17972 0.590638 -0.326693
117 0.323721 -0.880177 0.0807798 0.466606 -0.0850214 -0.467043 -0.175507 0.271041 -0.28645 -0.409574 -0.01594 0.355523 0.261303 -0.0347085 0.520888 -0.127758 -0.583092 -0.104712 0.0565928 -0.142288 0.0957799 -0.0928685 0.160072 -0.366814 0.201624 0.392881 -0.923862 0.168568 0.844052 -1.90157 0.333204 -1.07662
119 0.33025 -0.991015 0.103719 0.438718 -0.106838 -0.536037 -0.25898 0.246833 -0.262424 -0.4729 -0.0788501 0.349887 0.346797 -0.169484 0.58633 -0.15799 -0.673788 -0.139756 0.124043 -0.122715 0.18199 -0.103661 0.215264 -0.496817 0.238208 0.415358 -1.00835 0.218157 0.912325 -2.06673 0.336026 -1.21865
120 0.250286 -0.923294 0.0593858 0.341783 0.0265106 -0.480896 -0.220544 0.0734458 -0.156007 -0.481271 -0.116274 0.292706 0.130106 -0.269558 0.511017 -0.0889834 -0.586641 -0.06792 0.317458 -0.0830995 0.277229 -0.0291195 0.16877 -0.510113 0.275679 0.365427 -0.970087 0.135282 0.888263 -1.7924 0.311893 -1.12344
121 0.195668 -0.762826 -0.0237422 0.194128 0.0855974 -0.420904 -0.165224 -0.0204896 -0.0364274 -0.440258 -0.0776288 0.251778 -0.00507442 -0.283987 0.39168 -0.0796453 -0.432235 -0.0528966 0.393763 0.0222606 0.288622 0.0416409 0.0885281 -0.418267 0.251391 0.293048 -0.814436 0.0391477 0.747491 -1.34676 0.239476 -0.950983
122 0.150741 -0.970047 -0.139802 0.155925 0.0128266 -0.429228 -0.212634 -0.0906191 -0.0208529 -0.574994 -0.00103784 0.241444 -0.0961408 -0.459322 0.390653 -0.131711 -0.537789 -0.0136769 0.660659 0.152546 0.421829 0.093573 0.166189 -0.616658 0.280261 0.32882 -0.871902 -0.0191245 0.973806 -1.54935 0.20105 -1.09441
272 0.0158847 -1.06577 -0.0829354 -0.555477 1.0262 -0.731932 0.241725 -0.4606 0.559305 -0.394217 -0.781763 0.245776 -0.723408 -0.0480506 -0.0672378 -0.079555 0.385907 0.119285 0.247242 -0.347448 0.186157 -0.00293018 0.182634 -0.10279 0.209582 -0.627286 -0.755194 -0.1725 0.685283 -1.30475 0.793189 -0.575422
271 0.0237702 -1.04379 -0.112014 -0.483183 0.942613 -0.642414 0.266542 -0.457065 0.449427 -0.310304 -0.764261 0.24088 -0.628255 -0.0813893 -0.121911 -0.0953885 0.381889 0.0877923 0.239404 -0.264016 0.147674 -0.0507752 0.136291 -0.0759757 0.179207 -0.61671 -0.631341 -0.163548 0.598151 -1.19692 0.715041 -0.536206
270 -0.0215965 -1.17826 -0.140051 -0.539566 1.01636 -0.680156 0.215542 -0.548602 0.544218 -0.286611 -0.903269 0.349421 -0.772476 -0.0963011 -0.18367 -0.0929419 0.451748 0.113819 0.193388 -0.228385 0.181398 -0.100113 0.177728 -0.120732 0.211225 -0.663007 -0.61302 -0.309468 0.621677 -1.38522 0.819403 -0.667145
163 0.266066 -0.388526 0.16306 -0.315097 0.171451 0.457262 -0.205374 -0.507195 -0.112167 -0.37014 -0.310636 0.629934 -0.471026 -0.0763797 -0.282537 0.125671 0.525136 -0.618743 0.336453 0.131124 0.0635767 0.454187 -0.393445 -0.294475 0.374445 0.191869 -0.142282 0.295319 0.39377 -0.899751 0.315435 -1.07645
164 0.33216 -0.464688 0.193457 -0.405198 0.204898 0.60147 -0.234661 -0.546016 -0.182664 -0.455906 -0.360238 0.834387 -0.584835 -0.0752914 -0.330114 0.20672 0.667217 -0.808129 0.41327 0.144803 -0.00636452 0.596884 -0.514231 -0.329101 0.455294 0.276271 -0.184487 0.391001 0.492692 -1.09821 0.399832 -1.31925
162 0.356388 -0.323129 0.173235 -0.371553 -0.00461203 0.530772 -0.23189 -0.533413 -0.211905 -0.24601 -0.346926 0.865784 -0.563237 -0.104515 -0.282171 0.0905967 0.747282 -0.600721 0.412344 0.0773391 0.168056 0.630216 -0.423114 -0.34684 0.584076 0.110893 -0.0835984 0.298913 0.63588 -1.01618 0.376641 -1.22544
165 0.36631 -0.524478 0.277244 -0.416361 0.302379 0.586481 -0.192593 -0.536234 -0.0948243 -0.576845 -0.398754 0.872306 -0.567954 -0.0904672 -0.382685 0.294122 0.595305 -0.892148 0.486913 0.236974 -0.197402 0.5783 -0.564304 -0.180271 0.341738 0.333239 -0.12614 0.383837 0.405326 -1.12836 0.384274 -1.35226
264 -0.226344 -1.09138 -0.0449882 -0.244146 0.397769 0.0121821 -0.0238644 -0.632417 0.42877 -0.104087 -0.9351 0.624743 -0.661737 -0.125293 -0.44651 0.111585 0.21953 0.25002 0.0648026 0.096516 0.19225 -0.207569 0.259702 -0.250203 0.211355 -0.274226 -0.182316 -0.906511 0.273634 -1.5527 0.751391 -1.11447
266 -0.269597 -1.13112 -0.0432357 -0.26071 0.467485 -0.0706082 -0.00857809 -0.656443 0.440898 -0.0931239 -0.975901 0.595434 -0.67667 -0.11581 -0.452218 0.0754637 0.264939 0.222522 0.0580367 0.0896281 0.138763 -0.179332 0.260056 -0.289249 0.20416 -0.379711 -0.16289 -0.853401 0.30573 -1.55229 0.791796 -1.02805
267 -0.22354 -1.09323 -0.0859629 -0.342824 0.624267 -0.233232 0.0607857 -0.569169 0.411874 -0.107889 -0.980665 0.517944 -0.727514 -0.0783351 -0.367856 0.00289765 0.302147 0.154834 0.0934827 -0.000910745 0.156084 -0.204905 0.206815 -0.242728 0.204667 -0.441713 -0.223717 -0.711833 0.365365 -1.47632 0.764675 -0.893822
268 -0.200445 -1.06042 -0.130472 -0.3985 0.718961 -0.380183 0.113127 -0.544582 0.457201 -0.181205 -0.907105 0.431679 -0.674507 -0.0807261 -0.305871 -0.0429007 0.336913 0.173648 0.132122 -0.0665372 0.144274 -0.193262 0.161864 -0.212838 0.189431 -0.503745 -0.262188 -0.549373 0.40592 -1.31335 0.728142 -0.739651
269 -0.157447 -1.12287 -0.152798 -0.458232 0.851439 -0.518918 0.17418 -0.556826 0.480062 -0.222336 -0.943748 0.408557 -0.768105 -0.0581962 -0.265082 -0.039751 0.393061 0.133608 0.215243 -0.153802 0.131568 -0.149805 0.124739 -0.228785 0.196603 -0.565469 -0.434961 -0.479354 0.532801 -1.49991 0.863869 -0.756327
103 0.318238 -0.454484 -0.443159 -0.0210692 0.143671 -0.599457 0.416246 0.107271 0.244371 -0.495199 -0.540005 0.433297 -0.26383 0.241811 -0.0452401 0.665055 0.0990882 0.212108 0.413047 0.171209 -0.108484 0.237776 0.0137156 -0.064852 0.229015 0.0388733 -0.368427 -0.324708 0.765 -0.931155 0.700308 -0.838382
104 0.456387 -0.436387 -0.525931 -0.0623689 0.0839035 -0.669149 0.621324 0.261552 0.200937 -0.618547 -0.538965 0.538435 -0.28205 0.345086 -0.0913188 0.713519 0.0965921 0.235116 0.313313 0.245744 -0.0864136 0.305941 0.324968 0.040113 0.221626 -0.00347152 -0.352497 -0.247212 0.814756 -0.950042 0.697585 -0.95866
102 0.415999 -0.481505 -0.682559 -0.0770976 0.139274 -0.813072 0.519959 0.196492 0.295338 -0.593802 -0.71472 0.543011 -0.206963 0.234841 -0.0809684 0.87113 0.0408161 0.294931 0.475123 0.251015 -0.129961 0.284183 0.13872 -0.0476793 0.314845 -0.0453928 -0.231264 -0.315886 0.920965 -0.951037 0.786328 -0.842058
101 0.271119 -0.563656 -0.851684 -0.122627 0.16715 -0.889682 0.447945 0.244002 0.328877 -0.548518 -0.925636 0.528076 -0.185665 0.180871 -0.11987 1.02203 -0.020803 0.395173 0.729195 0.296502 -0.186267 0.270393 -0.16384 -0.206425 0.443248 0.0371013 -0.0534494 -0.495784 1.05986 -0.895292 0.90225 -0.766732
100 0.231931 -0.489621 -0.809255 -0.122361 0.14315 -0.834959 0.423019 0.248094 0.30949 -0.497392 -0.890656 0.470094 -0.133563 0.129548 -0.119593 0.942432 -0.0196608 0.365778 0.670106 0.284567 -0.199409 0.243081 -0.154376 -0.196992 0.408919 0.0250918 -0.0354641 -0.469026 0.962525 -0.788897 0.829756 -0.68646
99 0.203422 -0.581513 -0.859643 -0.0906174 0.115402 -0.873863 0.445462 0.318329 0.252504 -0.531482 -0.956287 0.47355 -0.170184 0.167131 -0.141958 1.00335 -0.0318983 0.338035 0.771777 0.32286 -0.21664 0.288102 -0.213832 -0.269283 0.445591 0.0698176 -0.0755139 -0.495684 1.09614 -0.892781 0.93726 -0.779813
291 0.505118 -0.000515176 0.107468 0.427242 0.526976 -0.576197 0.411693 -0.472242 -0.100544 -0.471687 -0.188296 -0.38229 -0.591676 0.32539 0.0186166 0.522018 0.0371883 -0.0936216 0.485628 -0.215348 -0.382098 0.603465 -0.396866 -0.680663 0.225178 0.391408 -0.870192 -0.0984906 0.476317 -1.28861 0.131849 -0.569456
290 0.461068 -0.395445 0.149185 0.315191 0.486062 -0.490607 0.522491 -0.51382 -0.0465751 -0.429672 -0.170532 -0.266115 -0.335288 0.344163 -0.0617153 0.400562 -0.0115632 -0.0717991 0.387218 -0.0485662 -0.322215 0.420903 -0.510272 -0.46303 0.143597 0.202005 -1.02036 -0.242414 0.614847 -1.22679 0.190381 -0.711371
292 0.434931 0.0679107 0.0911433 0.450232 0.488903 -0.553688 0.314876 -0.407185 -0.0894665 -0.434809 -0.13967 -0.327288 -0.593415 0.27885 0.00914015 0.47941 0.00236444 -0.0806951 0.43925 -0.200714 -0.329313 0.585748 -0.315022 -0.668741 0.201243 0.39003 -0.738735 -0.0525129 0.383044 -1.17369 0.101792 -0.499193
225 -0.0633757 0.487946 -0.0913079 0.0372507 0.0828141 0.231949 0.654487 0.440505 -0.154398 0.244307 0.135707 -0.068463 -0.32563 0.293115 -0.567915 0.49479 0.678471 -0.0954819 -0.30877 -0.320279 0.300136 0.166163 -0.717159 0.154723 -0.282197 0.343431 -1.30585 -0.375454 0.607428 -1.61003 0.128593 -0.805416
226 -0.0804468 0.477441 -0.00992655 -0.0115385 0.00347254 0.271131 0.494062 0.44456 -0.15708 0.210539 0.0733715 -0.133436 -0.389063 0.217142 -0.465841 0.460354 0.604578 -0.162453 -0.280586 -0.26454 0.197598 0.114444 -0.56261 0.167716 -0.167597 0.29273 -1.11337 -0.222353 0.598017 -1.51386 0.164199 -0.879901
227 -0.0435263 0.476564 0.0849808 -0.0283905 -0.0875242 0.274102 0.457398 0.480249 -0.19022 0.213649 0.0726295 -0.303018 -0.436536 0.158757 -0.467691 0.420816 0.558451 -0.214779 -0.388534 -0.264128 0.130499 0.141138 -0.472019 0.22701 -0.13951 0.27461 -1.01076 -0.0685984 0.573834 -1.55832 0.175985 -1.04873
224 -0.0910574 0.550293 -0.232253 0.0925337 0.195365 0.0774897 0.75025 0.427172 -0.0719251 0.220072 0.113873 0.0683794 -0.113326 0.415625 -0.69342 0.548458 0.748498 0.0280516 -0.280805 -0.385826 0.415497 0.252615 -0.87479 0.0739857 -0.495979 0.432515 -1.47986 -0.546564 0.594017 -1.57286 0.173132 -0.687978
223 -0.0716588 0.548085 -0.249621 0.123454 0.250957 0.0350952 0.708849 0.384286 -0.0606004 0.214253 0.121975 0.125152 -0.0733284 0.415573 -0.681493 0.519383 0.710579 0.0639553 -0.271045 -0.374926 0.436792 0.204767 -0.808435 0.0713065 -0.526198 0.393488 -1.3796 -0.508362 0.518276 -1.39819 0.150692 -0.537644
222 -0.111838 0.597791 -0.294344 0.19681 0.317208 -0.0759848 0.646541 0.186865 0.10835 0.142955 0.10185 0.207942 0.0939623 0.459706 -0.690227 0.528577 0.746663 0.126813 -0.181396 -0.395659 0.447132 0.275601 -0.859575 0.0411394 -0.595647 0.390461 -1.42529 -0.513749 0.506862 -1.4202 0.333812 -0.481827
265 -0.239011 -1.07856 -0.00835958 -0.228281 0.377432 0.0356613 -0.0374456 -0.620163 0.405189 -0.0875268 -0.887374 0.595164 -0.630136 -0.146785 -0.431613 0.0649964 0.227998 0.202195 0.0446109 0.0953367 0.161938 -0.209434 0.253409 -0.275261 0.182769 -0.295208 -0.139919 -0.874281 0.251299 -1.50323 0.708178 -1.08065
170 0.284172 -0.424162 0.277019 -0.094726 0.406685 0.0825468 0.0619792 -0.313919 0.401348 -0.784088 -0.261315 1.02595 -0.629519 0.116143 -0.140305 0.725957 0.297248 -0.644964 0.661139 0.56571 -0.856056 0.525735 -0.602135 0.267339 0.0456239 0.325586 0.0291888 0.0095599 0.334568 -1.04691 0.368014 -1.08557
169 0.232013 -0.398777 0.212278 -0.119845 0.415256 0.119358 0.0537537 -0.299389 0.313829 -0.702443 -0.302519 0.827302 -0.56529 0.0748103 -0.159746 0.579938 0.246109 -0.600536 0.573117 0.429045 -0.635185 0.449571 -0.516135 0.185962 0.0845711 0.308971 -0.034914 0.0586492 0.279351 -0.959795 0.315693 -0.991669
168 0.295472 -0.494898 0.247326 -0.196242 0.445576 0.257234 -0.0122102 -0.376351 0.271024 -0.785732 -0.358595 0.926538 -0.57003 0.0277501 -0.280999 0.592741 0.323303 -0.760886 0.600351 0.492099 -0.69866 0.52149 -0.592258 0.152039 0.138111 0.399057 -0.0626339 0.102839 0.31307 -1.10082 0.330082 -1.18463
167 0.326846 -0.649495 0.32853 -0.366873 0.495704 0.496446 -0.10883 -0.481854 0.0698237 -0.744702 -0.42783 0.905514 -0.595556 -0.014777 -0.372008 0.465476 0.444156 -0.937043 0.571135 0.38082 -0.484817 0.562707 -0.634423 -0.000563646 0.182777 0.47123 -0.0826498 0.355692 0.266036 -1.15586 0.378934 -1.32229
166 0.293087 -0.593038 0.242527 -0.355309 0.389309 0.402428 -0.148141 -0.466172 -0.00450997 -0.570935 -0.340111 0.728007 -0.476355 -0.0654915 -0.293134 0.317099 0.41544 -0.7274 0.399192 0.25369 -0.284826 0.43346 -0.499109 -0.0967842 0.214319 0.33256 -0.141466 0.264544 0.268423 -0.967264 0.307353 -1.14208
43 -0.695229 0.248889 -0.235628 -0.0487158 -0.338444 0.337066 -0.33591 -0.6829 0.178222 0.399653 0.0265163 0.0764777 -0.0633741 0.126801 0.177423 0.642796 0.552931 -0.199014 0.681554 -0.245212 -0.224001 0.0234532 -0.256961 -0.293681 -0.0855847 0.236715 -0.999755 -0.584064 0.342314 -1.56861 0.237652 -0.505053
42 -0.67607 -0.00372328 -0.176043 -0.0317362 -0.455007 0.330548 -0.324179 -0.923651 0.500428 0.499241 0.0093994 -0.00512893 -0.011201 0.227218 0.117802 0.719301 0.650288 -0.15677 0.769037 -0.223926 -0.287961 -0.00189448 -0.187107 -0.381975 -0.0686427 0.17932 -1.04927 -0.744397 0.267468 -1.63776 0.166298 -0.432189
41 -0.456942 -0.359903 -0.0819328 0.00326246 -0.461363 0.169999 -0.279735 -1.04264 0.792474 0.419177 -0.00518102 -0.0697216 0.00331326 0.387291 -0.0648253 0.747952 0.686894 -0.0512194 0.765376 -0.15638 -0.355118 0.0180805 -0.0822291 -0.445127 0.0252103 0.0675919 -0.971147 -0.853781 0.100686 -1.54662 0.0759142 -0.46992
39 -0.19905 -0.437233 -0.0525148 0.0215208 -0.530495 0.136054 -0.121802 -1.01254 0.863272 0.387733 -0.0260275 -0.12863 -0.037044 0.378589 -0.171842 0.834131 0.632222 0.0228045 0.634265 -0.0562286 -0.277295 0.119761 0.000781484 -0.362249 0.102674 -0.0677039 -0.871041 -0.861812 0.0839902 -1.48051 0.165306 -0.440181
40 -0.296177 -0.316365 -0.0447661 0.00789897 -0.357533 0.130883 -0.142774 -0.855624 0.706145 0.340775 -0.0291056 -0.0610066 -0.0183166 0.339736 -0.061631 0.674851 0.588471 -0.0277682 0.632301 -0.118812 -0.279569 0.0489239 -0.0596995 -0.352846 0.0313953 0.0273891 -0.825373 -0.736184 0.108103 -1.339 0.115477 -0.416542
38 0.113804 -0.683845 -0.0374126 -0.0044516 -0.698806 0.126296 0.03733 -1.00913 1.05147 0.414958 -0.137005 -0.160521 -0.259046 0.468808 -0.317875 1.00029 0.574108 0.122214 0.534742 0.135486 -0.201335 0.260787 0.16842 -0.240794 0.18276 -0.297499 -0.835554 -0.918408 0.148522 -1.52609 0.355937 -0.433021
36 0.274221 -0.6369 -0.107044 -0.0457339 -0.715865 0.204516 0.0700079 -0.785628 0.997488 0.529366 -0.105425 -0.143537 -0.386132 0.401142 -0.364685 1.00847 0.41951 0.0940506 0.386949 0.177458 -0.196461 0.32552 0.305989 -0.0276429 0.188569 -0.403531 -0.793593 -0.802952 0.370862 -1.43834 0.47053 -0.40232
228 -0.0156963 0.437713 0.30084 -0.0264032 -0.112575 0.224122 0.162446 0.393555 -0.0649142 0.100568 0.0103367 -0.507853 -0.560895 0.00331562 -0.323346 0.360558 0.521795 -0.382128 -0.472851 -0.291853 -0.0921425 0.195301 -0.232154 0.337778 0.00540671 0.288649 -0.74891 0.221314 0.512631 -1.6374 0.344694 -1.46839
229 -0.00324475 0.449533 0.276679 -0.0138711 -0.149357 0.243375 0.122921 0.378232 -0.090333 0.1092 0.0618068 -0.506582 -0.490905 -0.00567478 -0.312774 0.315175 0.458276 -0.382426 -0.491483 -0.288143 -0.12083 0.183733 -0.210092 0.330408 0.0046177 0.261998 -0.66847 0.244848 0.452498 -1.49914 0.295184 -1.34365
230 0.116704 0.419659 0.409763 -0.0210547 -0.0772587 0.15322 0.180485 0.411619 -0.0275174 0.0890796 0.0649286 -0.602328 -0.558669 -0.0607805 -0.221404 0.363216 0.455703 -0.381018 -0.501959 -0.379952 -0.178488 0.262848 -0.131343 0.37441 -0.00320695 0.183804 -0.545245 0.260963 0.444324 -1.65888 0.455429 -1.65963
238 0.393267 0.018972 0.399182 0.186288 0.268069 -0.541038 0.35291 0.314627 0.0578151 0.335825 -0.130739 -0.585511 -0.309454 -0.0382257 0.249747 0.507522 0.279153 0.265972 -0.0696564 -0.565397 -0.3346 0.294873 -0.119937 0.207027 0.170255 -0.354953 -0.200126 -0.181929 0.561171 -0.85886 0.601463 -1.45404
237 0.449977 0.106885 0.432292 0.207602 0.308821 -0.59413 0.375089 0.38235 0.0778887 0.324134 -0.134853 -0.616873 -0.398668 -0.0450298 0.246432 0.626813 0.274698 0.264551 -0.0618072 -0.62428 -0.439989 0.386266 -0.105867 0.261718 0.148256 -0.400549 -0.179615 -0.213008 0.526901 -0.985918 0.73619 -1.71439
236 0.512354 0.207863 0.494766 0.182122 0.280556 -0.560314 0.392838 0.398143 0.124538 0.231101 -0.0612786 -0.70203 -0.40447 -0.0445097 0.186368 0.574249 0.242505 0.150917 -0.187528 -0.657598 -0.476415 0.552716 -0.042066 0.331845 0.0554347 -0.450913 -0.118772 -0.130296 0.331912 -1.1336 0.862189 -1.86548
235 0.445908 0.285536 0.455838 0.181516 0.296089 -0.456587 0.307698 0.386645 0.118862 0.175046 0.00333509 -0.579962 -0.361811 -0.0456616 0.184524 0.481084 0.191741 0.104854 -0.18451 -0.621746 -0.449382 0.494107 -0.0123738 0.327836 0.00853163 -0.363505 -0.0886815 -0.120903 0.210812 -1.10486 0.827331 -1.63483
234 0.520699 0.313167 0.510699 0.181258 0.304542 -0.47687 0.363969 0.460265 0.117412 0.200688 0.0439573 -0.680554 -0.42831 -0.0657973 0.192042 0.543675 0.243051 0.0623338 -0.25818 -0.704287 -0.49029 0.579093 -0.0522263 0.380796 -0.0179003 -0.359933 -0.120357 -0.120247 0.230074 -1.30823 0.96558 -1.92596
130 0.527888 -0.290293 -0.264838 0.013011 0.478951 -0.344678 -0.208362 -0.371269 0.0447178 -0.510853 0.313699 0.134257 -0.694117 0.0421515 0.144545 0.487348 -0.0914226 -0.190463 0.356651 0.368754 0.345088 -0.312049 -0.500138 -0.228669 -0.036411 -0.0522726 -0.635742 -0.16081 0.423732 -0.744866 0.585517 -1.14139
131 0.573833 -0.296327 -0.23023 0.0458618 0.601532 -0.361791 -0.2728 -0.405322 -0.0124075 -0.548119 0.467741 0.150233 -0.872522 0.0568266 0.23279 0.598148 -0.128879 -0.286273 0.342394 0.461568 0.387329 -0.455494 -0.645898 -0.234361 -0.0892026 -0.12591 -0.703008 -0.155104 0.449894 -0.74041 0.663976 -1.36351
132 0.340755 -0.0643472 0.0427386 0.25949 0.656678 -0.163119 -0.37138 -0.258894 -0.0215225 -0.366095 0.570602 0.352345 -1.06455 0.139628 0.496145 0.563446 0.0350686 -0.371432 0.152961 0.418395 0.328317 -0.509388 -0.872802 -0.1314 0.119954 -0.042728 -0.800197 -0.0922557 0.523479 -0.767828 0.709132 -1.5789
134 0.25256 0.0392152 0.20086 0.349644 0.663914 -0.0781404 -0.366897 -0.131028 -0.0218848 -0.30775 0.579382 0.414958 -1.04774 0.213275 0.602693 0.508056 0.153245 -0.349182 0.0770183 0.408026 0.222668 -0.469276 -0.943185 -0.0680979 0.257271 -0.062198 -0.841244 -0.0849212 0.543545 -0.753288 0.757885 -1.60043
135 0.0576884 0.197526 0.321794 0.392921 0.59015 0.0385904 -0.345189 -0.0618864 0.0536291 -0.228486 0.513776 0.490052 -1.00803 0.272018 0.589626 0.338681 0.170386 -0.302614 0.0945916 0.365572 0.148438 -0.407958 -0.972273 -0.0639534 0.395584 -0.00354221 -0.814126 -0.0514034 0.511123 -0.757224 0.711616 -1.5625
137 0.0505448 0.330226 0.459761 0.456642 0.713935 0.0884762 -0.253568 -0.0635733 0.266613 -0.244707 0.389333 0.500015 -0.928755 0.291683 0.598966 0.184954 0.188329 -0.195907 0.0485436 0.300238 -0.0254696 -0.406323 -0.974404 0.053232 0.540528 -0.0218574 -0.825315 0.0329961 0.460655 -0.804066 0.687721 -1.44494
138 0.0418199 0.414996 0.577505 0.522676 0.845167 0.162468 -0.158668 -0.0220097 0.462591 -0.226017 0.14326 0.481068 -0.758071 0.253968 0.566671 0.0899258 0.188931 -0.0718405 0.0515555 0.142455 -0.221321 -0.386997 -0.978398 0.229739 0.660541 0.0586254 -0.890464 0.080046 0.438789 -1.01022 0.672271 -1.30159
140 0.0870355 0.409687 0.618078 0.500081 0.904172 0.159368 -0.0731463 -0.0719509 0.55452 -0.226911 -0.0167688 0.436068 -0.615229 0.201524 0.526606 0.0414815 0.232725 -0.00140248 0.0788497 0.0953268 -0.358002 -0.356946 -0.906668 0.290407 0.679812 0.111691 -0.945188 0.0496031 0.409568 -1.15565 0.684306 -1.16684
139 0.0444606 0.37265 0.521135 0.453293 0.770935 0.133569 -0.102059 -0.0199446 0.476584 -0.225666 0.00381827 0.399576 -0.587787 0.223609 0.427471 0.0393802 0.212649 -0.00225748 0.0769946 0.0813854 -0.291983 -0.304896 -0.80896 0.245638 0.601947 0.0792402 -0.822337 0.0377187 0.358685 -1.03215 0.626977 -1.06221
194 0.540979 -0.271394 -0.354618 0.30346 -0.410766 -0.22061 -0.8742 -0.21267 0.553763 -0.499666 -0.258062 0.455633 -1.07684 0.617999 -0.442301 0.070276 0.837348 0.165866 -0.225004 0.00534352 -0.668785 0.42734 -0.166409 -0.162905 0.0357438 0.630193 -0.66004 -0.462503 0.528615 -0.832285 -0.243001 -1.22292
195 0.775849 -0.386721 -0.440132 0.357763 -0.100123 -0.355991 -0.768498 -0.375292 0.28778 -0.677462 -0.365479 0.543522 -0.929182 0.381307 -0.579069 0.183276 0.948361 0.418998 -0.012347 0.0529921 -0.843799 0.450409 -0.0309219 -0.108765 0.0395989 0.520081 -0.733484 -0.388738 0.321325 -0.751734 -0.246119 -1.18456
197 0.838423 -0.36101 -0.467168 0.375324 0.159502 -0.385043 -0.59123 -0.394628 -0.000396459 -0.68691 -0.493481 0.545463 -0.805225 0.216103 -0.581147 0.279345 0.968128 0.527899 0.148957 0.110142 -0.957492 0.481401 -0.0270963 -0.0882834 0.0557253 0.427448 -0.778914 -0.323797 0.25233 -0.75951 -0.187853 -1.10574
198 0.789527 -0.393874 -0.48571 0.31983 0.455175 -0.432204 -0.443665 -0.371043 -0.3256 -0.650403 -0.650049 0.605394 -0.693975 0.0624951 -0.570815 0.42263 0.997908 0.659456 0.275457 0.123194 -1.0935 0.528445 0.0320277 -0.0694723 0.0766518 0.273539 -0.916657 -0.281884 0.165123 -0.842671 -0.123904 -1.08777
200 0.550563 -0.22126 -0.457156 0.325232 0.514796 -0.337966 -0.421403 -0.233152 -0.484449 -0.532421 -0.699569 0.489079 -0.608262 0.081549 -0.493636 0.481915 0.866868 0.637683 0.3144 0.173762 -1.04034 0.505586 0.0785709 -0.0288977 0.0380155 0.140881 -0.908734 -0.294562 0.198229 -0.865099 -0.0985411 -1.05471
199 0.572802 -0.244589 -0.40839 0.2898 0.429368 -0.341988 -0.401477 -0.265403 -0.355501 -0.526292 -0.570378 0.486257 -0.574448 0.0528979 -0.465836 0.388744 0.861401 0.599494 0.262164 0.131254 -0.974813 0.46667 0.0494163 -0.038286 0.0512082 0.184106 -0.786186 -0.257074 0.124462 -0.732985 -0.107064 -0.92531
191 0.0349937 -0.374762 -0.22904 0.173314 -0.630797 0.133398 -0.827487 0.17481 0.884093 -0.306923 -0.226206 0.399022 -1.25053 0.937727 -0.146685 -0.0419504 0.473848 -0.17141 -0.442321 -0.180745 -0.526097 0.436397 -0.14049 -0.286183 -0.057705 0.754979 -0.878814 -0.559138 0.903552 -1.04102 -0.282339 -1.24072
189 -0.114925 -0.446634 -0.174444 0.13344 -0.635083 0.216942 -0.716802 0.297303 1.0007 -0.297119 -0.219095 0.394963 -1.31071 0.988352 -0.0702374 -0.0513339 0.308202 -0.171979 -0.501419 -0.250827 -0.448063 0.498059 -0.0223463 -0.247348 -0.107776 0.772264 -1.00007 -0.579791 0.995536 -1.17214 -0.246659 -1.30192
188 -0.142399 -0.554573 -0.14884 0.0189952 -0.35253 0.162675 -0.471254 0.438283 1.00275 -0.33787 -0.168193 0.33946 -1.1027 0.85777 0.0103646 0.0353886 0.108414 -0.0963548 -0.51995 -0.262495 -0.29448 0.450187 0.202442 -0.168725 -0.166257 0.559731 -0.961594 -0.508488 0.887677 -1.07071 -0.179701 -1.10145
190 -0.120849 -0.365129 -0.184607 0.11435 -0.615394 0.23716 -0.673424 0.215963 0.839712 -0.220884 -0.208518 0.32783 -1.11884 0.855583 -0.0857068 -0.0557212 0.302296 -0.187267 -0.450197 -0.172821 -0.410828 0.401126 -0.0563624 -0.261188 -0.0934946 0.6787 -0.839651 -0.533959 0.838523 -0.953413 -0.282317 -1.11547
289 0.386488 -0.616621 0.113594 0.123438 0.394494 -0.342065 0.471082 -0.418505 0.081607 -0.386447 -0.22142 -0.0297969 -0.223953 0.30682 -0.0925279 0.32335 0.0352878 -0.0284071 0.288862 0.065783 -0.223178 0.274932 -0.530426 -0.187461 0.0925745 0.0754097 -1.0926 -0.388239 0.710849 -1.24949 0.383908 -0.922188
288 0.483608 -0.800416 0.233724 0.147782 0.48589 -0.40977 0.712619 -0.593872 -0.0679111 -0.377453 -0.163205 -0.274351 0.0524643 0.348188 -0.212139 0.229484 -0.0892475 -0.10278 0.242991 0.176979 -0.265062 0.243036 -0.72534 -0.249243 0.0254661 -0.0492269 -1.2714 -0.392648 0.773555 -1.18173 0.190613 -0.873003
242 0.380414 -0.383493 0.28749 0.101875 0.285402 -0.358163 0.0733282 0.282575 -0.100665 0.898256 -0.586599 -0.546159 -0.421689 0.0519956 0.649096 0.59984 0.551695 0.427106 0.039156 -0.690501 -0.14432 0.116432 -0.284706 0.19704 0.590775 -0.0036697 -0.542843 -0.344751 1.18388 -0.908812 0.280234 -1.476
240 0.358442 -0.254629 0.340481 0.146225 0.245924 -0.443097 0.19471 0.343184 -0.0397595 0.789613 -0.471742 -0.621411 -0.376479 0.0091145 0.484907 0.600551 0.491451 0.409294 -0.0377605 -0.673941 -0.241761 0.122878 -0.206834 0.153749 0.471247 -0.203838 -0.41615 -0.278188 1.02437 -0.886537 0.346959 -1.54243
241 0.355744 -0.305895 0.278671 0.118567 0.230071 -0.357173 0.0848921 0.279876 -0.0898393 0.902276 -0.544914 -0.562359 -0.375826 0.052123 0.591552 0.554617 0.545609 0.39698 0.00845012 -0.671696 -0.127035 0.0780003 -0.280439 0.165203 0.569956 -0.0648482 -0.453701 -0.292094 1.14042 -0.811331 0.202046 -1.40933
243 0.453793 -0.617195 0.208266 -0.00867673 0.280214 -0.173021 -0.0207895 0.264854 -0.160963 0.970032 -0.693579 -0.413381 -0.487333 0.1329 0.889852 0.626256 0.652457 0.401258 -0.00505799 -0.727662 0.0789053 0.133831 -0.372114 0.315023 0.727121 0.276492 -0.657981 -0.388041 1.30829 -0.996959 0.0690703 -1.30232
123 0.20671 -0.938572 -0.34217 -0.0513126 0.151996 -0.386793 -0.116629 -0.426833 0.106431 -0.731364 0.226703 0.23165 -0.454048 -0.474126 0.263114 -0.00854763 -0.429888 0.0386094 0.966115 0.330153 0.581553 0.107566 0.0303252 -0.65049 0.226582 0.229001 -0.84819 -0.270138 1.06296 -1.42939 0.250817 -1.17208
124 0.164701 -0.833829 -0.346011 -0.0819174 0.159532 -0.312923 -0.0944025 -0.452944 0.104194 -0.655739 0.24756 0.181594 -0.450731 -0.436674 0.203817 -0.0146005 -0.396624 0.0523725 0.928657 0.386167 0.569201 0.0772757 0.0181132 -0.581008 0.200149 0.165905 -0.716862 -0.261106 0.930524 -1.1725 0.22401 -1.04409
125 0.265756 -0.885951 -0.484444 -0.16719 0.190477 -0.354616 -0.155523 -0.512418 0.133863 -0.793329 0.3193 0.190603 -0.576267 -0.492339 0.166285 0.0923163 -0.387988 0.0339831 1.04196 0.493412 0.632569 0.0532362 -0.0347827 -0.714694 0.171611 0.0710277 -0.805758 -0.277498 1.02724 -1.32368 0.357547 -1.22063
74 -0.0136693 -0.560647 0.189439 0.219444 0.299841 -0.096573 0.240199 0.456495 -0.096829 0.265049 -0.000389515 0.106536 -0.450977 0.43465 -0.0658742 0.322307 0.0327651 0.583664 0.723814 -0.321156 -0.103614 0.0310682 -0.209425 0.414841 0.658913 0.785451 -0.949704 -0.4392 0.591632 -1.17242 0.687308 -0.646525
72 0.107048 -0.509092 0.115088 0.207316 0.29833 -0.160294 0.239975 0.132231 0.0771223 0.0456014 -0.208642 0.133797 -0.45861 0.346619 -0.00551759 0.424981 0.0419973 0.383534 0.479784 -0.260875 -0.147414 0.13168 -0.218179 0.153795 0.422659 0.556634 -0.933655 -0.454978 0.625326 -1.17298 0.690252 -0.78498
71 0.264151 -0.399354 -0.00591519 0.26603 0.322655 -0.19824 0.29682 -0.335891 0.280489 -0.190386 -0.497017 0.0755966 -0.3814 0.271 0.118033 0.573074 -0.0314642 0.149016 0.0770211 -0.230073 -0.228874 0.266554 -0.189411 -0.265556 0.119095 0.319918 -0.926332 -0.507255 0.701817 -1.05185 0.652863 -0.896794
70 0.262477 -0.344576 0.00509102 0.182912 0.267646 -0.226699 0.227738 -0.321879 0.264665 -0.236286 -0.389832 0.129201 -0.437849 0.237226 0.103186 0.53259 0.0581248 0.10067 0.12755 -0.183902 -0.174032 0.257245 -0.173514 -0.201523 0.112201 0.25169 -0.87547 -0.424474 0.675349 -1.10384 0.601851 -0.906951
17 0.430274 -0.467239 0.266439 0.06082 -0.0088147 -0.295333 0.504541 -0.81881 0.885489 -0.338822 -0.446321 0.765876 -0.643532 0.630361 0.557724 0.822794 0.726965 0.226036 0.476968 0.107348 -0.0398952 0.27243 -0.273665 -0.308293 -0.601807 -0.0987426 -0.476873 0.271817 0.245579 -1.15174 0.376924 -0.705204
16 0.472839 -0.464398 0.183603 0.0885598 0.0315875 -0.293774 0.447387 -0.773689 0.868091 -0.343594 -0.468033 0.751624 -0.545132 0.595424 0.501824 0.817163 0.65337 0.158069 0.519238 0.0544322 -0.0801187 0.229274 -0.232941 -0.315698 -0.598766 -0.0683219 -0.439035 0.265449 0.200168 -0.997558 0.35857 -0.667068
15 0.520869 -0.516501 0.293415 0.0678441 -0.0894956 -0.381277 0.609953 -0.890901 0.969773 -0.461127 -0.485269 0.908637 -0.674947 0.680819 0.613918 0.974285 0.857862 0.17519 0.57842 0.0315569 -0.00267393 0.243607 -0.280606 -0.350376 -0.687259 -0.122615 -0.415102 0.347797 0.201477 -1.13786 0.474469 -0.719839
14 0.576974 -0.569052 0.37461 -0.0831691 -0.0914286 -0.391823 0.734591 -0.881408 0.802824 -0.571792 -0.498966 0.908222 -0.813193 0.619542 0.572662 1.01885 0.928854 0.0550932 0.585346 -0.0919421 0.0202487 0.238373 -0.25716 -0.371137 -0.56484 -0.0215559 -0.4209 0.246192 0.263638 -1.19342 0.584454 -0.667602
12 0.564105 -0.541783 0.439829 -0.138662 -0.114073 -0.362386 0.84014 -0.904678 0.770556 -0.657388 -0.490345 0.885783 -0.886842 0.527795 0.552996 1.00937 0.971712 0.0697179 0.543859 -0.225818 0.0878792 0.266253 -0.263797 -0.323685 -0.469862 0.00187465 -0.426665 0.18982 0.305322 -1.23764 0.65435 -0.647103
30 0.427714 -0.134766 0.0191291 -0.2743 -0.393458 0.47606 -0.218761 0.0561914 0.509461 0.763139 0.294961 0.0863545 -0.806433 0.360033 -0.391095 0.624377 -0.205137 0.0781863 0.23516 0.235871 -0.361377 0.615376 0.335204 0.74625 0.0703556 -0.392717 -0.978782 -0.449239 1.2605 -1.43329 0.795332 -0.383817
31 0.31481 -0.0782601 -0.0555154 -0.209703 -0.410362 0.445092 -0.187418 0.0114017 0.458297 0.723566 0.208635 -0.000744502 -0.581104 0.326492 -0.365072 0.598317 -0.115798 0.0309991 0.226053 0.173302 -0.279449 0.516669 0.31917 0.60087 0.0275431 -0.330123 -0.794837 -0.370629 1.00978 -1.13606 0.641433 -0.324168
29 0.294975 -0.0812885 0.199563 -0.29077 -0.20775 0.457603 -0.215851 0.138083 0.343036 0.69379 0.3864 0.135651 -0.920339 0.291895 -0.30909 0.383279 -0.31164 0.197755 0.168917 0.355096 -0.338903 0.568762 0.197389 0.725227 0.0878705 -0.446763 -1.06406 -0.434409 1.33467 -1.63682 0.763981 -0.313191
27 0.142175 -0.015535 0.361767 -0.374403 -0.175163 0.318132 -0.0929769 0.0911696 0.19329 0.49258 0.377504 0.078542 -0.936978 0.237463 -0.1213 0.261221 -0.302556 0.43587 0.0354298 0.477555 -0.291637 0.513947 0.0369026 0.654919 0.0203875 -0.467248 -1.02273 -0.427527 1.25627 -1.7982 0.698128 -0.270447
24 -0.259375 0.0374138 0.577251 -0.50442 -0.328142 0.130012 0.102431 0.00919539 0.129838 0.255587 0.2407 -0.0186144 -0.904824 0.346296 0.268582 0.167928 -0.164506 0.787749 -0.0893418 0.599391 -0.158859 0.440541 -0.133484 0.420674 -0.0887246 -0.44022 -0.907607 -0.424013 1.03559 -1.89509 0.468723 -0.265085
26 -0.142087 0.0555236 0.547602 -0.495293 -0.282519 0.218257 0.0190646 0.0112069 0.129194 0.310044 0.280102 0.019232 -0.928874 0.31259 0.141504 0.177923 -0.238211 0.708298 -0.0617269 0.570327 -0.217451 0.46902 -0.110392 0.499141 -0.0780351 -0.426946 -0.971699 -0.469985 1.13528 -1.91726 0.546811 -0.264888
28 0.198791 -0.0593641 0.248995 -0.313593 -0.191465 0.328642 -0.0890816 0.0932291 0.273566 0.498168 0.328134 0.0726758 -0.748098 0.211619 -0.177639 0.270147 -0.24962 0.281751 0.0690643 0.366109 -0.280703 0.428964 0.0967425 0.563612 0.0343591 -0.431482 -0.848569 -0.373885 1.03639 -1.43658 0.615774 -0.196445
25 -0.222346 0.00211087 0.526499 -0.433163 -0.273107 0.116179 0.0893594 0.0183851 0.0875825 0.242509 0.231415 0.00843489 -0.74442 0.293533 0.208748 0.158643 -0.135783 0.700438 -0.0795107 0.51221 -0.121967 0.362563 -0.131226 0.397315 -0.0947874 -0.364151 -0.796594 -0.406711 0.866315 -1.62897 0.413494 -0.221
95 -0.204165 -0.834114 -0.376444 0.220469 -0.0556318 -0.447043 0.700383 0.380551 -0.169425 -0.512985 -0.882971 0.275477 -0.477722 0.410734 -0.251236 0.662261 -0.0849857 0.193826 1.18557 0.567805 -0.14949 0.173335 -0.66509 -0.417315 0.358375 0.603235 -0.42023 -0.895194 0.913087 -0.680972 0.989949 -1.0528
94 -0.202215 -0.774796 -0.277453 0.260235 -0.100592 -0.337225 0.706387 0.280679 -0.18028 -0.480667 -0.753813 0.214763 -0.489166 0.417515 -0.23266 0.534774 -0.0973904 0.16616 1.1139 0.526144 -0.0877991 0.123267 -0.642821 -0.36571 0.311538 0.634796 -0.479798 -0.855723 0.790859 -0.633765 0.866438 -1.01749
93 -0.199576 -0.818267 -0.248713 0.289917 -0.126084 -0.362857 0.784184 0.310896 -0.196854 -0.527236 -0.853561 0.225863 -0.570497 0.474095 -0.207641 0.613276 -0.082618 0.169438 1.18338 0.527516 -0.138424 0.18554 -0.657898 -0.415928 0.336779 0.695591 -0.546761 -0.915441 0.853889 -0.784873 0.964858 -1.09158
77 -0.0196256 -0.576659 0.222301 0.245228 0.3179 -0.114905 0.22236 0.531609 -0.0893751 0.288925 0.00439781 0.106425 -0.511072 0.467664 -0.062352 0.298669 0.0477877 0.628048 0.800637 -0.391573 -0.0888377 0.000679283 -0.220465 0.490092 0.734287 0.864066 -0.976295 -0.470561 0.591906 -1.25062 0.733907 -0.663283
75 -0.0484863 -0.592677 0.215842 0.262935 0.315349 -0.0867439 0.192781 0.569168 -0.146274 0.305198 0.0214819 0.114954 -0.549259 0.505148 -0.0990447 0.292043 0.0300774 0.623785 0.790965 -0.415669 -0.0855049 0.0518617 -0.204757 0.515586 0.771312 0.88378 -1.02581 -0.427367 0.570398 -1.29108 0.764823 -0.63956
76 -0.0480204 -0.574319 0.198376 0.226714 0.298475 -0.0607668 0.206886 0.561634 -0.153685 0.286483 0.0702202 0.0840402 -0.480607 0.449828 -0.0794939 0.24779 0.0517555 0.596685 0.791513 -0.318616 -0.0993636 0.0261069 -0.205286 0.471842 0.747563 0.843559 -0.941865 -0.449685 0.590474 -1.21007 0.718788 -0.636733
293 0.566759 0.168912 0.0774478 0.620681 0.59727 -0.720638 0.347953 -0.463014 -0.208792 -0.503005 -0.214636 -0.466485 -0.779947 0.304013 0.0400858 0.6033 -0.0170526 -0.117227 0.525055 -0.267536 -0.374014 0.769387 -0.339325 -0.924425 0.280793 0.497246 -0.828771 0.00971077 0.442506 -1.43161 0.0807572 -0.603921
294 0.541976 0.233569 0.0479925 0.682929 0.611007 -0.785456 0.303856 -0.437379 -0.285549 -0.499326 -0.20273 -0.54191 -0.862016 0.289325 0.0231083 0.61068 -0.054769 -0.11879 0.518685 -0.274971 -0.374947 0.863399 -0.312664 -1.03744 0.308347 0.498456 -0.845472 0.0245841 0.42993 -1.53912 0.0326431 -0.614728
247 0.357929 -0.602603 0.109316 0.0294781 0.293084 -0.181332 0.0758177 -0.0192143 0.00404117 0.3818 -0.404492 -0.146587 -0.433597 0.167077 0.684064 0.407381 0.34579 0.201144 0.0606408 -0.446022 0.197321 0.261866 -0.263912 0.412813 0.488962 0.436755 -0.513641 -0.322665 0.766401 -0.749559 0.019656 -0.805768
248 0.419602 -0.692171 0.0982365 0.0927674 0.345089 -0.203567 0.0960642 -0.0852506 0.0248946 0.473867 -0.501086 -0.171294 -0.475332 0.168144 0.798876 0.465618 0.401037 0.254221 0.0940893 -0.526602 0.255803 0.282747 -0.327356 0.440454 0.554829 0.500599 -0.608617 -0.3919 0.910502 -0.789788 -0.0392805 -0.965654
246 0.416757 -0.734873 0.0991704 0.0502637 0.331649 -0.208931 0.0560522 -0.0128316 -0.0354517 0.555511 -0.522286 -0.180746 -0.501009 0.181827 0.800072 0.549828 0.428418 0.273366 0.0723277 -0.57032 0.255781 0.252276 -0.297535 0.426741 0.528941 0.514401 -0.633687 -0.394422 0.99515 -0.853468 -0.025886 -1.00088
245 0.395391 -0.711047 0.122102 -0.00220641 0.299537 -0.114177 -0.0266046 0.198041 -0.149055 0.918653 -0.704608 -0.307693 -0.507835 0.14913 0.8956 0.570668 0.58918 0.356438 0.0214171 -0.704008 0.151778 0.165996 -0.391958 0.409377 0.71247 0.458635 -0.727401 -0.390024 1.18484 -1.02515 0.0626913 -1.20274
177 0.56106 -0.46951 0.569352 -0.248773 0.184045 -0.704616 -0.0343849 0.0671689 -0.0455866 -0.46341 0.824525 1.02561 -0.574224 0.656261 0.534693 0.752147 0.280462 0.274906 0.424134 0.254926 -0.79046 0.086527 0.0262998 -0.157909 -0.326826 -0.0717996 -0.889164 -0.786628 0.475519 -0.839401 0.919468 -0.761862
176 0.514103 -0.433136 0.500757 -0.222132 0.230445 -0.658212 -0.0242624 0.0509792 -0.0272936 -0.434607 0.733491 0.970961 -0.516711 0.609394 0.458191 0.73004 0.304596 0.202996 0.422551 0.282967 -0.757912 0.111617 -0.0321113 -0.151472 -0.261484 -0.0353 -0.806378 -0.687407 0.455256 -0.859465 0.88748 -0.756681
175 0.455513 -0.373014 0.462075 -0.163893 0.175459 -0.555079 -0.0295645 0.0541416 0.00351423 -0.398032 0.601682 0.877231 -0.446814 0.536187 0.382795 0.629227 0.287494 0.153877 0.420078 0.261907 -0.676437 0.116625 -0.0781668 -0.0922394 -0.214703 0.0215068 -0.676635 -0.569763 0.363322 -0.779217 0.750165 -0.640194
174 0.480693 -0.373238 0.432157 -0.117413 0.212846 -0.474478 -0.0194312 -0.0104039 0.0882072 -0.524135 0.481691 0.979711 -0.463177 0.476424 0.290314 0.708871 0.296389 0.000733317 0.482106 0.35711 -0.816594 0.20161 -0.227677 0.00155547 -0.181797 0.110451 -0.478006 -0.481538 0.319361 -0.773567 0.633661 -0.714284
96 -0.10683 -0.759374 -0.599544 0.0938036 0.0202843 -0.650031 0.573937 0.381356 0.0184036 -0.524461 -0.898318 0.357845 -0.396146 0.268594 -0.217287 0.76746 -0.0400446 0.235186 1.04741 0.51621 -0.188779 0.242335 -0.53851 -0.400973 0.439372 0.390969 -0.240056 -0.768746 1.05285 -0.758575 0.944501 -0.867141
98 -0.053223 -0.709623 -0.724375 0.0454145 0.0504618 -0.67992 0.508452 0.405757 0.0818446 -0.503979 -0.945689 0.409049 -0.318894 0.221409 -0.202927 0.83138 -0.091391 0.253996 0.999986 0.502738 -0.207644 0.248209 -0.504942 -0.379697 0.437117 0.313968 -0.125452 -0.724958 1.07725 -0.775846 0.967654 -0.844017
287 0.53929 -0.94032 0.283784 0.130691 0.532961 -0.405509 0.765061 -0.592096 -0.132524 -0.403414 -0.188487 -0.292435 0.122687 0.406427 -0.239022 0.171211 -0.112482 -0.132462 0.242323 0.23967 -0.279884 0.217234 -0.83675 -0.224031 -0.00370241 -0.106118 -1.36406 -0.49352 0.868159 -1.19801 0.21979 -0.935307
259 -0.0332456 -0.156921 0.0350695 0.210126 0.243851 -0.253982 0.362339 -0.811721 0.536302 -0.705844 -0.183425 0.413017 -0.898314 0.173541 -0.284762 0.0762639 -0.367345 0.455912 0.234007 -0.0496544 0.575941 0.0245185 -0.00669127 -0.0542826 0.269673 0.7403 -0.701313 -0.859574 0.308216 -0.7288 0.1262 -0.967054
258 -0.0212904 -0.156609 0.0520408 0.205299 0.321836 -0.271413 0.35287 -0.858203 0.584776 -0.744689 -0.181326 0.414481 -1.00057 0.203252 -0.331296 0.112673 -0.395873 0.485539 0.329271 -0.0802241 0.629432 0.0744513 0.00861534 -0.0528963 0.305664 0.823703 -0.801246 -0.862124 0.413073 -0.853293 0.187599 -1.11996
257 0.0762214 -0.058359 0.107262 0.217852 0.396146 -0.199596 0.258109 -0.941303 0.586282 -0.543248 -0.013666 0.338571 -1.11851 0.118185 -0.0809761 0.103929 -0.534981 0.460115 0.575639 -0.19677 0.793536 0.241288 0.012947 0.00946297 0.249259 1.01034 -0.977584 -0.692294 0.61624 -0.760993 -0.000781223 -1.19884
256 0.0715612 -0.0575941 0.0561327 0.203316 0.391613 -0.178242 0.226448 -0.83124 0.514716 -0.445724 -0.0331082 0.270591 -0.975709 0.128434 -0.0915255 0.133068 -0.440518 0.429309 0.569814 -0.173652 0.672476 0.228175 0.0633693 0.0108953 0.219933 0.830243 -0.817219 -0.555552 0.55112 -0.656137 -0.00439894 -1.0278
255 0.0699326 -0.0528757 0.0633662 0.232881 0.459016 -0.197389 0.255506 -0.949513 0.583106 -0.465968 -0.0242708 0.298398 -1.09759 0.158747 -0.0106067 0.165298 -0.528589 0.459533 0.676941 -0.222571 0.809833 0.308842 0.0339978 0.0236341 0.255886 1.01697 -0.990132 -0.663966 0.678336 -0.724415 -0.0446306 -1.18027
78 -0.0804094 -0.544379 0.14614 0.202713 0.141912 -0.186242 0.121547 0.63105 -0.161539 0.302697 -0.224636 0.182953 -0.642954 0.489969 -0.105141 0.236467 -0.0234935 0.590254 0.819565 -0.523272 0.0428773 -0.0580205 -0.24026 0.654609 0.594671 0.653698 -0.836174 -0.262183 0.322689 -1.22315 0.838375 -0.609459
79 -0.0795875 -0.494463 0.100665 0.151612 0.0524683 -0.238132 0.109345 0.560398 -0.124497 0.222168 -0.325651 0.214049 -0.623963 0.453517 -0.0546805 0.240336 0.0159439 0.527423 0.75564 -0.501996 0.0374323 -0.0390969 -0.221608 0.596894 0.432342 0.484433 -0.733841 -0.174397 0.257559 -1.12368 0.812026 -0.586478
80 -0.126954 -0.462284 0.077897 0.138342 -0.0271514 -0.275665 0.0661492 0.584591 -0.133927 0.229548 -0.404314 0.293447 -0.768248 0.482858 -0.110413 0.304926 0.0248059 0.514627 0.793119 -0.618099 0.0873974 -0.0358181 -0.245021 0.683517 0.401514 0.440911 -0.811893 -0.15585 0.221511 -1.29052 0.91444 -0.669393
81 -0.222158 -0.441095 0.00936914 0.100544 -0.112387 -0.339788 -0.0106793 0.64894 -0.112116 0.240892 -0.544525 0.376006 -0.935531 0.516658 -0.177919 0.356584 0.00381546 0.553937 0.807904 -0.81075 0.142543 -0.00608617 -0.228212 0.806341 0.318962 0.322252 -0.808376 -0.0627635 0.138637 -1.42613 1.0936 -0.745981
295 0.496879 0.241052 0.0606321 0.591422 0.529783 -0.638582 0.266874 -0.387577 -0.26117 -0.449779 -0.180224 -0.426921 -0.733224 0.219904 0.0397421 0.482435 -0.0294809 -0.10692 0.431754 -0.235221 -0.293462 0.701773 -0.213849 -0.866322 0.224929 0.439914 -0.591009 0.0256898 0.316961 -1.18103 0.0872921 -0.437969
19 0.166188 -0.292039 0.149754 0.0121696 0.105031 -0.233645 0.32721 -0.379723 0.4141 -0.24908 -0.24718 0.328102 -0.564189 0.397404 0.269628 0.518274 0.344982 0.257541 0.310681 0.0663607 -0.0901069 0.290968 -0.234572 -0.0966244 -0.135417 0.00139024 -0.699055 -0.138808 0.512098 -1.2786 0.455292 -0.781315
20 -0.0250022 -0.171477 0.345302 -0.187829 -0.128226 -0.105623 0.356684 -0.396896 0.458961 -0.069888 -0.101817 0.29219 -0.662309 0.482464 0.476474 0.439089 0.335326 0.500288 0.216265 0.299727 -0.044276 0.311711 -0.213128 -0.0198053 -0.355563 -0.22036 -0.56831 0.00783994 0.49664 -1.3582 0.296115 -0.465757
18 0.252721 -0.357695 0.249989 -0.0230684 -0.0126011 -0.236533 0.447657 -0.627847 0.660026 -0.273497 -0.355137 0.521283 -0.574766 0.545199 0.481222 0.64147 0.560309 0.320651 0.370013 0.111541 -0.0500829 0.256005 -0.225769 -0.200842 -0.463842 -0.114304 -0.487789 0.149227 0.313111 -1.18252 0.341418 -0.621567
141 0.184744 0.274805 0.587245 0.484923 1.0748 0.106999 0.0437415 -0.206094 0.633164 -0.312128 -0.221409 0.390299 -0.428091 0.0657573 0.503009 0.0588279 0.274064 0.0408518 0.0532037 0.0366535 -0.454712 -0.34275 -0.830377 0.3763 0.704181 0.213825 -0.948601 -0.0146334 0.391291 -1.25261 0.644849 -0.970403
143 0.340662 0.230603 0.587619 0.456898 1.21866 0.102261 0.141261 -0.296123 0.675695 -0.368997 -0.370319 0.403361 -0.306697 -0.0904341 0.563043 0.0138716 0.376293 0.0880233 0.0563406 -0.0270464 -0.668266 -0.375383 -0.905043 0.440847 0.864948 0.306388 -0.995249 -0.130955 0.354859 -1.50749 0.720979 -0.891367
142 0.240001 0.271782 0.564455 0.447511 1.08175 0.126137 0.0556887 -0.214672 0.57888 -0.296955 -0.272803 0.382365 -0.295502 -0.0723256 0.508628 -0.0254771 0.275518 0.0398194 0.0567207 0.00706298 -0.534242 -0.378069 -0.826939 0.417171 0.764309 0.238173 -0.896961 -0.06711 0.31637 -1.24435 0.603539 -0.81829
59 0.264143 -0.346914 -0.226432 0.26213 0.220462 0.180035 0.336653 -0.499797 0.571153 -0.653682 -0.830763 0.13062 0.251285 -0.174942 -0.0732166 0.756834 -0.210864 -0.404781 -0.160687 -0.456451 -0.412029 0.495376 -0.226003 -0.199408 0.393292 0.212293 -0.90713 -0.465101 0.41176 -0.51372 0.625624 -1.32355
60 0.339152 -0.301487 -0.354025 0.572913 0.465297 0.369584 0.274073 -0.504029 0.726659 -0.56234 -0.958339 0.237821 0.284352 -0.20714 0.0245958 0.757415 -0.219386 -0.492675 -0.169534 -0.507848 -0.477081 0.417678 -0.0510446 -0.223079 0.351757 0.337564 -1.0149 -0.511118 0.713772 -0.423562 0.5802 -1.28252
58 0.188456 -0.332332 -0.099534 0.0993328 0.102721 0.0562648 0.374441 -0.461378 0.499728 -0.739709 -0.69301 0.130915 0.195029 -0.181568 -0.0969651 0.645998 -0.155145 -0.260052 -0.106919 -0.357241 -0.335076 0.510644 -0.296723 -0.116793 0.386967 0.143426 -0.783379 -0.399493 0.221963 -0.534433 0.653877 -1.24455
57 0.123037 -0.281662 -0.0632194 -0.0399637 -0.0754947 0.0720351 0.433276 -0.507392 0.482753 -0.873667 -0.647791 0.039533 0.3331 -0.214755 -0.169793 0.694208 -0.163818 -0.321765 -0.198032 -0.409436 -0.327363 0.614908 -0.403191 -0.136682 0.503275 0.0599565 -0.7754 -0.393091 0.0313269 -0.610155 0.717991 -1.32793
207 -0.455464 0.639509 -0.254461 0.690639 0.669151 -0.35866 -0.580354 0.207106 -0.526523 -0.0194543 -0.421254 0.021159 -0.265732 0.627647 -0.474016 0.677624 0.43291 0.0940537 0.569172 0.371527 -0.571834 0.638861 -0.0799911 -0.134723 -0.158779 -0.486515 -0.765434 -0.666803 0.56158 -1.05313 0.3639 -0.938443
208 -0.391511 0.565071 -0.244205 0.639616 0.615387 -0.354899 -0.486408 0.134343 -0.458466 0.000574133 -0.322011 0.0180068 -0.222552 0.543231 -0.459802 0.567168 0.356999 0.0312954 0.506453 0.345213 -0.488763 0.510745 -0.103465 -0.122477 -0.104995 -0.398236 -0.669701 -0.600096 0.47173 -0.884185 0.361777 -0.824447
209 -0.470137 0.647785 -0.254276 0.799375 0.777476 -0.563537 -0.553474 0.0834622 -0.425121 -0.0107358 -0.254974 0.0730599 -0.103899 0.674141 -0.576255 0.594626 0.432692 0.00678876 0.654452 0.348901 -0.483864 0.641998 -0.0409398 -0.180694 -0.174108 -0.501018 -0.779869 -0.619648 0.542638 -0.994458 0.641402 -1.00217
210 -0.328831 0.484861 -0.195081 0.821814 0.813809 -0.751097 -0.432263 -0.16655 -0.139173 -0.0659379 -0.102584 0.118904 0.00969628 0.668099 -0.590555 0.47335 0.402417 -0.11056 0.646209 0.215847 -0.427854 0.675599 -0.0400562 -0.174113 -0.159795 -0.417983 -0.751022 -0.392274 0.56064 -1.02457 0.900292 -1.06553
211 -0.257284 0.338322 -0.152588 0.639733 0.67113 -0.706032 -0.320086 -0.237723 0.0234651 -0.0726325 0.0030847 0.11839 0.136812 0.49705 -0.518867 0.315858 0.339431 -0.095321 0.544298 0.139877 -0.244558 0.551355 -0.0286851 -0.148464 -0.151558 -0.294092 -0.601772 -0.250475 0.43835 -0.808122 0.876583 -0.873826
212 -0.262528 0.376828 -0.1581 0.825989 0.86406 -0.895959 -0.36568 -0.368606 0.0739894 -0.150781 -0.0637453 0.131861 0.198675 0.621537 -0.618409 0.390056 0.470495 -0.0738263 0.687748 0.133012 -0.336703 0.656843 -0.0030724 -0.205962 -0.224561 -0.324379 -0.737485 -0.227857 0.475624 -0.954437 1.12205 -1.01975
213 -0.127776 0.220017 -0.0882663 0.845668 0.866866 -1.04816 -0.148674 -0.586246 0.392583 -0.309857 -0.0136311 0.112501 0.417166 0.566753 -0.582593 0.360988 0.503013 -0.104873 0.604757 -0.0298976 -0.26371 0.63327 -0.106045 -0.215385 -0.263842 -0.140752 -0.763418 -0.000476906 0.431351 -0.895384 1.28006 -0.985207
215 -0.0121616 0.145208 -0.0114253 0.683381 0.76594 -0.97809 0.0643004 -0.656213 0.569581 -0.40578 0.047585 0.152999 0.478253 0.48159 -0.461272 0.331082 0.528826 -0.0334982 0.447392 -0.153509 -0.132524 0.55744 -0.228733 -0.198158 -0.309473 0.0443965 -0.782391 0.0725731 0.395218 -0.904686 1.31004 -0.843529
21 -0.320085 -0.0199743 0.501374 -0.363094 -0.281597 -0.0504374 0.317019 -0.202569 0.246042 0.0503418 0.014053 0.0828851 -0.775085 0.456259 0.511206 0.236755 0.129717 0.761179 0.0700739 0.497062 -0.0373024 0.339774 -0.24151 0.127386 -0.246628 -0.288574 -0.686104 -0.176871 0.711475 -1.69155 0.276105 -0.427593
22 -0.324084 0.0383788 0.465318 -0.354081 -0.261911 -0.00924516 0.256032 -0.149989 0.189454 0.0604903 0.0523673 0.0600114 -0.700943 0.401188 0.426408 0.181345 0.110713 0.689582 0.0439647 0.477556 -0.0537241 0.317434 -0.202449 0.102535 -0.240579 -0.290745 -0.590562 -0.170244 0.61431 -1.48525 0.249703 -0.326789
23 -0.301236 0.0393276 0.521872 -0.419458 -0.270543 0.0438285 0.219018 -0.128403 0.187833 0.15177 0.103896 0.033234 -0.818443 0.40634 0.431445 0.203359 0.056197 0.739538 0.0390798 0.513556 -0.0588434 0.355435 -0.217036 0.201295 -0.195492 -0.285553 -0.713217 -0.268494 0.771324 -1.66955 0.314811 -0.353376
251 0.246632 -0.341383 0.013735 0.150334 0.477809 -0.27234 0.20351 -0.697685 0.409238 -0.189184 -0.0698317 0.207308 -0.798855 0.206568 0.445091 0.331324 -0.119386 0.245629 0.720147 -0.280547 0.589284 0.474346 -0.122432 0.12985 0.214724 0.72369 -0.862841 -0.42972 0.834719 -0.732116 -0.118184 -0.991519
252 0.195844 -0.207139 0.0327441 0.172172 0.51574 -0.237334 0.214236 -0.8812 0.507941 -0.267037 0.0389221 0.252553 -0.98923 0.16001 0.395053 0.276513 -0.282273 0.312147 0.86804 -0.266906 0.765727 0.499621 -0.0475568 0.11977 0.203384 0.917461 -0.992349 -0.477398 0.857223 -0.75136 -0.169241 -1.11006
253 0.17368 -0.156917 0.0106548 0.150489 0.468848 -0.212412 0.183238 -0.852393 0.461947 -0.249705 0.0364094 0.229054 -0.895173 0.131803 0.334177 0.25929 -0.312749 0.278473 0.837471 -0.233205 0.713598 0.439196 -0.0426055 0.0537271 0.184435 0.813391 -0.905142 -0.441837 0.771291 -0.638725 -0.147599 -0.986338
254 0.180072 -0.12123 0.0193695 0.179271 0.480613 -0.203747 0.191666 -0.883289 0.508378 -0.317476 0.0374664 0.253668 -1.02681 0.159821 0.278623 0.234605 -0.33524 0.339247 0.842442 -0.259334 0.765629 0.472557 -0.00839527 0.0485372 0.187092 0.918862 -0.954163 -0.509992 0.82924 -0.711775 -0.154811 -1.09355
151 0.718577 0.00345167 -0.12177 0.46156 -0.134401 -0.0232255 0.385056 -0.392027 0.171177 -0.270328 -0.175672 0.33223 -0.3738 -0.131496 0.323222 -0.225709 0.685346 0.199829 0.185648 -0.224633 -0.0409887 0.306537 -0.850227 0.207708 0.727317 0.116462 -0.918772 -0.715759 0.435446 -0.962906 0.534117 -0.370292
150 0.816718 0.00426338 -0.146899 0.511264 -0.194699 -0.0170972 0.451219 -0.378571 0.181194 -0.305769 -0.208062 0.372432 -0.399056 -0.125885 0.350443 -0.262757 0.793537 0.238201 0.172134 -0.241422 -0.0977819 0.339396 -0.991998 0.259308 0.849587 0.169409 -1.02798 -0.811834 0.489027 -1.14441 0.659798 -0.449476
152 0.861692 -0.0129246 -0.125603 0.610857 -0.201327 -0.07697 0.434521 -0.466595 0.261176 -0.320513 -0.164733 0.380974 -0.42412 -0.159696 0.363932 -0.236236 0.810073 0.227694 0.230867 -0.237368 0.0257106 0.37859 -0.9825 0.290358 0.894075 0.0877846 -1.03034 -0.798732 0.575832 -1.08581 0.597775 -0.450094
149 0.65566 -0.131861 -0.00835765 0.343298 0.124028 -0.101856 0.437684 -0.391808 0.234699 -0.368196 -0.229005 0.408744 -0.326005 -0.0790337 0.29258 -0.0987413 0.597585 0.185742 0.145331 -0.163482 -0.194099 0.165537 -0.810645 0.214784 0.692741 0.229724 -0.84996 -0.60608 0.348057 -1.04269 0.637983 -0.475515
187 -0.0929522 -0.496762 -0.0952112 -0.0336857 -0.201854 0.124715 -0.406734 0.432175 0.888353 -0.308669 -0.0852404 0.336053 -0.869935 0.666026 0.0378384 0.0319156 0.0410765 -0.0257143 -0.435768 -0.221916 -0.217996 0.33794 0.226738 -0.0818668 -0.146107 0.416486 -0.80223 -0.397309 0.707824 -0.811794 -0.121922 -0.908566
192 0.271117 -0.301127 -0.265042 0.262262 -0.551263 -0.040693 -0.882352 -0.0402719 0.736476 -0.390888 -0.203709 0.420612 -1.14782 0.774025 -0.313871 0.00596201 0.690175 0.00454929 -0.352812 -0.0935588 -0.555182 0.421526 -0.175755 -0.203559 0.0083952 0.690014 -0.716576 -0.477308 0.686659 -0.899467 -0.266537 -1.26207
231 0.286504 0.403977 0.419275 0.0601425 0.0842748 -0.0569026 0.19129 0.396319 0.0637479 0.110117 0.0788425 -0.655624 -0.54178 -0.12048 -0.0947299 0.339479 0.426391 -0.237616 -0.494248 -0.577077 -0.274978 0.418346 -0.0945246 0.328382 -0.0513728 0.0136489 -0.361742 0.130213 0.284456 -1.60985 0.687923 -1.84739
232 0.333405 0.284225 0.426855 0.0227291 0.120942 -0.0925812 0.133249 0.326184 0.0621839 0.129271 0.0469185 -0.586347 -0.474132 -0.133573 -0.0654101 0.292634 0.337987 -0.168986 -0.439153 -0.576649 -0.320037 0.441378 -0.0645503 0.3287 -0.0106515 -0.0401057 -0.205705 0.0776097 0.201538 -1.39373 0.660325 -1.70539
233 0.435754 0.30004 0.479329 0.0574397 0.162481 -0.251756 0.22654 0.370522 0.122389 0.103838 0.0630799 -0.621623 -0.483913 -0.111625 0.0140856 0.412842 0.342401 -0.105069 -0.391301 -0.65932 -0.413457 0.537559 -0.0456801 0.351858 -0.0223089 -0.145817 -0.229838 -0.0129119 0.201952 -1.51451 0.796579 -1.92201
144 0.378747 0.140486 0.498072 0.389954 1.25393 0.0217509 0.23614 -0.319498 0.611308 -0.450486 -0.395121 0.409059 -0.301976 -0.140255 0.530171 0.0683074 0.393055 0.0763681 0.0251327 0.0121169 -0.666473 -0.372239 -0.885612 0.394502 0.845798 0.352898 -0.929223 -0.202415 0.286885 -1.45258 0.721395 -0.818752
145 0.41375 0.0303003 0.344822 0.31997 1.04127 -0.0246572 0.278102 -0.337156 0.496168 -0.41402 -0.360343 0.391462 -0.277985 -0.128518 0.470373 0.0568223 0.397691 0.0912138 0.00288276 0.0230531 -0.556406 -0.28331 -0.798986 0.27901 0.737632 0.302599 -0.767922 -0.249294 0.211953 -1.19314 0.68981 -0.729619
85 -0.228716 -0.366802 -0.0719769 -0.00327249 -0.367744 -0.190554 0.0778728 0.640978 -0.16742 0.0611808 -0.703826 0.305173 -0.815751 0.401771 0.0696326 0.312158 0.0246476 0.453599 0.847772 -0.543651 0.0436764 -0.0784462 -0.294921 0.553792 -0.0609996 0.196038 -0.713024 -0.112456 -0.0358505 -1.21095 1.03312 -0.797818
84 -0.244671 -0.417018 -0.0918137 0.0218407 -0.311106 -0.252305 0.0393482 0.698686 -0.163734 0.124726 -0.773473 0.368092 -0.977585 0.430386 0.0450643 0.376805 0.0151715 0.511163 0.891077 -0.713616 0.0910679 -0.0720634 -0.311968 0.666127 -0.00478186 0.171498 -0.770605 -0.0725221 -0.0574118 -1.35067 1.168 -0.903708
86 -0.214932 -0.341418 -0.0960398 -0.0042175 -0.467094 -0.169857 0.110967 0.697241 -0.152482 0.0294414 -0.855566 0.281124 -0.882528 0.423124 0.155193 0.346769 0.0175291 0.471261 0.941937 -0.602818 0.0303633 -0.0874676 -0.38488 0.565669 -0.180383 0.116557 -0.77481 -0.154043 -0.129216 -1.32505 1.14172 -0.909675
87 -0.139682 -0.357636 -0.140965 -0.0324539 -0.496301 -0.110025 0.197257 0.611982 -0.13216 -0.0667049 -0.902502 0.241936 -0.798464 0.415391 0.230222 0.344263 0.0766795 0.417879 0.963415 -0.426212 -0.0331771 -0.0576216 -0.397538 0.402601 -0.267443 0.144747 -0.789779 -0.24616 -0.101005 -1.27259 1.12221 -0.966246
89 -0.104735 -0.414775 -0.127753 0.0110918 -0.454236 -0.127237 0.24258 0.583996 -0.0979974 -0.129482 -0.89846 0.260779 -0.772575 0.410323 0.228131 0.364588 0.0643453 0.447425 0.986824 -0.312453 -0.0806575 -0.0862968 -0.415428 0.310455 -0.264854 0.151952 -0.754759 -0.329793 -0.0199217 -1.25098 1.09788 -1.00596
88 -0.0747431 -0.341533 -0.13882 0.00623429 -0.412745 -0.12105 0.205418 0.533604 -0.124116 -0.120705 -0.813821 0.194422 -0.688828 0.365857 0.192218 0.346692 0.0684468 0.407005 0.877708 -0.283502 -0.0995314 -0.0598973 -0.393205 0.270354 -0.250322 0.135529 -0.731395 -0.308786 -0.0227174 -1.1707 0.961778 -0.919398
218 -0.108986 0.39545 -0.166657 0.491935 0.56748 -0.75754 0.252017 -0.461267 0.691831 -0.316158 -0.0515867 0.344843 0.500604 0.602483 -0.54315 0.44949 0.635749 0.209918 0.164666 -0.250505 0.206277 0.506417 -0.598313 -0.0930677 -0.625908 0.329749 -1.10857 -0.202212 0.440465 -1.10572 1.04394 -0.524561
217 -0.0555599 0.239327 -0.111654 0.49403 0.618532 -0.825147 0.169684 -0.547181 0.661299 -0.361441 -0.0507524 0.287573 0.467692 0.521474 -0.456963 0.408117 0.517154 0.119694 0.207687 -0.185676 0.0694403 0.486524 -0.428545 -0.10238 -0.467161 0.192995 -0.944896 -0.118761 0.382478 -0.924876 0.995096 -0.560793
216 -0.00639243 0.197663 -0.0954617 0.590262 0.685148 -0.938127 0.20852 -0.666769 0.774397 -0.396 -0.0519643 0.298426 0.496169 0.558384 -0.470356 0.459468 0.576788 0.11829 0.307575 -0.232514 0.0735483 0.554957 -0.425322 -0.140162 -0.474163 0.222112 -1.00539 -0.0801375 0.458294 -1.03897 1.19899 -0.668527
214 -0.0218343 0.049783 -0.0311937 0.633842 0.750227 -0.869484 -0.00772588 -0.57523 0.427715 -0.332309 0.0345396 0.128625 0.377522 0.425352 -0.394735 0.272412 0.394124 -0.0841907 0.49547 -0.0379614 -0.189197 0.494387 -0.135499 -0.202592 -0.213891 -0.0634913 -0.610059 0.0514464 0.338942 -0.748968 1.11546 -0.827818
44 -0.820594 0.43651 -0.326595 -0.0765999 -0.439203 0.434472 -0.419983 -0.609601 0.0456338 0.466142 0.0739088 0.121535 -0.116223 0.0894566 0.228646 0.703982 0.55939 -0.258121 0.688083 -0.226172 -0.185264 0.0224886 -0.309184 -0.218629 -0.0824234 0.255965 -1.15748 -0.552594 0.497002 -1.79698 0.401371 -0.53437
204 -0.255765 0.516281 -0.288446 0.436359 0.563046 -0.138511 -0.587172 0.253975 -0.833762 -0.198444 -0.831672 0.0358298 -0.48886 0.46073 -0.244601 0.742385 0.550294 0.466755 0.423181 0.265186 -0.858655 0.651209 -0.069586 -0.164037 -0.134535 -0.425568 -0.927257 -0.522953 0.597955 -1.21192 0.0255215 -1.04762
203 -0.0760169 0.282785 -0.30851 0.322978 0.47759 -0.0995326 -0.510838 0.0847706 -0.667091 -0.303839 -0.84319 0.143129 -0.561024 0.332162 -0.206634 0.674371 0.628492 0.516774 0.351347 0.14477 -0.847931 0.588179 -0.076029 -0.143235 -0.0897001 -0.247809 -0.918827 -0.440733 0.536282 -1.16458 -0.0333395 -1.01375
202 0.0683239 0.115561 -0.282085 0.26018 0.442514 -0.128981 -0.455657 -0.00572986 -0.549926 -0.324067 -0.724426 0.191376 -0.478966 0.202646 -0.212698 0.536111 0.612175 0.506935 0.265517 0.152901 -0.822399 0.506786 -0.0328853 -0.0862531 -0.0232512 -0.21387 -0.799224 -0.338351 0.410207 -0.980595 -0.0670507 -0.888547
201 0.203024 0.0733126 -0.411494 0.325699 0.480366 -0.224651 -0.478663 -0.0428861 -0.646193 -0.402946 -0.761628 0.295684 -0.528013 0.162886 -0.354188 0.515479 0.736103 0.620416 0.283516 0.157505 -0.949023 0.554964 0.0441073 -0.0947674 -0.0212536 -0.107919 -0.890571 -0.385223 0.314236 -0.950161 -0.152122 -0.928612
196 0.720212 -0.2864 -0.411683 0.3422 0.118184 -0.386308 -0.581345 -0.324818 0.0515727 -0.614262 -0.400129 0.477678 -0.700848 0.206402 -0.535897 0.219219 0.859915 0.462079 0.0967728 0.11606 -0.824806 0.40645 -0.0107876 -0.0627979 0.0367496 0.323808 -0.652408 -0.292327 0.211852 -0.655208 -0.187762 -0.978174
112 0.159205 -0.608484 -0.217877 0.47156 -0.302693 -0.445627 0.728313 0.51407 -0.0792275 -0.633665 0.445798 0.476899 -0.0748887 0.537038 0.243683 0.0146627 0.17821 -0.259165 -0.120461 0.212517 -0.207589 0.29776 0.307681 0.21314 0.0468854 0.277263 -0.451095 -0.105369 0.723526 -1.39139 0.342918 -0.662668
113 0.203087 -0.731301 -0.286423 0.576878 -0.271483 -0.536422 0.781847 0.560741 -0.115674 -0.72792 0.428085 0.495604 -0.0404422 0.564586 0.262717 0.0252633 0.122875 -0.292397 -0.117144 0.176301 -0.190618 0.354124 0.319824 0.220516 0.071544 0.353612 -0.536411 -0.122579 0.8308 -1.65354 0.387585 -0.816652
114 0.284172 -0.831827 -0.187642 0.525394 -0.183564 -0.521202 0.522626 0.441148 -0.0881936 -0.65999 0.338713 0.477726 0.108633 0.41332 0.280113 -0.0409175 -0.0555256 -0.22943 -0.0951132 0.128526 -0.120241 0.209712 0.232599 0.0803938 0.0928459 0.298561 -0.562471 -0.0441275 0.797289 -1.61764 0.342514 -0.810545
115 0.259004 -0.730184 -0.105049 0.379737 -0.0487858 -0.426752 0.288054 0.291033 -0.0658532 -0.509741 0.199264 0.34323 0.0795119 0.261812 0.241397 0.000151976 -0.133565 -0.119303 -0.011725 0.0491635 -0.0755188 0.135009 0.138621 -0.00534291 0.1047 0.245782 -0.569573 -0.0853703 0.694257 -1.412 0.277947 -0.721513
116 0.281806 -0.856242 -0.100972 0.46856 -0.0737327 -0.471614 0.131437 0.298081 -0.120699 -0.502793 0.155322 0.38173 0.179039 0.139251 0.372176 -0.0503023 -0.310975 -0.170304 -0.00798273 -0.0227509 0.00241055 0.0359352 0.189005 -0.155378 0.135719 0.298899 -0.653269 -0.00737553 0.77791 -1.66156 0.291187 -0.892236
239 0.47254 -0.0304344 0.442299 0.204607 0.300879 -0.609753 0.358995 0.393798 0.0564236 0.529406 -0.252524 -0.728544 -0.405661 -0.0102642 0.370679 0.633547 0.376271 0.351232 -0.0971979 -0.710587 -0.37133 0.3651 -0.129944 0.266851 0.287318 -0.391689 -0.244748 -0.251523 0.772457 -0.977806 0.610397 -1.78384
129 0.536494 -0.357877 -0.398207 -0.0436135 0.463975 -0.37555 -0.242997 -0.501417 0.0880761 -0.620588 0.378551 0.115627 -0.774641 -0.0566229 0.149781 0.493681 -0.199088 -0.190326 0.575978 0.474017 0.480832 -0.333044 -0.459072 -0.377312 -0.0997507 -0.0820051 -0.65373 -0.233166 0.535264 -0.858063 0.621861 -1.31277
128 0.500133 -0.544765 -0.528747 -0.162647 0.372978 -0.416188 -0.26008 -0.55098 0.081211 -0.735653 0.430946 0.0710827 -0.703585 -0.199697 0.0907569 0.374348 -0.329032 -0.148935 0.826463 0.540517 0.605899 -0.249175 -0.347458 -0.53016 -0.0731198 -0.0748018 -0.7168 -0.212285 0.69738 -1.03337 0.56955 -1.27569
3 0.501017 0.147383 0.187832 -0.150914 0.319613 -0.264694 0.619116 -0.542868 -0.329052 -0.556903 -0.227232 -0.414277 -1.35743 0.482017 0.10213 0.610658 0.215003 -0.225244 0.431033 -0.664278 -0.19898 0.772866 0.172463 -0.687472 -0.100991 0.629158 -0.296963 -0.307324 0.676846 -1.44587 0.98598 0.136448
5 0.616556 0.0508362 0.258942 -0.256752 0.257825 -0.221813 0.715908 -0.668281 -0.31154 -0.613876 -0.207652 -0.261166 -1.36996 0.530295 0.112832 0.656733 0.36423 -0.181817 0.467117 -0.728329 -0.178857 0.660779 0.126942 -0.554882 -0.116424 0.639679 -0.296186 -0.346144 0.703129 -1.40299 1.08123 0.227643
6 0.627219 -0.0734205 0.282164 -0.319455 0.205301 -0.227986 0.788039 -0.632417 -0.145458 -0.62324 -0.241295 -0.0235405 -1.19785 0.455518 0.137782 0.722521 0.405996 -0.106862 0.46806 -0.703871 -0.0914391 0.475172 0.0519035 -0.420565 -0.130097 0.534644 -0.290143 -0.230179 0.678436 -1.23576 0.964163 0.233267
8 0.656889 -0.201768 0.314614 -0.311109 0.146041 -0.262699 0.788188 -0.689888 0.0267008 -0.669304 -0.23212 0.17801 -1.04775 0.404209 0.211025 0.755866 0.535183 -0.0700259 0.449663 -0.648944 -0.0224265 0.360611 0.00772559 -0.306843 -0.164751 0.4182 -0.274632 -0.129175 0.588201 -1.0506 0.899654 0.120152
9 0.585751 -0.37956 0.393796 -0.290538 0.00525332 -0.27365 0.8635 -0.730857 0.313737 -0.701843 -0.305063 0.473632 -0.980137 0.398048 0.331641 0.857333 0.735446 -0.0524753 0.467461 -0.44211 0.067539 0.268779 -0.168521 -0.269348 -0.233335 0.245026 -0.282494 0.0283593 0.424622 -1.06639 0.751649 -0.223366
11 0.61177 -0.455237 0.457636 -0.285398 -0.104777 -0.367106 0.939657 -0.845842 0.580041 -0.751974 -0.386558 0.712823 -0.963985 0.450931 0.459684 0.967656 0.8946 -0.00596588 0.557281 -0.379573 0.116116 0.254657 -0.241069 -0.283697 -0.283404 0.107437 -0.358848 0.123547 0.363622 -1.14539 0.752023 -0.401809
178 0.507855 -0.409286 0.550605 -0.204532 0.234938 -0.632877 -0.047153 0.024455 -0.00845011 -0.375715 0.755836 0.906673 -0.470265 0.591838 0.529319 0.688627 0.241433 0.240313 0.343938 0.215846 -0.70836 0.0337583 0.0138524 -0.131065 -0.307642 -0.115267 -0.820604 -0.729069 0.402026 -0.693685 0.865245 -0.704534
136 0.0298276 0.294106 0.3466 0.379311 0.560605 0.110687 -0.272847 -0.0567626 0.154605 -0.209852 0.382364 0.428872 -0.840307 0.259412 0.499318 0.22303 0.18531 -0.233766 0.0514248 0.285082 0.0674858 -0.343846 -0.85941 -0.0131493 0.432671 -0.0175973 -0.731665 -0.0128606 0.444111 -0.697763 0.636512 -1.30916
133 0.353324 -0.0672447 0.0880388 0.261822 0.573401 -0.157952 -0.343313 -0.18692 -0.0893203 -0.284616 0.570207 0.331488 -0.964273 0.150479 0.50828 0.560186 0.0421591 -0.351022 0.0673298 0.384386 0.259672 -0.487166 -0.837165 -0.0616908 0.100421 -0.0649179 -0.751604 -0.0920575 0.477943 -0.688286 0.670183 -1.42935
193 0.431429 -0.262638 -0.324788 0.264324 -0.417786 -0.155701 -0.855208 -0.142084 0.601853 -0.471834 -0.172407 0.413964 -1.03051 0.6605 -0.373833 0.0186144 0.730766 0.0954956 -0.274564 -0.00514519 -0.563767 0.357295 -0.132269 -0.154408 -0.00962624 0.633698 -0.606816 -0.457168 0.561887 -0.742444 -0.247491 -1.15913
153 0.902599 0.112631 -0.198 0.70092 -0.302684 -0.0221588 0.336436 -0.517664 0.256384 -0.214508 -0.132349 0.326197 -0.46993 -0.229677 0.341086 -0.166103 0.892347 0.215988 0.251701 -0.20583 0.177813 0.50773 -0.930454 0.204107 0.948539 -0.044389 -1.00635 -0.786328 0.807998 -1.0944 0.533966 -0.576059
155 0.954548 0.147724 -0.193415 0.689332 -0.372493 -0.0990969 0.292274 -0.557147 0.200979 -0.15481 -0.0894439 0.443317 -0.472561 -0.268332 0.313047 -0.165483 0.990275 0.217549 0.267464 -0.207354 0.280902 0.560952 -0.869798 0.167916 1.02806 -0.133088 -0.927335 -0.738554 0.863638 -1.04582 0.564178 -0.565706
157 0.569687 0.0771833 -0.0771974 0.271409 -0.255332 -0.0393539 0.0892859 -0.461979 0.0774279 0.00742513 -0.0925499 0.483558 -0.400321 -0.165027 0.143831 -0.0387304 0.692299 0.140003 0.245606 -0.114544 0.319033 0.440837 -0.449779 -0.0481958 0.772683 -0.146954 -0.467215 -0.359259 0.749382 -0.777776 0.446072 -0.592878
154 0.813676 0.127644 -0.120566 0.629672 -0.216271 -0.0317897 0.302695 -0.504071 0.215781 -0.169083 -0.0992471 0.32003 -0.370455 -0.266125 0.312936 -0.162809 0.792687 0.181434 0.242338 -0.157314 0.23344 0.396325 -0.848331 0.210919 0.875415 -0.0587925 -0.784849 -0.604239 0.657741 -0.851891 0.439796 -0.470857
205 -0.30821 0.457775 -0.226468 0.386979 0.457813 -0.105956 -0.517742 0.235928 -0.656652 -0.141061 -0.704096 0.0390652 -0.385318 0.455334 -0.213371 0.63003 0.447412 0.378018 0.398506 0.274296 -0.696517 0.529524 -0.109363 -0.149863 -0.109112 -0.353458 -0.785924 -0.507926 0.537982 -1.05927 0.0396475 -0.881071
206 -0.361625 0.549918 -0.250434 0.544403 0.584556 -0.214061 -0.606322 0.251966 -0.735638 -0.127939 -0.672855 0.011433 -0.381903 0.554452 -0.29572 0.693225 0.472172 0.33468 0.460612 0.293337 -0.756562 0.630548 -0.0751333 -0.122872 -0.128047 -0.471766 -0.839101 -0.596112 0.616453 -1.15848 0.126407 -0.990912
249 0.307208 -0.497735 0.0768975 0.136502 0.419745 -0.239747 0.155214 -0.452896 0.242396 0.0551203 -0.288747 0.0536577 -0.655583 0.190175 0.571815 0.384867 0.0644928 0.243634 0.406323 -0.38247 0.416099 0.351721 -0.202163 0.287412 0.368864 0.617803 -0.728494 -0.378665 0.816263 -0.736654 -0.0375254 -0.985915
250 0.24548 -0.368956 0.0190192 0.141952 0.344785 -0.247083 0.146921 -0.42081 0.271481 -0.157753 -0.202194 0.145162 -0.607258 0.171715 0.338755 0.373355 0.0413254 0.159576 0.42931 -0.230874 0.263047 0.324361 -0.175605 0.105054 0.241512 0.470756 -0.744069 -0.370827 0.706567 -0.837985 0.138261 -0.905915
67 0.287397 -0.201665 -0.137955 0.465242 0.353589 0.0166506 0.359859 -0.657536 0.374417 -0.00583767 -0.878946 -0.11852 -0.114959 0.198158 0.280503 0.806007 -0.379496 0.0889312 -0.516583 -0.383719 -0.410414 0.252238 -0.00183972 -0.762739 -0.141202 0.36205 -1.02924 -0.72712 0.893016 -0.731868 0.610733 -0.739382
68 0.303418 -0.238117 -0.109189 0.466396 0.429582 -0.0185363 0.421121 -0.675236 0.401904 -0.0688594 -0.934318 -0.117482 -0.148248 0.188456 0.293834 0.825881 -0.386959 0.0894504 -0.514182 -0.401908 -0.415393 0.28712 -0.0613346 -0.74868 -0.0891433 0.405483 -1.08363 -0.735829 0.939769 -0.810721 0.648573 -0.809274
66 0.352754 -0.260374 -0.193696 0.563814 0.496956 0.0514775 0.41605 -0.757729 0.502605 -0.0330996 -1.02926 -0.112929 -0.0638933 0.200461 0.314669 0.974371 -0.449959 0.0135173 -0.553132 -0.464141 -0.501692 0.33943 0.00349394 -0.824527 -0.114665 0.383531 -1.18642 -0.797648 1.06352 -0.806177 0.684266 -0.884777
65 0.338133 -0.25652 -0.291847 0.667165 0.564381 0.184401 0.358307 -0.680361 0.581155 -0.169934 -0.988221 -0.00136903 0.0182076 0.0980422 0.232845 0.911826 -0.349472 -0.196383 -0.418425 -0.552405 -0.490746 0.348271 0.0240332 -0.667977 0.0759199 0.429388 -1.148 -0.735127 1.02221 -0.681485 0.575173 -1.00864
64 0.342316 -0.229488 -0.293149 0.621916 0.515559 0.1241 0.28513 -0.582608 0.504564 -0.179554 -0.786596 0.0279255 0.13601 0.034777 0.147527 0.741242 -0.287032 -0.237984 -0.295211 -0.44232 -0.414614 0.291588 -0.000530156 -0.5191 0.0625125 0.341828 -0.945789 -0.558976 0.856337 -0.475173 0.397398 -0.84625
63 0.33933 -0.267814 -0.345856 0.700071 0.593617 0.256733 0.256806 -0.576932 0.623239 -0.244864 -0.956888 0.141388 0.121509 -0.0202582 0.140883 0.865167 -0.269716 -0.35261 -0.294019 -0.526698 -0.513834 0.340264 0.00807404 -0.470331 0.168938 0.401554 -1.10465 -0.639112 0.991286 -0.594081 0.524128 -1.10764
62 0.399833 -0.276426 -0.392832 0.672858 0.588376 0.329416 0.229505 -0.522855 0.700849 -0.374221 -0.967864 0.250931 0.167173 -0.0815974 0.077376 0.809106 -0.213333 -0.451609 -0.169354 -0.538167 -0.523335 0.355167 -0.0409548 -0.343921 0.268189 0.378063 -1.07086 -0.578442 0.905112 -0.515092 0.516146 -1.23483
61 0.341673 -0.28261 -0.299458 0.538237 0.484061 0.28398 0.183548 -0.446124 0.586585 -0.332495 -0.788537 0.161364 0.158887 -0.0945278 0.0725463 0.592172 -0.207026 -0.36488 -0.154415 -0.417452 -0.446562 0.252452 -0.0287598 -0.235001 0.202434 0.333446 -0.905847 -0.469972 0.696003 -0.373452 0.397986 -0.952382
285 0.541273 -0.97599 0.287802 0.0953444 0.599269 -0.448819 0.750721 -0.59881 -0.0791318 -0.438339 -0.198077 -0.286208 0.122038 0.416447 -0.245918 0.200037 -0.0959994 -0.118463 0.215045 0.197845 -0.284876 0.228612 -0.818942 -0.179476 0.0310819 -0.131415 -1.41871 -0.47973 0.892825 -1.23867 0.23128 -0.976911
284 0.434639 -0.879977 0.223471 -0.0142987 0.573731 -0.452216 0.591045 -0.455731 0.0404778 -0.479062 -0.172882 -0.23115 0.0575435 0.390452 -0.150663 0.219256 -0.0427269 -0.08022 0.196317 0.139893 -0.2368 0.228567 -0.602402 -0.146389 0.0314347 -0.125685 -1.1976 -0.418781 0.765029 -1.03765 0.261343 -0.825123
283 0.34541 -0.693809 0.13577 -0.041848 0.533287 -0.393978 0.429257 -0.321574 0.15653 -0.454125 -0.180648 -0.117003 -0.109708 0.328276 -0.0669589 0.270758 0.0233497 -0.0300558 0.198945 0.0312958 -0.189682 0.249782 -0.437547 -0.0391614 0.0856668 -0.0543411 -1.03366 -0.35807 0.687308 -0.977422 0.334472 -0.770378
127 0.378404 -0.527619 -0.498353 -0.209966 0.258108 -0.322822 -0.198878 -0.498659 0.131204 -0.682937 0.354576 0.0641577 -0.56556 -0.278008 0.0566365 0.266159 -0.326629 -0.0356931 0.846588 0.450832 0.563012 -0.120973 -0.201408 -0.541138 -0.029201 -0.00329225 -0.669785 -0.250723 0.697982 -1.01899 0.467109 -1.1494
126 0.361161 -0.691318 -0.591904 -0.205979 0.211519 -0.38358 -0.249879 -0.539478 0.127361 -0.771796 0.423151 0.0872654 -0.583417 -0.442181 0.156994 0.202172 -0.401903 -0.0396299 1.04193 0.555825 0.615355 -0.0650606 -0.135964 -0.688506 0.0310863 -0.000971379 -0.767218 -0.272311 0.901865 -1.28491 0.458598 -1.27219
73 0.112337 -0.42648 0.100815 0.137449 0.250159 -0.18675 0.20794 0.0872239 0.0789469 -0.0562959 -0.140602 0.170222 -0.517154 0.346766 0.0141014 0.402353 0.146579 0.312965 0.498775 -0.191271 -0.129816 0.173107 -0.235386 0.156747 0.381451 0.436694 -0.869571 -0.397168 0.607572 -1.24544 0.655451 -0.856192
221 -0.103876 0.534488 -0.301178 0.270366 0.40702 -0.384475 0.496376 -0.0348065 0.359503 -0.0456175 -0.0113682 0.305297 0.259965 0.532008 -0.667974 0.51621 0.700019 0.204561 -0.0290286 -0.345137 0.39241 0.382141 -0.779016 0.0146681 -0.695562 0.407932 -1.28312 -0.379664 0.469864 -1.24213 0.548303 -0.481082
220 -0.121623 0.449408 -0.230926 0.268081 0.316533 -0.395213 0.312001 -0.191054 0.413119 -0.112806 -0.0449031 0.291928 0.271707 0.466318 -0.479242 0.428293 0.545074 0.207336 0.0238229 -0.258275 0.291595 0.356256 -0.620577 -0.0402619 -0.590581 0.323921 -1.03256 -0.32432 0.351832 -0.99674 0.557689 -0.348677
219 -0.162197 0.511503 -0.256049 0.363827 0.450097 -0.579926 0.363568 -0.287533 0.581359 -0.160187 -0.0269247 0.340932 0.454035 0.571481 -0.625782 0.496229 0.657397 0.220095 0.0111645 -0.344667 0.338818 0.465598 -0.708015 -0.0271754 -0.748243 0.371798 -1.2386 -0.31227 0.39413 -1.16921 0.742937 -0.439056
52 -0.201892 0.030441 0.00476056 -0.437459 -0.541135 -0.174439 0.25257 -0.436532 -0.0303785 -0.724609 0.0291025 -0.206642 0.183839 -0.0670712 -0.302514 0.558544 0.0507324 -0.308413 -0.019252 -0.231333 -0.125355 0.592472 -0.656931 -0.0234161 0.591435 -0.0982482 -0.623683 -0.2147 -0.31714 -1.38796 0.620102 -1.18125
53 -0.177835 -0.0437324 -0.00160496 -0.53967 -0.623087 -0.175059 0.355171 -0.517876 0.0325335 -0.942134 -0.0935343 -0.222805 0.253373 -0.113619 -0.371152 0.674835 0.000757292 -0.366764 -0.0501424 -0.317931 -0.134332 0.75915 -0.770521 -0.0687708 0.745673 -0.111282 -0.696795 -0.27294 -0.390185 -1.46792 0.764738 -1.39288
54 -0.0911212 -0.178491 0.0222309 -0.467962 -0.503988 -0.223377 0.388689 -0.506501 0.202195 -1.01708 -0.237954 -0.166516 0.228806 -0.0968799 -0.352114 0.645107 -0.0613342 -0.323109 -0.0736807 -0.329442 -0.160371 0.76609 -0.688215 -0.0806138 0.739212 -0.0711685 -0.729465 -0.302037 -0.284938 -1.27843 0.825741 -1.47571
10 0.526427 -0.37488 0.373774 -0.286438 -0.0585769 -0.301 0.83543 -0.724298 0.448447 -0.675572 -0.310762 0.567493 -0.858521 0.36649 0.36799 0.833886 0.757863 0.013529 0.438796 -0.381818 0.127859 0.209077 -0.14057 -0.279714 -0.238347 0.129141 -0.233963 0.0805611 0.287434 -0.907409 0.658929 -0.271921
7 0.558451 -0.12622 0.276081 -0.27154 0.201603 -0.219838 0.634822 -0.565956 -0.0465535 -0.579811 -0.209423 0.0415886 -1.00346 0.374276 0.173667 0.619586 0.395766 -0.103618 0.375458 -0.592867 -0.0695403 0.397292 0.051051 -0.295755 -0.132024 0.385946 -0.242447 -0.142321 0.53437 -0.954633 0.77273 0.158487
263 -0.0943623 -0.701265 -0.0218013 -0.0416635 0.323363 -0.125664 0.103907 -0.628559 0.424671 -0.32458 -0.595639 0.508926 -0.680048 0.0157814 -0.327399 0.161931 0.0771214 0.253279 0.162459 0.0526796 0.240593 -0.00601833 0.104594 -0.172161 0.243288 0.0688949 -0.415274 -0.802231 0.322503 -1.28972 0.57113 -1.07946
262 -0.0156634 -0.538936 -0.00039408 0.00722304 0.297671 -0.184146 0.165892 -0.479763 0.361578 -0.330682 -0.467249 0.393017 -0.620273 0.111757 -0.204893 0.21643 0.0760689 0.205457 0.223819 -0.00529643 0.14591 0.0678248 -2.41334e-05 -0.10856 0.208706 0.152751 -0.534621 -0.642991 0.405389 -1.21139 0.532144 -0.987899
261 -0.0339217 -0.35194 0.0266027 0.138474 0.291686 -0.249223 0.303877 -0.707522 0.507186 -0.596644 -0.355776 0.449072 -0.785762 0.133171 -0.270007 0.17595 -0.173777 0.341052 0.200066 -0.0316628 0.391613 0.0540264 0.0204795 -0.0935197 0.284295 0.502266 -0.630335 -0.820159 0.33577 -0.990949 0.360276 -1.02984
260 -0.0290434 -0.238771 0.0411878 0.18712 0.27559 -0.272981 0.378029 -0.809993 0.564632 -0.746313 -0.261901 0.448897 -0.910227 0.15368 -0.330837 0.108182 -0.327594 0.438189 0.207144 -0.0356146 0.536069 0.0344672 0.00122793 -0.071063 0.299945 0.704014 -0.728958 -0.891938 0.317514 -0.905408 0.211325 -1.07077
118 0.305659 -0.862394 0.0875009 0.371975 -0.051625 -0.464157 -0.211912 0.229505 -0.258323 -0.384898 -0.0169317 0.333653 0.220294 -0.0729427 0.510762 -0.101687 -0.558839 -0.0873082 0.120346 -0.135012 0.151864 -0.142583 0.137472 -0.395732 0.212645 0.375862 -0.85726 0.159586 0.775158 -1.73597 0.315298 -1.02795
109 0.239605 -0.425104 -0.33054 0.159455 -0.280025 -0.49038 0.860329 0.624809 -0.130132 -0.728583 0.109685 0.519795 -0.202566 0.676604 0.00527849 0.247535 0.21243 -0.0534676 0.0143934 0.37255 -0.0747782 0.364506 0.587094 0.313034 0.0314622 0.269327 -0.419687 -0.187035 0.764254 -1.20274 0.526293 -0.879683
110 0.252715 -0.443539 -0.316701 0.306193 -0.271571 -0.536201 0.967571 0.665772 -0.163676 -0.813774 0.285068 0.569092 -0.21876 0.755668 0.0922044 0.206097 0.297705 -0.163905 -0.0768735 0.381181 -0.183131 0.423426 0.550791 0.361245 0.059795 0.328308 -0.528334 -0.201054 0.857276 -1.41081 0.516858 -0.942533
13 0.505238 -0.497779 0.362313 -0.0952089 -0.11715 -0.361132 0.717262 -0.840265 0.744573 -0.545216 -0.448542 0.838977 -0.739205 0.517617 0.556528 0.920009 0.851906 0.0716181 0.506221 -0.10647 0.0801766 0.201171 -0.233916 -0.354698 -0.501089 -0.0488431 -0.318058 0.252848 0.221497 -1.00101 0.505672 -0.585891
146 0.434729 0.0508416 0.361543 0.339225 1.13381 -0.0173627 0.271772 -0.368113 0.533989 -0.427183 -0.384304 0.408025 -0.297095 -0.134218 0.49981 0.0741864 0.407145 0.0999174 0.0161046 0.030631 -0.586222 -0.321723 -0.825036 0.321012 0.760128 0.363162 -0.847881 -0.244211 0.252092 -1.30793 0.712971 -0.783669
97 -0.145455 -0.758281 -0.618476 0.0891961 0.00121259 -0.587631 0.54575 0.426188 -0.00831054 -0.470819 -0.892322 0.340748 -0.319568 0.273959 -0.257138 0.70649 -0.0781701 0.202185 1.00288 0.486389 -0.195655 0.20772 -0.539233 -0.364401 0.384323 0.376216 -0.202484 -0.718182 0.944466 -0.696457 0.937797 -0.798601
171 0.32828 -0.38334 0.285099 0.00574767 0.35152 -0.171351 0.0874547 -0.174249 0.483663 -0.835139 -0.0953725 1.05734 -0.58657 0.26354 -0.0258198 0.767011 0.214467 -0.477588 0.68163 0.576034 -0.977538 0.458513 -0.529704 0.293248 -0.00436498 0.287354 -0.0211438 -0.228034 0.324845 -0.951748 0.403885 -0.949016
173 0.360052 -0.358955 0.357172 0.0405823 0.254541 -0.309438 0.0859775 -0.0702262 0.412532 -0.729857 0.116726 1.00503 -0.567859 0.343937 0.0833285 0.78948 0.21217 -0.246689 0.584354 0.485738 -0.945058 0.399932 -0.412288 0.234668 -0.115442 0.221395 -0.156969 -0.355988 0.328367 -0.849875 0.47774 -0.857628
37 0.236002 -0.702125 -0.0998963 -0.00631658 -0.71908 0.136695 0.0856757 -0.867902 1.02061 0.435118 -0.176632 -0.164715 -0.276512 0.431268 -0.375615 0.989251 0.503205 0.0891433 0.446961 0.187131 -0.190339 0.266261 0.2399 -0.16441 0.207289 -0.368961 -0.725088 -0.811526 0.190017 -1.38562 0.400923 -0.387457
286 0.491339 -0.917668 0.289395 0.0889047 0.490139 -0.378918 0.728803 -0.577717 -0.132202 -0.337006 -0.146404 -0.280342 0.168441 0.395631 -0.267716 0.125564 -0.105807 -0.128347 0.181188 0.241669 -0.255856 0.165385 -0.813978 -0.193468 -0.015471 -0.139696 -1.30935 -0.463729 0.820458 -1.13083 0.203736 -0.921112
172 0.273059 -0.314672 0.272189 0.0668467 0.29449 -0.175005 0.122056 -0.142493 0.458866 -0.700363 -0.0721297 0.878727 -0.550808 0.258677 -0.00518209 0.711382 0.199367 -0.341908 0.546122 0.464843 -0.829662 0.385567 -0.456519 0.229774 -0.0156197 0.270528 -0.0557703 -0.232842 0.330193 -0.842726 0.367246 -0.848618
91 -0.0587648 -0.537715 -0.154949 0.14968 -0.125774 -0.271972 0.420647 0.234611 -0.0685564 -0.330132 -0.637227 0.219527 -0.515366 0.352568 -0.034071 0.41985 0.0104992 0.259155 0.844866 0.117683 -0.0747935 0.0640344 -0.426073 -0.0601226 0.11991 0.37594 -0.574179 -0.528905 0.42354 -0.840423 0.818875 -0.895071
92 -0.155127 -0.649226 -0.235716 0.198747 -0.171925 -0.287518 0.580302 0.355215 -0.142537 -0.384045 -0.830944 0.226121 -0.561562 0.385391 -0.0878242 0.506791 -0.0631292 0.249313 1.06594 0.264667 -0.0657645 0.0748238 -0.605602 -0.161699 0.165167 0.541414 -0.553676 -0.692145 0.527307 -0.760509 0.94048 -1.00505
90 -0.119717 -0.559531 -0.167889 0.121719 -0.270545 -0.250604 0.417573 0.445779 -0.1108 -0.279398 -0.806678 0.244431 -0.573458 0.386426 0.0144579 0.411082 -0.0199346 0.326114 0.978533 0.0302665 -0.0605962 -0.00236648 -0.467569 0.0539178 0.00721174 0.373634 -0.551708 -0.479617 0.239804 -0.83509 0.943317 -0.878152
244 0.41562 -0.593727 0.155291 -0.0181548 0.301506 -0.0971694 -0.0288231 0.15365 -0.0955477 0.854114 -0.63934 -0.288183 -0.457311 0.106895 0.786236 0.542676 0.5986 0.364765 0.0312607 -0.631285 0.100205 0.132304 -0.371341 0.318211 0.691288 0.298879 -0.655895 -0.370754 1.16234 -0.907053 0.119097 -1.13402
282 0.344585 -0.968536 0.180937 -0.315439 0.848197 -0.579706 0.408059 -0.260519 0.405149 -0.804323 -0.183551 -0.313009 -0.0972959 0.367167 0.0306524 0.312256 0.00446433 -0.0219593 0.147304 -0.152565 -0.173669 0.359833 -0.265902 0.0722645 0.133528 -0.147286 -1.16559 -0.253847 0.667984 -0.801283 0.358434 -0.598201
281 0.241725 -0.885511 0.137512 -0.429881 0.904169 -0.66161 0.253782 -0.17642 0.654967 -0.956688 -0.246122 -0.235393 -0.245676 0.321684 0.158445 0.320209 0.0683472 0.0246664 0.14528 -0.346634 -0.0619618 0.464966 -0.0153603 0.101248 0.257523 -0.124585 -1.17361 -0.173858 0.641921 -0.772095 0.541196 -0.598939
280 0.230008 -0.793608 0.139302 -0.437852 0.844657 -0.611011 0.227722 -0.150616 0.585714 -0.837555 -0.149812 -0.245063 -0.207162 0.290885 0.13902 0.296879 0.0614184 0.0116424 0.135682 -0.276738 -0.0351886 0.427879 -0.0314138 0.0850596 0.229378 -0.125852 -1.08083 -0.153764 0.614291 -0.677519 0.46854 -0.534053
279 0.196099 -0.80787 0.198349 -0.539536 0.911744 -0.660917 0.221205 -0.141771 0.669199 -0.935387 -0.213131 -0.225598 -0.329389 0.295469 0.238129 0.330121 0.0928623 0.0592679 0.154145 -0.384616 0.0135241 0.495546 0.0154269 0.0701862 0.31202 -0.105182 -1.25904 -0.124946 0.703057 -0.808663 0.557641 -0.578353
56 0.0607747 -0.266599 -0.0243822 -0.337111 -0.34473 -0.124221 0.414506 -0.501185 0.328941 -0.96916 -0.406214 -0.126388 0.235348 -0.138198 -0.285083 0.65526 -0.0994981 -0.286964 -0.135031 -0.360485 -0.178305 0.69018 -0.588438 -0.081797 0.651965 -0.0140972 -0.70679 -0.303552 -0.154568 -0.97208 0.752443 -1.3997
147 0.475067 -0.076646 0.219719 0.29946 0.800625 -0.113567 0.35617 -0.362309 0.407432 -0.442616 -0.342427 0.400985 -0.292847 -0.070492 0.380192 0.0439102 0.430898 0.116138 0.0507139 -0.0236094 -0.467966 -0.145471 -0.752865 0.249825 0.651719 0.316394 -0.738125 -0.355195 0.22041 -1.12385 0.688686 -0.660294
148 0.510875 -0.117929 0.0953337 0.308441 0.48561 -0.126603 0.352493 -0.33183 0.316815 -0.395675 -0.25719 0.380592 -0.310025 -0.0565388 0.292025 0.0243076 0.448037 0.118657 0.101799 -0.0739023 -0.305754 0.00438491 -0.71445 0.19287 0.597672 0.228093 -0.759559 -0.389851 0.282697 -1.03348 0.638272 -0.603879
278 0.0813011 -0.70856 0.272848 -0.698553 0.949409 -0.698882 0.169877 -0.080518 0.762566 -0.956918 -0.167242 -0.182996 -0.444072 0.311398 0.33526 0.240115 0.136447 0.0893889 0.194535 -0.505759 0.229183 0.529326 0.173447 0.0258294 0.400562 -0.176452 -1.44312 -0.0425124 0.829939 -0.868994 0.735278 -0.555646
181 0.373641 -0.577687 0.445158 -0.0186019 0.191822 -0.539433 0.0358833 0.0758518 0.414612 -0.537057 0.464034 0.507998 -0.689628 0.565158 0.419866 0.519473 -0.0460406 0.164294 -0.013997 -0.0250938 -0.364893 0.0947919 0.332413 -0.0647808 -0.411029 -0.15933 -0.782493 -0.749148 0.495414 -0.51483 0.573286 -0.845533
274 0.0111638 -0.687269 0.130073 -0.540256 0.790001 -0.623576 0.121892 -0.179395 0.593347 -0.620929 -0.409114 0.042449 -0.468711 0.0885219 0.125945 0.024051 0.200507 0.110865 0.229635 -0.391131 0.251055 0.244472 0.188175 -0.0633892 0.285794 -0.287028 -0.94654 -0.0102141 0.626971 -0.911174 0.652382 -0.466826
275 0.00550213 -0.672249 0.187414 -0.684632 0.936086 -0.715054 0.141378 -0.115224 0.738505 -0.775328 -0.341756 0.0090327 -0.569122 0.176721 0.266789 0.0947199 0.206373 0.120273 0.249248 -0.513247 0.345051 0.393471 0.23498 -0.0239675 0.396143 -0.286911 -1.27867 0.0193405 0.795626 -1.02984 0.80161 -0.536969
273 0.00462218 -0.902721 0.0413031 -0.585817 0.936244 -0.689467 0.182173 -0.306225 0.632686 -0.55156 -0.601383 0.165758 -0.641471 0.0438656 0.0882362 -0.00357319 0.320374 0.130704 0.257333 -0.408786 0.283345 0.169894 0.23616 -0.0461417 0.287578 -0.419671 -0.956242 -0.0966904 0.695546 -1.14911 0.772335 -0.570157
276 0.0150466 -0.686218 0.279169 -0.793787 0.966653 -0.755188 0.154869 -0.0832364 0.841833 -0.950473 -0.243625 -0.132837 -0.560983 0.300682 0.355613 0.182592 0.186289 0.146317 0.261752 -0.625667 0.357937 0.568064 0.251836 -0.00960681 0.387185 -0.201668 -1.50152 0.0318286 0.880995 -0.96005 0.824803 -0.5683
277 0.0211242 -0.626333 0.280318 -0.723782 0.882893 -0.70763 0.160198 -0.0711546 0.74696 -0.895291 -0.155876 -0.0933405 -0.427988 0.257343 0.362796 0.155097 0.0991328 0.133762 0.184917 -0.543502 0.336716 0.463236 0.27778 -0.00950999 0.392088 -0.185449 -1.36915 -0.00227984 0.796276 -0.751698 0.746673 -0.492703
55 0.0281005 -0.265596 0.050741 -0.459854 -0.407232 -0.146265 0.416684 -0.420506 0.211638 -0.966868 -0.320481 -0.152091 0.167785 -0.113769 -0.309369 0.576303 -0.0961133 -0.307614 -0.111251 -0.284744 -0.152995 0.70708 -0.624201 -0.0746456 0.709357 -0.0777537 -0.577923 -0.242913 -0.2275 -1.01324 0.710434 -1.29056
4 0.482241 0.164938 0.206747 -0.131666 0.30274 -0.257766 0.556609 -0.53337 -0.345827 -0.493658 -0.186516 -0.378425 -1.26137 0.48965 0.0807421 0.557813 0.216155 -0.163054 0.401434 -0.64541 -0.189423 0.676703 0.142287 -0.621707 -0.0999837 0.608003 -0.28699 -0.325912 0.614928 -1.28335 0.935992 0.21381
82 -0.237853 -0.38744 -0.0379685 0.060364 -0.167616 -0.316231 -0.00317187 0.606006 -0.12147 0.20741 -0.569004 0.356393 -0.895563 0.47774 -0.117994 0.376332 0.0148699 0.524778 0.760206 -0.723025 0.155749 -0.0366716 -0.258468 0.723886 0.222106 0.214209 -0.708903 -0.0847406 0.101444 -1.28687 1.0358 -0.68345
83 -0.274543 -0.392904 -0.0486528 0.0623889 -0.243597 -0.330758 -0.0143932 0.698663 -0.138689 0.222081 -0.64567 0.375881 -0.936005 0.506359 -0.0929907 0.382476 0.0121851 0.539771 0.865522 -0.79585 0.163936 -0.0335532 -0.25562 0.806832 0.151036 0.23827 -0.796505 -0.0707435 0.0306323 -1.37583 1.13699 -0.742768
111 0.176304 -0.591606 -0.31266 0.469857 -0.36641 -0.522518 0.882835 0.633514 -0.163346 -0.77709 0.43542 0.538024 -0.0534591 0.656756 0.157702 0.0462481 0.244505 -0.276497 -0.145586 0.290702 -0.178021 0.411179 0.423666 0.287512 0.044567 0.370065 -0.489929 -0.141582 0.834649 -1.56102 0.429756 -0.839078
69 0.30426 -0.319186 -0.0642234 0.320357 0.333433 -0.101757 0.336766 -0.54817 0.330468 -0.129288 -0.738118 -0.0604399 -0.17051 0.197752 0.207447 0.596095 -0.266908 0.0841087 -0.258527 -0.275143 -0.305476 0.218332 -0.0873798 -0.521346 -0.0418047 0.29868 -0.844444 -0.557816 0.670406 -0.74698 0.575256 -0.680782
