300 32
244 0.11954 0.619042 -0.204039 0.0673884 0.192707 0.2157 -0.259287 0.581348 0.116863 0.148404 -0.778799 0.481808 -0.479874 0.333453 -1.12107 0.00373711 0.0381366 0.86837 -0.0117024 -0.379949 -0.511491 -0.970606 0.274664 0.219191 1.56339 -0.014371 -0.353206 1.2086 0.813205 0.0194488 0.175959 0.59102
243 0.0935518 0.701598 -0.181773 -0.112943 0.218988 0.304621 -0.324939 0.518421 0.134494 0.0656279 -0.892355 0.596318 -0.60234 0.354674 -1.12166 -0.0522682 0.0250298 0.815901 0.0909831 -0.381631 -0.520046 -0.825066 0.217293 0.20864 1.62582 0.111565 -0.263252 1.18171 0.725691 0.0242413 0.149382 0.526235
242 0.073773 0.803752 -0.289415 -0.371239 0.193312 0.446325 -0.354065 0.457556 0.285444 -0.124448 -0.95339 0.729658 -0.680744 0.353723 -1.00867 -0.104271 0.063441 0.793748 0.106616 -0.41166 -0.528201 -0.510177 0.137368 0.191834 1.55222 0.296302 -0.132539 1.05984 0.655705 0.0243269 0.0409917 0.46875
154 0.334805 -0.726605 -0.721217 -0.412974 0.278962 -0.207609 -0.601715 0.388527 -0.651466 -0.152648 0.0119742 0.0502454 -0.504448 0.255608 -0.394243 0.215555 0.626882 0.615186 0.186173 0.0344741 -0.151599 0.0351713 -0.318911 0.177861 1.25817 0.241203 -0.430847 0.619749 -0.155159 0.0752391 0.264093 -0.907794
155 0.459405 -0.914023 -0.823231 -0.495447 0.293067 -0.131676 -0.515533 0.354433 -0.698274 -0.169686 0.0087179 0.0151563 -0.595753 0.214532 -0.424899 0.25263 0.861556 0.686851 0.182399 -0.0241984 -0.14674 0.150536 -0.227023 0.269831 1.33279 0.277494 -0.431462 0.650567 -0.136781 0.154846 0.309465 -1.00928
153 0.339864 -0.733986 -0.755548 -0.42802 0.223283 -0.326602 -0.801985 0.456757 -0.683681 -0.22801 1.22073e-05 0.0323783 -0.540827 0.300335 -0.450586 0.200556 0.65389 0.558077 0.139625 0.0856049 -0.143665 0.0111306 -0.370478 0.177202 1.32694 0.234094 -0.487637 0.705205 -0.210299 -0.0120604 0.257855 -1.0084
152 0.210251 -0.47024 -0.606468 -0.285897 0.0989866 -0.578916 -1.10029 0.595543 -0.694917 -0.21536 -0.190163 -0.0734312 -0.42763 0.487568 -0.533881 0.149267 0.354076 0.43877 0.115152 0.183769 -0.0363027 -0.176579 -0.544854 -0.086873 1.38185 0.29132 -0.678471 1.12905 -0.325497 -0.0779304 0.239054 -0.868984
151 0.190753 -0.383723 -0.53223 -0.237202 0.049549 -0.631173 -1.08655 0.611046 -0.626989 -0.229037 -0.199423 -0.100624 -0.360893 0.490305 -0.540648 0.172121 0.285284 0.351744 0.0622405 0.195252 0.0331868 -0.188396 -0.540192 -0.12103 1.2722 0.291691 -0.62434 1.10088 -0.347004 -0.174327 0.218222 -0.822699
183 -0.281333 0.19034 0.534368 -0.154331 -0.320337 0.6292 -0.0153514 -0.0745225 -0.717245 -0.101217 -0.384739 -0.101201 -0.815625 0.286062 -0.393785 0.19871 0.351339 0.520252 0.531788 -0.638157 -0.341503 -0.00443488 -0.0174667 -0.00180206 1.03844 1.59083 -0.516313 1.51729 -0.0488012 -0.511272 -0.112617 -0.0512151
182 -0.151045 0.157872 0.381525 -0.213864 -0.176419 0.556788 -0.0720176 -0.0515778 -0.637091 -0.0263183 -0.427867 -0.0833166 -0.720326 0.219581 -0.360828 0.185176 0.325204 0.41414 0.503627 -0.52449 -0.326992 -0.00366429 -0.100697 -0.0913741 0.841296 1.34323 -0.417765 1.28903 -0.0480256 -0.420631 -0.101609 -0.0843499
180 0.117098 -0.127981 0.0256471 -0.359445 0.210252 0.295277 -0.169643 0.0388146 -0.498949 0.1417 -0.468563 -0.0514002 -0.476154 0.408553 -0.286987 0.12712 0.405151 0.515965 0.281884 -0.273935 -0.330829 -0.0652672 -0.264316 -0.222838 0.878346 1.09281 -0.38306 1.13316 0.204093 -0.185036 -0.0121505 -0.1197
181 0.0736448 -0.125866 -0.0218883 -0.335068 0.248193 0.220043 -0.132457 0.053518 -0.373314 0.1066 -0.41559 -0.0302538 -0.375887 0.470411 -0.310234 0.0496828 0.383919 0.63526 0.236415 -0.211964 -0.225382 -0.0715514 -0.192414 -0.146626 0.888598 1.03028 -0.396828 1.05364 0.219889 -0.058917 -0.0027495 -0.100344
179 0.433391 -0.339887 -0.238074 -0.46841 0.44554 0.0736832 -0.288476 0.0928178 -0.498524 0.45399 -0.617405 -0.0661552 -0.270869 0.470694 -0.0168413 0.243521 0.518891 0.421374 0.0579527 0.0606219 -0.569432 -0.100462 -0.556117 -0.611184 0.829979 0.848612 -0.297897 1.02899 0.434737 -0.150556 0.0576982 -0.143516
177 0.629783 -0.339843 -0.281304 -0.481435 0.439193 0.0458712 -0.322941 0.0630109 -0.591541 0.628507 -0.734472 -0.0858646 -0.245791 0.418113 0.170243 0.33257 0.61561 0.308026 0.032535 0.242626 -0.849509 -0.146865 -0.703316 -0.937207 0.832378 0.820451 -0.235363 1.04948 0.572464 -0.269536 0.0139282 -0.148173
176 0.681168 -0.331393 -0.276316 -0.403021 0.36596 -0.0147339 -0.316982 0.0988093 -0.570041 0.685684 -0.773365 -0.111304 -0.190122 0.530358 0.226107 0.427233 0.724344 0.349977 0.0366208 0.322857 -0.96106 -0.18568 -0.806389 -1.08492 0.967887 0.862671 -0.297156 1.2042 0.714152 -0.243634 0.0506593 -0.154288
178 0.478965 -0.365321 -0.30854 -0.435463 0.500221 0.0148952 -0.289327 0.107792 -0.46583 0.460914 -0.595964 -0.0545302 -0.195502 0.451345 -0.00289682 0.226574 0.513372 0.398243 0.0472237 0.135145 -0.563709 -0.0964889 -0.559583 -0.607823 0.747567 0.709503 -0.242456 0.923241 0.454662 -0.0973054 0.0617721 -0.140203
139 0.583778 -0.0905511 -0.246454 0.0629913 -0.46367 0.123966 -0.674965 -0.0930221 -0.219526 -0.466312 -0.367986 0.0753066 0.0261491 0.630197 0.577604 -0.018988 -0.0869613 0.696105 0.179689 -0.292462 0.0501216 -0.218529 -0.463978 -0.00349592 0.508851 1.00228 -0.209038 1.68131 -0.421946 0.886504 -0.161129 0.0474568
140 0.596337 -0.184315 -0.229452 -0.103542 -0.463859 0.0255873 -0.744026 0.0203535 -0.193628 -0.476767 -0.518065 0.0776038 -0.0192601 0.678963 0.543355 0.0252868 0.0519131 0.667865 0.105558 -0.242784 0.0325892 -0.314826 -0.449313 -0.114572 0.647377 1.19319 -0.302944 1.98565 -0.499279 0.96033 -0.215983 0.059387
141 0.529967 -0.247579 -0.122364 -0.163759 -0.471416 -0.106894 -0.640123 0.169569 -0.162056 -0.519995 -0.562671 0.0773273 -0.0746787 0.65451 0.442822 0.138025 0.249636 0.522445 -0.122357 -0.23066 0.0488432 -0.423378 -0.306385 -0.188072 0.618102 1.29128 -0.345242 2.0639 -0.539176 0.883173 -0.208408 0.150087
142 0.515473 -0.239677 -0.124396 -0.200242 -0.542166 -0.167677 -0.587824 0.253887 -0.16497 -0.535475 -0.534377 0.0204235 -0.0578789 0.538039 0.375682 0.209982 0.299118 0.311524 -0.174291 -0.196826 0.0938696 -0.469788 -0.259641 -0.223875 0.531958 1.13028 -0.340636 1.94604 -0.648298 0.761377 -0.137196 0.140922
143 0.517506 -0.293189 -0.0564859 -0.209024 -0.480213 -0.246731 -0.577228 0.341178 -0.247015 -0.540381 -0.696647 -0.0588867 -0.0882473 0.554476 0.242082 0.259879 0.383107 0.335762 -0.241926 -0.227949 0.112266 -0.521024 -0.350421 -0.241915 0.706937 1.30829 -0.452722 2.11595 -0.592386 0.661827 -0.0689907 0.13266
144 0.501466 -0.432307 -0.0786376 -0.303509 -0.498484 -0.537299 -0.645291 0.559904 -0.405777 -0.468429 -0.820528 -0.157643 -0.132919 0.400055 0.00329923 0.337088 0.458007 0.0724963 -0.277399 -0.16072 0.2055 -0.562088 -0.441974 -0.268961 0.812377 1.05725 -0.480265 2.06476 -0.694286 0.416508 -0.00689567 0.0732223
138 0.66092 -0.159115 -0.264981 0.0519832 -0.433502 0.17512 -0.743097 -0.102263 -0.243677 -0.493445 -0.421981 0.084019 0.0388487 0.596889 0.60217 -0.0423464 -0.0746798 0.809662 0.241517 -0.331854 0.0159539 -0.17428 -0.551146 -0.0059211 0.675413 1.14068 -0.296909 1.79484 -0.386 1.02645 -0.148988 0.0646867
248 0.303658 0.155016 -0.084415 -0.115413 0.460313 0.0635669 -0.361945 0.457139 -0.0635697 0.307651 -0.732631 0.248187 -0.269483 0.377151 -1.18476 0.161771 0.0534268 1.03655 -0.0226281 -0.332401 -0.268539 -1.2429 0.112786 -0.05365 1.56241 -0.113094 -0.546898 0.859099 0.80587 0.0688386 0.0980908 0.390028
247 0.293428 0.195639 -0.128791 -0.0696186 0.401998 0.113611 -0.3602 0.425673 -0.033413 0.24931 -0.717538 0.266027 -0.255276 0.337474 -1.12922 0.147798 0.0237411 0.965993 -0.0711654 -0.332369 -0.299311 -1.08963 0.120784 -0.0629075 1.47387 -0.146675 -0.473294 0.79443 0.732635 0.00854096 0.116197 0.460856
246 0.243031 0.274467 -0.158408 -0.0114874 0.348018 0.110609 -0.382784 0.529844 -0.0231919 0.249829 -0.794931 0.283703 -0.322627 0.401617 -1.1903 0.118556 0.0554193 1.0025 -0.0693191 -0.361771 -0.351239 -1.14068 0.168648 0.00592763 1.59832 -0.0445766 -0.453485 1.04195 0.751588 0.027523 0.0929192 0.485624
245 0.0941399 0.587516 -0.161531 0.0534475 0.149229 0.258689 -0.279739 0.528396 0.13492 0.119069 -0.781019 0.432049 -0.537838 0.313898 -1.11335 0.0471702 0.00777192 0.852881 0.0215868 -0.426664 -0.471372 -0.900379 0.268262 0.155292 1.56164 -0.0128687 -0.399745 1.13955 0.757129 -0.0103666 0.131539 0.558535
48 0.177736 -0.566913 -0.880938 -1.01127 0.75434 0.180044 -0.187361 0.223162 -0.544636 0.621611 -0.0468529 -0.0158381 -0.0646059 0.533337 0.039117 -0.111195 0.0183478 0.697807 -0.034889 -0.0717065 -0.312406 0.254072 -0.6658 0.0370428 0.698167 0.710692 -0.259903 0.940636 0.0406655 -0.271581 0.203041 0.24817
47 -0.0902276 -0.688069 -1.21815 -0.764425 0.650015 0.0100321 -0.223537 -0.0515687 -0.468022 0.768253 -0.103399 0.0142368 0.0404556 0.409084 -0.188513 -0.036758 0.0757311 0.985553 -0.159718 -0.205895 -0.272589 0.467775 -0.71812 -0.0839852 0.577983 1.05358 -0.118654 1.13721 -0.0197291 -0.300318 0.336332 0.555694
46 -0.138007 -0.675603 -1.22101 -0.717961 0.545955 -0.0272047 -0.227379 -0.0377803 -0.475125 0.796455 -0.12622 0.0586187 0.0323283 0.36829 -0.19915 -0.0373906 0.095249 0.976087 -0.188719 -0.179975 -0.270704 0.525903 -0.723499 -0.0674993 0.598627 1.02701 -0.079325 1.1124 -0.0125917 -0.312634 0.332504 0.543317
45 -0.0997906 -0.648262 -1.23376 -0.694179 0.61067 -0.0463028 -0.230167 -0.064715 -0.493575 0.769652 -0.1717 0.0661686 -0.00120102 0.475853 -0.195655 -0.0384612 0.0794498 1.06604 -0.163829 -0.207365 -0.304338 0.513256 -0.77827 -0.0688028 0.64909 1.10255 -0.102745 1.22267 0.0100735 -0.326986 0.332057 0.528334
49 0.256852 -0.541099 -0.728263 -0.946977 0.767645 0.183642 -0.173105 0.241695 -0.509765 0.528423 -0.130391 0.00346947 -0.125186 0.580143 -0.0218173 -0.116835 0.0961173 0.644212 0.0363029 -0.0217944 -0.331616 0.130366 -0.571953 0.0288244 0.726071 0.724683 -0.303153 0.930498 0.084681 -0.154473 0.182637 0.13958
50 0.424449 -0.619419 -0.770747 -1.19582 0.875055 0.301547 -0.162757 0.392554 -0.6009 0.585181 -0.0808595 -0.00934746 -0.151417 0.677331 0.124668 -0.201246 0.0857786 0.627658 0.0228878 0.0403354 -0.42938 0.075568 -0.685862 0.139536 0.855508 0.682093 -0.390743 0.984691 0.0436573 -0.198947 0.119224 0.0822311
171 0.256519 -0.176283 -0.0545807 0.0362134 0.0408156 -0.169495 -0.198848 -0.00541953 -0.345594 0.721774 -0.831141 -0.324735 -0.0359963 0.848125 -0.0889844 0.847466 0.830637 0.535967 -0.0725999 0.539084 -0.802549 -0.113442 -0.933132 -1.05096 1.10804 0.604243 -0.212313 1.19464 0.504272 -0.0732349 0.324418 -0.150532
170 0.0357758 -0.147312 0.128166 0.233299 -0.000989718 -0.208426 0.0221487 -0.0244506 -0.332294 0.736802 -0.94747 -0.32122 -0.00154246 0.946084 -0.289539 1.13952 0.915866 0.760994 -0.0135025 0.58164 -0.66697 -0.0888299 -1.04936 -0.863465 1.27336 0.404914 -0.197814 1.10759 0.361592 0.0809037 0.416876 -0.165365
168 -0.0728041 -0.277332 0.105093 0.225827 0.0409535 -0.26505 0.0977132 0.0351902 -0.357949 0.586751 -0.994848 -0.281095 0.0407112 0.931376 -0.407018 1.15759 0.869527 0.840482 -0.0186917 0.588487 -0.476803 0.0418533 -1.01924 -0.618087 1.32278 0.37425 -0.217975 1.03427 0.137942 0.163521 0.304377 -0.242792
167 -0.162641 -0.41782 0.0697259 0.153045 0.114484 -0.154251 0.261361 0.0709174 -0.506722 0.457034 -1.0264 -0.177363 0.0510032 0.88035 -0.54943 1.19935 0.835563 0.941737 0.0269141 0.510453 -0.326881 0.0878924 -0.913699 -0.336978 1.4021 0.282516 -0.232965 0.825927 0.0499938 0.274933 0.244574 -0.297036
169 -0.0235796 -0.117496 0.14973 0.23108 -0.0230457 -0.209151 0.0750014 -0.0265794 -0.248591 0.529937 -0.797726 -0.251624 0.0366565 0.777015 -0.295909 0.947162 0.703301 0.690494 -0.00682708 0.467276 -0.414856 -0.0309706 -0.846298 -0.588413 1.09644 0.321147 -0.164883 0.90229 0.212541 0.115331 0.309137 -0.171568
41 -0.108855 -0.470983 -0.969791 -0.307096 0.667753 -0.00111061 -0.182508 -0.338925 -0.0373683 0.942195 0.1633 -0.027896 -0.284812 0.170588 -0.421963 -0.00211081 0.320973 0.538705 -0.267202 -0.268152 -0.263228 0.369042 -0.333565 -0.250358 0.884533 0.884761 -0.0188128 1.55424 0.0675169 -0.359853 0.259636 0.363135
42 -0.167424 -0.586259 -1.20146 -0.519189 0.623197 -0.0311627 -0.160047 -0.232803 -0.310046 0.871416 -0.0504267 0.00411232 -0.130964 0.311601 -0.342744 -0.00437993 0.178793 0.871533 -0.221272 -0.247135 -0.300078 0.551465 -0.567821 -0.20675 0.736912 1.09711 -0.0935804 1.3715 0.0137636 -0.320663 0.386373 0.489087
39 -0.0769536 -0.416281 -0.770594 -0.220717 0.586818 -0.0531975 -0.190666 -0.345379 0.0890731 0.972706 0.217565 -0.0435189 -0.534411 0.1961 -0.453118 0.0172049 0.42962 0.417667 -0.265746 -0.273257 -0.253745 0.242123 -0.236145 -0.31781 1.10209 0.842503 -0.00688528 1.67934 0.19434 -0.233592 0.198348 0.265194
38 -0.0280118 -0.352455 -0.572392 -0.0638896 0.584695 -0.0978885 -0.122864 -0.414159 0.280352 1.12431 0.352471 -0.062406 -0.767933 0.197703 -0.481611 0.0391182 0.490415 0.200045 -0.329329 -0.356036 -0.243264 0.177389 -0.144085 -0.409155 1.28212 0.721981 0.0375822 1.9256 0.250267 -0.265386 0.126879 0.243035
40 -0.0976262 -0.410057 -0.804669 -0.283667 0.567903 0.0408779 -0.210975 -0.300709 0.0346198 0.851501 0.134054 -0.0353795 -0.347168 0.126994 -0.422771 0.0164067 0.391327 0.437479 -0.19181 -0.242908 -0.21925 0.228435 -0.231359 -0.322144 0.910583 0.797703 -0.0311211 1.43951 0.119088 -0.237928 0.219563 0.26731
125 0.721503 -0.2033 0.0810505 -0.15896 -0.0248445 0.216696 0.179874 -0.107543 -0.52848 -0.382147 0.163934 -0.217498 0.347455 0.390267 -0.498116 0.368473 0.744232 0.755495 -0.693528 -0.153697 0.25544 0.0563372 -0.292357 -0.150438 1.01382 1.32858 -0.713642 0.955865 0.935907 0.327939 0.499659 -0.047765
124 0.629146 -0.186357 0.104508 -0.126282 -0.0690897 0.175153 0.183578 -0.0858331 -0.436421 -0.361605 0.224772 -0.190643 0.326205 0.299063 -0.484923 0.385215 0.672907 0.620952 -0.654233 -0.109204 0.22054 0.0404712 -0.25171 -0.137901 0.910038 1.16988 -0.61551 0.880474 0.852045 0.296863 0.466973 -0.058902
126 0.798839 -0.0938903 -0.116093 -0.146309 0.165044 0.321438 0.156657 -0.187109 -0.513358 -0.408072 0.04114 -0.189166 0.383013 0.420013 -0.26683 0.214163 0.613532 0.708504 -0.366123 -0.396885 0.238637 0.0365746 -0.354445 -0.195997 0.871314 1.16548 -0.608205 0.893202 0.87112 0.481548 0.61029 -0.0959052
123 0.696102 -0.157809 0.192247 -0.123794 -0.181096 0.202942 0.199592 -0.0968659 -0.503474 -0.397173 0.225771 -0.277728 0.380681 0.314281 -0.506311 0.379246 0.774268 0.70301 -0.822106 -0.042907 0.285344 0.10252 -0.303732 -0.186306 1.0267 1.35968 -0.747586 0.855574 0.940753 0.312521 0.542095 -0.0434436
99 -0.134333 -0.096251 0.00949944 -0.317209 0.0858438 -0.016382 -0.589675 -0.109713 0.020121 0.422425 -0.318175 -0.527294 -0.542228 0.30704 -0.333868 0.165761 0.217692 1.091 0.123399 0.192484 -0.270131 0.670046 0.666253 -0.715712 1.26631 0.752965 0.00992502 0.844635 0.840749 0.531059 -0.958939 0.577846
98 -0.0893836 -0.244846 -0.124325 -0.488228 -0.0284678 0.0475811 -0.500041 -0.213134 -0.305291 0.220282 -0.153743 -0.754724 -0.466624 0.575485 -0.230462 -0.00851524 0.458352 1.33102 0.180331 0.34208 -0.281213 0.730971 0.543894 -0.731968 1.29204 0.705084 0.0337405 1.02451 0.909942 0.488135 -1.23567 0.790702
100 -0.0734173 -0.121215 -0.0334976 -0.331253 0.18603 0.0311797 -0.583947 -0.116492 -0.00783709 0.394416 -0.290303 -0.428193 -0.510696 0.244216 -0.334997 0.17541 0.187753 0.975635 0.118271 0.161638 -0.288092 0.558587 0.563103 -0.630334 1.16336 0.689493 -0.0193136 0.712534 0.750559 0.451474 -0.813123 0.510456
101 -0.151006 -0.0831529 0.0176492 -0.275294 0.280193 -0.0558862 -0.676348 -0.0315011 0.151923 0.603377 -0.417658 -0.327145 -0.613047 0.189513 -0.513426 0.304067 0.0887281 1.05481 0.148374 0.124737 -0.30412 0.643621 0.732369 -0.633868 1.41575 0.8646 -0.0380111 0.734471 0.843543 0.569679 -0.772658 0.431521
102 -0.120754 -0.0205963 0.0450722 -0.282958 0.409102 -0.235756 -0.712164 -0.0119973 0.278954 0.851729 -0.610298 -0.211852 -0.585715 0.122638 -0.592012 0.292913 -0.16196 0.860403 0.0545192 0.0369669 -0.209536 0.645874 0.886103 -0.525628 1.38992 0.954159 -0.0787235 0.691049 0.809114 0.533302 -0.595852 0.211548
104 -0.0733441 -0.0477368 0.0687507 -0.240582 0.416738 -0.38057 -0.666723 0.0400161 0.327317 0.865361 -0.740432 -0.134555 -0.551778 0.174819 -0.634798 0.26339 -0.244084 0.822109 -0.0702088 -0.0662743 -0.0738508 0.643878 0.864306 -0.429031 1.36452 1.05254 -0.198711 0.793049 0.772344 0.430991 -0.484062 -0.0206804
121 0.52399 -0.170007 0.321528 -0.0856695 -0.270225 0.016139 -0.00765983 -0.156164 -0.489456 -0.389976 0.0460811 -0.418751 0.297867 0.404904 -0.37796 0.322286 0.730923 0.771953 -0.893813 0.244393 0.328185 0.166276 -0.41495 -0.203699 1.17637 1.48655 -0.903556 0.690792 0.799228 0.180277 0.413657 0.0673549
120 0.520631 -0.223017 0.336422 -0.159378 -0.278459 -0.0473325 -0.103255 -0.159509 -0.488856 -0.414843 -0.0698671 -0.519152 0.324083 0.487106 -0.257899 0.187434 0.71145 0.768818 -0.935705 0.3223 0.349514 0.237889 -0.443935 -0.208894 1.24685 1.59655 -0.906818 0.677859 0.643427 0.20173 0.35912 -0.00811219
122 0.585007 -0.127658 0.317872 -0.112837 -0.261331 0.109163 0.0811986 -0.144115 -0.504113 -0.427169 0.131194 -0.392973 0.327521 0.375065 -0.438932 0.363573 0.758597 0.757855 -0.87937 0.119325 0.339294 0.169182 -0.355459 -0.217849 1.11498 1.4741 -0.836138 0.780987 0.833903 0.245649 0.436909 0.0148993
119 0.44681 -0.421036 0.382865 -0.213643 -0.178747 -0.274591 -0.424375 -0.0778311 -0.451283 -0.506822 -0.296045 -0.712099 0.222185 0.621572 -0.00786436 0.0297447 0.580834 0.764181 -1.1396 0.469165 0.402473 0.319346 -0.307813 -0.24677 1.29273 1.61562 -1.03029 0.405733 0.481825 0.128073 0.137267 -0.152167
82 0.016353 -0.00602793 0.12875 -0.416 0.267989 -0.568215 -0.218493 -0.141976 -0.17328 0.129436 -0.220764 -0.155856 -0.361697 1.66657 0.270361 -0.131222 0.529278 1.53073 0.427729 -0.550211 -0.111832 -0.253824 0.0187759 0.511314 0.455571 0.442633 0.116443 0.887086 0.100549 0.0696444 -0.142252 -0.0342286
81 -0.0332108 0.000903279 0.223389 -0.392949 0.308523 -0.609979 -0.293038 -0.129631 -0.112045 0.123111 -0.206685 -0.204785 -0.461175 1.85611 0.300941 -0.116144 0.602398 1.7498 0.536741 -0.628509 -0.0827238 -0.382014 0.0518445 0.565352 0.49624 0.568809 0.164969 1.00928 0.114976 0.0654139 -0.13401 -0.0322314
83 0.0464386 0.0739269 0.164228 -0.470236 0.211941 -0.614175 -0.193871 -0.128924 -0.229477 0.129735 -0.181759 -0.199116 -0.372613 1.82548 0.317982 -0.168293 0.587894 1.63672 0.4113 -0.580911 -0.0904205 -0.302733 0.0330476 0.545162 0.506651 0.48663 0.153489 0.968144 0.122083 0.0579754 -0.170608 -0.0670543
84 0.137448 0.0205571 0.0328103 -0.584312 0.228123 -0.545647 -0.134559 -0.13917 -0.302713 0.101538 -0.199209 -0.226152 -0.270972 1.71589 0.237025 -0.142932 0.535258 1.55422 0.258231 -0.54578 -0.101787 -0.204367 0.0837667 0.487116 0.480987 0.4504 0.0997558 0.833774 0.201068 -0.00219325 -0.190546 -0.0558205
86 0.334076 -0.0485506 -0.112878 -0.89031 0.219276 -0.552027 -0.141245 -0.262303 -0.514028 0.0945384 -0.211539 -0.325387 -0.0843336 1.52804 0.150867 -0.132868 0.587578 1.37949 0.0299392 -0.381897 -0.0342551 0.0568789 0.018332 0.35622 0.478568 0.575878 0.0380561 0.574251 0.449439 -0.0475038 -0.322626 0.0211921
219 0.262953 0.238119 -0.30686 -0.738169 0.907175 -0.637882 0.0760835 0.0390626 -0.207336 0.31531 -0.292809 0.137634 0.525037 0.267787 -0.637005 -0.431065 0.547949 0.275358 0.852443 0.156495 -0.368525 -0.0519876 -0.330178 0.20855 0.519422 1.13821 -0.14282 0.575472 0.719788 0.657224 0.0307949 0.118292
221 0.00930123 0.217395 -0.326977 -0.403768 0.449325 -0.649554 0.12198 0.101723 -0.0361697 0.30641 -0.245462 0.180707 0.512808 0.269551 -0.762522 -0.45801 0.862184 0.302118 0.818242 0.251653 -0.416483 -0.0586335 -0.315712 0.194059 0.83889 1.37389 0.0572375 0.635122 0.765819 0.80689 0.0283203 0.0866116
222 -0.110988 0.3642 -0.34166 -0.305606 0.176273 -0.677886 0.217691 0.213196 -0.0189559 0.372795 -0.135648 0.143525 0.523293 0.313043 -0.777718 -0.622566 1.07891 0.302108 0.713144 0.30565 -0.401194 -0.0657227 -0.392907 0.119103 0.993663 1.6505 0.156016 0.816748 0.827703 1.00879 0.107688 -0.00115209
224 -0.113454 0.410138 -0.28554 -0.199035 0.0526218 -0.63137 0.234595 0.306972 0.01121 0.378147 -0.0289233 0.16882 0.368332 0.443395 -0.783987 -0.665922 1.10527 0.371465 0.572797 0.349967 -0.34926 -0.145565 -0.443113 0.0447881 1.11212 1.65567 0.156198 0.915866 0.777309 0.981106 0.180414 -0.0841476
220 0.10992 0.120373 -0.332492 -0.507528 0.596918 -0.578082 0.0489714 0.0358609 -0.0842059 0.286385 -0.33129 0.140419 0.450844 0.282521 -0.666159 -0.393392 0.693542 0.296505 0.738581 0.162133 -0.379594 -0.00814841 -0.272729 0.165287 0.728151 1.19924 -0.0320616 0.558765 0.683132 0.69535 -0.020621 0.0550393
137 0.754084 -0.124855 -0.377573 0.0681011 -0.183197 0.220425 -0.586418 -0.271535 -0.276033 -0.321395 -0.406025 -0.0630886 0.206141 0.620948 0.608555 -0.284087 -0.222965 0.97095 0.520815 -0.515968 0.0241127 -0.0285944 -0.7349 0.014981 0.733561 0.979819 -0.226125 1.48299 -0.152634 0.990884 0.101565 0.0239823
135 0.836708 -0.131449 -0.451519 0.0647391 0.0122125 0.265744 -0.493028 -0.320872 -0.337397 -0.312187 -0.442662 -0.129717 0.31572 0.686753 0.549075 -0.395899 -0.223962 1.08184 0.6068 -0.59874 0.0222774 0.0734817 -0.866589 0.0479244 0.84364 0.969803 -0.260611 1.43872 -0.0424053 0.981593 0.222809 0.0150891
134 0.875887 -0.138311 -0.567722 0.0491681 0.230338 0.290766 -0.381818 -0.443418 -0.280852 -0.209664 -0.448678 -0.165139 0.408506 0.706395 0.530508 -0.565542 -0.239101 1.20749 0.724951 -0.685238 0.0468148 0.176078 -0.945033 0.0702512 0.943201 0.957665 -0.306783 1.22888 0.107871 0.993547 0.400058 -0.0392526
132 0.807529 -0.049764 -0.598716 -0.0345327 0.435227 0.324434 -0.186047 -0.391673 -0.406206 -0.240421 -0.469789 -0.18489 0.357241 0.724247 0.388029 -0.493417 -0.0236119 1.02243 0.630566 -0.671359 0.111732 0.0848434 -0.800862 -0.0491097 0.856878 0.864154 -0.380731 0.987233 0.245718 0.86245 0.528737 -0.153259
133 0.841137 -0.0826395 -0.555557 -0.0101371 0.322956 0.300688 -0.282869 -0.438589 -0.350904 -0.171691 -0.432632 -0.182241 0.399162 0.674124 0.463709 -0.534463 -0.173037 1.08404 0.672543 -0.675424 0.0763103 0.182422 -0.863317 -0.0014175 0.828859 0.813997 -0.280591 1.00763 0.177032 0.867289 0.463235 -0.0839847
106 -0.0549245 -0.163424 0.0258563 -0.273231 0.436645 -0.511151 -0.486941 0.109483 0.319462 0.791031 -0.741896 -0.114524 -0.346111 0.240596 -0.502804 0.0826139 -0.327691 0.652138 -0.0896112 -0.147447 0.0948693 0.552289 0.740418 -0.265878 1.04551 0.947238 -0.262341 0.786117 0.56403 0.353467 -0.382248 -0.256897
105 -0.0686779 -0.127095 0.0828286 -0.308156 0.481752 -0.566217 -0.63075 0.0965743 0.417433 0.940616 -0.932019 -0.152111 -0.461826 0.230168 -0.649181 0.138877 -0.438739 0.746293 -0.0924359 -0.183838 0.0647661 0.653447 0.918352 -0.342688 1.33279 1.17971 -0.322392 0.88203 0.711408 0.450789 -0.470957 -0.261838
107 -0.0309978 -0.213575 0.0686254 -0.333394 0.486213 -0.57965 -0.510263 0.165536 0.378144 0.796727 -0.908587 -0.170479 -0.341331 0.242088 -0.547641 0.00557003 -0.448781 0.637737 -0.197079 -0.184089 0.194675 0.660703 0.812085 -0.360757 1.17175 1.11343 -0.42191 0.967578 0.576703 0.378311 -0.424619 -0.416211
108 -0.0583594 -0.28309 0.117223 -0.427426 0.490074 -0.597255 -0.45853 0.251544 0.382735 0.635352 -0.976728 -0.230685 -0.259053 0.385329 -0.461381 -0.24498 -0.501074 0.546641 -0.254606 -0.21022 0.313748 0.607508 0.728135 -0.31816 1.10067 1.17113 -0.565646 1.10528 0.457811 0.33623 -0.490363 -0.602871
10 -0.19826 -0.124656 -0.687503 0.353169 0.22149 0.248043 0.0456969 0.535867 0.387903 -0.326095 -0.112099 -0.0316009 -0.763263 0.235793 -0.262279 -0.283341 0.176834 0.549183 0.376624 -0.503159 -0.130782 -0.0884272 -0.413213 0.735218 0.707938 0.979333 -1.00556 1.03689 0.698955 -0.363889 -0.0385918 -0.185141
11 -0.193412 -0.143451 -0.763836 0.468537 0.228362 0.257649 0.0737437 0.589104 0.494947 -0.374043 -0.130712 -0.0509614 -0.861799 0.310513 -0.274516 -0.317716 0.162398 0.647814 0.401994 -0.526253 -0.119871 -0.0408672 -0.491869 0.844084 0.868543 1.12468 -1.20295 1.26269 0.814688 -0.370259 -0.0739337 -0.199842
12 -0.135981 -0.119188 -0.66715 0.460677 0.0414447 0.114406 0.137732 0.446671 0.554512 -0.277775 -0.0976758 -0.056779 -0.8644 0.196058 -0.186382 -0.324923 0.248106 0.728049 0.384692 -0.543545 -0.113218 -0.0409454 -0.450109 0.765182 0.948304 1.14212 -1.21837 1.4067 0.810405 -0.251322 -0.0459224 -0.145954
9 -0.193928 -0.203244 -0.75115 0.368895 0.36513 0.306708 0.0952516 0.623839 0.432392 -0.389624 -0.149295 -0.000216959 -0.761238 0.380563 -0.211048 -0.28097 0.16735 0.73327 0.347286 -0.50576 -0.184766 -0.0460717 -0.517847 0.807102 0.805117 1.10262 -1.11226 1.20253 0.748109 -0.399751 -0.0926957 -0.210801
8 -0.231712 -0.173785 -0.620441 0.288716 0.582088 0.500602 0.0813228 0.72393 0.350333 -0.4442 -0.27036 0.018255 -0.558704 0.470535 -0.233612 -0.127559 0.18127 0.721109 0.17653 -0.462677 -0.264034 -0.00533265 -0.444957 0.737034 0.588734 0.98751 -0.946919 0.977697 0.494763 -0.525128 -0.208383 -0.213871
6 -0.173967 -0.151582 -0.418159 0.0776564 0.802689 0.596529 0.0576171 0.753222 0.230864 -0.415564 -0.404199 0.104854 -0.301211 0.706952 -0.276116 -0.0152454 0.265463 0.884037 -0.00740712 -0.370099 -0.401601 0.00375002 -0.444367 0.54164 0.590658 1.01574 -0.729285 0.921735 0.284412 -0.521714 -0.293276 -0.218606
5 -0.19068 -0.162465 -0.224678 -0.139931 1.13197 0.814912 0.0515834 0.854608 0.103025 -0.465012 -0.630002 0.191389 -0.0214973 1.08164 -0.319124 0.162242 0.408583 1.19455 -0.271303 -0.25428 -0.634448 0.0478967 -0.493164 0.403972 0.641184 1.17409 -0.629529 1.00468 0.0677122 -0.561756 -0.418103 -0.232182
91 0.663944 -0.386981 -0.286823 -1.21298 0.268302 -0.450493 -0.286499 -0.510156 -0.6464 0.221445 -0.326115 -0.491153 0.116307 1.08748 -0.169416 -0.163176 0.631214 1.2785 -0.156045 -0.0177365 0.0214072 0.363082 -0.0940217 -0.062128 0.621396 0.704522 0.0267955 0.410306 0.789742 -0.070241 -0.670693 0.218858
90 0.738345 -0.44534 -0.312847 -1.31709 0.343805 -0.45092 -0.294393 -0.542038 -0.756176 0.24987 -0.381465 -0.50491 0.118126 1.24223 -0.210368 -0.150927 0.730961 1.41993 -0.224542 -0.0334979 0.00670546 0.389001 -0.168821 -0.0760455 0.774544 0.852227 -0.0951973 0.526239 0.926529 -0.108319 -0.693219 0.220279
89 0.6877 -0.301688 -0.264774 -1.33006 0.352813 -0.574693 -0.253303 -0.474798 -0.719215 0.227327 -0.333517 -0.473975 0.0368779 1.44221 -0.120937 -0.141672 0.702283 1.4898 -0.179831 -0.19071 -0.0372177 0.270276 -0.11967 0.102093 0.670969 0.786162 -0.0227504 0.526118 0.829878 -0.133012 -0.566263 0.143008
92 0.718586 -0.466821 -0.305181 -1.31076 0.232484 -0.430755 -0.339565 -0.598275 -0.722692 0.245769 -0.338376 -0.590258 0.121273 1.15159 -0.240245 -0.150758 0.701376 1.41368 -0.240948 0.0502503 0.000273597 0.470123 -0.092079 -0.19909 0.777508 0.829454 -0.00965692 0.550247 0.933944 -0.0937311 -0.837998 0.301447
93 0.47205 -0.403761 -0.300053 -1.06469 0.0678806 -0.246379 -0.346498 -0.471996 -0.650046 0.229352 -0.276245 -0.736555 0.054848 0.891995 -0.274679 -0.208824 0.680028 1.29268 -0.0664464 0.229705 -0.0276152 0.582879 0.121985 -0.498272 0.887741 0.783791 0.0446324 0.73659 0.981402 0.107641 -1.03354 0.520909
95 0.201919 -0.290504 -0.208831 -0.767538 -0.031203 -0.0902992 -0.349896 -0.360824 -0.512419 0.136241 -0.186746 -0.777021 -0.131998 0.827975 -0.171307 -0.15128 0.60154 1.31609 0.0375291 0.264826 -0.109608 0.589161 0.239083 -0.57178 1.03515 0.680377 0.057999 0.936625 0.892705 0.18705 -1.13663 0.593436
96 -0.00410209 -0.235588 -0.147577 -0.60201 -0.120616 0.0364013 -0.399878 -0.286916 -0.404556 0.119517 -0.138712 -0.79753 -0.298965 0.703621 -0.175771 -0.101818 0.558372 1.36314 0.162886 0.337447 -0.216979 0.700023 0.418964 -0.727913 1.14752 0.679091 0.0442239 1.03622 0.920082 0.354457 -1.23549 0.764982
230 -0.0116255 0.200415 -0.130728 -0.344224 0.122769 0.033257 -0.293683 0.454725 -0.171424 0.152324 0.0811144 0.276336 -0.20792 0.662564 -1.07901 -1.00272 0.688117 0.391489 0.259509 0.335095 -0.0373769 0.0315382 -0.202451 -0.372777 1.25425 1.19299 0.350063 0.771122 0.211509 0.86042 0.262746 -0.597116
229 -0.0124481 0.120804 -0.133164 -0.271061 0.162874 0.0664281 -0.31309 0.488346 -0.229325 0.168471 0.179533 0.226949 -0.200188 0.684507 -1.0662 -1.00235 0.654421 0.39335 0.228889 0.37203 0.00523391 0.0684934 -0.138776 -0.367119 1.20064 1.12747 0.316416 0.813485 0.202665 0.798008 0.297995 -0.601068
228 0.00289824 0.234717 -0.175697 -0.304297 0.0982148 -0.0688049 -0.263039 0.522567 -0.214965 0.257556 0.184804 0.231697 -0.162739 0.664537 -1.06967 -1.08056 0.778045 0.365686 0.240594 0.446135 -0.0265491 0.0512243 -0.228529 -0.359666 1.27954 1.24743 0.40112 0.864066 0.251283 0.939367 0.266053 -0.575077
33 0.109656 -0.231157 -0.301453 -0.109344 0.747351 -0.426973 0.213283 0.0953884 0.354344 1.09168 0.291456 0.233415 -0.581624 0.629331 -0.303598 -0.172868 0.495044 0.754209 -0.393455 -0.205571 -0.0217467 -0.0280061 -0.609987 -0.112384 1.45514 0.235083 0.219411 1.78688 0.188966 -0.410132 -0.459904 -0.330558
34 0.0157741 -0.183676 -0.297905 -0.0597998 0.602884 -0.315631 0.135305 0.0120235 0.383321 0.968539 0.279031 0.184082 -0.555077 0.441287 -0.290791 -0.123157 0.4502 0.537095 -0.318483 -0.253367 -0.051907 -0.0299883 -0.443129 -0.131745 1.2225 0.233808 0.20971 1.58107 0.153654 -0.336195 -0.34995 -0.200233
35 0.0132651 -0.221028 -0.359518 -0.0705287 0.683198 -0.321646 0.0612849 -0.0921191 0.437466 1.12031 0.356136 0.134537 -0.686734 0.447067 -0.360048 -0.129865 0.500163 0.490296 -0.397177 -0.322388 -0.0878373 0.00660941 -0.446144 -0.221307 1.34683 0.311628 0.22532 1.77894 0.203278 -0.313146 -0.325392 -0.117952
36 0.00255133 -0.323505 -0.51014 -0.0403645 0.623273 -0.19806 -0.0467222 -0.269576 0.336974 1.16845 0.410712 -0.00937731 -0.802737 0.228825 -0.398944 -0.0049866 0.509692 0.255829 -0.411497 -0.34129 -0.194278 0.122034 -0.226336 -0.314114 1.39064 0.516947 0.099784 1.91091 0.228192 -0.263993 -0.0592008 0.0652966
37 -0.00407719 -0.259571 -0.403293 -0.0358396 0.55652 -0.220277 -0.034939 -0.255091 0.348137 1.06159 0.369883 0.00877095 -0.763146 0.249991 -0.393122 0.00275444 0.483128 0.210475 -0.345905 -0.334671 -0.153488 0.0656989 -0.218783 -0.317563 1.25665 0.488623 0.12009 1.81465 0.255767 -0.260938 -0.0633494 0.10361
297 0.372236 0.0528349 0.238042 -0.326489 1.33763 0.549087 0.03865 0.230357 0.317509 -0.353618 -0.161481 0.0696976 0.469394 0.511924 -0.513079 -0.643151 0.717224 0.722526 -0.191436 -0.0430584 -0.423883 0.0618088 -0.642139 0.395056 0.535794 1.94484 -0.283714 0.805029 0.0845166 -0.450049 0.277106 -0.0348948
298 0.282291 0.0768498 0.282336 -0.269933 1.2359 0.573688 0.0549481 0.263918 0.315224 -0.384363 -0.189589 0.0565462 0.461856 0.494387 -0.455401 -0.503448 0.634799 0.690498 -0.192701 -0.0643576 -0.404234 -0.0524313 -0.623788 0.394885 0.503905 1.74459 -0.295052 0.717594 0.0688448 -0.475715 0.208054 -0.0182686
299 0.340595 0.0832653 0.234019 -0.307731 1.33627 0.640334 0.0811065 0.249175 0.293851 -0.366659 -0.233534 0.0416061 0.529478 0.643373 -0.520061 -0.496667 0.721492 0.759396 -0.269564 -0.0915589 -0.425361 -0.00417474 -0.688742 0.445367 0.619942 1.89667 -0.370801 0.8294 0.0874657 -0.526471 0.238744 -0.0304322
0 0.0387766 0.17123 0.191443 -0.152588 1.09697 0.72239 0.197364 0.501888 0.288058 -0.357197 -0.395815 0.120659 0.442018 0.909395 -0.486996 -0.148035 0.683261 0.794485 -0.420294 -0.124461 -0.498464 -0.00258851 -0.641279 0.472766 0.628113 1.64279 -0.480523 0.890759 0.0841094 -0.676919 -0.0131786 -0.0301912
1 -0.0137936 0.121947 0.131103 -0.116085 0.970339 0.69772 0.202216 0.48548 0.252744 -0.38829 -0.435214 0.0909708 0.363799 0.88016 -0.400281 -0.0519497 0.54721 0.713691 -0.413758 -0.144003 -0.473849 -0.0243847 -0.520787 0.465811 0.503911 1.34002 -0.480657 0.7332 0.00965553 -0.639466 -0.0730058 -0.0674626
150 0.234121 -0.431653 -0.53178 -0.300223 -0.0105578 -0.719485 -1.16628 0.731767 -0.675909 -0.258487 -0.328449 -0.120105 -0.376486 0.516103 -0.590946 0.156226 0.283405 0.361321 0.0498566 0.15781 0.0830946 -0.277115 -0.640773 -0.164858 1.38884 0.422628 -0.693243 1.36803 -0.405888 -0.18518 0.254957 -0.769266
149 0.249676 -0.451355 -0.354627 -0.272646 -0.172828 -0.80997 -1.01654 0.777261 -0.683055 -0.275725 -0.610823 -0.216951 -0.344092 0.454794 -0.612036 0.200895 0.357791 0.126875 -0.0384366 0.0727831 0.223144 -0.411943 -0.650119 -0.219483 1.28489 0.552496 -0.664868 1.67162 -0.507433 -0.157699 0.222547 -0.464302
148 0.224153 -0.372143 -0.262722 -0.258484 -0.124156 -0.695524 -0.84034 0.665512 -0.605025 -0.226786 -0.60255 -0.227491 -0.266735 0.383669 -0.533996 0.19715 0.300029 0.0514446 -0.0494538 0.0450466 0.220876 -0.350682 -0.607014 -0.240824 1.05215 0.536547 -0.558907 1.44364 -0.435482 -0.179325 0.200481 -0.34642
161 0.467362 -1.12719 -0.534816 -0.440636 0.290942 0.306139 0.369517 0.148275 -0.788619 0.0491256 -0.557293 -0.0394311 -0.483828 0.51087 -0.556243 0.62026 1.16483 0.931558 0.329495 0.00251997 -0.169844 0.427021 -0.255544 0.423885 1.37553 0.443723 -0.399132 0.602042 -0.235211 0.293714 0.294923 -0.732855
162 0.187235 -0.827981 -0.229728 -0.210033 0.153421 0.132692 0.432371 0.116914 -0.653651 0.148021 -0.707598 -0.0431524 -0.264405 0.558547 -0.531357 0.813226 0.989305 0.881237 0.216495 0.196381 -0.178707 0.358243 -0.484667 0.219268 1.31161 0.274933 -0.289713 0.507637 -0.18992 0.295673 0.206969 -0.572648
163 0.13505 -0.714679 -0.240537 -0.192048 0.162843 0.0960206 0.30656 0.0941784 -0.5365 0.146527 -0.605874 -0.0328052 -0.229748 0.490667 -0.452014 0.633838 0.801196 0.748576 0.15316 0.123425 -0.129775 0.293147 -0.405276 0.162932 1.06863 0.263068 -0.216276 0.453709 -0.171082 0.210041 0.175744 -0.473066
164 0.0012376 -0.715845 -0.0796579 -0.09586 0.189994 0.0370328 0.442952 0.0814487 -0.635361 0.24734 -0.831769 -0.054819 -0.149024 0.689265 -0.544461 0.933663 0.909234 0.928787 0.162407 0.319023 -0.18782 0.31144 -0.626286 0.135824 1.34783 0.209651 -0.253206 0.534068 -0.155571 0.263451 0.173998 -0.470804
165 -0.145832 -0.543775 0.0546229 0.0811896 0.181651 -0.0806207 0.338823 0.0725644 -0.527637 0.361447 -1.00814 -0.144073 -0.0361725 0.712043 -0.563447 1.10658 0.857662 0.888066 0.0399969 0.427805 -0.250519 0.231117 -0.838245 -0.136242 1.34875 0.291033 -0.217425 0.672439 -0.0641547 0.238183 0.170449 -0.36228
202 0.597049 -0.621313 -0.487907 -0.26546 0.520321 0.00503004 -0.152121 -0.142832 -0.160041 0.43733 -0.712146 0.104414 -0.684107 1.17873 -0.757888 -0.397363 0.478234 0.263396 -0.142113 -0.266089 -0.483433 -0.534311 -0.036631 -0.124941 0.227494 0.675681 -0.391169 0.55284 0.714299 -0.0526453 0.378431 -0.132841
203 0.733852 -0.62689 -0.53133 -0.22839 0.783124 -0.0161727 -0.0507258 -0.21846 -0.285727 0.52819 -0.690632 0.0731113 -0.690455 1.39489 -0.919667 -0.428527 0.455639 0.196119 -0.0974526 -0.291078 -0.571224 -0.575809 -0.0145047 -0.148201 0.248339 0.705599 -0.514073 0.654838 0.720332 -0.142931 0.507214 -0.107858
204 0.712876 -0.32689 -0.457249 -0.22558 1.14408 -0.0668814 0.129596 -0.291791 -0.510525 0.569531 -0.37634 -0.0283373 -0.365926 1.2106 -0.956768 -0.304696 0.320836 0.161616 0.0546243 -0.210465 -0.479013 -0.42608 -0.0592998 -0.164326 0.426678 0.75595 -0.595905 0.842917 0.599842 -0.212151 0.537176 0.151293
201 0.609021 -0.70778 -0.619157 -0.352242 0.454973 0.0555895 -0.274732 -0.017042 -0.120708 0.47841 -0.908494 0.218984 -0.811297 1.33483 -0.758113 -0.432726 0.559237 0.329739 -0.181327 -0.34297 -0.57249 -0.671675 -0.0813612 -0.162004 0.203106 0.847617 -0.43982 0.6371 0.814099 -0.0103142 0.42347 -0.302728
160 0.484465 -1.16859 -0.533982 -0.4367 0.289802 0.3553 0.377913 0.161285 -0.811897 0.037166 -0.499022 -0.0288793 -0.508122 0.474273 -0.551932 0.611266 1.17401 0.892677 0.353945 0.0137795 -0.142705 0.470283 -0.234437 0.47064 1.34101 0.435265 -0.403418 0.582261 -0.264401 0.267286 0.307092 -0.737003
18 -0.0425824 -0.610941 0.0813029 0.0145423 -0.362136 -0.322129 0.606243 -0.117407 0.653959 -0.282757 -0.145963 -0.0986544 -0.187779 -0.0741603 0.563604 -0.315569 0.236238 1.44551 0.131356 -0.593848 -0.568265 0.385409 -0.0652388 -0.00123146 1.33491 0.893304 -1.01252 1.57912 0.200594 -0.0627437 -0.0879237 -0.339553
17 -0.0605378 -0.581687 -0.00272443 0.0458077 -0.296475 -0.319635 0.521284 -0.0334447 0.636539 -0.215129 -0.164613 -0.0887801 -0.283301 -0.120675 0.490495 -0.341186 0.204998 1.31548 0.110558 -0.586611 -0.465229 0.382518 -0.106725 0.0775833 1.23853 0.876769 -1.02813 1.55091 0.235323 -0.070349 -0.0925839 -0.238382
16 -0.0696461 -0.422414 -0.124363 0.170676 -0.251403 -0.224893 0.392682 0.0410944 0.589724 -0.224216 -0.0876756 -0.134324 -0.457209 -0.148296 0.349877 -0.332595 0.162382 1.03039 0.170688 -0.57358 -0.326235 0.228281 -0.204847 0.21112 0.979231 0.816455 -0.987353 1.33735 0.296193 -0.101545 -0.0616086 -0.168787
15 -0.148058 -0.381477 -0.23388 0.261729 -0.244402 -0.161896 0.36075 0.114799 0.702448 -0.228267 -0.136259 -0.134027 -0.616039 -0.118028 0.239608 -0.378859 0.229808 1.04768 0.233463 -0.632214 -0.314488 0.185523 -0.249436 0.324133 1.03865 0.964276 -1.11924 1.47321 0.418321 -0.12281 -0.0720914 -0.150036
14 -0.162579 -0.145675 -0.496815 0.449396 -0.185853 0.0198792 0.268066 0.305453 0.64602 -0.294624 -0.0506918 -0.0975306 -0.784876 0.0863851 -0.021818 -0.342598 0.214864 0.798161 0.352012 -0.578413 -0.218377 0.0506751 -0.367173 0.659008 1.02631 1.05694 -1.16858 1.41748 0.697868 -0.233153 -0.0873708 -0.154591
110 -0.0157598 -0.429288 0.127102 -0.500728 0.493079 -0.544634 -0.473417 0.256205 0.245881 0.444187 -0.985998 -0.310794 -0.227876 0.491946 -0.311955 -0.351868 -0.475369 0.497845 -0.399768 -0.0868101 0.411962 0.576633 0.618304 -0.34375 1.05227 1.14243 -0.682205 1.07882 0.350962 0.276213 -0.54332 -0.674127
109 -0.0426946 -0.340753 0.13621 -0.401169 0.413936 -0.592001 -0.444766 0.227688 0.323687 0.472213 -0.919292 -0.262452 -0.191488 0.365932 -0.336149 -0.310228 -0.501615 0.458165 -0.341116 -0.134949 0.374996 0.55912 0.630218 -0.322023 0.981929 1.08292 -0.589361 1.03725 0.31811 0.277836 -0.462275 -0.635015
111 0.113176 -0.624123 0.162198 -0.598157 0.520131 -0.587 -0.491423 0.252595 0.0537892 0.0957044 -0.978198 -0.575292 -0.103229 0.639021 -0.0553103 -0.596346 -0.390202 0.455153 -0.740802 0.0978776 0.564508 0.527154 0.424373 -0.351301 0.979903 1.23905 -0.850435 1.06878 0.227919 0.249364 -0.587512 -0.800066
206 0.687572 -0.200285 -0.415561 -0.199352 1.32392 -0.0657944 0.163514 -0.31259 -0.52069 0.585496 -0.268028 -0.0279017 -0.326912 1.25272 -0.967777 -0.263936 0.232507 0.176217 0.0779525 -0.216252 -0.449243 -0.343645 -0.0928628 -0.162682 0.41207 0.813388 -0.663262 0.887759 0.563323 -0.291099 0.516655 0.217992
200 0.424615 -0.687356 -0.568677 -0.426116 0.0258077 0.123362 -0.481819 0.125047 -0.00570559 0.397209 -1.05416 0.278203 -0.866829 1.14406 -0.554725 -0.460801 0.716723 0.480653 -0.234738 -0.449335 -0.654464 -0.765363 -0.080203 -0.251407 0.200284 1.04647 -0.456296 0.681045 0.794418 0.135844 0.384654 -0.454979
198 0.289436 -0.707699 -0.515194 -0.444659 -0.164556 0.190478 -0.610436 0.305367 0.105926 0.282635 -1.12868 0.389154 -0.903603 1.03758 -0.409391 -0.477965 0.803959 0.646922 -0.216652 -0.465408 -0.652931 -0.815404 -0.115319 -0.286938 0.252274 1.16329 -0.443434 0.666723 0.775568 0.262977 0.399659 -0.569927
197 0.175114 -0.607822 -0.445276 -0.500973 -0.327197 0.278067 -0.632768 0.404171 0.163739 0.195472 -1.16529 0.375842 -0.863991 0.919515 -0.326078 -0.43873 0.908975 0.7063 -0.211949 -0.545862 -0.775645 -0.886638 -0.0555878 -0.316842 0.16457 1.2552 -0.432473 0.609262 0.652518 0.258109 0.380713 -0.580339
2 -0.0604329 0.0934591 0.102279 -0.219573 1.16044 0.810319 0.191255 0.632134 0.22914 -0.387151 -0.555601 0.123874 0.39997 1.06797 -0.454998 0.0117963 0.611614 0.891564 -0.50301 -0.155718 -0.592849 -0.0381819 -0.552168 0.487458 0.619539 1.47003 -0.532198 0.919289 -0.0269516 -0.727332 -0.152569 -0.104965
3 -0.164658 -0.0172397 -0.0907848 -0.112266 1.15647 0.876988 0.132161 0.827263 0.169634 -0.460168 -0.606456 0.174938 0.187311 1.08247 -0.34012 0.147292 0.483744 1.0577 -0.384952 -0.245165 -0.619166 0.0257224 -0.554752 0.477916 0.523863 1.26266 -0.580526 0.911076 -0.0111324 -0.70174 -0.330297 -0.176484
4 -0.168863 -0.0803778 -0.179252 -0.0897957 1.14249 0.843734 0.0773121 0.853802 0.157943 -0.460647 -0.594571 0.176211 0.0754233 1.05688 -0.337169 0.110201 0.389073 1.12144 -0.309802 -0.251657 -0.62441 0.044435 -0.495816 0.436658 0.573067 1.16388 -0.560495 0.906325 0.0184993 -0.614119 -0.393066 -0.223406
285 -0.159941 -0.670692 -1.1464 -0.400003 0.449884 0.502179 0.320897 0.343895 -0.0938634 0.21525 -0.232148 -0.611408 0.0155238 1.31016 -1.02763 0.275565 0.598139 1.13503 0.692722 -0.347823 0.14443 -0.699554 0.006381 -0.224705 0.792286 1.0976 -0.407612 0.546252 0.00397032 0.861366 -0.019025 0.241208
286 -0.184655 -0.600155 -1.04173 -0.327094 0.425988 0.442359 0.302387 0.32036 -0.0674173 0.183735 -0.170553 -0.574268 0.0239182 1.16824 -0.927025 0.256709 0.517456 0.976842 0.60663 -0.337615 0.12467 -0.642324 0.0273514 -0.20041 0.622931 0.967263 -0.345591 0.412401 0.0173319 0.76514 0.00356692 0.22018
287 -0.148947 -0.657116 -1.09232 -0.443771 0.475735 0.457224 0.273652 0.347321 -0.0642997 0.177098 -0.191017 -0.613598 0.0550702 1.17441 -0.973982 0.231344 0.600944 1.09729 0.661702 -0.37954 0.0978768 -0.696223 -0.0303145 -0.244101 0.716551 1.11848 -0.345612 0.576423 0.0818603 0.817347 0.0713964 0.211756
284 -0.0632062 -0.42316 -1.07793 -0.234962 0.467525 0.488408 0.309187 0.126415 -0.156867 0.158255 -0.136187 -0.429883 -0.0420207 1.29577 -1.08235 0.178038 0.463998 0.900716 0.637618 -0.21942 0.164713 -0.465929 -0.137649 -0.0893011 0.841546 0.984317 -0.454557 0.424359 -0.0414277 0.780353 -0.127815 0.383455
282 0.00244732 -0.212667 -0.926083 -0.0943191 0.538593 0.45752 0.254995 -0.0753751 -0.19283 0.0840275 -0.129059 -0.171428 -0.1731 1.2304 -1.12979 0.088988 0.291761 0.698795 0.558709 -0.0592124 0.148622 -0.181528 -0.246433 0.0349087 0.917182 0.928217 -0.512755 0.345944 -0.03842 0.649291 -0.257066 0.502415
283 -0.0767564 -0.398418 -0.878816 -0.286416 0.394076 0.460756 0.22864 0.160647 -0.123964 0.139684 -0.128402 -0.316842 -0.0857391 1.09209 -0.937375 0.168273 0.435818 0.812765 0.494616 -0.195855 0.129226 -0.40007 -0.0789402 -0.125713 0.744415 0.853832 -0.380287 0.390735 -0.000386798 0.616599 -0.0902504 0.27515
296 0.542156 -0.136832 0.103927 -0.541178 1.40507 0.417163 -0.103413 0.133186 0.294941 -0.359838 -0.0275152 -0.000203731 0.301887 0.270424 -0.427322 -0.740592 0.569993 0.750068 0.0725386 -0.080658 -0.296435 0.15486 -0.678753 0.20864 0.535914 1.86392 -0.13384 0.734327 0.188558 -0.181331 0.471462 -0.00491614
294 0.501344 -0.284477 -0.0686807 -0.636505 1.25886 0.269354 -0.118729 0.109263 0.222331 -0.254977 0.00851824 -0.0628417 0.0799587 0.279356 -0.419678 -0.67353 0.473778 0.795936 0.230576 -0.109794 -0.202806 0.222394 -0.557461 0.0863562 0.452738 1.62912 -0.0736956 0.646011 0.274971 -0.0303784 0.478893 0.0376406
295 0.445856 -0.194077 0.0106296 -0.5127 1.14969 0.262734 -0.112772 0.0925008 0.208374 -0.218326 0.0242343 -0.0563442 0.177288 0.223045 -0.372631 -0.594151 0.470349 0.638965 0.114023 -0.0305473 -0.205561 0.11699 -0.501876 0.112623 0.421552 1.44227 -0.0412995 0.555318 0.195866 -0.0645007 0.383327 0.00697264
32 0.125734 -0.164408 -0.272284 -0.0171648 0.701152 -0.45858 0.33804 0.15843 0.291927 0.941268 0.204019 0.330304 -0.375904 0.726753 -0.35353 -0.213348 0.403063 0.919917 -0.288132 -0.138382 0.069693 -0.164313 -0.58077 -0.0117334 1.38778 0.254299 0.263727 1.7302 0.119466 -0.490324 -0.519935 -0.464806
30 0.151162 -0.115149 -0.195558 0.02621 0.655863 -0.490193 0.416003 0.21143 0.197883 0.780362 0.153572 0.342059 -0.234248 0.786105 -0.301981 -0.183013 0.373158 0.968232 -0.225201 -0.0395071 0.131386 -0.182477 -0.55446 0.0242361 1.2477 0.268627 0.342204 1.61606 0.0525069 -0.577012 -0.549415 -0.488354
31 0.130669 -0.16931 -0.260415 -0.0354502 0.612601 -0.391828 0.294015 0.157955 0.220118 0.802223 0.137161 0.269963 -0.305834 0.708735 -0.298111 -0.171032 0.380042 0.814433 -0.287164 -0.101832 0.0553391 -0.0945087 -0.553758 -0.0100472 1.14641 0.207892 0.282402 1.42277 0.112718 -0.454302 -0.497915 -0.36408
29 0.126669 -0.00859568 -0.123725 0.298839 0.37628 -0.571291 0.642787 0.0967167 0.0134703 0.40931 0.00818889 0.313231 0.0249376 0.904802 -0.399811 -0.0949925 0.239133 1.08272 -0.0915924 0.128847 0.0725151 -0.254675 -0.339873 0.0695426 1.09828 0.589005 0.353369 1.55451 0.0525629 -0.63461 -0.381335 -0.595334
28 0.129242 0.0620789 -0.0658234 0.386532 0.244062 -0.554921 0.647556 0.116449 -0.0112052 0.264028 -0.0617852 0.292717 0.128274 0.891084 -0.359647 -0.0504696 0.213991 1.05187 -0.0181966 0.184336 0.130451 -0.25359 -0.272223 0.107162 0.997028 0.592288 0.34781 1.39098 0.05373 -0.591452 -0.345311 -0.594694
113 0.164913 -0.615314 0.186482 -0.566871 0.416063 -0.483285 -0.47621 0.226956 -0.0930199 -0.0476492 -0.781946 -0.644033 -0.0369716 0.65408 0.0386768 -0.48802 -0.160749 0.555954 -0.883123 0.18224 0.525181 0.457668 0.249768 -0.322856 1.06988 1.30061 -0.836817 0.899116 0.254946 0.190148 -0.518495 -0.669281
112 0.0995575 -0.534856 0.151866 -0.520408 0.452347 -0.502275 -0.406837 0.254174 0.0227601 0.0734314 -0.850889 -0.50713 -0.107071 0.647625 -0.04827 -0.517571 -0.297333 0.504959 -0.674876 0.0725363 0.455544 0.426621 0.294117 -0.305991 0.994339 1.18822 -0.774728 1.12902 0.186421 0.183113 -0.584449 -0.711324
189 -0.627447 0.609394 0.247143 0.0830845 -0.331538 0.695788 0.0020284 -0.050642 -0.197318 0.0734438 -0.545228 -0.318075 -0.531236 0.263395 -0.94714 0.00396775 0.694334 0.726348 0.367191 -0.542971 -0.164387 -0.356809 0.367502 -0.142742 0.98433 1.48916 -0.645596 1.14328 -0.112263 -0.078531 0.151376 -0.120694
188 -0.610948 0.439675 0.402535 0.00233442 -0.355741 0.69546 -0.0085455 -0.0640463 -0.383235 0.00940331 -0.446293 -0.256406 -0.664144 0.247875 -0.808428 0.0634695 0.591253 0.662681 0.445136 -0.656553 -0.175915 -0.230307 0.230524 -0.065235 1.15156 1.64749 -0.611339 1.36276 -0.0900565 -0.122547 0.0354443 -0.0797373
186 -0.589205 0.407434 0.429256 0.0460695 -0.37954 0.729756 -0.0061123 -0.0477556 -0.444847 -0.0724755 -0.373733 -0.204235 -0.69772 0.173326 -0.730994 0.0654056 0.460002 0.532581 0.44156 -0.668573 -0.158919 -0.207676 0.204048 -0.0217577 0.995713 1.55888 -0.541066 1.274 -0.170939 -0.287874 0.0234763 -0.0340787
185 -0.338214 0.277732 0.598567 -0.141168 -0.381031 0.682018 0.0147999 -0.122175 -0.71482 -0.0968262 -0.387674 -0.0912659 -0.810527 0.233011 -0.466019 0.200718 0.363292 0.487625 0.564853 -0.672168 -0.282648 -0.00106955 0.0123409 -0.0154063 1.03381 1.63089 -0.465399 1.475 -0.126383 -0.440103 -0.114918 -0.0780415
184 -0.247657 0.239417 0.539727 -0.087275 -0.366498 0.599915 -0.0108394 -0.111058 -0.709128 -0.114907 -0.362677 -0.0840475 -0.816666 0.188567 -0.378702 0.204692 0.297462 0.466593 0.56913 -0.619043 -0.311796 0.0159379 -0.0484422 -0.00241679 0.95249 1.53074 -0.45797 1.46744 -0.0310938 -0.481865 -0.141473 -0.0164296
56 0.362357 -0.402965 -0.300125 -1.62988 0.498796 0.644889 0.230977 0.793516 -0.65658 0.562799 0.364407 -0.195692 -0.167206 0.867379 0.496836 -0.380327 -0.0278431 0.548474 0.295405 -0.10056 -0.315452 -0.0176183 -0.365737 -0.0203385 1.48726 0.434913 -0.600272 1.15802 0.378096 -0.158627 0.253173 -0.346322
55 0.414214 -0.440094 -0.289806 -1.51935 0.507478 0.671371 0.156565 0.743883 -0.640942 0.510087 0.310953 -0.222516 -0.114456 0.754828 0.500968 -0.301771 -0.00204577 0.489482 0.244977 -0.0620134 -0.362358 0.0227918 -0.355459 0.0264741 1.34375 0.490209 -0.569932 1.02046 0.383714 -0.205065 0.225577 -0.340993
54 0.517931 -0.532176 -0.455403 -1.74961 0.671826 0.71139 0.123025 0.848244 -0.719551 0.631227 0.324177 -0.191894 -0.187491 0.861491 0.525793 -0.34386 -0.0324292 0.545942 0.212106 -0.0351708 -0.421979 -0.00709184 -0.498992 0.101457 1.44576 0.481147 -0.594107 1.11348 0.33247 -0.260762 0.212941 -0.308878
53 0.621918 -0.544615 -0.548003 -1.63435 0.831838 0.623301 -0.0062009 0.752741 -0.68994 0.607229 0.138995 -0.141267 -0.23016 0.801538 0.424755 -0.3112 0.0451947 0.440926 0.216637 0.0629068 -0.503475 -0.0874562 -0.639913 0.103901 1.25088 0.518675 -0.542983 1.01812 0.22113 -0.207237 0.160195 -0.221006
51 0.59083 -0.572682 -0.666734 -1.46635 0.937824 0.512224 -0.0679438 0.620022 -0.633332 0.613799 0.0467277 -0.0859855 -0.195056 0.763981 0.2998 -0.271736 0.0826756 0.532261 0.103084 0.126957 -0.524504 -0.0564284 -0.705288 0.221624 1.03402 0.564142 -0.495708 0.970739 0.118572 -0.186093 0.11899 -0.0951666
75 -0.239821 -0.823878 0.387183 -0.203482 1.25346 -0.423679 -0.736779 -0.0641379 0.316323 -0.113011 -0.37547 -0.183578 -0.604474 0.73949 -0.154136 0.214187 0.323568 1.23727 0.544121 -0.104929 0.186568 -0.60384 -0.499783 -0.40894 0.471726 1.0206 0.206144 0.760874 0.646918 0.259934 -0.117403 0.36223
76 -0.166681 -0.734851 0.455052 -0.190524 1.03719 -0.430889 -0.604265 -0.192085 0.256147 -0.0712648 -0.252753 -0.187236 -0.572459 0.743689 -0.121957 0.0998548 0.387123 1.31021 0.512018 -0.15462 0.139055 -0.562145 -0.457772 -0.236671 0.415107 0.911939 0.22185 0.719301 0.526237 0.199529 -0.11657 0.337424
77 -0.194544 -0.749127 0.467948 -0.182237 1.10208 -0.443628 -0.638201 -0.177915 0.306824 -0.100754 -0.303064 -0.19281 -0.601379 0.813601 -0.103161 0.107004 0.402524 1.36198 0.575586 -0.137289 0.136867 -0.626134 -0.503359 -0.250849 0.445435 0.966927 0.279562 0.744473 0.535465 0.269138 -0.0889152 0.346247
199 0.34803 -0.711442 -0.477981 -0.417357 -0.0868828 0.068038 -0.562178 0.238323 0.128014 0.268488 -0.968416 0.394469 -0.796742 0.963844 -0.342968 -0.43467 0.620598 0.493471 -0.245959 -0.375957 -0.533432 -0.668066 -0.126534 -0.186762 0.163968 0.904944 -0.31455 0.569745 0.784951 0.210354 0.29025 -0.527993
267 -0.418656 -0.833482 0.232659 0.0524691 0.736577 0.0494989 -0.354465 -0.0149116 -0.678145 0.186908 -0.4957 0.880029 -0.54443 0.408125 0.088495 -0.326359 0.156687 1.14115 0.145493 0.387157 -0.429829 0.129628 0.894909 0.420947 0.522988 0.947227 -0.837575 1.13832 0.42936 0.534591 -0.0288507 -0.373314
268 -0.417412 -0.760662 0.164549 0.0581414 0.672326 0.0293836 -0.317128 0.000168708 -0.581886 0.201149 -0.40187 0.772167 -0.459944 0.314761 0.0136705 -0.312362 0.108578 0.927909 0.124048 0.332408 -0.366948 0.111277 0.771688 0.411356 0.370764 0.821308 -0.781435 1.03924 0.284289 0.457439 -0.00359081 -0.317223
266 -0.230605 -0.980052 0.311554 -0.145959 0.713796 0.237238 -0.349743 -0.0673713 -0.788346 0.22589 -0.432246 1.03066 -0.467178 0.362776 0.346013 -0.243853 0.31451 1.25387 0.125573 0.518913 -0.50129 -0.0283872 0.812538 0.246459 0.677382 0.949538 -0.733727 0.951255 0.660979 0.522478 -0.0491075 -0.36165
264 -0.043977 -1.01294 0.352789 -0.21145 0.592927 0.308682 -0.25713 -0.153642 -0.810173 0.222004 -0.340555 1.09158 -0.403167 0.377135 0.457081 -0.174669 0.442801 1.37862 0.131158 0.594822 -0.535426 -0.128844 0.714235 0.142261 0.759258 0.924882 -0.630548 0.76613 0.865081 0.459107 -0.0898725 -0.297862
265 -0.131289 -0.84348 0.320292 -0.11195 0.553522 0.279391 -0.219318 -0.102449 -0.668078 0.15234 -0.314922 0.897936 -0.371776 0.305723 0.358246 -0.195729 0.341036 1.14048 0.151313 0.516173 -0.445695 -0.0859352 0.645213 0.203192 0.588547 0.793915 -0.628322 0.758771 0.666942 0.41555 -0.0299496 -0.249394
68 -0.0136408 -0.668149 -0.362814 -0.310519 1.71203 0.0814164 -1.04811 0.727107 -0.206057 0.0819546 -0.758074 0.433621 -0.288073 0.357541 -0.465633 0.481093 0.203984 0.0968688 0.257058 -0.234551 0.291252 0.0290236 -0.397243 -0.574156 0.759718 1.18705 -0.425418 0.97622 0.939375 -0.150114 0.00472975 0.180911
66 -0.0228412 -0.653606 -0.37866 -0.520067 1.54916 0.173344 -0.982422 0.847691 -0.383741 0.134507 -0.652522 0.412756 -0.230217 0.452298 -0.398884 0.480476 0.158752 0.0898651 0.28222 -0.421341 0.373877 0.0965459 -0.294019 -0.553449 0.87061 1.04613 -0.497393 1.03038 0.921306 -0.227627 0.0632034 0.200504
69 -0.185945 -0.672966 -0.233668 -0.13201 1.83009 -0.0238683 -1.04324 0.647323 0.0558552 -0.0595067 -0.777606 0.336697 -0.362829 0.48181 -0.386862 0.451632 0.203113 0.378842 0.377009 -0.159617 0.208147 -0.147273 -0.375362 -0.661653 0.758016 1.21886 -0.307103 1.01451 0.971514 0.138225 -0.0549467 0.17378
71 -0.326386 -0.713657 -0.185835 -0.0382361 1.85874 -0.121316 -1.02718 0.560812 0.196771 -0.115568 -0.777843 0.234359 -0.438405 0.528299 -0.365219 0.463002 0.200324 0.518791 0.429719 -0.0918373 0.191023 -0.248542 -0.44584 -0.73247 0.748469 1.25585 -0.167039 1.02439 0.96167 0.243848 -0.103574 0.195642
72 -0.387572 -0.798408 0.035392 -0.125536 1.79412 -0.26252 -0.976318 0.36705 0.316996 -0.170193 -0.702373 0.05194 -0.524555 0.658764 -0.227957 0.381485 0.240086 0.876504 0.558046 -0.0917275 0.204513 -0.457617 -0.48633 -0.697324 0.635545 1.15778 0.00799698 0.93481 0.908965 0.33896 -0.121493 0.23033
74 -0.342331 -0.802544 0.207647 -0.125042 1.60971 -0.332826 -0.846483 0.132349 0.368954 -0.167138 -0.547603 -0.0347668 -0.576459 0.685061 -0.190944 0.243723 0.265478 0.993594 0.558965 -0.102687 0.183307 -0.543215 -0.508297 -0.593721 0.510561 1.07442 0.160313 0.81806 0.76555 0.317493 -0.102587 0.31527
191 -0.580696 0.531035 0.0619203 0.0102022 -0.390034 0.654598 -0.0591199 0.0383155 0.0286195 0.13511 -0.724802 -0.303166 -0.574234 0.330659 -0.922879 -0.145306 0.812204 0.741531 0.254669 -0.509235 -0.258596 -0.480218 0.428541 -0.227326 0.824519 1.45748 -0.668855 0.993285 -0.0391535 0.0404184 0.257641 -0.185853
187 -0.597654 0.409523 0.394594 0.0922971 -0.366478 0.661159 0.00390138 -0.042528 -0.318245 -0.0688293 -0.379478 -0.214235 -0.627341 0.150836 -0.723052 0.0561541 0.49327 0.539456 0.390323 -0.62256 -0.15168 -0.246134 0.19604 -0.0387521 0.995365 1.49234 -0.566552 1.20967 -0.15333 -0.216886 0.0560032 -0.0672743
63 -0.391791 -0.55932 -0.1797 -0.870075 1.01447 0.178771 -0.594939 1.01929 -0.550451 0.134954 -0.22443 0.240191 -0.149884 0.674857 -0.122873 0.284033 -0.0596682 0.190529 0.400097 -0.725364 0.478262 0.216384 -0.150851 -0.535382 1.10896 0.589231 -0.490661 1.10688 0.687324 -0.219368 0.144116 0.104737
62 -0.524551 -0.473304 -0.0860678 -1.01419 0.671082 0.177527 -0.292807 0.999581 -0.635755 0.175923 -0.0208746 0.1041 -0.0732649 0.894305 -0.0222765 0.162723 -0.166219 0.30388 0.492561 -0.816095 0.458333 0.205153 -0.115728 -0.540864 1.2585 0.360934 -0.496239 1.13087 0.501968 -0.186353 0.23568 -0.00673284
64 -0.290318 -0.516254 -0.191488 -0.773787 0.944994 0.159725 -0.608561 0.899721 -0.474431 0.163562 -0.271719 0.23766 -0.14382 0.582168 -0.173382 0.31185 -0.0578043 0.131164 0.315885 -0.614463 0.446404 0.206644 -0.198002 -0.46302 0.964571 0.594582 -0.422771 0.969373 0.58576 -0.234265 0.11893 0.0977241
65 -0.201256 -0.595018 -0.246745 -0.712192 1.20588 0.169666 -0.76591 0.948117 -0.493586 0.178787 -0.424531 0.363175 -0.180866 0.550679 -0.260285 0.406787 0.012437 0.10079 0.349717 -0.605873 0.485738 0.207468 -0.214562 -0.480598 0.983636 0.780988 -0.502248 1.04006 0.775916 -0.239401 0.107161 0.161118
136 0.684893 -0.0489733 -0.332048 0.125969 -0.0899229 0.256766 -0.449323 -0.28978 -0.210315 -0.303481 -0.316824 -0.0813428 0.251423 0.502534 0.508329 -0.319875 -0.237155 0.85775 0.448385 -0.480195 0.0439478 0.0610383 -0.684276 0.0662912 0.63654 0.735867 -0.166527 1.08878 -0.0661279 0.815449 0.152777 0.00180835
216 0.591131 0.137398 -0.178808 -1.10953 1.39092 -0.511616 -0.0238369 -0.0198712 -0.563951 0.396516 -0.32743 0.132385 0.221457 0.537765 -0.444024 -0.355306 -0.0209257 0.604696 0.804887 0.0951828 -0.200054 -0.148647 -0.343312 0.0578456 0.429218 0.834347 -0.704888 0.903715 0.513511 0.443905 0.08718 0.041041
215 0.650038 0.229401 -0.0605401 -1.16054 1.59843 -0.516403 -0.0853836 -0.0656426 -0.643522 0.423262 -0.34015 0.152361 0.0990413 0.679715 -0.387226 -0.348211 -0.25651 0.776313 0.722863 0.056367 -0.0999443 -0.187709 -0.424105 -0.0215601 0.398876 0.83333 -0.901268 1.1592 0.480909 0.344866 0.100318 0.0328929
214 0.660684 0.0950758 -0.00494019 -1.05637 1.5281 -0.350546 -0.0830619 -0.070395 -0.606605 0.351003 -0.245264 0.0966835 0.0041282 0.654284 -0.289566 -0.303128 -0.323077 0.763224 0.611737 0.0359015 -0.062256 -0.216188 -0.343511 -0.0416937 0.319592 0.68818 -0.892402 1.08145 0.365355 0.227553 0.172984 0.0568819
213 0.701646 0.267342 0.0545248 -1.04325 1.65009 -0.414696 -0.00754519 -0.0446841 -0.661581 0.471238 -0.25252 0.178109 0.000912185 0.815161 -0.358323 -0.3581 -0.464343 0.705814 0.564031 -0.118106 -0.0121631 -0.226206 -0.425439 -0.0736929 0.310665 0.76274 -1.06579 1.21459 0.429205 0.0773002 0.255868 0.00908736
212 0.641696 0.354934 0.0194893 -0.900359 1.66794 -0.353675 -0.023142 -0.0451289 -0.678285 0.547562 -0.261936 0.251202 0.00152758 0.894539 -0.371285 -0.321383 -0.486438 0.724906 0.369542 -0.306533 0.105505 -0.107573 -0.459512 -0.160675 0.429873 0.876997 -1.12212 1.36675 0.459312 -0.0431802 0.306321 -0.0312844
279 0.174062 0.12639 -0.707862 0.247886 0.637323 0.296807 0.124087 -0.470679 -0.289432 0.0136536 -0.154837 0.134261 -0.303619 1.20017 -1.10181 -0.0255234 0.0253019 0.481172 0.469534 0.24054 0.157634 0.378053 -0.511097 0.270859 1.28266 0.970654 -0.760317 0.443701 0.033908 0.534215 -0.500445 0.673187
278 0.18814 0.0705266 -0.440504 0.24777 0.643281 0.0504083 -0.0171045 -0.476739 -0.429382 0.0918207 -0.271936 0.263644 -0.305872 1.02575 -0.913815 -0.116164 -0.0448969 0.445436 0.265379 0.366559 0.0645513 0.605571 -0.461979 0.398663 1.2676 0.912972 -0.846334 0.597532 0.212133 0.383346 -0.570706 0.54696
277 0.236578 0.127212 -0.356394 0.31534 0.674834 0.00827333 -0.0526543 -0.536073 -0.437257 0.14217 -0.244063 0.286846 -0.348735 0.947731 -0.903255 -0.136785 -0.0774247 0.361641 0.205445 0.356145 0.0176078 0.673738 -0.50575 0.406601 1.21436 0.824457 -0.853514 0.526468 0.233303 0.279631 -0.566733 0.522201
276 0.180709 0.0346837 -0.332158 0.30443 0.701105 -0.0711487 -0.111018 -0.566101 -0.524565 0.173386 -0.319143 0.34698 -0.420241 1.02396 -0.916537 -0.190225 -0.100719 0.443693 0.232374 0.435772 -0.0328766 0.731444 -0.462239 0.461057 1.26949 0.924037 -0.966643 0.69161 0.252481 0.320376 -0.612444 0.538049
275 -0.117657 -0.215619 -0.185796 0.3263 0.730254 -0.158392 -0.131095 -0.4596 -0.591629 0.255773 -0.378336 0.483769 -0.401069 0.763701 -0.822289 -0.269099 -0.127592 0.428031 0.193754 0.500312 -0.222864 0.66489 -0.107786 0.600716 0.834204 0.80403 -1.01292 0.705777 0.126858 0.347974 -0.469256 0.358737
103 -0.104041 -0.0520784 0.0512537 -0.248392 0.400877 -0.275233 -0.617776 -0.0234709 0.232688 0.754272 -0.579905 -0.141596 -0.508995 0.145148 -0.54719 0.237509 -0.178821 0.776802 -0.0220246 0.000657019 -0.0828509 0.580977 0.752254 -0.384346 1.23081 0.895457 -0.128796 0.646132 0.677343 0.438973 -0.516695 0.0926292
117 0.372318 -0.533998 0.28416 -0.360666 -0.00505789 -0.387272 -0.579024 0.0316368 -0.369266 -0.461504 -0.507744 -0.758577 0.132137 0.747597 0.146011 -0.161035 0.413712 0.783636 -1.14123 0.452096 0.436776 0.390017 -0.216121 -0.245706 1.42762 1.64934 -1.06259 0.509557 0.414578 0.149004 -0.0413582 -0.303372
116 0.304155 -0.577178 0.277066 -0.437574 0.179601 -0.440379 -0.629516 0.117963 -0.319654 -0.352896 -0.637083 -0.733601 0.00757796 0.727234 0.136492 -0.244067 0.286517 0.675214 -1.11577 0.41225 0.422864 0.357291 -0.0912418 -0.23816 1.2627 1.52535 -0.973055 0.504972 0.299955 0.100314 -0.214279 -0.443559
166 -0.258139 -0.394852 0.0988932 0.136819 0.130333 -0.177596 0.278446 0.094873 -0.452994 0.39201 -0.952131 -0.0911668 0.0204991 0.703391 -0.498185 1.02907 0.668348 0.823999 -0.0127178 0.447042 -0.223768 0.131106 -0.807967 -0.137239 1.25301 0.161102 -0.14433 0.670807 -0.0757746 0.204743 0.117008 -0.310048
85 0.141634 0.0462485 -0.0404675 -0.60878 0.192814 -0.502308 -0.109435 -0.144434 -0.335985 0.0853847 -0.164444 -0.228919 -0.218449 1.55641 0.226074 -0.109766 0.508248 1.40932 0.206728 -0.492882 -0.0840355 -0.10651 0.0770426 0.433279 0.406756 0.454279 0.089691 0.721427 0.241178 -0.01438 -0.210947 -0.00189829
263 0.133506 -1.00609 0.377447 -0.289187 0.521689 0.461241 -0.153303 -0.257485 -0.817201 0.253296 -0.293335 1.04314 -0.330864 0.409263 0.483917 -0.143142 0.579053 1.46605 0.2518 0.703589 -0.56289 -0.270203 0.508073 0.114145 0.849994 0.95246 -0.678203 0.789435 1.04956 0.46749 -0.108799 -0.176571
262 0.145124 -0.95422 0.372458 -0.274481 0.519046 0.4533 -0.0775473 -0.261115 -0.748046 0.237775 -0.302071 0.980857 -0.231419 0.371431 0.403132 -0.106335 0.551136 1.37004 0.294701 0.690735 -0.565303 -0.280143 0.421879 0.112798 0.727586 0.871736 -0.640124 0.634114 0.980795 0.45065 -0.0618624 -0.155939
261 0.265738 -0.912354 0.493687 -0.317331 0.509478 0.541678 -0.0312407 -0.384455 -0.764255 0.234992 -0.33804 0.953876 -0.174554 0.456344 0.364206 -0.057218 0.620621 1.51362 0.427912 0.820388 -0.587729 -0.468342 0.217153 0.117167 0.897084 1.00813 -0.735801 0.747292 1.14251 0.521168 -0.063351 -0.0277275
210 0.624097 0.321096 0.00264375 -0.673724 1.5771 -0.265107 0.043526 -0.0563203 -0.598999 0.588051 -0.240387 0.242186 -0.0470688 1.0093 -0.434338 -0.321984 -0.452174 0.66225 0.216065 -0.441748 0.0733579 -0.0841915 -0.475835 -0.244885 0.437967 0.94309 -1.09181 1.39429 0.476845 -0.244125 0.41067 -0.0240611
209 0.659558 0.26993 -0.147063 -0.485794 1.48918 -0.232219 0.109933 -0.218001 -0.604024 0.623497 -0.13981 0.161875 -0.0811883 1.06657 -0.621714 -0.297233 -0.214022 0.423699 0.18771 -0.400114 -0.120191 -0.148206 -0.306435 -0.217572 0.369559 0.83972 -0.948333 1.15259 0.465923 -0.246537 0.502957 0.07051
207 0.693682 0.0201276 -0.34148 -0.305848 1.45627 -0.129153 0.191283 -0.277944 -0.616282 0.646475 -0.184514 0.0383125 -0.160271 1.15933 -0.830349 -0.266775 0.0152038 0.22768 0.13699 -0.288206 -0.300929 -0.248146 -0.210061 -0.183626 0.448574 0.809505 -0.799007 1.04164 0.504411 -0.289848 0.543602 0.188477
208 0.589667 0.0895115 -0.257603 -0.329721 1.33982 -0.146245 0.094705 -0.204269 -0.565359 0.550178 -0.149879 0.0990384 -0.100865 1.00224 -0.658645 -0.212246 -0.0584285 0.320891 0.091828 -0.3342 -0.190793 -0.194841 -0.206281 -0.190262 0.360114 0.758092 -0.782056 0.984585 0.445305 -0.24758 0.488005 0.143863
205 0.597298 -0.303442 -0.421543 -0.17663 1.09743 -0.0328199 0.137089 -0.269569 -0.456654 0.467801 -0.291829 -0.0409843 -0.330922 1.06293 -0.885595 -0.220363 0.303114 0.114299 0.0937871 -0.182699 -0.418334 -0.325066 -0.0462781 -0.147131 0.39644 0.681986 -0.521755 0.742343 0.512754 -0.198095 0.465829 0.149449
239 0.0411036 0.562568 -0.239131 -0.778219 0.388415 0.540822 -0.486636 0.194525 0.296032 -0.25929 -0.934572 0.77108 -0.777384 0.404528 -0.894807 -0.169454 0.136049 0.686748 0.355654 -0.377476 -0.385979 -0.101666 -0.142979 -0.0172938 1.39043 0.692701 -0.0301021 0.695458 0.334707 0.160598 -0.110657 0.0314844
240 0.0798708 0.768676 -0.273912 -0.485308 0.290289 0.50765 -0.390218 0.400532 0.291348 -0.144214 -0.946082 0.777083 -0.694097 0.308535 -0.972219 -0.0449242 0.0824543 0.74627 0.149853 -0.385531 -0.459784 -0.427856 0.0664231 0.141741 1.50582 0.352682 -0.0803367 0.914583 0.563346 0.0192404 -0.0532354 0.364512
21 0.00256632 -0.497795 0.267476 0.0997443 -0.386953 -0.444213 0.702138 -0.23375 0.471508 -0.267891 -0.15936 0.0403869 0.215771 0.327043 0.511992 -0.229786 0.0755528 1.52204 -0.0120507 -0.337441 -0.489183 0.341941 0.171552 -0.0421294 1.40906 0.835031 -0.571219 1.65422 -0.0282859 -0.135563 -0.135852 -0.575119
20 -0.0153265 -0.63244 0.230091 -0.0422904 -0.409576 -0.386025 0.582523 -0.185069 0.557983 -0.297684 -0.177898 -0.0454176 0.00688261 0.0145407 0.633727 -0.291355 0.153684 1.5122 0.0800128 -0.502991 -0.604245 0.423926 0.096136 -0.0638861 1.40437 0.837096 -0.881469 1.60666 0.0732929 0.00317684 -0.130084 -0.378283
13 -0.137554 -0.0705643 -0.495751 0.446125 -0.0905412 0.0646816 0.15234 0.310981 0.571178 -0.250227 -0.0875065 -0.0716056 -0.779668 0.115568 -0.12817 -0.307079 0.192985 0.691896 0.3524 -0.508658 -0.119639 -0.00937632 -0.410579 0.653174 0.859469 0.995922 -1.07768 1.26893 0.653585 -0.202956 -0.0422257 -0.126971
226 -0.090791 0.306932 -0.172778 -0.0917725 -0.152599 -0.26151 0.0268641 0.463106 -0.177529 0.369202 0.262276 0.125963 -0.00180238 0.572853 -0.831607 -0.863663 0.969956 0.422982 0.206501 0.437573 -0.0743828 -0.141036 -0.291427 -0.27744 1.17736 1.36851 0.26498 0.966518 0.397574 0.939496 0.298307 -0.344349
225 -0.0692615 0.359308 -0.250151 -0.153676 -0.100661 -0.412484 0.0980338 0.398393 -0.17336 0.422495 0.169201 0.116038 0.127477 0.577804 -0.841125 -0.846815 1.04214 0.404425 0.263827 0.424819 -0.15299 -0.123054 -0.337784 -0.186324 1.18411 1.47438 0.267697 0.991358 0.471889 0.982734 0.279396 -0.285089
227 -0.0968251 0.296138 -0.200963 -0.102523 -0.0788305 -0.28124 -0.000795976 0.469182 -0.184116 0.368028 0.239164 0.132505 0.0274516 0.623954 -0.932241 -0.905654 1.00793 0.429303 0.222846 0.44849 -0.0943295 -0.124925 -0.302064 -0.272774 1.22841 1.41723 0.348184 0.977481 0.394297 0.999183 0.29439 -0.435839
223 -0.113361 0.358863 -0.316231 -0.248994 0.0936452 -0.664632 0.181664 0.273714 -0.00657184 0.365005 -0.0506909 0.152063 0.41507 0.368681 -0.762473 -0.633181 1.04469 0.3134 0.653914 0.354996 -0.328466 -0.0545517 -0.365927 0.0507749 1.06949 1.57545 0.214092 0.833684 0.803286 1.00945 0.11708 -0.0770733
255 0.316304 -0.474693 0.623362 -0.433709 0.623214 0.378713 0.320351 -0.280365 -0.393837 0.12735 -0.711868 0.155121 -0.123476 0.335949 -0.433974 0.232964 0.274597 1.00174 0.845608 0.704767 -0.200457 -1.10168 -0.24591 0.346363 1.07942 0.436244 -0.822504 0.861301 0.800301 0.751728 0.0957226 0.208661
256 0.249073 -0.359611 0.589169 -0.301061 0.498604 0.408025 0.338229 -0.319604 -0.372094 0.0681349 -0.576208 0.166885 -0.0612526 0.284385 -0.351276 0.146536 0.284735 0.926662 0.825042 0.680463 -0.237031 -0.937792 -0.242466 0.331326 0.895645 0.443835 -0.739946 0.738607 0.749723 0.727478 0.11842 0.2577
257 0.236417 -0.436447 0.716468 -0.299876 0.473126 0.541217 0.348971 -0.448605 -0.407193 0.077397 -0.621941 0.214925 -0.0410173 0.365528 -0.235659 0.131341 0.426254 1.09024 0.882222 0.853515 -0.328602 -1.01128 -0.315096 0.317382 0.990782 0.645149 -0.837809 0.823502 0.912756 0.753254 0.135124 0.291918
254 0.389912 -0.5035 0.431635 -0.643442 0.788145 0.154365 0.24814 0.0384576 -0.455776 0.365292 -0.879764 0.150998 -0.175315 0.335051 -0.707402 0.379601 0.103386 0.906553 0.738864 0.448535 0.00994688 -1.3483 -0.0976355 0.28699 1.2505 0.136592 -0.775969 0.798215 0.791026 0.707097 -0.0283181 0.0953595
252 0.4102 -0.449602 0.273942 -0.773511 0.852475 0.0190327 0.0737249 0.212027 -0.379152 0.452007 -0.905475 0.17939 -0.237852 0.345086 -0.934877 0.428842 0.0823798 0.925678 0.62453 0.220713 0.131952 -1.46349 -0.0431606 0.187908 1.426 0.0244463 -0.711214 0.74517 0.742564 0.617635 -0.0780984 0.00837092
59 -0.420832 -0.332091 -0.00400553 -1.26918 0.237332 0.240678 0.16558 0.838299 -0.694013 0.305991 0.357174 -0.168146 -0.0657533 1.0866 0.196021 -0.21829 -0.176382 0.65238 0.515966 -0.644146 0.234702 0.181134 -0.0161694 -0.457002 1.63974 0.283184 -0.587493 1.32549 0.491893 -0.0582438 0.341038 -0.26718
58 -0.346022 -0.273134 -0.0223329 -1.2058 0.175283 0.287696 0.232069 0.790293 -0.637302 0.3143 0.3617 -0.186992 -0.0785156 0.983395 0.207127 -0.248128 -0.156003 0.535344 0.449936 -0.523897 0.208441 0.12695 -0.0279893 -0.370548 1.47518 0.208597 -0.50151 1.1342 0.404457 -0.0489845 0.330879 -0.260739
60 -0.566923 -0.417474 -0.00633052 -1.20682 0.411519 0.20346 -0.0789137 0.996567 -0.715393 0.248184 0.189748 -0.0598308 -0.0822432 1.04515 0.108906 -0.0170522 -0.194989 0.4896 0.546223 -0.782583 0.394856 0.200455 0.00100682 -0.546507 1.52388 0.293361 -0.545078 1.28825 0.526443 -0.0902713 0.302206 -0.0994927
61 -0.453347 -0.319828 -0.0306178 -0.88521 0.423511 0.16695 -0.171629 0.776105 -0.531812 0.164734 0.0423406 0.00905541 -0.0769051 0.777331 -0.0143523 0.0358298 -0.142579 0.342004 0.460319 -0.677512 0.309755 0.172348 -0.0497043 -0.463725 1.13051 0.2787 -0.405341 0.971959 0.414984 -0.101906 0.219125 -0.0204948
57 -0.191642 -0.288084 -0.0624104 -1.43991 0.180207 0.383606 0.265145 0.854339 -0.740417 0.384732 0.438328 -0.258228 -0.0905451 1.10957 0.345178 -0.338771 -0.146824 0.670451 0.467714 -0.466105 0.0668262 0.0938779 -0.0906811 -0.325549 1.68297 0.290068 -0.592001 1.27301 0.440017 -0.0446354 0.375662 -0.380084
128 0.835569 -0.0306136 -0.364184 -0.14778 0.37219 0.382766 0.0959129 -0.256234 -0.511382 -0.412009 -0.226353 -0.237987 0.381293 0.559048 0.042414 -0.078751 0.475241 0.670104 -0.0330918 -0.551243 0.261387 0.0227598 -0.499038 -0.17702 0.805996 1.0242 -0.545509 0.748822 0.631136 0.631609 0.660455 -0.1822
127 0.664728 -0.100339 -0.139735 -0.184309 0.230818 0.26017 0.0753011 -0.131682 -0.417554 -0.324336 -0.0707315 -0.17199 0.280231 0.446263 -0.183492 0.0535763 0.471598 0.696889 -0.205987 -0.340926 0.180113 0.0310113 -0.357746 -0.122634 0.816149 1.047 -0.551022 0.80325 0.656472 0.422562 0.485394 -0.102964
129 0.830442 0.00414645 -0.610436 -0.176128 0.609391 0.377322 -0.014783 -0.331438 -0.507348 -0.345451 -0.475956 -0.22035 0.342124 0.790508 0.296861 -0.389692 0.340571 0.81405 0.438747 -0.682301 0.189448 -0.00879916 -0.679823 -0.200622 0.830985 0.992188 -0.485546 0.850745 0.476325 0.768142 0.693832 -0.27173
131 0.864037 -0.012217 -0.661229 -0.182333 0.594531 0.387716 -0.0676095 -0.349689 -0.473156 -0.333446 -0.528154 -0.206197 0.352434 0.751363 0.392292 -0.445451 0.264353 0.841996 0.531194 -0.704554 0.18541 -0.0039799 -0.709698 -0.192331 0.790739 0.904792 -0.395555 0.784565 0.402133 0.842494 0.659046 -0.24215
130 0.804366 0.0466722 -0.594398 -0.149136 0.670288 0.385554 0.0147959 -0.347372 -0.445082 -0.320678 -0.439129 -0.224214 0.340011 0.711585 0.296888 -0.407665 0.272353 0.698668 0.452758 -0.666954 0.186764 0.00345344 -0.648917 -0.186303 0.633865 0.873311 -0.400685 0.654356 0.389564 0.716713 0.666139 -0.209888
159 0.614229 -1.18082 -0.63119 -0.555645 0.339037 0.3352 0.29593 0.121881 -0.832036 -0.00583032 -0.374172 -0.0300314 -0.580537 0.448332 -0.498919 0.45719 1.25984 0.983408 0.355837 -0.104386 -0.178906 0.439804 -0.142697 0.521321 1.40486 0.569059 -0.440885 0.755358 -0.161337 0.30504 0.340832 -0.743137
237 0.0133024 0.40741 -0.176088 -0.938518 0.444791 0.605793 -0.55119 0.108405 0.303444 -0.356051 -0.898655 0.727859 -0.819838 0.462922 -0.848203 -0.313062 0.178843 0.680201 0.45625 -0.411473 -0.330443 0.0673584 -0.313071 -0.152304 1.33536 0.848603 0.0426751 0.452038 0.157458 0.256011 -0.116118 -0.228678
238 0.0265884 0.481339 -0.176762 -0.78646 0.332541 0.535621 -0.434032 0.110426 0.277843 -0.28257 -0.804371 0.703251 -0.698174 0.359397 -0.790552 -0.22243 0.165437 0.583628 0.36224 -0.31831 -0.309938 0.0110041 -0.17248 -0.0547273 1.19612 0.68198 0.0435666 0.446467 0.199246 0.202494 -0.137231 -0.0977642
269 -0.506774 -0.801282 0.120529 0.108902 0.714324 0.00398237 -0.398595 0.00763096 -0.676796 0.246533 -0.509147 0.840128 -0.533425 0.442028 -0.0679391 -0.39935 0.118481 0.967617 0.150205 0.344402 -0.438437 0.178779 0.837643 0.470109 0.409231 0.979967 -0.937685 1.20416 0.243663 0.533185 0.0570359 -0.319362
270 -0.532215 -0.736457 0.0133923 0.130351 0.673833 -0.153538 -0.360471 -0.0501219 -0.665287 0.292888 -0.584453 0.679306 -0.50697 0.479099 -0.374155 -0.431031 0.0174423 0.854795 0.162779 0.36285 -0.454255 0.330564 0.754099 0.618774 0.302914 0.970329 -1.09689 1.28014 0.0586049 0.494249 0.0281586 -0.170527
97 -0.0741081 -0.157057 -0.120512 -0.41516 -0.168927 0.0764852 -0.461148 -0.261435 -0.256722 0.129033 -0.0852633 -0.82267 -0.4054 0.559482 -0.171757 -0.021454 0.483557 1.28475 0.155408 0.348175 -0.233795 0.729488 0.494089 -0.767374 1.19885 0.665069 0.0689269 1.00047 0.88936 0.435055 -1.27698 0.822228
78 -0.0830196 -0.380354 0.416569 -0.232586 0.653369 -0.564545 -0.458721 -0.238648 0.15262 0.0194291 -0.22617 -0.199046 -0.540682 1.2119 0.0684258 -0.00906057 0.48286 1.53214 0.526998 -0.328417 0.0349837 -0.489923 -0.292597 0.133811 0.440023 0.767233 0.265842 0.814817 0.306042 0.115009 -0.110941 0.175202
146 0.396293 -0.418503 -0.140794 -0.277027 -0.372302 -0.609604 -0.671808 0.605263 -0.460298 -0.371818 -0.823224 -0.185951 -0.178338 0.375475 -0.196175 0.301129 0.395184 0.0592929 -0.192474 -0.17828 0.233046 -0.548795 -0.519463 -0.275378 0.887592 0.918045 -0.487927 1.98306 -0.615219 0.230999 0.0740302 0.0119171
145 0.419093 -0.330503 -0.0624548 -0.200013 -0.392358 -0.470965 -0.484382 0.448541 -0.354013 -0.371645 -0.760348 -0.207366 -0.0736607 0.361887 -0.0202564 0.288429 0.373177 0.13383 -0.248674 -0.19513 0.200716 -0.459989 -0.435268 -0.228693 0.716246 0.936948 -0.419596 1.79527 -0.520416 0.295508 0.0434256 0.076104
231 0.0510853 0.0880624 -0.146378 -0.644777 0.310496 0.238477 -0.387433 0.292377 -0.078858 -0.0190543 -0.263063 0.361414 -0.358219 0.618778 -0.93094 -0.7728 0.409934 0.410086 0.315359 0.0650066 -0.0945313 0.157517 -0.264797 -0.319333 1.15486 1.02745 0.196059 0.560422 0.0829238 0.652885 0.126331 -0.554861
94 0.369508 -0.320748 -0.225806 -0.897896 0.0395555 -0.200428 -0.314813 -0.411001 -0.563358 0.161157 -0.249878 -0.684352 0.0438625 0.855188 -0.186458 -0.212097 0.594082 1.21564 -0.0962466 0.202802 -0.0114467 0.488275 0.0944976 -0.455825 0.820258 0.723288 0.0135838 0.692966 0.867918 0.074439 -0.931991 0.43311
19 -0.0535597 -0.567518 0.186474 -0.0821649 -0.295241 -0.294463 0.5237 -0.134232 0.522946 -0.233554 -0.155055 -0.0700195 -0.0488456 -0.0565251 0.527075 -0.235713 0.178203 1.26245 0.0773174 -0.469333 -0.507407 0.357147 0.0657934 -0.0996365 1.19423 0.725694 -0.817952 1.3741 0.104727 -0.00532462 -0.0803547 -0.286179
234 0.0794906 0.0632635 -0.11525 -1.15662 0.572838 0.511906 -0.632947 0.0660738 0.140346 -0.289702 -0.868813 0.581358 -0.7741 0.721487 -0.932203 -0.575583 0.191335 0.658829 0.544481 -0.37565 -0.258013 0.192328 -0.47571 -0.335568 1.3771 1.14253 0.0486688 0.409976 -0.0545939 0.532933 -0.00620447 -0.582449
235 0.0828494 0.045468 -0.0851902 -1.16509 0.62928 0.525803 -0.600819 -0.000460991 0.16944 -0.319643 -0.917863 0.571154 -0.773598 0.670699 -0.860579 -0.475132 0.125506 0.654973 0.564443 -0.448444 -0.25055 0.215417 -0.494732 -0.340252 1.32237 1.0598 -0.0209954 0.340954 -0.0970899 0.46378 -0.0589817 -0.56467
236 0.0667615 0.153501 -0.124446 -1.11034 0.585676 0.547949 -0.593876 0.0503704 0.185669 -0.31584 -0.903285 0.6384 -0.802349 0.632345 -0.88665 -0.470834 0.16729 0.673681 0.514837 -0.394662 -0.286648 0.176729 -0.447451 -0.278877 1.41878 1.04663 -0.0272534 0.46976 0.00217712 0.425744 -0.060513 -0.477923
249 0.356356 -0.0718869 0.0646841 -0.429346 0.627095 0.00608916 -0.234119 0.373702 -0.192244 0.407849 -0.819226 0.283498 -0.245069 0.295065 -1.06977 0.289989 -0.0166782 0.916609 0.204586 -0.137535 -0.0143972 -1.29441 0.12291 -0.0183957 1.48686 -0.170994 -0.537326 0.626275 0.77701 0.268507 -0.0200999 0.204604
250 0.349566 -0.155161 0.116776 -0.511094 0.6696 0.0250097 -0.166942 0.277346 -0.198715 0.454836 -0.778625 0.241969 -0.229432 0.274449 -0.971831 0.307892 -0.0203785 0.831961 0.248256 -0.0716818 0.0218309 -1.25872 0.0573008 -0.0007208 1.32912 -0.144807 -0.540047 0.513373 0.722991 0.284071 -0.0351315 0.0909734
251 0.382062 -0.357393 0.194626 -0.680744 0.863254 0.00623031 -0.120128 0.284919 -0.312177 0.469146 -0.860907 0.243964 -0.228059 0.284939 -0.973032 0.42037 0.0442612 0.910997 0.428966 0.0124195 0.119355 -1.35883 -0.0271023 0.00601921 1.48004 -0.0335063 -0.644126 0.628472 0.786112 0.485063 -0.0603392 -0.0234507
253 0.344771 -0.368731 0.28029 -0.601096 0.706714 0.0939359 0.127525 0.137751 -0.33463 0.312327 -0.792141 0.136485 -0.18026 0.273796 -0.732712 0.349418 0.0736065 0.756406 0.588796 0.232862 0.0358074 -1.23504 -0.0282607 0.173186 1.13023 0.033636 -0.57094 0.641401 0.639037 0.553173 -0.0340677 0.0639294
233 0.0873448 0.0395834 -0.137183 -0.959348 0.514347 0.36656 -0.513965 0.160452 0.0163447 -0.156934 -0.640097 0.451551 -0.599561 0.637513 -0.874505 -0.570818 0.247472 0.537096 0.419418 -0.213643 -0.170389 0.188962 -0.383587 -0.31157 1.29268 1.01734 0.0523302 0.466503 -0.0274948 0.542887 0.00574882 -0.567125
281 0.133346 0.0192396 -0.828624 0.148982 0.627864 0.37087 0.192964 -0.354814 -0.238577 0.0126856 -0.117139 0.0565703 -0.233294 1.22201 -1.08532 0.0310373 0.084119 0.558756 0.526731 0.157822 0.231467 0.189913 -0.445587 0.197952 1.17221 0.95371 -0.670541 0.392521 0.011419 0.559651 -0.427234 0.651478
280 0.139746 0.133713 -0.747522 0.227068 0.604072 0.349191 0.183044 -0.447689 -0.238647 -0.0300337 -0.103727 0.151158 -0.276306 1.15103 -1.09283 -0.00695794 0.0401625 0.455433 0.489056 0.263045 0.208047 0.294494 -0.487596 0.218958 1.27679 0.965154 -0.749077 0.402698 0.0571098 0.525836 -0.45732 0.71241
88 0.552197 -0.178101 -0.181522 -1.11063 0.241847 -0.562297 -0.18645 -0.40797 -0.605592 0.128325 -0.289586 -0.35751 0.0136444 1.33018 -0.0127814 -0.118672 0.624812 1.32775 -0.159623 -0.265472 -0.0601772 0.195821 -0.129369 0.209662 0.514838 0.669665 -0.0133391 0.39032 0.652233 -0.108625 -0.415783 0.0382465
118 0.374653 -0.413039 0.311608 -0.212662 -0.0633493 -0.356446 -0.503264 -0.0572862 -0.337759 -0.4521 -0.381761 -0.652927 0.191124 0.634947 0.0726204 -0.0654952 0.451839 0.691374 -1.01905 0.437941 0.359472 0.307859 -0.287735 -0.213169 1.23377 1.50207 -0.976683 0.401563 0.389903 0.100253 0.088889 -0.217462
258 0.312386 -0.601493 0.652753 -0.256664 0.400914 0.566615 0.277172 -0.5275 -0.571048 0.11211 -0.396274 0.448634 0.00216188 0.362977 -0.0224486 0.0989033 0.518572 1.23806 0.766767 0.922505 -0.444752 -0.818633 -0.203202 0.280501 0.887516 0.728463 -0.827974 0.73826 0.945345 0.659647 0.0813397 0.236039
260 0.253826 -0.757435 0.564896 -0.259528 0.380821 0.586965 0.0895088 -0.460531 -0.673833 0.185283 -0.388418 0.732493 -0.111391 0.36756 0.215792 5.01823e-05 0.595431 1.36274 0.580318 0.887149 -0.522089 -0.614194 0.037164 0.176691 0.865853 0.855503 -0.803275 0.727782 1.0845 0.574754 -0.0187519 0.0982648
25 0.02617 -0.0174393 0.0940544 0.411338 -0.0220531 -0.588491 0.79229 -0.0619188 -0.0440082 -0.217291 -0.22569 0.240963 0.440363 0.96176 -0.167514 -0.0247438 0.0383135 1.41991 0.10758 0.136454 -0.0696459 -0.212313 0.0336355 0.152763 1.02179 0.87375 0.134615 1.42208 -0.00296132 -0.474702 -0.165005 -0.794271
26 0.0665977 -0.0268691 0.057479 0.405358 -0.0805975 -0.660253 0.825502 -0.0499909 0.00659339 -0.137689 -0.213437 0.231839 0.395101 0.974216 -0.16839 -0.0773149 0.0367235 1.4702 0.0869995 0.130018 -0.104399 -0.219165 0.0235323 0.11493 1.13188 0.885204 0.156369 1.57494 -0.00528369 -0.505042 -0.229202 -0.812868
24 0.0265906 -0.133106 0.149814 0.386348 -0.147383 -0.671814 0.82217 -0.116194 0.0902161 -0.22318 -0.198384 0.224649 0.482975 0.900469 -0.0215156 -0.0588149 -0.0189551 1.47532 0.0268097 0.0912855 -0.155523 -0.120369 0.151719 0.0849767 1.22784 0.851102 0.0645979 1.60462 -0.0366724 -0.43203 -0.157895 -0.83714
23 0.0362242 -0.353738 0.219123 0.198887 -0.269867 -0.579478 0.728611 -0.162967 0.309696 -0.282369 -0.139153 0.0926928 0.372886 0.557092 0.33303 -0.127557 0.0400907 1.53008 -0.00218412 -0.143629 -0.341001 0.148855 0.138748 0.016442 1.32683 0.844123 -0.278889 1.64325 -0.0239692 -0.219717 -0.18344 -0.674496
27 0.157985 0.0542198 -0.0293114 0.391367 0.2608 -0.647141 0.773801 0.0868146 -0.062734 0.149687 -0.116162 0.296495 0.227449 0.99257 -0.365691 -0.0738643 0.173742 1.22557 0.00748775 0.224 0.0846654 -0.297533 -0.195982 0.121704 1.10223 0.753896 0.315821 1.53979 0.0134457 -0.636991 -0.334589 -0.689802
259 0.213533 -0.528282 0.58322 -0.212958 0.349997 0.504876 0.161435 -0.477527 -0.5248 0.0902255 -0.350244 0.535655 -0.0314841 0.382615 0.091517 0.00858991 0.5121 1.1371 0.618437 0.794828 -0.428376 -0.627084 -0.107492 0.229571 0.786891 0.755202 -0.7495 0.649218 0.907264 0.56797 0.0484666 0.15277
147 0.317835 -0.4528 -0.237476 -0.313394 -0.196258 -0.758861 -0.811043 0.742897 -0.636135 -0.247209 -0.748234 -0.260009 -0.265105 0.396012 -0.541881 0.281509 0.418859 0.0571942 -0.12839 0.0178608 0.255968 -0.497684 -0.646331 -0.266138 1.12568 0.683959 -0.609354 1.76697 -0.484637 -0.0969572 0.214277 -0.248168
211 0.562248 0.424186 0.0701216 -0.732293 1.4769 -0.285765 0.0277308 0.0138003 -0.564032 0.547934 -0.216017 0.248274 0.00384697 0.871094 -0.313917 -0.311841 -0.483687 0.702581 0.222886 -0.440969 0.125305 -0.0200616 -0.509861 -0.189583 0.513091 0.981171 -1.0905 1.4272 0.446348 -0.212645 0.331336 -0.0688352
7 -0.134316 -0.179379 -0.431879 0.101988 0.515994 0.370957 0.0219627 0.539566 0.190999 -0.299275 -0.290477 0.0382032 -0.407815 0.44502 -0.203182 -0.105841 0.198989 0.691379 0.11769 -0.36454 -0.261148 0.00615083 -0.357604 0.487818 0.584456 0.888061 -0.730205 0.864092 0.35254 -0.366486 -0.146927 -0.201301
289 0.08509 -0.440661 -0.607599 -0.473428 0.646436 0.277235 0.0786285 0.227003 -0.00945138 0.0869966 -0.137222 -0.313441 -0.0121069 0.753431 -0.656163 -0.0690241 0.456719 0.886325 0.479401 -0.246667 0.00418059 -0.276126 -0.212674 -0.108225 0.606927 1.048 -0.206326 0.592445 0.205391 0.456189 0.20253 0.0830176
288 -0.0096438 -0.604304 -0.900379 -0.478424 0.615561 0.409292 0.210473 0.345313 0.0130901 0.122916 -0.141031 -0.509462 0.0573654 0.940101 -0.816964 0.0546385 0.532078 1.01197 0.616341 -0.332528 0.0458071 -0.47961 -0.130197 -0.195015 0.558262 1.10984 -0.222428 0.509348 0.129966 0.683502 0.216677 0.129536
290 0.191481 -0.540057 -0.645288 -0.595259 0.835701 0.331287 0.089865 0.196142 0.084127 -0.00822633 -0.0492234 -0.379543 0.0511525 0.653573 -0.671057 -0.208276 0.465678 0.938847 0.548083 -0.244432 0.00771719 -0.17677 -0.262505 -0.11144 0.497952 1.22868 -0.104989 0.506815 0.205649 0.505553 0.344357 0.146569
291 0.554212 -0.454819 -0.228235 -0.750312 1.2004 0.192299 -0.110526 0.0620135 0.166442 -0.181611 0.0871157 -0.163266 -0.0528929 0.280982 -0.45045 -0.619289 0.381717 0.928794 0.464494 -0.161789 -0.093409 0.295918 -0.571822 -0.0620316 0.517995 1.52788 -0.0174018 0.642462 0.402961 0.211262 0.592072 0.0635324
293 0.607915 -0.406879 -0.112864 -0.77599 1.37374 0.252688 -0.152756 0.144099 0.204778 -0.234358 0.0623555 -0.113434 0.00379887 0.26224 -0.507025 -0.735485 0.512791 0.916339 0.32987 -0.0654604 -0.222011 0.310928 -0.62752 0.0285888 0.570716 1.76656 -0.0214043 0.717528 0.384238 0.060546 0.562439 0.00349029
158 0.678062 -1.15981 -0.867027 -0.618855 0.346882 0.150583 -0.109114 0.223089 -0.843058 -0.117747 -0.132297 0.0139561 -0.664486 0.276366 -0.477907 0.333626 1.22344 0.857119 0.254562 -0.135903 -0.160306 0.374106 -0.15569 0.475875 1.43841 0.506088 -0.432536 0.685014 -0.0711844 0.240893 0.398167 -0.963273
157 0.628011 -1.03662 -0.751804 -0.552537 0.324144 0.127865 -0.0812777 0.172682 -0.752645 -0.132291 -0.128991 -0.00818863 -0.549944 0.226787 -0.411887 0.320405 1.09091 0.734185 0.194488 -0.109613 -0.149299 0.274296 -0.124993 0.449448 1.2143 0.400703 -0.370454 0.602807 -0.0752599 0.226313 0.320279 -0.821558
193 -0.309158 0.238195 -0.147102 -0.152041 -0.341613 0.508363 -0.130689 0.140469 0.0559886 0.147693 -0.777541 -0.099652 -0.613655 0.470337 -0.629138 -0.290359 0.862213 0.737419 0.174951 -0.413555 -0.448332 -0.714645 0.428884 -0.364364 0.432515 1.18314 -0.541138 0.622765 0.082088 0.105697 0.363023 -0.198598
192 -0.401698 0.287898 -0.0769494 -0.114007 -0.403455 0.613455 -0.156067 0.156971 0.0185728 0.141437 -0.827584 -0.180913 -0.680223 0.414689 -0.754602 -0.216008 0.875329 0.723029 0.198564 -0.491195 -0.410506 -0.703475 0.439493 -0.336105 0.535393 1.27056 -0.609622 0.735875 0.0585524 0.0332783 0.33859 -0.243836
194 -0.223898 0.0333479 -0.205651 -0.224463 -0.350905 0.454959 -0.222964 0.195517 0.0418866 0.202121 -0.879108 -0.0623682 -0.671145 0.567399 -0.606831 -0.31001 0.921676 0.709251 0.0826233 -0.446975 -0.486994 -0.772379 0.344011 -0.358819 0.363917 1.19714 -0.566789 0.622935 0.198996 0.0775853 0.400963 -0.297187
195 0.0792261 -0.339646 -0.387464 -0.434041 -0.321022 0.324991 -0.438826 0.325572 0.0987469 0.176288 -0.954155 0.183349 -0.78163 0.725721 -0.362948 -0.419602 0.830019 0.650572 -0.0395032 -0.524437 -0.65267 -0.794032 0.0924762 -0.342528 0.201835 1.13657 -0.44326 0.542486 0.449785 0.199079 0.405349 -0.415802
196 0.172337 -0.535493 -0.388053 -0.431984 -0.211793 0.174283 -0.526449 0.349969 0.0710621 0.166423 -0.929927 0.296214 -0.728218 0.787091 -0.277743 -0.423536 0.721216 0.562089 -0.114818 -0.425352 -0.613102 -0.707574 -0.00989522 -0.299399 0.115842 1.01419 -0.368727 0.487352 0.515968 0.238954 0.341785 -0.439593
156 0.637585 -1.07805 -0.874661 -0.537246 0.314648 0.0333229 -0.25213 0.253873 -0.816209 -0.179986 -0.0483397 0.0230908 -0.643418 0.24652 -0.396421 0.292401 1.11788 0.82672 0.237294 -0.13962 -0.178497 0.26447 -0.134305 0.445507 1.37708 0.387764 -0.418673 0.691537 -0.065366 0.206415 0.355385 -0.976528
52 0.507737 -0.516099 -0.516339 -1.43431 0.779993 0.499493 -0.0194019 0.602212 -0.612752 0.514531 0.116278 -0.103405 -0.177282 0.699597 0.357796 -0.283685 0.0384265 0.42081 0.136692 0.052838 -0.446149 -0.0777931 -0.580359 0.141115 0.975445 0.436032 -0.453274 0.85334 0.1372 -0.178723 0.127598 -0.13844
80 -0.0690922 -0.211318 0.341041 -0.302695 0.491894 -0.597983 -0.441181 -0.163209 0.022224 0.0572405 -0.238882 -0.200076 -0.523763 1.52207 0.205586 -0.0578038 0.557057 1.61121 0.539132 -0.491523 -0.00999374 -0.465507 -0.158209 0.37091 0.457826 0.650606 0.226479 0.899852 0.190983 0.0811828 -0.0860485 0.0398327
79 -0.0132739 -0.204187 0.331634 -0.283109 0.453058 -0.524629 -0.379337 -0.223084 0.0512711 0.101274 -0.225861 -0.211836 -0.454856 1.27467 0.122047 -0.0438393 0.508181 1.4469 0.429396 -0.371436 -0.00925996 -0.377997 -0.195213 0.265788 0.451362 0.638198 0.18786 0.765301 0.265754 0.0531535 -0.113051 0.0816729
274 -0.128318 -0.28331 -0.17133 0.21797 0.711571 -0.126448 -0.147619 -0.392231 -0.585844 0.26751 -0.327475 0.413488 -0.407243 0.724374 -0.749046 -0.273579 -0.0916252 0.439005 0.162941 0.435684 -0.212375 0.590886 0.00891568 0.538207 0.698109 0.76481 -0.956356 0.668617 0.132794 0.308564 -0.367144 0.305483
273 -0.259281 -0.440195 -0.121693 0.194324 0.671351 -0.166992 -0.236752 -0.293686 -0.614647 0.303407 -0.433757 0.494881 -0.440487 0.674682 -0.645896 -0.361229 -0.070626 0.530587 0.171957 0.396841 -0.283669 0.524643 0.244358 0.576828 0.555278 0.835993 -1.02856 0.916874 0.085394 0.361493 -0.25048 0.15971
272 -0.501371 -0.65601 -0.0526585 0.210968 0.727911 -0.20355 -0.361084 -0.122631 -0.6692 0.316374 -0.54283 0.623238 -0.507572 0.609654 -0.550136 -0.437388 -0.0402982 0.733933 0.189909 0.413032 -0.466025 0.410731 0.549089 0.660885 0.349395 0.959824 -1.16431 1.21041 0.0306495 0.431464 -0.0750013 -0.0103129
271 -0.553877 -0.690164 -0.0420211 0.151433 0.643378 -0.240099 -0.394855 -0.0531608 -0.679401 0.277421 -0.5687 0.615903 -0.470802 0.532549 -0.483331 -0.46839 -0.00333616 0.715669 0.17706 0.355632 -0.45361 0.398207 0.648718 0.630696 0.238348 0.972209 -1.11129 1.27818 -0.0520248 0.458023 0.0562911 -0.0816715
73 -0.344589 -0.745149 0.142073 -0.118701 1.47134 -0.2967 -0.800609 0.184524 0.354396 -0.181279 -0.544639 -0.00915896 -0.499991 0.593136 -0.178741 0.261786 0.242486 0.865687 0.509039 -0.12001 0.162455 -0.43508 -0.474611 -0.593664 0.496537 1.013 0.142652 0.754763 0.731396 0.303268 -0.099475 0.238943
190 -0.596188 0.571724 0.149942 0.0734944 -0.397678 0.653744 0.0137725 -0.0109074 -0.0770114 0.122405 -0.544336 -0.305551 -0.521794 0.224122 -0.862414 -0.0520032 0.67007 0.582797 0.301271 -0.45211 -0.164294 -0.405284 0.405895 -0.169392 0.763498 1.26156 -0.598056 0.93162 -0.067344 -0.0267251 0.198917 -0.15464
22 0.041742 -0.363283 0.265427 0.105433 -0.298395 -0.416915 0.570494 -0.230359 0.30851 -0.313108 -0.166019 0.0189821 0.322371 0.476098 0.383804 -0.137952 0.0501509 1.3704 -0.00899054 -0.224007 -0.35274 0.215307 0.193587 -0.0053144 1.23842 0.808165 -0.432264 1.42946 0.0134838 -0.0912707 -0.132335 -0.485418
174 0.646503 -0.351267 -0.29296 -0.293867 0.368721 -0.0770327 -0.334661 0.058074 -0.534855 0.745043 -0.810158 -0.145757 -0.202002 0.568075 0.16511 0.491614 0.762488 0.340265 -0.032062 0.429598 -0.987993 -0.227918 -0.901777 -1.17798 1.00757 0.828954 -0.231448 1.23364 0.697835 -0.22645 0.1364 -0.18881
175 0.69213 -0.395127 -0.345429 -0.404296 0.389537 -0.028405 -0.308527 0.0559655 -0.57755 0.708865 -0.773542 -0.103092 -0.192407 0.43518 0.29359 0.435797 0.686528 0.274113 -0.0512395 0.364632 -0.964837 -0.188413 -0.802717 -1.08719 0.837371 0.773925 -0.25095 1.1142 0.669838 -0.265891 0.0835154 -0.169181
87 0.55489 -0.250174 -0.197361 -1.16427 0.31285 -0.596207 -0.203447 -0.402328 -0.584347 0.166183 -0.346751 -0.387163 -0.0344764 1.43384 -0.0757513 -0.116737 0.69036 1.45062 -0.147674 -0.271924 -0.0523069 0.199433 -0.104751 0.198282 0.550909 0.750164 0.00124132 0.494536 0.690176 -0.1342 -0.479859 0.0992654
43 -0.106227 -0.503446 -1.0126 -0.502445 0.603908 -0.0478068 -0.135712 -0.182855 -0.297271 0.714744 -0.0749865 0.0102832 -0.102518 0.34767 -0.298124 0.00129088 0.15807 0.828056 -0.142317 -0.218635 -0.258227 0.470367 -0.558091 -0.180434 0.623146 0.979506 -0.0757325 1.13101 0.0344374 -0.28985 0.290723 0.39788
44 -0.147501 -0.667464 -1.26051 -0.669392 0.730911 -0.0126561 -0.20905 -0.179066 -0.400651 0.877274 -0.119512 0.0267582 -0.0925875 0.366817 -0.321137 -0.00738819 0.122266 0.95759 -0.216564 -0.280244 -0.314914 0.542902 -0.652779 -0.145588 0.681914 1.11059 -0.0986903 1.32353 -0.00311053 -0.377805 0.356344 0.545709
172 0.339672 -0.086804 -0.0311067 0.0498251 -0.00431275 -0.167168 -0.187168 0.0128185 -0.258507 0.654324 -0.6161 -0.270603 -0.0189879 0.732366 0.0399668 0.618234 0.718665 0.35495 -0.0695583 0.458996 -0.813113 -0.163352 -0.843377 -1.02138 0.890158 0.663194 -0.207306 1.12983 0.523337 -0.14534 0.32964 -0.0950269
173 0.487891 -0.216418 -0.145701 -0.083039 0.205535 -0.118818 -0.256432 0.0498738 -0.478401 0.783325 -0.838729 -0.255667 -0.0631052 0.702758 0.114762 0.715551 0.79492 0.387322 -0.042184 0.550936 -1.00028 -0.181233 -0.985282 -1.19849 0.964423 0.730365 -0.231463 1.17482 0.621121 -0.208335 0.295282 -0.122185
241 0.0259552 0.748157 -0.240798 -0.430232 0.254137 0.438809 -0.332832 0.392546 0.270227 -0.147573 -0.898675 0.76042 -0.662655 0.276417 -0.931719 -0.0508062 0.0418521 0.674547 0.173145 -0.316173 -0.41555 -0.404309 0.0785831 0.164506 1.42355 0.273711 -0.0876314 0.886836 0.553248 0.0511948 -0.0234911 0.336453
114 0.309402 -0.5808 0.240984 -0.522522 0.290277 -0.446851 -0.540403 0.159816 -0.25243 -0.287625 -0.690346 -0.715988 -0.0331763 0.734448 0.0839162 -0.356749 0.074217 0.631971 -1.07213 0.294667 0.49666 0.412941 0.0356676 -0.270355 1.16091 1.3775 -0.903363 0.586108 0.278833 0.12013 -0.383594 -0.533928
115 0.263645 -0.573232 0.200011 -0.454818 0.199179 -0.367298 -0.543434 0.166027 -0.269165 -0.331687 -0.63433 -0.623027 -0.0481845 0.651625 0.0970448 -0.265674 0.214858 0.596979 -1.01406 0.324009 0.366747 0.290496 -0.0160782 -0.235441 1.17487 1.30874 -0.838599 0.497268 0.247119 0.118321 -0.290331 -0.448051
232 0.0754711 -0.0100204 -0.163846 -0.603466 0.395318 0.212461 -0.339271 0.19122 -0.0985076 -0.0302354 -0.366632 0.244787 -0.358138 0.579617 -0.690626 -0.472684 0.325801 0.524118 0.284537 -0.0701879 -0.123377 0.0965413 -0.260033 -0.209357 1.04293 0.934634 -0.0128301 0.601649 0.153808 0.419051 0.0579481 -0.363108
70 -0.243586 -0.614754 -0.187237 -0.142479 1.74043 -0.0759133 -0.925132 0.568974 0.138658 -0.06592 -0.716692 0.245522 -0.387472 0.497943 -0.333036 0.382783 0.128631 0.438802 0.34429 -0.106073 0.128942 -0.24708 -0.393005 -0.669465 0.643387 1.06612 -0.211711 0.939866 0.842155 0.174402 -0.0304825 0.157873
218 0.478339 0.140326 -0.26564 -0.988985 1.21986 -0.577635 0.0158936 -0.0370816 -0.386823 0.360926 -0.330371 0.113081 0.368014 0.398199 -0.527028 -0.356864 0.209527 0.458622 0.891752 0.168369 -0.288263 -0.0616926 -0.329078 0.162487 0.424331 0.973797 -0.458285 0.710971 0.611732 0.511138 0.0189737 0.113582
217 0.510979 0.141632 -0.183326 -0.917067 1.22636 -0.452307 -0.0136109 -0.0529457 -0.454198 0.34651 -0.293982 0.12543 0.210297 0.504603 -0.461234 -0.317792 0.0291481 0.546162 0.750483 0.105471 -0.213349 -0.129146 -0.341747 0.0665852 0.423178 0.859513 -0.60693 0.86856 0.497714 0.410088 0.0598931 0.0612118
67 0.0643517 -0.599017 -0.358902 -0.363018 1.51169 0.184374 -1.00757 0.763262 -0.322484 0.129798 -0.721436 0.458251 -0.239284 0.308939 -0.468623 0.489085 0.179044 0.00836781 0.200393 -0.296738 0.344366 0.123572 -0.272316 -0.469879 0.795548 1.08443 -0.51624 0.945897 0.885311 -0.22305 -0.00201024 0.16863
292 0.559506 -0.488541 -0.21442 -0.760588 1.13486 0.144112 -0.173953 0.0697375 0.166303 -0.189399 0.0963512 -0.133872 -0.0952122 0.227803 -0.453708 -0.629274 0.425258 0.95385 0.427865 -0.136076 -0.126671 0.400811 -0.58794 -0.0812908 0.56867 1.5677 0.0465017 0.6752 0.421408 0.212886 0.583528 0.0496469
