300 16
6 0.634373 1.1451 0.0894027 0.119091 0.0661374 0.0263603 0.507934 -0.0997179 0.619362 0.00167657 1.84728 0.538277 -0.33559 0.950323 -1.33295 0.0185411
7 0.460472 0.860718 0.0156173 0.284494 -0.10217 0.0820624 0.518898 0.00348328 0.706113 -0.0929743 1.6984 0.375179 -0.360643 0.949398 -1.09546 -0.00287883
8 0.440229 0.999226 0.0279767 0.353036 -0.276414 -0.012974 0.456954 -0.160302 0.855613 -0.249025 1.91493 0.273827 -0.431884 1.04874 -1.12007 0.0200017
5 0.84707 1.4163 0.232511 -0.310138 0.330482 -0.00610734 0.341323 -0.160293 0.388542 0.229865 1.77275 0.864312 -0.276601 1.08456 -1.64029 -0.159935
4 0.844099 1.36899 0.321415 -0.368617 0.358522 -0.0516832 0.265857 -0.0728123 0.245647 0.199962 1.53306 0.762158 -0.210265 0.904303 -1.59373 -0.199769
123 -0.432933 -0.300326 1.05602 -0.0321983 -0.354712 0.394673 0.61903 0.13438 1.65711 -0.393339 0.92089 0.302351 -0.287041 -0.161939 -1.94101 -0.791569
124 -0.499175 -0.35459 0.836739 -0.0436117 -0.259087 0.429951 0.598126 0.250246 1.5546 -0.308503 0.777877 0.259623 -0.237023 -0.16386 -1.68294 -0.690242
125 -0.595811 -0.423229 0.834036 0.0436907 -0.306903 0.51873 0.639388 0.291288 1.78891 -0.309808 0.835584 0.290312 -0.306904 -0.0370947 -1.90348 -0.822833
126 -0.737734 -0.530142 0.429295 0.13474 -0.364383 0.480882 0.509466 0.388464 1.50105 -0.0522763 0.754503 0.264052 -0.271931 0.190424 -1.82499 -0.796962
169 -0.723192 1.18516 0.509119 -0.269477 -0.631502 0.114894 0.719936 0.0211986 0.765164 -0.120707 0.955197 -0.745377 0.389817 0.0848935 -0.662336 -1.53014
168 -0.762396 1.14384 0.526657 -0.241798 -0.730562 0.196755 0.55167 0.131678 0.926439 -0.167478 1.00137 -0.969895 0.50578 0.0258328 -0.710181 -1.87922
170 -0.733821 1.32018 0.619315 -0.312355 -0.653047 0.122824 0.828187 0.0310946 0.89137 -0.123976 1.15497 -0.691758 0.451155 0.131332 -0.731182 -1.66181
167 -0.48576 0.858923 0.40714 -0.0863402 -0.666767 0.416478 0.100341 0.293002 0.966182 -0.158562 0.849247 -1.1654 0.654969 0.0860079 -0.729046 -1.91575
165 -0.384251 0.738086 0.474284 0.0676393 -0.634783 0.478596 -0.016729 0.355443 0.988649 -0.115092 0.90555 -1.08943 0.484219 0.052077 -0.748799 -1.84102
105 -0.231731 0.509282 -0.915943 -0.411133 0.691202 0.0405292 0.425253 0.210757 0.440841 0.0430509 0.14175 -0.397187 -0.988801 1.07932 -1.31885 -1.9407
104 -0.392161 0.559465 -0.993809 -0.296032 0.280713 0.0891613 0.345787 -0.00280492 0.695054 0.243645 0.197851 -0.336844 -0.820343 1.14331 -1.39441 -1.94008
107 0.134746 0.394803 -0.681982 -0.56217 0.871872 -0.0678431 0.522957 0.549596 0.292964 -0.0822914 0.208846 -0.281816 -1.2419 0.948112 -1.43546 -2.08624
106 -0.0204722 0.461293 -0.646217 -0.419609 0.731245 -0.00808504 0.428551 0.333763 0.389724 0.000344176 0.206972 -0.298 -1.03449 0.884119 -1.15803 -1.79137
290 -0.326023 -0.0494101 0.829198 -0.21895 -1.07915 0.451213 0.17245 0.353045 -0.141364 -1.45129 1.13263 -0.223608 -0.0217508 1.43504 -1.03256 -0.35479
289 -0.415676 -0.225599 0.614532 0.0302703 -1.11512 0.366336 0.164896 0.156991 0.0356991 -1.25932 0.92374 -0.153201 0.0193551 1.56691 -1.05753 -0.544139
288 -0.422142 -0.262642 0.746082 0.0570299 -1.18691 0.379829 0.169657 0.200011 0.0480948 -1.45378 0.951096 -0.13998 0.0840495 1.69212 -1.19627 -0.595558
287 -0.427281 -0.433076 0.662189 0.247932 -1.13491 0.375357 0.0292645 -0.0190096 0.203423 -1.33778 0.683528 -0.0517899 0.0998503 2.03378 -1.36514 -0.615477
286 -0.349941 -0.405193 0.644872 0.314286 -1.00693 0.368792 0.00128733 -0.030992 0.211721 -1.18296 0.510571 0.00010405 0.0934681 1.89721 -1.29286 -0.569229
285 -0.375342 -0.35147 0.739966 0.250632 -1.07278 0.512994 -0.052269 0.0264384 0.374176 -1.38502 0.404349 0.168329 0.0663743 2.0957 -1.54585 -0.525735
214 -0.401959 0.855913 0.635648 0.32735 0.390071 -0.538577 0.112933 0.252048 0.167257 -1.10886 0.207609 0.882054 0.598034 1.51975 -1.49976 -0.502082
215 -0.469847 0.818315 0.554225 0.413145 0.477514 -0.523024 0.136726 0.199564 0.17476 -1.24766 0.288717 0.949485 0.760998 1.57913 -1.58551 -0.646318
216 -0.42114 0.556269 0.383028 0.276823 0.523688 -0.370595 0.203136 0.0123047 0.159515 -1.13677 0.406088 0.807249 0.836169 1.41588 -1.52025 -0.710956
218 -0.438295 0.271998 0.113359 0.202376 0.474073 -0.148791 0.193227 -0.190586 0.138753 -1.07754 0.534679 0.609249 0.914479 1.14075 -1.42374 -0.774033
219 -0.512857 -0.127652 -0.052358 0.0515306 0.55964 0.0518172 0.343802 -0.392624 0.190879 -1.12558 0.719164 0.480078 1.03453 0.960536 -1.56027 -1.17286
220 -0.376343 -0.197878 -0.130999 -0.0211621 0.425679 0.15702 0.285537 -0.396713 0.0891543 -0.908795 0.661035 0.356173 0.816495 0.723036 -1.33722 -1.03217
221 -0.369133 -0.295645 -0.0765051 -0.0417996 0.555136 0.234753 0.459152 -0.468837 0.135376 -1.06409 0.752147 0.331631 1.06232 0.836951 -1.51599 -1.27715
119 0.622502 -0.0816104 1.48168 -0.363715 -0.0466092 -0.0677675 0.475901 0.437907 1.25961 -0.560037 1.13383 0.458946 -0.607876 -0.0110506 -1.59759 -0.826532
117 1.01115 -0.0988324 1.28486 -0.467365 0.139796 -0.187512 0.44407 0.617347 0.889823 -0.543303 1.17681 0.499232 -0.812091 0.0941254 -1.38378 -0.969955
118 0.735022 -0.036769 1.22599 -0.394301 0.0140068 -0.0895313 0.357828 0.393141 0.904229 -0.496719 1.00087 0.376688 -0.5524 0.039662 -1.23373 -0.691854
116 1.1311 -0.103742 1.14931 -0.60288 0.327615 -0.27669 0.430799 0.770346 0.601852 -0.515 1.25959 0.5207 -0.856308 0.316041 -1.35189 -1.2102
115 1.1532 -0.132157 1.05082 -0.618343 0.330752 -0.281723 0.342867 0.8202 0.483221 -0.401557 1.22748 0.492693 -0.843221 0.303153 -1.25141 -1.14366
114 1.18159 -0.12197 0.92302 -0.669658 0.46975 -0.247164 0.42676 0.87774 0.384383 -0.408932 1.21611 0.578762 -1.02983 0.305497 -1.28625 -1.30732
113 1.12902 -0.0881784 0.692705 -0.68915 0.66082 -0.266195 0.379647 0.986987 0.235142 -0.370548 1.17285 0.493762 -1.15472 0.453726 -1.22074 -1.48719
112 0.921976 -0.0541264 0.456124 -0.59631 0.629587 -0.214848 0.392294 0.875977 0.153488 -0.280925 0.89593 0.391995 -1.06216 0.393471 -1.09644 -1.40022
111 0.887206 -0.0168052 0.308468 -0.622729 0.82037 -0.235822 0.416643 0.989574 0.107381 -0.190149 0.947141 0.3786 -1.30367 0.451472 -1.24177 -1.65545
3 0.887261 1.44149 0.443538 -0.520894 0.370724 -0.116496 0.134392 -0.0462506 0.176448 0.202424 1.51871 0.813526 -0.196495 0.852715 -1.69382 -0.342551
72 0.845808 0.268758 -0.686655 0.896255 -0.286278 0.224335 -0.440538 0.368445 -0.476723 -0.0431927 1.0618 0.481378 0.452723 1.32476 -1.59411 -1.51487
71 0.934205 0.0580827 -0.773489 0.670695 -0.224757 -0.00386811 -0.308683 0.203883 -0.36462 -0.0591099 0.853252 0.502075 0.304519 1.25166 -1.58858 -1.61214
74 0.695905 0.346664 -0.466808 0.870956 -0.320951 0.371747 -0.578686 0.328085 -0.617156 -0.010391 1.00781 0.413858 0.491581 1.20657 -1.43736 -1.36438
75 0.543507 0.619017 0.00633148 0.928691 -0.349582 0.573627 -0.698679 0.252188 -0.611129 0.061684 0.924955 0.398985 0.597439 1.09802 -1.408 -1.21955
77 0.501522 0.751547 0.399009 0.896886 -0.326809 0.670096 -0.768292 0.108268 -0.6086 -0.0409119 0.947567 0.329588 0.688669 1.05152 -1.43152 -1.21267
78 0.515871 0.840413 0.731547 0.885053 -0.372544 0.757187 -0.958302 0.0315466 -0.595553 0.0626751 0.824649 0.348606 0.69546 0.917982 -1.46874 -1.31749
80 0.653345 0.739775 1.18657 0.898922 -0.353296 0.665292 -1.09095 0.0505097 -0.304464 0.229607 0.644217 0.159625 0.576153 0.81796 -1.4502 -1.29792
262 -0.0372547 0.44499 1.05346 -0.551419 -0.63712 -0.446594 0.61484 0.737986 0.98094 0.272513 0.53701 -0.30836 -0.346933 1.43943 -0.92568 -0.128537
263 0.0149805 0.436757 1.14423 -0.547191 -0.727496 -0.539807 0.576468 0.875027 1.05481 0.417049 0.498722 -0.319379 -0.282037 1.56387 -1.13746 -0.121619
261 -0.14052 0.56834 1.2967 -0.599615 -0.763113 -0.454735 0.750154 0.845197 1.16603 0.323572 0.652516 -0.390499 -0.499177 1.72663 -1.0476 -0.0479328
242 -0.626926 1.43105 -0.589054 -0.333772 0.153563 -0.306606 -0.498228 0.258544 0.534048 -0.693676 1.46147 -0.455663 -0.499349 1.23318 -1.22259 -0.269461
241 -0.590298 1.28349 -0.467573 -0.24944 0.0148252 -0.253306 -0.418937 0.2139 0.516679 -0.463109 1.33133 -0.376324 -0.333305 1.22446 -0.943191 -0.256543
240 -0.668535 1.40369 -0.562649 -0.130911 0.170299 -0.309013 -0.500023 0.276847 0.685646 -0.452539 1.55867 -0.46281 -0.23158 1.41032 -1.05339 -0.318079
99 -0.389379 0.1198 -0.709355 -0.282917 -0.338315 -0.0557641 0.0159332 -0.211323 0.690153 0.810409 0.976008 0.166593 -0.847458 0.656188 -1.55224 -1.64599
98 -0.43738 -0.0043666 -0.430184 -0.34392 -0.344956 -0.0604044 -0.173798 -0.35064 0.7414 0.823509 1.2241 0.288267 -0.921995 0.609772 -1.56825 -1.54561
100 -0.290475 0.173663 -0.695439 -0.193298 -0.317198 -0.036525 0.040922 -0.11817 0.602945 0.694615 0.820416 0.106751 -0.765335 0.549155 -1.40675 -1.48163
101 -0.313312 0.228613 -0.779909 -0.223878 -0.226204 0.0140637 0.0663721 -0.140882 0.611348 0.612042 0.640486 0.0370493 -0.737303 0.715146 -1.42938 -1.56504
96 -0.546477 -0.0321212 -0.314919 -0.480425 -0.314731 -0.161139 -0.27525 -0.463976 0.788247 0.940134 1.42241 0.2897 -1.02086 0.770768 -1.57971 -1.60017
97 -0.385028 -0.0394931 -0.422968 -0.380143 -0.44953 -0.0440919 -0.166263 -0.310123 0.653508 0.78135 1.25599 0.341714 -0.823785 0.542288 -1.47698 -1.46081
134 -0.2888 -0.897364 0.395582 0.442953 -0.0525193 -0.253072 0.239166 0.292288 0.382648 0.654839 1.65481 -0.780089 0.38381 0.700202 -1.73146 -0.86177
135 -0.108161 -0.848575 0.420137 0.436862 0.00244264 -0.432251 0.428868 0.229406 0.199116 0.688415 1.78991 -0.985333 0.404595 0.644169 -1.78725 -0.954295
136 -0.0715992 -0.668716 0.395619 0.289264 0.0893262 -0.475973 0.405174 0.154813 0.0805763 0.61688 1.5937 -1.04579 0.29365 0.58535 -1.57395 -0.878295
137 -0.0109044 -0.727263 0.452217 0.307588 0.119988 -0.577092 0.486245 0.202369 0.0924334 0.671335 1.72972 -1.17372 0.339677 0.616294 -1.61667 -0.915581
271 0.223071 0.0770674 0.184855 -0.0552147 0.24951 0.283796 -0.456689 1.26701 0.354033 -0.215145 0.250827 -0.497874 0.273059 0.906816 -1.62161 -0.614837
270 0.474423 -0.0305803 0.372628 -0.0803949 0.094204 0.103677 -0.516965 1.37593 0.513716 -0.038832 -0.0480188 -0.636201 0.303369 0.962015 -1.73741 -0.545273
272 0.282741 0.0536847 0.0625734 -0.115924 0.379902 0.446978 -0.586181 1.63146 0.328755 -0.19662 0.210942 -0.571883 0.319942 0.894525 -1.87252 -0.660039
269 0.629217 -0.0280348 0.733137 -0.129049 -0.179458 -0.192226 -0.386046 0.917306 0.777072 0.297118 -0.232291 -0.732636 0.29329 1.01016 -1.83265 -0.548616
166 -0.378087 0.754829 0.45882 -0.00149171 -0.523492 0.324499 0.085166 0.231589 0.822401 -0.104002 0.710848 -0.871528 0.44792 -0.00410686 -0.5371 -1.49174
164 -0.0925796 0.646304 0.492031 0.153177 -0.755692 0.658419 -0.344336 0.343512 1.15469 -0.172493 0.955263 -1.14227 0.673685 0.211347 -0.765897 -1.93175
162 0.0565843 0.571625 0.500634 0.254937 -0.785691 0.695981 -0.649579 0.37254 1.35302 -0.234935 0.91559 -1.0529 0.811707 0.364587 -0.655428 -1.9085
161 0.207824 0.593879 0.533717 0.241348 -0.734007 0.777334 -0.785357 0.440585 1.56499 -0.384593 1.05391 -0.976612 0.875744 0.613385 -0.661942 -1.88717
160 0.244842 0.545735 0.501752 0.217166 -0.599056 0.698418 -0.856384 0.44115 1.48497 -0.335942 0.902944 -0.835094 0.850163 0.624455 -0.53412 -1.59229
159 0.20539 0.620473 0.467892 0.204634 -0.621111 0.74482 -0.854042 0.509461 1.61282 -0.36206 1.02533 -0.849106 0.976631 0.722968 -0.637681 -1.72195
131 -0.588349 -0.845193 0.266303 0.447512 -0.186533 -0.0026024 0.19119 0.362373 0.647989 0.58299 1.32237 -0.340411 0.256815 0.655541 -1.63386 -0.779015
132 -0.377222 -0.855768 0.349501 0.447224 -0.17006 -0.161557 0.163391 0.346499 0.437911 0.59414 1.5352 -0.550441 0.424042 0.747614 -1.64987 -0.851401
133 -0.355324 -0.870233 0.285154 0.483318 -0.129481 -0.142447 0.21811 0.32575 0.426592 0.661501 1.4038 -0.512955 0.372178 0.662968 -1.56363 -0.773638
76 0.445369 0.627913 0.185419 0.804749 -0.324275 0.593614 -0.630374 0.181624 -0.511334 -0.0201166 0.855024 0.333698 0.546178 0.939387 -1.23395 -1.06666
196 -0.039059 -0.348034 0.304239 0.444629 -0.118473 -0.814203 0.69022 0.651169 0.294352 -0.189687 1.12993 0.111128 0.244795 0.80073 -0.302234 -1.67641
195 -0.0999154 -0.351322 0.378856 0.447997 -0.100832 -1.00269 0.794894 0.775322 0.534804 -0.214227 1.45295 0.33947 0.347007 0.938025 -0.373297 -1.9532
197 0.0471486 -0.474797 0.382074 0.526903 -0.208617 -1.08775 0.815458 0.909861 0.308862 -0.272173 1.48231 0.0602119 0.326418 0.969408 -0.314695 -2.17132
30 1.22227 0.841849 0.669548 0.495213 0.337744 -0.0104161 1.0282 -0.0312398 0.799368 0.564069 0.504034 -0.464176 0.116716 0.665076 -0.806304 -2.15923
32 1.13181 0.844754 0.723428 0.416214 0.438164 0.0306243 1.11165 -0.0849726 0.794552 0.59772 0.663615 -0.469272 0.10771 0.697132 -0.750766 -2.06519
31 1.10722 0.773616 0.587018 0.47394 0.333185 -0.0363737 0.971922 0.0195592 0.760864 0.524711 0.486601 -0.474235 0.061506 0.620737 -0.763464 -1.98338
29 1.12786 0.718223 0.791632 0.213502 0.105876 -0.0880075 0.50817 -0.290766 0.668686 0.300771 0.317278 -0.178817 0.122554 0.525785 -0.85532 -1.81458
143 -0.720895 0.169391 0.497833 0.0029793 0.768508 -0.630632 -0.0953413 0.211944 -0.544965 -0.194219 1.12613 -1.33671 -0.346018 1.17735 -1.14606 -1.11288
144 -0.883627 0.308154 0.419107 -0.10091 0.833255 -0.646568 -0.235697 0.318783 -0.449672 -0.36379 0.935314 -1.24318 -0.203322 1.20527 -0.947652 -1.25383
141 -0.508099 0.0587987 0.566921 0.0769011 0.660961 -0.539896 0.101036 0.157103 -0.421872 0.0305643 1.30222 -1.38913 -0.306344 1.13068 -1.29309 -0.989052
142 -0.486167 0.0661684 0.387692 -0.0187641 0.631338 -0.530044 0.0673355 0.202875 -0.438547 -0.0638301 1.02687 -1.14094 -0.296503 1.04844 -1.10754 -0.962744
267 0.711757 0.0356639 0.795837 -0.236989 -0.337536 -0.372119 -0.255643 0.871141 0.855851 0.443543 -0.209826 -0.703686 0.217596 1.07386 -1.7663 -0.417035
266 0.5053 0.146529 0.878859 -0.362088 -0.51201 -0.516416 0.0946151 0.830103 0.89184 0.511473 -0.0365535 -0.523235 0.122182 1.23469 -1.53323 -0.314968
264 0.330572 0.220221 0.962169 -0.511204 -0.585015 -0.512369 0.255656 0.817468 0.989301 0.530843 0.0613384 -0.459528 -0.0252782 1.36251 -1.32716 -0.184313
102 -0.410384 0.498218 -0.92235 -0.221646 0.120148 0.115667 0.246046 -0.0319133 0.727294 0.314651 0.34714 -0.252158 -0.723601 1.07431 -1.38821 -1.86111
138 -0.142713 -0.337424 0.665313 0.291564 0.290005 -0.481716 0.328378 0.156836 -0.115548 0.45104 1.55389 -1.29096 0.021113 0.68509 -1.34786 -0.767832
103 -0.410026 0.457966 -0.906709 -0.212301 0.202928 0.0630215 0.272264 -0.0375899 0.62335 0.270019 0.224097 -0.273123 -0.645838 1.02556 -1.28505 -1.70431
158 0.0705635 0.706385 0.513836 0.0360096 -0.332842 0.623616 -0.713503 0.728952 1.56778 -0.362482 0.909019 -0.753571 0.993348 0.877467 -0.581099 -1.55368
16 0.198193 0.682442 0.0867178 -0.934186 -0.933734 -0.263073 -0.469201 -0.758452 0.257459 -0.38176 0.469385 -0.542498 -0.0577444 0.990509 -1.41355 -0.62605
17 0.140995 0.710342 0.106139 -0.989035 -0.985484 -0.25228 -0.672267 -0.976804 0.313637 -0.548186 0.595763 -0.467929 -0.0859579 1.02255 -1.61794 -0.739944
15 0.234135 0.827579 0.0904908 -0.921699 -1.1095 -0.273624 -0.477674 -0.857254 0.406391 -0.503021 0.691762 -0.581015 -0.0507135 1.09149 -1.42254 -0.604217
190 -0.842357 -0.0498343 0.048761 -0.0863939 -0.094798 -1.09889 0.321822 0.328826 0.337911 0.46095 0.96367 0.408041 0.56719 0.902986 -1.00467 -1.5391
189 -1.03759 0.058468 0.075729 -0.176366 -0.0996499 -1.2359 0.293555 0.488764 0.195688 0.641254 1.01539 0.475413 0.717243 0.961399 -1.15651 -1.7156
188 -1.0986 0.25032 0.0876849 -0.257978 -0.231578 -0.94462 0.222586 0.541675 -0.230544 0.754303 0.79728 0.174324 0.459817 0.738433 -1.46241 -1.52384
186 -1.10469 0.424109 0.409783 -0.308761 -0.291576 -0.667453 0.182261 0.63189 -0.518877 0.788567 0.669023 0.0670508 0.325467 0.584133 -1.50943 -1.35553
187 -0.88571 0.27028 0.190867 -0.219835 -0.196717 -0.614823 0.149738 0.497161 -0.345382 0.589854 0.541718 -0.0441609 0.245198 0.531333 -1.28023 -1.10243
185 -1.05018 0.71951 0.781704 -0.266961 -0.343876 -0.0927344 0.0888922 0.816864 -0.65488 0.702682 0.54081 -0.163839 -0.0975527 0.389706 -1.74052 -1.14294
184 -0.824064 0.69853 0.826708 -0.188349 -0.251787 0.118701 0.0629607 0.755926 -0.562446 0.48957 0.514279 -0.267462 -0.166801 0.359857 -1.53074 -0.952346
183 -0.888742 0.861968 1.01741 -0.196757 -0.261028 0.228752 0.0910604 0.847442 -0.715951 0.541079 0.514944 -0.282355 -0.271817 0.363202 -1.72785 -0.969862
194 -0.30566 -0.274488 0.231861 0.36438 -0.031442 -0.92011 0.680987 0.516354 0.647503 -0.0280274 1.46911 0.445189 0.429117 0.937024 -0.392747 -1.81637
193 -0.288337 -0.168433 0.190674 0.296898 -0.0219562 -0.871954 0.522498 0.44665 0.687868 0.0314197 1.23538 0.435449 0.456019 0.873109 -0.326126 -1.47866
28 0.864838 0.484002 0.793394 0.14414 0.0160231 -0.0648411 0.246359 -0.219221 0.552201 0.136455 0.214052 -0.0679791 0.0667774 0.495145 -0.856687 -1.47731
27 1.03388 0.455706 0.950931 -0.0686519 -0.127107 -0.102047 -0.0676793 -0.555769 0.536176 0.103118 0.0641412 0.0466939 0.0590839 0.435976 -0.981149 -1.51945
26 0.703884 0.274933 1.10099 -0.342127 -0.317936 -0.186497 -0.45355 -0.702658 0.445959 -0.262885 0.106992 0.182154 -0.0274157 0.566077 -1.46083 -1.17613
201 0.382392 -0.32575 0.803614 0.436626 -0.636288 -1.23139 0.18452 1.2807 -0.0690139 -0.597068 0.898735 -0.651387 0.083897 0.813458 -0.9954 -1.64305
200 0.387909 -0.329995 0.670285 0.476548 -0.54166 -1.29615 0.325627 1.24754 -0.0738529 -0.434199 1.05926 -0.537019 0.132986 0.874334 -0.735503 -1.88824
199 0.277686 -0.365241 0.525098 0.445118 -0.352574 -1.10474 0.43172 0.955275 -0.0200797 -0.287338 1.01749 -0.353622 0.0836048 0.810917 -0.537782 -1.71833
198 0.248385 -0.42997 0.50659 0.516564 -0.351884 -1.25395 0.702862 1.06705 0.138897 -0.364634 1.32598 -0.222709 0.176426 1.01575 -0.541703 -2.18096
202 0.365347 -0.259864 0.721432 0.409739 -0.603307 -1.08062 0.0141788 1.12911 -0.118881 -0.533754 0.692551 -0.650367 0.0116484 0.667209 -0.89981 -1.35617
127 -0.669188 -0.508747 0.233946 0.186476 -0.342174 0.451809 0.339391 0.391912 1.21507 0.0629807 0.735364 0.161275 -0.228776 0.343363 -1.52106 -0.730512
128 -0.829069 -0.564217 0.29069 0.22763 -0.371536 0.488105 0.389123 0.478101 1.42321 0.14918 0.806076 0.175703 -0.213461 0.391339 -1.75944 -0.849518
129 -0.743939 -0.687111 0.180039 0.314752 -0.3327 0.301869 0.228753 0.425819 1.02613 0.371609 1.07115 -0.0993303 -0.0248105 0.54313 -1.68215 -0.870883
204 0.102125 -0.150487 1.07642 0.462273 -0.735753 -1.15364 0.0657148 1.33104 0.0388423 -0.641971 0.751867 -0.53992 -0.0437398 0.635515 -1.28868 -1.3375
205 -0.0156097 -0.119284 0.972215 0.450126 -0.599532 -0.918877 0.11957 1.13219 0.0643015 -0.562058 0.606172 -0.307009 -0.0344077 0.546187 -1.12231 -1.02246
206 -0.173994 -0.0824487 1.19747 0.504648 -0.733915 -0.983655 0.224766 1.24771 0.0951463 -0.695066 0.643307 -0.279707 -0.0657781 0.596261 -1.37478 -1.06504
207 -0.626989 0.16659 1.21324 0.485805 -0.578294 -0.835044 0.458171 1.11165 0.189688 -0.761903 0.516817 0.115083 -0.000705813 0.627492 -1.5826 -0.815473
245 -0.247146 1.07932 -0.155053 -0.552622 0.607136 -0.152048 -0.347457 0.165584 0.788249 -1.35486 1.0766 -0.869201 -0.842626 0.566333 -1.8619 -0.429601
243 -0.406207 1.23997 -0.319064 -0.523366 0.477254 -0.18921 -0.398646 0.158557 0.657197 -1.14513 1.18457 -0.753852 -0.740837 0.772629 -1.65571 -0.313534
244 -0.222327 0.982451 -0.175496 -0.533879 0.545316 -0.167507 -0.317463 0.111417 0.614214 -1.13521 0.901467 -0.755607 -0.710233 0.556976 -1.70422 -0.34569
239 -0.455131 1.33404 -0.406392 0.127131 0.223465 -0.224451 -0.622976 0.209135 0.761611 -0.147134 1.71999 -0.489871 0.111907 1.55223 -0.956392 -0.224971
130 -0.470219 -0.540084 0.305678 0.321043 -0.147078 0.0935307 0.159547 0.342289 0.692999 0.346031 1.1082 -0.226802 0.120251 0.637321 -1.46768 -0.816161
68 1.03893 0.307684 -0.590963 0.426061 -0.421613 -0.393501 0.176416 -0.130264 -0.0935434 -0.460361 0.559921 0.669976 -0.176795 0.835087 -1.3756 -1.68093
67 0.733685 0.348063 -0.465532 0.296311 -0.425221 -0.395439 0.283992 -0.182596 0.0398455 -0.443726 0.374642 0.612928 -0.246446 0.587971 -1.11534 -1.43711
66 0.974925 0.456275 -0.574273 0.374215 -0.62472 -0.566681 0.357747 -0.262776 0.0321847 -0.692292 0.530643 0.650874 -0.331163 0.781415 -1.42151 -1.842
65 0.87312 0.686903 -0.303281 0.261088 -0.687733 -0.765282 0.707826 -0.408117 0.245532 -0.937512 0.509593 0.722652 -0.510748 0.821668 -1.44078 -2.08847
151 -0.566193 0.685202 0.409601 -0.385935 0.497825 -0.0657531 -0.181168 0.955048 0.771634 -0.30966 0.192616 -0.600546 1.06081 0.949263 -0.746906 -1.20642
150 -0.703695 0.793104 0.48122 -0.437095 0.619636 -0.102715 -0.268913 1.05654 0.847485 -0.318366 0.18671 -0.7628 1.16891 1.01268 -0.822998 -1.36545
152 -0.580012 0.824204 0.452044 -0.473993 0.537284 -0.0386563 -0.243218 1.12474 1.03523 -0.32179 0.311766 -0.673234 1.19998 1.05846 -0.815541 -1.43311
149 -0.827456 0.764289 0.519473 -0.337223 0.701498 -0.231749 -0.217107 0.893377 0.514277 -0.366844 0.274226 -0.896868 0.877793 0.929937 -0.812327 -1.44093
148 -0.798796 0.597862 0.500349 -0.215558 0.550713 -0.251626 -0.248193 0.672156 0.317807 -0.319768 0.270414 -0.789158 0.599102 0.790263 -0.823196 -1.30929
110 0.453072 0.146612 -0.31364 -0.629104 0.986052 -0.159561 0.451647 0.836271 0.144868 -0.145334 0.598716 0.0321277 -1.41813 0.67388 -1.38043 -1.92785
109 0.284829 0.12884 -0.327427 -0.4728 0.72436 -0.106587 0.332279 0.547695 0.145958 -0.117352 0.458885 0.0166776 -1.08607 0.568969 -1.15743 -1.54512
213 -0.455844 0.849792 0.735887 0.412364 0.328297 -0.670666 0.212186 0.402103 0.138106 -1.20588 0.252078 0.835729 0.659487 1.65374 -1.71535 -0.623189
297 0.669167 1.28886 0.978791 -0.841675 0.126671 0.00332972 -0.015548 0.629976 0.130922 -0.258406 1.64266 -0.117456 -0.288816 0.391106 -1.44085 -0.503669
299 0.785458 1.44782 0.862245 -0.807428 0.197173 -0.0921212 -0.0340708 0.408692 0.146692 -0.0991454 1.58673 0.286776 -0.236995 0.488547 -1.51146 -0.490082
298 0.645509 1.28572 0.865091 -0.764157 0.105946 -0.0545159 -0.0272884 0.444889 0.113867 -0.193806 1.47029 0.0724143 -0.223275 0.401395 -1.3826 -0.434634
296 0.431483 1.11914 1.17424 -0.946571 0.0721748 0.291139 0.170363 0.860078 0.0842934 -0.615574 1.78127 -0.405461 -0.309314 0.399528 -1.36206 -0.506242
1 0.815589 1.37189 0.520586 -0.603001 0.226526 -0.185762 -0.0379392 0.0858521 0.139725 0.124998 1.35258 0.511962 -0.232099 0.556865 -1.45747 -0.345366
0 0.912932 1.56801 0.667529 -0.725312 0.284473 -0.147307 -0.0881017 0.147391 0.178731 0.0942271 1.52359 0.574499 -0.269113 0.618446 -1.58014 -0.434701
2 0.956767 1.5059 0.477016 -0.673388 0.337897 -0.176893 -0.00817371 0.0285741 0.187249 0.156323 1.48451 0.776261 -0.237027 0.753968 -1.69942 -0.427837
37 0.38818 0.243771 1.12812 -0.675908 0.801905 0.536483 0.235438 -0.340419 0.394699 0.739956 0.804615 -0.206839 0.0386367 1.22185 -0.486048 -1.38609
38 0.416108 0.262935 1.30985 -0.765351 0.839472 0.738929 0.264093 -0.349275 0.467286 0.833417 0.984398 -0.132164 0.202696 1.54523 -0.558175 -1.66922
39 0.365365 0.363496 1.34493 -0.729502 0.707308 0.937439 0.287485 -0.190537 0.463179 0.738307 1.05297 0.122387 0.293354 1.66528 -0.483382 -1.46345
36 0.356425 0.266053 1.14632 -0.668708 0.803926 0.480581 0.320572 -0.297687 0.468656 0.774282 0.879588 -0.273526 0.0636285 1.30171 -0.506985 -1.48509
35 0.654939 0.492673 0.841993 -0.120157 0.585784 0.128257 0.731732 -0.246891 0.587769 0.687828 0.75585 -0.495501 -0.0060282 0.732196 -0.585802 -1.63582
33 0.793894 0.594897 0.772452 0.114471 0.45802 0.0136514 0.853277 -0.123173 0.677945 0.587862 0.679538 -0.443579 0.0765022 0.718622 -0.699266 -1.81321
34 0.650692 0.542948 0.764857 0.00997643 0.455377 0.0728286 0.766662 -0.144533 0.572338 0.57916 0.702445 -0.389921 0.0349707 0.652521 -0.543388 -1.54427
21 0.0464092 0.277432 0.820227 -0.896901 -0.497998 -0.139257 -1.09223 -1.05859 0.289103 -0.683242 0.415 0.091784 -0.129275 0.633393 -1.85872 -1.01948
22 0.0561975 0.185284 0.686144 -0.721493 -0.435582 -0.0711638 -0.914864 -0.928294 0.220609 -0.580954 0.30661 0.123135 -0.14199 0.516909 -1.60235 -0.852732
23 0.245879 0.182244 0.913639 -0.740611 -0.45988 -0.146467 -0.967974 -1.05841 0.273648 -0.58166 0.314814 0.229181 -0.160525 0.556182 -1.77346 -1.01926
20 -0.000280547 0.342107 0.601082 -0.993486 -0.599974 -0.129101 -1.08701 -1.10646 0.234507 -0.658679 0.509619 -0.0560842 -0.121912 0.724032 -1.91795 -1.10633
92 -0.689262 -0.0311942 0.784193 -0.38384 0.37012 -0.402538 -0.713057 -0.480663 1.12066 0.771624 1.08505 -0.178437 -1.15953 1.07387 -0.935749 -1.24928
91 -0.468987 -0.0172914 0.851443 -0.267929 0.344678 -0.336597 -0.618571 -0.309185 0.941247 0.639693 0.864739 -0.256016 -0.844893 0.937644 -0.7348 -0.931082
90 -0.38449 -0.0106883 1.12654 -0.120816 0.301118 -0.433541 -0.826492 -0.27395 1.16352 0.824254 0.82691 -0.405956 -0.986205 0.931073 -0.83145 -1.19901
93 -0.768479 -0.0527627 0.584676 -0.517733 0.295589 -0.285846 -0.597508 -0.582237 1.04234 0.768986 1.35016 0.0107751 -1.16134 1.16856 -1.1331 -1.24969
94 -0.691492 -0.0769981 0.247322 -0.509432 0.154822 -0.185688 -0.396142 -0.533988 0.819351 0.633149 1.17175 0.102215 -0.966586 0.936315 -1.0191 -1.16833
95 -0.66838 -0.082932 0.124296 -0.493208 0.0418968 -0.207636 -0.429473 -0.53388 0.846449 0.766316 1.32815 0.190921 -1.09178 0.973598 -1.27557 -1.32377
145 -0.857887 0.286148 0.4288 -0.0738685 0.679605 -0.58891 -0.300644 0.277375 -0.427551 -0.389404 0.869821 -1.13477 -0.256909 1.0843 -0.91232 -1.18185
146 -0.949692 0.398324 0.43328 -0.181208 0.822197 -0.546459 -0.358093 0.395235 -0.302153 -0.486667 0.78831 -1.17773 -0.00550762 1.16032 -0.904133 -1.37861
147 -0.96467 0.580921 0.537589 -0.249842 0.76763 -0.447669 -0.330179 0.667032 0.0747338 -0.415746 0.417169 -1.02938 0.408355 0.949639 -0.801784 -1.40505
248 0.305714 0.536328 0.450955 -0.258454 0.868403 0.262376 -0.168669 0.12332 0.995169 -1.50377 0.760567 -1.01717 -0.675882 0.22031 -1.78041 -0.569758
249 0.534242 0.314414 0.674052 0.193681 0.78848 0.488245 -0.0476689 0.11056 1.29912 -1.4551 0.747387 -1.16904 -0.542668 0.48407 -1.6569 -0.49648
251 0.569937 0.290261 0.645339 0.287663 0.61856 0.576606 0.0246124 0.11638 1.27802 -1.38366 0.767045 -1.23805 -0.460098 0.58018 -1.60485 -0.463769
246 0.04578 0.77936 0.19154 -0.491192 0.877163 0.0225426 -0.296278 0.113817 0.946094 -1.48318 0.878501 -0.995734 -0.809734 0.334332 -1.99808 -0.511025
247 0.236443 0.616364 0.341534 -0.31296 0.858795 0.133134 -0.18498 0.0858739 0.881834 -1.40455 0.787182 -0.907448 -0.645211 0.295799 -1.78489 -0.499659
55 0.312842 0.0762685 0.820946 0.594454 -0.0222836 -0.565827 0.566708 -0.00782196 0.694085 -0.534772 -0.0637925 0.0249598 -0.440597 1.39519 -0.877145 -0.960066
56 0.300715 0.219022 0.825043 0.553823 0.0360521 -0.679959 0.723522 -0.0945578 0.867384 -0.646484 -0.168435 0.094775 -0.530722 1.3597 -0.949636 -1.01318
57 0.21365 0.590034 0.784803 0.244633 -0.0103217 -0.825564 0.722523 -0.198392 1.1006 -0.753131 -0.107065 0.180981 -0.47675 1.00532 -1.01606 -1.2186
59 0.209364 0.721914 0.762008 0.160172 -0.0330471 -0.9396 0.886625 -0.287113 1.16788 -0.775871 -0.0316552 0.245257 -0.539605 1.03288 -1.13467 -1.40911
60 0.249432 0.856019 0.648239 0.105312 -0.179638 -0.978667 0.925445 -0.3897 1.08966 -0.969683 -0.0342157 0.368358 -0.568412 0.92676 -1.11435 -1.55394
61 0.290971 0.711043 0.391835 0.060125 -0.203005 -0.827165 0.815002 -0.372877 0.789752 -0.825241 0.0265604 0.406285 -0.533057 0.7009 -0.993944 -1.43357
62 0.384072 0.804273 0.328887 0.0889103 -0.330457 -0.910348 0.903114 -0.47705 0.806186 -0.976777 0.133339 0.442623 -0.576909 0.834249 -1.15903 -1.73316
226 -0.0694055 -0.378786 0.182899 -0.123495 0.399219 0.807552 0.399731 -0.367659 -0.536614 -0.453478 1.01068 -0.0834471 0.549197 0.61816 -1.94343 -0.957066
227 -0.0272865 -0.332079 0.223046 -0.13916 0.437823 0.86964 0.402808 -0.446604 -0.519353 -0.562157 1.14837 -0.130555 0.572903 0.716895 -2.14481 -0.949514
228 0.065933 -0.137427 0.236423 -0.0604421 0.407494 0.809665 0.258158 -0.376595 -0.344789 -0.387891 1.21997 -0.267638 0.619076 0.673188 -2.00273 -0.706577
225 -0.0683596 -0.4681 0.202272 -0.183512 0.418657 0.75896 0.576173 -0.432358 -0.384258 -0.660069 1.0502 0.0281224 0.688224 0.669804 -2.00849 -1.122
163 0.0310015 0.489529 0.415841 0.169447 -0.610805 0.626338 -0.485615 0.329488 1.17269 -0.168093 0.805723 -0.991177 0.692352 0.288418 -0.636626 -1.69259
171 -0.684616 1.44145 0.777342 -0.218085 -0.589288 0.0735256 0.935076 -0.0423847 0.905007 0.0061002 1.24808 -0.410976 0.346136 0.145254 -0.832943 -1.45146
173 -0.603542 1.49284 0.931157 -0.156205 -0.613472 0.140181 0.935579 0.0172818 0.885399 0.0299141 1.31213 -0.28457 0.317837 0.144096 -0.977889 -1.3621
172 -0.569876 1.37608 0.796155 -0.148217 -0.606179 0.0660088 0.858912 0.0272887 0.871456 -0.014163 1.19754 -0.252953 0.326739 0.15937 -0.804496 -1.21405
54 0.436478 -0.105971 0.875328 0.765833 -0.00762522 -0.541931 0.565916 0.0424329 0.602076 -0.448045 -0.104848 -0.0492588 -0.50965 1.65697 -0.948097 -0.988532
140 -0.385889 -0.128272 0.679888 0.207014 0.52009 -0.530918 0.248087 0.16091 -0.299216 0.276356 1.50857 -1.45173 -0.16334 0.979454 -1.32502 -0.937233
139 -0.288658 -0.121646 0.677243 0.257015 0.355473 -0.391225 0.266131 0.147085 -0.146695 0.358303 1.35387 -1.21715 -0.104177 0.750666 -1.17113 -0.718446
47 0.676206 0.628163 1.32363 0.8216 -0.312986 0.819464 0.565624 0.123357 0.221421 -0.250977 0.592342 0.206426 0.544559 1.6083 -0.712162 -0.927626
48 0.711749 0.201287 1.14273 0.947544 -0.172913 0.332084 0.358322 0.195693 0.226168 -0.297538 0.395671 0.0661307 0.219801 1.66862 -0.734725 -0.911319
50 0.749527 -0.102832 1.12643 1.20834 -0.0956873 0.0839724 0.312905 0.0706348 0.187697 -0.382826 0.221691 -0.101568 -0.105208 1.8737 -0.853596 -1.01095
51 0.626475 -0.265493 1.02776 1.10062 -0.0406199 -0.258644 0.440047 0.0555005 0.402113 -0.350203 0.0353248 -0.103955 -0.415003 2.00478 -0.983958 -1.09821
52 0.493252 -0.347928 0.913013 1.00072 0.0126604 -0.285475 0.35598 0.0269204 0.348583 -0.326525 -0.0245106 -0.141753 -0.452794 1.89117 -0.926169 -0.980486
53 0.578893 -0.315668 0.983659 1.07134 0.0495622 -0.364364 0.463078 0.0582228 0.43552 -0.413348 -0.0796488 -0.0979061 -0.519524 1.95798 -0.981786 -1.08038
49 0.704384 -0.0310078 1.09051 1.06815 -0.132097 0.100273 0.262168 0.149221 0.194354 -0.392677 0.200897 -0.0684362 -0.0038646 1.73127 -0.77828 -0.9093
277 0.0183703 0.111913 -0.0238669 -0.0794744 0.301516 0.747074 -0.287887 1.2552 0.545491 -0.439037 -0.0854301 0.0933575 -0.0882143 1.15229 -1.83112 -0.632021
276 0.0785092 0.0816685 -0.12356 -0.14846 0.43482 0.82369 -0.439493 1.56552 0.549012 -0.436365 0.0115021 -0.0618996 0.00805403 1.19746 -2.0235 -0.746539
278 0.0281016 0.16782 0.0249633 -0.0963989 0.273007 0.861388 -0.381321 1.36673 0.708396 -0.477717 -0.117352 0.0980098 -0.11373 1.36476 -2.04609 -0.68314
275 0.069325 0.0143769 -0.24339 -0.124009 0.50743 0.756338 -0.516876 1.72272 0.330076 -0.382203 0.15092 -0.255016 0.116698 1.07147 -2.03133 -0.675778
274 0.121988 0.0176946 -0.210814 -0.0817762 0.493635 0.549486 -0.508945 1.53546 0.271531 -0.334238 0.214895 -0.317183 0.149331 0.917088 -1.76692 -0.639789
273 0.151942 -0.0224712 -0.146658 -0.09964 0.492288 0.64301 -0.532075 1.71728 0.300457 -0.332728 0.236769 -0.404966 0.218018 1.02914 -1.94118 -0.720304
25 0.516301 0.148461 0.944378 -0.337635 -0.314141 -0.15423 -0.525208 -0.618629 0.328194 -0.264119 0.10054 0.214152 -0.0544366 0.523203 -1.42267 -1.03038
45 0.58415 0.846987 1.33746 0.578413 -0.301087 0.95262 0.691048 0.106502 0.407695 -0.142122 0.735743 0.300494 0.642809 1.60638 -0.762834 -1.02178
46 0.514655 0.675331 1.19157 0.521906 -0.25357 0.765809 0.487119 0.101669 0.336036 -0.171045 0.606909 0.217474 0.455775 1.33095 -0.720125 -0.873594
18 0.00262811 0.521489 0.374781 -1.01598 -0.670635 -0.168041 -0.937478 -0.995155 0.27616 -0.609446 0.50738 -0.268807 -0.0803692 0.888662 -1.88666 -1.01763
19 -0.0612766 0.334189 0.382941 -0.972906 -0.585767 -0.0888933 -0.959545 -0.944297 0.143672 -0.605895 0.439778 -0.178292 -0.0829002 0.722841 -1.79245 -0.986394
156 -0.0567129 0.715059 0.4596 -0.124395 -0.0903239 0.441041 -0.544303 0.946628 1.40334 -0.405135 0.750256 -0.650724 1.05093 0.986278 -0.579013 -1.40329
157 0.0992908 0.645452 0.488809 -0.0633741 -0.184234 0.493253 -0.599984 0.686649 1.29436 -0.344873 0.720959 -0.608677 0.892615 0.859278 -0.578802 -1.32097
86 0.629059 0.329695 2.0629 0.575582 -0.124069 -0.0778626 -0.839605 0.463242 1.13276 0.614808 0.486691 -0.529935 -0.281943 0.669772 -0.963973 -1.32642
84 0.790393 0.417726 1.96314 0.673302 -0.239622 0.0295553 -0.900253 0.422035 0.792276 0.547772 0.473255 -0.259149 -0.094996 0.61345 -1.06172 -1.32805
83 0.807973 0.503906 1.56507 0.805744 -0.31303 0.329818 -1.04109 0.237062 0.24096 0.532282 0.53375 -0.0243141 0.226322 0.659596 -1.20097 -1.36796
85 0.614753 0.328753 1.8105 0.531078 -0.0905924 -0.10813 -0.706007 0.435264 0.942095 0.449675 0.437679 -0.382693 -0.219372 0.517224 -0.776858 -1.22211
81 0.710747 0.647955 1.33898 0.811618 -0.307523 0.503343 -1.0847 0.102662 -0.0738007 0.477047 0.562551 0.133502 0.433812 0.716689 -1.37692 -1.29604
281 0.0296228 0.252431 0.502231 0.0610074 -0.206051 0.943972 -0.311792 0.766373 0.887682 -0.782509 -0.390663 0.503574 -0.15939 1.68887 -1.72184 -0.460485
282 -0.0787466 0.0438899 0.673464 0.182868 -0.561788 0.767355 -0.248123 0.41751 0.735716 -0.981514 -0.227498 0.515977 -0.11802 1.86585 -1.619 -0.446146
283 -0.127591 -0.0377109 0.584395 0.201148 -0.688337 0.654243 -0.139337 0.161732 0.551386 -0.951993 -0.0402782 0.411189 -0.0505571 1.81728 -1.37246 -0.395925
284 -0.214743 -0.216146 0.671667 0.244753 -0.857793 0.76533 -0.160798 0.248609 0.578753 -1.15347 0.030636 0.34166 -0.0540607 2.02532 -1.62884 -0.508592
120 0.298926 -0.124557 1.50006 -0.228126 -0.175906 0.0960814 0.549277 0.252498 1.51965 -0.58968 1.03433 0.469907 -0.515108 -0.208276 -1.77788 -0.762715
122 -0.142338 -0.195281 1.43396 -0.0915852 -0.22485 0.226023 0.636841 0.160095 1.74332 -0.570683 0.946416 0.348254 -0.435869 -0.204975 -1.93471 -0.749632
121 -0.00899929 -0.076296 1.31747 -0.139265 -0.196677 0.162723 0.519564 0.179563 1.40693 -0.500496 0.845237 0.322465 -0.35232 -0.178476 -1.59707 -0.59915
250 0.513551 0.264531 0.538091 0.146472 0.695557 0.461904 -0.0386851 0.0577356 1.11434 -1.24512 0.687595 -1.01624 -0.43962 0.462055 -1.47767 -0.502578
268 0.529506 -0.054991 0.671544 -0.058441 -0.196102 -0.190996 -0.324572 0.712422 0.588147 0.274965 -0.192542 -0.59565 0.205013 0.849132 -1.51547 -0.44076
182 -0.638012 0.942182 1.27458 0.00612583 -0.233767 0.55112 0.108814 0.744327 -0.299507 0.31569 0.693266 -0.267119 -0.310511 0.235066 -1.54441 -0.84799
24 0.546738 0.169881 1.05374 -0.480635 -0.338914 -0.150445 -0.711948 -0.851172 0.376133 -0.365633 0.11714 0.244488 -0.0775844 0.537419 -1.6537 -1.23804
238 -0.310564 1.03511 -0.30774 0.104919 0.258572 -0.1988 -0.467593 0.0840831 0.605618 -0.0646003 1.43013 -0.42333 0.155156 1.22096 -0.811193 -0.16986
237 -0.307516 1.22417 -0.247435 0.13823 0.35716 -0.186643 -0.552333 0.110172 0.817021 -0.025791 1.65384 -0.596607 0.334574 1.46749 -1.07343 -0.208922
236 0.0224601 1.11243 0.00458578 0.260143 0.493974 -0.0731373 -0.528946 -0.0395926 0.835314 0.0573168 1.66322 -0.782329 0.708144 1.3363 -1.35145 -0.122331
229 0.0381858 -0.136775 0.251949 -0.0292021 0.384494 0.737432 0.190284 -0.239243 -0.265275 -0.332779 1.14729 -0.225998 0.482316 0.607693 -1.87092 -0.522872
224 -0.228862 -0.612671 -0.0390966 -0.21625 0.494645 0.527351 0.654206 -0.528135 -0.166792 -0.836277 0.857364 0.209499 0.895609 0.754116 -1.84429 -1.34704
180 -0.398961 1.05968 1.36658 0.168677 -0.249727 0.70588 0.198348 0.600155 -0.0505207 0.317788 0.813802 -0.150289 -0.271515 0.0172298 -1.42496 -0.751905
179 -0.203908 1.06618 1.39776 0.252365 -0.313999 0.795635 0.201837 0.391974 0.362253 0.326667 1.00763 0.045053 -0.0917063 0.00436225 -1.44325 -0.705874
181 -0.474015 0.879134 1.27182 0.02999 -0.2605 0.488062 0.160709 0.667586 -0.158854 0.243802 0.648953 -0.215086 -0.277663 0.180595 -1.3347 -0.733126
174 -0.394172 1.46853 1.15065 0.130869 -0.520718 0.43185 0.749972 0.132975 0.787196 0.181786 1.28211 -0.00032628 0.260787 0.00227086 -1.15419 -1.05963
153 -0.42949 0.840209 0.442271 -0.492489 0.42003 0.048357 -0.220028 1.19113 1.12961 -0.366018 0.473666 -0.662252 1.19221 1.11383 -0.775726 -1.31961
155 -0.275695 0.765895 0.449834 -0.405045 0.271785 0.168272 -0.372878 1.08034 1.23908 -0.312404 0.514082 -0.570407 1.07913 1.03184 -0.675787 -1.28133
154 -0.287942 0.639011 0.376065 -0.334945 0.183836 0.185073 -0.239014 1.00301 1.09682 -0.277198 0.462436 -0.493015 0.92808 0.89499 -0.649674 -1.08973
63 0.564063 0.804185 -0.0240966 0.134199 -0.574459 -0.888733 0.805146 -0.48352 0.474957 -1.02396 0.473822 0.59674 -0.646841 0.844243 -1.42445 -2.03336
230 0.0872389 -0.0473748 0.204993 0.023941 0.480189 0.718837 0.0865131 -0.345404 -0.181556 -0.291275 1.26576 -0.357998 0.658385 0.646736 -1.9447 -0.414766
231 0.286333 0.443967 0.379942 0.0818808 0.524994 0.434768 -0.126131 -0.327438 0.334215 -0.157575 1.33805 -0.636307 0.961716 0.758678 -1.75798 -0.135688
14 0.198377 0.969589 0.0557058 -0.541308 -1.08242 -0.228329 -0.202046 -0.66793 0.609963 -0.681051 1.03732 -0.515944 -0.186985 1.06077 -1.07711 -0.274131
87 0.215072 0.135185 1.84439 0.297816 0.141695 -0.337883 -0.794628 0.292228 1.28714 0.648987 0.573708 -0.619106 -0.608128 0.728576 -0.908208 -1.28409
88 -0.00588365 0.0716275 1.52217 0.160395 0.175059 -0.352764 -0.722482 0.17437 1.16082 0.707722 0.580829 -0.559616 -0.734545 0.74568 -0.796611 -1.10777
89 -0.149452 0.0613077 1.54905 0.0876458 0.255496 -0.449573 -0.83612 0.0127288 1.39015 0.806417 0.730965 -0.590977 -0.913239 0.903861 -0.901052 -1.31266
212 -0.457954 0.773323 0.851934 0.359868 0.147026 -0.629201 0.206107 0.536712 0.212366 -1.02136 0.260152 0.722052 0.444448 1.39557 -1.59134 -0.581443
211 -0.425809 0.598695 0.717595 0.365952 -0.00234177 -0.566917 0.265803 0.5522 0.149447 -0.899062 0.189119 0.599507 0.356247 1.16506 -1.40649 -0.46272
217 -0.357126 0.464947 0.292528 0.273495 0.326263 -0.244761 0.138078 0.0266494 0.187238 -0.929558 0.404574 0.608866 0.658329 1.19368 -1.22919 -0.646602
58 0.168409 0.603886 0.676245 0.157057 0.0428896 -0.741297 0.654498 -0.216918 0.978625 -0.667519 -0.0434261 0.182703 -0.425845 0.905886 -0.904184 -1.12102
208 -0.700307 0.132252 1.20017 0.403178 -0.591321 -0.77879 0.554487 1.01902 0.210693 -0.721698 0.407552 0.151541 0.0219921 0.565573 -1.53746 -0.680621
69 0.973742 0.164464 -0.747744 0.578178 -0.397013 -0.250106 -0.119001 -0.0327732 -0.207991 -0.31001 0.597174 0.629074 0.0734196 0.900381 -1.4275 -1.58905
70 0.678538 0.0501453 -0.547786 0.601491 -0.187388 0.0426229 -0.316387 0.0940865 -0.277661 -0.0376494 0.597107 0.423142 0.244847 0.934121 -1.25231 -1.20856
13 0.149689 0.857805 0.287678 -0.174904 -0.773937 -0.128895 0.0296228 -0.314032 0.729331 -0.63182 1.1134 -0.362739 -0.176122 0.880942 -0.862411 -0.337678
64 0.631472 0.671791 -0.21725 0.177834 -0.542997 -0.764735 0.667038 -0.412832 0.237717 -0.910993 0.411339 0.591401 -0.600757 0.713146 -1.15345 -1.86048
232 0.296178 0.638685 0.417348 0.129398 0.35926 0.166227 -0.232298 -0.127861 0.626206 -0.0796795 1.20038 -0.66887 0.759522 0.741338 -1.42736 -0.129447
233 0.343921 0.778444 0.414501 0.176648 0.490672 0.225124 -0.310301 -0.174887 0.750393 -0.055677 1.41945 -0.808091 0.917696 0.878588 -1.65902 -0.0991235
234 0.300553 0.95988 0.219879 0.23884 0.534569 0.0130767 -0.488702 -0.102917 0.884913 -0.013897 1.56494 -0.840922 0.918552 1.07775 -1.51125 -0.0318833
279 0.0741573 0.24448 0.307506 0.00583397 0.0752833 0.888923 -0.324614 1.04678 0.824285 -0.553698 -0.35624 0.315188 -0.200278 1.48181 -1.83683 -0.530912
280 0.0396282 0.269501 0.373275 0.0407842 -0.00647266 0.849786 -0.27955 0.854341 0.777795 -0.575846 -0.333736 0.404736 -0.205279 1.49216 -1.64831 -0.527575
79 0.525635 0.760467 0.83389 0.817878 -0.357322 0.688767 -0.88492 0.00731335 -0.423127 0.0734013 0.705767 0.308047 0.652772 0.812638 -1.38119 -1.15667
203 0.367127 -0.234198 0.893192 0.476567 -0.699029 -1.20246 -0.00586544 1.33129 -0.0580958 -0.553856 0.743785 -0.700644 0.0134007 0.746096 -1.11998 -1.51317
177 -0.177498 1.22937 1.44191 0.340679 -0.327898 0.871525 0.278897 0.328789 0.522725 0.348185 1.20198 0.121493 -0.0143456 -0.0226732 -1.53275 -0.813732
235 0.269336 0.920569 0.194785 0.317511 0.474938 0.00189474 -0.428046 -0.0641593 0.818216 0.0879545 1.43646 -0.789107 0.748318 1.02294 -1.29393 -0.0039542
82 0.717009 0.537886 1.20122 0.662082 -0.30773 0.348158 -0.877742 0.147753 -0.0150994 0.389485 0.504812 0.0536957 0.311079 0.649955 -1.21567 -1.11381
222 -0.270895 -0.48934 -0.00768141 -0.143013 0.471957 0.398013 0.524974 -0.455998 -0.000544313 -0.937395 0.773661 0.282526 0.927214 0.748984 -1.66472 -1.32271
223 -0.214262 -0.483087 -0.0170489 -0.200469 0.411432 0.391059 0.534125 -0.47165 -0.0507941 -0.73714 0.649249 0.269969 0.827324 0.677316 -1.43542 -1.14032
44 0.516295 0.905833 1.23539 0.253754 -0.192769 1.03203 0.655297 0.0655388 0.432368 0.0457288 0.87346 0.373256 0.710379 1.53508 -0.720777 -1.0882
43 0.469023 0.829258 1.23204 0.135253 -0.10547 1.07156 0.596133 0.0347599 0.439303 0.160096 0.808659 0.408348 0.625005 1.38137 -0.60964 -1.06225
42 0.464073 0.801089 1.3136 -0.014188 -0.0146669 1.12743 0.587076 0.0471908 0.520264 0.239102 1.01157 0.440085 0.699824 1.67507 -0.651641 -1.21435
191 -0.902107 -0.0853428 -0.00155627 0.00248486 -0.0666087 -1.25337 0.372451 0.430544 0.35965 0.461621 1.12748 0.540909 0.6714 0.984368 -0.779215 -1.71673
210 -0.647671 0.490483 0.975491 0.460283 -0.166272 -0.714101 0.413381 0.770373 0.133331 -0.908014 0.233796 0.55553 0.269299 0.986925 -1.58818 -0.531555
294 0.318422 0.972123 1.21908 -1.01011 -0.0982896 0.444893 0.262052 0.93658 0.0167699 -0.871902 1.95981 -0.601311 -0.341785 0.502858 -1.42618 -0.486592
254 0.393237 0.227069 0.834962 0.167324 0.0444689 0.519415 0.438374 0.253769 1.18344 -0.917335 0.855863 -1.32642 -0.481936 1.13244 -1.44404 0.0760299
252 0.531398 0.26 0.695612 0.359899 0.296426 0.55706 0.349268 0.213812 1.34236 -1.26161 0.82353 -1.46876 -0.510273 0.957468 -1.47635 -0.172689
291 -0.0577808 0.284711 0.916035 -0.614934 -0.707193 0.524095 0.285762 0.604118 -0.216705 -1.32694 1.424 -0.324323 -0.144178 0.982912 -1.07737 -0.302941
292 0.156815 0.548375 0.851121 -0.613538 -0.209618 0.391404 0.261192 0.627002 -0.0136687 -0.814797 1.33439 -0.359066 -0.18946 0.551459 -0.985926 -0.290589
293 0.212149 0.68769 1.15766 -0.87117 -0.321575 0.490408 0.273161 0.767286 -0.102808 -1.11322 1.66068 -0.447252 -0.230966 0.699713 -1.15936 -0.363887
73 0.713698 0.200122 -0.516021 0.776636 -0.332442 0.296314 -0.496476 0.2983 -0.452737 0.0372861 0.90203 0.338791 0.3752 1.17088 -1.35208 -1.23309
108 0.28904 0.28355 -0.563031 -0.595399 0.927958 -0.115887 0.436874 0.60909 0.189405 -0.0968396 0.416529 -0.11256 -1.33422 0.757907 -1.46513 -1.99511
9 0.376868 1.0508 0.0153358 0.467963 -0.633285 -0.0508938 0.416399 -0.201672 1.10184 -0.543079 2.05604 0.0193806 -0.51111 1.04077 -1.02056 -0.13449
11 0.326858 1.05365 0.200383 0.366246 -0.847865 -0.138557 0.253372 -0.297071 1.03571 -0.734558 1.80355 -0.238511 -0.405917 1.00421 -0.89788 -0.27714
10 0.352216 0.957205 0.0774868 0.517241 -0.694788 -0.130888 0.394362 -0.149636 1.05285 -0.629577 1.819 -0.182023 -0.426109 0.97318 -0.820783 -0.169938
175 -0.216368 1.24715 1.11712 0.191437 -0.382846 0.572233 0.5463 0.150944 0.625065 0.216889 1.12679 0.0176527 0.251462 0.0552022 -1.14593 -0.880396
176 -0.32633 1.41844 1.31367 0.251183 -0.483496 0.668048 0.536002 0.232846 0.688018 0.322628 1.2707 0.0192751 0.253679 0.00883911 -1.39743 -0.993409
209 -0.673124 0.243773 1.20161 0.45321 -0.421996 -0.824483 0.483573 1.02018 0.230925 -0.848803 0.451778 0.297906 0.115962 0.707376 -1.65694 -0.713936
12 0.257698 0.969548 0.193783 -0.0450519 -0.855814 -0.161639 0.0799865 -0.383047 0.842361 -0.692797 1.43873 -0.334644 -0.265391 0.957614 -0.881812 -0.198749
178 -0.123054 1.04908 1.34149 0.326079 -0.239375 0.891753 0.187783 0.323178 0.362915 0.323187 0.99413 0.102868 -0.020735 -0.0442711 -1.409 -0.706599
192 -0.49208 -0.15018 0.16765 0.225174 -0.0142504 -1.06326 0.547651 0.501662 0.686934 0.111955 1.32202 0.56851 0.524265 0.995846 -0.459248 -1.7439
255 0.231812 0.309661 0.977832 -0.0387413 -0.242839 0.353886 0.672544 0.321834 1.06034 -0.625679 0.853978 -1.27583 -0.573998 1.36485 -1.33178 0.242714
257 0.0462793 0.377523 1.0896 -0.227372 -0.577788 0.132845 0.841725 0.454256 1.07716 -0.2131 0.837731 -0.920677 -0.732174 1.72671 -1.25841 0.304116
258 -0.216579 0.581359 1.2296 -0.43019 -0.722861 -0.188343 0.991687 0.668354 1.14924 0.0797743 0.846242 -0.634889 -0.855418 2.04565 -1.14443 0.140252
259 -0.225592 0.623395 1.17312 -0.455239 -0.698303 -0.169155 0.882971 0.629695 1.12178 0.0641468 0.830093 -0.478311 -0.822993 1.92558 -1.07268 0.0577976
260 -0.241921 0.576916 1.26105 -0.527843 -0.788622 -0.301594 0.935703 0.789062 1.25986 0.161868 0.858325 -0.51102 -0.814709 2.05049 -1.23028 0.0221021
256 0.0854959 0.290735 0.924512 -0.140908 -0.431311 0.142518 0.672209 0.34817 0.896139 -0.320876 0.77195 -0.9662 -0.618065 1.37987 -1.17051 0.299783
295 0.434243 1.07871 1.1489 -0.923282 0.0862181 0.313059 0.216613 0.835478 0.0511255 -0.630029 1.70554 -0.469329 -0.274402 0.315991 -1.26383 -0.416391
41 0.401921 0.531428 1.32338 -0.348402 0.390853 1.1204 0.412182 -0.0882605 0.478898 0.624835 0.958038 0.301928 0.476862 1.65384 -0.435328 -1.38773
253 0.381485 0.264916 0.579415 0.284633 0.175509 0.486705 0.337398 0.22546 1.14851 -1.03273 0.807725 -1.28367 -0.356363 0.890479 -1.31379 -0.00369315
265 0.347131 0.196086 0.84429 -0.414786 -0.495133 -0.484746 0.158051 0.718404 0.891355 0.446341 0.040411 -0.416248 0.00365854 1.10512 -1.23297 -0.19262
40 0.372161 0.415065 1.07775 -0.381711 0.330658 0.85252 0.309009 -0.0391748 0.408741 0.502769 0.795526 0.207004 0.335646 1.26936 -0.380616 -1.17771
