300 32
14 -0.431193 -0.524904 -0.592349 -0.328552 0.0673683 0.321856 0.469527 0.0747401 0.149541 0.22505 -0.257719 -0.376746 -0.242707 0.302272 0.925308 0.65039 -0.147439 0.620725 -0.367486 0.692881 -0.567557 0.0643471 -0.100486 0.414759 -0.0122126 -0.765227 -0.513685 1.43249 0.678142 0.659967 -0.252268 -0.0188623
15 -0.400108 -0.653181 -0.619934 -0.242257 -0.046326 0.171933 0.465791 0.0207878 0.173438 0.151787 -0.214872 -0.402695 -0.260257 0.310937 0.927821 0.645115 -0.0936696 0.568358 -0.336224 0.715647 -0.483555 0.1736 -0.187186 0.333335 0.15222 -0.831826 -0.532742 1.61405 0.68867 0.743184 -0.183175 0.0535121
12 -0.443014 -0.248914 -0.555047 -0.406471 0.0301378 0.423186 0.484518 0.113022 0.122088 0.311001 -0.353192 -0.409466 -0.159163 0.281528 0.866831 0.579767 -0.0751533 0.606973 -0.28416 0.466821 -0.529952 0.0476811 -0.0793623 0.48474 -0.134745 -0.788377 -0.433476 1.36585 0.579269 0.531605 -0.17489 0.039993
11 -0.511583 0.0899337 -0.640846 -0.469939 -0.0693066 0.491262 0.453279 0.196014 0.0717513 0.483275 -0.486889 -0.37848 -0.201958 0.22264 0.753501 0.421062 -0.0203113 0.592743 -0.250817 0.255452 -0.409046 0.0421466 -0.226159 0.481535 -0.253932 -0.865629 -0.338687 1.40618 0.588005 0.371394 -0.0245383 0.12778
10 -0.445502 0.300878 -0.553813 -0.466932 -0.103607 0.470578 0.375572 0.2137 0.0456819 0.500935 -0.576783 -0.350094 -0.166693 0.148087 0.605616 0.292647 0.0175343 0.50624 -0.132294 0.0371391 -0.268135 0.0899832 -0.279704 0.43517 -0.314071 -0.82423 -0.275694 1.24409 0.506086 0.226373 0.122517 0.194922
44 0.584772 -0.202972 -0.146593 -0.14516 0.71955 -0.483532 0.657413 0.0746846 0.341921 -0.12923 -0.876103 0.257333 -0.293189 0.455205 0.527233 0.551044 -1.35288 -0.0349985 0.132375 0.61457 -0.559881 1.06991 0.155838 -0.678074 -0.378977 -0.749188 -0.390894 0.861259 0.0727077 0.292606 0.830388 0.658508
42 0.581915 -0.0746783 -0.362067 -0.156015 0.926681 -0.606057 0.665317 0.151408 0.123644 -0.0346962 -0.893012 0.311249 -0.130044 0.495015 0.521914 0.581296 -1.43716 -0.0402301 0.105283 0.732022 -0.415241 1.19576 0.113737 -0.624064 -0.474175 -0.792694 -0.422606 0.747297 0.215286 0.36221 0.845406 0.65472
45 0.58899 -0.302645 0.0782986 -0.0936688 0.392268 -0.238659 0.558766 -0.0196494 0.638503 -0.252208 -0.786184 0.148716 -0.350554 0.325466 0.432382 0.566824 -1.11546 -0.0512779 0.143149 0.450388 -0.70234 0.897397 0.206932 -0.630617 -0.316263 -0.789284 -0.432786 0.956138 0.019416 0.266574 0.757261 0.688114
47 0.582278 -0.325287 0.226468 0.00240126 0.161027 -0.14113 0.480428 -0.0493182 0.819884 -0.265963 -0.683536 0.08904 -0.353094 0.236073 0.328153 0.540291 -0.972909 0.03434 0.133036 0.394883 -0.718812 0.798657 0.0960847 -0.585151 -0.376786 -0.876187 -0.482561 0.965407 -0.0069489 0.308998 0.766768 0.685144
46 0.482882 -0.199451 0.0987939 -0.0814733 0.26652 -0.149452 0.404527 -0.00628458 0.543312 -0.203156 -0.636083 0.113122 -0.283001 0.258003 0.34804 0.468694 -0.884396 -0.0309121 0.0835204 0.400819 -0.589637 0.646788 0.123518 -0.490086 -0.277091 -0.654037 -0.338421 0.819235 0.0299474 0.240182 0.639922 0.557513
180 -0.793906 -0.341384 0.196453 -0.0620556 0.130731 0.295677 -0.0100869 -0.158698 -0.647048 0.426703 -1.0141 0.115876 -0.420901 0.291142 0.752116 0.649105 -0.411872 -0.500348 -0.173007 1.09188 -0.108974 0.525943 -0.856252 -0.762758 -0.0826386 -0.555699 0.400196 0.490141 0.268717 0.967894 0.517481 0.53476
182 -0.814464 -0.369877 0.215194 -0.0116089 0.0358866 0.428856 0.0975978 -0.125817 -0.523791 0.466255 -0.972618 0.218088 -0.570498 0.414618 0.692627 0.725963 -0.38898 -0.467078 -0.218161 1.02557 -0.00635604 0.508246 -0.768344 -0.638883 -0.121974 -0.467906 0.426122 0.529073 0.434607 1.08315 0.428548 0.495981
181 -0.650572 -0.271773 0.150996 -0.0280041 0.106154 0.270129 0.049056 -0.135792 -0.499568 0.424027 -0.846231 0.139765 -0.430799 0.287423 0.649722 0.577155 -0.397254 -0.401015 -0.169819 0.934243 -0.0710475 0.443693 -0.733809 -0.611199 -0.091204 -0.455467 0.316106 0.411061 0.270903 0.830635 0.446959 0.463337
179 -0.714832 -0.324932 0.228931 -0.108762 0.174472 0.158252 -0.120075 -0.194695 -0.760509 0.333292 -1.03739 0.00279426 -0.276181 0.178111 0.805998 0.601082 -0.509539 -0.583159 -0.160741 1.22924 -0.199279 0.502441 -1.01229 -0.920825 -0.0433761 -0.670335 0.417224 0.535592 0.173344 0.84311 0.597562 0.602012
178 -0.604708 -0.286937 0.181155 -0.132751 0.173416 0.100493 -0.10506 -0.153033 -0.715874 0.302297 -0.985274 0.0387937 -0.165162 0.119171 0.734684 0.515839 -0.478948 -0.510276 -0.108046 1.17321 -0.255462 0.468345 -0.968384 -0.871787 -0.0190067 -0.671394 0.382155 0.504382 0.140747 0.750794 0.614799 0.544693
177 -0.573939 -0.276598 0.213599 -0.13943 0.206467 0.120416 -0.113019 -0.173455 -0.731652 0.319715 -1.0128 0.0747419 -0.15763 0.0433256 0.712629 0.523559 -0.512924 -0.490875 -0.143842 1.20036 -0.303265 0.398731 -1.01911 -0.899457 -0.0295924 -0.664802 0.357265 0.513565 0.228434 0.669972 0.653086 0.539569
272 0.504313 0.932586 -0.617208 0.376503 0.673893 0.665844 -0.331006 -0.126885 0.35052 0.148466 -0.564088 0.0340898 0.0473221 0.111575 0.528223 1.25863 -0.530555 0.113573 -0.654598 1.14514 -0.108309 -0.30579 -0.528245 -0.102849 -0.2938 0.407603 -0.141009 0.864765 0.944511 0.582019 0.216543 0.526572
270 0.451807 0.898619 -0.665827 0.34208 0.640874 0.553205 -0.29954 -0.17273 0.28988 0.228056 -0.581214 0.0338634 0.00541024 0.154618 0.476802 1.24769 -0.414514 0.133279 -0.620008 1.12493 -0.14609 -0.300224 -0.417016 -0.10305 -0.364546 0.268148 -0.125134 0.852715 0.935557 0.525452 0.31044 0.442765
269 0.417626 0.907123 -0.691471 0.267179 0.510426 0.508852 -0.231178 -0.145529 0.228362 0.412996 -0.587727 0.0435077 -0.0326597 0.223126 0.443675 1.20587 -0.346872 0.160258 -0.58109 1.10094 -0.186455 -0.294924 -0.355214 -0.135122 -0.385232 0.147553 -0.111689 0.760487 0.844856 0.390741 0.361781 0.344666
268 0.361985 0.702556 -0.575138 0.172752 0.416489 0.457632 -0.182 -0.125395 0.2115 0.333419 -0.50149 0.0676874 -0.025638 0.149865 0.409481 1.02045 -0.317008 0.088165 -0.458649 0.949503 -0.184073 -0.205468 -0.308019 -0.0953955 -0.367766 0.0561265 -0.105759 0.640296 0.731024 0.374463 0.290878 0.35369
271 0.416177 0.800671 -0.585346 0.355382 0.585646 0.51127 -0.269702 -0.140513 0.311482 0.165552 -0.498008 0.0589971 0.0264902 0.0946093 0.411549 1.10713 -0.385919 0.112053 -0.545665 0.971487 -0.0856279 -0.241699 -0.420243 -0.0972167 -0.270385 0.293687 -0.10519 0.682788 0.827252 0.516899 0.213569 0.383424
281 0.679062 0.468039 0.0343114 -0.208629 -0.0544467 0.425731 0.429051 -0.0606624 -0.0853642 -0.017433 0.112038 0.0558524 0.270283 0.0234794 0.722136 0.705352 -1.3385 -0.291657 -0.624999 1.3946 -0.588754 0.00448568 -0.406922 -0.127953 0.14728 0.073143 -0.378494 1.21535 0.247268 0.703132 -0.102627 0.790335
279 0.731231 0.457561 -0.142747 -0.0663403 0.170199 0.59496 0.36126 0.139683 -0.0831052 0.0114553 0.0957999 0.0269144 0.258498 0.0380926 0.740855 0.829151 -1.43303 -0.264922 -0.553422 1.39735 -0.548359 -0.101348 -0.526883 -0.0200563 0.0586275 0.207852 -0.461191 1.09544 0.278885 0.673446 -0.212923 0.859524
280 0.649303 0.417077 -0.0341914 -0.0923591 0.0283729 0.445574 0.367022 0.0237331 -0.0920629 -0.0274423 0.130917 0.0258929 0.28053 0.025484 0.632063 0.654925 -1.28744 -0.270319 -0.534258 1.28871 -0.500797 -0.0597228 -0.418534 -0.07576 0.0949018 0.176687 -0.356105 1.06253 0.191562 0.634019 -0.167456 0.764401
1 -0.24942 0.401331 0.185244 -0.0208412 -0.0857476 0.879614 -0.288934 -0.0508384 -0.459686 0.225326 -0.453567 -0.190502 0.125638 -0.083456 1.16344 0.143182 -0.209763 0.100829 -0.163036 0.376791 -0.0375992 0.305826 -0.104497 0.28453 -0.918047 -0.558528 -0.334277 0.889026 0.745184 -0.255398 0.952356 0.41252
2 -0.300563 0.601379 -0.0385334 -0.111927 -0.186545 0.946116 -0.25403 0.0758916 -0.464897 0.446709 -0.667448 -0.358585 0.0829211 -0.127622 1.17942 0.232811 -0.172635 0.118173 -0.172907 0.281522 0.0416802 0.253879 -0.0926625 0.322505 -0.995109 -0.611277 -0.360833 1.03637 0.74467 -0.243426 1.09143 0.523481
3 -0.399735 0.797301 -0.30205 -0.304356 -0.242266 0.928191 -0.104461 0.197996 -0.410434 0.733269 -0.834564 -0.486159 0.0283937 -0.0935974 1.0804 0.227396 -0.143326 0.135932 -0.233426 0.147823 0.0387155 0.196309 -0.120875 0.362208 -0.913158 -0.668135 -0.42649 1.23881 0.646727 -0.221219 1.10968 0.564769
0 -0.235662 0.395044 0.299912 -0.0105664 -0.0929983 0.948445 -0.413783 -0.122356 -0.502665 0.130717 -0.393455 -0.201053 0.167591 -0.0892644 1.3009 0.163672 -0.194058 0.148847 -0.140359 0.415842 -0.0319213 0.342205 -0.17458 0.342515 -1.08365 -0.595753 -0.345123 1.01719 0.902181 -0.283938 1.0121 0.463515
299 -0.145768 0.169782 0.492278 0.122776 0.0309858 0.954247 -0.517537 -0.273673 -0.504869 -0.0881941 -0.237138 -0.0441047 0.204449 -0.0655407 1.4444 0.187447 -0.216874 0.214201 -0.143729 0.675162 -0.13433 0.416526 -0.265936 0.332885 -1.17786 -0.718941 -0.329781 1.12185 1.13156 -0.233791 0.9429 0.416214
134 -0.353103 0.381261 0.571537 -0.309842 -0.211838 -0.137456 -0.318683 -0.0364459 -0.115375 -0.187019 -0.279347 -0.32825 -1.18025 0.301184 0.550213 0.322915 -0.811174 0.193735 -0.76347 0.780652 -0.113944 -0.113318 -0.00318754 -0.220168 -0.0240967 -0.256081 -0.773032 1.36071 1.15421 0.434087 0.814727 0.396349
135 -0.413545 0.413012 0.58461 -0.284121 -0.314813 -0.0824098 -0.294253 0.0260106 -0.0229639 -0.1664 -0.242247 -0.42407 -1.19397 0.359949 0.511134 0.285756 -0.948578 0.148552 -0.746756 0.870533 -0.0505693 -0.183571 -0.130063 -0.170581 -0.118508 -0.0304563 -0.785799 1.46268 1.16571 0.263143 0.902048 0.444554
133 -0.275234 0.383137 0.546588 -0.329187 -0.116421 -0.231017 -0.354812 -0.0508124 -0.108336 -0.201838 -0.226953 -0.282754 -1.04245 0.203688 0.448882 0.288224 -0.626465 0.182117 -0.646333 0.583399 -0.153653 -0.0784122 0.0870231 -0.17645 0.0432558 -0.382965 -0.737629 1.09048 0.988856 0.442341 0.710909 0.337091
132 -0.330418 0.410521 0.613819 -0.407015 -0.112085 -0.266984 -0.433144 -0.0808827 -0.172862 -0.251348 -0.29073 -0.252794 -1.20671 0.139027 0.551572 0.38755 -0.622258 0.223742 -0.745854 0.637541 -0.233461 -0.0923349 0.17072 -0.179642 0.115623 -0.534357 -0.867313 1.27155 1.10176 0.571139 0.78428 0.431635
216 0.469469 -0.421878 -0.297108 -0.23503 0.0206601 -0.129454 0.979545 -0.221176 0.321551 0.839862 -0.896736 -0.615938 -0.234364 -0.166883 0.806019 1.23486 -0.132297 0.397879 0.205361 1.14027 -0.272859 -0.113968 -0.415105 0.41685 -0.260508 -0.43122 -0.0456826 0.587626 0.586069 0.425574 0.749897 0.771219
218 0.554581 -0.271418 -0.315209 -0.261603 0.0850189 -0.0995064 0.828396 -0.0941399 0.358075 0.880296 -0.818646 -0.549341 -0.265097 -0.133749 0.699856 1.06655 -0.115861 0.244361 0.140843 1.02615 -0.243489 0.0222139 -0.332855 0.362583 -0.227453 -0.477275 -0.0597044 0.673212 0.56753 0.53354 0.73002 0.564354
219 0.73297 -0.177435 -0.284438 -0.222852 0.231297 -0.0809128 0.659479 0.0409432 0.54456 0.935109 -0.763568 -0.513481 -0.27368 -0.0523653 0.58915 0.831091 -0.0063778 0.18008 0.101039 0.828263 -0.0841099 0.194893 -0.23567 0.308694 -0.161691 -0.548744 -0.123307 0.75241 0.356139 0.601317 0.727494 0.287016
221 0.908707 0.00768542 -0.196689 -0.14257 0.354736 -0.0534071 0.395468 0.243412 0.767836 0.984701 -0.641542 -0.435361 -0.351443 0.0493231 0.503761 0.599701 0.0264606 0.00185207 -0.00611048 0.702637 0.0405238 0.450949 -0.180529 0.287234 -0.183177 -0.724875 -0.208899 0.988094 0.244859 0.744664 0.733374 -0.0378148
222 1.0557 0.00319485 -0.127374 -0.150232 0.431174 -0.133695 0.331176 0.32475 0.936932 1.00199 -0.608998 -0.501071 -0.386024 0.0596021 0.453958 0.575653 0.0492411 -0.019818 -0.0300686 0.69587 0.155411 0.566693 -0.172285 0.307537 -0.254829 -0.868027 -0.287618 1.26699 0.251585 0.899811 0.865873 -0.123615
223 0.906548 0.0409255 -0.120304 -0.10527 0.388398 -0.0991613 0.257781 0.301677 0.829523 0.919973 -0.571427 -0.423414 -0.373544 0.0900789 0.41457 0.493537 0.0118474 -0.0402016 -0.0211391 0.638101 0.11379 0.548633 -0.178837 0.227124 -0.215119 -0.830076 -0.278413 1.13339 0.265337 0.809895 0.772414 -0.128539
34 0.00281814 0.178131 -0.557231 0.26342 0.106208 -0.444307 0.478429 -0.274069 0.0929509 0.18208 0.0621475 0.31102 0.267796 -0.1025 0.327137 0.223995 -0.784409 0.0795074 -0.0580912 1.12892 0.207727 0.660539 -0.558184 -0.418774 -0.102644 -0.554241 -0.233272 0.46739 0.435429 0.801551 0.841943 -0.111353
35 0.0101011 0.181255 -0.592312 0.281134 0.143831 -0.566409 0.526562 -0.28453 0.0915154 0.175184 0.0572476 0.350162 0.315753 -0.0733352 0.349051 0.19742 -0.954588 0.0927888 -0.0637565 1.24725 0.226638 0.805321 -0.593606 -0.451614 -0.166886 -0.645163 -0.334881 0.524469 0.456597 0.891946 0.957383 -0.142579
33 -0.00793396 0.212288 -0.562844 0.273995 0.0656414 -0.51945 0.492271 -0.288382 0.0879861 0.239322 0.110463 0.327511 0.254954 -0.10577 0.387761 0.244513 -0.845898 0.078764 -0.038964 1.18447 0.222441 0.679709 -0.582925 -0.438468 -0.0988039 -0.633168 -0.266508 0.547095 0.494149 0.839453 0.911954 -0.0842354
32 -0.178292 0.144086 -0.487333 0.348762 -0.311569 -0.516398 0.452787 -0.239079 0.180501 0.282361 0.378333 0.253993 0.154174 -0.187933 0.409609 0.344775 -0.589272 0.0825412 -0.0139145 1.09659 0.228734 0.37234 -0.66841 -0.508397 0.0646901 -0.675316 -0.138257 0.823486 0.581168 0.783872 0.719415 -0.143089
31 -0.191751 0.0961203 -0.413434 0.348392 -0.362592 -0.416942 0.322452 -0.182512 0.143185 0.281172 0.376833 0.177918 0.0513183 -0.176274 0.409751 0.375119 -0.411923 0.0442434 -0.00533873 0.973142 0.133406 0.201084 -0.612437 -0.466603 0.0744684 -0.641667 -0.137249 0.918718 0.602186 0.694728 0.5996 -0.0249193
30 -0.189602 0.161089 -0.491577 0.437213 -0.450005 -0.479779 0.354905 -0.180766 0.19096 0.439074 0.435159 0.189095 0.020368 -0.202857 0.495005 0.443056 -0.458118 0.0112172 0.0387086 1.04909 0.152174 0.224581 -0.663648 -0.522705 0.123772 -0.674908 -0.14463 1.0569 0.767389 0.775035 0.708616 0.012749
55 0.139124 0.309925 0.0866622 0.400463 -0.553088 0.228591 -0.211115 -0.0806243 0.499001 -0.0438016 -0.319046 -0.0332174 -0.348334 0.0396342 -0.24715 0.566262 -0.456027 0.202646 -0.432725 0.601763 -0.54044 0.0239787 -0.380363 -0.281011 -0.657674 -1.40134 -0.722873 0.421452 0.603959 0.386025 0.871556 -0.17128
56 0.237626 0.352263 -0.0872986 0.494127 -0.49991 0.236346 -0.236111 -0.0428909 0.454229 0.05656 -0.438658 0.0691341 -0.408489 0.0737465 -0.203919 0.573736 -0.498422 0.217929 -0.492357 0.651608 -0.476166 -0.0225137 -0.404415 -0.364621 -0.698547 -1.47886 -0.781777 0.378826 0.715971 0.384166 0.93182 -0.246937
54 0.185957 0.320208 0.208318 0.432741 -0.665509 0.264899 -0.231982 -0.0908585 0.635831 -0.109414 -0.284144 -0.00642399 -0.380317 0.0659772 -0.31346 0.637252 -0.462812 0.258382 -0.415999 0.632516 -0.652079 0.088871 -0.420261 -0.243194 -0.777262 -1.57956 -0.833297 0.482322 0.674084 0.470283 0.92292 -0.165906
29 -0.281286 0.116561 -0.471963 0.538322 -0.555528 -0.522329 0.302557 -0.101261 0.153376 0.468032 0.584022 0.197958 -0.0458898 -0.214398 0.510386 0.475873 -0.38163 -0.0740648 0.158637 1.03094 0.222732 0.262018 -0.629721 -0.57568 0.234073 -0.66709 -0.0914832 1.22384 0.93544 0.798254 0.731426 0.0870052
27 -0.231012 0.0769356 -0.487826 0.574049 -0.571932 -0.512113 0.229289 -0.00660635 0.0666964 0.549797 0.545084 0.141392 -0.129696 -0.176935 0.606307 0.575217 -0.295982 -0.180107 0.2608 0.989894 0.203373 0.270818 -0.541737 -0.563444 0.23465 -0.653772 -0.0955569 1.32247 1.07818 0.795853 0.767687 0.266261
28 -0.273923 0.0976733 -0.472343 0.544531 -0.538289 -0.456958 0.257583 -0.0838218 0.0965902 0.526127 0.518106 0.184052 -0.0473531 -0.172869 0.51205 0.435416 -0.299399 -0.0764124 0.191979 0.908157 0.205703 0.240427 -0.564058 -0.535178 0.220543 -0.600155 -0.0485259 1.07376 0.883142 0.722509 0.662688 0.0958563
290 0.192021 0.312451 0.171961 -0.743822 0.328335 0.371088 0.314701 -0.514169 -0.0625635 -0.205258 -0.0524174 0.30381 0.133905 0.128351 0.605798 -0.10415 -0.456397 -0.460607 -0.444151 0.766867 -0.677621 0.283049 0.0616646 0.133867 0.121953 -0.285128 0.0436069 1.04629 0.550062 0.514149 0.307384 0.548956
288 0.390763 0.381669 0.24129 -0.686521 -0.0324404 0.186465 0.338905 -0.625043 0.0902967 -0.148709 -0.049313 0.224979 0.211001 -0.0137751 0.558116 0.124802 -0.506677 -0.395759 -0.574204 1.00626 -0.580301 0.27801 0.0660776 -0.124849 0.179346 -0.201108 0.107818 1.25976 0.394712 0.701706 0.36412 0.558944
287 0.582334 0.46014 0.263477 -0.776443 -0.159422 0.105334 0.442156 -0.724797 0.130551 -0.111642 -0.0479661 0.188082 0.317043 -0.0320539 0.598234 0.292709 -0.653356 -0.437457 -0.744279 1.28174 -0.633246 0.254452 -0.00523532 -0.276955 0.203053 -0.186835 0.114021 1.54564 0.351137 0.887785 0.434054 0.664666
289 0.2572 0.295706 0.126268 -0.554533 0.115447 0.17036 0.259651 -0.437576 0.0293163 -0.0803654 -0.0801803 0.190743 0.118001 0.0562237 0.446031 0.0880861 -0.446197 -0.351853 -0.436175 0.780248 -0.502251 0.209169 -0.0191881 -0.0204944 0.0679757 -0.239307 0.0267195 0.991272 0.400637 0.53692 0.303426 0.469227
285 0.629687 0.542231 0.293836 -0.713369 -0.333691 0.134585 0.445712 -0.679163 0.0760827 -0.109539 -0.0147878 0.191895 0.332296 -0.0884892 0.587468 0.372617 -0.761781 -0.40785 -0.822618 1.40448 -0.649918 0.260062 -0.0355875 -0.310561 0.230569 -0.172299 0.0838124 1.60238 0.349477 0.924875 0.352737 0.700254
286 0.600616 0.463567 0.252319 -0.672274 -0.266231 0.0907532 0.376914 -0.674755 0.162263 -0.178139 -0.0191624 0.144977 0.315802 -0.0825223 0.507371 0.340805 -0.621914 -0.375729 -0.695489 1.18687 -0.546297 0.231605 0.00484768 -0.303765 0.250794 -0.104473 0.134405 1.42758 0.258668 0.836151 0.322817 0.581956
91 0.409347 0.909958 -0.163266 -0.34415 -0.468596 -0.256196 -0.363906 0.506604 0.367464 0.890103 -0.536343 0.353188 -0.0374164 0.341561 0.131335 0.609679 -0.670218 0.373013 0.601523 1.01132 -0.329393 0.225841 -0.697041 -0.687051 -0.516462 -0.717041 -0.166235 0.550387 0.0906411 0.414459 0.597721 0.469774
92 0.359232 0.977408 -0.110968 -0.431102 -0.509626 -0.196386 -0.398075 0.539805 0.390679 0.884975 -0.551706 0.380789 -0.109564 0.409771 0.139444 0.611007 -0.712748 0.45577 0.648441 1.07462 -0.332085 0.216692 -0.804094 -0.804426 -0.564171 -0.718332 -0.106388 0.552759 0.0281671 0.4158 0.653127 0.444085
90 0.414842 0.916222 -0.144108 -0.314672 -0.508724 -0.272908 -0.3862 0.489159 0.351284 0.886339 -0.526225 0.356496 -0.0187979 0.342578 0.154912 0.6719 -0.712183 0.356044 0.601428 1.09274 -0.359187 0.237756 -0.728009 -0.693674 -0.557915 -0.766925 -0.150084 0.646442 0.194009 0.496963 0.658268 0.53581
89 0.416843 0.894485 -0.143651 -0.295258 -0.499996 -0.266945 -0.354369 0.471868 0.34035 0.93163 -0.476712 0.340542 0.0439189 0.284288 0.175506 0.708719 -0.72005 0.312939 0.563376 1.11352 -0.332109 0.266005 -0.725464 -0.602845 -0.568924 -0.765866 -0.116991 0.716008 0.2661 0.578113 0.670289 0.558757
88 0.332533 0.724665 -0.141675 -0.274617 -0.471611 -0.255754 -0.338668 0.431286 0.299602 0.778572 -0.429185 0.35447 0.0114118 0.260706 0.232217 0.68579 -0.639936 0.30677 0.475316 1.01423 -0.314316 0.211654 -0.668644 -0.541051 -0.519042 -0.710224 -0.0938408 0.673124 0.261418 0.526283 0.586145 0.509289
87 0.415484 0.751634 -0.162847 -0.276259 -0.406288 -0.241002 -0.271119 0.369263 0.294628 0.888421 -0.446343 0.281251 0.0630055 0.187934 0.178424 0.673226 -0.677266 0.258964 0.388103 1.04103 -0.361313 0.205792 -0.620773 -0.47976 -0.540857 -0.78851 -0.0633342 0.708856 0.392617 0.582206 0.637285 0.574953
86 0.353931 0.562539 -0.235409 -0.241903 -0.118055 -0.0850076 -0.0465578 0.174544 0.177452 0.878658 -0.45717 0.159917 -0.0211551 0.0666683 0.218444 0.546639 -0.591379 0.112955 0.0204327 0.966881 -0.452273 0.123619 -0.501887 -0.313148 -0.548471 -0.838805 -0.061897 0.821536 0.522176 0.551499 0.696419 0.4873
84 0.485382 0.615283 -0.301649 -0.30578 0.11851 -0.0806592 0.0879602 -0.0262432 0.0859858 1.10454 -0.373659 -0.150237 0.128284 -0.191064 -0.0264382 0.277741 -0.555726 -0.0380676 -0.242661 0.814063 -0.497409 -0.000491324 -0.199117 -0.135958 -0.534102 -0.830611 0.0440267 0.708472 0.686653 0.583219 0.737892 0.482092
16 -0.334625 -0.60205 -0.560495 -0.170242 -0.0955367 0.0698262 0.349459 0.0307803 0.157648 0.0820145 -0.186962 -0.347418 -0.237888 0.246983 0.727824 0.494716 -0.0671044 0.471806 -0.289623 0.634417 -0.340541 0.160043 -0.226787 0.24056 0.216374 -0.731933 -0.508638 1.44262 0.634792 0.668841 -0.144883 0.0809047
17 -0.392473 -0.756886 -0.643322 -0.145775 -0.159219 0.0203479 0.372637 0.0102893 0.192859 0.0800932 -0.210379 -0.415242 -0.292137 0.302285 0.806137 0.552751 -0.108333 0.443913 -0.306648 0.766655 -0.351712 0.25546 -0.300975 0.203882 0.300736 -0.80927 -0.607751 1.66187 0.726418 0.783092 -0.116909 0.142181
186 -0.518094 -0.545194 0.0444207 0.0235041 -0.45946 0.778197 0.50326 0.352108 -0.319633 0.273871 -0.55609 0.773341 -0.967891 0.635191 0.466654 0.711757 -0.189194 -0.112282 -0.255531 0.637459 0.193999 0.374631 -0.441791 -0.0561739 -0.569728 -0.41181 0.564548 1.08277 1.2276 1.19886 0.333097 0.0672182
188 -0.317899 -0.53555 -0.02697 0.000933788 -0.422588 0.738327 0.499367 0.391204 -0.290773 0.188988 -0.472976 0.707588 -0.868179 0.547825 0.316311 0.64531 -0.166656 -0.0572339 -0.229551 0.529092 0.0601554 0.282233 -0.376779 -0.045883 -0.597573 -0.40926 0.515165 1.09426 1.17591 1.06301 0.290316 -0.021064
189 -0.0171738 -0.480474 -0.0248291 -0.0228918 -0.45464 0.742229 0.47217 0.605309 -0.333695 0.00396128 -0.33959 0.62179 -0.778624 0.365954 0.088551 0.448526 -0.211747 0.00755465 -0.157328 0.483398 -0.139821 0.0411482 -0.414369 -0.119464 -0.811383 -0.388448 0.433343 1.22838 1.10983 0.898712 0.313695 -0.181299
191 0.129798 -0.464593 -0.0626195 -0.0681155 -0.467436 0.794554 0.403583 0.722741 -0.350843 -0.0374085 -0.417597 0.465908 -0.735447 0.176247 -0.0181775 0.426191 -0.207532 0.0470462 -0.138704 0.568829 -0.362187 -0.163951 -0.407041 -0.186534 -0.991082 -0.419124 0.344638 1.31371 0.96623 0.86082 0.294025 -0.147548
190 0.0237277 -0.422789 -0.0441456 -0.0500826 -0.397004 0.705753 0.391082 0.598093 -0.296734 -0.0450035 -0.32213 0.528691 -0.677326 0.261347 0.0500472 0.452914 -0.198931 0.0288568 -0.141505 0.505997 -0.252621 -0.0378173 -0.419523 -0.154673 -0.839847 -0.373975 0.324348 1.21106 0.992085 0.826449 0.323823 -0.158417
247 0.387499 0.566978 -0.00415885 0.165258 0.450391 0.353541 0.759387 0.293117 0.238147 0.280391 0.229229 0.992955 0.037692 0.17096 0.683681 0.411485 -0.0306664 -0.267269 0.0409819 0.271894 -0.70679 0.373501 -0.765377 -0.00187151 -0.233277 0.00618924 -0.393763 1.46124 0.255866 0.605221 0.706175 0.0969196
248 0.489086 0.685655 -0.0119036 0.0691171 0.5344 0.423808 0.84876 0.428937 0.264306 0.27415 0.147509 1.02786 0.0154385 0.246878 0.715059 0.484552 -0.0212991 -0.339928 0.00861223 0.281603 -0.854333 0.371708 -0.885248 -0.0413475 -0.222004 0.0308678 -0.524681 1.63171 0.289132 0.570709 0.862058 0.0842066
249 0.49467 0.582026 -0.000970205 -0.0809959 0.584394 0.433853 0.762015 0.696069 0.217448 0.101954 0.0519765 0.945144 -0.068433 0.336309 0.633719 0.575388 0.110358 -0.402888 0.0376088 0.239311 -0.86374 0.337667 -0.919408 0.00616759 -0.148891 0.0555836 -0.575572 1.62826 0.458097 0.602614 0.888402 0.0632101
246 0.377749 0.680419 -0.00625954 0.207239 0.512162 0.418631 0.867504 0.253943 0.291896 0.365588 0.246468 1.10028 0.0159927 0.182355 0.756283 0.382596 -0.0152181 -0.295991 0.0620673 0.287548 -0.79979 0.422438 -0.893625 -0.0195209 -0.261888 0.0297465 -0.435206 1.62601 0.270394 0.648769 0.774724 0.115631
20 -0.294654 -0.646793 -0.635756 0.138219 -0.43147 -0.284583 0.208578 0.0392126 0.169095 0.102141 -0.105288 -0.364266 -0.30364 0.173614 0.693748 0.414386 -0.0611613 0.180592 -0.111688 0.737107 -0.0403613 0.419134 -0.470003 -0.0435029 0.488736 -0.869329 -0.544322 1.67983 0.793349 0.756142 0.224193 0.327018
18 -0.346723 -0.743416 -0.676581 0.030199 -0.329886 -0.214905 0.306958 0.0433794 0.170673 0.0512061 -0.138271 -0.412595 -0.331636 0.192059 0.759508 0.485003 -0.0473936 0.330822 -0.206334 0.775634 -0.159918 0.325004 -0.422724 0.0892084 0.422796 -0.852139 -0.601162 1.70499 0.752593 0.783195 0.0712301 0.230829
19 -0.293967 -0.579153 -0.562954 0.101947 -0.351816 -0.244885 0.177772 0.0299267 0.143397 0.0522436 -0.128591 -0.323647 -0.3044 0.141647 0.626918 0.37665 -0.0587952 0.165457 -0.111231 0.678645 -0.0680053 0.32988 -0.430473 -0.0105728 0.409612 -0.800414 -0.532196 1.49578 0.687251 0.676376 0.172593 0.259545
21 -0.248741 -0.559488 -0.61396 0.308895 -0.532441 -0.385238 0.148017 0.0962918 0.0725826 0.146207 0.0151553 -0.227973 -0.343473 0.068947 0.724734 0.4632 -0.0856559 0.0515934 0.110914 0.802779 0.00308283 0.451068 -0.428656 -0.182835 0.44238 -0.814159 -0.479107 1.65079 0.892403 0.740551 0.436966 0.416985
240 0.0328823 0.757208 -0.279439 0.715694 0.0529796 0.139789 0.553281 -0.935461 0.104801 1.2091 -0.0509926 0.85653 -0.132957 0.037184 0.520802 0.132503 -0.414012 0.139956 -0.431515 0.669375 -0.094392 0.0399318 -0.503013 -0.129444 -0.67725 -0.776216 0.0036175 1.7411 -0.485315 0.533095 0.704551 0.542492
239 -0.0104452 0.730182 -0.344306 0.682733 0.0341297 0.0984749 0.444262 -0.930652 0.0913222 1.18724 -0.189373 0.792926 -0.235434 0.00781251 0.491044 0.202699 -0.342511 0.204454 -0.360828 0.639127 0.0177643 -0.0381886 -0.344888 -0.113054 -0.636904 -0.787431 0.0502032 1.70081 -0.447312 0.48391 0.639969 0.550124
238 0.0237765 0.601508 -0.288587 0.5651 0.0152937 0.0532594 0.347539 -0.750932 0.136265 1.02149 -0.224049 0.685938 -0.247945 -0.00930659 0.382645 0.222873 -0.230066 0.207785 -0.219167 0.522519 0.0526913 -0.0788906 -0.239992 -0.069807 -0.512999 -0.678652 0.00764311 1.39807 -0.406685 0.409967 0.574554 0.428854
237 0.0137124 0.617574 -0.303543 0.624554 0.0241877 0.00165929 0.224492 -0.778002 0.161026 1.08885 -0.326838 0.747496 -0.364387 -0.0550545 0.383932 0.309741 -0.245886 0.263889 -0.231727 0.597556 0.105431 -0.117489 -0.162101 -0.0679432 -0.533969 -0.811208 -0.00546286 1.53714 -0.398319 0.45967 0.614876 0.500632
105 0.0260798 0.112997 -0.648916 -0.538516 0.67475 0.159766 0.425781 -0.363777 -0.00927315 1.40076 -0.0733273 0.1624 -0.0991745 0.263396 0.932305 0.797038 -0.475985 -0.0323409 -0.535855 0.656025 -0.255581 -0.023316 -0.514468 -0.207634 -0.729155 -0.963426 0.455899 0.476897 0.350929 0.365034 0.627708 0.119464
104 -0.00281008 0.106699 -0.760325 -0.813114 0.63636 0.206645 0.340359 -0.168001 0.103264 1.36599 0.0829411 0.0651105 -0.297185 0.360305 0.747743 0.696533 -0.556286 0.250233 -0.485822 0.799818 -0.262222 0.000527226 -0.548271 -0.265026 -0.557719 -0.850641 0.42998 0.568848 0.378471 0.14274 0.648118 0.0459703
102 -0.00957522 0.104771 -0.865012 -0.949401 0.61372 0.223659 0.302359 -0.158325 0.169059 1.42972 0.176909 -0.0187671 -0.409691 0.446094 0.738387 0.693251 -0.647178 0.387015 -0.491129 0.880106 -0.269132 0.054101 -0.593679 -0.321003 -0.58511 -0.916969 0.460392 0.555675 0.419476 0.0124581 0.758221 -0.0332194
101 0.049864 0.185613 -0.829706 -0.988632 0.369443 0.207828 0.194582 0.00332369 0.26678 1.26458 0.116864 -0.0694358 -0.561899 0.42224 0.634694 0.643359 -0.694604 0.545929 -0.36573 0.912088 -0.353278 0.0440308 -0.724419 -0.481828 -0.661604 -0.863744 0.350568 0.487903 0.337742 -0.131792 0.699622 -0.109066
100 0.0773479 0.230362 -0.704316 -0.768243 0.205605 0.16112 0.126026 0.0350615 0.232829 1.02382 -0.00784784 0.0119609 -0.484326 0.345301 0.486823 0.548405 -0.566205 0.496424 -0.250084 0.768408 -0.318684 0.0389309 -0.671882 -0.494516 -0.63765 -0.756118 0.265252 0.36915 0.165733 -0.137272 0.582174 -0.0837679
99 0.0646187 0.332518 -0.783898 -0.9256 0.160104 0.17994 0.0614894 0.0828076 0.296948 1.12907 -0.0360617 0.00170632 -0.662479 0.456625 0.608247 0.651785 -0.679084 0.668033 -0.256023 0.939008 -0.405181 0.0742148 -0.886527 -0.711135 -0.81041 -0.874466 0.305181 0.444807 0.160751 -0.217897 0.720044 -0.175667
98 0.110148 0.416564 -0.694406 -0.827537 -0.0363117 0.0995814 -0.00517982 0.19826 0.325584 0.920195 -0.256299 0.123372 -0.761345 0.462368 0.601338 0.705113 -0.733792 0.77604 -0.0802374 1.01162 -0.537627 0.0743111 -1.0135 -0.898087 -0.950442 -0.912636 0.221066 0.498002 0.0149378 -0.19875 0.800425 -0.132747
23 -0.200903 -0.354446 -0.503664 0.499773 -0.569467 -0.487752 0.0946962 0.0970507 -0.037083 0.228427 0.24702 -0.0665744 -0.278216 -0.0291471 0.639954 0.465184 -0.0797957 -0.129399 0.312306 0.827601 0.10181 0.487281 -0.342609 -0.387902 0.33195 -0.673085 -0.297265 1.42845 1.00375 0.67167 0.630058 0.43555
24 -0.183602 -0.120311 -0.488052 0.612056 -0.595723 -0.531414 0.111227 0.0971426 -0.049538 0.457554 0.380837 0.0958804 -0.249337 -0.0898794 0.672421 0.557719 -0.161347 -0.251135 0.388475 0.960679 0.144482 0.457523 -0.39347 -0.505552 0.200643 -0.674644 -0.225936 1.47133 1.13825 0.752579 0.822047 0.46499
9 -0.536291 0.444933 -0.637141 -0.586447 -0.17365 0.524144 0.416911 0.259532 0.0129394 0.644781 -0.719488 -0.435651 -0.173056 0.137487 0.66938 0.340132 0.0731379 0.573308 -0.143135 -0.0783394 -0.219797 0.134324 -0.30939 0.495077 -0.423489 -0.97832 -0.321311 1.45853 0.583159 0.246754 0.24742 0.289982
128 -0.088197 0.525889 0.299128 -0.656391 0.301802 -0.454161 -0.515487 -0.142856 -0.0534494 -0.281644 -0.473484 0.330188 -0.707638 -0.18884 0.610906 0.572037 -0.394104 0.11176 -0.362461 0.607588 -0.611245 0.307453 0.173914 -0.211689 0.205208 -1.3474 -0.992512 0.818572 0.85245 0.619684 0.846198 0.580651
126 -0.0475826 0.51238 0.176313 -0.66939 0.340568 -0.443264 -0.544599 -0.138091 -0.0341968 -0.310592 -0.512584 0.513723 -0.592436 -0.193004 0.57189 0.521775 -0.348166 -0.0141923 -0.232024 0.604218 -0.657468 0.375762 0.0664786 -0.192392 0.135275 -1.36829 -0.867871 0.681687 0.693916 0.387947 0.80418 0.648349
127 -0.0509115 0.37019 0.201089 -0.490663 0.272531 -0.36828 -0.459075 -0.109341 -0.0235842 -0.285574 -0.438563 0.313329 -0.53333 -0.167932 0.496828 0.44685 -0.312264 0.0299287 -0.260237 0.520725 -0.542908 0.325865 0.107644 -0.175488 0.130498 -1.11323 -0.797062 0.655615 0.687033 0.462321 0.691528 0.533938
129 -0.212859 0.520173 0.460349 -0.57551 0.209201 -0.455086 -0.590342 -0.157903 -0.211034 -0.286562 -0.4236 0.122177 -0.943238 -0.11287 0.580129 0.510762 -0.447693 0.15791 -0.558645 0.540278 -0.537929 0.17243 0.282372 -0.203311 0.274018 -1.08839 -1.04085 0.978766 0.98691 0.737953 0.852679 0.539784
194 0.199518 -0.437384 -0.0166009 -0.0441874 -0.445403 0.906709 0.234109 0.796075 -0.315352 -0.0749001 -0.630534 0.114261 -0.546404 -0.119065 -0.114239 0.364855 -0.112732 -0.0533201 -0.242809 0.714383 -0.756622 -0.636057 -0.399155 -0.264802 -1.14638 -0.412119 0.137994 1.25296 0.59233 0.614906 0.220824 -0.0290024
193 0.150653 -0.385189 -0.029598 -0.052506 -0.416473 0.71265 0.205106 0.629979 -0.291354 -0.0412378 -0.490196 0.141322 -0.500128 -0.0659733 -0.102077 0.322711 -0.121574 0.00921572 -0.187402 0.591251 -0.533138 -0.423448 -0.314593 -0.21808 -0.964976 -0.384045 0.141208 1.06137 0.613383 0.618929 0.211721 -0.0416026
192 0.187684 -0.475984 0.000884274 -0.0477517 -0.456949 0.864843 0.304441 0.776454 -0.369001 -0.0422438 -0.524784 0.280704 -0.640742 -0.0123535 -0.0960828 0.396052 -0.177634 0.0346108 -0.183357 0.701186 -0.561781 -0.431061 -0.448762 -0.242205 -1.0675 -0.404495 0.204653 1.35386 0.828396 0.760664 0.294994 -0.103416
293 -0.132048 0.0774026 0.25839 -0.444646 0.723077 0.752159 0.0236864 -0.251051 -0.255431 -0.160059 -0.138878 0.410655 -0.0343691 0.232421 0.861501 -0.140846 -0.494458 -0.388656 -0.175472 0.59465 -0.835471 0.449098 -0.195293 0.534673 -0.370961 -0.742109 -0.163457 0.946376 0.994489 0.158498 0.493308 0.45569
294 -0.173346 0.0182948 0.373114 -0.181538 0.583277 0.812512 -0.22696 -0.251625 -0.354264 -0.171373 -0.0890736 0.28219 0.0554873 0.166505 1.01486 -0.0589013 -0.381396 -0.200297 -0.102465 0.595094 -0.601376 0.441534 -0.26904 0.553126 -0.696049 -0.755698 -0.203305 0.979548 1.10144 -0.0222005 0.576435 0.409001
296 -0.153772 0.0027528 0.459901 -0.032181 0.448687 0.82878 -0.34357 -0.279016 -0.388114 -0.185534 -0.0803398 0.219923 0.103374 0.0833123 1.17741 0.0686302 -0.365983 -0.0556756 -0.113597 0.723112 -0.484649 0.453759 -0.339987 0.447833 -0.886342 -0.771444 -0.220185 1.07968 1.15534 -0.0508297 0.685747 0.36986
295 -0.161549 -0.0602428 0.340588 -0.129672 0.456827 0.700427 -0.233164 -0.208824 -0.332367 -0.112715 -0.053787 0.238966 0.0499298 0.100771 0.916107 -0.00882871 -0.33396 -0.135593 -0.0833006 0.572144 -0.506664 0.409265 -0.277416 0.457008 -0.655117 -0.669997 -0.142939 0.845019 0.970076 -0.0141549 0.498415 0.30202
13 -0.373952 -0.304512 -0.499192 -0.329005 0.080151 0.362705 0.457294 0.0899284 0.114011 0.244181 -0.311205 -0.307429 -0.184546 0.280512 0.784877 0.561691 -0.0990342 0.523031 -0.27353 0.501027 -0.515689 0.0118332 -0.0576781 0.415864 -0.124066 -0.656349 -0.364597 1.15227 0.48129 0.493369 -0.199397 -0.00942672
217 0.462964 -0.283867 -0.290898 -0.273234 0.034369 -0.0994877 0.841257 -0.139544 0.29331 0.813777 -0.828488 -0.531353 -0.220741 -0.16203 0.712523 1.0526 -0.124143 0.299374 0.153548 1.01047 -0.292279 -0.0621396 -0.309542 0.325905 -0.207422 -0.434728 -0.0677989 0.594329 0.543707 0.443625 0.697782 0.611205
224 1.01422 0.00813436 -0.077026 -0.12652 0.383531 -0.178602 0.227833 0.402264 0.960972 0.950089 -0.566071 -0.46315 -0.386207 0.0704404 0.440156 0.613313 0.00658115 -0.0144554 -0.15216 0.722419 0.169468 0.574673 -0.190468 0.251614 -0.330146 -0.847898 -0.346598 1.26336 0.208094 0.870421 0.878364 -0.136791
49 0.428252 -0.158544 0.439714 0.0293754 -0.212137 0.0514413 0.198059 -0.106908 0.874111 -0.383208 -0.406651 0.0117454 -0.26453 0.0415517 0.1428 0.439241 -0.611306 0.121979 0.0320407 0.281666 -0.766581 0.602529 -0.020949 -0.399616 -0.49202 -1.02262 -0.569249 0.806489 0.200444 0.336242 0.649291 0.534852
48 0.519915 -0.248913 0.366695 0.0477429 -0.111904 0.0154211 0.286921 -0.0548394 0.918386 -0.315397 -0.536124 0.0262294 -0.33121 0.136605 0.246627 0.510678 -0.80299 0.110801 0.0551083 0.372437 -0.800889 0.72376 0.0273472 -0.5003 -0.487365 -1.01848 -0.572925 0.944123 0.154622 0.364724 0.714928 0.600421
50 0.458212 -0.182768 0.478973 0.0636388 -0.298006 0.0610738 0.188074 -0.0810201 0.941738 -0.351854 -0.417091 -0.0366078 -0.288811 0.0375649 0.135516 0.489359 -0.619158 0.168832 0.000702 0.35523 -0.853904 0.670863 -0.0382854 -0.349361 -0.601274 -1.15187 -0.641798 0.878794 0.203669 0.399276 0.700598 0.590585
142 -0.0479837 0.184444 0.00829728 -0.083877 -0.115984 -0.133877 -0.118277 -0.145133 -0.164745 -0.0564438 -0.192563 -0.0239961 -0.484358 0.195078 0.325797 0.202896 -0.650424 -0.284405 -0.244843 0.767217 -0.359131 -0.1083 -0.300635 -0.0416041 -0.422926 -0.389227 -0.152127 0.977814 0.725769 0.285346 0.589821 0.659115
141 -0.128313 0.247141 0.155106 -0.119268 -0.226907 -0.139653 -0.178935 -0.126493 -0.157266 -0.0975189 -0.179393 -0.138815 -0.643436 0.323819 0.344066 0.19318 -0.810115 -0.331171 -0.361018 0.858624 -0.343972 -0.177415 -0.327281 -0.0579787 -0.392154 -0.237273 -0.212207 1.01727 0.816461 0.207158 0.709683 0.705967
143 -0.0497459 0.0298382 -0.0411009 0.0559404 -0.164864 -0.30956 -0.265901 -0.294297 -0.359547 -0.389824 -0.119447 -0.010939 -0.504864 0.0885537 0.229635 0.0190648 -0.692851 -0.460902 -0.127001 0.8374 -0.529032 -0.149862 -0.317385 0.130907 -0.612608 -0.598495 -0.00778903 1.16266 0.841858 0.291466 0.550086 0.906305
144 -0.0610753 -0.151886 -0.146125 0.154585 -0.123839 -0.408265 -0.363601 -0.34436 -0.4598 -0.617455 -0.103104 0.0228448 -0.427587 -0.153873 0.201317 -0.0821815 -0.64594 -0.456668 -0.00607116 0.860145 -0.675852 -0.110779 -0.297382 0.226188 -0.764797 -0.865423 0.0606493 1.33597 0.878915 0.375362 0.533342 1.07689
145 -0.0521839 -0.144008 -0.133039 0.164939 -0.135578 -0.417785 -0.346788 -0.350655 -0.460126 -0.604607 -0.0558414 0.018849 -0.413913 -0.083843 0.162385 -0.0540865 -0.623085 -0.455913 0.0213532 0.829812 -0.632278 -0.107491 -0.295312 0.192214 -0.759412 -0.817816 0.0604125 1.28383 0.842888 0.362948 0.501873 1.01088
130 -0.187649 0.418011 0.48387 -0.411243 0.112932 -0.333664 -0.485774 -0.154874 -0.145976 -0.265446 -0.274347 -0.00820287 -0.816946 -0.0909706 0.480939 0.45144 -0.34894 0.153151 -0.516523 0.441471 -0.423441 0.0734183 0.277042 -0.151255 0.208136 -0.885404 -0.890492 0.884978 0.872416 0.663031 0.729758 0.408228
69 -0.828192 0.397326 -0.68806 0.0153686 0.344881 -0.395603 0.410597 -0.448731 0.0679123 -0.0871198 -0.491437 0.454827 -0.126529 0.428747 -0.242749 0.575388 -0.116476 -0.403261 -0.356762 1.30678 -0.733977 -0.0146096 -0.793436 -0.467407 -0.563359 -0.299358 -1.00782 0.717014 1.23983 0.175339 0.39726 -0.226648
70 -0.719282 0.323637 -0.639207 0.007898 0.300251 -0.33922 0.38548 -0.409328 0.106567 -0.0273866 -0.409601 0.383319 -0.0786775 0.366152 -0.257674 0.508268 -0.108521 -0.325698 -0.355428 1.13556 -0.706011 -0.0353152 -0.681558 -0.421309 -0.499182 -0.255565 -0.912862 0.616446 1.10879 0.150684 0.320785 -0.234532
71 -0.78068 0.357984 -0.636881 -0.0795639 0.338771 -0.414913 0.436386 -0.443485 0.0979872 0.0785501 -0.348025 0.338123 -0.0148686 0.339007 -0.35494 0.542006 -0.154344 -0.416493 -0.416703 1.28518 -0.884284 -0.0577373 -0.746056 -0.395934 -0.609429 -0.274207 -0.984015 0.742822 1.31945 0.235464 0.293868 -0.227823
72 -0.579885 0.377656 -0.46365 -0.219256 0.276231 -0.39596 0.481964 -0.334465 0.0906875 0.354501 -0.134526 0.051389 0.121307 0.145718 -0.626678 0.469621 -0.285103 -0.43376 -0.409086 1.15509 -1.01014 -0.19355 -0.580645 -0.328888 -0.701881 -0.324586 -0.8438 0.828243 1.41127 0.433396 0.259472 -0.14865
74 -0.353887 0.283912 -0.293038 -0.314851 0.240731 -0.356122 0.446565 -0.251507 0.0398311 0.61747 0.0188597 -0.166243 0.181435 -0.0250173 -0.683254 0.376103 -0.380275 -0.407512 -0.39323 1.05701 -1.02818 -0.207417 -0.415528 -0.23905 -0.653971 -0.36351 -0.69134 0.869893 1.42755 0.542985 0.287892 -0.0358938
73 -0.47301 0.309526 -0.331508 -0.264043 0.244341 -0.388108 0.428548 -0.276684 0.0429108 0.397135 -0.0304992 -0.0508418 0.16377 0.04739 -0.604947 0.411993 -0.314217 -0.386183 -0.370128 1.05061 -0.981841 -0.171268 -0.50305 -0.256852 -0.625547 -0.294797 -0.70366 0.802657 1.3135 0.437177 0.238601 -0.0919427
278 0.66775 0.45587 -0.185125 0.0813927 0.347829 0.644599 0.208972 0.15738 0.00695301 0.0123167 -0.013426 0.0788736 0.184511 0.0174066 0.77795 0.894624 -1.33543 -0.191462 -0.530065 1.35619 -0.479561 -0.112722 -0.576665 0.0220271 -0.0570941 0.193628 -0.460508 1.10103 0.404734 0.657347 -0.13311 0.847767
282 0.725281 0.512471 0.110284 -0.304274 -0.15423 0.287019 0.437632 -0.233913 -0.0577892 -0.0346903 0.0722256 0.0383377 0.327537 -0.0463164 0.619632 0.554476 -1.17247 -0.324787 -0.649615 1.33852 -0.582087 0.113345 -0.284809 -0.2115 0.243125 0.112668 -0.231066 1.12835 0.197892 0.725593 -0.0128284 0.746552
291 -0.106758 0.13228 0.222566 -0.537409 0.635255 0.658271 0.128436 -0.277201 -0.264155 -0.160899 -0.160994 0.363362 -0.0165756 0.199423 0.752573 -0.21774 -0.437639 -0.423224 -0.18172 0.541935 -0.80091 0.391219 -0.114853 0.45022 -0.185183 -0.618094 -0.0976796 0.912254 0.837097 0.224857 0.412086 0.491198
292 -0.169056 0.0870704 0.158316 -0.433735 0.658813 0.631324 0.106937 -0.173055 -0.236654 -0.115865 -0.187277 0.367662 -0.109082 0.226786 0.672092 -0.16147 -0.391253 -0.401404 -0.134371 0.483613 -0.794707 0.365104 -0.14554 0.455695 -0.246557 -0.642768 -0.124489 0.811766 0.851358 0.192236 0.421238 0.441854
276 0.626775 0.548054 -0.354072 0.178937 0.539308 0.669399 -0.00736509 0.103503 0.0929716 0.0189872 -0.0936667 0.0471744 0.158867 0.0255722 0.672874 0.942815 -1.13533 -0.108788 -0.559659 1.12162 -0.302925 -0.195608 -0.559835 0.0255733 -0.0622231 0.356324 -0.342472 0.99302 0.49942 0.646223 -0.131517 0.762751
275 0.624107 0.711226 -0.419974 0.319798 0.691419 0.688098 -0.233295 0.00635649 0.2241 -0.00292523 -0.329746 0.10717 0.109495 0.0344086 0.605924 1.0589 -0.840786 -0.0190575 -0.631824 1.08326 -0.155477 -0.235975 -0.602039 -0.0400695 -0.11553 0.426695 -0.189912 0.979047 0.701299 0.619994 -0.00990966 0.660122
273 0.610763 0.795226 -0.55903 0.362754 0.750433 0.672541 -0.315114 -0.0816295 0.291493 0.0473348 -0.474844 0.100525 0.0613557 0.0395079 0.561781 1.19005 -0.681871 0.0729798 -0.671697 1.09303 -0.0995322 -0.242264 -0.58482 -0.0630437 -0.202841 0.419237 -0.16351 1.01557 0.886045 0.65656 0.112245 0.633761
137 -0.381868 0.386318 0.538163 -0.2172 -0.338582 -0.0243028 -0.218945 0.0523557 0.0145227 -0.155535 -0.207797 -0.37661 -1.08059 0.485006 0.469859 0.242734 -1.0292 -0.00919259 -0.669119 0.933738 -0.0343134 -0.235484 -0.270229 -0.167228 -0.229821 0.0978966 -0.621017 1.36643 1.10753 0.172075 0.909139 0.510485
136 -0.382658 0.360749 0.480805 -0.244129 -0.278861 -0.0216111 -0.239327 0.0474097 -0.0170396 -0.183333 -0.222343 -0.374842 -1.03679 0.400836 0.468225 0.253932 -0.965972 0.0707778 -0.687912 0.881171 -0.0586178 -0.169987 -0.224636 -0.142213 -0.173523 0.0443136 -0.668955 1.34438 1.06057 0.162501 0.850919 0.467577
138 -0.323758 0.374085 0.428412 -0.19621 -0.339825 -0.0719969 -0.212493 0.00745195 -0.0511081 -0.0768634 -0.166479 -0.339466 -0.99213 0.508715 0.431567 0.207934 -1.00995 -0.182378 -0.618713 0.924837 -0.117674 -0.226952 -0.321937 -0.147528 -0.233233 0.104634 -0.475337 1.19846 1.04859 0.144172 0.864234 0.590583
176 -0.308324 -0.225904 0.17368 -0.14925 0.199564 0.132527 -0.0286872 -0.12651 -0.57746 0.322107 -0.90601 0.198946 -0.0366631 -0.0640154 0.628766 0.438777 -0.432089 -0.314848 -0.158854 1.09171 -0.352965 0.230087 -1.00259 -0.74793 -0.0282117 -0.668886 0.218329 0.595006 0.420593 0.460286 0.684442 0.435475
125 0.061732 0.553325 0.00740248 -0.72733 0.304833 -0.320739 -0.396301 -0.0582099 0.0664149 -0.282255 -0.525542 0.698767 -0.430925 -0.156247 0.575212 0.629442 -0.326889 -0.125672 -0.0405697 0.587598 -0.608544 0.406085 -0.0749401 -0.153695 0.0162753 -1.46743 -0.678404 0.501909 0.605793 0.252431 0.762436 0.695832
283 0.649714 0.456458 0.115363 -0.302334 -0.186529 0.195129 0.406032 -0.224111 -0.0588346 0.016937 0.0575936 0.103496 0.286938 -0.0615846 0.495793 0.470702 -0.944409 -0.285108 -0.590503 1.15068 -0.509851 0.133016 -0.236788 -0.213679 0.210597 0.0306988 -0.154245 1.0418 0.192525 0.647762 0.0474298 0.604423
284 0.702598 0.473311 0.227838 -0.498394 -0.247623 0.138538 0.46607 -0.446927 0.00831896 -0.0738577 0.0468886 0.0794849 0.36432 -0.0595445 0.564071 0.450755 -0.936416 -0.362159 -0.713616 1.28693 -0.616067 0.201842 -0.165858 -0.254375 0.280924 -0.00547673 -0.0911291 1.33003 0.215171 0.807645 0.136963 0.6483
150 -0.11635 -0.658491 -0.893418 0.66104 0.164217 -0.241961 -0.356971 0.249228 -0.566666 -0.0495807 -0.405257 0.35683 -0.241293 -0.914724 0.443095 -0.549918 -0.521117 0.276989 -0.700324 0.974071 -0.59117 0.409212 -0.239462 0.265362 -0.439071 -1.11811 -0.521052 1.28012 0.96833 0.206431 0.318072 1.08344
152 -0.0836578 -0.623406 -0.913593 0.618697 0.190321 -0.168564 -0.289916 0.308263 -0.492567 0.143033 -0.440931 0.396829 -0.226484 -0.882899 0.498062 -0.511221 -0.503469 0.300769 -0.774639 0.975321 -0.566882 0.462083 -0.252987 0.226738 -0.354109 -1.08159 -0.537529 1.22676 0.928441 0.169206 0.312282 1.0022
151 -0.118027 -0.631166 -0.84994 0.609989 0.158301 -0.159061 -0.288587 0.286456 -0.488931 0.103002 -0.399578 0.395662 -0.199943 -0.881685 0.481337 -0.546845 -0.474847 0.349699 -0.758812 0.931507 -0.553698 0.46219 -0.236038 0.240886 -0.340145 -1.07028 -0.556697 1.16625 0.941242 0.160201 0.311353 0.950515
149 -0.119245 -0.476893 -0.611097 0.443705 0.0628523 -0.344047 -0.389887 -0.0194395 -0.57791 -0.312178 -0.276594 0.266187 -0.303077 -0.617661 0.257351 -0.358492 -0.523624 -0.0675336 -0.378581 0.885666 -0.672279 0.225172 -0.266622 0.262162 -0.604046 -1.04943 -0.215698 1.29834 0.833922 0.267318 0.351057 1.11686
112 0.622158 0.314248 -0.579241 0.0273141 0.0457019 0.578294 0.602565 0.0611688 -0.128287 0.567493 -0.42298 0.54474 0.222603 -0.236913 0.596842 0.783136 -0.288578 -0.478761 -0.188701 0.263392 -0.328697 -0.0787572 -0.461327 0.00901651 -0.674747 -0.866694 0.340289 0.248237 0.394891 0.583317 0.395756 0.529871
113 0.808192 0.406954 -0.727894 0.0542475 -0.000113748 0.763224 0.782623 0.148069 -0.140071 0.610749 -0.526097 0.725588 0.290918 -0.268032 0.664917 0.994655 -0.381545 -0.552016 -0.187873 0.378229 -0.435087 -0.0657377 -0.577981 0.00178995 -0.83306 -1.11501 0.391608 0.353417 0.545778 0.729156 0.492321 0.685482
111 0.616766 0.321465 -0.572114 -0.0176322 0.200109 0.524522 0.618152 -0.057563 -0.128167 0.765573 -0.446933 0.517814 0.247169 -0.243099 0.719021 0.834468 -0.266823 -0.511727 -0.244307 0.256779 -0.325716 -0.109007 -0.45917 -0.0547347 -0.761722 -0.978189 0.362759 0.211498 0.409555 0.589539 0.441562 0.514243
114 0.876088 0.462021 -0.781693 0.10135 -0.095693 0.885197 0.830795 0.246149 -0.138315 0.55114 -0.611354 0.857356 0.315623 -0.310003 0.682832 1.11009 -0.41759 -0.563206 -0.171238 0.447085 -0.476314 -0.0291295 -0.631543 0.0333039 -0.920139 -1.25125 0.42585 0.382481 0.600137 0.776534 0.57043 0.738041
116 0.923916 0.485108 -0.83704 0.0950314 -0.168663 0.917663 0.911162 0.325574 -0.126893 0.498239 -0.624756 0.87866 0.309057 -0.33278 0.612931 1.14826 -0.430324 -0.501415 -0.0915748 0.499069 -0.486263 0.00236837 -0.641388 0.0792456 -0.923354 -1.2423 0.455516 0.401293 0.613243 0.799791 0.599008 0.771988
267 0.400335 0.791203 -0.709655 0.187907 0.438191 0.419346 -0.139841 -0.0727464 0.0427974 0.523358 -0.52376 0.0856135 -0.00833042 0.311514 0.36711 1.12545 -0.263927 0.147283 -0.552851 0.964938 -0.273015 -0.373167 -0.263565 -0.163054 -0.41819 0.0138062 -0.0936651 0.73919 0.638736 0.268242 0.383563 0.265178
242 0.0735127 0.792312 -0.173615 0.706574 0.0945398 0.131149 0.64252 -0.877725 0.114235 1.14547 0.149792 0.9021 -0.0115092 0.0777376 0.534853 0.0515136 -0.367311 0.0777295 -0.426983 0.558545 -0.19881 0.083985 -0.571681 -0.167811 -0.647552 -0.553683 -0.0257474 1.71935 -0.530066 0.496124 0.671684 0.466614
243 0.160337 0.803551 -0.0829274 0.617791 0.271354 0.269568 0.803632 -0.53077 0.194705 0.863651 0.283615 1.04504 0.025258 0.124997 0.654216 0.144606 -0.260755 -0.0488673 -0.26418 0.463648 -0.430808 0.273808 -0.712529 -0.124763 -0.575274 -0.32819 -0.207757 1.78467 -0.324063 0.62582 0.719421 0.394182
244 0.163881 0.691108 -0.0353172 0.51943 0.229031 0.231375 0.697802 -0.380398 0.189008 0.714343 0.266294 0.897232 0.0343406 0.101559 0.582656 0.145914 -0.175188 -0.0508964 -0.186533 0.360348 -0.421332 0.23674 -0.650411 -0.118343 -0.440149 -0.230545 -0.201227 1.50025 -0.224578 0.527269 0.626066 0.27563
245 0.246399 0.73223 -0.033035 0.43716 0.362831 0.347185 0.85374 -0.199303 0.206142 0.715394 0.283097 1.09774 0.0416956 0.135704 0.727616 0.231806 -0.127731 -0.15327 -0.169607 0.346668 -0.607185 0.305325 -0.798051 -0.0697771 -0.458097 -0.178136 -0.284216 1.72424 -0.132359 0.592237 0.756186 0.27537
85 0.330965 0.427005 -0.313013 -0.197545 0.0953672 0.0254598 0.141083 0.0193068 0.10342 0.852159 -0.443212 0.0340641 -0.0267889 -0.0753158 0.221392 0.445365 -0.505284 -0.00651995 -0.258575 0.89891 -0.456602 0.0709134 -0.351621 -0.179561 -0.528155 -0.823409 -0.0788237 0.909814 0.670521 0.542989 0.734738 0.471515
122 0.329571 0.490243 -0.353965 -0.462784 0.181676 0.0915215 0.101515 0.0908428 0.0237668 -0.00179662 -0.535782 0.798508 -0.173661 -0.122479 0.536855 0.81265 -0.318062 -0.374496 0.0554818 0.514361 -0.471348 0.291982 -0.258612 -0.0804611 -0.23444 -1.27669 -0.199027 0.26447 0.447733 0.304614 0.587449 0.723428
123 0.195469 0.512758 -0.189419 -0.637532 0.258842 -0.116517 -0.120936 0.0211655 0.0472372 -0.183585 -0.522386 0.806703 -0.269364 -0.120112 0.546521 0.710449 -0.299924 -0.291612 0.0737033 0.516137 -0.518964 0.35449 -0.149751 -0.0979476 -0.0921657 -1.34552 -0.366119 0.300127 0.439798 0.182795 0.612149 0.715666
124 0.0504349 0.497282 -0.0216036 -0.669312 0.307768 -0.299114 -0.343651 -0.0462899 0.0860862 -0.246389 -0.505204 0.697598 -0.361575 -0.144447 0.559214 0.578396 -0.323315 -0.157915 0.0263184 0.608804 -0.568533 0.399355 -0.101064 -0.152678 -0.0078715 -1.35844 -0.553464 0.469652 0.464317 0.161019 0.688215 0.686172
208 0.553246 -0.577253 -0.131622 0.0318362 0.416852 -0.048872 0.267369 -0.146942 0.133343 0.448154 -0.861941 -0.314738 -0.25727 -0.402722 -0.207372 0.628617 0.0313463 0.299953 0.485703 0.731329 -0.210924 -0.00473069 -0.972358 0.0325911 -0.5596 -0.566984 0.346735 0.853418 0.473727 -0.132494 1.17662 1.09324
207 0.621596 -0.528418 -0.159765 0.0851753 0.505368 0.0109209 0.126417 -0.122526 0.174464 0.389039 -0.896526 -0.241388 -0.240324 -0.401292 -0.300079 0.576339 0.0991439 0.319655 0.475169 0.751514 -0.262529 -0.0141388 -1.02017 -0.0175568 -0.570971 -0.666311 0.314198 0.956687 0.474959 -0.151402 1.26587 1.08277
209 0.619956 -0.585923 -0.203258 0.041942 0.431152 -0.0572761 0.361419 -0.202057 0.176951 0.548191 -0.93217 -0.377535 -0.3008 -0.429946 -0.109707 0.752147 0.0206608 0.406157 0.491521 0.865057 -0.243384 -0.0252423 -1.05079 0.071462 -0.574986 -0.607867 0.34697 0.93553 0.486481 -0.122082 1.25285 1.17186
202 0.368358 -0.185863 -0.0978762 0.290607 0.39779 0.61781 -0.299736 0.132999 0.671495 -0.0279495 -0.879145 -0.219851 -0.0340216 -0.188968 0.0127827 0.519949 0.168363 0.0105127 -0.257755 0.853801 -0.839341 -0.369248 -0.414767 -0.191485 -0.2249 -0.966079 -0.0049434 0.795537 0.0540991 -0.004705 0.801336 0.490609
203 0.428194 -0.230467 -0.138755 0.331381 0.455929 0.669202 -0.306802 0.1275 0.709327 0.0125292 -1.02318 -0.256535 -0.041288 -0.266286 -0.0515862 0.557237 0.185657 0.0344324 -0.235046 0.943749 -0.944459 -0.416941 -0.546271 -0.209614 -0.317106 -1.0932 0.0219976 0.897343 0.0949673 -0.0518421 0.942059 0.610721
201 0.390113 -0.176038 -0.164736 0.374207 0.383981 0.744315 -0.324741 0.263876 0.727471 0.0106947 -1.09198 -0.218203 -0.0533555 -0.245041 0.0565171 0.520076 0.185847 -0.0296371 -0.374381 1.02299 -1.03799 -0.494722 -0.440354 -0.202696 -0.305832 -1.09725 -0.0188644 0.971078 0.0437665 -0.0506689 0.84804 0.542756
174 0.00871805 -0.152791 0.203049 -0.162229 0.209685 0.201067 0.0204274 -0.107957 -0.426995 0.397989 -0.785649 0.397039 0.117756 -0.177536 0.462567 0.3017 -0.385647 -0.0840002 -0.237526 0.993977 -0.478767 0.0322206 -0.981274 -0.591211 -0.0375315 -0.576025 0.0627859 0.668582 0.669311 0.234423 0.670932 0.282889
175 -0.120694 -0.118169 0.0701882 -0.129912 0.182347 0.175199 0.0277794 -0.0849044 -0.382923 0.377155 -0.739893 0.24096 -0.0580087 -0.0498671 0.537449 0.434846 -0.40137 -0.178387 -0.189802 0.969718 -0.371566 0.147461 -0.842064 -0.546546 -0.153659 -0.626441 0.0932757 0.668631 0.5098 0.411975 0.651849 0.393194
40 0.396017 0.0525268 -0.276064 -0.0895946 0.764914 -0.610609 0.458492 0.107502 0.0269042 -0.0340254 -0.678352 0.297935 -0.0338602 0.377851 0.393098 0.424233 -1.21392 0.0168068 0.058611 0.656833 -0.154102 1.0701 -0.0307678 -0.503629 -0.443666 -0.674931 -0.406651 0.516712 0.314703 0.444648 0.77464 0.472499
41 0.467347 0.0213867 -0.389176 -0.103037 0.908545 -0.700479 0.592349 0.0915179 0.0230349 -0.00298632 -0.812481 0.35097 -0.0142833 0.447401 0.499562 0.513147 -1.44858 -0.0114526 0.0455041 0.873964 -0.252629 1.23084 -0.0897089 -0.607986 -0.485217 -0.804048 -0.502102 0.654949 0.430341 0.515113 0.926663 0.553394
39 0.393796 0.0810207 -0.424267 -0.0377371 0.796971 -0.660921 0.530379 0.0611813 0.0119449 0.040486 -0.634368 0.296302 0.0982729 0.394129 0.462644 0.417034 -1.33942 0.0178038 -0.00151955 0.800959 -0.110792 1.18782 -0.114619 -0.467393 -0.445919 -0.732001 -0.485149 0.537175 0.440253 0.581055 0.908593 0.417098
163 -0.462035 -0.0921459 -0.0632722 -0.261064 -0.123606 0.262495 -0.118918 0.155839 0.223552 1.28196 -0.676875 0.413209 -0.260044 -0.354962 0.564279 0.165831 -0.062799 -0.0890132 -0.72571 1.08156 -0.711298 -0.0284843 -0.408124 0.36031 -0.44925 -0.787629 -0.0641927 0.543504 0.306132 0.232617 0.309043 0.10578
164 -0.528786 -0.0368563 0.0938224 -0.299808 -0.130251 0.335068 -0.0839322 0.186154 0.266529 1.37466 -0.781844 0.565098 -0.344877 -0.475195 0.549718 0.0819807 -0.089777 -0.037904 -0.798319 1.18934 -0.691938 -0.0429191 -0.529441 0.397421 -0.424034 -0.836551 -0.0382376 0.593125 0.313543 0.167269 0.294162 0.116259
165 -0.364111 0.164637 0.40533 -0.287209 -0.0955607 0.433889 0.256184 0.175165 0.219608 1.1559 -0.904642 0.690529 -0.482999 -0.60612 0.360762 -0.0635953 -0.240761 0.0930575 -0.685819 1.17147 -0.385015 -0.0871141 -0.651861 0.292941 -0.337245 -0.80228 0.0703662 0.678456 0.405349 0.0701275 0.403394 0.246629
162 -0.53094 -0.0905983 -0.08202 -0.27101 -0.17175 0.331004 -0.196266 0.191932 0.247074 1.48385 -0.807178 0.526687 -0.379214 -0.398376 0.715578 0.184674 -0.0783283 -0.123509 -0.863647 1.31509 -0.835514 0.0176457 -0.527161 0.425825 -0.495131 -0.978088 -0.0844266 0.717865 0.384977 0.245629 0.340406 0.161169
94 0.247818 0.770552 -0.207606 -0.578223 -0.26063 -0.0329691 -0.219206 0.401102 0.33705 0.8484 -0.58802 0.306167 -0.409303 0.439886 0.218312 0.472196 -0.630086 0.505008 0.369389 0.962131 -0.378017 0.10403 -0.752143 -0.768865 -0.573719 -0.644074 -0.0107435 0.414046 -0.0292203 0.154821 0.645159 0.170899
95 0.214811 0.785003 -0.284592 -0.675002 -0.254214 -0.0546512 -0.22508 0.434153 0.367302 0.860425 -0.621394 0.350524 -0.514722 0.499551 0.343132 0.589892 -0.755988 0.579373 0.340949 1.0668 -0.46942 0.171214 -0.88597 -0.926492 -0.724219 -0.745423 0.0265991 0.516856 -0.0802169 0.08821 0.753464 0.173341
96 0.170238 0.572873 -0.480912 -0.746906 -0.176711 0.0620225 -0.117048 0.29913 0.319107 0.829399 -0.368901 0.232147 -0.675975 0.441565 0.501502 0.626817 -0.678801 0.723646 0.0628138 1.01698 -0.53891 0.0776769 -1.01463 -0.917157 -0.863367 -0.823844 0.158818 0.460745 -0.0661383 -0.119176 0.758098 -0.0681216
97 0.1397 0.422302 -0.538527 -0.690564 -0.0642988 0.0759272 -0.0273586 0.226582 0.298138 0.775635 -0.264173 0.171804 -0.622222 0.401253 0.495742 0.609283 -0.631819 0.661644 -0.0332846 0.874939 -0.451519 0.0747961 -0.918833 -0.76901 -0.817761 -0.740424 0.183031 0.432131 -0.00232246 -0.13322 0.659836 -0.0995359
187 -0.383437 -0.493476 0.00560595 0.0117226 -0.369998 0.653346 0.449625 0.297929 -0.289767 0.237229 -0.474377 0.668813 -0.795953 0.495713 0.387165 0.633911 -0.165489 -0.0868514 -0.248916 0.547729 0.12815 0.301759 -0.371075 -0.0575046 -0.471596 -0.368141 0.469988 0.936238 1.05934 1.02971 0.276896 0.0373595
185 -0.707775 -0.482622 0.11955 0.0228841 -0.24586 0.670423 0.340214 0.0957198 -0.335471 0.438851 -0.722963 0.583679 -0.806024 0.594128 0.542113 0.759012 -0.231926 -0.23887 -0.261461 0.787495 0.178126 0.429674 -0.529643 -0.23469 -0.316887 -0.36155 0.461264 0.758435 0.89036 1.1854 0.322593 0.22957
184 -0.682269 -0.391103 0.111103 -0.0150661 -0.128391 0.566705 0.259149 0.0252983 -0.291964 0.467744 -0.745049 0.46601 -0.674053 0.496453 0.515629 0.674852 -0.247997 -0.258153 -0.220288 0.734415 0.143074 0.398412 -0.498204 -0.274945 -0.229845 -0.338409 0.368866 0.559647 0.671941 0.996756 0.293041 0.265797
183 -0.812907 -0.404198 0.148592 -0.015481 -0.111404 0.619494 0.271544 0.00207137 -0.369949 0.482999 -0.842243 0.46208 -0.752007 0.543644 0.625413 0.763427 -0.304456 -0.328743 -0.27296 0.893447 0.118838 0.457815 -0.606004 -0.362326 -0.263918 -0.40853 0.409502 0.619016 0.733143 1.15833 0.344544 0.341442
198 0.364801 -0.173819 -0.171842 0.236854 0.000918828 0.93313 -0.148613 0.591017 0.453543 -0.0326096 -1.1857 -0.318531 -0.0644661 -0.307166 0.0368054 0.514432 0.0515837 -0.135335 -0.438335 1.02945 -1.18344 -0.797355 -0.314071 -0.26237 -0.613035 -0.775099 -0.146389 0.962049 -0.00845051 -0.0268399 0.417637 0.373548
199 0.351535 -0.0934355 -0.158795 0.273205 0.0651866 0.79066 -0.143442 0.462252 0.560058 -0.0259619 -1.02875 -0.234191 -0.0101228 -0.230596 0.0506299 0.469465 0.0459718 -0.14433 -0.404012 0.913958 -0.989023 -0.594871 -0.252409 -0.200304 -0.39785 -0.758407 -0.120545 0.832897 -0.0212197 -0.0414718 0.426352 0.325659
200 0.360833 -0.157382 -0.167473 0.298386 0.140771 0.868662 -0.214659 0.46199 0.669826 -0.0661711 -1.14816 -0.255646 -0.0153335 -0.236487 0.0381347 0.557642 0.0937567 -0.114261 -0.407324 1.00957 -1.12108 -0.631745 -0.343887 -0.248088 -0.40771 -0.954427 -0.131628 0.98291 -0.0194384 -0.0102188 0.600952 0.419016
77 0.185223 0.330343 0.0279777 -0.475665 0.319968 -0.183471 0.388745 -0.086972 -0.106867 1.14688 0.113964 -0.545703 0.236387 -0.341008 -0.637857 0.220154 -0.519367 -0.26276 -0.420405 0.945308 -0.991238 -0.215757 -0.117166 -0.0936531 -0.619573 -0.6507 -0.316517 0.997103 1.29091 0.640949 0.510186 0.309952
75 -0.0284546 0.291357 -0.0576116 -0.418069 0.298953 -0.252326 0.44269 -0.120771 -0.0297349 0.955458 0.173366 -0.481955 0.244309 -0.219866 -0.755913 0.277095 -0.399205 -0.304775 -0.364365 0.877994 -0.98481 -0.255973 -0.193095 -0.171171 -0.599394 -0.465796 -0.439027 0.890966 1.35707 0.5571 0.329403 0.136439
76 0.165196 0.258329 0.0901898 -0.436329 0.26689 -0.1533 0.382057 -0.0553526 -0.0847491 0.987627 0.2099 -0.564584 0.230347 -0.303406 -0.703263 0.202275 -0.44154 -0.274059 -0.318879 0.754298 -0.926914 -0.199748 -0.0729573 -0.100369 -0.570944 -0.537752 -0.304286 0.863728 1.20821 0.556533 0.394737 0.232392
196 0.267268 -0.265736 -0.115191 -0.00456645 -0.246366 0.794268 0.00617019 0.649104 -0.0397879 0.0620637 -1.0145 -0.273098 -0.197461 -0.304903 -0.0402834 0.46548 -0.0616315 -0.178682 -0.368917 0.850162 -1.1323 -0.868142 -0.340108 -0.30894 -0.937212 -0.587418 -0.200427 0.972803 0.0902109 0.124872 0.319479 0.304674
197 0.309693 -0.295204 -0.165188 0.0745103 -0.213489 0.939985 -0.00600789 0.743147 0.106038 0.0304055 -1.15697 -0.263027 -0.20202 -0.308588 0.0158001 0.535682 -0.0409715 -0.159238 -0.42459 1.01139 -1.20857 -0.925922 -0.36688 -0.327855 -0.953093 -0.693253 -0.197348 1.15032 0.119761 0.146631 0.334761 0.338889
195 0.254093 -0.277798 -0.119319 -0.0130927 -0.345752 0.8744 0.051149 0.727649 -0.123698 0.0516564 -0.929799 -0.169684 -0.345753 -0.251957 -0.0267566 0.448669 -0.0847234 -0.142314 -0.373728 0.909645 -1.10936 -0.86127 -0.354608 -0.29318 -1.06889 -0.563216 -0.170445 1.14027 0.237505 0.300341 0.246755 0.219268
232 0.316611 0.114334 0.125346 0.447769 -0.0127694 -0.54898 -0.237125 -0.0676685 0.460057 0.334705 -0.134884 0.669122 -0.275154 -0.0552192 0.335417 0.843415 0.124966 0.171258 -0.156426 0.937483 0.265637 -0.0909934 0.196552 -0.159814 -0.750353 -0.455164 -0.433994 1.14433 -0.180837 0.563419 0.632126 0.495414
231 0.43003 0.0902216 0.163317 0.476238 0.0540854 -0.62079 -0.266711 -0.00630432 0.559873 0.376168 -0.13046 0.699625 -0.317946 -0.0428852 0.393213 0.938543 0.123145 0.154886 -0.201598 1.04996 0.341601 -0.0538594 0.200305 -0.171781 -0.864121 -0.500513 -0.522728 1.203 -0.19587 0.618005 0.77639 0.536253
230 0.567346 -0.0313196 0.205811 0.412951 0.0590772 -0.699375 -0.26964 0.108586 0.694977 0.305849 -0.0837141 0.507834 -0.275017 -0.00729557 0.366538 1.01983 0.078087 0.117557 -0.329404 1.13628 0.380029 0.0700273 0.177103 -0.128097 -0.908245 -0.398689 -0.584133 1.15403 -0.142005 0.660765 0.85817 0.433072
228 0.776837 -0.165258 0.244217 0.212096 0.0906837 -0.707679 -0.208727 0.307827 0.85443 0.362812 -0.104322 0.223979 -0.227884 0.0169349 0.371581 1.04446 0.0975802 0.0413195 -0.334689 1.03043 0.453866 0.302252 0.0970323 -0.00701738 -0.904644 -0.413646 -0.591245 1.19243 -0.0381655 0.694003 0.996067 0.305131
227 0.873451 -0.16458 0.108706 0.0748785 0.196039 -0.527156 -0.0725075 0.384679 0.909591 0.52423 -0.224618 -0.0499619 -0.265648 0.0304718 0.34012 0.891816 0.0170527 0.00687005 -0.334769 0.900829 0.39615 0.438672 -0.0218665 0.109991 -0.72814 -0.538568 -0.524508 1.21931 0.0648287 0.774546 0.959279 0.13952
226 0.815994 -0.0743695 0.0605468 -0.0250849 0.237299 -0.356825 0.018456 0.345825 0.815332 0.599548 -0.302138 -0.169562 -0.229006 0.0157798 0.280043 0.679753 0.00656246 0.040307 -0.264802 0.715535 0.295923 0.44038 -0.0899712 0.124682 -0.526026 -0.55751 -0.395649 1.06608 0.0766564 0.648717 0.844791 0.0302825
225 0.966004 -0.0589791 -0.0114671 -0.0229952 0.303356 -0.311392 0.117255 0.403073 0.942935 0.75067 -0.383204 -0.292334 -0.291774 0.0475607 0.35875 0.727271 -0.0127075 0.0255619 -0.230351 0.767677 0.293231 0.542599 -0.113788 0.196353 -0.515089 -0.687112 -0.408806 1.24173 0.14861 0.81075 0.917273 -0.00907856
147 -0.118219 -0.351345 -0.390993 0.326881 -0.0717246 -0.426255 -0.412023 -0.231623 -0.573167 -0.525107 -0.160442 0.13339 -0.327938 -0.43033 0.147666 -0.243266 -0.525857 -0.329358 -0.177366 0.860792 -0.708994 0.0158153 -0.259533 0.266537 -0.731226 -1.022 -0.0425554 1.35595 0.841995 0.355976 0.417699 1.1106
148 -0.0707809 -0.335942 -0.43045 0.316489 0.0147821 -0.366482 -0.386601 -0.0950915 -0.504363 -0.39508 -0.154615 0.206392 -0.253071 -0.527166 0.165375 -0.246014 -0.451504 -0.139376 -0.235728 0.769092 -0.605356 0.143578 -0.24782 0.207296 -0.576637 -0.928881 -0.170011 1.14243 0.767788 0.268343 0.366033 0.985064
120 0.525214 0.521091 -0.529494 -0.338574 0.055287 0.362222 0.393389 0.213206 -0.000692769 0.0964284 -0.501436 0.839642 -0.0445916 -0.177547 0.519768 0.944802 -0.336436 -0.484988 0.0365146 0.487558 -0.481714 0.209361 -0.301227 0.00612022 -0.428074 -1.23724 0.0683374 0.17244 0.417252 0.468631 0.533756 0.773932
119 0.676885 0.51554 -0.707033 -0.0522628 -0.0871127 0.677747 0.697098 0.323331 -0.0848028 0.372312 -0.509917 0.802858 0.125871 -0.219174 0.539729 1.04557 -0.381308 -0.48018 -0.0502448 0.582228 -0.47528 0.0664831 -0.490292 0.0335581 -0.730733 -1.17201 0.291481 0.389027 0.489773 0.65785 0.569025 0.778628
117 0.789675 0.511067 -0.801025 0.00781072 -0.109706 0.818358 0.814685 0.347931 -0.120758 0.480623 -0.571932 0.848953 0.203699 -0.231214 0.619356 1.15141 -0.424099 -0.513608 -0.0913856 0.627777 -0.491541 0.0532468 -0.571379 0.0769106 -0.871242 -1.23469 0.360696 0.499943 0.582633 0.788825 0.611661 0.808005
118 0.661322 0.400309 -0.6788 -0.0231108 -0.0975247 0.696281 0.735744 0.303825 -0.119648 0.438552 -0.462259 0.697578 0.209107 -0.212563 0.509617 0.95604 -0.356382 -0.467677 -0.0834593 0.47064 -0.386234 0.0346637 -0.443803 0.0778874 -0.762771 -1.03211 0.40556 0.314458 0.458654 0.680437 0.502012 0.68881
51 0.368643 -0.0411204 0.57694 0.177217 -0.630551 0.16473 0.0226455 -0.140479 0.998783 -0.386994 -0.287632 -0.0853957 -0.327702 -0.00391128 -0.0837453 0.566817 -0.513922 0.276096 -0.154859 0.439365 -0.929793 0.51527 -0.230248 -0.237213 -0.750914 -1.40326 -0.789342 0.80799 0.4119 0.501734 0.718329 0.385796
53 0.295361 0.128523 0.436285 0.288773 -0.658238 0.224133 -0.106883 -0.132655 0.861463 -0.278168 -0.210312 -0.0805859 -0.338576 0.00139119 -0.176777 0.567806 -0.413693 0.263316 -0.294234 0.502908 -0.816655 0.335648 -0.352279 -0.183248 -0.781206 -1.41556 -0.796675 0.741909 0.485879 0.486162 0.785554 0.183817
229 0.565593 -0.122039 0.206414 0.270227 0.0741797 -0.610661 -0.235184 0.200438 0.669821 0.249955 -0.0747671 0.32939 -0.20978 -0.0122943 0.31688 0.939861 0.0655028 0.0374572 -0.296997 0.956983 0.350703 0.174991 0.102364 -0.0750946 -0.77706 -0.368906 -0.551274 0.998838 -0.0359134 0.567714 0.799684 0.332518
233 0.306855 0.209805 0.0616449 0.515153 0.0221554 -0.454544 -0.15756 -0.151337 0.391684 0.468669 -0.166972 0.709471 -0.318895 -0.0485416 0.336001 0.750759 0.062008 0.199777 -0.140892 0.921271 0.235187 -0.117938 0.131349 -0.178088 -0.739974 -0.530088 -0.335585 1.20146 -0.245184 0.586944 0.647315 0.512594
146 -0.0685065 -0.224637 -0.305753 0.208632 -0.0846794 -0.487221 -0.37968 -0.358638 -0.565947 -0.59787 -0.0758734 0.0868699 -0.427623 -0.236474 0.142753 -0.15209 -0.650717 -0.455139 -0.0182449 0.863035 -0.709268 -0.0721626 -0.303227 0.266997 -0.809855 -0.952696 0.0817662 1.35976 0.881303 0.371953 0.451892 1.169
38 0.222362 0.118706 -0.507256 0.0749687 0.588714 -0.644766 0.483332 -0.0811224 -0.0432442 0.0754829 -0.347752 0.316851 0.287071 0.218778 0.353433 0.278719 -1.18706 0.0325468 0.0322711 0.876316 0.0961324 1.06864 -0.306496 -0.431295 -0.308181 -0.625373 -0.372048 0.396638 0.451623 0.714299 0.904248 0.188629
37 0.182542 0.176208 -0.489717 0.128616 0.459325 -0.523248 0.405952 -0.123579 0.0239696 0.0851194 -0.303196 0.294791 0.246553 0.153967 0.369747 0.23373 -1.01082 0.0341368 0.00438084 0.856197 0.0833551 0.927529 -0.333858 -0.378815 -0.253153 -0.573742 -0.389759 0.33407 0.385922 0.672204 0.819318 0.142461
36 0.128764 0.215611 -0.568355 0.159305 0.422803 -0.539043 0.501747 -0.201006 0.000626986 0.12144 -0.190434 0.356063 0.302654 0.0859454 0.402371 0.243775 -1.05803 0.0354461 -0.0520887 1.04809 0.121012 0.951389 -0.431651 -0.413861 -0.234974 -0.624475 -0.375983 0.429695 0.477616 0.816971 0.947796 0.0851869
166 -0.230528 0.137861 0.383432 -0.237323 -0.0403114 0.3978 0.270071 0.128755 0.161613 0.960864 -0.766014 0.595802 -0.39797 -0.498716 0.270234 -0.0603064 -0.228504 0.111858 -0.545665 0.964578 -0.273189 -0.0888794 -0.638517 0.18117 -0.271772 -0.693683 0.0721377 0.58414 0.388832 0.000669688 0.397823 0.22562
167 -0.241814 0.138113 0.650776 -0.25313 -0.0374331 0.498103 0.339102 0.100637 0.107627 0.91548 -0.918361 0.813526 -0.418311 -0.69438 0.209083 -0.14957 -0.302868 0.207319 -0.643316 1.13245 -0.320001 -0.164139 -0.866354 0.0816754 -0.235111 -0.783388 0.106935 0.737114 0.500691 -0.0841231 0.539725 0.23024
260 0.332389 0.25553 -0.133098 -0.0540547 0.341855 -0.213215 -0.058121 0.415219 -0.71675 0.501947 -0.0154959 0.188651 -0.0897734 0.962692 -0.164312 0.632101 0.0749394 -0.266899 -0.854107 0.680033 -0.572867 -0.620181 -0.177132 -0.246558 -0.657593 -0.593901 -0.101431 1.69854 -0.119614 0.0719817 0.987038 -0.0781587
259 0.263021 0.228385 -0.0409962 -0.0487472 0.292463 -0.230573 -0.0428475 0.393207 -0.63445 0.418835 0.0475951 0.212942 -0.113874 0.938375 -0.218306 0.541618 0.0984006 -0.328597 -0.828036 0.630055 -0.486887 -0.576181 -0.182212 -0.209767 -0.628279 -0.556258 -0.0977992 1.63833 -0.145563 0.113601 0.949267 -0.0741514
258 0.293753 0.234521 0.0254312 -0.106757 0.353642 -0.130384 -0.00117816 0.497307 -0.475543 0.362533 0.0120816 0.26248 -0.121902 0.984854 -0.205832 0.51902 0.13392 -0.419582 -0.821688 0.601389 -0.466298 -0.4772 -0.346772 -0.150795 -0.619412 -0.547903 -0.164576 1.72634 -0.127427 0.204924 1.00488 -0.0659472
257 0.32022 0.30556 0.162161 -0.159648 0.456993 -0.0314776 0.11332 0.682512 -0.326139 0.309879 0.0389864 0.411318 -0.172786 1.02053 -0.140276 0.455017 0.261797 -0.540014 -0.789913 0.51905 -0.416658 -0.349164 -0.586557 -0.069388 -0.593931 -0.523673 -0.272166 1.8692 -0.0938633 0.292945 1.10012 -0.0186946
255 0.341365 0.40059 0.173434 -0.251623 0.505212 0.120307 0.250907 0.792663 -0.249568 0.252057 -0.0540988 0.479621 -0.156922 1.0032 -0.0769212 0.430351 0.275746 -0.588667 -0.691052 0.396545 -0.504085 -0.201498 -0.661706 0.0278659 -0.46184 -0.4431 -0.330596 1.86478 0.00453421 0.346696 1.0772 0.0135274
256 0.325524 0.275401 0.144289 -0.189088 0.390645 -0.000354406 0.125373 0.633766 -0.266399 0.301911 -0.0168987 0.332519 -0.125743 0.887012 -0.163049 0.380699 0.201298 -0.459295 -0.656078 0.414529 -0.404535 -0.276107 -0.522323 -0.0353783 -0.510656 -0.44126 -0.235071 1.60819 0.000140006 0.276365 0.933445 -0.0221054
5 -0.382826 0.857267 -0.423151 -0.364342 -0.222927 0.855509 -0.00243384 0.242602 -0.309727 0.742353 -0.874018 -0.478987 -0.0107145 -0.0553217 0.968276 0.29772 -0.138048 0.141312 -0.20409 0.0645597 0.0062644 0.161892 -0.196602 0.375518 -0.859435 -0.744906 -0.425803 1.30272 0.598053 -0.112883 1.04211 0.574121
4 -0.335457 0.781425 -0.339696 -0.278891 -0.144955 0.825768 -0.0449488 0.181612 -0.322543 0.694499 -0.781411 -0.40817 0.0213382 -0.084298 0.924616 0.224073 -0.118614 0.0705334 -0.207669 0.0773507 0.0210262 0.156161 -0.115234 0.30138 -0.812984 -0.640347 -0.374918 1.07268 0.533134 -0.169068 1.00047 0.507487
6 -0.543774 0.901513 -0.567546 -0.604761 -0.259273 0.668874 0.200146 0.280646 -0.188571 0.861839 -0.915274 -0.491155 -0.11884 -0.019465 0.715324 0.252036 0.0276945 0.355237 -0.141697 -0.214257 0.00104658 0.176169 -0.378938 0.428354 -0.791861 -1.04089 -0.339841 1.54612 0.632408 0.0600266 0.770181 0.534007
121 0.339862 0.395319 -0.385575 -0.318535 0.153561 0.144689 0.202954 0.0658894 0.0597681 0.112084 -0.472897 0.693983 -0.142584 -0.0756477 0.459532 0.743321 -0.327718 -0.332559 0.0298624 0.541696 -0.423451 0.219816 -0.296394 -0.0795295 -0.317921 -1.12099 -0.0920451 0.318428 0.367317 0.313024 0.531386 0.615771
277 0.564057 0.446664 -0.212129 0.1289 0.405618 0.607025 0.0995528 0.14283 0.00666954 0.0437869 -0.0315763 0.0383421 0.175527 0.0267797 0.617325 0.779548 -1.07408 -0.146134 -0.4626 1.05233 -0.350422 -0.200081 -0.483321 0.0529685 -0.0610256 0.293056 -0.344017 0.825285 0.351966 0.536033 -0.171491 0.682841
63 0.156346 0.597017 -0.975768 0.59773 0.430333 -0.208057 0.343791 -0.105683 0.0560349 0.189504 -0.781568 0.77424 -0.3323 0.407384 0.131793 0.48504 0.00806901 -0.0881285 -0.356113 0.84913 -0.191495 0.0470231 -0.71434 -0.844339 -0.597758 -0.806182 -0.609153 0.435954 0.940065 -0.002467 0.773603 -0.419717
64 0.10783 0.517611 -0.899023 0.576268 0.400473 -0.189866 0.289538 -0.118275 0.0514485 0.114139 -0.702232 0.723168 -0.31867 0.365627 0.116482 0.481464 0.0349726 -0.0687073 -0.308931 0.797568 -0.180411 0.0295593 -0.64775 -0.778281 -0.545354 -0.702912 -0.5464 0.421666 0.824671 -0.0132329 0.677752 -0.348465
65 -0.0516761 0.573477 -0.953172 0.545495 0.463339 -0.269194 0.35049 -0.196218 0.0380476 0.0629718 -0.775794 0.811552 -0.321236 0.40262 0.0657802 0.540323 0.0412159 -0.113334 -0.340541 0.947915 -0.274611 0.0460047 -0.76594 -0.813197 -0.585294 -0.712249 -0.668969 0.532871 1.0008 -0.0160688 0.723089 -0.369803
62 0.452648 0.577424 -1.01873 0.690191 0.264471 -0.0228399 0.187088 0.0132749 0.131097 0.35483 -0.868013 0.664637 -0.347818 0.349252 0.142369 0.454929 -0.197793 0.0899308 -0.411827 0.755507 -0.181421 -0.0770073 -0.551295 -0.832153 -0.632159 -0.925484 -0.585515 0.383195 0.894426 0.141074 0.832391 -0.400335
60 0.56903 0.481396 -0.971497 0.661692 0.139609 0.075728 0.118136 0.0892649 0.105509 0.509288 -0.871509 0.550586 -0.368231 0.297121 0.195515 0.392218 -0.287891 0.112637 -0.423757 0.684095 -0.127659 -0.100213 -0.415324 -0.770239 -0.681496 -1.02687 -0.598579 0.31798 0.84106 0.231437 0.822501 -0.379064
61 0.508234 0.47685 -0.877563 0.566269 0.172738 0.0126715 0.150284 0.0301271 0.121946 0.423798 -0.801967 0.542559 -0.318194 0.26935 0.165148 0.370997 -0.227983 0.137189 -0.34168 0.607856 -0.13742 -0.104305 -0.422076 -0.719474 -0.608442 -0.867669 -0.496388 0.243511 0.738798 0.145521 0.74833 -0.355391
261 0.35592 0.322772 -0.425505 0.0723036 0.233292 -0.199895 -0.0479837 0.272589 -0.829237 0.626094 -0.136473 0.191451 -0.136671 0.837867 0.00115342 0.810515 -0.1101 -0.00720428 -0.765251 0.726071 -0.676029 -0.687564 -0.0894819 -0.454408 -0.557485 -0.551022 -0.125773 1.57139 0.0159732 -0.0144231 0.892985 -0.085593
263 0.373752 0.434186 -0.585639 0.099454 0.263848 -0.104452 -0.0418168 0.155505 -0.786388 0.776604 -0.239913 0.144003 -0.0713287 0.671124 0.0446224 0.888251 -0.144837 0.107017 -0.723235 0.762877 -0.686651 -0.748801 -0.0832336 -0.465487 -0.540698 -0.460856 -0.12223 1.34368 0.100616 -0.0980413 0.787103 -0.039516
262 0.368519 0.351155 -0.457437 0.0629453 0.199892 -0.174074 -0.0539579 0.228692 -0.758304 0.72539 -0.173996 0.159315 -0.118206 0.718295 0.0639203 0.812321 -0.1307 0.105405 -0.673748 0.688977 -0.631951 -0.699801 -0.107742 -0.425535 -0.547181 -0.472577 -0.12051 1.3635 0.00267607 -0.0949301 0.760275 -0.0848424
22 -0.208006 -0.390203 -0.48591 0.394621 -0.482495 -0.448599 0.0898154 0.0860042 0.0267888 0.212155 0.183076 -0.111215 -0.269945 0.0259478 0.621489 0.406509 -0.118716 -0.0767317 0.204333 0.765834 0.0903015 0.441687 -0.331053 -0.305609 0.344911 -0.676349 -0.353435 1.42207 0.886939 0.635718 0.552689 0.410311
26 -0.192545 -0.0786195 -0.509043 0.661217 -0.61295 -0.58492 0.0984962 0.0526148 -0.0161465 0.498232 0.501742 0.0931679 -0.230483 -0.120283 0.643455 0.576694 -0.161829 -0.230131 0.421168 0.986216 0.173124 0.423724 -0.393734 -0.51494 0.243467 -0.64841 -0.190132 1.46392 1.18383 0.732857 0.809748 0.404066
25 -0.190151 -0.136361 -0.502859 0.580008 -0.584527 -0.532951 0.0877989 0.0960437 -0.0311587 0.437611 0.432878 -0.00596977 -0.228492 -0.103117 0.603306 0.513012 -0.125972 -0.203368 0.424909 0.866883 0.179444 0.458269 -0.328889 -0.456521 0.276949 -0.602073 -0.223153 1.33928 1.09535 0.656742 0.708779 0.435408
235 0.075798 0.479991 -0.24159 0.538792 0.0484205 -0.0600181 0.0989862 -0.533508 0.196909 0.898975 -0.350887 0.690962 -0.352418 -0.0726132 0.302198 0.413648 -0.114491 0.24664 -0.149887 0.599795 0.150029 -0.122263 -0.0771064 -0.0937964 -0.513293 -0.643616 -0.0683691 1.23516 -0.288426 0.442938 0.517196 0.405542
236 0.0573735 0.571543 -0.256511 0.664575 0.0198946 -0.0675602 0.128973 -0.664503 0.207196 0.956981 -0.363684 0.811895 -0.429092 -0.0347424 0.389237 0.444907 -0.133714 0.285898 -0.159449 0.659399 0.197777 -0.122708 -0.0629696 -0.124097 -0.6 -0.752507 -0.0612695 1.51934 -0.376654 0.524088 0.611732 0.495544
169 0.103903 -0.0640198 0.713921 -0.236103 0.0565705 0.399582 0.224557 -0.0853412 -0.182455 0.560557 -0.813343 0.894173 0.089326 -0.633273 0.257647 -0.028495 -0.390896 0.267919 -0.541549 1.02267 -0.410851 -0.292306 -1.17534 -0.336842 -0.0455507 -0.595098 0.108896 0.732747 0.840164 -0.141896 0.661914 0.21008
170 0.19133 -0.127859 0.700604 -0.219261 0.078458 0.376208 0.242032 -0.114681 -0.245721 0.5515 -0.854775 0.929427 0.159149 -0.632428 0.247549 0.000225358 -0.420266 0.269525 -0.501964 1.04807 -0.492524 -0.297732 -1.25585 -0.42986 0.00360617 -0.639178 0.0543497 0.77418 0.961281 -0.162641 0.746664 0.203774
168 -0.00404254 0.0219999 0.654718 -0.244117 0.0381204 0.431289 0.28487 -0.0135881 -0.0888168 0.673846 -0.886575 0.909264 -0.139246 -0.636688 0.246936 -0.0525894 -0.388001 0.266246 -0.567769 1.10749 -0.405429 -0.250727 -1.09158 -0.198691 -0.143969 -0.706753 0.089914 0.768834 0.754858 -0.0890502 0.626848 0.228811
171 0.230829 -0.26513 0.56015 -0.238751 0.171875 0.290936 0.150854 -0.185294 -0.416672 0.475648 -0.877465 0.800188 0.312436 -0.454429 0.355138 0.162606 -0.419613 0.167157 -0.401173 1.05993 -0.580771 -0.219682 -1.32645 -0.628438 0.0487789 -0.555485 0.0522402 0.770133 1.00809 -0.0400964 0.788806 0.186734
172 0.250957 -0.28383 0.450028 -0.1744 0.188226 0.288162 0.0970492 -0.154852 -0.434846 0.383858 -0.821523 0.738606 0.349891 -0.404682 0.382936 0.133843 -0.381008 0.108174 -0.344072 0.940539 -0.594399 -0.210012 -1.23538 -0.577997 0.0903291 -0.47402 0.0105097 0.723031 0.982805 -0.035826 0.691776 0.163353
173 0.222541 -0.232279 0.394388 -0.17674 0.209252 0.258781 0.08098 -0.160816 -0.431703 0.380869 -0.823397 0.665396 0.31699 -0.351882 0.384035 0.194918 -0.36956 0.0833782 -0.297593 0.937246 -0.540914 -0.160273 -1.19962 -0.624704 0.0621463 -0.513066 0.00861757 0.725046 0.922777 0.0210128 0.718347 0.183131
251 0.517769 0.577493 -0.0653692 -0.15529 0.589984 0.461092 0.704519 0.750722 0.130589 0.119126 -0.0508858 0.831095 -0.091896 0.44309 0.564157 0.600694 0.0986652 -0.400271 -0.0727242 0.254127 -0.868741 0.270172 -0.924535 -0.0240885 -0.162071 -0.0437724 -0.592956 1.59397 0.478474 0.521542 0.893516 0.0831183
107 0.0579253 0.114948 -0.577174 -0.445109 0.791202 0.148909 0.482814 -0.476563 -0.0176805 1.49454 -0.180623 0.222121 0.0224681 0.189347 1.08982 0.87581 -0.429185 -0.193462 -0.594102 0.536311 -0.255756 -0.0388929 -0.492305 -0.239067 -0.850925 -1.06342 0.495849 0.477971 0.375913 0.521852 0.646317 0.245871
108 0.199298 0.154666 -0.55556 -0.282295 0.746283 0.180885 0.602963 -0.529441 -0.0630365 1.4027 -0.306304 0.349286 0.120523 0.0376204 1.18768 0.931505 -0.386242 -0.378913 -0.569421 0.435474 -0.278969 -0.0246514 -0.499247 -0.245806 -0.946483 -1.14872 0.484059 0.458975 0.387487 0.645854 0.586513 0.378507
109 0.225739 0.210998 -0.515873 -0.185078 0.584737 0.181968 0.541359 -0.417917 -0.0494506 1.21925 -0.315406 0.349678 0.146499 -0.0135739 0.926765 0.79819 -0.294146 -0.352119 -0.462251 0.347461 -0.224438 -0.0484765 -0.400185 -0.188776 -0.790346 -0.981896 0.402526 0.338624 0.363554 0.565716 0.527402 0.346958
110 0.292 0.239417 -0.54167 -0.136064 0.577705 0.270309 0.573639 -0.414094 -0.061439 1.19316 -0.345486 0.413814 0.181419 -0.0186167 1.00354 0.865305 -0.316269 -0.435066 -0.473338 0.357991 -0.242614 -0.0367975 -0.422053 -0.204104 -0.859053 -1.05732 0.402499 0.328155 0.352532 0.646643 0.553427 0.380508
241 0.0399744 0.650046 -0.211408 0.577011 0.0614006 0.126904 0.540751 -0.753071 0.11118 1.02164 0.0328628 0.726645 -0.0504231 0.0435935 0.450011 0.0905405 -0.346654 0.0831293 -0.359576 0.508031 -0.12246 0.0598985 -0.460457 -0.104188 -0.55566 -0.578331 0.034104 1.42461 -0.44896 0.45942 0.550016 0.454795
115 0.760551 0.413587 -0.700931 0.104289 -0.0795716 0.789154 0.759619 0.228167 -0.100847 0.463 -0.504023 0.755815 0.274717 -0.279747 0.550947 0.965418 -0.362232 -0.433717 -0.134852 0.386896 -0.402622 -0.0117218 -0.552676 0.0614988 -0.765674 -1.02506 0.397892 0.368054 0.517307 0.703195 0.469075 0.627591
250 0.43633 0.512082 -0.0323662 -0.0771425 0.518403 0.398305 0.618799 0.574413 0.183715 0.108979 -0.0160438 0.794356 -0.0483955 0.250294 0.588683 0.482271 0.0443246 -0.316841 0.0041619 0.200019 -0.778253 0.298115 -0.782236 0.00609184 -0.115918 0.0248839 -0.510019 1.34004 0.421781 0.485325 0.738826 0.0816109
252 0.442432 0.549074 0.037679 -0.215111 0.578695 0.309479 0.523162 0.774695 -0.0167293 0.12378 -0.0382038 0.709765 -0.141159 0.690453 0.257567 0.437792 0.256439 -0.429362 -0.314345 0.190175 -0.708654 0.0579741 -0.813351 -0.0198956 -0.194198 -0.126041 -0.517595 1.63603 0.23728 0.418893 0.918096 0.0521339
297 -0.126837 0.102957 0.558336 0.0966223 0.197412 0.959561 -0.530283 -0.331259 -0.497855 -0.21199 -0.127401 0.0375365 0.214968 -0.0131643 1.45448 0.199301 -0.236475 0.147551 -0.120371 0.742545 -0.273444 0.439867 -0.322385 0.422991 -1.15502 -0.750504 -0.294829 1.16517 1.22263 -0.178246 0.897119 0.427024
298 -0.10104 0.107604 0.499967 0.114739 0.0567619 0.804612 -0.468654 -0.284591 -0.426572 -0.204823 -0.139527 -0.0181164 0.162447 -0.00154712 1.29225 0.219523 -0.189612 0.195426 -0.131288 0.639513 -0.160239 0.35529 -0.284539 0.291428 -1.03334 -0.624852 -0.268007 1.01462 1.05744 -0.161403 0.808202 0.37526
157 -0.36603 -0.31408 -0.542427 0.0286703 -0.0310961 0.172021 -0.261317 0.276182 0.0751792 1.29989 -0.675359 0.327149 -0.257891 -0.236755 0.679057 -0.0408181 -0.0433604 -0.125888 -0.678034 1.02641 -0.679221 0.0460853 -0.235864 0.378839 -0.137854 -0.90303 -0.351148 0.547103 0.557794 0.0536055 0.0722594 0.281614
158 -0.442513 -0.300608 -0.645036 -0.0186552 -0.0478877 0.18395 -0.344135 0.296042 0.144446 1.55392 -0.770793 0.393562 -0.323978 -0.250758 0.801539 0.0139247 -0.0378443 -0.200852 -0.840039 1.2591 -0.835086 0.0886655 -0.323261 0.463366 -0.268908 -1.07841 -0.419998 0.696656 0.659856 0.0820513 0.12915 0.320056
159 -0.527688 -0.288317 -0.447376 -0.116418 -0.138135 0.19836 -0.320543 0.238064 0.187335 1.58776 -0.781013 0.430575 -0.285693 -0.253041 0.797422 0.133415 0.00174927 -0.228607 -0.842145 1.28008 -0.929625 0.0527279 -0.348112 0.500808 -0.34408 -1.0491 -0.300379 0.654084 0.55811 0.157342 0.176654 0.238797
161 -0.514919 -0.203397 -0.251113 -0.187306 -0.120744 0.24663 -0.250054 0.209837 0.240501 1.55791 -0.764729 0.430104 -0.294798 -0.324607 0.681254 0.113083 0.0076292 -0.16749 -0.848098 1.23592 -0.834576 0.00711739 -0.398509 0.464725 -0.409836 -0.970447 -0.175568 0.624944 0.451597 0.163567 0.252048 0.174457
160 -0.46013 -0.230308 -0.279108 -0.093207 -0.11959 0.200739 -0.236942 0.164136 0.154164 1.28588 -0.632494 0.341476 -0.265164 -0.229345 0.605075 0.0782517 0.0290853 -0.189984 -0.706443 1.05695 -0.719903 0.0132633 -0.345873 0.383696 -0.310236 -0.811359 -0.186419 0.496783 0.456314 0.126896 0.165397 0.168206
214 0.3914 -0.460293 -0.263124 -0.248644 -0.0186668 -0.0949537 0.953158 -0.189555 0.314006 0.791449 -0.792145 -0.665009 -0.206598 -0.164747 0.671735 1.13801 -0.146288 0.397699 0.238884 1.01825 -0.250428 -0.114675 -0.453714 0.408764 -0.290183 -0.373533 0.0193098 0.460155 0.520531 0.334666 0.643235 0.710867
215 0.470497 -0.469978 -0.348585 -0.267417 -0.0041515 -0.131311 1.05246 -0.224375 0.320537 0.895689 -0.907402 -0.690608 -0.242111 -0.188803 0.798556 1.26803 -0.172558 0.420306 0.231849 1.15771 -0.285803 -0.124438 -0.50061 0.414309 -0.319694 -0.410795 -0.00739643 0.55518 0.604203 0.350529 0.797165 0.826348
213 0.428722 -0.464013 -0.284098 -0.181241 0.0343018 -0.0978437 0.958552 -0.207576 0.305035 0.844045 -0.847404 -0.654235 -0.220704 -0.20806 0.683753 1.17481 -0.174483 0.432675 0.25029 1.0958 -0.251844 -0.125527 -0.560707 0.398047 -0.327286 -0.394242 0.0648999 0.560861 0.568527 0.265188 0.752353 0.803214
220 0.533853 0.0032128 -0.243782 -0.137873 0.206949 -0.0267549 0.369759 0.0677716 0.41962 0.716543 -0.547889 -0.235208 -0.243878 0.0173966 0.424837 0.597863 -0.0931839 0.0595294 -0.0433988 0.675175 -0.107144 0.203809 -0.242003 0.131521 -0.221016 -0.583501 -0.148183 0.738838 0.30062 0.496581 0.613947 0.18597
154 -0.172112 -0.355503 -0.667821 0.27482 0.032417 0.00817945 -0.182971 0.285984 -0.11961 0.741757 -0.516036 0.275365 -0.184388 -0.459392 0.458868 -0.246682 -0.187738 0.0754758 -0.598151 0.822216 -0.480037 0.175956 -0.184591 0.256326 -0.15874 -0.833729 -0.395194 0.675996 0.624749 0.0853199 0.142629 0.523717
155 -0.22103 -0.379814 -0.776544 0.246091 0.041919 0.0470529 -0.226455 0.314691 -0.140216 0.993387 -0.641618 0.359951 -0.247221 -0.431933 0.631295 -0.240088 -0.222796 0.023746 -0.683627 0.99486 -0.597898 0.212565 -0.247227 0.305255 -0.168567 -0.982474 -0.473525 0.7694 0.745106 0.0793381 0.167574 0.543276
153 -0.122008 -0.509748 -0.809008 0.411638 0.107265 -0.0349981 -0.230916 0.31909 -0.292647 0.53418 -0.533215 0.345569 -0.206675 -0.646132 0.514448 -0.410701 -0.340058 0.210469 -0.665938 0.896888 -0.493476 0.299789 -0.193719 0.281332 -0.208915 -0.964967 -0.495888 0.878115 0.789943 0.0970695 0.197372 0.716833
254 0.400602 0.509828 0.094388 -0.194787 0.597283 0.253646 0.474865 0.807002 -0.100348 0.200513 -0.0714694 0.64911 -0.158567 0.85831 0.126523 0.479345 0.31788 -0.514965 -0.449229 0.231343 -0.620091 -0.0390779 -0.810085 0.0142267 -0.304722 -0.237793 -0.476827 1.77999 0.13533 0.444263 0.985363 0.0290907
139 -0.279901 0.338843 0.39241 -0.181212 -0.297064 -0.0569992 -0.163689 -0.018319 -0.0452351 -0.0430281 -0.145676 -0.277796 -0.87991 0.482982 0.395905 0.213461 -0.863218 -0.186159 -0.564856 0.829462 -0.122472 -0.213058 -0.266575 -0.18131 -0.14886 0.110097 -0.457509 1.03506 0.962083 0.161413 0.779371 0.522043
131 -0.228765 0.528275 0.582471 -0.46866 0.0675652 -0.337024 -0.507382 -0.148418 -0.185226 -0.259837 -0.307574 -0.0827559 -1.03658 -0.0502603 0.572711 0.491699 -0.483228 0.232502 -0.669609 0.536794 -0.421732 0.0282234 0.30892 -0.211108 0.217155 -0.890075 -1.0315 1.11995 1.06388 0.741303 0.839311 0.459635
264 0.400603 0.519506 -0.634252 0.121941 0.242037 -0.0130291 -0.017665 0.100844 -0.614599 0.796392 -0.306167 0.163837 -0.0829361 0.550351 0.133425 0.88438 -0.228519 0.162932 -0.643466 0.760046 -0.623446 -0.654767 -0.116191 -0.436756 -0.497938 -0.416642 -0.124154 1.19319 0.207805 -0.0652568 0.692854 0.0176648
265 0.352888 0.501426 -0.61836 0.0568145 0.215164 0.0667323 0.0462558 0.0605169 -0.467609 0.725002 -0.346782 0.190568 -0.115222 0.472664 0.175239 0.81823 -0.20206 0.1376 -0.525512 0.717656 -0.515038 -0.533072 -0.140876 -0.34909 -0.435839 -0.394534 -0.108188 1.02837 0.226837 -0.0389785 0.621643 0.0486567
52 0.296288 0.0408358 0.47556 0.182055 -0.589341 0.147027 -0.0527142 -0.112559 0.805399 -0.316644 -0.182121 -0.0924193 -0.307752 -0.0236461 -0.15111 0.471139 -0.350656 0.249242 -0.187598 0.420732 -0.759891 0.333593 -0.263172 -0.141142 -0.68024 -1.20473 -0.71234 0.692845 0.416825 0.467551 0.607879 0.231827
253 0.336626 0.434836 0.0141005 -0.18021 0.502392 0.217602 0.373756 0.633364 -0.0818966 0.172023 -0.0509972 0.470007 -0.111424 0.656597 0.0967573 0.362662 0.240045 -0.34987 -0.37024 0.16094 -0.514895 -0.0517384 -0.60014 0.011269 -0.207061 -0.184813 -0.370579 1.34268 0.102915 0.303403 0.754809 0.0185514
43 0.575666 -0.124304 -0.262339 -0.124566 0.790128 -0.531628 0.621715 0.101577 0.217464 -0.0831958 -0.799205 0.235243 -0.225594 0.453195 0.466385 0.527586 -1.27778 -0.0368659 0.127876 0.632532 -0.464872 1.05009 0.15707 -0.653997 -0.416924 -0.672608 -0.360268 0.752986 0.0840736 0.262431 0.753453 0.572286
274 0.588689 0.725609 -0.462161 0.354024 0.667061 0.651335 -0.291779 -0.0440557 0.237934 0.00631629 -0.355973 0.0840384 0.10302 0.031052 0.49283 1.02189 -0.646123 0.0347364 -0.610277 0.923779 -0.0851475 -0.265711 -0.503115 -0.0189796 -0.125485 0.45646 -0.139657 0.831617 0.706921 0.545167 0.015067 0.555455
156 -0.340828 -0.348498 -0.628191 0.0884756 -0.00245787 0.156988 -0.266552 0.299633 0.0546753 1.32173 -0.761613 0.357228 -0.252586 -0.284783 0.690448 -0.0785299 -0.0748464 -0.158565 -0.74994 1.12603 -0.736023 0.0874978 -0.255527 0.405396 -0.142985 -0.986431 -0.427697 0.631409 0.676062 0.057688 0.109973 0.411669
204 0.490475 -0.366776 -0.129014 0.203289 0.536277 0.363396 -0.185359 -0.00558716 0.44242 0.160739 -0.971445 -0.233379 -0.127324 -0.307578 -0.217352 0.476531 0.200657 0.180486 0.103816 0.784416 -0.622477 -0.239939 -0.731744 -0.158947 -0.380987 -0.889147 0.185934 0.891873 0.210558 -0.16046 1.06471 0.760448
234 0.0998862 0.483441 -0.171719 0.616668 0.0105737 -0.212834 0.00619241 -0.512308 0.270209 0.825819 -0.291512 0.830609 -0.382697 -0.0912939 0.357343 0.544314 -0.0314635 0.257347 -0.132262 0.717947 0.225294 -0.123293 0.0390443 -0.140885 -0.642988 -0.649048 -0.140992 1.33214 -0.37741 0.538758 0.53784 0.487828
66 -0.472566 0.528826 -0.821782 0.365968 0.455615 -0.387806 0.422941 -0.296075 0.0148089 -0.192261 -0.626884 0.813993 -0.234834 0.467825 -0.0365729 0.628496 0.094613 -0.272467 -0.29736 1.14074 -0.437898 0.0569963 -0.849953 -0.738881 -0.573536 -0.55169 -0.880584 0.589782 1.05908 -0.0602116 0.59208 -0.329669
59 0.51901 0.49389 -0.818239 0.640315 -0.0424573 0.123923 0.0442546 0.0309205 0.185134 0.453446 -0.837406 0.434504 -0.393221 0.210411 0.079303 0.450193 -0.357232 0.179927 -0.434051 0.645646 -0.182335 -0.111073 -0.37407 -0.689044 -0.684585 -1.12585 -0.65464 0.178509 0.799691 0.268179 0.849272 -0.354784
103 0.0120998 0.108918 -0.748621 -0.815363 0.556939 0.16988 0.28822 -0.112477 0.141656 1.26929 0.164545 0.0363967 -0.314315 0.390385 0.613275 0.613313 -0.577677 0.296133 -0.441905 0.767415 -0.227694 -0.000274782 -0.50719 -0.256216 -0.493377 -0.770777 0.423502 0.452184 0.374571 0.0716052 0.613283 -0.014876
212 0.559034 -0.562155 -0.306086 -0.125819 0.119687 -0.147552 0.930184 -0.197243 0.294878 0.861529 -0.890912 -0.663672 -0.285524 -0.259182 0.477253 1.13523 -0.147014 0.481346 0.330674 1.05874 -0.213574 -0.0974084 -0.744116 0.348247 -0.416405 -0.40888 0.158469 0.654307 0.522329 0.133102 0.88454 0.939733
211 0.498687 -0.551012 -0.261657 -0.075011 0.163958 -0.117607 0.726774 -0.179677 0.217283 0.747305 -0.811211 -0.564486 -0.294459 -0.244732 0.294076 0.927957 -0.0648167 0.425952 0.349059 0.897272 -0.213355 -0.097333 -0.726582 0.306544 -0.391414 -0.399469 0.191521 0.655548 0.46019 0.0506328 0.883875 0.893108
57 0.432254 0.441562 -0.550868 0.590841 -0.239924 0.210833 -0.0946499 0.0496546 0.265069 0.349044 -0.679563 0.283641 -0.393718 0.159893 -0.0659683 0.488095 -0.466122 0.212223 -0.468895 0.598304 -0.232925 -0.107045 -0.362184 -0.581125 -0.704045 -1.30551 -0.692838 0.210888 0.706712 0.338148 0.890422 -0.368932
58 0.424493 0.39447 -0.654268 0.508216 -0.0821511 0.120583 -0.00472659 0.0375924 0.168314 0.444471 -0.710047 0.35239 -0.350953 0.171877 0.0593228 0.446019 -0.368855 0.168151 -0.385602 0.584676 -0.189461 -0.109231 -0.343615 -0.580697 -0.616729 -1.0413 -0.552601 0.231348 0.663565 0.261346 0.778445 -0.284299
67 -0.535331 0.458908 -0.754819 0.295981 0.435862 -0.38331 0.394195 -0.288468 0.0279985 -0.209553 -0.60502 0.726999 -0.202001 0.39803 -0.0671782 0.593312 0.0729869 -0.277834 -0.266717 1.15019 -0.438688 0.0387817 -0.807206 -0.632673 -0.522523 -0.45634 -0.8324 0.582725 1.03165 -0.0507698 0.494384 -0.262499
68 -0.662844 0.485637 -0.775046 0.224377 0.473867 -0.412897 0.461183 -0.372176 -0.00491288 -0.206702 -0.633955 0.724453 -0.212784 0.478686 -0.0910213 0.643229 0.0798247 -0.338888 -0.277985 1.26091 -0.555411 0.037595 -0.877205 -0.652851 -0.570005 -0.386847 -0.95103 0.72256 1.16066 -0.0468831 0.524677 -0.258548
7 -0.498309 0.758004 -0.548741 -0.576431 -0.241615 0.539757 0.249618 0.265779 -0.0810318 0.762941 -0.782314 -0.404438 -0.106638 0.0142264 0.548173 0.205791 0.0830944 0.404591 -0.082807 -0.265261 -0.0607245 0.162674 -0.38073 0.409696 -0.660722 -1.00411 -0.256754 1.39958 0.542745 0.0448455 0.61729 0.441285
81 0.518195 0.58769 -0.281857 -0.373931 0.309237 -0.0724436 0.233603 -0.191016 -0.0215698 1.34501 -0.304817 -0.428544 0.222489 -0.377083 -0.244889 0.0716507 -0.584432 -0.159647 -0.48255 0.808993 -0.633071 -0.0658444 0.0277814 0.0306641 -0.588567 -0.892741 0.0615643 0.797442 0.912859 0.688918 0.874009 0.508282
83 0.530977 0.592209 -0.313196 -0.346802 0.248075 -0.0661319 0.187384 -0.163683 0.0146184 1.3127 -0.328938 -0.347061 0.197176 -0.329364 -0.174529 0.164336 -0.601942 -0.134132 -0.414063 0.814 -0.570703 -0.0787284 -0.0250554 -0.0377547 -0.552016 -0.835778 0.0794323 0.732577 0.85717 0.642212 0.783115 0.489295
82 0.504707 0.56022 -0.311313 -0.303755 0.271858 -0.0663384 0.187743 -0.185623 0.0194384 1.22314 -0.343666 -0.333897 0.204794 -0.328534 -0.163657 0.10674 -0.540089 -0.131844 -0.425259 0.724324 -0.517757 -0.0567795 0.0145067 0.00443469 -0.486256 -0.797311 0.107555 0.631863 0.789534 0.591267 0.763085 0.467353
266 0.407633 0.650584 -0.739101 0.0935171 0.292237 0.161208 -0.00761406 0.0614562 -0.459225 0.815475 -0.407042 0.203981 -0.0937436 0.526902 0.218099 0.970401 -0.20113 0.155276 -0.602905 0.804852 -0.525332 -0.622641 -0.14915 -0.371512 -0.455249 -0.31568 -0.107331 1.078 0.258284 -0.0121238 0.634015 0.0435393
140 -0.271035 0.35373 0.360212 -0.181722 -0.332612 -0.0961351 -0.17852 -0.0586537 -0.0467464 -0.101059 -0.123638 -0.313191 -0.890915 0.477494 0.400058 0.234487 -0.950756 -0.225145 -0.526614 0.927506 -0.162549 -0.203637 -0.304093 -0.122894 -0.26279 0.0343401 -0.391901 1.15067 0.993262 0.179179 0.834334 0.64354
106 0.0654038 0.118839 -0.576335 -0.399472 0.675745 0.163215 0.427587 -0.403834 -0.0287538 1.2872 -0.157424 0.180478 -0.0249694 0.201111 0.949225 0.779413 -0.404727 -0.102586 -0.488684 0.563466 -0.22416 0.0117044 -0.497668 -0.216338 -0.753864 -0.931116 0.426431 0.431935 0.313518 0.425347 0.555641 0.206272
206 0.557821 -0.431222 -0.183987 0.130052 0.551438 0.156325 -0.0252097 -0.0817302 0.307715 0.317077 -0.965645 -0.255043 -0.242787 -0.370443 -0.296604 0.514956 0.141127 0.252234 0.325031 0.801509 -0.412325 -0.110561 -0.929756 -0.119293 -0.558449 -0.835275 0.282058 0.970804 0.371229 -0.164299 1.24356 0.967433
210 0.577725 -0.600747 -0.241194 -0.0600426 0.220495 -0.149836 0.752527 -0.200539 0.202773 0.746341 -0.923351 -0.616267 -0.297254 -0.285335 0.262074 1.02046 -0.0477543 0.438465 0.446775 0.967296 -0.19902 -0.0949538 -0.851374 0.284703 -0.449404 -0.441867 0.206095 0.776185 0.533656 0.0243209 1.01512 1.03184
93 0.315884 0.881889 -0.20752 -0.606539 -0.317176 -0.0707352 -0.263369 0.458186 0.377525 0.893806 -0.654261 0.35533 -0.401254 0.489631 0.281511 0.589638 -0.713038 0.542451 0.46965 1.10382 -0.406956 0.156127 -0.837993 -0.88186 -0.612809 -0.709324 -0.0184116 0.501167 -0.0603748 0.1946 0.738167 0.276574
8 -0.513899 0.803601 -0.58639 -0.613386 -0.233952 0.580604 0.264846 0.272167 -0.075341 0.8145 -0.854714 -0.458591 -0.158777 0.02396 0.674509 0.276577 0.0736291 0.432201 -0.107379 -0.215834 -0.0949405 0.196986 -0.417772 0.441741 -0.691271 -1.0912 -0.316756 1.61074 0.654469 0.134807 0.675014 0.476279
79 0.41038 0.440712 -0.161127 -0.394784 0.367191 -0.0641964 0.324855 -0.154387 -0.102167 1.38122 -0.106342 -0.559032 0.202247 -0.393133 -0.400562 0.062295 -0.482916 -0.192043 -0.487984 0.796045 -0.685273 -0.101005 0.0417152 0.091182 -0.572317 -0.773522 -0.0221367 0.794886 0.966166 0.614085 0.708916 0.447059
78 0.380714 0.391646 -0.0915519 -0.409211 0.344692 -0.0894128 0.324148 -0.112932 -0.102033 1.30355 -0.0837183 -0.578075 0.217865 -0.409092 -0.486809 0.0981128 -0.523006 -0.224223 -0.493133 0.848756 -0.8069 -0.135134 0.0153357 0.0388594 -0.586154 -0.758479 -0.131304 0.933377 1.13568 0.672004 0.70469 0.451839
80 0.497456 0.503077 -0.190591 -0.380543 0.380369 -0.0750957 0.277836 -0.149814 -0.111233 1.48468 -0.195661 -0.568335 0.229532 -0.428604 -0.398265 0.0326892 -0.556617 -0.205001 -0.533734 0.816794 -0.727313 -0.132109 0.0852734 0.066202 -0.593112 -0.843643 0.0154152 0.776303 1.04073 0.645701 0.800334 0.468827
205 0.508489 -0.389024 -0.174162 0.127632 0.51691 0.18795 -0.0489961 -0.0948848 0.307656 0.302237 -0.883407 -0.174412 -0.193586 -0.332202 -0.22715 0.456714 0.154664 0.22533 0.241028 0.71914 -0.424826 -0.144146 -0.859847 -0.13866 -0.473438 -0.801372 0.239501 0.907029 0.339929 -0.14833 1.12291 0.820445
