300 4
263 -1.72259 0.0915564 1.24889 1.62088
262 -1.61918 0.0186522 1.19221 1.2937
261 -1.65803 0.12254 1.44585 1.23522
260 -1.46174 0.286093 2.03791 0.499707
259 -1.23645 0.526566 2.13868 0.404959
258 -1.37864 0.690174 2.57744 0.401532
257 -1.44585 0.810069 3.06985 0.358757
256 -1.32592 0.839746 2.90406 0.33142
255 -1.30914 0.914559 2.91857 0.432779
254 -0.971355 0.803238 2.83598 0.69044
5 -0.651963 2.00019 1.63445 1.2948
3 -0.793521 1.79009 1.36454 0.938581
4 -0.721584 1.58016 1.30096 1.08786
2 -1.16482 2.08617 1.50801 0.628402
0 -1.61907 2.55919 1.65174 0.320384
219 -1.61125 1.7258 0.80942 2.13152
218 -1.65671 1.83872 0.783476 2.20353
217 -1.43638 1.54664 0.636207 1.91783
216 -1.73547 1.92495 0.754505 2.41325
182 -1.16224 2.49073 1.21641 1.33161
180 -0.938235 2.55766 1.57112 1.36573
183 -1.48578 2.42154 0.888392 1.52929
184 -1.62218 2.23919 0.694915 1.5511
185 -1.86444 2.35399 0.794669 1.714
1 -1.25241 2.12014 1.36212 0.592065
299 -1.98177 2.71 1.88945 0.218569
297 -2.08104 2.56015 1.98517 0.165111
298 -1.85812 2.3672 1.71531 0.219464
296 -2.05163 1.94934 1.91161 0.162288
205 -0.4091 0.186825 2.47347 1.9167
206 -0.582656 0.288697 2.62027 2.16788
204 -0.461088 0.262245 2.64302 2.08748
203 -0.408777 0.377713 2.46414 2.13626
165 -0.423758 0.893701 3.26208 1.36518
166 -0.391707 0.717861 2.94918 1.26162
167 -0.422545 0.843561 3.15237 1.33698
164 -0.401631 0.940458 3.17854 1.46876
162 -0.453299 1.01124 3.04339 1.44967
163 -0.349211 0.823742 2.80162 1.33186
148 -0.247848 1.74347 1.45593 1.93179
147 -0.319687 1.9426 1.69817 2.15797
149 -0.355634 1.86431 1.60446 2.28253
215 -1.73542 1.82424 0.725746 2.3919
198 -0.29127 0.835419 2.43044 2.27255
199 -0.26327 0.714536 2.23615 2.00389
200 -0.338433 0.722367 2.57187 2.22255
201 -0.380217 0.491394 2.37713 2.1371
93 -1.33712 0.0161073 2.67314 0.735041
95 -1.39975 0.112348 2.58619 0.925353
96 -1.1662 0.257828 1.81009 1.34706
97 -1.1387 0.540024 1.54968 1.57916
98 -1.12855 0.503045 1.43113 1.9076
99 -1.32843 0.798606 1.16267 2.62665
101 -1.31501 0.83656 1.22799 2.94681
114 -0.631258 1.28381 1.62401 1.16607
113 -0.759151 0.948469 1.32776 1.96258
112 -0.938374 0.899771 1.23239 2.02711
111 -1.13645 0.783119 1.22949 2.57482
110 -1.27708 0.720974 1.30406 3.15856
109 -1.1322 0.667698 1.12764 2.8173
108 -1.34423 0.789284 1.36658 3.32119
133 -2.8894 0.928073 0.798542 1.3201
134 -3.15955 1.17733 0.959657 1.41985
132 -3.2786 1.13463 0.918793 1.27906
272 -0.709966 2.62137 1.61755 1.6016
273 -0.715218 2.80277 1.71966 1.65904
275 -0.737129 2.6878 1.9549 1.38525
276 -0.74485 2.57004 2.0645 1.21626
274 -0.556109 2.28557 1.47841 1.35996
266 -1.29359 0.437876 0.957056 1.87286
267 -1.05562 0.859225 0.926608 1.90312
269 -0.625379 1.69209 1.11735 1.77175
270 -0.575138 2.30713 1.43743 1.6721
271 -0.61656 2.10273 1.2566 1.45251
286 -2.38971 0.718643 1.8616 0.24665
285 -2.5511 0.890608 2.1203 0.277855
287 -2.70457 0.919438 2.164 0.153788
288 -2.72108 0.91898 2.21152 0.224738
202 -0.284093 0.424614 2.17897 1.96175
264 -1.63821 0.215425 1.11418 1.87069
265 -1.35636 0.217175 0.978628 1.57461
127 -2.62739 1.51488 1.0888 0.399104
126 -2.77099 1.64761 1.25297 0.435105
125 -2.0837 1.50648 1.41139 0.191651
123 -1.69868 1.55733 1.67364 0.102014
124 -1.69429 1.38063 1.36582 0.0427577
86 -1.91213 -0.187448 2.60525 0.958932
85 -1.66917 -0.324413 2.01582 0.896255
84 -1.89418 -0.268603 2.47892 1.14289
83 -1.95721 -0.232835 2.19303 1.5654
50 -1.43537 2.072 2.22676 0.0561226
48 -1.53698 2.31076 2.13427 0.068532
49 -1.2784 1.90269 1.95023 0.0566228
51 -1.35013 1.75062 2.02014 0.110165
53 -1.4074 1.46381 2.06219 -0.00116512
154 -0.425579 1.28201 1.25379 2.11784
155 -0.452589 1.19722 1.35733 2.12818
153 -0.491758 1.46281 1.44073 2.26568
152 -0.441526 1.43451 1.30773 2.08031
268 -0.666816 1.12425 0.907576 1.67755
80 -1.92774 -0.0771411 1.44072 1.78006
78 -2.1227 0.0384393 1.20689 1.99952
77 -2.20099 0.0181158 1.23252 2.10074
75 -2.19439 0.0770036 1.04328 1.87268
76 -2.01302 0.135374 0.989629 1.78968
26 -1.72472 -0.294547 1.81645 2.30452
25 -1.58623 -0.241964 1.55197 1.95001
24 -1.83767 -0.362072 1.75576 2.14818
27 -1.68491 -0.235122 1.84918 2.29153
23 -2.31503 -0.495471 2.08234 2.23197
47 -1.60899 2.12356 1.58409 0.23497
45 -1.74855 2.06207 1.22917 0.421736
46 -1.32623 1.76526 1.24706 0.22256
44 -1.87604 1.94571 0.848568 0.532192
20 -2.39092 -0.273476 1.77842 1.62369
18 -2.39107 -0.140434 1.78743 1.45695
19 -2.20023 -0.213547 1.5063 1.37549
17 -2.26643 0.0861531 1.73584 1.25903
16 -1.95635 0.147371 1.52658 1.05999
253 -0.847585 0.735417 2.47152 0.766085
252 -0.747034 0.711473 2.7388 0.897698
176 -0.336622 1.30293 2.26584 0.949399
177 -0.379987 1.73368 1.84641 0.975022
179 -0.541987 2.02905 1.78504 1.13105
178 -0.424757 1.76995 1.5946 1.00057
281 -1.27198 1.8711 2.02729 0.519228
279 -0.905878 2.02339 2.02897 0.767219
278 -0.698572 2.42226 2.05341 1.0885
280 -0.937541 1.94145 1.95694 0.627698
8 -0.547204 2.09095 1.97617 1.11467
7 -0.386589 1.89362 1.63286 1.12635
6 -0.568217 1.91097 1.65034 1.31657
100 -1.21645 0.709827 1.0265 2.55787
69 -2.12721 0.165196 2.01728 0.807681
70 -1.99727 0.0910417 1.80223 0.913218
68 -2.16372 0.0978676 2.39837 0.774822
67 -2.05881 0.0326648 2.28276 0.649335
66 -2.40754 -0.115716 2.49439 0.818102
246 -0.71124 0.449052 2.85742 1.02149
248 -0.759911 0.455763 2.84499 1.22557
247 -0.69245 0.281521 2.57286 1.20013
249 -0.73598 0.632391 3.22976 1.33312
168 -0.471157 0.641848 3.01747 1.34178
13 -0.913485 1.15262 1.67941 0.465153
14 -1.17376 1.02289 1.74887 0.635003
12 -0.876233 1.61444 1.96909 0.602597
11 -0.628965 1.91074 2.00562 0.759584
138 -2.40149 1.76602 0.583307 1.88659
137 -2.28603 1.31766 0.643219 1.48686
135 -2.66988 1.10026 0.784582 1.50938
136 -2.09884 1.02974 0.73162 1.25506
140 -2.19782 1.98089 0.510982 1.91139
141 -1.7279 1.86184 0.702358 1.75283
9 -0.562901 2.11558 2.10188 0.934357
21 -2.26517 -0.424259 1.93926 2.00898
22 -2.03863 -0.440233 1.88731 2.04584
72 -2.38392 0.0372211 1.46093 1.43339
74 -2.26549 0.0480474 1.25808 1.68373
73 -1.99802 -0.0124542 1.23263 1.39991
122 -1.33001 1.91988 2.41092 0.188675
120 -1.16597 1.92147 2.54175 0.309193
121 -1.07553 1.78939 2.37009 0.181638
31 -1.71087 -0.124128 1.43556 1.94518
32 -2.02585 -0.0579597 1.40915 2.18173
30 -1.92727 -0.178355 1.64553 2.24045
33 -2.31776 0.0820828 1.22001 2.10768
35 -2.30323 0.202735 1.00048 1.93038
34 -2.24669 0.111671 1.02089 1.96068
158 -0.483682 1.10761 1.59788 1.84204
159 -0.363119 1.04325 1.85239 1.62745
160 -0.641577 0.846647 1.84725 1.34537
161 -0.411698 0.920213 2.43038 1.44941
102 -1.21617 0.808001 1.35468 3.10609
104 -1.16863 0.767079 1.41977 3.21718
105 -1.22653 0.759596 1.42578 3.11938
107 -1.20629 0.721857 1.4367 3.35148
106 -0.998907 0.587883 1.15344 2.79319
151 -0.36437 1.20888 1.1194 1.76039
150 -0.423661 1.65545 1.52508 2.21675
146 -0.539234 2.19204 1.513 2.0945
145 -0.574255 2.05959 1.12417 1.83171
144 -0.910949 2.16128 1.20017 1.94138
170 -0.51658 0.543559 2.95839 1.32525
169 -0.453369 0.490617 2.76888 1.23141
277 -0.661571 2.11265 1.78387 0.989908
282 -1.62281 1.4594 2.09551 0.42503
284 -2.00137 1.01721 1.92128 0.278766
283 -1.58535 1.23161 1.87224 0.685124
143 -1.26539 1.88032 0.798911 1.66838
142 -1.37252 1.60349 0.748274 1.47065
129 -3.45527 1.66266 1.24531 0.81101
128 -3.15536 1.72326 1.2635 0.550242
130 -3.00549 1.34466 0.981833 0.683232
131 -3.45318 1.39948 1.0687 1.03546
62 -2.47248 -0.229018 2.04382 1.13664
61 -2.06607 -0.302291 1.80741 1.14237
60 -2.27874 -0.157832 1.8942 1.074
59 -1.95372 0.164677 1.80969 0.598241
57 -1.91481 0.745278 1.99552 0.245327
58 -1.72778 0.366583 1.6977 0.461391
56 -1.76846 0.980053 2.16865 0.0980468
15 -1.82675 0.30369 1.63938 0.928945
181 -0.998268 2.38171 1.26012 1.2031
79 -1.55369 -0.0107684 1.17822 1.52673
139 -2.16996 1.69475 0.421561 1.66426
65 -2.45254 -0.212918 2.22694 0.930771
63 -2.44056 -0.249104 2.16045 1.03883
64 -2.00343 -0.276656 1.89192 0.821765
10 -0.513513 1.84848 1.83886 0.776548
90 -1.65711 0.0344822 2.88634 0.478717
92 -1.52933 0.106811 2.80191 0.586595
91 -1.30344 0.145264 2.384 0.434425
89 -1.87678 0.0815858 2.82136 0.532461
87 -1.81632 0.010451 2.79107 0.556138
251 -0.677427 0.775413 3.20979 1.32154
250 -0.61693 0.642423 2.98009 1.18014
294 -1.95015 1.54393 1.73608 0.026245
293 -2.12649 1.00372 1.94309 0.194399
292 -2.09065 0.840392 1.79016 0.248459
221 -1.62814 1.61634 0.758054 1.68469
222 -1.86573 1.28892 0.982244 1.24859
223 -1.9418 1.07794 1.10955 0.944284
224 -2.33397 1.18576 1.02883 0.942434
103 -0.994244 0.669745 1.30813 2.7918
243 -1.03085 0.753732 2.76702 0.321829
245 -0.883434 0.543674 2.84703 0.590932
242 -1.43809 1.07569 2.77842 0.170148
240 -1.67804 1.17142 2.47693 -0.109678
241 -1.33312 1.10503 2.32248 -0.0512122
82 -1.60271 -0.245839 1.72464 1.41134
196 -0.289245 0.752802 1.67503 2.07784
195 -0.29507 0.892392 1.77144 2.44665
197 -0.28562 0.841851 2.15121 2.38571
244 -0.880329 0.667957 2.56332 0.553388
211 -1.41172 1.29654 1.31006 1.76571
210 -1.39641 1.27056 1.30468 1.92195
209 -0.876402 0.550586 1.96827 1.77173
208 -0.773426 0.444177 2.07962 1.64845
207 -0.7414 0.370936 2.34351 1.98505
71 -2.27496 0.0789337 1.82454 1.14279
171 -0.669852 0.601241 2.96381 1.37495
172 -0.551822 0.528341 2.57209 1.09257
36 -2.26467 0.451031 0.686394 1.61177
38 -2.37184 0.599979 0.718797 1.50949
116 -0.553375 1.43046 1.83113 0.852168
117 -0.715908 1.64705 2.11569 0.511773
118 -0.762049 1.55221 1.94777 0.389373
119 -0.881628 1.79915 2.33889 0.432828
239 -2.05015 1.35493 2.05337 -0.0678623
237 -2.06345 1.52289 1.91708 -0.071661
236 -2.03552 1.43771 1.54203 0.0945749
238 -1.79252 1.29447 1.79579 -0.142176
188 -2.06724 2.28027 0.763832 2.06933
187 -1.88044 2.07243 0.615569 1.76521
186 -1.98642 2.22116 0.645844 1.87229
43 -1.86196 1.63695 0.700418 0.607098
37 -2.11459 0.412801 0.71624 1.49186
230 -2.30142 1.00389 0.791313 0.921399
228 -2.52269 1.08502 0.819349 0.964823
227 -2.69441 1.06833 1.02798 0.863049
229 -2.06837 0.893636 0.636652 0.891192
225 -2.51122 1.05689 0.988867 0.832939
226 -2.29989 0.91503 0.914593 0.685288
220 -1.44859 1.4869 0.747123 1.81135
115 -0.536632 1.25771 1.53639 1.03868
295 -1.77366 1.52569 1.6693 0.105968
291 -2.36515 0.887846 1.94417 0.2795
290 -2.54835 0.866231 2.06873 0.175824
289 -2.41659 0.780541 1.84671 0.161084
212 -1.59255 1.72909 0.854128 2.14002
213 -1.73673 1.79977 0.751227 2.32721
214 -1.49705 1.64462 0.596116 2.13435
81 -1.82082 -0.205616 1.86061 1.62899
88 -1.51931 -0.0610591 2.35769 0.420323
231 -2.06506 1.07311 0.692826 0.685328
42 -2.0855 1.82314 0.783233 0.749249
232 -1.70384 0.852052 0.688678 0.681196
233 -1.96958 1.08348 0.936013 0.610181
234 -2.09324 1.33004 1.27233 0.340461
40 -2.03047 0.988249 0.490148 1.02448
41 -2.11845 1.39937 0.672223 0.915722
39 -2.24878 0.922008 0.661879 1.33797
174 -0.353377 0.896199 2.49707 0.967593
175 -0.369496 0.999689 2.21684 0.795005
173 -0.625035 0.654285 2.76563 1.18864
156 -0.440037 1.15077 1.4412 1.97497
157 -0.377079 0.92869 1.38264 1.68106
28 -1.49184 -0.226091 1.55469 2.05865
29 -1.67561 -0.225035 1.73875 2.34387
54 -1.63659 1.11474 2.09012 -0.00119619
94 -1.14167 0.0208945 2.24414 0.767906
193 -0.469138 0.8612 1.22202 2.01004
192 -0.664953 1.05287 1.17834 2.32185
194 -0.46229 0.985829 1.49156 2.34517
235 -1.90176 1.23799 1.23624 0.147755
191 -1.22654 1.51186 0.679611 2.33187
55 -1.50809 0.964967 1.896 0.0428808
52 -1.16159 1.40802 1.82354 -0.0124505
190 -1.47781 1.5433 0.623938 2.08878
189 -1.7074 1.90394 0.638291 2.28903
