300 4
165 1.12139 0.324206 -0.257397 -2.93679
164 1.2821 0.285932 -0.0501698 -2.78389
167 1.25888 0.428054 -0.385752 -2.9493
166 0.939439 0.305107 -0.199838 -2.82501
172 1.9445 0.262141 -0.979182 -1.39993
173 2.39847 0.162451 -1.10116 -1.53401
171 1.97961 0.423607 -0.963887 -1.78407
170 1.66477 0.611387 -0.759222 -2.18792
169 1.27416 0.523405 -0.581067 -2.1255
294 0.570438 -1.43252 0.151208 -2.83795
293 0.406461 -1.28424 -0.171735 -2.82673
292 0.285141 -1.16569 -0.184169 -2.56254
296 0.784402 -1.39173 0.362622 -2.59158
297 1.02957 -1.43113 0.597925 -2.62065
298 1.02559 -1.32861 0.654484 -2.42532
53 2.53627 0.458625 0.308611 -2.49417
51 2.50507 0.472147 0.21016 -2.66871
52 2.14848 0.469902 0.237012 -2.0777
290 0.338835 -1.02275 -0.360329 -3.02174
291 0.396439 -1.10319 -0.356431 -2.89294
288 0.436928 -1.03295 -0.218435 -3.09601
126 0.330868 -1.36685 -1.79771 -2.6303
125 0.377949 -1.21191 -1.64159 -2.46343
128 0.386734 -1.31016 -1.92958 -2.79326
127 0.330951 -1.179 -1.70726 -2.42183
123 0.513231 -1.48997 -1.66861 -2.62726
122 0.632217 -1.30254 -1.3022 -2.27745
124 0.34904 -1.22485 -1.53623 -2.39153
120 1.08772 -1.1203 -0.543164 -1.84327
119 1.69724 -1.07944 0.0530449 -1.52852
121 0.879069 -1.08727 -0.85455 -1.98398
102 1.61538 0.0679363 -1.85723 -1.94962
103 1.36873 0.134665 -1.63059 -1.83348
101 1.90444 -0.0259343 -1.70496 -1.79111
104 1.56513 0.0912929 -1.84466 -2.02554
220 1.46057 0.519293 -1.07922 -2.08175
219 1.72679 0.573939 -1.18506 -2.43269
221 1.5848 0.405839 -1.21709 -2.40415
222 1.51768 0.52081 -1.58737 -2.61645
224 1.47672 0.501237 -1.70361 -2.72718
223 1.30547 0.466134 -1.41992 -2.42316
218 1.97788 0.52874 -0.942053 -2.30243
295 0.501594 -1.23449 0.217535 -2.22935
299 1.1614 -1.46047 0.778874 -2.61449
150 3.19572 -1.29735 -0.731381 -1.00188
149 2.84786 -1.36595 -1.14467 -0.860675
148 2.40161 -1.18364 -1.16772 -0.805626
147 2.71854 -1.44209 -1.46042 -1.07776
146 2.5036 -1.36112 -1.72427 -1.11514
100 1.62328 -0.158359 -1.30123 -1.45125
99 2.02787 -0.04377 -1.57327 -1.50599
98 2.39553 -0.318127 -1.47455 -1.41676
96 2.60181 -0.432336 -1.38173 -1.1863
95 2.70777 -0.740226 -1.18906 -0.986133
93 2.67667 -0.91712 -1.10672 -0.968038
225 1.34385 0.35583 -1.77137 -3.00477
227 1.11085 0.212094 -1.82548 -2.95642
22 1.17449 -0.695546 -2.1419 -1.58454
21 1.60111 -0.903489 -2.52833 -1.81278
23 1.27939 -0.827744 -2.5048 -2.01675
160 2.02498 -0.0420501 0.123876 -1.63897
161 1.91802 0.0624031 0.121359 -1.89264
159 2.2399 -0.172717 0.135327 -1.68036
263 1.60372 -2.12206 -1.14064 -1.17827
261 1.73056 -2.18302 -0.741715 -1.11297
262 1.40468 -1.8734 -0.814621 -1.01396
260 1.94523 -2.41374 -0.382276 -1.30335
258 2.14146 -2.25767 -0.108775 -1.22927
259 1.72612 -2.07798 -0.183241 -1.11158
257 2.33881 -2.30978 0.0272792 -1.30306
60 1.48032 0.246401 -0.0231168 -2.08726
59 1.8164 0.324381 0.0246532 -2.08696
58 1.82253 0.369444 0.111979 -1.96817
57 2.20198 0.390392 0.133036 -2.20791
56 2.49481 0.446987 0.248882 -2.48312
84 1.8936 -2.49977 -1.01535 -1.15271
85 1.7129 -2.27865 -0.896483 -0.938142
83 1.75513 -2.42469 -1.34178 -1.08455
81 1.72143 -2.48049 -1.53148 -1.30737
287 0.552633 -0.786837 -0.0796231 -3.12865
286 0.536548 -0.688028 -0.0223162 -2.89038
285 0.722473 -0.645493 0.128539 -2.82139
284 0.869771 -0.418953 0.301776 -2.46612
282 1.0217 -0.380358 0.362601 -2.44294
281 1.41553 -0.27725 0.520157 -2.23479
280 1.44006 -0.256068 0.4846 -1.92783
279 1.69681 -0.276828 0.514823 -2.10462
278 2.04003 -0.338117 0.266487 -1.80972
277 2.00461 -0.283397 0.1441 -1.68474
16 1.58421 -1.00394 -1.0828 -1.25649
15 1.68394 -0.981687 -0.567323 -1.26132
17 1.65985 -1.05839 -1.35353 -1.31629
14 2.0618 -0.998365 0.358393 -1.80459
283 0.869115 -0.390372 0.263107 -2.07095
97 2.33595 -0.31125 -1.36798 -1.13904
62 1.35186 0.19319 -0.109521 -2.11469
168 1.38821 0.536623 -0.574962 -2.60357
74 0.928333 -1.73109 -2.0033 -1.91197
73 0.663292 -1.29221 -1.8128 -1.89289
75 1.00416 -1.96165 -2.04365 -1.74504
77 1.17817 -1.99425 -1.89816 -1.52143
76 0.882369 -1.60191 -1.6212 -1.3129
72 0.913348 -1.43216 -1.92442 -2.02339
68 0.971305 -0.738814 -1.14105 -2.10543
67 1.00705 -0.563596 -0.812952 -2.03656
69 0.95348 -1.08951 -1.58223 -2.08952
71 0.824214 -1.31285 -1.87744 -1.98454
25 1.1067 -0.633796 -2.3204 -1.98742
26 1.23738 -0.602374 -2.55214 -2.17853
24 1.33784 -0.711693 -2.76707 -2.35976
175 2.55315 -0.200544 -1.10987 -1.04157
176 2.79564 -0.158424 -1.18391 -1.23556
177 2.91813 -0.0325164 -1.23523 -1.36398
178 2.73153 -0.0658866 -1.27119 -1.35271
179 2.91428 0.0831497 -1.23281 -1.55213
132 0.599354 -0.188147 -0.999741 -2.69714
134 0.56917 -0.0995066 -0.810739 -2.63677
133 0.561174 -0.0294445 -0.782124 -2.36616
78 1.52338 -2.15248 -1.7448 -1.40052
79 1.48143 -2.10222 -1.51331 -1.15613
80 1.73404 -2.58174 -1.67617 -1.40518
198 0.748948 -1.37433 0.353122 -2.28125
199 0.575541 -1.20342 0.142892 -2.12697
200 0.547652 -1.61703 -0.02486 -2.23467
201 0.580065 -2.09866 -0.572359 -2.20506
203 0.629106 -2.2899 -0.79667 -2.2528
204 0.783465 -2.53174 -0.966221 -2.22593
137 0.724847 0.00205459 -1.01012 -2.71075
136 0.513599 0.071567 -0.831935 -2.35155
135 0.71912 0.0549307 -0.936343 -2.70823
151 3.16594 -1.2041 -0.497518 -0.964257
152 3.36149 -1.15595 -0.378362 -1.16478
153 3.40565 -0.932568 -0.115842 -1.3727
155 3.42326 -0.853836 -0.0131147 -1.3793
237 0.27117 -1.30507 -0.771108 -3.58503
239 0.223595 -1.45506 -0.635098 -3.37318
238 0.183906 -1.19105 -0.645656 -3.13305
240 0.397084 -1.87331 -0.447104 -2.79081
241 0.638067 -1.77348 -0.281684 -2.23834
242 0.825381 -2.28447 -0.325648 -2.58042
243 0.945947 -2.47032 -0.100616 -2.51861
245 1.04299 -2.42648 0.0551454 -2.46346
28 1.10811 -0.394204 -2.00041 -1.85898
27 1.13725 -0.439205 -2.25615 -2.09222
264 1.60553 -1.93929 -1.50771 -1.23937
226 1.08881 0.331341 -1.75156 -2.67083
272 2.20413 -0.166573 -1.16984 -1.24498
271 2.05098 -0.205376 -1.12128 -1.11893
270 2.23186 -0.354343 -1.32147 -1.20672
269 1.97353 -0.613712 -1.5226 -1.16915
267 1.84613 -0.852622 -1.62892 -1.08217
268 1.81143 -0.526368 -1.61055 -1.02681
86 1.91968 -2.31511 -0.826082 -1.12091
162 1.46421 0.237764 0.00826823 -2.58375
163 1.07607 0.201747 -0.0899062 -2.35335
236 0.325621 -1.01064 -0.824293 -3.31563
234 0.26941 -0.931644 -1.00262 -3.14738
233 0.343071 -0.743372 -1.13494 -2.87313
235 0.216078 -0.927256 -0.806208 -2.99969
180 2.8431 0.351197 -1.12559 -1.74933
182 2.8652 0.445859 -1.12197 -1.9379
183 2.6486 0.700642 -1.00534 -2.1608
184 2.02368 0.740501 -0.613748 -2.03466
185 2.51746 0.757825 -0.775823 -2.37726
107 1.37301 -0.425866 -1.363 -1.38392
108 1.75168 -0.760889 -1.23597 -1.10651
110 1.73269 -0.850878 -1.13804 -0.971074
111 1.85211 -0.928427 -0.832737 -0.94397
113 2.23239 -1.16221 -0.095795 -1.04676
112 1.81767 -1.07043 -0.406669 -1.00443
138 0.857736 -0.111433 -1.19208 -2.41421
139 0.808043 -0.205351 -1.06517 -1.92494
140 0.8976 -0.359757 -1.37456 -1.84331
141 1.4885 -0.926234 -1.74198 -1.4132
142 1.43503 -1.03754 -1.66944 -1.16993
188 2.18413 0.233969 0.289063 -2.27214
187 2.04167 0.3249 -0.0992291 -2.15099
189 2.39556 -0.297551 0.723338 -2.31804
190 2.04443 -0.184847 0.601903 -1.9491
191 2.44105 -0.403112 0.826101 -2.37191
92 2.70865 -1.2309 -0.882763 -0.904478
94 2.3668 -0.669033 -0.943282 -0.783892
82 1.4833 -2.098 -1.16998 -1.08193
105 1.37927 -0.140529 -1.61038 -1.81766
106 1.16178 -0.258698 -1.26058 -1.51972
256 1.9823 -1.73322 0.184876 -1.1481
255 2.45131 -2.19932 0.154396 -1.38197
10 2.09172 -1.04489 0.950589 -2.23365
11 2.39109 -1.2805 0.946896 -2.4335
9 2.24291 -1.34512 1.12069 -2.55916
8 1.91106 -1.43033 1.07478 -2.66366
244 0.876432 -2.20681 -0.0579308 -2.15868
266 1.60317 -1.47806 -1.61932 -1.20227
265 1.37856 -1.55602 -1.48882 -1.02535
247 1.03923 -1.87909 0.312493 -1.90683
246 1.184 -2.25445 0.169907 -2.28244
116 2.72248 -1.28006 0.41507 -1.58022
114 2.46686 -1.26587 0.200747 -1.36225
115 2.40255 -1.15608 0.39882 -1.36814
109 1.51621 -0.715661 -1.23623 -0.951141
117 2.3048 -1.19117 0.292271 -1.58902
118 1.93061 -0.967406 0.181348 -1.40869
202 0.552465 -2.03346 -0.683062 -1.99361
275 2.02729 -0.197136 -0.403419 -1.41732
276 2.05598 -0.351578 -0.0401921 -1.70904
91 2.44412 -1.22178 -0.798203 -0.758774
90 2.53057 -1.4764 -0.815528 -0.9138
89 2.28331 -1.74894 -0.718278 -0.975694
88 2.05948 -1.76148 -0.701816 -0.9572
87 2.13435 -2.00631 -0.831849 -1.11563
46 0.773458 -0.325944 0.27731 -2.41664
45 0.793234 -0.427987 0.162818 -2.65709
47 1.02765 -0.0712977 0.297479 -2.6897
44 0.60558 -0.758785 0.141133 -2.70416
42 0.539133 -1.11268 0.0532216 -2.44369
43 0.394405 -0.850801 -0.00628266 -2.32133
48 1.64853 0.250308 0.262467 -2.69991
49 1.72329 0.22642 0.197109 -2.38097
50 2.05512 0.283705 0.285042 -2.66808
174 2.77008 -0.1934 -1.26687 -1.34972
131 0.463275 -0.680803 -1.25476 -2.41498
129 0.421378 -1.06854 -1.57257 -2.45436
248 1.22984 -2.18964 0.212226 -2.12966
30 1.27458 -0.527399 -1.85534 -2.11044
29 1.23878 -0.401338 -2.23596 -2.10545
0 1.22962 -1.43052 0.735296 -2.63086
2 1.19942 -1.4342 0.734172 -2.60212
1 1.07621 -1.22646 0.684307 -2.22416
192 2.48144 -0.538974 0.990794 -2.54514
193 2.05887 -0.522119 0.885827 -2.16244
194 2.18846 -0.688451 0.984164 -2.48698
13 2.01866 -0.900912 0.598763 -1.91426
12 2.25574 -1.26175 0.827688 -2.24155
195 1.43561 -0.818909 0.855045 -2.45477
228 0.838695 -0.0342402 -1.78812 -2.8952
230 0.611086 -0.298623 -1.5254 -2.83234
231 0.54545 -0.56549 -1.4274 -2.82031
232 0.433278 -0.549345 -1.18342 -2.45355
32 1.21146 -0.612841 -1.49528 -1.8221
31 1.21722 -0.477335 -1.58355 -1.87856
211 1.07385 -1.10067 -0.649541 -1.49155
212 1.14905 -1.13337 -0.706886 -1.54438
213 1.33878 -0.479689 -0.568429 -1.49852
210 0.933072 -1.52216 -0.808535 -1.56369
209 0.999434 -1.98512 -1.00822 -1.90355
207 0.909149 -2.26331 -0.973322 -1.90466
186 2.29653 0.462967 -0.295094 -2.29381
34 1.4606 -1.51002 -0.165757 -1.46791
35 1.58735 -1.91814 -0.0693784 -1.6138
33 1.5196 -1.45415 -0.337599 -1.5103
36 1.56256 -2.23592 0.0811207 -1.71687
38 1.47978 -2.32668 0.147422 -1.80407
39 1.05511 -2.27208 0.0360675 -1.90383
41 0.678425 -1.85805 0.00313044 -2.12335
208 0.91657 -1.99126 -0.968336 -1.81081
206 0.834774 -2.50415 -0.982723 -2.16261
18 1.63776 -0.930658 -1.96939 -1.45411
20 1.76645 -1.00036 -2.40966 -1.67975
61 1.24548 0.182129 -0.117199 -1.82859
63 1.29302 0.125937 -0.223715 -2.26743
64 1.06161 -0.00579759 -0.322067 -2.04055
65 1.09198 -0.179712 -0.509314 -2.12113
214 1.40851 -0.333711 -0.508508 -1.3915
253 1.97899 -1.88867 0.25487 -1.30072
252 2.10422 -2.07188 0.307296 -1.54273
251 1.69654 -2.02754 0.14365 -1.69436
249 1.65246 -2.08713 0.230121 -1.76864
250 1.38933 -1.71717 0.155684 -1.49418
254 2.34151 -2.16217 0.304883 -1.42107
197 1.24908 -0.935033 0.707729 -2.37425
145 1.95294 -1.18997 -1.69823 -1.05966
144 2.15582 -1.3015 -1.84386 -1.2263
54 2.74128 0.506549 0.238902 -2.5127
55 2.30626 0.375871 0.214617 -2.11098
196 1.26104 -0.802333 0.725767 -2.2683
19 1.5601 -0.83993 -2.06794 -1.39221
273 2.17673 -0.145084 -0.895427 -1.3241
274 1.85413 -0.211325 -0.570496 -1.2894
3 1.27867 -1.70421 0.800435 -2.82547
4 1.09971 -1.55448 0.687027 -2.53114
5 1.32146 -1.64274 0.84687 -2.85804
6 1.70107 -1.5114 0.98939 -2.66094
229 0.626076 -0.158573 -1.44888 -2.49566
37 1.26525 -1.87275 0.109632 -1.40545
205 0.766189 -2.4574 -1.00925 -2.05108
130 0.447762 -0.713934 -1.26084 -2.08147
66 1.08406 -0.491809 -0.719085 -2.18911
70 0.834312 -1.18606 -1.65295 -1.92857
154 3.15797 -0.810833 0.0126326 -1.29284
158 3.0367 -0.528846 0.125575 -1.45722
156 3.28903 -0.676901 0.0996687 -1.47482
157 2.89816 -0.560444 0.114932 -1.32358
7 1.58399 -1.33097 1.00018 -2.3855
181 2.48041 0.475245 -1.01807 -1.65716
143 1.78903 -1.195 -2.01776 -1.33235
215 1.57474 -0.0739352 -0.60791 -1.62839
216 1.90889 0.379743 -0.741487 -2.06966
217 1.90063 0.475533 -0.692972 -2.06943
40 0.889349 -1.82038 0.0375718 -1.57926
289 0.348931 -0.901024 -0.24034 -2.38669
