300 16
215 -0.257833 -0.0861514 0.0975103 0.934277 0.457245 0.44706 0.115786 0.131193 0.548079 0.115513 -0.128788 -0.305841 -2.18178 -1.60797 0.676583 0.348244
213 -0.0896026 -0.0786992 -0.278609 0.72573 0.695181 0.570719 -0.0701339 -0.0166493 0.3735 0.135909 -0.0845455 -0.256486 -2.18992 -1.64873 0.647544 0.224764
214 -0.232196 -0.108872 -0.121559 0.782839 0.481962 0.485035 -0.0279455 0.0381688 0.465815 0.143939 -0.152607 -0.230879 -2.06579 -1.56484 0.646752 0.252294
216 -0.26151 -0.129343 0.434272 1.02939 0.173095 0.343495 0.118173 0.248112 0.758444 0.0130961 -0.287695 -0.507862 -1.85926 -1.44334 0.588805 0.462908
212 0.251442 0.16162 -0.45084 0.525711 0.917876 0.882297 -0.244985 -0.187537 0.00472459 0.190723 -0.0607551 -0.214085 -2.32372 -1.84443 0.532657 -0.00909995
286 0.270599 -0.427799 1.14103 -0.733415 -0.204908 0.571695 0.212055 -0.02324 0.156882 0.813818 0.234786 -0.412367 -1.16343 -0.560094 1.50408 0.0759636
285 0.295728 -0.576251 1.32283 -0.786919 -0.116388 0.716186 0.15856 0.0356139 0.234448 0.857255 0.219505 -0.481602 -1.19281 -0.49129 1.60657 0.103112
287 0.0149804 -0.450726 0.938154 -0.807474 -0.147178 0.404596 0.241765 -0.308174 0.373765 1.00313 0.354198 -0.424746 -1.25874 -0.694768 1.89717 -0.038726
288 -0.161203 -0.0701727 0.48124 -0.780534 -0.370711 0.19311 0.340179 -0.606647 0.398344 1.02599 0.368881 -0.513317 -1.31351 -0.950654 2.12536 -0.0984575
289 -0.204278 0.0128665 0.381345 -0.676566 -0.377347 0.156452 0.272168 -0.602108 0.446254 0.956087 0.343545 -0.399296 -1.34106 -0.988978 1.99764 -0.124486
290 -0.18831 0.141141 0.360114 -0.677469 -0.540051 0.198175 0.288327 -0.584809 0.394826 1.04042 0.336913 -0.578624 -1.36328 -0.960583 2.1819 -0.115959
14 0.623234 -0.292354 -0.177083 -0.439271 -0.195568 -0.305984 -0.327622 1.23563 0.28518 0.546026 -0.244588 0.156204 -1.51965 -2.54046 0.246046 0.466212
15 0.863999 -0.490096 0.159584 -0.112668 -0.197635 -0.542093 -0.188235 1.11536 0.197384 0.381572 -0.387404 0.292699 -1.56748 -2.20745 0.147271 0.360386
12 0.455531 -0.172446 -0.324744 -0.546483 -0.122598 -0.245094 -0.343472 1.27998 0.34173 0.532193 -0.245676 0.148599 -1.51386 -2.47463 0.295121 0.465345
13 0.505672 -0.211837 -0.199598 -0.402603 -0.178457 -0.258896 -0.33872 1.06068 0.268438 0.51054 -0.204797 0.11407 -1.52914 -2.29823 0.311452 0.43159
11 0.120485 0.122076 -0.512924 -0.766689 -0.142989 0.286932 -0.236274 1.33696 0.276005 0.490141 -0.124446 0.0338981 -1.58895 -2.29161 0.409995 0.555067
121 0.755247 0.638099 0.898163 0.494998 -0.841514 0.762491 0.59368 0.353151 -0.802448 0.752027 -0.0604309 0.126478 -1.22217 -0.982343 0.441967 0.266615
120 0.658764 0.4982 0.902677 0.263995 -0.741758 0.733223 0.734254 0.442662 -0.723304 1.12746 -0.152757 -0.266335 -1.14395 -0.969728 0.299584 -0.00152778
119 0.297719 0.099014 0.85114 -0.370452 -0.365008 0.615372 0.783815 0.578442 -0.482312 1.65005 -0.292065 -0.963957 -1.32498 -1.15344 0.379585 -0.30299
122 0.786453 0.772775 0.94522 0.777813 -0.964438 0.859349 0.639148 0.378798 -0.930311 0.717485 -0.0579537 0.235301 -1.34182 -1.08362 0.354598 0.332826
117 0.211356 0.0280053 0.789312 -0.479458 -0.254287 0.519814 0.882276 0.583684 -0.3935 1.68144 -0.342163 -1.1277 -1.56837 -1.31751 0.420256 -0.345053
265 0.562163 -0.62765 1.5579 0.256579 -0.738581 0.42789 -0.0177549 0.445307 -0.928456 0.566749 0.480562 -0.0236648 -1.51301 -0.455833 0.331299 -0.0319808
264 0.459489 -0.716583 1.42154 0.435976 -0.702381 0.484744 -0.231634 0.442902 -1.00525 0.676735 0.454872 -0.0766844 -1.60833 -0.356196 0.259722 -0.1689
263 0.260301 -0.756397 0.792701 0.37617 -0.397188 0.497132 -0.666986 0.271803 -0.944355 0.643116 0.265641 -0.269746 -2.09258 -0.0757538 0.515666 -0.288485
261 0.16807 -0.724708 0.463213 0.383251 -0.250129 0.480623 -0.872155 0.19404 -0.878551 0.642104 0.089054 -0.359213 -2.49601 -0.128195 0.686061 -0.415744
262 0.149109 -0.567683 0.459206 0.317444 -0.282227 0.434813 -0.619619 0.186546 -0.775243 0.576381 0.20437 -0.27946 -1.89751 -0.12878 0.507034 -0.303397
260 0.0707576 -0.777056 0.355021 0.384777 -0.243195 0.49315 -1.0142 0.131494 -0.916875 0.749382 0.0519206 -0.392816 -2.85101 -0.0728765 0.799677 -0.546531
229 0.902869 0.90185 1.17478 0.242963 0.300997 0.730132 -0.683032 0.291826 -0.464572 0.145486 0.148731 -0.743047 -1.64043 -0.121764 1.17605 0.689947
228 1.07153 1.03747 1.2909 0.226877 0.273519 0.805859 -0.71194 0.430891 -0.701565 0.121162 0.1471 -0.817886 -1.93527 -0.22553 1.31845 0.817407
230 0.986788 1.0059 1.29569 0.204769 0.389614 0.827319 -0.86708 0.215589 -0.538111 0.138573 0.19364 -0.701059 -1.9816 -0.1339 1.43217 0.818939
231 0.827952 0.803139 1.22719 0.0268306 0.448439 0.838037 -0.99984 -0.277915 -0.0350123 0.234876 0.162539 -0.271171 -1.88244 -0.152334 1.55739 0.859077
23 1.17637 -0.0748707 0.0163763 -0.158859 0.142417 -0.37715 0.372107 0.537805 -0.200487 0.640987 -0.411585 0.210492 -1.4906 -1.09726 0.811587 0.570141
22 0.87958 -0.239463 0.183278 -0.0631396 -0.0787835 -0.262675 0.219071 0.716931 -0.152446 0.524198 -0.3506 0.246402 -1.56317 -1.29341 0.547958 0.473371
21 0.97389 -0.462444 0.202907 0.0911647 0.0376746 -0.506942 0.167109 0.963426 -0.0871756 0.435984 -0.432038 0.437757 -1.52155 -1.29989 0.321978 0.545869
4 0.298955 0.311846 0.10557 -0.514182 -0.910974 0.113957 0.564676 0.823502 0.0684336 0.597824 0.141703 -0.132275 -1.1858 -1.20396 0.426381 0.507643
5 0.145074 0.433875 -0.10485 -0.848122 -0.878312 0.457499 0.609953 1.21107 0.196537 0.509627 0.0745558 -0.202491 -1.33655 -1.4169 0.44308 0.531889
3 0.468755 0.456916 0.10877 -0.568628 -1.37431 -0.0741223 0.802749 0.88432 0.140237 0.727759 0.260866 -0.180576 -1.36882 -1.38441 0.415757 0.674515
2 0.683654 0.491873 0.44625 -0.470579 -1.66312 -0.531693 1.10309 0.492477 0.0222513 0.87454 0.380826 -0.247268 -1.34349 -1.22084 0.51294 0.727523
6 -0.0068839 0.479385 -0.211952 -0.933626 -0.668017 0.67283 0.431372 1.43555 0.183861 0.410081 -0.0100362 -0.158539 -1.44716 -1.62811 0.58199 0.529643
8 -0.14195 0.404489 -0.429487 -0.969261 -0.4417 0.816761 0.215899 1.52552 0.256222 0.347318 -0.0344351 -0.186596 -1.51539 -1.89733 0.552083 0.544784
72 0.256298 0.512072 0.492816 0.0666377 0.447025 0.39045 0.0692803 0.270613 -1.18336 1.67622 -0.793716 0.138394 -1.25543 -0.775195 1.40455 0.721653
71 0.362129 0.54392 0.566408 0.0760083 0.461115 0.509985 0.108138 0.237932 -1.0698 1.55852 -0.947969 0.163771 -1.22428 -0.855795 1.46756 0.570445
69 0.218234 0.620333 0.668295 0.00588913 0.38016 0.406567 0.146137 0.181388 -0.947174 1.49288 -1.00622 0.164207 -1.21117 -0.748424 1.40965 0.354788
74 0.127059 0.430856 0.342671 0.0821482 0.416688 0.295302 0.0920646 0.330439 -1.34796 1.67421 -0.463743 -0.00444788 -1.13833 -0.761825 1.21716 0.8758
75 -0.445072 0.272542 0.442436 -0.0289479 0.0719981 -0.0305964 0.142556 0.345106 -1.56164 1.79133 -0.105189 -0.13065 -1.5229 -0.716867 0.819373 0.784836
76 -0.498367 0.275769 0.500795 -0.115211 -0.128565 -0.0744687 0.164099 0.421636 -1.50211 1.65148 0.0508429 -0.110419 -1.602 -0.709457 0.627705 0.687716
135 0.927368 0.656836 0.867338 0.280966 -0.483058 0.468343 1.09904 -0.422192 -0.284264 -0.0841585 0.141319 0.99104 -1.80283 -0.532867 0.779156 0.29959
134 0.925802 0.724838 0.735835 0.476362 -0.452513 0.665845 1.09396 -0.5551 -0.357984 -0.0545027 0.0928566 0.927224 -1.6751 -0.722686 0.760392 0.372343
133 0.816773 0.694836 0.551029 0.510128 -0.414175 0.645763 0.873126 -0.456574 -0.349776 -0.0600841 0.103921 0.801232 -1.3996 -0.77563 0.609846 0.379811
132 0.758144 0.782548 0.488819 0.603134 -0.434169 0.813614 0.868071 -0.583381 -0.418208 -0.0962118 0.136579 0.837539 -1.6041 -1.03802 0.856362 0.496818
297 0.9237 0.998631 0.763337 -0.816073 -1.19306 -0.113355 0.546821 0.219417 0.0468821 0.634397 0.268656 -1.04102 -1.17023 -1.31773 1.46398 0.41558
299 0.983173 0.783891 0.644811 -0.725023 -1.23356 -0.222093 0.645367 0.263895 0.075072 0.547238 0.23785 -0.863623 -1.05416 -1.21557 1.11162 0.501616
298 0.990989 0.916664 0.638332 -0.753809 -1.08884 -0.164227 0.580727 0.23958 0.0386874 0.482422 0.202259 -0.972602 -1.09713 -1.19952 1.23739 0.466489
296 0.796792 0.995965 0.697594 -0.830567 -1.10933 0.0154665 0.451281 0.103592 0.101818 0.633721 0.189643 -1.10315 -1.08367 -1.33455 1.74655 0.317415
294 0.634645 0.916994 0.703979 -0.874815 -1.03241 0.130897 0.386943 0.0384746 0.109078 0.677911 0.171294 -1.09868 -0.952503 -1.19257 1.93094 0.227844
31 0.950173 0.460509 -0.575449 -0.253792 0.197222 -0.108563 0.547509 0.246641 -0.063101 0.643598 -0.444901 0.197029 -1.5302 -0.362428 1.4636 0.579414
32 1.05228 0.513784 -0.796058 -0.325548 0.136019 -0.164355 0.705928 0.279968 -0.0756893 0.618203 -0.420815 0.328271 -1.7641 -0.377659 1.65541 0.62449
30 1.21651 0.50685 -0.613904 -0.300373 0.287261 -0.238906 0.656613 0.193698 -0.0851121 0.742204 -0.509298 0.15611 -1.7104 -0.548473 1.68961 0.672378
33 0.805663 0.404871 -0.88987 -0.400977 -0.0997414 0.103979 0.900695 0.377699 -0.310846 0.612143 -0.269428 0.646137 -2.00445 -0.0796348 1.75602 0.581352
34 0.711283 0.322132 -0.931031 -0.358616 -0.104749 0.12951 0.838197 0.273498 -0.355765 0.520061 -0.154817 0.644043 -1.89989 -0.00701907 1.57716 0.462127
35 0.6435 0.335545 -0.927734 -0.321166 -0.152667 0.145872 0.849604 0.203469 -0.48353 0.571249 -0.153872 0.64723 -2.01601 -0.0474557 1.59631 0.508926
36 0.684785 0.0781541 -0.75407 -0.394493 0.00280857 0.408032 0.929923 -0.0832019 -0.779633 0.474719 0.0839207 0.518997 -2.07777 0.117094 1.12768 0.401073
37 0.685517 -0.00104545 -0.631967 -0.392767 -0.0252333 0.468761 0.889127 -0.153821 -0.908821 0.409414 0.154379 0.472867 -2.06472 0.0707446 0.881456 0.385228
38 0.806579 -0.0570622 -0.639284 -0.543087 0.0205232 0.616429 1.02454 -0.247216 -0.992321 0.411692 0.171649 0.377684 -2.25974 0.106794 0.905327 0.462193
232 0.737426 0.645329 1.02022 -0.0374199 0.406656 0.672042 -0.847985 -0.359159 0.141384 0.202898 0.134745 -0.0854378 -1.73361 -0.22548 1.41899 0.738156
136 0.91461 0.614362 0.991835 0.0855115 -0.499259 0.303061 1.18074 -0.373418 -0.222044 -0.00944309 0.214935 0.976717 -1.7052 -0.401317 0.79479 0.143013
137 0.783539 0.558209 0.955987 0.0679117 -0.570609 0.150623 1.24483 -0.274035 -0.166866 -0.095959 0.332374 1.00149 -1.86197 -0.473769 0.83375 0.147242
138 0.446678 0.538407 0.87428 0.0577013 -0.726932 -0.167844 1.36781 -0.305627 0.0225667 -0.179681 0.536856 1.0993 -2.14925 -0.350783 0.89806 0.0252059
140 0.255827 0.576731 0.593968 0.0189397 -0.749706 -0.202253 1.17842 -0.291601 0.0957138 -0.207881 0.553969 0.958462 -2.35813 -0.363507 0.762017 0.0867427
139 0.299319 0.435194 0.679259 0.0293566 -0.633744 -0.25948 1.20332 -0.23432 0.138218 -0.161141 0.525518 0.936917 -2.05238 -0.386409 0.823579 -0.049367
183 -0.00172803 0.148669 0.565466 -0.00575257 -0.218232 -0.145071 1.46181 1.13647 -0.191882 0.293981 0.0479916 -0.827771 -1.86327 -1.06299 0.393988 1.60051
182 0.0560713 0.141328 0.588149 0.156574 -0.0898116 -0.481767 1.43257 0.932491 -0.0503678 0.0989001 0.0347294 -0.871627 -1.75814 -1.05726 0.431265 1.45706
180 0.154964 0.0805439 0.590881 0.239171 -0.0738072 -0.874682 1.2972 0.786632 0.0392183 -0.189866 0.148433 -0.899229 -1.78636 -1.11483 0.695452 1.38981
179 0.313069 -0.0748443 0.505729 0.430475 -0.0595555 -1.14463 0.844288 0.429769 0.0846299 -0.406156 0.187605 -0.702017 -1.93448 -1.0918 1.10064 1.08122
181 0.10785 0.119495 0.567716 0.235194 -0.149643 -0.632404 1.1932 0.745233 0.0370722 0.00186994 0.0928275 -0.808023 -1.60358 -0.941639 0.435695 1.30895
185 -0.191478 0.141019 0.382299 -0.131521 -0.260302 0.351662 1.35525 1.17528 -0.287849 0.447266 0.0886151 -0.817798 -1.65122 -0.927724 0.149282 1.61078
186 -0.237568 0.152646 0.229198 -0.365205 -0.424707 0.711112 1.09408 1.15242 -0.374056 0.770125 0.283868 -0.746068 -1.70589 -0.769076 0.180597 1.57652
205 0.0834428 0.38693 -0.150805 0.561886 -0.595887 0.818073 -0.59034 0.490094 -0.0886635 0.380455 0.0209238 -0.504961 -1.37441 -1.21845 1.13708 -0.420932
204 -0.0438004 0.483841 -0.220136 0.659784 -0.765721 0.809969 -0.730266 0.572142 -0.0108442 0.420184 0.0879849 -0.452224 -1.51773 -1.25194 1.29181 -0.531424
203 -0.255071 0.713538 0.0254441 0.573171 -1.16535 0.549859 -0.766042 0.922623 0.0464572 0.693319 0.384904 -0.340486 -1.66651 -1.04156 1.34092 -0.408418
206 0.135777 0.438972 -0.338482 0.730366 -0.296518 0.983931 -0.618321 0.331124 -0.0850801 0.424077 0.0247422 -0.519977 -1.53703 -1.48194 1.06194 -0.565277
207 0.342787 0.29949 -0.448244 0.6817 0.357105 0.987133 -0.423439 0.0191622 -0.18987 0.248868 -0.107738 -0.363671 -1.79644 -1.67102 0.733849 -0.478454
209 0.361275 0.332419 -0.421286 0.553445 0.615122 0.933918 -0.356774 -0.0703216 -0.20091 0.269474 -0.148594 -0.366078 -1.96939 -1.77744 0.587752 -0.317069
184 -0.0936222 0.14541 0.491692 -0.0475371 -0.214816 0.166896 1.29354 1.07971 -0.220853 0.319883 -0.038524 -0.697714 -1.64379 -0.922302 0.152157 1.41597
130 0.255783 0.829586 0.126087 0.842565 -0.546472 0.873209 0.481619 -0.471715 -0.505376 -0.106703 0.172236 0.672652 -1.31829 -1.37646 0.728461 0.631022
129 0.319429 0.91704 0.277576 0.942947 -0.756362 0.974665 0.514077 -0.482688 -0.637718 -0.0373033 0.168159 0.72699 -1.58461 -1.64558 0.887395 0.790062
131 0.471082 0.889535 0.290527 0.941357 -0.725116 0.969769 0.651049 -0.48193 -0.651807 -0.0623168 0.238146 0.811845 -1.51665 -1.4458 0.759848 0.63027
93 1.02227 -0.743027 0.265555 0.293667 -1.68582 0.66177 0.263282 0.868043 -0.317868 0.490836 -0.216506 -0.318842 -0.886493 -1.12292 1.79586 0.571932
94 0.993194 -0.656064 0.175013 0.298536 -1.59002 0.638774 0.269333 0.751996 -0.208468 0.464903 -0.311012 -0.332927 -0.78845 -1.05749 1.57217 0.504415
92 0.864514 -0.816064 0.21253 0.299115 -1.58789 0.739313 0.136201 0.980623 -0.494391 0.516776 -0.17798 -0.189927 -0.828386 -1.13912 1.93108 0.605462
91 0.621988 -0.695072 0.205598 0.292172 -1.34701 0.594791 0.0341005 0.947164 -0.550973 0.445738 -0.134229 -0.152267 -0.696134 -0.938637 1.7325 0.624401
90 0.460866 -0.836594 0.208772 0.307355 -1.38304 0.619477 0.104066 0.986556 -0.665069 0.502675 -0.0517178 -0.0472707 -0.848432 -0.871031 1.92483 0.708675
244 0.671709 -0.403468 0.504614 -1.15965 -0.822789 0.547491 -0.0117421 0.725977 -0.808699 0.58863 -0.0424371 0.604786 -0.900394 -1.52476 0.162672 0.0372422
245 0.653136 -0.687448 0.596805 -1.16632 -0.899798 0.508211 -0.0122169 0.761337 -0.991311 0.78671 0.000682428 0.749449 -1.12201 -1.73863 0.146163 0.148137
246 0.505159 -0.93296 0.468037 -0.825647 -0.857095 0.531508 -0.237844 0.579705 -1.03714 1.17249 0.0841665 0.887551 -1.34211 -1.83717 0.140295 0.206879
243 0.815712 -0.506171 0.561239 -1.42345 -1.01012 0.651358 0.0587365 0.894162 -0.964866 0.647549 -0.0534006 0.670223 -1.09535 -1.81323 0.367467 0.0421894
39 1.1705 -0.165195 -0.538157 -0.593493 -0.0796826 0.747534 1.12256 -0.299366 -1.07854 0.46341 0.0938927 0.0173636 -2.27385 0.147805 0.635125 0.501247
41 1.32987 -0.0877308 -0.24284 -0.655856 -0.197488 0.760821 1.01901 -0.0915591 -0.895561 0.455681 0.0862703 -0.0837703 -2.28168 0.159333 0.504137 0.548518
40 1.03202 -0.142829 -0.35295 -0.522175 -0.0367181 0.643113 0.941622 -0.228834 -0.904357 0.371914 0.0890854 -0.0621287 -2.01009 0.104591 0.550167 0.473757
196 -0.530676 0.984946 0.934426 -0.427366 -0.264695 -0.0298826 -0.056644 0.685234 0.0142658 0.942837 1.10974 0.220447 -1.89615 -0.64272 0.343829 0.273321
195 -0.467907 1.04391 1.01747 -0.601072 -0.320882 0.111015 -0.0288754 0.709206 -0.0884436 1.09844 1.16901 0.30824 -1.99956 -0.555648 0.320614 0.376433
197 -0.547319 1.03173 0.949413 -0.457231 -0.376541 0.02071 -0.102971 0.822638 0.0406152 1.03885 1.15537 0.239731 -2.03204 -0.588449 0.409055 0.224192
198 -0.504497 0.943504 0.657342 -0.132364 -0.705162 0.055002 -0.33696 0.899406 0.145228 0.966626 0.954689 0.0659434 -1.71744 -0.630265 0.629002 -0.0482924
200 -0.496316 0.841284 0.395048 0.156086 -0.990293 0.154707 -0.538263 0.977843 0.122574 0.897204 0.732678 -0.0380191 -1.57407 -0.702353 0.866988 -0.153164
199 -0.465461 0.856313 0.55353 -0.0186602 -0.695433 0.0542302 -0.371145 0.847139 0.110422 0.863289 0.851037 0.0652283 -1.52238 -0.602355 0.60577 0.0118438
24 1.41359 0.119102 -0.126212 -0.258358 0.342618 -0.473133 0.586254 0.195283 -0.246915 0.769343 -0.501054 0.128999 -1.5014 -1.01322 1.23371 0.629705
26 1.44904 0.281228 -0.134411 -0.319959 0.425554 -0.438415 0.622565 0.109523 -0.235449 0.808715 -0.47887 0.059686 -1.61412 -0.940498 1.42605 0.629264
25 1.23214 0.127306 -0.118045 -0.245637 0.334115 -0.379914 0.49761 0.0965667 -0.248552 0.765185 -0.438281 0.0524364 -1.4254 -0.935386 1.20268 0.568535
275 0.20083 -0.645153 1.01431 -0.0987896 -1.23908 0.972327 0.670858 0.0912353 -0.241204 0.781229 -0.791217 -0.15744 -2.075 0.255509 0.560178 -0.0677051
274 0.237969 -0.564764 0.793588 0.0438204 -1.04557 0.740835 0.575556 0.165747 -0.311985 0.744092 -0.608479 -0.0415169 -1.7133 0.203068 0.438921 -0.0975427
273 0.215196 -0.713 0.941039 0.142318 -1.23278 0.605356 0.752756 0.176076 -0.270908 0.858675 -0.598914 0.0861646 -1.87631 0.181794 0.29805 -0.105363
276 0.135112 -0.547673 1.23526 -0.502373 -1.07433 1.2486 0.518744 0.126289 -0.186639 0.66789 -0.874117 -0.381538 -2.1292 0.343637 0.854183 -0.0643351
278 0.318333 -0.634956 1.49406 -0.737421 -0.851093 1.38678 0.357154 0.213026 -0.122051 0.473687 -0.68663 -0.481779 -2.06586 0.152458 1.02405 -0.0112838
175 0.252597 -0.270423 0.244423 0.149611 0.0116283 -1.01569 0.111571 0.0934248 -0.268764 -0.600634 0.204951 -0.501269 -1.55008 -1.28827 1.32993 0.461932
174 0.338061 -0.404075 0.314682 0.134059 -0.137006 -1.04021 -0.0109566 0.0688545 -0.447559 -0.72776 0.355294 -0.588963 -1.76173 -1.57408 1.62589 0.3766
173 0.401356 -0.351119 0.30528 -0.168133 -0.183748 -0.853468 -0.16779 -0.176996 -0.801613 -0.77238 0.522745 -0.501716 -1.7058 -1.81438 1.57141 0.167906
176 0.31077 -0.30958 0.319998 0.18825 -0.0340742 -1.12222 0.233571 0.0875635 -0.241916 -0.632907 0.325936 -0.568147 -1.72495 -1.38301 1.4842 0.58991
78 -0.677789 0.318727 0.714249 -0.123316 -0.489175 -0.223838 0.078034 0.490238 -1.83676 1.9405 0.0292188 -0.211771 -1.79076 -0.634904 0.543751 0.6556
80 -0.641571 0.303138 0.777769 -0.193897 -0.641307 -0.129432 0.0596004 0.520008 -1.81608 1.90517 -0.0294999 -0.100524 -1.84738 -0.616018 0.50683 0.676294
79 -0.52851 0.320993 0.654699 -0.15082 -0.495706 -0.161669 0.122145 0.4904 -1.5861 1.73115 0.0110132 -0.142093 -1.57371 -0.519382 0.500439 0.601699
77 -0.592813 0.316924 0.6038 -0.108517 -0.188658 -0.155115 0.180346 0.498547 -1.662 1.92252 -0.0305434 -0.15436 -1.71448 -0.719262 0.691944 0.78161
210 0.350578 0.239454 -0.499244 0.48614 0.846892 0.88678 -0.238708 -0.187345 -0.14272 0.207096 -0.0247424 -0.219193 -2.29342 -1.94976 0.606184 -0.171962
211 0.215817 0.167348 -0.39966 0.510756 0.861145 0.794 -0.235662 -0.220059 -0.0204537 0.142384 -0.025322 -0.173584 -2.16502 -1.64443 0.475508 -0.0464089
27 1.53973 0.366486 -0.259889 -0.339949 0.536766 -0.547185 0.611013 0.00660375 -0.166249 0.871116 -0.650675 -0.0118906 -1.79659 -1.05414 1.6088 0.743957
28 1.33437 0.399525 -0.271202 -0.288873 0.48806 -0.405015 0.556074 0.125252 -0.125023 0.711267 -0.527805 -0.0176942 -1.50371 -0.844585 1.42228 0.671207
65 -0.0721451 0.679261 1.63775 -0.363284 0.0713294 0.272062 0.522003 0.285892 -0.691233 1.15339 -1.20832 0.614291 -1.63827 -1.00278 1.35727 -0.604768
64 -0.160069 0.652054 1.44708 -0.351257 0.218671 0.237317 0.422629 0.256382 -0.50987 0.889884 -1.1119 0.62702 -1.53138 -0.914825 1.28898 -0.593789
63 -0.283387 0.590777 1.49647 -0.30005 0.171888 0.284974 0.372073 0.370356 -0.518057 0.742631 -1.021 0.79223 -1.50172 -1.00442 1.28765 -0.633348
62 -0.456537 0.379188 1.3939 -0.186857 0.0191287 0.414563 0.154239 0.617266 -0.396599 0.31353 -0.612842 1.09404 -1.64708 -1.12459 1.27362 -0.685986
48 1.84507 0.491434 0.582629 -0.322749 -0.790853 0.648609 -0.329792 0.804636 -0.406782 1.01941 -0.651623 -0.109597 -1.79265 -0.587596 0.0750126 0.0544714
50 1.76191 0.398295 0.51667 -0.238242 -0.842135 0.848687 -0.594985 0.704353 -0.504793 1.07741 -0.723365 -0.199698 -1.48147 -0.753474 0.0855118 -0.0802605
49 1.67722 0.406442 0.563451 -0.31211 -0.823836 0.549801 -0.301775 0.655037 -0.443912 1.00532 -0.50412 -0.208527 -1.46642 -0.522257 0.0716305 0.0911698
51 1.30887 0.341093 0.550789 -0.151646 -0.890049 1.22447 -0.767003 0.396251 -0.58825 0.851814 -0.787275 0.115712 -1.27955 -1.0809 0.215204 -0.187499
53 0.881323 0.260201 0.647164 -0.0938107 -0.786038 1.35694 -0.844806 0.364101 -0.553446 0.671334 -0.805954 0.298019 -1.18803 -1.25495 0.368537 -0.2215
295 0.650378 0.938838 0.661034 -0.777293 -1.01439 0.00731894 0.328725 0.141788 0.0760424 0.50596 0.132571 -0.994804 -0.827347 -1.12217 1.53363 0.268406
85 -0.40043 -0.245015 0.390381 -0.109359 -1.06982 0.666442 -0.162385 0.773534 -1.42301 0.994967 -0.103878 0.179113 -1.21798 -0.184881 1.19182 0.78823
86 -0.37596 -0.388412 0.346117 -0.0450774 -1.16174 0.654541 -0.167538 0.947404 -1.41519 1.00395 -0.0852768 0.224199 -1.16531 -0.242219 1.54432 0.902289
84 -0.516203 -0.269977 0.433258 -0.156776 -1.14506 0.601546 -0.169645 0.769219 -1.50591 1.14691 -0.154908 0.137437 -1.37945 -0.248257 1.2296 0.805668
83 -0.551036 0.0820753 0.532908 -0.216255 -1.04158 0.347836 -0.147873 0.644552 -1.6795 1.5025 -0.129118 0.0561802 -1.55228 -0.274213 0.867405 0.817333
82 -0.53827 0.200301 0.529653 -0.168507 -0.751885 0.0783967 -0.044662 0.477985 -1.49802 1.37635 -0.168593 -0.0304281 -1.36357 -0.300089 0.644994 0.675147
81 -0.68536 0.301445 0.634213 -0.221066 -0.780363 0.0568611 -0.017344 0.567709 -1.71776 1.68693 -0.136015 -0.0879428 -1.66639 -0.384075 0.605751 0.7143
1 0.818485 0.407813 0.503534 -0.305971 -1.60749 -0.607605 1.00963 0.372036 0.00579024 0.882278 0.333153 -0.177679 -1.31898 -1.03116 0.408684 0.712119
0 0.80781 0.521918 0.453667 -0.37439 -1.64252 -0.578295 0.991523 0.352372 -0.00128269 0.84784 0.380448 -0.331664 -1.32959 -1.2291 0.594256 0.69728
253 0.150172 -0.823896 0.135735 -0.0649453 -0.238605 0.367239 -0.496388 0.0741279 -0.759649 0.979844 0.193998 0.239806 -1.65427 -0.819557 0.238391 -0.14493
252 0.149326 -0.987633 0.189405 -0.0729107 -0.277686 0.33331 -0.50622 0.0781183 -0.836572 1.21285 0.332165 0.43949 -1.67682 -1.09806 0.126478 -0.0168834
251 0.206605 -1.20358 0.360165 -0.251506 -0.341733 0.390511 -0.388011 0.128986 -0.911199 1.48491 0.437426 0.718169 -1.68562 -1.51183 0.0149489 0.0447482
249 0.189904 -1.17557 0.360632 -0.329269 -0.466499 0.424459 -0.416277 0.257684 -1.08341 1.61103 0.354595 0.891258 -1.68521 -1.71381 0.00366371 0.211056
248 0.310604 -1.04541 0.464232 -0.615441 -0.626091 0.477289 -0.232853 0.412462 -1.0527 1.39197 0.219154 0.88131 -1.46016 -1.81816 0.0263682 0.219882
67 0.124169 0.762154 1.3155 -0.288111 0.0811623 0.239693 0.445464 0.11967 -0.670518 1.14929 -1.14149 0.350057 -1.35335 -0.62661 1.19963 -0.305532
66 0.0778474 0.833613 1.42728 -0.31675 0.120917 0.352664 0.44171 0.111149 -0.659477 1.32254 -1.28899 0.413733 -1.59365 -0.821625 1.31595 -0.313137
68 0.160422 0.782326 1.27028 -0.208771 0.13605 0.273089 0.376138 0.0937627 -0.791583 1.3474 -1.14823 0.34038 -1.35624 -0.631895 1.27888 -0.144992
116 0.224284 -0.00931221 0.66373 -0.519717 -0.236457 0.384441 0.919435 0.470714 -0.348012 1.82347 -0.339737 -1.29785 -1.6915 -1.37286 0.359037 -0.540555
114 0.256753 -0.168473 0.312162 -0.620761 -0.217756 0.0895149 0.659016 0.171347 -0.248892 1.64967 -0.0111268 -1.2659 -1.69385 -1.3505 0.201664 -0.715369
113 0.251076 -0.195671 -0.0572239 -0.716711 -0.335492 -0.134662 0.516899 -0.054447 -0.185292 1.60943 0.356937 -1.24472 -1.90504 -1.30734 0.0873343 -0.732376
111 0.459881 -0.254691 -0.293164 -0.809302 -0.47925 -0.35524 0.2438 -0.106937 -0.242559 1.5788 0.672887 -1.11647 -2.02187 -1.24639 0.1739 -0.772737
110 0.648401 -0.203327 -0.372817 -0.872736 -0.588603 -0.438187 -0.00661734 -0.18369 -0.213898 1.35614 0.988873 -0.884573 -2.15927 -1.18125 0.153542 -0.592325
109 0.72051 -0.193389 -0.42704 -0.804928 -0.658041 -0.406744 -0.13365 -0.159566 -0.287552 1.184 0.990808 -0.625059 -1.91705 -1.08014 0.138739 -0.51292
112 0.322936 -0.212665 -0.0696143 -0.691801 -0.370166 -0.208639 0.346044 -0.0315754 -0.1556 1.35499 0.413749 -0.997538 -1.67656 -1.14172 0.0401796 -0.619602
202 -0.284294 0.547443 0.0346682 0.487222 -1.16262 0.389052 -0.701028 0.906399 0.0639411 0.611454 0.30103 -0.251971 -1.53024 -0.819929 1.27998 -0.334226
201 -0.35558 0.697979 0.140016 0.447206 -1.18417 0.409854 -0.662257 1.00761 0.0864846 0.729534 0.427318 -0.242228 -1.61972 -0.929123 1.3003 -0.297485
54 0.424916 0.253024 0.77729 -0.106348 -0.833062 1.40363 -0.820238 0.29859 -0.390028 0.452954 -0.819009 0.751322 -1.28351 -1.45474 0.568479 -0.424307
56 0.125512 0.132739 0.805482 -0.116685 -0.791721 1.31054 -0.743425 0.388002 -0.283405 0.294544 -0.762841 0.874604 -1.36779 -1.41172 0.704968 -0.457326
57 -0.275501 0.123785 1.04032 -0.103816 -0.486067 0.890806 -0.467633 0.53957 -0.212589 0.116232 -0.493611 1.15682 -1.51122 -1.36397 0.913362 -0.543104
59 -0.511469 0.0861805 1.15098 -0.0651539 -0.363769 0.807054 -0.359065 0.572686 -0.273061 0.0980708 -0.472457 1.30453 -1.66147 -1.35711 1.07864 -0.580591
58 -0.425139 0.056317 0.973301 -0.0631071 -0.363466 0.711467 -0.344787 0.449341 -0.15979 0.0683614 -0.329956 1.09989 -1.51114 -1.21615 0.922524 -0.464763
233 0.832321 0.646057 1.08075 -0.246548 0.414452 0.750533 -0.943924 -0.497536 0.229639 0.257972 0.202485 0.080261 -1.91315 -0.24964 1.60926 0.790082
234 0.853676 0.439273 0.964498 -0.632087 0.246808 0.681197 -0.996316 -0.547484 0.337628 0.274287 0.072749 0.341542 -1.94795 -0.569485 1.50363 0.710294
235 0.769731 0.287624 0.824508 -0.650973 0.221922 0.612722 -0.931397 -0.585499 0.471089 0.323001 0.0273151 0.46247 -1.65067 -0.485274 1.3797 0.635957
236 0.965888 0.256388 0.777446 -0.870509 0.0469965 0.653994 -0.889579 -0.401223 0.331109 0.338391 0.0931187 0.570036 -1.56687 -0.714361 1.26283 0.51662
237 1.09693 0.151019 0.711027 -1.28083 -0.106199 0.666222 -0.842087 -0.108538 0.0949715 0.179174 0.155521 0.687725 -1.21093 -0.934935 0.936211 0.239465
239 1.21442 0.0300549 0.551342 -1.52043 -0.450183 0.665798 -0.520295 0.305504 -0.261565 0.156496 0.153465 0.653941 -1.14968 -1.16365 0.805611 0.0361143
146 -0.226688 0.505979 -0.250559 0.0208636 -0.892527 -0.182292 -0.0504604 -0.407339 -0.285797 -0.222236 0.365826 0.320575 -2.95164 -0.239551 0.180753 0.734273
145 -0.297638 0.606343 -0.0787151 -0.0511795 -0.701218 -0.173302 0.0218625 -0.314808 -0.0354973 -0.286339 0.378666 0.388973 -2.70496 -0.274816 0.178103 0.544137
144 -0.304781 0.703086 -0.14873 -0.0740077 -0.848745 -0.153419 0.0827903 -0.34194 0.0102486 -0.159761 0.413178 0.488818 -3.3128 -0.39444 0.295652 0.605866
147 -0.0643732 0.111788 -0.26181 0.102155 -0.832149 -0.176374 -0.184997 -0.454561 -0.738871 -0.122772 0.163159 -0.00886613 -2.51992 -0.191473 0.147925 1.0017
149 0.0986906 -0.0752735 -0.0887059 0.100388 -0.792475 -0.23337 -0.147913 -0.511641 -0.996898 -0.0239187 0.0870443 -0.0974363 -2.14746 -0.201182 0.255433 1.11324
150 0.256885 -0.275752 0.153607 0.0475861 -0.692345 -0.298782 -0.171474 -0.588778 -1.24568 0.104269 -0.0676242 -0.359156 -1.9268 -0.142089 0.387602 1.2525
60 -0.543454 0.211687 1.30653 -0.13633 -0.100685 0.537662 -0.144326 0.699829 -0.297726 0.100271 -0.410563 1.31249 -1.72695 -1.26955 1.2357 -0.664973
99 1.40243 -0.358382 0.829697 -0.236206 -1.86983 0.844285 0.277569 0.296471 -0.38229 0.894783 0.308312 -0.306787 -1.13877 -0.687236 1.02067 0.52891
98 1.43998 -0.518735 0.577177 -0.0927082 -1.94864 0.869814 0.386821 0.444283 -0.236113 0.79179 -0.0459686 -0.438951 -1.11971 -0.850215 1.25589 0.60567
101 1.38023 -0.175059 0.92091 -0.463582 -1.74183 0.73673 0.21024 0.0801043 -0.508746 0.94469 0.675763 -0.294663 -1.1747 -0.637199 0.866332 0.389741
102 1.27715 -0.0905914 0.875294 -0.626245 -1.39356 0.529948 0.0636564 0.135598 -0.688079 0.922899 1.13808 -0.188856 -1.43306 -0.577844 0.55735 0.201259
103 1.12532 0.0112919 0.756818 -0.699986 -1.20201 0.438828 0.0571405 0.0780992 -0.603114 0.797926 1.07649 -0.169328 -1.18697 -0.563781 0.370838 0.168212
104 1.37283 -0.048323 0.689428 -0.738527 -1.38054 0.396315 -0.073711 0.0321156 -0.696969 0.918186 1.35498 -0.20613 -1.49246 -0.555768 0.452746 0.0767258
277 0.265381 -0.530091 1.21199 -0.63772 -0.751411 1.14415 0.406787 0.160556 -0.0937227 0.502186 -0.59367 -0.420149 -1.80323 0.162399 0.805884 0.0793843
279 0.453903 -0.65926 1.70431 -0.852908 -0.50512 1.29172 0.243451 0.400426 -0.0982052 0.495324 -0.460781 -0.50216 -1.83892 -0.0714958 1.06326 0.153011
281 0.502799 -0.695543 1.70494 -0.857062 -0.388659 1.19409 0.180339 0.450602 -0.161748 0.628461 -0.172491 -0.463602 -1.65842 -0.258557 1.20283 0.142414
280 0.468121 -0.727321 1.64111 -0.821943 -0.390757 1.23242 0.120976 0.442652 -0.214896 0.474113 -0.231939 -0.473745 -1.48336 -0.0821446 1.01096 0.111893
282 0.580919 -0.843667 1.93199 -0.875914 -0.0617434 1.02752 0.125764 0.511792 -0.02946 0.641651 0.0658047 -0.483119 -1.46799 -0.541894 1.38925 0.402554
283 0.498771 -0.719744 1.69262 -0.77235 -0.0673256 0.872227 0.113938 0.472802 0.0591694 0.642963 0.116001 -0.444722 -1.23856 -0.527212 1.26536 0.297341
254 0.113526 -0.917102 0.0398976 0.00188422 -0.202539 0.358591 -0.64065 -0.00562887 -0.77722 0.984932 0.123597 0.0890699 -2.09591 -0.742209 0.362885 -0.23143
255 -0.0294349 -0.926906 -0.10919 0.174832 -0.172082 0.464851 -0.820625 -0.106594 -0.78412 0.773774 -0.0316024 -0.198102 -2.56735 -0.435008 0.651283 -0.506961
257 -0.0218338 -0.901907 -0.0669515 0.250315 -0.0977009 0.41678 -0.928191 -0.0840085 -0.793777 0.706375 -0.126661 -0.276138 -2.73842 -0.297293 0.751513 -0.542957
258 -0.00883122 -0.821209 0.129449 0.330859 -0.109227 0.456588 -0.976078 -0.000313307 -0.785293 0.696098 -0.0284771 -0.400107 -2.90074 -0.221628 0.752474 -0.519114
259 0.0149789 -0.803224 0.129631 0.340511 -0.127648 0.465155 -0.936884 0.027147 -0.806297 0.723935 -0.0248183 -0.38539 -2.65511 -0.101225 0.668667 -0.586503
17 0.886298 -0.609416 0.221561 0.0545891 -0.183499 -0.59542 -0.0720151 1.17181 0.13182 0.340797 -0.418815 0.421695 -1.65303 -1.95843 0.129647 0.412053
18 0.995115 -0.713903 0.315779 0.139655 -0.102912 -0.621082 -0.00581203 1.2329 0.056911 0.348213 -0.492279 0.526178 -1.82677 -1.75135 0.0823003 0.452869
20 0.854654 -0.624771 0.302461 0.197933 -0.0683141 -0.571985 0.0474969 1.13668 -0.00280366 0.290246 -0.427149 0.451643 -1.74448 -1.58942 0.0917789 0.473724
188 -0.248372 0.279286 0.193789 -0.501983 -0.396479 0.974491 0.833783 1.07861 -0.429288 0.917846 0.385796 -0.66072 -1.76083 -0.697852 0.225979 1.53987
189 -0.315543 0.470168 0.342376 -0.604865 -0.421063 0.804255 0.763693 1.02474 -0.381297 0.968963 0.556646 -0.43986 -1.67578 -0.643577 0.0855304 1.38823
191 -0.284994 0.826984 0.564893 -0.756301 -0.413595 0.739903 0.43701 0.835661 -0.35625 1.09904 0.862714 -0.0654058 -1.84841 -0.502493 0.0845767 1.04929
192 -0.366382 1.01747 0.953319 -0.767107 -0.315837 0.446056 0.203152 0.708292 -0.27042 1.00236 1.09368 0.183908 -1.98369 -0.498734 0.0969296 0.730893
256 -0.0464368 -0.775679 -0.175656 0.183159 -0.0441154 0.380332 -0.778956 -0.133093 -0.690634 0.680885 -0.0563772 -0.170783 -2.34222 -0.329181 0.595367 -0.517964
161 0.931059 0.145666 1.47872 -0.634533 -0.0379707 -0.462055 0.156482 -0.654205 -0.738769 0.58915 -0.896718 0.465287 -1.55511 -1.29945 0.154954 1.41518
162 0.745603 0.335361 1.33985 -0.648928 -0.160349 -0.160587 0.0474091 -0.703335 -0.815763 0.448295 -0.685393 0.301206 -1.57617 -1.25068 0.0728539 1.22476
159 0.957974 -0.0804333 1.54085 -0.573247 -0.0907805 -0.417437 0.171194 -0.460415 -0.735604 0.700784 -0.900967 0.46563 -1.49872 -1.25472 0.35311 1.36651
163 0.663625 0.364262 1.09796 -0.575412 -0.202199 -0.151538 0.04272 -0.719194 -0.788837 0.403417 -0.636998 0.329419 -1.38865 -1.14304 0.048944 1.13669
217 -0.234378 -0.155136 0.507942 0.810478 0.00725054 0.264118 0.120683 0.25731 0.580332 0.028885 -0.231312 -0.388593 -1.66715 -1.33936 0.49356 0.384919
218 -0.247789 -0.147668 0.709527 1.0306 -0.0285324 0.346555 0.0261587 0.370139 0.814792 0.0169199 -0.295924 -0.572463 -1.95473 -1.48133 0.6517 0.642487
219 -0.0155612 -0.0302342 0.939981 1.08623 -0.0482166 0.424316 -0.141243 0.349782 0.721976 -0.0133946 -0.338499 -0.841009 -1.90276 -1.3907 0.646612 0.81237
221 0.167492 0.117058 1.01884 0.999242 -0.0306332 0.471962 -0.21627 0.465098 0.574905 -0.0571833 -0.346416 -0.973625 -1.71218 -1.20217 0.561612 0.943127
105 1.28308 -0.197678 0.272394 -0.857059 -1.16234 -0.00458731 -0.293321 0.0572347 -0.578129 0.851518 1.37573 -0.280671 -1.75473 -0.673367 0.211153 -0.145033
238 1.10551 0.0658314 0.594331 -1.32693 -0.275239 0.626256 -0.648743 0.0558795 -0.067747 0.206936 0.091225 0.60755 -1.07244 -1.00837 0.782388 0.148921
142 -0.267668 0.865998 0.131173 -0.0279886 -0.812731 -0.177981 0.5271 -0.241911 0.274477 -0.187585 0.467984 0.641561 -2.73064 -0.217671 0.356019 0.263159
141 -0.08931 0.798038 0.344269 0.0205024 -0.830388 -0.174575 0.717104 -0.300671 0.330532 -0.139489 0.476723 0.770998 -2.86421 -0.337832 0.619089 0.123476
143 -0.260631 0.856226 0.0658324 -0.000772777 -0.861275 -0.239228 0.408307 -0.304073 0.202129 -0.292698 0.486661 0.624023 -3.06452 -0.367981 0.427617 0.357915
171 0.453612 -0.314307 0.295611 -0.259526 -0.215801 -0.650553 -0.197437 -0.225974 -0.843206 -0.759524 0.516208 -0.404666 -1.60546 -1.73179 1.5488 0.084078
172 0.40527 -0.318894 0.256785 -0.23188 -0.198226 -0.738541 -0.128906 -0.171714 -0.747637 -0.661022 0.452946 -0.447419 -1.47964 -1.56736 1.50197 0.105832
222 0.433921 0.355117 0.932018 0.768855 0.00367559 0.520299 -0.258786 0.615511 0.225798 -0.00317938 -0.354691 -1.19705 -1.511 -0.855931 0.544107 0.968521
292 0.197726 0.539095 0.379279 -0.677155 -0.861219 0.198243 0.28017 -0.22094 0.190239 0.788883 0.148615 -0.819341 -0.927331 -1.05664 1.88375 0.00810701
291 -0.000378728 0.476201 0.44073 -0.773984 -0.811238 0.184557 0.319471 -0.415009 0.281778 0.942661 0.206224 -0.808813 -1.04688 -1.08473 2.21723 -0.0134395
293 0.194083 0.597623 0.53979 -0.695605 -0.979901 0.207616 0.268134 -0.259464 0.228471 0.904261 0.155344 -0.938099 -1.08343 -1.17373 2.20994 -0.0306388
115 0.11755 -0.0849194 0.486438 -0.459644 -0.171618 0.296783 0.777733 0.378957 -0.233405 1.55674 -0.199565 -1.2388 -1.43016 -1.24209 0.260173 -0.558977
164 0.804234 0.405226 1.22508 -0.752137 -0.305403 -0.109501 0.0195223 -0.780135 -0.819962 0.388582 -0.507505 0.295927 -1.5022 -1.22744 0.0916775 1.11554
158 0.952187 -0.180632 1.44492 -0.543045 -0.130449 -0.379673 0.212259 -0.270138 -0.678832 0.724833 -0.774102 0.458641 -1.34991 -1.11194 0.584644 1.22437
157 0.938077 -0.168398 1.2662 -0.454458 -0.145197 -0.335057 0.175471 -0.227352 -0.682112 0.653038 -0.725511 0.403155 -1.06602 -0.894276 0.621609 1.05114
284 0.529284 -0.687502 1.70605 -0.872537 -0.11849 0.952369 0.14054 0.387584 0.0839733 0.814319 0.17384 -0.517325 -1.37189 -0.587549 1.53342 0.323023
152 0.357887 -0.386493 0.318014 -0.114096 -0.613622 -0.29281 -0.134411 -0.527796 -1.34482 0.243735 -0.168597 -0.375646 -1.77585 -0.212412 0.503566 1.22957
151 0.246727 -0.418776 0.25884 -0.0592744 -0.641092 -0.248304 -0.160685 -0.537948 -1.30903 0.195954 -0.140231 -0.47917 -1.70122 -0.177285 0.499515 1.20891
7 -0.122119 0.433545 -0.305181 -0.854658 -0.458917 0.8406 0.273502 1.39372 0.199514 0.3483 -0.059388 -0.186211 -1.35023 -1.56646 0.509946 0.480177
61 -0.563048 0.280872 1.28738 -0.140096 -0.00920661 0.44902 -0.00735188 0.667306 -0.301711 0.109572 -0.451606 1.24566 -1.54995 -1.14139 1.20274 -0.659797
46 1.98248 0.339037 0.559269 -0.559267 -0.654989 0.328419 0.298261 0.850996 -0.216169 0.911638 -0.346581 -0.230627 -1.90008 0.0536408 0.129424 0.34692
47 1.88395 0.376422 0.58953 -0.488201 -0.758268 0.440369 0.141822 0.855777 -0.308643 1.05804 -0.394346 -0.277459 -1.94646 -0.25018 0.262231 0.263831
45 2.09099 0.33667 0.567114 -0.661109 -0.693014 0.381333 0.493257 0.863415 -0.330483 1.02224 -0.268068 -0.321789 -2.1937 0.0913665 0.224649 0.376325
208 0.358705 0.193064 -0.363755 0.584642 0.458045 0.816581 -0.260099 -0.0436343 -0.141199 0.222219 -0.179332 -0.308321 -1.69049 -1.58021 0.502416 -0.303647
223 0.628566 0.521915 0.904102 0.518774 -0.0504781 0.528936 -0.249475 0.622808 -0.0429279 0.128523 -0.289119 -1.10331 -1.48145 -0.653763 0.506953 0.91752
220 0.0767209 0.0109538 0.900548 0.925183 -0.0241812 0.34681 -0.0977076 0.399563 0.605142 -0.0214012 -0.341383 -0.848767 -1.73994 -1.25172 0.564876 0.889339
16 0.711867 -0.432703 0.123716 -0.0236824 -0.108646 -0.397971 -0.0633002 0.973582 0.156 0.281028 -0.307027 0.234441 -1.22827 -1.6402 0.0718521 0.303588
44 1.89416 0.184546 0.3973 -0.709369 -0.525426 0.390902 0.634679 0.652667 -0.453661 0.858579 -0.201254 -0.306012 -2.032 0.158839 0.2939 0.515247
42 1.65713 0.0181145 0.14655 -0.673472 -0.365411 0.541666 0.718356 0.3005 -0.659449 0.655532 -0.163365 -0.338402 -2.04735 0.172175 0.345505 0.547279
43 1.56095 0.0405396 0.195074 -0.560277 -0.400073 0.426733 0.655356 0.426441 -0.525452 0.635382 -0.14821 -0.260385 -1.70593 0.160308 0.306372 0.45186
247 0.318089 -0.855372 0.461944 -0.60135 -0.663473 0.433691 -0.228056 0.465746 -1.00095 1.26701 0.13061 0.794566 -1.17984 -1.48543 -0.02257 0.240331
242 1.12013 -0.280525 0.58793 -1.51834 -0.903657 0.682499 -0.0384534 0.760919 -0.782277 0.355403 -0.0327281 0.688121 -1.20457 -1.68048 0.432525 -0.038558
224 0.702846 0.577051 1.07622 0.708146 0.0675303 0.673853 -0.400558 0.688761 -0.0359164 -0.00983916 -0.360409 -1.19845 -1.78605 -0.73154 0.725318 1.01333
225 0.878526 0.745433 1.1216 0.437454 0.166742 0.722502 -0.462062 0.662081 -0.357076 0.0336573 -0.165383 -1.17693 -1.71608 -0.440884 0.911375 0.976877
187 -0.256997 0.14882 0.0233729 -0.552694 -0.378036 0.948905 0.68984 1.04444 -0.430598 0.866271 0.300634 -0.623212 -1.52524 -0.676474 0.200539 1.38358
177 0.34153 -0.173778 0.444131 0.390839 -0.0760013 -1.22958 0.577728 0.334345 0.0522857 -0.503376 0.160048 -0.650116 -1.99493 -1.21296 1.28724 0.891951
29 1.42747 0.504489 -0.413115 -0.357981 0.424527 -0.42743 0.642062 0.189753 -0.0855808 0.801835 -0.574954 0.0334861 -1.8028 -0.861494 1.73986 0.653257
55 0.277764 0.143693 0.622051 -0.0909637 -0.809162 1.35363 -0.718546 0.300213 -0.328032 0.368686 -0.659779 0.709504 -1.24463 -1.4234 0.57155 -0.355118
73 0.175711 0.409007 0.278164 0.0968319 0.41383 0.386601 0.0571777 0.264577 -1.24571 1.55483 -0.578252 0.043006 -1.12056 -0.780251 1.26607 0.851524
170 0.570279 -0.141014 0.501708 -0.544015 -0.29513 -0.418692 -0.218394 -0.399731 -1.15156 -0.792005 0.605861 -0.260437 -1.49566 -1.75796 1.28033 -0.0508225
168 0.593442 -0.0182679 0.645174 -0.59194 -0.323496 -0.415924 -0.146584 -0.462303 -1.12414 -0.699722 0.515434 -0.200829 -1.38125 -1.64948 1.03832 0.0874679
169 0.499938 -0.0774933 0.525338 -0.507908 -0.244821 -0.383922 -0.164818 -0.317506 -0.974149 -0.763314 0.563174 -0.220684 -1.31739 -1.56648 1.11078 0.063927
148 -0.0219296 -0.024819 -0.169106 0.13225 -0.761987 -0.139879 -0.189154 -0.432964 -0.814545 -0.0902955 0.179894 -0.075563 -2.06773 -0.14575 0.159647 0.918785
270 0.351417 -1.07481 1.3396 0.509875 -1.25341 0.275973 0.74617 0.318795 -0.47965 0.863775 -0.0679413 0.268842 -2.14714 -0.195334 0.00742629 -0.0473006
271 0.22456 -0.88552 1.05544 0.458059 -1.10728 0.280473 0.685255 0.173087 -0.273461 0.790396 -0.207203 0.247762 -1.91267 -0.109128 0.0516704 -0.019215
269 0.575041 -0.91611 1.88709 0.432796 -1.05372 0.311176 0.438468 0.42145 -0.784445 0.742776 0.318189 0.224269 -1.95728 -0.467125 0.131767 0.0333702
267 0.726825 -0.910228 2.00668 0.521195 -1.00142 0.36157 0.317968 0.471026 -1.00516 0.760293 0.460759 0.0841871 -1.96796 -0.697752 0.115807 0.0619408
266 0.717359 -0.766604 1.91497 0.406004 -0.910296 0.438414 0.0784289 0.497437 -1.12028 0.727257 0.587068 0.0368269 -1.82544 -0.582446 0.232189 0.0243967
9 -0.0878999 0.304979 -0.562753 -1.00454 -0.244827 0.566508 -0.111848 1.48768 0.308868 0.434195 -0.122866 -0.0587164 -1.59155 -2.32913 0.537722 0.56845
108 0.871329 -0.241599 -0.370509 -0.823774 -0.747193 -0.43588 -0.202467 -0.0944441 -0.338181 1.17913 1.17621 -0.61808 -2.10203 -1.0875 0.205889 -0.507505
107 1.18535 -0.192888 0.0149882 -0.855232 -1.05475 -0.156321 -0.287871 -0.0231182 -0.483411 0.976435 1.3492 -0.359359 -1.7547 -0.713555 0.173678 -0.264078
194 -0.469275 1.07139 1.0558 -0.715006 -0.181917 0.308701 0.119258 0.657365 -0.21176 1.02879 1.19548 0.241503 -2.18688 -0.488514 0.107486 0.613965
178 0.315028 -0.0820058 0.385895 0.355743 -0.0263467 -1.10544 0.565375 0.275114 0.0539542 -0.421962 0.168539 -0.54045 -1.81328 -1.10019 1.13137 0.875089
118 0.246469 0.0764268 0.733979 -0.376272 -0.304897 0.506513 0.674668 0.550224 -0.410069 1.46261 -0.262232 -0.869337 -1.23746 -1.05993 0.325801 -0.269183
167 0.784438 0.238139 0.960712 -0.608976 -0.412221 -0.314761 -0.0796027 -0.647196 -1.07681 -0.481283 0.191848 0.0561472 -1.18616 -1.33747 0.694232 0.387795
272 0.288638 -1.02035 1.13771 0.435777 -1.27483 0.323085 0.792471 0.218977 -0.364862 0.925558 -0.257799 0.294768 -2.1863 -0.156024 0.179051 -0.0756094
268 0.631898 -0.920234 1.95548 0.293481 -0.95231 0.325587 0.350605 0.423 -0.853281 0.659353 0.449008 0.123085 -1.72459 -0.569416 0.0923818 0.0350675
87 -0.0905805 -0.712301 0.213684 0.169618 -1.18091 0.697665 -0.112632 1.06568 -1.19935 0.703679 -0.0123592 0.14232 -1.04143 -0.503675 1.93536 0.903574
89 0.191826 -0.824646 0.16597 0.292866 -1.20215 0.670032 -0.125683 1.06608 -0.980735 0.611105 -0.040211 0.0954461 -0.982767 -0.801995 1.93081 0.758117
106 1.19926 -0.234207 0.145271 -0.812535 -1.03464 -0.107791 -0.389168 0.0172265 -0.5588 0.776782 1.3697 -0.251143 -1.78378 -0.716802 0.190103 -0.180695
153 0.518184 -0.277793 0.692924 -0.241884 -0.412333 -0.281501 -0.0246848 -0.396001 -1.10884 0.405704 -0.361145 -0.132709 -1.36554 -0.327155 0.538501 1.137
154 0.540126 -0.103561 0.661325 -0.256291 -0.389456 -0.0694068 0.0510051 -0.0853595 -0.764535 0.510745 -0.2885 0.0388381 -1.25901 -0.525317 0.556135 0.780815
128 0.3927 0.929176 0.41241 1.01595 -0.922195 0.936516 0.501919 -0.220996 -0.79062 0.0708558 0.196224 0.672359 -1.53468 -1.67724 0.740078 0.70847
126 0.468464 0.9161 0.53151 1.11291 -0.987449 0.907551 0.44401 -0.0521068 -0.768494 0.20795 0.12462 0.510538 -1.5131 -1.59148 0.607311 0.64704
125 0.689599 1.02644 0.923183 1.08539 -1.03401 0.967023 0.593345 0.273089 -1.02298 0.55845 0.00768985 0.458127 -1.44926 -1.33514 0.414894 0.484901
124 0.831925 0.963421 0.975661 0.938187 -0.970711 0.965513 0.635557 0.177992 -0.945424 0.526599 0.0503881 0.428941 -1.34729 -1.1465 0.298198 0.367098
123 0.80688 0.926187 0.938264 0.954165 -1.01332 0.994007 0.700076 0.310248 -0.995872 0.645933 -0.0334024 0.331256 -1.49735 -1.32278 0.355675 0.383987
160 0.81178 0.0946061 1.37032 -0.570361 -0.0461163 -0.390905 0.152376 -0.528964 -0.704557 0.567635 -0.833926 0.418241 -1.39559 -1.1009 0.171012 1.22165
127 0.285009 0.891987 0.435399 1.00227 -0.938074 0.86341 0.349282 -0.115257 -0.716954 0.0610348 0.160173 0.57301 -1.25589 -1.42967 0.597992 0.632585
95 1.28094 -0.632635 0.353457 0.176542 -1.71714 0.782062 0.336907 0.679785 -0.220964 0.563133 -0.273805 -0.388661 -1.04048 -1.05163 1.5071 0.582158
156 0.910554 -0.164608 1.28837 -0.426554 -0.158368 -0.298025 0.181017 -0.210488 -0.805151 0.70056 -0.765499 0.404107 -1.20477 -0.881652 0.639784 1.10102
193 -0.378608 1.01707 0.94243 -0.798651 -0.20018 0.394609 0.15244 0.656759 -0.251675 0.983996 1.08918 0.219748 -2.00778 -0.426727 0.0538197 0.673488
190 -0.239819 0.621774 0.410221 -0.628506 -0.347718 0.718029 0.556928 0.829717 -0.390302 0.979317 0.592076 -0.227515 -1.5631 -0.481883 0.10524 1.12956
226 0.9177 0.767852 1.00737 0.263708 0.138172 0.619043 -0.486614 0.560486 -0.450712 0.0564991 -0.0362047 -0.929595 -1.49704 -0.235362 0.859697 0.798467
227 1.0157 0.947146 1.20419 0.34028 0.233194 0.711802 -0.677963 0.656993 -0.578819 -0.00932754 -0.00377629 -1.05061 -1.73752 -0.254315 1.08137 0.866928
250 0.216494 -1.02607 0.310229 -0.194642 -0.376197 0.3115 -0.315761 0.175941 -0.912411 1.47863 0.439629 0.740619 -1.51429 -1.45197 -0.0509508 0.223642
240 1.1384 -0.179487 0.625706 -1.56131 -0.718072 0.604076 -0.202732 0.624489 -0.600892 0.232069 0.038163 0.628308 -1.15053 -1.48436 0.595098 -0.0646477
241 1.0924 -0.128845 0.522861 -1.47683 -0.799593 0.602376 -0.0706796 0.705168 -0.682263 0.19006 0.00140393 0.58147 -1.02336 -1.42691 0.532973 -0.0931135
96 1.33094 -0.546799 0.397785 0.163606 -1.85778 0.805107 0.361181 0.543542 -0.17932 0.619221 -0.330636 -0.435096 -1.01279 -0.973918 1.39553 0.616528
97 1.22013 -0.518696 0.464691 0.05587 -1.73144 0.793178 0.337733 0.447972 -0.189718 0.621548 -0.146767 -0.383852 -0.95475 -0.780703 1.22425 0.494467
100 1.15417 -0.213559 0.858486 -0.308236 -1.61866 0.705722 0.310309 0.221091 -0.42177 0.905326 0.434549 -0.229628 -1.06795 -0.570392 0.906813 0.46593
155 0.817287 -0.239653 1.13778 -0.449301 -0.267836 -0.279437 0.105725 -0.257479 -0.994857 0.643104 -0.601026 0.196914 -1.22899 -0.736304 0.671076 1.11946
165 0.860669 0.369214 1.18576 -0.716753 -0.404546 -0.157952 0.0163334 -0.761286 -0.976079 0.107789 -0.298429 0.185042 -1.26168 -1.23046 0.275786 0.884263
166 0.805012 0.33771 1.11925 -0.666265 -0.4274 -0.169274 -0.0521436 -0.560346 -0.903734 0.00717493 -0.0829266 0.136462 -1.03975 -1.04033 0.426601 0.665425
88 0.120007 -0.732671 0.230713 0.206165 -1.14936 0.680323 -0.0420497 0.960191 -0.91375 0.559321 -0.0117957 0.144335 -0.942787 -0.627989 1.82204 0.764363
52 0.97592 0.214731 0.49095 -0.0428899 -0.752804 1.1221 -0.683294 0.303109 -0.563555 0.65656 -0.620242 0.114409 -1.06321 -1.09996 0.245799 -0.130474
70 0.238631 0.514125 0.455104 0.0186682 0.372746 0.308649 0.121701 0.177112 -0.885575 1.31711 -0.762691 0.124006 -1.09352 -0.661501 1.24154 0.488456
10 -0.0245923 0.203304 -0.470514 -0.8753 -0.173999 0.494251 -0.129711 1.36546 0.259768 0.406467 -0.104785 -0.0424367 -1.51692 -2.17218 0.502206 0.470252
19 0.820524 -0.57638 0.212789 0.125498 -0.0701031 -0.516327 0.0157869 1.06789 0.0206556 0.304674 -0.429318 0.498388 -1.61238 -1.47833 0.0933711 0.416801
