300 16
69 -0.434215 -0.900813 0.0206257 -0.911989 0.0586553 -1.53943 -0.432826 0.0251497 0.553545 -0.326971 -0.873419 1.00345 0.0823948 0.705068 -1.78725 0.747669
68 -0.35682 -1.1111 -0.136887 -1.02957 0.0676171 -1.44812 -0.314022 -0.180092 0.717495 -0.376947 -0.769604 1.18642 0.0271316 0.562384 -1.74788 0.648692
70 -0.429085 -0.720287 0.123917 -0.809058 -0.0268395 -1.39491 -0.486121 0.0289188 0.568292 -0.277483 -0.816413 0.816634 0.0855293 0.719387 -1.57125 0.806597
67 -0.181319 -1.07268 -0.205023 -0.991096 0.0145911 -1.21832 -0.0845816 -0.290634 0.815044 -0.323051 -0.672157 1.13956 0.0329805 0.344228 -1.55354 0.424557
66 -0.159177 -1.32822 -0.269817 -1.14516 -0.0929522 -1.14626 0.020318 -0.524964 1.04684 -0.438436 -0.738205 1.34554 0.0428636 0.245573 -1.70149 0.478168
97 -0.610459 -0.914718 -0.628653 -1.05505 0.430532 0.335031 -0.765412 1.16639 0.570238 -0.709849 0.0465862 0.691197 0.461061 0.0455602 -0.777664 0.834301
98 -0.65098 -1.13659 -0.637808 -1.33659 0.525846 0.641477 -0.879192 1.35018 0.698406 -0.830499 -0.107198 1.00365 0.660237 0.114152 -0.941821 1.01042
96 -0.760595 -0.985442 -0.73708 -1.16887 0.466783 0.368993 -0.854908 1.26555 0.625491 -0.829649 0.0684932 0.745476 0.490817 0.0524378 -1.0753 0.919455
99 -0.444931 -1.22921 -0.570012 -1.28065 0.487906 0.708283 -0.741112 1.43683 0.676868 -0.705131 -0.434519 1.14442 0.591438 0.0740427 -0.870731 0.982748
25 -1.47563 -1.67546 -0.311379 -0.690947 0.686638 -0.0606101 -0.537423 0.697713 -0.147562 -0.37814 -0.00457726 0.835348 -0.498121 0.0689605 -0.466252 1.29015
24 -1.73027 -1.82942 -0.401802 -0.74947 0.661589 -0.164635 -0.672121 0.777657 -0.26935 -0.364021 -0.0667593 0.805587 -0.568776 0.0820079 -0.431524 1.35075
26 -1.62117 -1.8748 -0.275008 -0.760356 0.741948 -0.0566218 -0.553593 0.700861 -0.231529 -0.278907 0.118339 0.899581 -0.512964 0.0506742 -0.401898 1.501
27 -1.37718 -1.88512 -0.110781 -0.678988 0.792982 -0.140863 -0.262502 0.540147 -0.0758118 -0.0496435 0.307338 1.07727 -0.369407 0.0448872 -0.370427 1.66695
29 -1.2593 -1.83175 -0.128585 -0.443103 0.717892 -0.164825 -0.239469 0.501386 -0.078079 0.00704972 0.323424 1.20649 -0.284991 0.159366 -0.395442 1.79949
56 -0.284003 -1.13693 -0.493677 0.376976 0.326495 0.479335 0.1275 0.274366 0.0465569 -0.172556 -1.86037 0.113305 -0.683757 -0.185108 -0.87809 1.7582
54 -0.323058 -1.12464 -0.413817 0.578016 0.490605 0.45539 0.0275014 0.59538 -0.291975 -0.0446178 -2.04927 0.263136 -0.585128 -0.192482 -0.974302 1.87471
55 -0.290762 -0.988366 -0.466161 0.492489 0.428895 0.394611 0.0505279 0.461299 -0.177763 -0.103948 -1.74089 0.126892 -0.53673 -0.157098 -0.756459 1.50679
53 -0.30591 -1.16082 -0.210276 0.554333 0.46168 0.487037 -0.0887806 0.693846 -0.524986 0.12227 -2.12599 0.411027 -0.330192 -0.0815625 -1.07822 1.60523
52 -0.197519 -1.03361 0.00249462 0.499466 0.349862 0.396731 -0.138099 0.630666 -0.547214 0.242443 -1.82562 0.490996 -0.13067 -0.106955 -0.975647 1.40032
51 -0.213604 -1.24829 -0.00517361 0.463257 0.202981 0.467245 0.0623256 0.640497 -0.708271 0.0830992 -2.04438 0.561482 0.0958665 -0.0490945 -0.956416 1.26415
50 -0.203192 -1.39391 0.163985 0.264573 -0.00694281 0.451956 0.298791 0.755793 -0.869439 -0.00989061 -2.05039 0.927515 0.59413 0.198795 -0.967832 0.757344
65 -0.0465002 -1.27781 -0.314523 -0.965251 -0.22327 -0.556545 0.317702 -0.612419 1.20326 -0.491227 -0.832307 1.14224 -0.0161751 0.0662707 -1.65364 0.752701
64 -0.116451 -1.03823 -0.246299 -0.80375 -0.169906 -0.285566 0.313872 -0.545547 1.08941 -0.517498 -0.710432 0.920698 0.0268652 -0.0175 -1.4425 0.719012
63 -0.0829075 -1.3139 -0.279222 -0.879902 -0.296378 -0.101522 0.527129 -0.70367 1.30986 -0.582334 -0.999891 1.02635 -0.0974592 -0.0504513 -1.5409 1.00497
62 -0.132271 -1.23352 -0.318292 -0.798788 -0.236515 0.110151 0.562913 -0.650939 1.18893 -0.655438 -1.02288 1.0183 -0.0327011 -0.0519926 -1.6211 1.15321
61 -0.103029 -1.06042 -0.258252 -0.569877 -0.289631 0.368412 0.506831 -0.630665 1.09218 -0.539797 -1.07561 0.758734 -0.177573 -0.0752569 -1.40633 1.17079
60 -0.130635 -1.26822 -0.328297 -0.563944 -0.293608 0.368847 0.566339 -0.597534 1.17067 -0.555482 -1.22986 0.768846 -0.266902 -0.113434 -1.43555 1.34905
59 -0.157807 -1.25596 -0.366035 -0.234205 -0.13011 0.468947 0.480023 -0.363546 0.85172 -0.494051 -1.44092 0.550852 -0.455429 -0.158083 -1.17509 1.48525
57 -0.227352 -1.15868 -0.495019 0.0120657 0.0174671 0.544571 0.434516 -0.115151 0.62178 -0.393108 -1.60594 0.276009 -0.59762 -0.186648 -0.947383 1.6662
58 -0.182804 -1.05096 -0.314472 -0.178773 -0.17647 0.456648 0.424683 -0.287026 0.779664 -0.37138 -1.28724 0.451859 -0.423396 -0.110396 -0.924406 1.30708
230 0.0991638 -0.255347 -0.276884 -0.859356 0.84283 -0.563612 0.640151 1.48588 0.359647 -0.334292 -0.0628505 1.55752 0.21168 -0.356128 -1.46283 1.18083
228 -0.0300573 -0.353675 -0.381273 -0.952719 0.907299 -0.650645 0.633497 1.72089 0.378376 -0.108583 -0.0820312 1.48757 0.184081 -0.369133 -1.43531 1.29209
229 0.0580486 -0.211844 -0.346683 -0.793818 0.718495 -0.47696 0.522971 1.48452 0.334515 -0.211873 -0.136221 1.42512 0.168064 -0.275631 -1.24478 1.13205
231 0.232343 -0.120303 -0.164763 -0.889613 1.01287 -0.527162 0.706425 1.32129 0.395477 -0.478813 -0.185579 1.62503 0.130708 -0.318616 -1.60455 1.23802
232 0.288805 -0.0563891 -0.0846305 -0.827277 0.854803 -0.51198 0.557395 1.07117 0.393242 -0.539479 -0.146273 1.41101 0.0998883 -0.314639 -1.35862 0.990586
233 0.218968 -0.089296 -0.00763306 -0.904699 1.03778 -0.470793 0.691031 1.06936 0.453921 -0.666735 -0.298715 1.59868 0.0887777 -0.398035 -1.571 1.10609
234 0.123924 0.0745172 0.0448072 -1.08116 1.02075 -0.355965 0.714937 0.93874 0.520863 -0.784081 -0.536309 1.40771 -0.0522823 -0.422192 -1.54385 0.966917
49 -0.293621 -1.22 -0.0389576 0.11006 -0.0283625 0.311509 0.344445 0.651846 -0.670085 -0.0600806 -1.54214 0.928603 0.681961 0.226129 -0.821647 0.563266
193 -1.3062 -0.876772 -0.258515 -1.4695 -0.0596767 -0.682809 0.771143 0.498331 0.0862257 -0.339464 -0.270687 -0.54132 -0.39928 -0.346058 -1.90801 0.657853
194 -1.24764 -0.802203 -0.460851 -1.4561 0.0117918 -0.869146 0.941572 0.367743 -0.0142852 -0.213732 -0.320373 -0.569811 -0.206461 -0.401953 -1.99933 0.698521
192 -1.38233 -1.17279 -0.195397 -1.56266 -0.200001 -0.745177 0.775787 0.583483 0.112582 -0.257789 -0.240692 -0.517454 -0.556722 -0.423709 -1.94337 0.498802
191 -1.41371 -1.35245 0.00615509 -1.53552 -0.308063 -0.602841 0.580198 0.783262 0.0402149 -0.310533 -0.323702 -0.089655 -0.737479 -0.469677 -2.00929 0.364797
190 -1.28842 -1.31352 0.076931 -1.32585 -0.301114 -0.513301 0.474302 0.741118 0.0738138 -0.212569 -0.26712 -0.0165591 -0.672019 -0.396725 -1.69368 0.246757
44 -0.330273 -1.45345 -1.11937 -0.212425 -0.00669292 0.155568 0.742224 0.579308 -0.667602 -0.618341 -1.23139 1.20047 1.0004 -0.09248 -0.884223 0.441081
45 -0.454839 -1.40923 -0.431431 -0.131748 0.00646436 0.311749 0.792893 0.704899 -0.860319 -0.540902 -1.56832 1.14799 1.03637 0.208381 -0.918706 0.347223
42 -0.273398 -1.52557 -1.67428 -0.130674 -0.0236125 0.0600654 0.658247 0.447678 -0.561942 -0.555414 -1.11022 1.18822 0.954488 -0.373903 -1.01662 0.618403
43 -0.255291 -1.28549 -1.36879 -0.154139 0.0608852 0.0523115 0.557982 0.464351 -0.432042 -0.491788 -0.959412 1.03484 0.842674 -0.247175 -0.816684 0.466741
46 -0.48271 -1.24361 -0.298265 -0.151255 -0.0393481 0.331258 0.760886 0.691182 -0.775857 -0.605056 -1.46444 1.06375 0.957284 0.280415 -0.823516 0.242352
277 -0.0423453 -1.35725 0.0697531 -0.833182 0.680467 -0.553566 0.199824 0.568449 -0.497961 0.506633 -0.920344 -0.564524 -0.00330905 -0.0396235 -1.09401 1.66427
276 0.0224503 -1.64111 0.209593 -0.837946 0.906768 -0.696342 0.144231 0.590398 -0.454498 0.464779 -0.968015 -0.513489 -0.0100898 -0.225037 -1.27364 1.67756
278 -0.190838 -1.60212 -0.0415294 -0.965548 0.738855 -0.717581 0.279397 0.691269 -0.680421 0.591567 -0.986365 -0.607897 -0.100943 0.10321 -1.10134 1.94747
90 -0.783696 -0.426711 -1.40463 -0.485413 0.492713 -0.675083 -0.630806 1.21742 0.447079 -0.95733 0.12776 0.304792 -0.504556 -0.178229 -1.98861 0.841216
92 -0.743445 -0.375295 -1.2971 -0.534498 0.379374 -0.479667 -0.771623 1.19622 0.632663 -0.91837 0.247448 0.431777 -0.358667 -0.143805 -1.99152 0.943909
89 -0.731176 -0.33823 -1.49275 -0.521457 0.574892 -0.605278 -0.618652 1.01472 0.312365 -1.06036 -0.0214315 0.0575371 -0.518637 -0.152948 -1.89299 0.534446
91 -0.679247 -0.337469 -1.2164 -0.404346 0.365078 -0.489403 -0.658897 1.03434 0.517892 -0.851254 0.197109 0.323774 -0.408502 -0.0915967 -1.84394 0.806476
279 -0.518652 -1.68292 -0.404757 -1.08983 0.690655 -0.601769 0.490338 0.653642 -0.682184 0.435284 -0.968668 -0.54995 -0.205178 0.410168 -0.848382 2.00249
72 -0.632134 -0.646243 0.369533 -0.62471 -0.143964 -0.869888 -0.526891 0.0200109 0.606529 -0.16586 -1.10273 0.385554 0.282765 0.789649 -1.83245 1.41382
73 -0.604543 -0.467643 0.382114 -0.462896 -0.176888 -0.530278 -0.481611 -0.00343163 0.541036 -0.203765 -1.01033 0.214085 0.241766 0.631506 -1.76269 1.39503
74 -0.685855 -0.591962 0.4704 -0.547965 -0.308811 -0.550723 -0.67255 0.00235017 0.691095 -0.145902 -1.21296 0.0877335 0.400669 0.691908 -2.01512 1.50642
71 -0.395659 -0.704772 0.209098 -0.806859 -0.0873927 -1.34612 -0.52041 -0.00713215 0.600002 -0.292436 -0.889319 0.743267 0.0832383 0.824551 -1.73463 0.979222
288 -1.05581 -1.42192 -1.70253 -0.789597 0.394208 0.478981 0.928435 0.56493 -0.319672 -0.64556 -0.64183 -0.0888961 -0.494047 0.751839 -1.09173 0.443852
287 -1.15207 -1.69745 -1.6948 -0.90975 0.383459 0.390676 0.9147 0.412697 -0.461851 -0.731683 -0.670965 -0.172483 -0.683488 0.665401 -0.950578 0.678861
286 -1.09039 -1.66536 -1.57243 -0.848697 0.35434 0.259135 0.808942 0.297095 -0.363582 -0.752187 -0.497577 -0.144556 -0.686618 0.598735 -0.809965 0.782274
289 -0.979872 -1.27424 -1.56498 -0.787257 0.396126 0.502727 0.897629 0.609215 -0.314992 -0.605194 -0.628556 -0.155333 -0.359893 0.687637 -1.08108 0.268906
285 -0.983664 -1.64264 -1.40593 -1.03861 0.338353 0.035145 0.774359 0.320591 -0.505183 -0.552354 -0.504766 -0.369634 -0.744531 0.649371 -0.660478 0.951486
284 -0.866935 -1.7306 -1.19485 -1.04496 0.466629 -0.175681 0.709729 0.369202 -0.656853 -0.38562 -0.56144 -0.43287 -0.607616 0.689751 -0.557135 1.32489
107 -0.302746 0.387679 -0.468633 -0.28256 -0.122992 0.709461 0.318575 0.92704 -0.0596411 -0.134555 -1.37516 1.56581 0.503191 -0.471256 -1.76354 1.06758
106 -0.308446 0.41659 -0.522524 -0.391164 -0.278236 0.46585 0.21918 1.07528 0.108045 -0.094432 -1.36203 1.48208 0.408191 -0.370599 -1.40975 0.993081
108 -0.339755 0.459495 -0.311049 -0.168914 -0.0779816 0.76085 0.538978 0.687213 -0.108906 -0.172843 -1.22328 1.49657 0.565133 -0.572695 -1.86404 1.09812
110 -0.253054 0.286171 -0.110927 0.124361 0.185398 0.909265 0.563417 0.552847 -0.351849 -0.121638 -0.978148 1.48573 0.64677 -0.596507 -2.08472 1.01188
109 -0.236351 0.245871 -0.184255 0.0461935 0.123824 0.744908 0.456849 0.474285 -0.281013 -0.126619 -0.993493 1.26107 0.582026 -0.455886 -1.69961 0.892909
205 -0.282307 -0.357034 -0.697233 -0.209596 0.850423 -0.135614 1.12278 -0.166118 -0.293513 0.228893 -0.99249 0.622268 -0.044354 0.338624 -1.40252 0.727566
204 -0.076166 -0.212844 -0.769832 -0.190797 0.949223 -0.225951 1.46148 -0.415807 -0.463688 0.480584 -1.36018 0.670954 -0.0997958 0.448421 -1.81043 0.784882
203 -0.0851497 -0.326032 -0.915063 -0.322872 0.954068 -0.304057 1.4074 -0.433243 -0.547777 0.528539 -1.39921 0.597743 -0.0290605 0.405474 -2.08392 0.86161
202 0.0140114 -0.202165 -0.806578 -0.323971 0.806415 -0.316603 1.34579 -0.455427 -0.507332 0.539737 -1.30579 0.483077 -0.0528361 0.388161 -1.89006 0.735493
201 -0.220476 -0.31804 -0.967567 -0.44754 0.91009 -0.469852 1.38951 -0.397116 -0.596918 0.557305 -1.29567 0.374208 0.0840275 0.288624 -2.08479 0.802554
135 -0.84628 -1.74885 -0.879048 -0.981119 1.27717 0.673283 0.737759 -0.0523719 -0.0251714 -0.629455 -1.85669 0.534503 0.162822 -0.599251 -0.462701 0.137765
137 -1.06862 -1.82217 -0.849284 -0.837548 1.43679 0.631387 0.4592 -0.0788414 -0.201025 -0.609857 -1.72753 0.457738 0.0508987 -0.559192 -0.730704 0.00906206
136 -0.846072 -1.68013 -0.819415 -0.841242 1.20348 0.578887 0.622866 -0.074321 -0.0912257 -0.593379 -1.67462 0.485946 0.14948 -0.573056 -0.534216 0.0866527
9 -1.32185 -0.897237 -0.774817 -0.566043 -0.32937 0.74573 -0.41045 -0.0642828 -0.869423 -0.0701304 -0.925902 0.842681 0.3106 -0.0531213 -2.21784 -0.0043814
8 -1.00005 -1.09036 -0.680096 -0.67614 -0.308956 0.795384 -0.593805 0.084949 -0.998371 -0.203136 -0.643502 0.708011 0.513133 -0.251365 -2.42838 0.277967
7 -0.862489 -1.01444 -0.590632 -0.575629 -0.303673 0.748946 -0.554358 0.141794 -0.98584 -0.196184 -0.439136 0.584687 0.535005 -0.183707 -2.13999 0.21553
6 -0.847449 -1.06722 -0.539302 -0.644404 -0.28099 0.700764 -0.582041 0.302955 -1.09635 -0.23424 -0.305403 0.501399 0.516418 -0.0762396 -2.32654 0.488321
293 -0.78267 -1.26938 -1.56458 -0.758323 0.592544 0.275501 0.863008 0.677125 -0.257852 -0.207547 -0.722347 0.159182 -0.19689 0.615896 -1.20263 0.412355
291 -0.953291 -1.33071 -1.65294 -0.771079 0.547396 0.433964 0.934274 0.692683 -0.312507 -0.404469 -0.719438 0.0514824 -0.191127 0.667187 -1.24252 0.314431
292 -0.741307 -1.19019 -1.46692 -0.738993 0.581253 0.27578 0.799566 0.64375 -0.206288 -0.171968 -0.685283 0.204294 -0.157941 0.573086 -1.1504 0.350491
243 -1.21912 -0.0657144 0.164891 -1.48136 1.15926 0.277888 0.694149 0.377987 -0.777015 -0.646422 -0.645348 0.778673 -0.354719 -0.29653 -1.72163 0.162523
245 -1.24523 -0.109366 0.285575 -1.55963 1.13693 0.3603 0.717685 0.501989 -0.957465 -0.402548 -0.615845 0.67725 -0.224928 -0.338188 -1.76976 0.179811
246 -1.32607 -0.35328 0.319487 -1.59648 1.17329 0.469169 0.713769 0.606469 -0.905595 -0.143068 -0.577569 0.644923 -0.0352192 -0.301406 -1.76297 0.249743
247 -1.20785 -0.332177 0.332018 -1.55552 1.03308 0.502592 0.635792 0.654995 -0.849028 0.0723763 -0.555331 0.544899 -0.0197527 -0.251805 -1.53031 0.149408
248 -1.33844 -0.380844 0.312785 -1.62031 1.17876 0.643906 0.686266 0.718311 -0.923935 0.126855 -0.605843 0.622301 0.0667255 -0.236356 -1.67378 0.215236
133 -0.540119 -1.38142 -0.767452 -0.732918 0.894582 0.438399 0.978807 0.191442 0.138206 -0.537498 -1.4881 0.738902 0.231419 -0.614399 -0.343226 0.289444
132 -0.659554 -1.47047 -0.869115 -0.863204 1.08759 0.503525 1.11515 0.181709 0.21778 -0.644451 -1.56756 0.848095 0.281956 -0.702483 -0.323943 0.273672
134 -0.775224 -1.57352 -0.894533 -0.883473 1.10885 0.594302 0.934228 0.0405754 0.116577 -0.629061 -1.82598 0.744476 0.188895 -0.728323 -0.335814 0.260472
195 -1.09471 -0.590228 -0.712562 -1.27452 0.274734 -0.852568 0.982672 0.201815 -0.11535 -0.0252085 -0.395477 -0.583154 -0.0444153 -0.35998 -1.92423 0.60413
197 -1.00088 -0.400704 -0.944593 -1.13829 0.506484 -0.938862 1.134 -0.00785661 -0.351816 0.266302 -0.534739 -0.66942 0.140688 -0.343921 -1.96755 0.572158
196 -0.992235 -0.43126 -0.810463 -1.10993 0.361009 -0.837923 0.981792 0.0625669 -0.169002 0.121469 -0.447809 -0.595209 0.134172 -0.339695 -1.78521 0.572829
198 -0.717362 -0.307829 -1.18435 -0.887987 0.748099 -0.854039 1.26464 -0.200175 -0.533963 0.495318 -0.738091 -0.447289 0.289295 -0.156986 -1.97637 0.595251
151 -0.95891 -0.848147 0.113506 0.609596 0.422137 -1.12323 0.806485 -0.0282694 0.321896 -0.0151358 0.0863497 0.549142 0.0933496 -0.36387 -1.62926 1.24586
150 -0.968525 -0.894685 -0.0107282 0.706871 0.462383 -1.16328 0.926508 -0.0500324 0.323281 0.0106608 0.0650279 0.591485 -0.0599262 -0.51951 -1.81937 1.4393
152 -1.09367 -1.06677 0.118653 0.602492 0.662706 -1.34681 1.00507 -0.034289 0.384192 0.0440271 0.0412472 0.6832 0.190012 -0.102098 -1.64278 1.22263
153 -1.13312 -1.21788 0.176288 0.331204 0.957624 -1.54559 1.01473 -0.0112804 0.421081 0.0677782 -0.101322 0.710359 0.287563 0.256006 -1.48004 0.998848
154 -1.05261 -1.11681 0.106552 0.186007 0.98774 -1.32018 1.01389 0.0892438 0.291525 0.022389 -0.17785 0.613578 0.337589 0.328139 -1.27721 0.779526
283 -0.731657 -1.4163 -0.926523 -1.00606 0.466225 -0.238921 0.693956 0.290754 -0.595923 -0.315433 -0.582901 -0.416303 -0.536301 0.60431 -0.49471 1.22742
282 -0.730621 -1.67951 -0.921849 -1.09392 0.523901 -0.470606 0.667222 0.395258 -0.742131 -0.160046 -0.703573 -0.668426 -0.508156 0.645498 -0.547522 1.57851
281 -0.537603 -1.58986 -0.573419 -1.04368 0.705959 -0.588787 0.599227 0.604226 -0.70211 0.199008 -0.916171 -0.540007 -0.263216 0.484988 -0.768021 1.88522
280 -0.577096 -1.57044 -0.34185 -1.09363 0.650314 -0.675955 0.39547 0.56 -0.69265 0.268652 -0.820736 -0.536891 -0.181541 0.459984 -0.661105 1.96951
200 -0.526684 -0.330828 -1.19511 -0.710534 0.873892 -0.746458 1.30467 -0.282199 -0.618866 0.578413 -0.917594 -0.233842 0.296371 -0.0213079 -2.04824 0.656133
199 -0.666416 -0.400931 -1.04986 -0.647278 0.801309 -0.690457 1.07165 -0.116318 -0.526722 0.423674 -0.674412 -0.263957 0.243986 -0.104882 -1.71512 0.571447
39 -0.0807818 -1.6112 -2.04533 0.0790559 -0.0050222 0.253339 0.329229 0.408243 -0.243514 -0.218599 -0.879813 1.16368 1.00121 -0.657987 -0.909358 1.10443
38 -0.136988 -1.46422 -1.69747 0.141432 -0.059654 0.474453 0.0582587 0.495449 0.0339263 0.179885 -0.723968 1.10833 0.961852 -0.547148 -0.805719 1.62998
37 -0.210155 -1.25493 -1.42998 0.128195 -0.0666361 0.431749 0.0821171 0.509131 0.103904 0.18869 -0.705628 0.965042 0.841626 -0.526146 -0.679608 1.42335
36 -0.208686 -1.47899 -1.36349 0.180079 -0.0668453 0.564804 -0.00352179 0.506236 0.029162 0.214808 -0.64675 1.18594 0.847015 -0.422657 -0.731427 1.76283
35 -0.307254 -1.51575 -1.00325 0.111732 0.136203 0.489349 -0.190942 0.458875 0.0297258 0.351498 -0.260836 1.35878 0.64766 -0.15385 -0.904094 2.15661
88 -0.696496 -0.300048 -1.45259 -0.479036 0.55141 -0.49727 -0.560712 0.840673 0.149289 -1.01942 -0.179106 -0.0915538 -0.49067 -0.176199 -1.68204 0.388307
87 -0.844519 -0.41294 -1.56908 -0.527191 0.630692 -0.594771 -0.626403 0.90601 0.203628 -1.09078 -0.24886 -0.113675 -0.558659 -0.192211 -1.80913 0.405984
93 -0.78511 -0.521493 -1.12638 -0.707085 0.422348 -0.218956 -0.870907 1.21079 0.760416 -0.816459 0.421388 0.555678 -0.0960114 -0.0888484 -1.6834 0.915827
131 -0.572741 -1.46853 -0.886605 -0.656273 1.18198 0.31064 1.25161 0.520962 0.396779 -0.514195 -0.960009 1.05391 0.402143 -0.506284 -0.404276 0.302055
164 0.0521393 -1.42969 -0.997694 0.47043 1.73931 -0.505834 0.105349 -0.00366161 1.00447 0.0868945 -1.10873 1.12024 0.150647 0.903923 -1.56209 0.515908
163 0.0123913 -1.27278 -0.925017 0.415355 1.59248 -0.499434 0.13777 -0.00217401 0.876698 0.0749019 -1.03196 1.03116 0.0567674 0.826464 -1.40722 0.484523
162 0.082324 -1.30773 -0.937198 0.4566 1.76035 -0.483255 0.0974006 0.0163561 0.891659 0.157153 -1.05759 1.12222 0.0660397 0.828614 -1.37748 0.485038
161 0.00233643 -1.34585 -0.603369 0.210342 1.86309 -0.712908 0.339307 0.0757587 0.606391 0.143544 -0.985105 1.05871 -0.00577116 0.879781 -1.15919 0.537866
159 -0.287301 -1.38623 -0.350612 0.106736 1.86647 -0.90689 0.582876 0.120297 0.481544 0.0841232 -0.796067 0.955111 0.0494855 0.887475 -1.01449 0.605292
160 -0.0824985 -1.19964 -0.412238 0.116034 1.75013 -0.779614 0.414964 0.118366 0.510329 0.143083 -0.82446 0.967104 -0.0469572 0.837208 -0.94747 0.528991
212 -2.05367 -0.780564 -1.27316 -0.533536 1.83175 -0.149312 0.783868 0.81999 0.492154 -0.876675 -0.362064 0.250253 0.576347 0.114079 -0.509835 1.32971
211 -1.95724 -0.7585 -0.995285 -0.540771 1.6288 -0.0486978 0.728044 0.779458 0.444757 -0.777553 -0.308773 0.314457 0.533841 0.0707401 -0.566939 1.27595
210 -1.92543 -0.874034 -1.10528 -0.520277 1.63478 -0.0404705 0.73884 0.774113 0.452586 -0.790955 -0.311032 0.29889 0.516414 0.0569865 -0.526 1.22884
209 -1.63021 -0.764075 -0.969609 -0.438675 1.47167 -0.0439631 0.76338 0.707706 0.357798 -0.608358 -0.386886 0.305067 0.370146 0.140713 -0.458918 0.996377
207 -0.975155 -0.455432 -0.904039 -0.326225 1.22118 -0.125728 1.01581 0.227876 0.0443693 -0.160263 -0.649692 0.403802 0.157391 0.248285 -0.781824 0.8166
208 -1.18175 -0.824111 -0.742223 -0.520748 1.12026 -0.0835198 0.522161 0.581165 0.177367 -0.429926 -0.459062 0.398921 0.242672 0.0797789 -0.736188 0.80718
263 -0.78066 -0.443826 -0.199536 -1.17075 1.10263 -0.0911182 0.370712 -0.304403 -0.546131 -1.36706 -1.18886 0.339418 0.22163 0.615528 -1.05398 1.75609
262 -0.710889 -0.317636 -0.245613 -1.13265 0.974439 -0.0435809 0.388846 -0.336166 -0.525626 -1.28291 -1.11776 0.265427 0.109449 0.639569 -0.865835 1.6588
264 -0.635492 -0.726047 0.135528 -1.09915 1.32708 -0.304679 0.373569 -0.575862 -0.30793 -1.55166 -1.04266 0.282117 0.448855 0.350482 -1.058 1.56566
266 -0.5445 -0.792276 0.252887 -0.984378 1.32551 -0.327447 0.307903 -0.700689 -0.273467 -1.69062 -0.961801 0.240235 0.584926 0.222302 -1.09929 1.54743
265 -0.524136 -0.588852 0.154438 -0.922362 1.16254 -0.310987 0.315577 -0.600127 -0.270179 -1.42558 -0.866272 0.233815 0.492422 0.328426 -0.930263 1.37268
261 -0.805367 -0.405368 -0.226271 -1.23263 1.11141 -0.0186383 0.384948 -0.30434 -0.593345 -1.38374 -1.19937 0.332902 0.177629 0.628526 -0.979237 1.73955
123 -0.260611 -0.883664 -0.55509 -0.149023 1.54137 -0.126621 0.864985 0.970909 0.0427253 -0.290144 0.0891206 0.825781 1.37562 0.428096 -1.50985 0.301612
122 -0.162963 -0.4351 -0.321948 -0.177699 1.44261 -0.127255 0.307027 0.658171 -0.0563925 -0.192998 0.177696 0.612156 1.32571 0.544201 -1.73193 0.431585
120 -0.23465 -0.365477 -0.284618 -0.193256 1.52787 -0.0858837 0.0749306 0.529198 -0.11741 -0.105406 0.0766326 0.656711 1.19564 0.523283 -2.14027 0.750906
121 -0.100842 -0.16052 -0.169392 -0.13171 1.24803 -0.0522261 0.0821565 0.465036 -0.134833 -0.164126 0.0824221 0.584117 1.11859 0.420532 -1.86172 0.65219
125 -0.274103 -1.10488 -0.657396 -0.186523 1.57485 -0.108041 1.11565 1.04012 0.231093 -0.388268 0.126156 1.10128 1.35135 0.436691 -1.24818 0.204922
126 -0.4104 -1.31349 -0.738444 -0.277763 1.60087 0.0300123 1.2879 0.92526 0.328516 -0.416902 0.0651005 1.18601 1.01788 0.258695 -1.00573 0.192165
34 -0.260054 -1.29824 -0.686475 0.0826027 0.150819 0.459924 -0.212903 0.398734 0.0173989 0.329302 -0.181524 1.24069 0.423789 -0.0526907 -0.79692 2.03656
33 -0.415175 -1.56233 -0.671676 0.0601999 0.21314 0.439189 -0.219785 0.389979 -0.0491316 0.387033 -0.0771433 1.49871 0.384988 0.00670777 -0.809564 2.22511
32 -0.694329 -1.59278 -0.353328 0.0473786 0.320295 0.22291 -0.258799 0.356635 -0.0911076 0.302164 0.129581 1.45156 0.161636 0.0486467 -0.592538 2.16425
30 -1.01199 -1.79911 -0.208384 -0.201277 0.450074 0.0729919 -0.195494 0.304895 -0.0820443 0.207763 0.384362 1.37509 0.00450498 0.118913 -0.448882 2.00723
82 -0.902712 -0.473428 -1.39408 -0.0992018 0.227225 0.322989 -0.393646 -0.0388644 0.514751 -0.904661 -0.827246 -0.266297 -0.100057 -0.26777 -2.05952 0.36298
83 -0.966185 -0.37887 -1.58347 -0.205741 0.294108 0.299977 -0.528391 -0.0162698 0.476982 -1.0231 -0.900174 -0.33063 -0.179706 -0.264561 -2.28092 0.403233
84 -0.972557 -0.474863 -1.77757 -0.469695 0.622193 -0.0711174 -0.614012 0.352913 0.25697 -1.14234 -0.77227 -0.457096 -0.398998 -0.29833 -2.15804 0.309332
85 -0.912789 -0.386917 -1.71456 -0.539236 0.726548 -0.25868 -0.632338 0.530763 0.165775 -1.13206 -0.546325 -0.355166 -0.453713 -0.29602 -2.03388 0.307098
144 -0.84719 -1.24019 -0.632622 0.629773 1.22709 -0.0798365 0.696595 0.00218379 -0.278617 -0.211103 -0.300713 0.312529 -0.715641 -1.601 -1.50187 0.740811
146 -0.770207 -1.186 -0.677106 0.611743 1.08502 -0.217808 0.759718 0.0431607 -0.156884 -0.231549 -0.189309 0.453866 -0.739169 -1.56869 -1.69733 1.07064
147 -0.768665 -0.977622 -0.47741 0.763219 0.80605 -0.539418 0.856542 -0.0134326 -0.0904205 -0.147532 -0.0497985 0.503109 -0.558129 -1.34651 -1.81645 1.46128
149 -0.664034 -0.785306 -0.27377 0.829292 0.506514 -0.798203 0.813811 -0.0877431 0.18118 -0.115027 0.00541565 0.555687 -0.418201 -1.00299 -1.83834 1.54732
145 -0.633367 -1.01509 -0.585722 0.570039 1.0026 -0.167197 0.670949 0.0292645 -0.17445 -0.136295 -0.229248 0.383532 -0.612859 -1.35873 -1.39727 0.874848
81 -0.917295 -0.441847 -1.32332 -0.0654964 0.102303 0.356068 -0.453539 -0.143597 0.633656 -0.915356 -1.02681 -0.329875 0.0241522 -0.200268 -2.34233 0.551101
244 -1.08788 -0.118904 0.173489 -1.39499 1.05574 0.265877 0.673248 0.437919 -0.746711 -0.420782 -0.524895 0.622504 -0.228166 -0.33821 -1.59427 0.111982
213 -1.72916 -1.01071 -1.43635 -0.631462 1.79195 -0.28959 0.538036 0.708984 0.535109 -0.835162 -0.295625 0.0613748 0.677807 0.0958904 -0.500563 1.25479
215 -1.55272 -1.05336 -1.55013 -0.655964 1.80179 -0.376047 0.52066 0.691132 0.512444 -0.835617 -0.219036 0.0739195 0.664362 0.0744795 -0.438981 1.18851
216 -1.25661 -1.23618 -1.51628 -0.715058 1.63982 -0.445606 0.337285 0.696936 0.490109 -0.69244 -0.194342 0.0724684 0.63039 0.0984149 -0.43248 1.03478
217 -1.0107 -1.21171 -1.34544 -0.705651 1.34747 -0.385911 0.283832 0.665243 0.38783 -0.578226 -0.287477 0.13836 0.49259 0.0239361 -0.5152 0.94022
214 -1.4221 -0.990621 -1.42446 -0.600436 1.65244 -0.371767 0.456475 0.623162 0.477043 -0.709248 -0.183618 0.064524 0.60685 0.0944919 -0.413979 1.07364
236 -0.261464 0.0946753 0.064965 -1.33745 1.17918 -0.256197 0.770886 0.603179 0.619244 -0.892295 -0.761328 1.31406 -0.180857 -0.545585 -1.55942 0.750143
235 -0.0855969 0.129902 0.103167 -1.09209 1.01642 -0.286412 0.663907 0.695481 0.500414 -0.730772 -0.621872 1.1805 -0.102447 -0.51499 -1.28059 0.728931
14 -1.91139 -0.593598 -0.934284 -0.374431 0.0946619 0.596962 -0.639674 0.170141 -0.471048 0.0268371 -1.00198 0.879689 0.0326333 0.60866 -1.3451 0.451044
13 -1.50986 -0.589079 -0.746463 -0.382695 0.0296888 0.560463 -0.423393 0.141488 -0.447535 0.00879333 -0.881792 0.672643 0.0376345 0.39394 -1.28756 0.257375
12 -1.6945 -0.644298 -0.905655 -0.412674 -0.153957 0.714532 -0.430261 0.00279084 -0.67763 -0.0131701 -1.06 0.856913 0.0873892 0.366354 -1.6534 0.134229
11 -1.45703 -0.782121 -0.813736 -0.512674 -0.243705 0.767559 -0.256095 -0.109955 -0.81563 -0.0168263 -1.08732 0.935896 0.166522 0.164566 -2.06191 0.0462548
10 -1.27141 -0.752659 -0.70294 -0.505452 -0.225698 0.689448 -0.289459 -0.096748 -0.776032 -0.0301294 -0.923324 0.791267 0.186364 0.028417 -1.86732 0.0279047
237 -0.467933 0.135509 0.0772409 -1.50982 1.32226 -0.188933 0.776836 0.430012 0.709755 -0.969368 -0.874374 1.24799 -0.359947 -0.609826 -1.62422 0.595097
238 -0.549445 0.125803 0.0651452 -1.38159 1.16678 -0.092145 0.62373 0.315594 0.545647 -0.907006 -0.786611 1.05486 -0.322152 -0.531978 -1.50489 0.500866
239 -0.632269 0.210182 0.0886523 -1.48491 1.19282 -0.0573376 0.686546 0.296773 0.460416 -0.981666 -0.84067 1.01098 -0.434164 -0.550638 -1.54579 0.415215
240 -1.00905 0.0942133 0.0617185 -1.49786 1.20198 0.0763267 0.638777 0.212192 -0.137975 -0.865554 -0.693936 0.891486 -0.538388 -0.449226 -1.66067 0.245675
23 -1.89485 -1.74898 -0.565198 -0.742787 0.533426 -0.0798041 -0.848408 0.729152 -0.376517 -0.480772 -0.237839 0.66357 -0.451819 0.199868 -0.550106 1.19279
22 -1.80599 -1.68527 -0.589446 -0.724735 0.428874 -0.133063 -0.824536 0.713638 -0.431026 -0.442299 -0.184586 0.600315 -0.403634 0.172046 -0.540644 0.988174
21 -1.95547 -1.64326 -0.765251 -0.69476 0.457002 -0.000372657 -0.864688 0.765511 -0.477674 -0.441169 -0.351064 0.584695 -0.291224 0.257442 -0.620452 1.05706
20 -1.9355 -1.36647 -0.986899 -0.463661 0.286235 0.0948858 -0.911033 0.623656 -0.539941 -0.332088 -0.511927 0.445625 -0.112721 0.433346 -0.671343 0.849271
19 -1.89108 -1.29355 -1.03736 -0.450563 0.275568 0.190269 -0.864674 0.664211 -0.53162 -0.233023 -0.60904 0.455489 -0.0219319 0.403061 -0.766118 0.831834
18 -1.95838 -1.23235 -1.12217 -0.438089 0.380236 0.258134 -0.946891 0.667274 -0.494015 -0.274969 -0.693018 0.662885 0.0568433 0.429112 -1.01904 1.00902
119 -0.0994603 -0.180218 -0.146811 -0.111284 1.53139 0.0601861 -0.0394637 0.377583 -0.288832 -0.0892434 0.0209667 0.643382 1.07348 0.305664 -2.38011 0.869414
118 -0.0747744 -0.0799117 -0.0408824 -0.14079 1.25767 0.0790224 -0.162142 0.308103 -0.306685 -0.0448941 0.0120365 0.538869 0.842781 0.175477 -2.25246 0.820039
117 -0.0241514 -0.147372 -0.0690706 -0.0582823 1.52391 0.274663 -0.0497511 0.300093 -0.394493 0.024828 0.0706611 0.64364 0.945101 0.122142 -2.50647 0.766565
116 -0.12259 -0.350603 0.0186469 0.143211 1.4552 0.645837 0.161724 0.235483 -0.514778 -0.0684871 -0.0457944 0.777903 0.707758 -0.312777 -2.48803 0.714497
114 -0.283818 -0.519234 -0.0387305 0.153753 1.27725 0.765827 0.447953 0.242279 -0.611613 -0.132397 -0.154295 0.878833 0.582665 -0.427965 -2.45144 0.682793
115 -0.149568 -0.325094 0.0321396 0.14697 1.15861 0.633747 0.228004 0.177082 -0.493561 -0.0196874 -0.101731 0.714416 0.602314 -0.293735 -2.08352 0.510513
157 -0.618152 -1.26335 -0.0945943 0.00437331 1.44115 -1.14166 0.835305 0.131688 0.261036 0.0297028 -0.538461 0.727135 0.218787 0.746769 -0.935338 0.514467
158 -0.521125 -1.45236 -0.153442 -0.0130427 1.74883 -1.17939 0.80825 0.187335 0.375297 0.0979634 -0.614992 0.871492 0.139821 0.825447 -0.963682 0.522099
297 -0.423513 -1.37929 -1.26407 -0.832181 0.666731 0.187591 0.688107 0.751345 -0.896799 0.386102 0.222652 0.277166 0.603855 0.768896 -1.48813 0.947448
299 -0.477291 -1.4438 -1.17763 -0.843085 0.661012 0.194779 0.650762 0.979102 -1.02285 0.231162 0.435944 0.151592 0.807039 0.701901 -1.47307 1.02379
0 -0.661573 -1.437 -0.814207 -0.798022 0.485255 0.360344 0.435323 1.04384 -1.14909 -0.0432112 0.52556 -0.0490939 0.99917 0.510719 -1.65438 1.11807
1 -0.638779 -1.21209 -0.674019 -0.66579 0.303819 0.42465 0.222553 0.93445 -1.09313 -0.175946 0.568273 -0.135131 0.921425 0.400544 -1.55057 0.91723
2 -0.597383 -1.21334 -0.544174 -0.696648 0.102827 0.517033 0.0879614 0.9487 -1.26714 -0.225975 0.578554 -0.119027 0.955622 0.385424 -1.80411 1.00331
111 -0.190872 0.0373405 0.0937736 0.38975 0.64489 1.09313 0.66594 0.333536 -0.609682 -0.17356 -0.671655 1.32444 0.680532 -0.593963 -2.36404 0.768563
112 -0.313847 -0.245444 0.0738378 0.331209 0.722328 0.907917 0.585052 0.202465 -0.623253 -0.163529 -0.457576 1.07513 0.480482 -0.506512 -2.24652 0.670293
113 -0.261616 -0.268043 0.106946 0.438056 1.00497 1.08089 0.588825 0.2323 -0.699475 -0.15187 -0.494094 1.1969 0.681827 -0.616049 -2.59572 0.746573
155 -1.0033 -1.27083 0.138064 0.139376 1.09704 -1.42435 1.06595 0.0602569 0.291334 0.0577723 -0.256091 0.63479 0.295675 0.409948 -1.33159 0.757532
75 -0.811105 -0.521479 0.155825 -0.324589 -0.229891 -0.0200206 -0.673671 -0.0153262 0.63386 -0.247863 -1.34094 -0.226651 0.454675 0.545351 -2.1255 1.35431
76 -0.730634 -0.455012 -0.0497746 -0.231523 -0.156708 0.131229 -0.606819 0.000940601 0.641581 -0.294317 -1.16747 -0.348632 0.439404 0.356958 -1.93404 1.14735
77 -0.871992 -0.403136 -0.238743 -0.233725 -0.187559 0.113806 -0.608498 -0.0593703 0.678224 -0.465069 -1.2718 -0.319944 0.41562 0.295242 -2.27008 1.1758
169 -0.777006 -0.860307 -0.671292 0.579506 0.758158 0.0724994 -0.0230772 0.226868 0.796578 -0.487874 -1.12732 0.578257 -0.130678 0.659384 -1.34934 0.316734
170 -1.027 -0.81756 -0.74761 0.824817 0.87944 0.200516 0.028607 0.298217 0.932242 -0.700344 -1.35925 0.63323 -0.2269 0.703256 -1.45329 0.264698
171 -1.35087 -0.612816 -0.611184 0.953319 0.811334 0.154388 0.011244 0.455946 0.691662 -0.84279 -1.35653 0.695331 -0.389372 0.492067 -1.22002 0.417297
168 -0.659625 -1.18943 -0.924307 0.707372 0.932288 0.0537067 -0.0471022 0.100278 1.09271 -0.474169 -1.14584 0.63559 0.0510631 0.842647 -1.5944 0.22375
167 -0.417822 -1.42118 -1.15905 0.605428 1.08277 0.0207732 -0.0947437 0.0199022 1.20402 -0.274181 -1.06889 0.667796 0.294019 0.905504 -1.76402 0.256461
258 -0.959638 -0.777134 -0.25087 -1.17376 1.09384 -0.003044 0.396008 0.0804 -0.30031 -0.86121 -0.861704 0.270698 0.0113408 0.26494 -0.965116 1.2065
259 -0.817148 -0.671189 -0.311246 -0.988106 0.894004 -0.0456262 0.358114 0.0417913 -0.267469 -0.828962 -0.839599 0.296541 0.051607 0.308786 -0.93597 1.15608
260 -0.802429 -0.50603 -0.17011 -1.20306 1.04576 -0.0109759 0.388316 -0.193288 -0.444532 -1.13888 -1.03416 0.220173 0.0819042 0.521656 -0.831748 1.52403
127 -0.440329 -1.28175 -0.741568 -0.280736 1.38729 0.0201828 1.1461 0.850807 0.343132 -0.40723 -0.0349296 1.15211 0.747349 0.189539 -0.83651 0.24718
128 -0.568367 -1.51535 -0.887168 -0.459075 1.48853 0.0641607 1.40804 0.905535 0.403648 -0.488229 -0.191631 1.3719 0.728745 0.0643505 -0.818523 0.26214
103 -0.212608 -0.151373 -0.483053 -0.613709 -0.10565 0.476293 -0.105077 1.09153 0.27833 -0.176376 -0.977348 1.32066 0.386071 -0.201298 -0.983637 0.865134
102 -0.197552 -0.384638 -0.492133 -0.88364 -0.0341902 0.740512 -0.326359 1.35149 0.488648 -0.252454 -0.989825 1.46709 0.448011 -0.150465 -0.942783 0.907363
104 -0.295339 -0.0642614 -0.516659 -0.755468 -0.17008 0.56028 -0.0385541 1.29146 0.344412 -0.16412 -1.25067 1.55564 0.44322 -0.235186 -1.21893 1.02063
101 -0.393936 -1.09154 -0.521923 -1.14788 0.386756 0.671537 -0.583649 1.36712 0.67265 -0.51992 -0.600084 1.24283 0.487879 0.0721 -0.843614 0.962907
48 -0.329486 -1.56405 0.0469639 0.102824 -0.0189845 0.377848 0.490995 0.834367 -0.824683 -0.163084 -1.89874 1.10742 0.880584 0.232938 -1.03001 0.580604
47 -0.415173 -1.50259 -0.0429511 -0.0909718 -0.0718497 0.395131 0.76998 0.761005 -0.961994 -0.469942 -1.86321 1.22157 1.10053 0.319094 -1.01894 0.390594
185 -1.27283 -1.64661 -0.00746573 -0.463174 0.374878 -0.621182 0.258331 1.10478 -0.49605 0.433665 -1.11511 1.0326 -0.64404 0.0161909 -1.27398 -0.328219
186 -1.21398 -1.65125 -0.0128621 -0.718129 0.103939 -0.589546 0.260891 1.03654 -0.499906 0.448935 -0.997739 0.794245 -0.682287 -0.176872 -1.47522 -0.278953
188 -1.1532 -1.48463 0.0909208 -0.93226 -0.0584173 -0.407648 0.288791 0.857374 -0.326525 0.307757 -0.680767 0.5446 -0.738676 -0.292132 -1.50267 -0.18705
183 -1.26057 -1.58011 -0.0991259 -0.343193 0.461103 -0.652166 0.291411 1.14427 -0.491363 0.263693 -1.13425 1.17655 -0.446998 0.124997 -0.973041 -0.274156
184 -1.21869 -1.46171 -0.0304676 -0.339477 0.380217 -0.562367 0.200904 1.05322 -0.495466 0.323388 -1.04617 1.03472 -0.509415 0.0397265 -0.897246 -0.355436
124 -0.275759 -0.96084 -0.56799 -0.0972678 1.46176 -0.193913 0.960208 0.929493 0.178623 -0.254293 0.0790312 0.815018 1.32238 0.485272 -1.1593 0.22207
269 -0.301073 -1.33559 0.227379 -0.7579 1.31896 -0.47799 0.104038 -0.516405 0.0135712 -1.45139 -0.620146 0.0772134 0.54277 -0.348314 -1.3431 1.24637
268 -0.4219 -1.18138 0.245145 -0.666357 1.26365 -0.457178 0.14051 -0.538153 0.0449445 -1.46684 -0.683144 0.144234 0.603894 -0.21059 -1.22526 1.15171
267 -0.431267 -1.25605 0.294425 -0.847143 1.3994 -0.568286 0.173005 -0.620819 -0.0676554 -1.61984 -0.730626 0.09628 0.678129 -0.154126 -1.33806 1.24743
241 -0.897862 -0.0113533 -0.00442477 -1.30326 1.05897 0.0715712 0.56473 0.258516 -0.193724 -0.829528 -0.61288 0.75405 -0.454897 -0.351418 -1.52124 0.196593
242 -1.20323 -0.071535 0.0938511 -1.57546 1.19662 0.186047 0.716509 0.3508 -0.561428 -0.726644 -0.654671 0.77643 -0.441406 -0.394084 -1.77325 0.165827
249 -1.36741 -0.606535 0.147998 -1.54184 1.19125 0.542414 0.439983 0.828204 -0.606819 0.22948 -0.557263 0.505641 -0.000907047 -0.172269 -1.43121 0.267277
251 -1.44763 -0.855262 -0.00954287 -1.59118 1.23824 0.548123 0.357623 1.01396 -0.44786 0.514659 -0.458509 0.329627 -0.149161 -0.22523 -1.34195 0.343807
250 -1.23785 -0.679095 0.0840163 -1.42964 1.07205 0.531623 0.323513 0.801853 -0.509596 0.318154 -0.436585 0.40523 0.00118414 -0.13537 -1.24909 0.27072
176 -1.73122 -0.63147 -0.273394 0.870449 0.932926 -0.132547 0.188762 0.91094 0.149673 -0.848883 -1.20796 1.24385 -0.365481 0.122988 -0.839133 0.603798
175 -1.6 -0.488455 -0.342595 0.84027 0.792651 -0.0216524 0.0839062 0.783906 0.143143 -0.764162 -1.08293 1.01593 -0.339936 0.098514 -0.837146 0.632108
174 -1.7387 -0.515042 -0.370371 0.921248 0.860315 0.02479 0.111313 0.824921 0.28197 -0.907123 -1.25614 1.02364 -0.473551 0.175784 -1.06672 0.684407
177 -1.7382 -1.07511 -0.263236 0.681894 0.947094 -0.310673 0.269176 1.1185 -0.0428374 -0.837831 -1.27692 1.54737 -0.305108 0.182373 -0.701979 0.496476
179 -1.65676 -1.24747 -0.237569 0.475605 0.965 -0.439799 0.255294 1.11914 -0.0412222 -0.701131 -1.30984 1.59193 -0.339916 0.216806 -0.611539 0.398936
180 -1.56696 -1.57258 -0.227085 0.207042 0.860532 -0.517334 0.28311 1.25605 -0.244276 -0.556387 -1.32114 1.63248 -0.309194 0.257049 -0.516489 0.0960612
165 -0.267868 -1.50489 -1.10093 0.542309 1.26552 -0.259354 -0.0426625 0.0484676 1.14721 -0.203719 -1.08423 0.769063 0.223669 0.899283 -1.78234 0.375185
295 -0.166348 -1.23923 -1.54128 -0.829146 0.667265 0.0719112 0.821009 0.442425 -0.412488 0.400372 -0.315226 0.464913 0.0036214 0.786573 -1.02768 0.660048
296 -0.30859 -1.40867 -1.56722 -0.934431 0.742528 0.0901762 0.816267 0.661034 -0.643292 0.41267 -0.0773484 0.362606 0.257952 0.782691 -1.21363 0.781204
294 -0.291106 -1.27593 -1.61957 -0.825491 0.680958 0.0469687 0.919655 0.480436 -0.361654 0.316691 -0.399183 0.429027 -0.103699 0.778184 -1.03247 0.56211
28 -1.13318 -1.712 -0.127044 -0.547571 0.675255 -0.0705316 -0.185353 0.418974 -0.0882513 0.0228954 0.253446 1.08431 -0.270623 0.0884165 -0.378119 1.57663
100 -0.396649 -1.18748 -0.488562 -1.19103 0.428518 0.745023 -0.615822 1.30506 0.665754 -0.574886 -0.597604 1.21983 0.484865 0.0702319 -0.845603 0.929729
78 -0.885371 -0.505281 -0.578525 -0.0904716 -0.0559043 0.268684 -0.469978 -0.0779073 0.667501 -0.583627 -1.26683 -0.363806 0.288545 0.130745 -2.24366 1.0078
79 -0.711932 -0.414082 -0.676686 -0.00937249 -0.0675786 0.267467 -0.392545 -0.140156 0.56794 -0.588234 -0.967105 -0.194205 0.125073 -0.0160134 -2.00327 0.708385
80 -0.816155 -0.443739 -0.938838 -0.0352208 -0.0688284 0.451628 -0.50423 -0.194743 0.675766 -0.774082 -1.09432 -0.29484 0.184181 -0.101997 -2.31746 0.696497
31 -0.840702 -1.54186 -0.228939 -0.110809 0.374801 0.0829071 -0.235068 0.312755 -0.0582102 0.215935 0.30428 1.32782 0.0714847 0.177804 -0.516282 1.95633
227 -0.0278936 -0.425691 -0.49033 -0.964811 0.70287 -0.729767 0.552674 1.83006 0.488439 -0.132689 -0.12049 1.28232 0.251345 -0.437941 -1.12131 1.16797
225 -0.228118 -0.907631 -0.598846 -1.03256 0.473967 -0.817311 0.428009 1.85279 0.479531 -0.134258 -0.339502 0.832326 0.241649 -0.577385 -0.862366 1.07633
252 -1.5513 -0.986407 -0.241566 -1.56921 1.37067 0.609673 0.310823 1.16662 -0.155404 0.493678 -0.370233 0.299158 -0.291333 -0.296393 -1.38392 0.525164
15 -2.08504 -0.701651 -1.05302 -0.307008 0.219989 0.546881 -0.94812 0.356538 -0.542767 0.0327348 -0.990539 0.900022 0.158991 0.689593 -1.24222 0.798373
16 -1.99929 -0.677494 -1.01028 -0.287213 0.220414 0.519649 -0.919774 0.305018 -0.480687 0.0342299 -0.925391 0.774312 0.130584 0.661331 -1.03683 0.723803
40 0.0244182 -1.3758 -1.84059 0.0180107 -0.0492224 0.0820235 0.472729 0.345005 -0.349841 -0.2873 -0.85444 1.08793 0.920073 -0.558114 -0.768688 0.749139
41 -0.0302795 -1.50446 -2.0203 -0.0226215 -0.055934 0.11332 0.512694 0.398115 -0.359719 -0.387379 -0.980588 1.1463 0.972449 -0.611687 -0.890215 0.846815
187 -1.04742 -1.27629 0.0413882 -0.744849 0.0533614 -0.422987 0.240377 0.768229 -0.370649 0.328486 -0.684309 0.588058 -0.595093 -0.165228 -1.3163 -0.22932
253 -1.4253 -0.884431 -0.170172 -1.40851 1.17581 0.452044 0.274803 1.02587 -0.0649279 0.379519 -0.374053 0.275096 -0.42562 -0.342307 -1.19308 0.492487
254 -1.51716 -0.971281 -0.225491 -1.53662 1.21837 0.52822 0.295726 1.15191 -0.122061 0.430781 -0.370064 0.249355 -0.362713 -0.373548 -1.28283 0.584576
189 -1.34263 -1.51703 0.0547079 -1.29257 -0.249219 -0.524327 0.417126 0.844263 -0.0518893 -0.0918701 -0.457779 0.13951 -0.680247 -0.384954 -1.73145 0.189541
272 0.0636818 -1.87583 0.322912 -0.579147 1.22335 -0.677161 -0.171014 -0.0606339 0.0464742 -0.736196 -0.454586 -0.315795 0.238855 -0.694976 -1.50493 0.911377
273 0.115256 -1.89161 0.235779 -0.59106 1.20238 -0.613192 -0.16982 0.276775 -0.127193 -0.3026 -0.675293 -0.326506 0.108796 -0.626337 -1.65123 1.10205
274 0.214723 -1.65571 0.299085 -0.559387 0.954204 -0.561617 -0.150845 0.334421 -0.178606 0.0145451 -0.671899 -0.413639 0.00821669 -0.473171 -1.41642 1.08008
271 0.035965 -1.63652 0.247152 -0.471684 1.12803 -0.597398 -0.155956 -0.183205 0.0848379 -0.793412 -0.276144 -0.27003 0.23363 -0.604095 -1.29798 0.714044
94 -0.803818 -0.645752 -0.941152 -0.76185 0.447549 -0.0725058 -0.720322 1.07481 0.659492 -0.683165 0.217694 0.658011 0.120413 -0.0391457 -1.59569 0.988355
95 -0.842071 -0.68781 -0.89418 -0.902802 0.447293 -0.00553293 -0.870981 1.1652 0.671036 -0.793403 0.339797 0.600678 0.147733 -0.0533722 -1.40596 0.940504
206 -0.253261 -0.261657 -0.773747 -0.202851 1.02152 -0.137286 1.37109 -0.210261 -0.305311 0.316966 -1.08533 0.73488 -0.0312366 0.464023 -1.4276 0.765556
218 -1.08389 -1.27874 -1.39245 -0.779679 1.38864 -0.456964 0.271533 0.803599 0.422702 -0.651577 -0.302764 0.175013 0.528726 -0.00280863 -0.590857 1.01781
219 -0.812977 -1.27464 -1.06505 -0.882296 0.937045 -0.527772 0.236555 1.17104 0.438714 -0.474939 -0.389486 0.303418 0.353228 -0.192811 -0.571567 0.943612
221 -0.6126 -1.34803 -0.848624 -0.947395 0.63417 -0.671686 0.249755 1.51299 0.473053 -0.400843 -0.583947 0.538242 0.283189 -0.430153 -0.866367 1.09254
220 -0.656603 -1.13842 -0.82132 -0.759243 0.730014 -0.464422 0.252556 1.08486 0.353746 -0.394594 -0.407306 0.299464 0.296387 -0.22747 -0.591944 0.827086
156 -0.808203 -1.37197 0.088777 -0.026813 1.39761 -1.39923 1.00502 0.0550899 0.297018 0.0618276 -0.390184 0.740762 0.282453 0.675267 -1.16142 0.652613
255 -1.34431 -0.930388 -0.229796 -1.36139 1.09639 0.373804 0.273668 0.899311 -0.0865448 0.187369 -0.370409 0.326979 -0.300096 -0.265728 -1.12835 0.480776
257 -1.16426 -0.913073 -0.35724 -1.12581 1.004 0.14497 0.372133 0.540987 -0.154958 -0.320922 -0.609775 0.361617 -0.119199 -0.0322724 -1.0568 0.780979
130 -0.555142 -1.4947 -0.844589 -0.608188 1.31292 0.214425 1.26933 0.587036 0.373795 -0.535338 -0.678706 1.13755 0.428217 -0.331449 -0.491994 0.239529
298 -0.411099 -1.28864 -1.23763 -0.786209 0.699161 0.152129 0.669783 0.76238 -0.80306 0.394333 0.297107 0.24004 0.650912 0.717777 -1.3028 0.919122
143 -0.97825 -1.44854 -0.598476 0.357451 1.52631 0.194645 0.531773 0.0245235 -0.347772 -0.249006 -0.460319 0.119563 -0.623794 -1.3778 -1.381 0.282817
142 -1.11166 -1.51214 -0.540575 0.0588105 1.53271 0.229189 0.299442 0.140121 -0.323356 -0.383074 -0.567236 0.0802737 -0.427919 -0.986859 -1.15037 -0.0233722
141 -1.30037 -1.82631 -0.638636 0.000636376 1.82556 0.410983 0.361529 0.0224825 -0.370698 -0.444485 -0.814452 0.0867599 -0.412528 -1.11087 -1.37177 -0.0188276
140 -1.27884 -1.89524 -0.695172 -0.375671 1.75497 0.514519 0.197331 0.0560358 -0.342623 -0.590192 -1.20217 0.180139 -0.259993 -0.6688 -1.16324 -0.163015
138 -1.1962 -1.91869 -0.709971 -0.548597 1.62284 0.542658 0.242571 -0.0619408 -0.310707 -0.565777 -1.36488 0.285835 -0.026805 -0.615751 -1.04872 0.00305589
139 -1.16132 -1.75442 -0.600934 -0.398934 1.58519 0.53196 0.167719 -0.0392037 -0.365003 -0.483502 -1.00992 0.103562 -0.195999 -0.60531 -0.850342 -0.198374
17 -2.04955 -0.948596 -1.09472 -0.388917 0.32006 0.424776 -0.89208 0.498971 -0.495607 -0.114103 -0.935068 0.835877 0.154456 0.575924 -1.21916 0.892509
5 -0.496725 -1.22146 -0.453531 -0.71716 -0.27281 0.761346 -0.442326 0.688667 -1.26008 -0.36064 0.142098 0.230719 0.725622 0.076765 -2.35887 0.943231
3 -0.506658 -1.19069 -0.473442 -0.730966 -0.196837 0.694329 -0.339361 0.842668 -1.23911 -0.376066 0.363551 0.0301588 0.766688 0.184918 -2.18266 1.00451
4 -0.474141 -0.982333 -0.395118 -0.573958 -0.32205 0.623208 -0.432287 0.657003 -1.07528 -0.324344 0.134965 0.174479 0.560025 0.0959739 -2.05988 0.809256
275 0.218932 -1.80477 0.338604 -0.707656 1.05903 -0.681267 -0.103492 0.408329 -0.263401 0.0957759 -0.855147 -0.485313 0.0730724 -0.486707 -1.59932 1.39728
224 -0.449956 -1.45114 -0.758658 -1.12773 0.452522 -0.892268 0.310821 1.97736 0.565304 -0.240543 -0.632629 0.712338 0.289944 -0.636475 -0.91906 1.3041
223 -0.422746 -1.37427 -0.697979 -1.03381 0.381468 -0.814689 0.190467 1.79347 0.496867 -0.233814 -0.577256 0.593337 0.263875 -0.606844 -0.741563 1.11709
222 -0.497596 -1.4806 -0.796356 -1.13893 0.487251 -0.840306 0.314214 1.92763 0.55503 -0.245893 -0.680948 0.734351 0.281979 -0.621431 -0.924425 1.24967
290 -0.992718 -1.3927 -1.77755 -0.805475 0.389436 0.500285 0.96204 0.652115 -0.305223 -0.560403 -0.717297 -0.122743 -0.410689 0.800778 -1.10565 0.262923
105 -0.281887 0.196616 -0.535559 -0.509481 -0.21015 0.485035 0.172561 1.1244 0.175737 -0.08894 -1.3767 1.5825 0.427334 -0.293283 -1.49035 1.13828
148 -0.574242 -0.717782 -0.269976 0.751239 0.470318 -0.737241 0.72487 -0.135147 0.0681578 -0.0878951 0.0183716 0.499359 -0.43097 -1.01715 -1.75849 1.49175
182 -1.33403 -1.64291 -0.12894 -0.104745 0.688733 -0.618502 0.278567 1.20645 -0.321888 -0.104988 -1.24937 1.38303 -0.38903 0.225138 -0.673045 -0.242056
181 -1.33378 -1.52906 -0.257709 0.108046 0.787939 -0.508846 0.282937 1.12117 -0.219196 -0.424493 -1.21995 1.42006 -0.250056 0.287587 -0.509042 0.0412863
86 -1.00787 -0.512609 -1.80437 -0.552032 0.730083 -0.248435 -0.601344 0.503948 0.149351 -1.21334 -0.713779 -0.398939 -0.436013 -0.251071 -2.15765 0.32959
178 -1.48281 -0.946512 -0.201803 0.573482 0.867193 -0.319964 0.159719 0.911884 -0.0324354 -0.779905 -1.14535 1.37428 -0.286528 0.186091 -0.477635 0.344633
129 -0.591758 -1.58415 -0.884409 -0.554491 1.45948 0.186149 1.33207 0.765348 0.426034 -0.50119 -0.422636 1.28407 0.623623 -0.219789 -0.550212 0.260532
173 -1.68554 -0.504704 -0.469811 0.962618 0.86007 0.060989 0.129029 0.697976 0.511032 -0.897287 -1.365 0.905339 -0.482988 0.359448 -1.15933 0.552442
270 -0.0776998 -1.75834 0.30528 -0.575114 1.33898 -0.592456 -0.146629 -0.341118 0.0858915 -1.18204 -0.368229 -0.215705 0.370709 -0.598528 -1.40903 0.865452
172 -1.31934 -0.450812 -0.484406 0.924126 0.765028 0.0937259 0.0556209 0.477252 0.556483 -0.823876 -1.24178 0.668564 -0.358256 0.373387 -1.05091 0.429965
256 -1.16909 -0.846109 -0.243702 -1.12546 0.934382 0.287789 0.298291 0.730467 -0.126394 0.0441045 -0.386482 0.324663 -0.232786 -0.145934 -1.03314 0.487305
166 -0.262023 -1.42623 -1.02547 0.505988 1.03476 -0.171859 -0.0632461 0.0114316 1.14676 -0.184031 -0.897698 0.639186 0.312673 0.836587 -1.6497 0.26399
226 -0.219935 -0.658844 -0.515412 -0.859382 0.547232 -0.589526 0.432592 1.58409 0.39786 -0.171362 -0.339473 0.892804 0.216424 -0.399197 -0.900652 0.984754
