300 32
195 0.141364 -0.402369 0.135203 0.159902 0.196609 0.0935861 -0.256625 -0.375566 -0.252404 -0.00652221 -0.781955 -0.658185 0.188425 0.803037 -0.196596 -0.717052 0.438975 -0.254914 -0.118455 -0.297203 0.809106 -0.89553 -0.579004 -0.161861 1.31915 0.272924 -0.852863 -0.607933 -0.344482 -0.472675 -0.882784 -0.567606
196 0.0222806 -0.407755 0.153448 0.0399186 0.268392 0.132185 -0.261666 -0.338957 -0.107629 0.0641436 -0.707072 -0.614592 0.230664 0.729081 -0.111029 -0.567775 0.29102 -0.330533 -0.126839 -0.325965 0.708621 -0.750342 -0.531027 -0.167564 1.14912 0.1932 -0.708342 -0.491723 -0.309686 -0.370021 -0.83458 -0.537754
194 0.251978 -0.459329 0.0108613 0.280348 0.0265404 -0.00631114 -0.133803 -0.397231 -0.395078 -0.0664385 -0.772874 -0.626043 0.0295137 0.671117 -0.37876 -0.766078 0.56185 -0.123593 -0.182723 -0.110092 0.769419 -0.884391 -0.565847 -0.139089 1.24974 0.220353 -0.928859 -0.638939 -0.312982 -0.431721 -0.747025 -0.51386
192 0.418878 -0.370988 -0.139511 0.372117 -0.121118 -0.106525 -0.0473607 -0.296759 -0.591265 -0.0934604 -0.736726 -0.579897 -0.14072 0.651299 -0.603788 -0.841031 0.774306 -0.0171925 -0.182607 -0.0719399 0.842929 -0.969569 -0.592557 -0.110768 1.30499 0.27308 -1.04822 -0.73481 -0.315156 -0.458944 -0.629818 -0.358104
193 0.312228 -0.388257 -0.0725031 0.289868 -0.0397278 -0.0187365 -0.0792474 -0.291811 -0.447924 -0.0750604 -0.647173 -0.536664 -0.061574 0.569507 -0.427268 -0.668857 0.592425 -0.0344743 -0.149523 -0.079806 0.707969 -0.873435 -0.531806 -0.082052 1.14142 0.239856 -0.886629 -0.610498 -0.288362 -0.390397 -0.589987 -0.371663
45 0.464478 -0.427981 -1.09292 0.308655 -0.169379 0.218705 0.13268 0.297525 0.0507558 -0.544703 0.281996 0.486364 0.21859 1.04281 -0.557134 -0.427447 0.177794 -0.129676 0.851022 -1.15261 -0.00731718 -0.864747 0.777003 -0.889647 0.639832 0.177187 -0.523675 0.0132201 -0.711175 -1.02228 0.0191497 0.127665
46 0.465076 -0.448087 -1.06323 0.303318 -0.179215 0.224956 0.0894066 0.300865 0.0800957 -0.494624 0.278364 0.44761 0.200188 0.936063 -0.501183 -0.359099 0.160378 -0.0767534 0.806406 -1.05143 -0.0281057 -0.768986 0.72193 -0.845544 0.594674 0.148947 -0.456566 0.0321357 -0.699267 -1.01556 -0.023159 0.126822
47 0.468906 -0.416025 -1.07379 0.350887 -0.156413 0.20663 0.032184 0.253468 0.143588 -0.493194 0.279959 0.392897 0.183615 1.00844 -0.531385 -0.388339 0.18911 -0.108425 0.843323 -1.10889 0.0839103 -0.829038 0.719069 -0.863604 0.794849 0.12977 -0.479406 0.0781641 -0.703154 -1.17564 -0.114949 0.160383
24 0.00841588 -0.366793 -0.523188 0.670033 0.535567 -0.339813 -0.547453 -0.181308 -0.0892964 0.194822 0.807483 0.307473 0.381435 0.332644 -0.496074 -1.15003 0.340935 -0.321504 0.290098 -0.815502 0.0385105 -0.294859 0.384948 0.0974206 1.14103 0.798987 -0.964381 0.547672 0.166279 -0.530978 -0.0849575 0.716017
26 -0.0274629 -0.380584 -0.475521 0.67325 0.484272 -0.387797 -0.538495 -0.264075 -0.0449587 0.232178 0.722021 0.345364 0.349812 0.205288 -0.521341 -1.13191 0.219658 -0.289004 0.180927 -0.735115 -0.0745581 -0.397653 0.446062 0.120996 1.23281 0.798501 -1.03836 0.584611 0.0967113 -0.609252 -0.0710091 0.801746
25 0.00288697 -0.378772 -0.506752 0.673841 0.472521 -0.4017 -0.543648 -0.234044 -0.0665104 0.21719 0.716257 0.326727 0.353254 0.210193 -0.45906 -1.05648 0.236343 -0.255959 0.183731 -0.704429 -0.0362434 -0.286366 0.422348 0.151615 1.11301 0.765246 -0.932647 0.553499 0.0954605 -0.536826 -0.0328119 0.748399
27 -0.00315726 -0.325447 -0.329976 0.452613 0.208921 -0.353878 -0.344705 -0.446045 -0.0795708 0.249973 0.666857 0.343129 0.359048 -0.0127513 -0.578403 -0.867558 0.0505265 -0.115181 -0.0152497 -0.522696 -0.267994 -0.757627 0.342947 -0.0526702 1.32604 0.794527 -1.23368 0.508498 -0.00623041 -0.560084 -0.0668671 1.04492
29 -0.0205159 -0.270453 -0.17094 0.265086 0.0819818 -0.260206 -0.183406 -0.508989 -0.0937542 0.266906 0.650109 0.367904 0.390793 -0.140982 -0.647073 -0.816565 0.012656 0.00193266 -0.0949689 -0.446677 -0.364559 -0.989185 0.199483 -0.157362 1.44493 0.747839 -1.37821 0.421181 0.0343107 -0.557699 -0.0879751 1.08322
30 -0.0701832 -0.159803 -0.0765825 0.136166 -0.0845997 -0.16918 -0.086775 -0.49644 -0.168126 0.249812 0.629882 0.365549 0.380788 -0.204558 -0.643617 -0.726 -0.0550794 0.039705 -0.163171 -0.292527 -0.390416 -1.07639 0.159124 -0.286157 1.37656 0.635645 -1.42347 0.350488 0.0398292 -0.489923 -0.00558621 1.08803
32 -0.0814643 -0.0633688 -0.0956796 0.064442 -0.10487 0.0289689 -0.0164279 -0.41459 -0.252355 0.148251 0.667277 0.409589 0.419655 -0.160611 -0.694289 -0.734998 0.000803412 0.0523966 -0.0101864 -0.311164 -0.292755 -1.06752 0.105593 -0.332743 1.23898 0.520356 -1.35971 0.227267 0.0580377 -0.43863 0.0252832 0.930411
31 -0.06559 -0.0861553 -0.0715487 0.0484055 -0.0938789 -0.0254722 -0.0127117 -0.413886 -0.181611 0.185955 0.578232 0.334848 0.322198 -0.15689 -0.603083 -0.657756 -0.0262571 0.032631 -0.054735 -0.246528 -0.300415 -0.966013 0.119159 -0.305126 1.15505 0.518934 -1.24598 0.244223 0.0511863 -0.409924 0.0179513 0.851866
255 0.409503 -0.714086 0.244006 -0.216207 0.0564901 0.265105 -0.442127 0.791491 -0.44174 0.234855 0.183906 0.52985 0.151793 0.423544 -0.47569 -0.732723 0.308085 -0.560566 -0.851673 -0.0399381 -0.515437 -0.904508 0.122969 -0.561207 1.46851 -0.227746 -0.853566 -0.2773 -0.233046 -0.0639859 -0.541241 0.224699
254 0.246129 -0.840101 0.371201 -0.251146 0.189659 0.258186 -0.4565 0.847477 -0.54879 0.197271 0.0963388 0.511529 0.197353 0.551368 -0.42635 -0.834724 0.253796 -0.78377 -0.977239 -0.0981104 -0.581335 -0.920617 0.195644 -0.730983 1.46731 -0.24905 -1.03062 -0.119056 -0.501324 -0.110383 -0.706381 0.296464
257 0.437667 -0.632156 0.136361 -0.235341 0.0330122 0.236028 -0.415026 0.70085 -0.29687 0.300298 0.296804 0.50721 0.167669 0.456423 -0.482066 -0.705876 0.305554 -0.442201 -0.718397 -0.0697608 -0.459982 -0.865618 0.109147 -0.532298 1.5172 -0.24849 -0.821644 -0.385832 -0.100814 -0.0500794 -0.431687 0.143665
258 0.465391 -0.271682 0.00225901 -0.288511 -0.0337533 0.301031 -0.34508 0.752535 0.0146264 0.540563 0.573064 0.521424 0.222525 0.647507 -0.561446 -0.761224 0.160077 -0.134425 -0.394458 -0.234678 -0.269682 -0.807915 0.142035 -0.505407 1.54601 -0.346331 -0.63479 -0.659893 0.168587 0.079123 -0.333499 -0.0106207
259 0.42422 -0.143207 -0.0385823 -0.2344 -0.0177137 0.294688 -0.267166 0.674839 0.142084 0.585069 0.624197 0.450132 0.229977 0.694045 -0.557201 -0.751595 0.11612 -0.029936 -0.2053 -0.34126 -0.143288 -0.73443 0.110901 -0.44259 1.41233 -0.352158 -0.503779 -0.649517 0.262264 0.0492795 -0.324189 -0.0225821
260 0.440995 -0.117347 -0.0226368 -0.229308 -0.0200341 0.322329 -0.22666 0.666831 0.201319 0.630147 0.652326 0.455411 0.241915 0.765943 -0.590925 -0.801161 0.106509 -0.00470522 -0.202988 -0.38177 -0.12408 -0.779835 0.131414 -0.491926 1.54976 -0.405921 -0.577953 -0.67039 0.310059 0.0755408 -0.30816 -0.0521085
261 0.46647 0.00831827 -0.0801276 -0.177741 -0.0232121 0.31824 -0.129095 0.708562 0.410222 0.751536 0.735282 0.466334 0.267707 1.04184 -0.742433 -0.971326 0.0375246 0.127397 -0.0583188 -0.520584 0.0184865 -0.855592 0.124066 -0.489097 1.63416 -0.456327 -0.590536 -0.747583 0.472123 0.0239824 -0.402232 -0.0700772
262 0.462652 0.0158157 -0.104915 -0.154218 0.0177708 0.309773 -0.0876548 0.652572 0.468144 0.757293 0.728468 0.422079 0.225667 1.00568 -0.746167 -0.883601 0.00135721 0.20211 -0.0385046 -0.506436 0.0498167 -0.76157 0.128804 -0.430328 1.55869 -0.473241 -0.480759 -0.730328 0.553286 0.0698978 -0.38082 -0.147081
6 -0.0476648 -0.257139 -0.071585 0.327507 0.129055 0.333689 0.244218 0.663654 -0.219067 0.426028 -0.448804 0.180951 0.876512 0.186449 -0.330477 -1.02253 -0.00103594 -0.590989 0.849993 -0.755704 -0.317055 -0.730237 -0.114174 -0.557108 0.396474 0.459248 -0.551535 0.178395 -0.109208 -0.494316 -0.795731 0.251999
5 0.170839 0.0828315 -0.00636766 0.325782 0.053257 0.236935 0.0707347 0.51859 -0.258753 0.374741 -0.400932 0.16643 0.679818 0.201308 -0.264586 -1.01559 0.00133918 -0.6266 0.785023 -0.70495 -0.227716 -0.740514 0.145592 -0.526479 0.439289 0.350542 -0.531882 0.094154 0.0144204 -0.628695 -0.736218 0.147012
3 0.377281 0.415994 0.132023 0.314605 -0.049935 0.12175 -0.0601339 0.429834 -0.278929 0.342258 -0.376937 0.212984 0.495896 0.2312 -0.245999 -1.06774 -0.0360995 -0.674805 0.758558 -0.703841 -0.140437 -0.762586 0.342263 -0.46213 0.625611 0.244971 -0.550999 0.0548665 0.170884 -0.842397 -0.686566 0.0354578
4 0.221106 0.218988 0.0607443 0.253321 0.0129636 0.158264 -0.0503865 0.377227 -0.261397 0.257036 -0.281209 0.146455 0.481141 0.28201 -0.282055 -0.924575 0.0336287 -0.539325 0.611917 -0.603672 -0.0880843 -0.705231 0.182344 -0.425991 0.578889 0.240415 -0.49099 0.0908339 0.0492096 -0.657362 -0.599624 0.109751
7 -0.0636079 -0.272978 -0.072309 0.289372 0.144628 0.277855 0.258414 0.62534 -0.184511 0.400661 -0.386471 0.137482 0.826581 0.136652 -0.296237 -0.933139 0.0354192 -0.542753 0.800555 -0.718752 -0.305988 -0.662906 -0.147839 -0.523621 0.335238 0.475474 -0.508206 0.165869 -0.100198 -0.385343 -0.742944 0.239653
41 0.0708861 0.00829339 -0.80355 -0.00952179 -0.209424 0.460491 0.383199 0.109347 -0.339652 -0.510523 0.37262 0.845684 0.4007 0.878205 -0.756478 -0.868846 -0.020776 -0.435843 0.761881 -0.812607 -0.0167017 -0.858929 0.76953 -0.595268 0.643353 0.304229 -0.883252 -0.225317 -0.374494 -0.600741 0.442186 0.10719
42 0.196889 -0.238492 -0.894117 0.0723714 -0.163844 0.368509 0.330872 0.197785 -0.181434 -0.554508 0.340453 0.703622 0.290827 0.953535 -0.64675 -0.697508 0.0029832 -0.338745 0.788624 -0.909815 -0.0832911 -0.805373 0.784971 -0.70454 0.494071 0.278871 -0.701749 -0.144483 -0.571429 -0.746156 0.366416 0.0713798
43 0.237617 -0.278753 -0.773929 0.12505 -0.103342 0.266469 0.266647 0.217973 -0.0940324 -0.409208 0.232474 0.566408 0.22647 0.849022 -0.529163 -0.57407 0.0329885 -0.25289 0.697301 -0.872334 -0.0848927 -0.713339 0.659458 -0.631561 0.445538 0.218774 -0.5804 -0.0792162 -0.545298 -0.717095 0.20323 0.0818687
44 0.288611 -0.321275 -0.936328 0.195991 -0.12079 0.292261 0.238246 0.258305 -0.0792017 -0.457945 0.270507 0.55906 0.240773 0.929657 -0.575808 -0.566752 0.094667 -0.195775 0.757652 -0.98524 -0.0631409 -0.790058 0.735572 -0.749226 0.562015 0.24923 -0.590334 -0.0594876 -0.632678 -0.874716 0.153547 0.126597
299 0.373897 0.628421 0.588468 0.229426 -0.250463 0.0634386 -0.448117 0.425074 -0.329843 0.195283 -0.127804 0.206164 0.266377 0.436579 0.0431239 -1.07211 0.0482778 -0.493502 0.555768 -0.507233 -0.147887 -0.784901 0.707192 -0.766754 0.589973 -0.0218637 -0.668259 0.0538786 0.188638 -1.1368 -0.848444 -0.0546163
298 0.244269 0.540446 0.641911 0.14918 -0.2677 0.0514826 -0.457244 0.386167 -0.350667 0.131177 -0.0614412 0.14419 0.226788 0.435164 0.110855 -0.887126 0.0846303 -0.379605 0.440916 -0.387322 -0.149452 -0.683008 0.675775 -0.743954 0.477793 -0.0778021 -0.577014 0.0529521 0.164877 -1.06478 -0.758978 -0.0510983
297 0.215837 0.549005 0.737365 0.128001 -0.298124 -0.0513057 -0.49009 0.452466 -0.419644 0.0792438 -0.0142335 0.205762 0.2496 0.564214 0.172438 -0.972211 0.191518 -0.386457 0.505736 -0.425474 -0.13051 -0.732424 0.784131 -0.873228 0.537802 -0.131046 -0.602565 0.11901 0.173798 -1.17302 -0.876714 -0.0673742
50 0.327823 -0.0454899 -0.853508 0.178424 -0.152729 0.240038 -0.383448 -0.158135 0.6508 -0.231938 0.337508 0.190687 0.33573 0.463418 -0.48736 -0.151164 0.233265 -0.212352 0.673931 -0.690419 0.513084 -0.480017 0.515871 -0.547018 1.30223 -0.010083 -0.38858 -0.0290358 -0.451017 -1.37759 -0.0474103 0.123151
49 0.278455 -0.080497 -0.74096 0.158871 -0.123001 0.169823 -0.220895 -0.0415744 0.396365 -0.249095 0.271901 0.171121 0.26327 0.514721 -0.409432 -0.19773 0.205993 -0.167099 0.535992 -0.638219 0.34638 -0.458567 0.49602 -0.503886 0.973659 0.0254338 -0.329469 -0.00490329 -0.391339 -1.11261 -0.0742659 0.125854
48 0.389804 -0.205118 -0.988208 0.26203 -0.141326 0.198353 -0.186705 0.0287798 0.42959 -0.385086 0.30057 0.271653 0.235815 0.611633 -0.436656 -0.127421 0.186571 -0.129628 0.729487 -0.843817 0.291568 -0.53857 0.624616 -0.659075 0.916824 0.0383668 -0.349435 0.0175597 -0.531724 -1.20893 -0.042055 0.0908308
15 -0.219496 -0.231054 0.516156 0.235487 0.782443 0.56721 -0.159677 0.474676 -0.0234832 0.215863 0.95919 0.389154 0.545931 0.266583 -0.5783 -0.990807 0.846178 -0.10009 0.837181 -1.37548 0.110754 -0.171984 -0.468587 -0.368055 1.03268 0.414541 -0.850905 0.394083 0.0682808 -0.110837 -0.36622 -0.398793
17 -0.129054 -0.237682 0.339821 0.311497 0.862794 0.517364 -0.322831 0.402038 -0.0391599 0.209419 1.07926 0.316753 0.507654 0.331481 -0.537233 -1.02759 0.8744 -0.153093 0.73743 -1.30254 0.193011 -0.124129 -0.310191 -0.307977 1.07406 0.429101 -0.950565 0.405406 0.146051 -0.167641 -0.289106 -0.289602
16 -0.108165 -0.194897 0.363392 0.225646 0.724491 0.517424 -0.202079 0.41778 -0.0385924 0.18037 0.918231 0.339696 0.475082 0.240394 -0.515674 -0.896 0.728402 -0.111545 0.707952 -1.19436 0.129284 -0.171076 -0.356331 -0.328539 0.929773 0.351558 -0.784746 0.372792 0.0801701 -0.0640464 -0.297874 -0.310739
18 -0.170831 -0.273315 0.106297 0.343277 0.856723 0.356498 -0.425466 0.390435 -0.0842319 0.187034 1.09208 0.185089 0.449976 0.50007 -0.490696 -1.10072 0.843896 -0.267098 0.716847 -1.19905 0.295058 0.0131812 -0.233135 -0.328484 1.07891 0.512463 -0.975795 0.398004 0.286722 -0.184059 -0.17353 -0.124495
23 -0.0773515 -0.325058 -0.424382 0.497292 0.644549 -0.169506 -0.575195 0.0168872 -0.157198 0.143118 0.869854 0.172891 0.377105 0.481189 -0.447581 -1.13853 0.520099 -0.333747 0.343986 -0.826312 0.129848 -0.103108 0.210035 -0.0999735 1.09371 0.668988 -0.994142 0.441145 0.270088 -0.490374 -0.07631 0.4769
21 -0.0859802 -0.276353 -0.368709 0.481539 0.687603 -0.0490158 -0.545398 0.0875882 -0.17317 0.154402 0.947117 0.124182 0.408403 0.498754 -0.433179 -1.12036 0.59017 -0.326411 0.438902 -0.880751 0.195425 -0.0699093 0.136368 -0.134833 1.06387 0.653744 -0.972628 0.409809 0.319029 -0.400831 -0.0500468 0.399404
22 -0.0787261 -0.288062 -0.367793 0.440736 0.603195 -0.105575 -0.49237 0.0132607 -0.13879 0.147977 0.829639 0.105326 0.343974 0.421921 -0.367867 -0.976166 0.476045 -0.295976 0.324819 -0.699276 0.137867 -0.0367664 0.154841 -0.0942541 0.939629 0.619285 -0.878482 0.338328 0.285744 -0.385842 -0.0451769 0.393405
235 0.220615 -0.0184097 -0.15117 -0.408271 -0.0173976 -0.230975 -0.114503 -0.651244 0.244294 -0.309767 0.113172 -0.328165 -0.276576 1.03458 -0.326558 -0.720632 0.216775 -0.62756 0.375646 -0.421223 0.326544 -1.3131 0.0430002 -0.1058 -0.20471 0.238829 -0.624209 0.100326 0.229408 -1.07816 -0.416445 1.07727
234 0.206015 0.00224698 -0.161243 -0.405986 -0.0428032 -0.252433 -0.103465 -0.645359 0.24158 -0.31102 0.154908 -0.321517 -0.290652 1.14901 -0.406025 -0.808443 0.249968 -0.677975 0.407945 -0.487077 0.328605 -1.41416 0.0365737 -0.130948 -0.128611 0.29785 -0.678984 0.133864 0.262497 -1.11127 -0.444131 1.16913
233 0.243913 0.0430525 -0.0787629 -0.556825 -0.00690138 -0.0809324 0.0258487 -0.394732 0.158512 -0.237802 0.242265 -0.534885 -0.324209 1.2592 -0.411401 -1.01287 0.224843 -0.610483 0.494703 -0.533329 0.304841 -1.4805 -0.0298575 -0.109569 -0.11243 0.525774 -0.73975 0.108454 0.459142 -0.955649 -0.508125 1.18786
231 0.25219 0.0667515 -0.0397807 -0.469052 0.0400946 -0.0604094 0.11704 -0.326412 0.189841 -0.186812 0.265787 -0.487648 -0.322769 1.17586 -0.384728 -0.979108 0.230125 -0.56043 0.493941 -0.466599 0.23022 -1.3708 -0.0767738 -0.113268 -0.0579813 0.587695 -0.665782 0.108477 0.471682 -0.862783 -0.472853 1.10501
230 0.354072 0.153362 0.167483 -0.533633 0.120162 0.0185595 0.335819 -0.229536 0.221998 -0.149703 0.331603 -0.4197 -0.257418 1.24415 -0.317955 -1.02423 0.222452 -0.395183 0.508317 -0.29015 0.157877 -1.33606 -0.234043 -0.167243 -0.0225479 0.741505 -0.581081 0.00892046 0.502392 -0.710133 -0.444112 1.01571
228 0.402584 0.192274 0.312806 -0.519332 0.168316 0.0379401 0.436979 -0.270222 0.299245 -0.152867 0.392111 -0.293013 -0.164723 1.19944 -0.252154 -1.01617 0.298116 -0.285635 0.50894 -0.206547 0.134992 -1.28708 -0.306128 -0.257004 0.0731878 0.881914 -0.480928 -0.0317003 0.434556 -0.629027 -0.459 0.852206
227 0.438062 0.216019 0.542337 -0.469623 0.175244 0.158068 0.598887 -0.198798 0.30244 -0.142962 0.456212 -0.0507035 -0.0507178 1.20057 -0.243485 -1.02894 0.384325 -0.128113 0.527798 -0.0321835 0.0910992 -1.18973 -0.468073 -0.393884 0.285119 1.00955 -0.357723 -0.124861 0.3408 -0.472071 -0.475967 0.680309
191 0.496603 -0.351888 -0.286184 0.433476 -0.164387 -0.00489246 0.0161494 -0.177887 -0.763174 -0.181797 -0.634251 -0.569028 -0.236575 0.622824 -0.655937 -0.948237 0.930643 0.0380153 -0.132814 0.027629 0.926309 -1.00604 -0.558958 -0.0517488 1.28345 0.265328 -1.09851 -0.856849 -0.256735 -0.497409 -0.611641 -0.203064
190 0.492464 -0.278284 -0.265343 0.393275 -0.17626 0.00109032 0.0365586 -0.123158 -0.764414 -0.137487 -0.581954 -0.529123 -0.257547 0.557499 -0.626719 -0.857719 0.864529 0.0574268 -0.0924609 0.00677745 0.843118 -0.895515 -0.48678 -0.0500286 1.15744 0.213223 -1.00473 -0.766711 -0.296996 -0.465 -0.540656 -0.15101
129 -0.0727069 0.53485 0.225659 -0.660139 -0.232642 0.39101 0.312417 0.295827 0.114215 0.263092 -0.31171 0.429396 0.79413 1.24703 -1.04929 -0.253311 -0.0423567 -0.305206 0.0696451 -0.0615269 -0.282199 -0.649859 -0.36131 -0.597619 0.647981 -0.109557 -0.787999 0.701375 0.207746 -0.115375 -0.454089 0.864891
130 -0.019193 0.472777 0.174665 -0.637839 -0.0984006 0.302853 0.143545 0.188974 -0.0225305 0.25391 -0.238239 0.374307 0.656885 1.06382 -0.871297 -0.261051 -0.0487958 -0.239129 0.0123578 -0.0445406 -0.205646 -0.460583 -0.266501 -0.497217 0.560111 -0.122501 -0.598259 0.630458 0.151321 -0.0523637 -0.362496 0.679587
131 0.0320435 0.609533 0.121501 -0.846809 -0.0318308 0.288499 0.0693741 0.0169987 -0.126222 0.348878 -0.296376 0.448481 0.691115 1.28391 -1.06499 -0.352027 -0.0492252 -0.292302 0.00433414 -0.0148856 -0.153942 -0.505223 -0.243288 -0.558533 0.656912 -0.142218 -0.706798 0.784339 0.177864 -0.121 -0.381018 0.688801
132 0.115207 0.687268 -0.0939066 -0.954454 0.154645 0.180066 -0.134014 -0.284603 -0.323417 0.428713 -0.234271 0.430479 0.455249 1.30288 -1.07835 -0.421981 0.00191291 -0.276574 -0.080715 -0.017762 0.0890271 -0.421799 -0.000514354 -0.555877 0.756353 -0.0995444 -0.630903 0.794909 0.0951751 -0.0956432 -0.406185 0.430358
286 -0.439339 0.35354 0.0831713 -0.463126 -0.108406 -0.297763 0.119745 0.0479619 -0.0183067 -0.92611 0.06522 0.228818 0.850552 0.75314 -0.0686595 -0.642178 0.72015 -0.593614 0.0557834 -0.434523 0.38632 -0.662919 0.387025 -1.19807 0.794 0.830002 -0.690096 -0.229597 -0.348426 0.0758931 -0.536683 -0.242817
287 -0.468478 0.369732 0.109259 -0.483334 -0.122769 -0.317894 0.116545 0.0648294 0.00314358 -0.968703 0.0994142 0.249086 0.927526 0.870263 -0.114311 -0.765054 0.811539 -0.652942 0.0693424 -0.496577 0.450515 -0.771577 0.392309 -1.30432 0.930414 0.925658 -0.763744 -0.247484 -0.405814 0.048547 -0.613676 -0.219666
285 -0.455039 0.345875 0.0529613 -0.496295 -0.122762 -0.297968 0.124925 0.0883332 0.0190111 -0.981904 0.108014 0.275701 0.909513 0.79883 -0.149209 -0.776175 0.834178 -0.658731 0.0817017 -0.496561 0.408789 -0.752966 0.442719 -1.31089 0.887632 0.919487 -0.779411 -0.247425 -0.407444 0.0764817 -0.540518 -0.204464
284 -0.403262 0.307072 0.0214552 -0.462201 -0.1002 -0.274996 0.122599 0.0927417 0.0869515 -0.898092 0.0813461 0.216422 0.809302 0.752555 -0.124004 -0.82296 0.868844 -0.592188 0.0794285 -0.505464 0.352044 -0.757809 0.435886 -1.23945 0.80374 0.887048 -0.718195 -0.198689 -0.423572 0.0973685 -0.525529 -0.159085
216 0.0455388 -0.545833 0.0909067 0.141691 -0.0285227 -0.0812258 -0.224095 0.698551 -0.542811 -0.947118 0.696719 0.127577 -0.0385079 0.260886 -1.00853 -1.28649 0.5893 -0.0602342 0.340055 -0.222207 0.0349911 -0.73431 -0.82774 -0.742488 0.802009 -0.124891 0.0959231 0.14878 -0.523829 -0.330132 -0.517661 0.645181
217 -0.00187722 -0.511395 0.128458 0.135691 -0.0130383 -0.0912953 -0.158515 0.642965 -0.488141 -0.826639 0.647439 0.107207 -0.0135751 0.215636 -0.88774 -1.19782 0.519149 -0.0303964 0.330518 -0.191086 0.0301505 -0.677223 -0.801949 -0.698901 0.743054 -0.0662561 0.082651 0.135074 -0.457917 -0.335455 -0.523431 0.592298
218 0.0590624 -0.482101 0.196518 0.081715 -0.0170493 -0.137804 -0.0914612 0.72501 -0.631393 -0.949789 0.810996 0.197201 -0.00884998 0.331592 -0.958407 -1.33176 0.620482 0.0688673 0.427173 -0.166252 0.00894082 -0.766475 -0.971826 -0.778213 0.795246 0.0140495 0.100421 -0.00251853 -0.47535 -0.352635 -0.58394 0.636586
219 0.104461 -0.309249 0.391382 -0.0299561 0.035639 -0.18897 0.30134 0.537354 -0.584807 -0.736248 0.933606 0.282174 0.0122633 0.585461 -0.795022 -1.20457 0.5628 0.244553 0.453705 0.0491941 -0.0133142 -0.788827 -1.11625 -0.77029 0.819141 0.310172 0.0374394 -0.268344 -0.306094 -0.317222 -0.610995 0.465364
11 -0.409771 -0.382234 0.326001 0.216789 0.499133 0.472987 0.246154 0.62579 0.048787 0.305395 -0.00981496 0.328367 0.767747 0.0775632 -0.446473 -0.93319 0.268564 -0.296703 0.895498 -1.13216 -0.405976 -0.577954 -0.561532 -0.4862 0.52369 0.649975 -0.623362 0.247368 -0.200825 -0.274697 -0.76419 0.0838617
12 -0.375532 -0.280991 0.510471 0.17389 0.605842 0.483868 0.109589 0.519935 0.08224 0.246889 0.34056 0.411205 0.614092 0.0191477 -0.450331 -0.812231 0.438682 -0.180491 0.80087 -1.16917 -0.277181 -0.412113 -0.595496 -0.359822 0.689691 0.542514 -0.608863 0.277185 -0.167326 -0.17519 -0.57831 -0.0885303
14 -0.320648 -0.278428 0.551473 0.227135 0.755241 0.530039 -0.0484653 0.491741 0.0615121 0.214862 0.694391 0.455158 0.571884 0.0944593 -0.519979 -0.925805 0.678812 -0.150958 0.784174 -1.30017 -0.096889 -0.323108 -0.526614 -0.38972 0.937382 0.488421 -0.762494 0.361372 -0.100655 -0.214477 -0.543903 -0.192878
9 -0.303931 -0.420797 0.155107 0.284192 0.352061 0.428297 0.257038 0.695758 -0.0494643 0.355684 -0.192255 0.243693 0.84264 0.0788799 -0.384111 -0.998819 0.131749 -0.392304 0.891657 -0.954225 -0.435698 -0.606754 -0.417186 -0.535579 0.396987 0.633787 -0.58891 0.227297 -0.157969 -0.325693 -0.757492 0.202483
8 -0.156187 -0.37531 -0.0538287 0.327868 0.20551 0.380268 0.332251 0.740592 -0.144062 0.434434 -0.452896 0.184372 0.935237 0.149581 -0.376895 -1.03567 0.0455198 -0.585251 0.961274 -0.865575 -0.381002 -0.734976 -0.232512 -0.577764 0.323197 0.558829 -0.579857 0.179721 -0.140014 -0.425769 -0.866853 0.263109
173 -0.414524 0.0727034 -0.399691 -0.0693502 0.376201 0.608308 -0.263048 0.0889888 -0.307212 0.0719839 -0.281308 0.117685 0.176118 0.444628 -0.558525 0.107135 0.860924 -0.625756 0.162065 -0.661057 0.387082 -0.703943 -0.257845 0.183749 0.772697 0.509807 -0.567528 -0.000548011 -0.406376 -0.48484 -0.974512 0.779182
171 -0.370706 0.131609 -0.427361 -0.20278 0.327949 0.586995 -0.23181 0.0855834 -0.249521 -0.000687416 -0.283773 0.103027 0.228798 0.38386 -0.594717 0.271046 0.788789 -0.664627 0.0911766 -0.820124 0.353991 -0.876218 -0.445991 0.149432 0.843385 0.54265 -0.559317 -0.0762185 -0.403155 -0.192206 -0.890022 0.705125
170 -0.325175 0.225048 -0.447304 -0.440758 0.31185 0.521009 -0.267655 0.062428 -0.11857 -0.145812 -0.112638 0.0324791 0.411413 0.470809 -0.798828 0.30021 0.886388 -0.792972 -0.0398473 -1.07447 0.455343 -1.24659 -0.693417 0.0717548 1.0241 0.535942 -0.599158 -0.116489 -0.279831 0.0389132 -0.946193 0.696374
168 -0.327234 0.176989 -0.424904 -0.534644 0.319407 0.464305 -0.227492 0.0541184 -0.0888243 -0.216509 -0.0691207 -0.100538 0.460858 0.429698 -0.739446 0.384951 0.874477 -0.810742 -0.096927 -1.03986 0.455153 -1.29589 -0.717857 0.121625 1.00009 0.522911 -0.583781 -0.0987312 -0.24818 0.0871522 -0.903725 0.641632
169 -0.279577 0.176987 -0.372082 -0.465109 0.298037 0.429454 -0.23083 0.0485153 -0.116439 -0.177785 -0.0399208 -0.0828928 0.412192 0.456116 -0.668106 0.301492 0.819906 -0.750358 -0.0588029 -0.980537 0.447763 -1.17059 -0.633799 0.0717593 0.946389 0.476642 -0.575664 -0.108533 -0.260354 0.0580271 -0.885444 0.615037
223 0.214992 -0.0523087 0.569269 -0.187634 0.12378 -0.0545425 0.53448 0.0582036 -0.164002 -0.34918 0.703722 0.206356 0.0108794 0.797484 -0.335059 -0.872302 0.459397 0.21086 0.444306 0.143866 0.0418265 -0.831158 -0.781851 -0.487392 0.586811 0.725375 -0.0858979 -0.279375 -0.0116469 -0.163877 -0.500469 0.386133
222 0.22661 -0.0952868 0.634698 -0.191723 0.114459 -0.098639 0.579392 0.240735 -0.344698 -0.497043 0.910548 0.320449 0.0230047 0.878307 -0.536413 -1.08434 0.533794 0.299326 0.52611 0.130647 0.00497115 -0.992671 -1.00256 -0.659262 0.811069 0.726092 -0.0530232 -0.333018 -0.0835555 -0.193894 -0.615911 0.437527
224 0.299849 0.0673422 0.641131 -0.30374 0.121028 0.0327407 0.626227 0.03822 -0.092177 -0.297716 0.710211 0.179526 0.0358692 1.00515 -0.371696 -0.961336 0.481139 0.180558 0.526926 0.110268 0.0567191 -0.974344 -0.802606 -0.523662 0.630614 0.84192 -0.151913 -0.280932 0.0947159 -0.219574 -0.497976 0.439779
278 -0.185621 -0.171228 -0.386456 -0.277372 -0.0381446 -0.584843 0.506794 0.0334147 0.375948 -0.334913 0.179233 -0.182668 0.130856 0.906767 -0.687883 -0.592844 0.738403 -0.393903 0.0708039 -0.213396 0.113487 -0.481566 0.153756 -0.453054 1.40387 0.475649 -0.468986 0.0409328 -0.260944 -0.069132 -0.475052 0.238779
277 -0.185051 -0.186722 -0.37254 -0.252207 -0.0313983 -0.535556 0.466425 -0.0278628 0.328427 -0.289337 0.14104 -0.176746 0.072443 0.806106 -0.633108 -0.524982 0.624885 -0.349443 0.0723081 -0.155298 0.123389 -0.459875 0.112397 -0.374901 1.30553 0.415668 -0.412769 0.0422465 -0.23415 -0.0995588 -0.409621 0.242925
276 -0.193354 -0.15016 -0.396095 -0.197914 -0.0682105 -0.569263 0.474698 0.0205646 0.367304 -0.200948 0.105792 -0.186233 0.0404366 0.906335 -0.76137 -0.554492 0.63751 -0.304951 0.0228928 -0.246474 0.110113 -0.465903 0.0822843 -0.293367 1.43382 0.399472 -0.424486 0.0739548 -0.119867 -0.105809 -0.458426 0.260284
275 -0.116193 -0.1465 -0.342435 0.0207858 -0.0939894 -0.471182 0.403387 0.215673 0.445182 -0.0602736 -0.00682508 -0.171719 -0.0757565 1.19528 -1.00817 -0.636295 0.546128 -0.169217 0.011834 -0.46196 0.132056 -0.549655 -0.0244842 -0.13152 1.60923 0.358595 -0.385949 0.235598 0.11193 -0.0714747 -0.552419 0.283766
274 -0.130108 -0.0587645 -0.302908 0.0721726 -0.0973201 -0.372652 0.334462 0.197444 0.386545 0.0354864 -0.0481299 -0.192126 -0.0750464 1.14731 -0.994409 -0.591666 0.436689 -0.116738 -0.0166179 -0.480475 0.134721 -0.511346 -0.083001 -0.0574934 1.49207 0.299772 -0.357851 0.255609 0.188724 -0.0989886 -0.521263 0.267809
273 -0.132563 -0.109125 -0.345695 0.157435 -0.13718 -0.449349 0.359755 0.252704 0.479406 0.0256281 -0.0981663 -0.200822 -0.148157 1.26668 -1.07712 -0.598016 0.450342 -0.0753467 -0.0375223 -0.538011 0.133877 -0.473498 -0.0821001 -0.00113117 1.60572 0.324931 -0.326298 0.296971 0.24156 -0.0341366 -0.582787 0.273917
272 -0.0171822 -0.0894669 -0.300314 0.310385 -0.202313 -0.251553 0.255914 0.300839 0.635303 0.191939 -0.283338 -0.172003 -0.24351 1.36496 -1.18698 -0.714446 0.346681 0.114269 -0.00105193 -0.742885 0.198627 -0.54593 -0.151639 0.115986 1.63171 0.288732 -0.27882 0.418075 0.527768 -0.0309412 -0.646254 0.165467
271 -0.0098881 -0.0586736 -0.221964 0.312716 -0.172566 -0.160835 0.167958 0.271191 0.576028 0.204465 -0.300294 -0.101603 -0.203907 1.21483 -1.10123 -0.610764 0.263241 0.120996 0.00638333 -0.683609 0.198431 -0.480145 -0.130958 0.126376 1.4975 0.220768 -0.227698 0.428992 0.536889 -0.0248926 -0.607528 0.135222
282 -0.331885 0.252418 0.0114075 -0.450461 -0.100513 -0.248147 0.143954 0.124152 0.10665 -0.826547 0.0742378 0.183128 0.711045 0.693484 -0.14324 -0.749653 0.82288 -0.566242 0.0460413 -0.485482 0.286128 -0.682491 0.455239 -1.1305 0.789597 0.78213 -0.649731 -0.182835 -0.425962 0.066343 -0.517614 -0.0846701
283 -0.304253 0.246618 0.0217713 -0.412348 -0.114859 -0.269232 0.137843 0.124176 0.0889999 -0.780346 0.0851946 0.163444 0.633228 0.575348 -0.0773731 -0.662657 0.752953 -0.491056 0.0527088 -0.424894 0.299091 -0.58529 0.427083 -1.04471 0.644419 0.719019 -0.573698 -0.153171 -0.392054 0.122538 -0.421841 -0.122377
281 -0.28143 0.0680373 -0.168505 -0.409676 -0.0841121 -0.335178 0.241303 0.0921689 0.196398 -0.623326 0.111142 0.0596929 0.491619 0.716375 -0.281 -0.750717 0.822337 -0.526313 0.0450981 -0.391598 0.231171 -0.615296 0.354276 -0.882503 0.955526 0.671961 -0.570244 -0.0961052 -0.38177 0.0269689 -0.438856 0.0330334
91 -0.330994 -0.0314245 -0.0565553 0.569726 0.30769 0.787068 0.0409608 0.0545531 -1.02782 -0.583432 -0.266789 -0.326564 0.0578473 1.24421 -0.516212 -0.332988 -0.0476322 -0.131516 0.397361 -0.353968 -0.20401 -0.795448 0.0623864 -0.268371 0.797202 0.377241 -0.502924 0.580296 -0.655167 -0.232964 -0.116973 0.2366
92 -0.417661 -0.117717 -0.0103929 0.679543 0.395751 0.901593 0.217269 0.0689952 -1.13173 -0.545645 -0.367981 -0.415786 0.0435117 1.29845 -0.483778 -0.284284 -0.144567 -0.107227 0.475351 -0.433069 -0.272715 -0.943578 0.0676824 -0.311702 0.953324 0.275806 -0.49616 0.628196 -0.680846 -0.381316 -0.138595 0.2438
93 -0.351675 -0.278982 0.00452897 0.647948 0.423818 0.873835 0.443694 0.0406633 -1.08814 -0.33228 -0.393217 -0.452653 -0.103446 1.17213 -0.4015 -0.28829 -0.233275 -0.00125518 0.588113 -0.537344 -0.240305 -1.254 -0.0393708 -0.3294 0.997943 -0.0634161 -0.379844 0.44715 -0.5963 -0.563954 -0.233965 0.293984
94 -0.27151 -0.263647 0.0519462 0.513672 0.372119 0.762007 0.469261 0.0306516 -0.879249 -0.221608 -0.320392 -0.427966 -0.0393455 1.0224 -0.4153 -0.223409 -0.276739 0.0224715 0.550108 -0.557889 -0.15666 -1.29897 -0.0534201 -0.257418 0.939573 -0.227137 -0.287133 0.367069 -0.514002 -0.525349 -0.140491 0.254701
95 -0.302714 -0.292224 0.0551938 0.599964 0.45367 0.810946 0.574324 -0.0511829 -0.913245 -0.126574 -0.354329 -0.477036 -0.0561389 1.12789 -0.423501 -0.263459 -0.317538 0.033906 0.675472 -0.6638 -0.0919957 -1.54721 -0.101611 -0.252649 1.13687 -0.354739 -0.320295 0.276591 -0.547423 -0.642847 -0.236108 0.25487
96 -0.165702 -0.190019 0.153048 0.493742 0.422553 0.705847 0.559868 -0.06145 -0.710535 0.108013 -0.239031 -0.426985 0.0297041 1.08184 -0.500509 -0.28432 -0.357477 0.072862 0.759092 -0.73463 0.013273 -1.69846 -0.147298 -0.0140165 1.1672 -0.624703 -0.249323 0.0541609 -0.477548 -0.565409 -0.179442 0.164507
98 -0.0847378 -0.157358 0.126506 0.431336 0.373974 0.61255 0.476646 -0.0923103 -0.595881 0.0796159 -0.128965 -0.377286 0.0731051 1.06153 -0.555421 -0.345449 -0.326881 0.0542281 0.779454 -0.719553 0.0554901 -1.65433 -0.146437 0.012783 1.13571 -0.604538 -0.274944 -0.0222287 -0.469858 -0.559101 -0.209174 0.102413
97 -0.159352 -0.211058 0.11611 0.459504 0.405262 0.586354 0.487361 -0.140906 -0.620647 0.0891836 -0.149815 -0.394371 -0.00512697 1.00244 -0.445848 -0.248295 -0.343501 0.0950611 0.724383 -0.630549 0.000736106 -1.54224 -0.126395 0.0376756 0.984356 -0.631222 -0.232057 -0.0499823 -0.477541 -0.492286 -0.138464 0.0783748
240 -0.0398708 -0.147007 -0.226824 0.173207 0.0639153 -0.847229 -0.665442 -0.625436 0.244631 -0.431016 -0.342965 0.35804 0.132241 0.951559 -0.499185 -0.560244 0.169097 -0.898531 -0.11085 -0.125225 0.298302 -1.14756 -0.119023 -0.4145 0.271456 -0.290625 -0.610379 0.128609 -0.265151 -1.23657 -0.472523 0.939036
242 -0.155507 -0.261497 -0.122393 0.30618 0.0497163 -0.84881 -0.730528 -0.298173 0.238034 -0.431113 -0.492899 0.504052 0.273045 0.899524 -0.50935 -0.522198 0.112792 -0.927909 -0.315038 -0.0427716 0.153779 -1.0158 -0.206366 -0.4881 0.451246 -0.27367 -0.576866 0.155203 -0.352137 -1.07542 -0.538525 0.806479
241 -0.106611 -0.168312 -0.126151 0.248093 0.0276674 -0.727538 -0.602948 -0.366937 0.22247 -0.346138 -0.333237 0.433148 0.231879 0.757471 -0.449581 -0.451696 0.109974 -0.769272 -0.200376 -0.079114 0.180894 -0.901824 -0.111154 -0.409959 0.411261 -0.228536 -0.492084 0.146446 -0.31375 -0.990622 -0.431271 0.705416
243 -0.22284 -0.368244 -0.0362068 0.342468 0.120959 -0.846491 -0.886656 -0.0491402 0.162509 -0.42856 -0.545447 0.597416 0.448917 1.00608 -0.445676 -0.642792 0.0659085 -1.03037 -0.444286 -0.0766012 0.065135 -0.870763 -0.21455 -0.641451 0.568431 -0.154056 -0.595555 0.194906 -0.447218 -0.963534 -0.608423 0.69728
10 -0.342682 -0.362149 0.180684 0.199676 0.384111 0.395085 0.200284 0.598253 0.00371597 0.298808 -0.0880401 0.213795 0.707687 0.0310358 -0.345215 -0.850694 0.211768 -0.338844 0.779914 -0.887484 -0.372742 -0.52014 -0.460266 -0.422288 0.384376 0.566433 -0.532165 0.175755 -0.173581 -0.221369 -0.685555 0.187439
124 0.302822 0.787637 0.421898 -0.122478 -0.787913 0.177814 0.477807 0.750167 -0.167564 0.245589 -0.0943941 0.226414 0.702665 0.782539 -0.601453 -0.550883 0.147782 0.117041 -0.16814 -0.348519 -0.293904 -0.890801 -0.411893 -0.337745 0.374524 -0.213423 -0.55544 0.278238 -0.316222 -0.449475 -0.622334 0.762114
123 0.348643 0.87899 0.439057 -0.128079 -0.894298 0.207451 0.504818 0.867783 -0.226631 0.288545 -0.106975 0.249731 0.797328 0.810319 -0.636121 -0.629021 0.198702 0.149118 -0.205241 -0.448456 -0.343254 -0.946097 -0.4411 -0.389053 0.370687 -0.2571 -0.620388 0.345612 -0.407015 -0.483908 -0.687573 0.873852
125 0.120017 0.862594 0.415657 -0.188188 -0.846604 0.3355 0.584569 0.832517 -0.0396068 0.296508 -0.185516 0.298394 0.841952 0.962854 -0.812529 -0.578395 0.125354 -0.0259922 -0.103128 -0.334897 -0.397189 -1.03789 -0.486629 -0.469548 0.412882 -0.244917 -0.701712 0.398767 -0.247114 -0.44095 -0.649373 0.892514
122 0.732125 0.876497 0.500986 -0.165727 -0.830238 0.0370575 0.397141 0.852 -0.523635 0.28176 0.0146603 0.12933 0.796623 0.781094 -0.34827 -0.805124 0.260792 0.276627 -0.346506 -0.666126 -0.133683 -1.00937 -0.426368 -0.337491 0.504345 -0.155311 -0.548758 0.258196 -0.585354 -0.571197 -0.867048 0.849323
28 -0.00230608 -0.282991 -0.202544 0.350275 0.12994 -0.284028 -0.236418 -0.41294 -0.0746736 0.229302 0.600954 0.312239 0.332499 -0.0598496 -0.541625 -0.746131 -0.000759844 -0.0933837 -0.0703597 -0.461089 -0.294057 -0.784628 0.289995 -0.111352 1.27105 0.693372 -1.15793 0.418875 -0.0395115 -0.497989 -0.0457136 0.953735
226 0.399236 0.213769 0.506708 -0.407006 0.127799 0.142022 0.574246 -0.154196 0.244183 -0.093207 0.440084 -0.0267529 -0.0335069 1.02087 -0.255573 -0.907012 0.343971 -0.0573872 0.501818 0.00787313 0.054566 -1.00088 -0.495851 -0.339066 0.288894 0.896525 -0.250268 -0.133991 0.271155 -0.359306 -0.377349 0.572235
225 0.463202 0.184081 0.599663 -0.449933 0.145012 0.109697 0.674208 -0.190737 0.217646 -0.161922 0.59301 0.00798007 -0.0520547 1.16991 -0.307495 -0.994037 0.436605 0.0122727 0.570481 0.0508038 0.0723329 -1.16725 -0.620883 -0.403008 0.414789 1.02512 -0.251954 -0.202834 0.26347 -0.345583 -0.467277 0.60853
270 0.0606984 -0.0698411 -0.210501 0.354881 -0.18306 -0.12111 0.199699 0.358713 0.709639 0.307277 -0.305806 -0.111137 -0.231691 1.42252 -1.25163 -0.764331 0.219159 0.189306 0.0427163 -0.843704 0.230784 -0.61276 -0.17816 0.162181 1.60748 0.180588 -0.251209 0.435169 0.689654 -0.0216467 -0.676383 0.102525
269 0.135352 -0.0311924 -0.203846 0.27535 -0.129856 -0.123979 0.147959 0.346112 0.795386 0.33916 -0.204284 -0.084089 -0.215831 1.37578 -1.23016 -0.844332 0.232608 0.255027 0.0210364 -0.801852 0.261237 -0.639224 -0.100868 0.119618 1.4827 0.151535 -0.258106 0.322137 0.750208 -0.0420425 -0.712102 0.0185607
268 0.132755 -0.0219882 -0.15799 0.214645 -0.0949055 -0.103933 0.168621 0.271318 0.710319 0.329437 -0.156679 -0.0788905 -0.156495 1.16704 -1.04217 -0.74396 0.162746 0.194855 0.0323108 -0.709233 0.221445 -0.563203 -0.0452116 0.110422 1.22349 0.138288 -0.246043 0.24204 0.671012 -0.0769487 -0.545312 0.0205729
267 0.210722 -0.0486888 -0.175425 0.210443 -0.0647112 -0.0948491 0.105911 0.371163 0.847491 0.444635 -0.0516043 -0.0381364 -0.145426 1.34367 -1.18294 -0.940852 0.159065 0.271213 -0.0552765 -0.786373 0.280976 -0.704979 -0.0597977 0.0123734 1.46833 0.09275 -0.358346 0.182517 0.807442 -0.0535434 -0.714316 -0.0458826
266 0.300601 -0.0398589 -0.107521 0.0636261 0.0149425 0.00348599 0.0491412 0.475357 0.780512 0.529424 0.20422 0.118204 -0.0627262 1.24394 -1.04917 -0.937055 0.120268 0.27101 -0.0697098 -0.704958 0.256246 -0.761088 0.0464339 -0.110736 1.45685 -0.0972719 -0.415441 -0.106526 0.771524 0.0262423 -0.621711 -0.0822645
264 0.348659 0.0128753 -0.0710609 -0.00364674 0.0461964 0.147043 0.00355427 0.505889 0.689029 0.623872 0.39068 0.222758 0.0498745 1.14815 -0.879241 -0.909291 0.0493141 0.254994 -0.0671355 -0.609745 0.235462 -0.755102 0.0786962 -0.259994 1.42513 -0.260861 -0.424163 -0.389802 0.707092 0.00289784 -0.533835 -0.124786
63 -0.388858 0.204015 0.466731 0.386357 0.207096 0.664296 0.219861 -0.192418 -0.477965 0.0168484 -0.60412 -0.572166 0.66899 0.662075 -0.488625 -1.14957 0.567511 -0.136529 -0.117536 -0.10029 0.0112892 -0.487485 0.183481 -0.165645 1.16934 0.0115757 -0.380691 0.282579 0.275773 -1.64282 0.251477 -0.158306
65 -0.346091 0.3691 0.291806 0.28159 0.223709 0.61568 0.453822 -0.247024 -0.620355 0.153175 -0.58251 -0.800612 0.506685 0.547194 -0.457163 -1.13671 0.572819 -0.174114 -0.0881051 -0.232098 -0.0979731 -0.495552 0.170929 -0.266095 0.967195 0.23316 -0.521819 0.322091 0.219305 -1.47835 0.287355 -0.055897
64 -0.305621 0.193578 0.260332 0.297326 0.215839 0.50809 0.35122 -0.228018 -0.444885 0.0299201 -0.520511 -0.635296 0.449086 0.506737 -0.389685 -0.936156 0.444152 -0.156591 -0.0990626 -0.193381 -0.0327644 -0.412465 0.164513 -0.206481 0.826553 0.135411 -0.439723 0.253581 0.153229 -1.25895 0.16376 -0.0668348
62 -0.406048 0.0879534 0.513455 0.334248 0.06156 0.699456 -0.0357543 -0.0577428 -0.42275 -0.00858846 -0.516163 -0.182874 0.681365 0.680141 -0.500148 -1.08609 0.521673 -0.0860328 -0.113013 0.035823 0.131322 -0.577605 0.105929 -0.0607683 1.34086 -0.14622 -0.279703 0.196282 0.268934 -1.62349 0.181527 -0.184842
201 -0.198587 -0.337315 0.135077 -0.121508 0.425535 0.407014 -0.36731 -0.106553 -0.225988 0.131858 -0.439489 -0.494465 0.347349 0.791721 -0.00733121 -0.680649 0.156615 -0.448125 0.0558455 -0.423705 0.603994 -0.841678 -0.434531 -0.294185 1.20473 0.120126 -0.615039 -0.237485 -0.400461 -0.449639 -0.899384 -0.254482
200 -0.195786 -0.380843 0.211079 -0.141046 0.433879 0.403801 -0.347357 -0.219318 -0.165176 0.11681 -0.614095 -0.612794 0.400131 0.800324 0.0690028 -0.664271 0.105214 -0.475659 -0.0188385 -0.441989 0.680423 -0.79423 -0.485934 -0.259523 1.22905 0.166191 -0.669374 -0.339483 -0.419511 -0.489459 -0.9512 -0.410127
199 -0.180411 -0.444981 0.237071 -0.115136 0.403476 0.37239 -0.380126 -0.251272 -0.155413 0.142345 -0.640776 -0.593166 0.40056 0.739095 0.129119 -0.602204 0.0781115 -0.478805 -0.0753387 -0.391248 0.675362 -0.71317 -0.51524 -0.256351 1.20205 0.135377 -0.642183 -0.350151 -0.426494 -0.432425 -0.929401 -0.470382
198 -0.132958 -0.485792 0.260694 -0.0150963 0.394201 0.339211 -0.388291 -0.299183 -0.19793 0.133671 -0.738446 -0.659362 0.415182 0.839623 0.0402905 -0.763278 0.178541 -0.457636 -0.0780326 -0.415705 0.740066 -0.856427 -0.610417 -0.305229 1.37094 0.173226 -0.726997 -0.44991 -0.458215 -0.499735 -0.979129 -0.571386
197 -0.00492616 -0.438917 0.174854 0.0206665 0.309726 0.211754 -0.307828 -0.351268 -0.143541 0.0641192 -0.754003 -0.637248 0.299683 0.797512 -0.086928 -0.673416 0.289079 -0.37492 -0.094856 -0.377827 0.753348 -0.808125 -0.560794 -0.221332 1.29047 0.204846 -0.754492 -0.504532 -0.371843 -0.462681 -0.914684 -0.562702
229 0.288696 0.117525 0.108525 -0.447379 0.128754 0.0324471 0.257868 -0.263619 0.21396 -0.157399 0.281882 -0.357232 -0.22408 1.09893 -0.285977 -0.902157 0.211288 -0.38876 0.431928 -0.285366 0.156869 -1.19469 -0.198598 -0.170425 0.010434 0.637015 -0.533224 0.0085622 0.405842 -0.670281 -0.407746 0.873171
116 1.12046 0.325663 0.553338 -0.117252 -0.402238 -0.498449 0.174265 0.599771 -0.631105 0.379501 0.0107538 0.192599 0.880139 0.756156 0.0466365 -0.455886 0.0172983 -0.133246 -0.17232 -0.751482 0.587388 -0.733426 -0.0612308 -0.20348 1.1066 0.255681 -0.512336 0.106972 -0.729902 -0.416677 -0.902953 0.669939
114 1.07493 0.320833 0.474665 -0.0678511 -0.356452 -0.488459 0.0500895 0.616431 -0.633627 0.36761 0.00413196 0.236312 0.858086 0.734853 0.0221065 -0.38259 -0.0402439 -0.163906 -0.0997063 -0.783211 0.677057 -0.741113 0.0213258 -0.195636 1.1884 0.269811 -0.460225 0.0526644 -0.747377 -0.344735 -0.855024 0.657683
115 1.03903 0.266105 0.498706 -0.0975579 -0.335096 -0.48649 0.114842 0.555428 -0.609632 0.381349 0.0113813 0.212611 0.815008 0.673857 0.0515004 -0.348349 -0.0590374 -0.147679 -0.137731 -0.688495 0.65501 -0.672704 0.0293152 -0.167624 1.10293 0.278482 -0.44309 0.0297484 -0.706235 -0.324463 -0.813662 0.629289
117 1.17561 0.551037 0.64877 -0.194801 -0.550162 -0.354921 0.251595 0.670517 -0.670028 0.322705 0.0643744 0.0879074 0.827199 0.780626 0.0452514 -0.589101 0.157176 0.0527008 -0.314902 -0.776087 0.347475 -0.830422 -0.193005 -0.240561 0.914195 0.0698139 -0.486678 0.155766 -0.704285 -0.504957 -0.925631 0.651705
119 1.13561 0.654947 0.648028 -0.19462 -0.574103 -0.224402 0.256906 0.779299 -0.712831 0.297875 0.117585 0.0584014 0.822542 0.851817 -0.0146432 -0.725578 0.268372 0.170364 -0.413408 -0.80717 0.222819 -0.914469 -0.298579 -0.254454 0.863588 0.0562509 -0.524471 0.162163 -0.703752 -0.542259 -1.00074 0.702693
118 1.03337 0.554197 0.561692 -0.159059 -0.479789 -0.251723 0.236315 0.591035 -0.631634 0.308563 0.0815813 0.0490322 0.72581 0.734321 0.0428938 -0.591679 0.173947 0.0925668 -0.326947 -0.702077 0.257161 -0.772041 -0.252227 -0.183809 0.775073 0.0714557 -0.448487 0.14935 -0.653065 -0.435187 -0.838243 0.612414
140 0.0331229 0.841229 -0.0783253 -0.213319 0.613521 0.546833 -0.395509 0.989149 -0.742401 0.29945 0.203344 0.355952 0.179505 0.808461 -1.14444 -0.351013 0.428852 -0.416879 -0.257652 -0.303988 0.489693 -0.985348 0.6495 -0.237106 0.861071 0.226946 0.327909 -0.0113176 -0.448458 -0.405319 -0.685347 -0.0569578
138 0.121243 0.812716 -0.0815708 -0.471432 0.574251 0.496387 -0.300813 0.774366 -0.686608 0.339055 0.133007 0.328733 0.233426 0.868166 -1.15233 -0.29423 0.407856 -0.426648 -0.252081 -0.273183 0.53653 -0.885501 0.619189 -0.287411 0.919532 0.0985952 0.116466 0.0422258 -0.380828 -0.363038 -0.65833 -0.150915
141 -0.0331289 0.7221 -0.0287928 0.0775292 0.642203 0.525302 -0.508655 1.11109 -0.705744 0.274472 0.272685 0.325322 0.16262 0.750939 -1.06219 -0.444557 0.451423 -0.329062 -0.227865 -0.257085 0.404728 -1.09047 0.558076 -0.212153 0.898482 0.295077 0.458409 -0.0609029 -0.498008 -0.384018 -0.693773 0.0696736
139 0.094957 0.786215 -0.070408 -0.37232 0.546662 0.481288 -0.294529 0.829019 -0.675109 0.268625 0.149183 0.277323 0.198663 0.770905 -1.08489 -0.268563 0.36828 -0.430269 -0.239464 -0.285719 0.489696 -0.840728 0.59736 -0.261075 0.867191 0.121244 0.183835 0.00861631 -0.385037 -0.353644 -0.598476 -0.166825
137 0.183833 0.857738 -0.179962 -0.699416 0.38196 0.356011 -0.237829 0.315918 -0.643235 0.420216 -0.0619475 0.362918 0.285258 0.93729 -1.01874 -0.253893 0.332279 -0.349176 -0.190917 -0.230169 0.526491 -0.665351 0.529189 -0.30167 0.815191 0.0327488 -0.103679 0.211127 -0.246085 -0.255011 -0.515444 -0.121544
135 0.198716 0.803077 -0.146544 -0.801913 0.251759 0.250441 -0.214268 -0.00614486 -0.50778 0.43887 -0.143885 0.346757 0.329226 1.01337 -0.986897 -0.301377 0.205662 -0.305569 -0.170366 -0.133989 0.404321 -0.557828 0.354843 -0.350047 0.757131 -0.048144 -0.295979 0.357374 -0.146986 -0.202215 -0.452796 -0.0153399
180 -0.201484 -0.0568833 -0.51456 0.14045 0.451308 0.831907 -0.46505 0.231891 -0.354552 0.165243 -0.00247189 -0.172565 0.0333948 0.318144 -0.592505 -0.859197 0.449887 -0.61568 0.333112 -0.337421 0.872631 -0.459078 0.465018 0.210526 0.457196 0.145958 -0.652577 -0.623628 0.0939487 -1.0214 -1.32376 0.82043
181 -0.11048 -0.0403625 -0.491104 0.121788 0.402796 0.729043 -0.365319 0.196813 -0.330194 0.110211 0.0367315 -0.16331 -0.00831667 0.241607 -0.468658 -0.746043 0.363782 -0.48619 0.270913 -0.246276 0.796149 -0.367254 0.391095 0.183061 0.346555 0.0910121 -0.507173 -0.608777 0.139471 -0.809358 -1.01546 0.62711
179 -0.317625 -0.0844672 -0.49934 0.17591 0.484978 0.827732 -0.468102 0.240175 -0.314372 0.181817 -0.068967 -0.126908 0.0195285 0.348171 -0.598747 -0.721489 0.601173 -0.61669 0.413855 -0.339797 0.774947 -0.427008 0.421342 0.311491 0.455607 0.230785 -0.676655 -0.458336 -0.00305851 -1.16575 -1.42952 0.907734
182 -0.0879111 -0.0387913 -0.600123 0.0851827 0.461708 0.886084 -0.390668 0.264679 -0.432244 0.0633767 0.0954482 -0.188365 -0.00726092 0.367588 -0.557848 -0.916395 0.479945 -0.546384 0.312367 -0.263334 0.973468 -0.491263 0.447229 0.153708 0.483397 0.163431 -0.681229 -0.736236 0.111658 -0.909533 -1.18171 0.77572
209 -0.378012 -0.503051 0.211883 0.490597 -0.123164 0.153148 -0.32202 0.0871549 0.541817 -0.569095 0.582976 -0.204493 -0.255217 0.184644 -0.545356 -0.932549 0.54595 -0.338094 0.132272 -0.366363 0.502256 -1.46519 -0.498072 -0.250697 0.897947 -0.199103 -0.244446 0.920299 -0.244382 -0.253766 -0.984261 0.581333
210 -0.196146 -0.627166 0.118347 0.518094 -0.167368 0.178666 -0.335692 0.168657 0.450382 -0.723487 0.420366 -0.0777157 -0.312197 0.186999 -0.587477 -1.04977 0.638505 -0.345989 0.154658 -0.405368 0.387226 -1.43629 -0.367564 -0.325134 1.00783 -0.263776 -0.192082 0.903692 -0.295411 -0.294546 -0.808342 0.69513
212 -0.107479 -0.690518 0.0664255 0.448735 -0.218161 0.0609831 -0.294047 0.152703 0.409533 -0.885404 0.387205 -0.037283 -0.39347 0.168979 -0.706453 -1.10402 0.719301 -0.295533 0.219555 -0.372669 0.328804 -1.29333 -0.392812 -0.352962 1.00498 -0.304284 -0.119404 0.842734 -0.330761 -0.241289 -0.707985 0.763164
213 0.0359406 -0.641841 0.00963104 0.371234 -0.14284 0.0583838 -0.369718 0.429234 -0.0230793 -0.928494 0.426494 0.0391384 -0.244405 0.151041 -0.764888 -1.13581 0.672576 -0.197166 0.244764 -0.375339 0.205493 -1.08399 -0.418128 -0.454303 0.847417 -0.259269 0.0116192 0.599315 -0.434643 -0.283078 -0.519226 0.780205
215 0.0712242 -0.612867 0.080723 0.248576 -0.0828481 0.0669444 -0.268927 0.588171 -0.311325 -0.918715 0.57826 0.0463217 -0.164455 0.192233 -0.932553 -1.26908 0.655179 -0.113703 0.33009 -0.313781 0.0953671 -0.916846 -0.629656 -0.57354 0.834846 -0.223821 0.0811998 0.37141 -0.440352 -0.286919 -0.494362 0.75537
214 0.0467066 -0.51916 0.0289674 0.25056 -0.0906644 0.0365248 -0.296856 0.504922 -0.190763 -0.797076 0.452773 0.0429729 -0.126568 0.153162 -0.73007 -1.04611 0.573178 -0.134416 0.23606 -0.302065 0.104012 -0.804046 -0.464304 -0.472057 0.670797 -0.195698 0.0819737 0.392841 -0.401105 -0.230958 -0.448448 0.658269
145 -0.218967 0.407623 -0.00186068 0.671449 0.384458 0.311311 -0.669718 0.991777 -0.505131 0.198756 0.208686 0.423564 0.202289 0.700815 -0.653249 -0.549711 0.436017 0.0309127 -0.151139 -0.117716 0.153802 -1.21923 0.321578 -0.1263 0.776393 0.492791 0.667163 -0.02992 -0.500983 -0.181488 -0.652459 0.640143
144 -0.174855 0.532618 -0.0193714 0.519487 0.447417 0.375151 -0.680256 1.07531 -0.592173 0.258561 0.210257 0.43568 0.218865 0.738849 -0.765372 -0.515925 0.458765 -0.0378602 -0.204945 -0.141445 0.182557 -1.23027 0.396243 -0.165567 0.81147 0.46905 0.666718 -0.055411 -0.528851 -0.237917 -0.664727 0.542742
146 -0.212126 0.419283 0.0356811 0.766831 0.36264 0.323632 -0.754014 1.09717 -0.564214 0.231743 0.24236 0.525087 0.246375 0.757224 -0.69367 -0.682027 0.468199 0.092127 -0.1831 -0.105862 0.121179 -1.38568 0.313792 -0.150457 0.889538 0.557377 0.642998 -0.0203565 -0.576754 -0.195725 -0.691701 0.774023
147 -0.325426 0.327899 0.0383447 0.983139 0.193245 0.252841 -0.724839 0.955614 -0.516404 0.196633 0.151647 0.579687 0.311395 0.798932 -0.525792 -0.814722 0.50745 0.112138 -0.0263519 -0.131185 0.0551544 -1.42559 0.15407 -0.233914 0.899767 0.544648 0.536706 0.049264 -0.527116 -0.182737 -0.634901 0.923676
148 -0.289516 0.28437 0.0242606 0.95337 0.125593 0.206684 -0.662132 0.834958 -0.448591 0.16539 0.096717 0.569916 0.3157 0.689645 -0.37712 -0.741874 0.455446 0.106176 7.25293e-05 -0.069066 0.0339424 -1.22812 0.0800515 -0.21535 0.787861 0.485767 0.454696 0.0559359 -0.39595 -0.132323 -0.48944 0.887259
149 -0.340442 0.421055 -0.0420976 1.10524 0.149414 0.198346 -0.67013 0.871235 -0.466631 0.182575 0.064261 0.601995 0.335816 0.766353 -0.411089 -0.875925 0.50873 -0.0215426 0.0379107 -0.11673 0.101142 -1.28906 0.0155551 -0.266787 0.835241 0.43415 0.476424 0.0651602 -0.396122 -0.140056 -0.522148 1.02492
150 -0.406711 0.613703 -0.145261 1.31204 0.125071 0.161302 -0.618477 0.782391 -0.445983 0.267374 -0.0273624 0.623906 0.36953 0.840167 -0.265868 -1.05074 0.627418 -0.213772 0.225298 -0.215384 0.152513 -1.23824 -0.183269 -0.392943 0.888591 0.25908 0.35405 0.173549 -0.257574 -0.118952 -0.532081 1.1726
152 -0.449786 0.705378 -0.253094 1.30017 0.217336 0.0487738 -0.505964 0.622918 -0.362353 0.250928 -0.00683438 0.521061 0.351192 0.81586 -0.233367 -1.05476 0.707784 -0.490378 0.326257 -0.314034 0.260876 -1.09927 -0.256873 -0.454825 0.855151 0.120397 0.30431 0.174923 -0.129169 -0.1254 -0.554552 1.15005
290 -0.370788 0.370842 0.280192 -0.379792 -0.187669 -0.332675 0.0906667 0.154087 -0.24959 -0.769126 0.122757 0.280663 0.645959 0.9278 -0.0179997 -0.746277 0.672653 -0.505737 0.102201 -0.475106 0.431645 -0.633846 0.502909 -1.14792 0.883814 0.517142 -0.56949 -0.11527 -0.234042 -0.230605 -0.618579 -0.226413
289 -0.325586 0.354154 0.181909 -0.347444 -0.159711 -0.31185 0.138517 0.0928988 -0.140858 -0.732903 0.106756 0.230646 0.650385 0.773457 -0.0293835 -0.630323 0.62436 -0.46034 0.0793347 -0.44579 0.417784 -0.549079 0.407555 -1.01722 0.782188 0.533327 -0.554788 -0.112103 -0.24937 -0.160095 -0.538159 -0.208378
288 -0.438633 0.396068 0.151164 -0.417074 -0.156691 -0.327729 0.119828 0.0737311 -0.113956 -0.873209 0.0808175 0.271649 0.805112 0.883948 -0.097464 -0.729292 0.709747 -0.576071 0.0809547 -0.506873 0.467071 -0.658398 0.454458 -1.21109 0.908881 0.742292 -0.681333 -0.183269 -0.310048 -0.0729199 -0.597252 -0.241756
232 0.187264 0.037963 -0.0800759 -0.492451 0.0175565 -0.110872 0.0582534 -0.379691 0.176518 -0.18336 0.227893 -0.502636 -0.3238 1.1253 -0.350234 -0.918729 0.166805 -0.597067 0.435774 -0.459808 0.222611 -1.33647 -0.030471 -0.0844094 -0.112025 0.486954 -0.677792 0.113334 0.460898 -0.866733 -0.420343 1.11489
291 -0.212115 0.299333 0.581337 -0.284581 -0.208967 -0.341228 -0.00886647 0.315586 -0.514178 -0.534568 0.201426 0.258363 0.353589 0.911622 0.204194 -0.684674 0.623565 -0.309981 0.206627 -0.437782 0.338426 -0.520396 0.692096 -0.97548 0.660437 0.0222206 -0.359799 0.0815045 -0.0237801 -0.533267 -0.680067 -0.193951
163 -0.157213 0.0247837 -0.148796 -0.634699 0.330235 -0.0239931 -0.105146 0.342998 0.0317749 -0.20645 0.373189 -0.599683 0.592596 0.5211 -0.345153 0.207785 0.688252 -0.676999 -0.227016 -0.559852 0.425292 -1.21591 -0.319985 0.049432 0.790707 0.259966 -0.518089 -0.0381999 -0.0555791 -0.107222 -0.746471 0.334282
162 -0.166387 0.0338288 -0.121702 -0.685288 0.351193 -0.0859234 -0.104482 0.428199 0.0347404 -0.2622 0.471797 -0.680145 0.666477 0.680575 -0.395996 0.141864 0.756044 -0.786509 -0.282056 -0.636885 0.491579 -1.42201 -0.322757 0.0387868 0.920585 0.274658 -0.580644 -0.0439889 -0.00194527 -0.148358 -0.842685 0.360157
161 -0.170775 0.0877427 -0.147038 -0.524127 0.341442 -0.0772008 -0.0981441 0.412403 0.0137417 -0.18503 0.402283 -0.612623 0.628924 0.698808 -0.310888 0.0335124 0.713508 -0.731455 -0.229135 -0.553799 0.446454 -1.2814 -0.270356 0.00780013 0.890211 0.229001 -0.547532 0.000793381 -0.028019 -0.156262 -0.826042 0.368411
159 -0.18172 0.181221 -0.168923 -0.333362 0.315631 -0.0888492 -0.117578 0.412111 -0.016156 -0.119782 0.340223 -0.475039 0.562377 0.680718 -0.215475 -0.00724394 0.724853 -0.730815 -0.194592 -0.533523 0.459906 -1.1416 -0.329433 -0.0130905 0.790284 0.182884 -0.445554 -0.0466847 -0.00161461 -0.129782 -0.760512 0.427349
158 -0.235104 0.418048 -0.232685 0.364506 0.288942 -0.022379 -0.272625 0.436767 -0.227378 0.062866 0.186925 -0.0662452 0.384706 0.672764 -0.211115 -0.455589 0.625263 -0.626592 0.097549 -0.40972 0.379939 -0.907623 -0.277623 -0.236105 0.709718 0.0617123 -0.110172 0.0452687 -0.0528937 -0.164463 -0.610877 0.665796
160 -0.161688 0.0887365 -0.0991871 -0.437243 0.279377 -0.0653999 -0.0748698 0.366139 -9.96559e-05 -0.148998 0.325084 -0.513659 0.526226 0.626678 -0.289788 0.0600958 0.646767 -0.660157 -0.24309 -0.506082 0.439236 -1.08267 -0.281875 0.0293824 0.761073 0.222265 -0.483685 -0.0330999 -0.0299539 -0.0775421 -0.733765 0.317903
265 0.237348 -0.00722415 -0.07456 0.0626752 -0.0126589 0.0373485 0.00857956 0.396929 0.670131 0.456326 0.214753 0.104985 -0.0499628 0.98113 -0.83565 -0.719309 0.0552297 0.244485 -0.100478 -0.539925 0.195556 -0.617076 0.0649593 -0.115931 1.20089 -0.146564 -0.307426 -0.150367 0.646637 0.0576902 -0.460955 -0.0786531
263 0.429755 0.0168508 -0.0885298 -0.119924 0.0411053 0.244769 -0.0583873 0.602039 0.54296 0.688706 0.613804 0.352955 0.15834 1.11038 -0.816999 -0.953175 0.0585643 0.193929 -0.0522584 -0.577986 0.134782 -0.784959 0.112277 -0.388881 1.56859 -0.331785 -0.511825 -0.595512 0.60613 0.0403065 -0.43126 -0.134206
33 -0.177794 0.233501 -0.276322 -0.00602484 -0.263584 0.252282 0.160535 -0.317711 -0.409361 -0.0294013 0.721698 0.511345 0.456952 -0.125164 -0.75626 -0.723951 -0.00585707 -0.0199799 0.274279 -0.280375 -0.036674 -1.07789 0.138268 -0.362189 0.976595 0.335663 -1.23498 -0.0121242 0.127251 -0.253019 0.255582 0.672504
35 -0.175951 0.439428 -0.364032 -0.0478324 -0.324089 0.403915 0.228208 -0.241591 -0.49399 -0.160321 0.730321 0.596017 0.509888 0.0328082 -0.842137 -0.773483 -0.0223576 -0.148867 0.517273 -0.363285 0.148132 -1.08538 0.234763 -0.337735 0.869095 0.242007 -1.16996 -0.124712 0.11762 -0.192019 0.305648 0.506058
36 -0.234153 0.570147 -0.504861 -0.0584429 -0.371273 0.488968 0.334326 -0.167295 -0.504145 -0.280838 0.720888 0.65582 0.589701 0.184402 -0.898642 -0.86533 0.00202452 -0.271424 0.683339 -0.471807 0.247073 -1.11772 0.374748 -0.378849 0.877054 0.230554 -1.16382 -0.210495 0.156397 -0.222655 0.35587 0.376287
38 -0.175572 0.462213 -0.524304 -0.0757602 -0.292029 0.509548 0.303316 -0.117186 -0.469029 -0.324581 0.631884 0.720055 0.51879 0.366428 -0.833265 -0.850877 -0.0126861 -0.33576 0.65753 -0.488037 0.196008 -0.974532 0.485693 -0.351906 0.781241 0.257173 -1.04881 -0.215127 0.0553287 -0.267475 0.417726 0.256697
86 -0.402627 0.37515 -0.0299861 0.471667 0.176999 0.697726 -0.443024 0.281403 -0.963066 -0.522038 0.138126 -0.194627 0.290088 1.35424 -0.766254 -0.559924 0.221801 -0.404837 0.146297 -0.231548 0.0248515 -0.454797 0.0761711 -0.217048 0.725175 0.60761 -0.742478 0.418724 -0.695493 -0.0384797 -0.0581659 0.234175
84 -0.350305 0.397291 0.00268366 0.386305 0.102133 0.579212 -0.402195 0.277688 -0.871523 -0.264846 0.202016 -0.172502 0.215747 1.18083 -0.712043 -0.630371 0.27408 -0.509574 0.203411 -0.242561 0.137645 -0.461381 0.0208994 -0.216154 0.717649 0.481767 -0.669324 0.253576 -0.593201 -0.050348 0.037992 0.250455
85 -0.331915 0.361544 -0.00110258 0.421665 0.119962 0.579746 -0.391977 0.261277 -0.821099 -0.353538 0.149903 -0.181573 0.223705 1.13117 -0.679728 -0.524273 0.254869 -0.422767 0.125117 -0.2015 0.103208 -0.395582 0.0685495 -0.185537 0.656072 0.462652 -0.6233 0.296923 -0.573312 -0.0815042 -0.0398398 0.214934
83 -0.374256 0.472492 0.122754 0.0963135 -0.138461 0.309215 -0.290828 0.156777 -0.856563 0.072033 0.297777 -0.108139 0.0153256 1.06379 -0.620391 -0.902785 0.35139 -0.711634 0.378747 -0.213893 0.396707 -0.697038 -0.185381 -0.365734 0.805289 0.253302 -0.528921 0.0906748 -0.455016 0.0289762 0.290925 0.240698
81 -0.364926 0.496843 0.169042 -0.124875 -0.255471 0.0942549 -0.2563 0.153337 -0.855934 0.229933 0.330739 -0.00952101 -0.0768421 1.03756 -0.592214 -1.13837 0.397733 -0.828364 0.516922 -0.235343 0.554741 -0.896162 -0.323554 -0.497464 0.910932 0.159068 -0.477431 -0.0176005 -0.399028 0.0976557 0.427593 0.244216
256 0.359822 -0.558567 0.156894 -0.178339 0.0166123 0.203922 -0.363969 0.610862 -0.339299 0.210751 0.18853 0.425686 0.171668 0.373608 -0.420929 -0.604413 0.28585 -0.42888 -0.625089 -0.0569241 -0.37284 -0.737714 0.0909951 -0.477284 1.25751 -0.164432 -0.692376 -0.27842 -0.156259 -0.0430544 -0.391303 0.143783
66 -0.351716 0.50341 0.183451 0.255822 0.245639 0.591596 0.622831 -0.296329 -0.723159 0.285411 -0.559785 -1.01747 0.362132 0.587003 -0.469502 -1.19742 0.598314 -0.228651 -0.0475221 -0.50274 -0.184915 -0.588474 0.124062 -0.337365 0.894438 0.426275 -0.681612 0.394402 0.14683 -1.41271 0.165702 0.0789668
67 -0.329058 0.562053 0.170637 0.192699 0.237364 0.563739 0.697095 -0.333733 -0.736507 0.368162 -0.525227 -1.05631 0.29882 0.548608 -0.436264 -1.18169 0.619731 -0.275425 -0.0655557 -0.527583 -0.240927 -0.582499 0.127426 -0.391531 0.895345 0.52398 -0.725606 0.378957 0.174219 -1.39118 0.148962 0.127029
68 -0.321562 0.5653 0.116952 0.152776 0.163944 0.518694 0.603901 -0.292552 -0.804405 0.372458 -0.52226 -0.994124 0.185132 0.586861 -0.415691 -1.18838 0.594679 -0.297199 -0.0108681 -0.565788 -0.241077 -0.618986 0.0585855 -0.427074 0.866536 0.563677 -0.727104 0.35876 0.093973 -1.30918 0.161841 0.150276
99 0.119397 0.0531056 0.0993624 0.258989 0.245836 0.636504 0.201813 -0.0250417 -0.359787 0.0681467 -0.164659 -0.395379 0.341531 0.972395 -0.785319 -0.285565 -0.305545 -0.0607643 0.800883 -0.649728 0.174064 -1.45856 -0.112993 0.243132 1.0761 -0.531942 -0.208255 0.150258 -0.39837 -0.193844 -0.0383128 -0.0927971
82 -0.296342 0.429754 0.15522 -0.026871 -0.183588 0.150243 -0.215449 0.131549 -0.731384 0.194933 0.326466 -0.0538576 0.00611328 0.934859 -0.564971 -0.983588 0.375292 -0.716713 0.399099 -0.204512 0.430038 -0.791171 -0.228941 -0.391308 0.835724 0.156174 -0.500616 0.033616 -0.382498 0.02449 0.313826 0.260019
87 -0.458863 0.370847 -0.0750971 0.651089 0.257591 0.887843 -0.477002 0.245867 -1.18178 -0.775221 0.0344918 -0.247445 0.285054 1.57026 -0.857626 -0.535214 0.167034 -0.330984 0.176701 -0.219509 -0.0678349 -0.437675 0.149822 -0.213821 0.774728 0.737988 -0.800634 0.598383 -0.839365 -0.0607958 -0.0590553 0.212441
172 -0.341599 0.0728793 -0.373692 -0.129872 0.299251 0.529237 -0.22324 0.112622 -0.282973 0.020158 -0.223586 0.121002 0.199217 0.33819 -0.488179 0.139478 0.734105 -0.565612 0.0820759 -0.667822 0.324485 -0.739457 -0.299218 0.131038 0.728133 0.489932 -0.514427 -0.0339524 -0.367501 -0.302875 -0.81481 0.682689
174 -0.461893 -0.0544121 -0.385573 0.0334256 0.425977 0.645054 -0.303841 0.107003 -0.329414 0.189949 -0.330609 0.114652 0.0645513 0.358724 -0.474738 -0.0403526 0.829726 -0.587902 0.271116 -0.467396 0.417498 -0.451589 -0.0279703 0.254239 0.600197 0.479856 -0.582678 -0.0149983 -0.413077 -0.782126 -1.0708 0.803702
176 -0.463199 -0.0584982 -0.36345 0.139242 0.466606 0.692214 -0.339261 0.168988 -0.342911 0.242878 -0.292759 0.0713934 0.0476216 0.398167 -0.488735 -0.206827 0.766819 -0.590276 0.361636 -0.366898 0.439475 -0.402805 0.122237 0.315587 0.564353 0.413484 -0.576641 -0.00166471 -0.350441 -0.970414 -1.17517 0.81637
177 -0.410856 -0.109224 -0.408276 0.148366 0.512282 0.800536 -0.441719 0.233025 -0.344172 0.259212 -0.205 -0.055151 0.00836702 0.324189 -0.562586 -0.501275 0.678699 -0.59168 0.392996 -0.314307 0.606114 -0.380639 0.319043 0.360408 0.451547 0.301094 -0.678707 -0.246556 -0.19306 -1.16346 -1.3713 0.892299
69 -0.309506 0.556192 0.0230255 -0.113761 -0.0603517 0.395616 0.0877731 -0.0830527 -0.975087 0.444399 -0.370139 -0.570375 -0.12314 0.498538 -0.1554 -1.08587 0.449127 -0.450896 0.260477 -0.474008 -0.225491 -0.657276 -0.174544 -0.471723 0.530032 0.487375 -0.578911 0.0339568 -0.0930992 -0.77234 0.356737 0.225185
238 0.0234082 -0.0600459 -0.224155 -0.0255876 0.0310803 -0.464344 -0.448327 -0.577546 0.209479 -0.331222 -0.178456 0.154194 -0.0201983 0.774149 -0.382567 -0.444405 0.190843 -0.631015 0.0729156 -0.248646 0.315129 -0.989836 -0.0152824 -0.272647 0.13049 -0.170814 -0.479123 0.0735642 -0.144648 -1.01434 -0.344078 0.764814
237 0.131046 -0.0207969 -0.223731 -0.152143 -0.00908378 -0.52178 -0.413392 -0.751831 0.265121 -0.376498 -0.0953189 0.0584301 -0.0985141 1.00483 -0.433105 -0.603725 0.244335 -0.764687 0.180502 -0.339967 0.385083 -1.29512 -0.00810663 -0.276513 0.0342312 -0.105621 -0.619782 0.0915553 -0.0405281 -1.26954 -0.401226 1.03759
239 0.0544419 -0.0568677 -0.267364 0.0297336 0.0371429 -0.680414 -0.537365 -0.748891 0.275508 -0.412032 -0.256631 0.238923 0.0213007 0.988697 -0.518158 -0.564911 0.250271 -0.78926 0.0791048 -0.289448 0.386409 -1.24728 -0.0318419 -0.30311 0.165713 -0.211354 -0.608904 0.106035 -0.175034 -1.31101 -0.457378 1.03636
207 -0.411676 -0.426261 0.236959 0.455486 -0.0970389 0.191682 -0.306159 0.105837 0.520493 -0.386904 0.57618 -0.209637 -0.175052 0.231724 -0.512076 -0.877658 0.448355 -0.314528 0.0830106 -0.366473 0.496426 -1.36031 -0.502894 -0.231852 0.885477 -0.105187 -0.276002 0.83015 -0.169083 -0.25217 -0.998276 0.462844
206 -0.325886 -0.31145 0.160613 0.289303 0.0379055 0.252631 -0.307666 0.13044 0.266052 -0.231472 0.385661 -0.245711 -0.0115682 0.370492 -0.417807 -0.818528 0.385955 -0.345111 0.114284 -0.367416 0.482239 -1.19626 -0.439593 -0.242233 0.862918 -0.0249966 -0.349109 0.556207 -0.189498 -0.311686 -0.900916 0.315272
208 -0.415505 -0.434285 0.231505 0.44641 -0.0868299 0.207621 -0.290278 0.0837466 0.522779 -0.36946 0.569959 -0.239467 -0.177388 0.158159 -0.451344 -0.821809 0.429707 -0.281702 0.0909648 -0.350844 0.476605 -1.30024 -0.478022 -0.215386 0.829782 -0.13245 -0.257507 0.820527 -0.170453 -0.224181 -0.961711 0.399906
205 -0.203448 -0.13275 0.104993 0.160618 0.0906318 0.228211 -0.236106 0.162636 0.00172634 -0.155641 0.198486 -0.0947951 0.176851 0.638864 -0.50476 -0.832919 0.402245 -0.378581 0.178423 -0.444408 0.387197 -1.10022 -0.234956 -0.322236 1.01586 0.0992107 -0.490542 0.30888 -0.212219 -0.422288 -0.713479 0.352926
204 -0.184335 -0.187197 0.110985 0.0215941 0.261338 0.319628 -0.281548 0.0405964 -0.143848 -0.0199556 -0.0922144 -0.297974 0.253548 0.720376 -0.26434 -0.756871 0.282604 -0.418991 0.120479 -0.446152 0.485079 -0.993789 -0.313441 -0.316696 1.08888 0.0976467 -0.550471 0.034721 -0.297335 -0.443822 -0.79134 0.05733
203 -0.217748 -0.294921 0.143164 -0.0774142 0.380571 0.393641 -0.333224 -0.0838349 -0.159945 0.0626301 -0.295004 -0.453869 0.307289 0.749155 -0.0246816 -0.679722 0.155823 -0.423654 0.0621058 -0.390345 0.565707 -0.867722 -0.421883 -0.293101 1.13292 0.0847531 -0.599531 -0.137104 -0.377648 -0.438571 -0.860174 -0.193179
202 -0.159101 -0.199116 0.0903329 -0.0834889 0.337685 0.336084 -0.283345 -0.0420059 -0.181848 0.0889948 -0.248844 -0.32735 0.280314 0.701825 -0.0887922 -0.603208 0.182264 -0.38834 0.0669499 -0.378163 0.466242 -0.763887 -0.323203 -0.274511 1.0118 0.10336 -0.541131 -0.133651 -0.312574 -0.415554 -0.726903 -0.0964439
164 -0.155127 0.0336453 -0.136569 -0.7032 0.302329 0.0424474 -0.121431 0.323585 0.035232 -0.209655 0.305598 -0.598209 0.611637 0.561438 -0.452567 0.233091 0.70124 -0.717728 -0.259619 -0.657474 0.444033 -1.33201 -0.397345 0.0672251 0.90528 0.271079 -0.579764 -0.0135964 -0.0822543 -0.113311 -0.802231 0.357864
165 -0.274566 0.0806547 -0.23659 -0.772863 0.313584 0.168121 -0.180265 0.255914 0.000779855 -0.242228 0.223925 -0.47335 0.554979 0.408784 -0.595382 0.375774 0.774806 -0.77507 -0.242201 -0.860965 0.491409 -1.4191 -0.590735 0.0946983 0.968548 0.348775 -0.528402 -0.0754448 -0.0808117 0.0366827 -0.828734 0.417229
167 -0.285528 0.159486 -0.29123 -0.695976 0.295003 0.226825 -0.206206 0.213203 -0.0340612 -0.215912 0.128678 -0.340357 0.53857 0.44647 -0.66193 0.328546 0.790107 -0.74581 -0.192427 -0.919922 0.495026 -1.35074 -0.546114 0.0614404 0.970879 0.375671 -0.505985 -0.0950839 -0.125768 0.0359891 -0.812625 0.484573
178 -0.339965 -0.0481491 -0.376849 0.110312 0.472894 0.721148 -0.427061 0.21467 -0.288887 0.198626 -0.101757 -0.0970729 0.0294506 0.301654 -0.511225 -0.478898 0.566694 -0.550598 0.363314 -0.302234 0.596359 -0.345334 0.3246 0.32951 0.392405 0.262713 -0.588702 -0.258171 -0.0835601 -1.01783 -1.22533 0.799787
56 -0.229964 0.339268 0.237781 -0.0333571 -0.0567137 0.547704 -0.561319 -0.366711 0.405733 0.186091 -0.142099 0.293295 0.680396 0.450943 -0.569032 -0.63679 0.574598 -0.336953 0.0858161 0.110799 0.618388 -0.585252 -0.00477692 -0.00679901 1.82326 -0.0854778 -0.219528 -0.024584 0.108781 -1.58722 0.0179425 0.0845311
57 -0.318549 0.270231 0.425581 0.064757 -0.0857945 0.64416 -0.413252 -0.308207 0.158657 0.19523 -0.310941 0.238859 0.715536 0.565703 -0.540449 -0.799615 0.588649 -0.226161 -0.00167091 0.15273 0.449592 -0.598689 -0.0230951 0.0626885 1.78504 -0.119623 -0.15671 0.0667057 0.198143 -1.65283 0.135319 -0.0591672
58 -0.329927 0.211406 0.527598 0.129403 -0.0764287 0.611882 -0.373437 -0.21715 -0.0372526 0.138127 -0.365437 0.247363 0.674178 0.658287 -0.480509 -0.833508 0.537972 -0.206593 -0.0329191 0.191712 0.353452 -0.656054 -0.0680119 0.0372023 1.66183 -0.160151 -0.140492 0.0478532 0.170339 -1.50394 0.110773 -0.0868045
59 -0.397075 0.213832 0.524037 0.210648 -0.0719089 0.744647 -0.396535 -0.166148 -0.121898 0.149333 -0.432299 0.192248 0.726001 0.724001 -0.584773 -0.943698 0.587403 -0.162834 -0.0592001 0.169438 0.317907 -0.716773 -0.0154337 0.0824354 1.76978 -0.215565 -0.163765 0.095635 0.239677 -1.74727 0.126017 -0.12328
126 0.058859 0.728798 0.37278 -0.306489 -0.665582 0.373491 0.579083 0.727715 0.0514108 0.280948 -0.226665 0.362741 0.853609 1.03148 -0.895016 -0.379981 0.0636755 -0.16019 -0.0317027 -0.254257 -0.381753 -0.932558 -0.470684 -0.518577 0.461535 -0.14461 -0.748056 0.435662 -0.113768 -0.315971 -0.603049 0.886815
127 -0.00497448 0.616352 0.3094 -0.352298 -0.515766 0.345899 0.504712 0.585513 0.14838 0.278845 -0.278532 0.385675 0.763142 1.00927 -0.84693 -0.233126 -0.0184943 -0.249589 0.00762276 -0.131909 -0.346258 -0.763344 -0.390251 -0.518675 0.45608 -0.10388 -0.713939 0.450916 0.0272805 -0.150482 -0.483973 0.804484
128 -0.0496443 0.589639 0.323215 -0.440117 -0.453059 0.410459 0.452075 0.553488 0.140853 0.26023 -0.269948 0.412448 0.854584 1.1794 -1.01628 -0.29236 -0.0158591 -0.27199 0.0309887 -0.188687 -0.364661 -0.829212 -0.421989 -0.56747 0.565469 -0.138539 -0.796249 0.570497 0.0913353 -0.198856 -0.471735 0.943342
183 0.0644693 -0.0117399 -0.646713 0.153991 0.430852 0.893733 -0.351637 0.309722 -0.530015 0.0156033 0.16483 -0.198644 -0.116025 0.444701 -0.469566 -1.02794 0.501294 -0.445799 0.313189 -0.158084 1.10907 -0.499 0.399126 0.0971582 0.555776 0.165829 -0.719476 -0.922833 0.127226 -0.76939 -1.09289 0.694133
220 0.104404 -0.231873 0.431627 -0.0841768 0.0520796 -0.133714 0.339185 0.401498 -0.488362 -0.676078 0.903068 0.304649 0.0249901 0.62466 -0.686403 -1.09002 0.539049 0.224882 0.439282 0.0651874 0.00687154 -0.825838 -1.03801 -0.68359 0.770181 0.423925 0.00474773 -0.274329 -0.237208 -0.266463 -0.543819 0.42515
221 0.179956 -0.181704 0.537133 -0.112418 0.107844 -0.13514 0.482986 0.354227 -0.466943 -0.667755 0.947259 0.309699 0.0222906 0.801873 -0.681601 -1.21442 0.581099 0.292204 0.507219 0.0967576 0.0215523 -0.934347 -1.14739 -0.740538 0.871281 0.56105 -0.0660283 -0.342487 -0.188271 -0.301208 -0.672039 0.489652
52 0.0924202 0.203239 -0.460474 -0.0470503 -0.0776179 0.226662 -0.454556 -0.338348 0.682178 -0.015535 0.205093 0.153695 0.37455 0.327282 -0.502944 -0.256269 0.316812 -0.342028 0.36436 -0.34152 0.603969 -0.484331 0.22051 -0.267057 1.35543 0.0300846 -0.372747 -0.0800693 -0.239722 -1.1967 -0.0699302 0.227912
53 0.115935 0.26672 -0.481803 -0.0535259 -0.114005 0.295881 -0.573598 -0.379983 0.834621 0.00879946 0.238831 0.231218 0.461139 0.300428 -0.538503 -0.297424 0.390304 -0.404453 0.40983 -0.319282 0.756159 -0.512543 0.236048 -0.306226 1.64083 0.0302596 -0.396593 -0.119693 -0.2143 -1.42831 -0.0836436 0.233502
51 0.147878 0.170222 -0.626865 0.0141033 -0.141444 0.290814 -0.532504 -0.361056 0.786839 -0.0779016 0.291781 0.177494 0.442999 0.362685 -0.54625 -0.243701 0.36489 -0.32441 0.464473 -0.431496 0.694153 -0.505192 0.324023 -0.338427 1.58259 0.0173092 -0.403581 -0.0996537 -0.278208 -1.46154 -0.0967846 0.210889
108 0.494238 0.290493 -0.0486528 0.13869 -0.0950754 0.454537 -0.219276 0.33586 -0.387202 0.0176844 -0.323423 -0.105729 0.669301 0.873793 -0.897666 -0.220423 0.0496714 -0.384265 0.495817 -0.694255 0.598321 -1.10479 -0.134454 -0.149163 0.988239 -0.266138 -0.244102 0.467867 -0.249292 0.0212967 0.0165685 0.195203
107 0.505232 0.299036 -0.0789865 0.151564 -0.0882522 0.516522 -0.207806 0.250857 -0.249693 -0.0301701 -0.370735 -0.217673 0.650593 0.83994 -1.1041 -0.185849 0.0191818 -0.390913 0.644293 -0.683445 0.5881 -1.15831 -0.17834 -0.0215235 1.01829 -0.307674 -0.222182 0.549226 -0.238451 0.11721 0.143263 0.126317
106 0.376873 0.257019 -0.0706352 0.106333 -0.068836 0.473937 -0.116774 0.178949 -0.160789 -0.0335037 -0.343343 -0.191226 0.588333 0.717945 -0.949998 -0.139825 -0.00253089 -0.328715 0.594511 -0.569927 0.479957 -1.04036 -0.115976 -0.00977516 0.879129 -0.281868 -0.198236 0.494376 -0.210595 0.0833434 0.121029 0.0290961
105 0.486142 0.287422 -0.0882079 0.109238 -0.0766303 0.5878 -0.144057 0.19543 -0.160095 -0.0763896 -0.382155 -0.278025 0.719574 0.828033 -1.17629 -0.184687 -0.00829466 -0.368607 0.741265 -0.701772 0.52725 -1.27673 -0.142468 0.0711365 1.05335 -0.333868 -0.230487 0.572652 -0.247066 0.0950991 0.115797 0.0258553
109 0.413183 0.24206 -0.028151 0.0814816 -0.0338836 0.404766 -0.227646 0.333628 -0.379702 0.027594 -0.19805 -0.0629472 0.563893 0.855444 -0.788124 -0.320213 0.0858658 -0.378581 0.413717 -0.61916 0.561025 -0.971683 -0.13972 -0.199686 0.964526 -0.162665 -0.265457 0.369363 -0.22936 -0.00759847 -0.0530713 0.258018
110 0.479496 0.28211 -0.00177342 0.0703689 -0.0821049 0.309309 -0.245174 0.41743 -0.435189 0.0813535 -0.196482 0.0323052 0.63576 0.876833 -0.70985 -0.326038 0.0892845 -0.360212 0.345249 -0.664546 0.615471 -0.933784 -0.124555 -0.275996 1.01056 -0.127997 -0.290693 0.317593 -0.26602 -0.0526022 -0.131559 0.330256
111 0.734498 0.290876 0.265647 -0.0123538 -0.223319 -0.148351 -0.109656 0.537248 -0.580685 0.243277 -0.0882252 0.175891 0.697636 0.730895 -0.207996 -0.339716 -0.0446737 -0.197431 0.067758 -0.668875 0.589353 -0.731944 -0.019971 -0.275892 0.981851 0.0926438 -0.35562 0.127767 -0.493056 -0.216263 -0.49366 0.498171
249 -0.178466 -0.637303 0.626458 -0.13218 0.412521 0.133775 -0.516565 0.828215 -0.398196 0.155279 -0.181882 0.454598 0.359022 0.784755 -0.341189 -0.865814 0.0117841 -0.866712 -0.860038 -0.344213 -0.453166 -0.762887 0.177407 -0.978504 0.858052 -0.200475 -0.779254 0.203796 -0.895209 -0.180735 -0.827564 0.380753
251 -0.123693 -0.675777 0.582853 -0.137326 0.424654 0.145914 -0.464239 0.828266 -0.411784 0.16911 -0.143214 0.457541 0.320304 0.692914 -0.334278 -0.805179 0.0419206 -0.849853 -0.913396 -0.275345 -0.512008 -0.751142 0.176471 -0.89497 0.915776 -0.197572 -0.801272 0.177907 -0.847096 -0.114418 -0.764387 0.346739
250 -0.191935 -0.605241 0.586942 -0.0934051 0.414358 0.127883 -0.494418 0.792274 -0.365414 0.159493 -0.18347 0.410826 0.327934 0.680904 -0.296058 -0.794612 0.00138761 -0.845175 -0.8547 -0.311374 -0.434608 -0.688827 0.197512 -0.923182 0.805818 -0.184721 -0.711866 0.175027 -0.876826 -0.158821 -0.796943 0.321859
79 -0.39862 0.464086 0.122371 -0.310668 -0.345421 -0.0174083 -0.269086 0.15886 -0.826619 0.34863 0.240506 0.0747459 -0.206949 0.874939 -0.467306 -1.10244 0.276995 -0.780972 0.594373 -0.257155 0.515536 -0.892419 -0.404119 -0.466252 0.777419 0.105852 -0.349409 -0.0634223 -0.376216 0.162574 0.544893 0.205597
80 -0.415479 0.460505 0.140808 -0.254575 -0.345555 -0.0377331 -0.281923 0.195727 -0.859176 0.33142 0.294986 0.0501914 -0.152811 1.00309 -0.537553 -1.21167 0.332345 -0.848646 0.62407 -0.254728 0.609375 -0.985695 -0.445484 -0.523318 0.931483 0.101438 -0.404193 -0.0503581 -0.427115 0.158313 0.532497 0.267112
78 -0.450545 0.515922 0.120416 -0.382073 -0.391732 -0.0408779 -0.337571 0.214083 -0.952663 0.37222 0.330289 0.152849 -0.213242 1.00338 -0.508853 -1.27465 0.357476 -0.909827 0.712564 -0.297158 0.614216 -1.06755 -0.506965 -0.602517 0.948961 0.160461 -0.387638 -0.087255 -0.418962 0.152687 0.600134 0.289882
72 -0.350643 0.501872 -0.00794675 -0.401176 -0.301491 0.181192 -0.303492 0.135447 -1.05392 0.498157 -0.194784 -0.135109 -0.273031 0.710751 -0.151763 -1.22501 0.377617 -0.69845 0.578716 -0.465064 -0.0304275 -0.989477 -0.433814 -0.630259 0.661563 0.456618 -0.542366 -0.145272 -0.309356 -0.416293 0.530997 0.335456
74 -0.382097 0.470892 -0.032187 -0.442138 -0.357036 0.12778 -0.448016 0.244468 -1.02757 0.44952 0.00451314 0.0959904 -0.260076 0.80485 -0.2158 -1.2075 0.335777 -0.78628 0.704913 -0.424136 0.204579 -1.06064 -0.462654 -0.628167 0.720651 0.393536 -0.447606 -0.152967 -0.449908 -0.148993 0.515451 0.354474
75 -0.450331 0.499604 0.0266422 -0.536358 -0.423208 0.0296467 -0.458331 0.293744 -1.05845 0.446508 0.150788 0.16742 -0.294196 0.931366 -0.315072 -1.29066 0.325468 -0.91908 0.823588 -0.431858 0.404275 -1.14353 -0.581738 -0.650712 0.846741 0.313023 -0.349745 -0.171001 -0.494282 -0.0453779 0.598302 0.38893
77 -0.472721 0.549847 0.0762758 -0.470202 -0.401744 -0.0137958 -0.415173 0.269009 -1.01277 0.391256 0.221376 0.171313 -0.233214 1.04852 -0.474517 -1.33759 0.306535 -0.929879 0.781896 -0.415661 0.557072 -1.14796 -0.545117 -0.642039 0.93411 0.225965 -0.349963 -0.125799 -0.461863 0.0709174 0.570207 0.34734
76 -0.424441 0.471921 0.0330468 -0.484726 -0.37976 0.0159416 -0.40011 0.244885 -0.907491 0.387065 0.18284 0.189111 -0.237236 0.83595 -0.309495 -1.12802 0.240379 -0.813999 0.732531 -0.341914 0.393649 -0.980883 -0.462939 -0.598329 0.73919 0.205823 -0.277267 -0.111598 -0.42348 0.0439428 0.549886 0.311367
244 -0.223824 -0.414078 0.0540061 0.234164 0.130607 -0.682101 -0.795506 0.121121 0.104425 -0.354755 -0.463981 0.563292 0.447771 0.86762 -0.392754 -0.57809 0.0622251 -0.95028 -0.510739 -0.0814189 -0.0289907 -0.759159 -0.16936 -0.599654 0.576531 -0.130304 -0.559606 0.165646 -0.438155 -0.804885 -0.578301 0.571125
245 -0.23026 -0.479898 0.0467847 0.269777 0.155088 -0.736971 -0.867501 0.118342 0.1056 -0.361165 -0.521726 0.616899 0.453393 1.00242 -0.420535 -0.668522 0.0478945 -1.05463 -0.548251 -0.137844 -0.0169006 -0.853813 -0.179098 -0.728677 0.624181 -0.141971 -0.658955 0.194338 -0.482118 -0.849205 -0.671587 0.641643
246 -0.222005 -0.546263 0.304753 0.112639 0.282589 -0.304515 -0.687569 0.469225 -0.078407 -0.117503 -0.338123 0.518758 0.430285 0.857761 -0.342093 -0.734267 0.0140767 -0.900915 -0.622706 -0.255103 -0.184503 -0.764606 -0.0500997 -0.785718 0.690009 -0.131545 -0.641692 0.208989 -0.658393 -0.508065 -0.702952 0.49223
248 -0.243785 -0.525685 0.482324 0.003818 0.381224 -0.0834883 -0.566846 0.632418 -0.255763 0.0107774 -0.27783 0.483203 0.440119 0.880128 -0.363443 -0.813624 0.0231804 -0.889037 -0.699196 -0.32879 -0.296404 -0.787757 0.0839799 -0.912848 0.783014 -0.123875 -0.691347 0.231492 -0.798717 -0.350283 -0.760156 0.432504
73 -0.357816 0.426752 -0.0031384 -0.422369 -0.340658 0.154192 -0.413906 0.180092 -0.984194 0.481673 -0.0759538 -0.0211473 -0.285925 0.655297 -0.119219 -1.09152 0.318939 -0.715556 0.647973 -0.372047 0.0755726 -0.920309 -0.45139 -0.567008 0.543808 0.376094 -0.388523 -0.18872 -0.384037 -0.234052 0.529329 0.333534
71 -0.345491 0.493543 -0.0319125 -0.25173 -0.171568 0.316093 -0.178179 0.0564414 -1.08416 0.472978 -0.278291 -0.328738 -0.245977 0.633586 -0.0967145 -1.21243 0.47404 -0.628563 0.44336 -0.45886 -0.167431 -0.918691 -0.372882 -0.573598 0.595616 0.540736 -0.569791 -0.0954956 -0.233268 -0.588065 0.471415 0.334187
103 0.382368 0.231923 0.0320402 0.0134894 -0.01442 0.624831 -0.0786899 0.0944368 -0.144373 -0.0802501 -0.299363 -0.345361 0.730168 0.776344 -1.16226 -0.282233 -0.0907542 -0.335272 0.800007 -0.64444 0.348462 -1.4018 -0.150416 0.277385 1.14237 -0.283647 -0.25203 0.496938 -0.341886 0.0466294 0.0335129 -0.123653
102 0.376547 0.203084 0.0574848 0.102605 0.0131946 0.648715 -0.030961 0.0970979 -0.160938 -0.0454858 -0.27119 -0.375763 0.687999 0.842059 -1.17816 -0.334413 -0.15534 -0.284569 0.878987 -0.708459 0.363669 -1.49132 -0.135972 0.293785 1.18009 -0.331391 -0.272439 0.458168 -0.353161 0.00935008 -0.00790151 -0.123087
101 0.246727 0.114415 0.1081 0.15661 0.142476 0.662245 0.0958094 0.0522392 -0.320897 -0.00107272 -0.202063 -0.3704 0.504539 0.93654 -0.98951 -0.302513 -0.250811 -0.138333 0.851802 -0.656853 0.24902 -1.53894 -0.111243 0.234247 1.13762 -0.482199 -0.20927 0.297679 -0.392782 -0.134093 -0.0245679 -0.113627
104 0.430535 0.248308 0.018748 0.0570781 -0.0240531 0.63299 -0.0994468 0.108714 -0.135938 -0.0531601 -0.339498 -0.342592 0.755405 0.887074 -1.27282 -0.303338 -0.103303 -0.361483 0.858977 -0.735503 0.456395 -1.5047 -0.148053 0.21186 1.19043 -0.363777 -0.295123 0.552488 -0.346967 0.0511902 0.0716658 -0.0912326
2 0.55568 0.652988 0.292434 0.376221 -0.0919229 0.0969775 -0.245178 0.456679 -0.287973 0.352022 -0.358429 0.282166 0.407496 0.280386 -0.150828 -1.194 -0.0632476 -0.729777 0.807558 -0.767993 -0.181649 -0.876409 0.603373 -0.596193 0.673328 0.148281 -0.68347 0.0630072 0.262779 -1.0738 -0.802966 -0.0425898
113 0.926882 0.265273 0.391 -0.0703294 -0.296066 -0.368259 -0.0153043 0.576292 -0.672872 0.325713 -0.0312235 0.215676 0.806841 0.780598 -0.0624451 -0.373009 -0.0380378 -0.192639 -0.0286625 -0.732616 0.722845 -0.731969 0.00688294 -0.231891 1.1626 0.197452 -0.426045 0.0730057 -0.652464 -0.355391 -0.726743 0.628703
112 0.736892 0.28194 0.296427 -0.0473163 -0.223107 -0.230468 -0.0626761 0.527553 -0.567688 0.274052 -0.0351519 0.214686 0.712258 0.699392 -0.140008 -0.379908 -0.0343469 -0.198618 0.021139 -0.651505 0.556137 -0.713708 0.0176147 -0.248038 0.968645 0.119877 -0.363565 0.122049 -0.496083 -0.271182 -0.580045 0.554314
296 -0.00431029 0.324237 0.901294 -0.014491 -0.338124 -0.222487 -0.451886 0.472433 -0.672314 -0.120325 0.232807 0.191623 0.169101 0.987356 0.270738 -1.02812 0.523564 -0.333141 0.420422 -0.483681 0.0782814 -0.749937 0.861382 -0.983633 0.627758 -0.289202 -0.499945 0.211406 0.153033 -1.24142 -1.0133 -0.0512666
294 -0.0191316 0.316151 0.879986 -0.109595 -0.320499 -0.235257 -0.329601 0.4577 -0.730861 -0.202938 0.258155 0.197317 0.196173 0.995253 0.296564 -0.920303 0.571456 -0.277738 0.413427 -0.48485 0.157064 -0.66624 0.862766 -0.979828 0.660143 -0.291526 -0.435096 0.255665 0.139909 -1.1178 -0.948003 -0.0732105
295 -0.067499 0.260286 0.837687 -0.119373 -0.306974 -0.25478 -0.347151 0.389467 -0.66583 -0.134024 0.247585 0.1344 0.174953 1.00557 0.253344 -0.909398 0.530065 -0.289979 0.357344 -0.401046 0.128084 -0.638828 0.776455 -0.889061 0.601986 -0.27186 -0.438422 0.235964 0.148674 -1.08682 -0.915045 -0.0780079
20 -0.144465 -0.29746 -0.110745 0.40501 0.848697 0.206048 -0.49514 0.299794 -0.120907 0.177477 1.14191 0.136295 0.445118 0.495714 -0.46948 -1.11751 0.792277 -0.326794 0.621337 -1.1059 0.230336 0.041207 -0.0692083 -0.279148 1.04646 0.624523 -1.02515 0.397079 0.311656 -0.228929 -0.108932 0.0732844
19 -0.140332 -0.246715 -0.0652534 0.303553 0.75508 0.206322 -0.447034 0.312471 -0.070374 0.138256 1.07595 0.121403 0.386225 0.55404 -0.440017 -1.01978 0.7797 -0.313406 0.594208 -1.04007 0.273009 0.0486962 -0.10506 -0.282831 0.971353 0.568336 -0.959812 0.349894 0.338547 -0.180403 -0.0615421 0.00289694
13 -0.31684 -0.262814 0.50158 0.126519 0.608489 0.430213 0.0440986 0.441596 0.116775 0.201864 0.505683 0.432539 0.556899 0.0647854 -0.439775 -0.77291 0.531812 -0.157819 0.7008 -1.14693 -0.18843 -0.338323 -0.474621 -0.356899 0.789634 0.479699 -0.668218 0.265681 -0.129332 -0.199543 -0.530558 -0.11986
166 -0.253578 0.103635 -0.250061 -0.661282 0.270095 0.175812 -0.173348 0.215377 -0.011079 -0.184382 0.123305 -0.392254 0.472484 0.353628 -0.536782 0.383553 0.689762 -0.678402 -0.182732 -0.774227 0.470434 -1.20417 -0.529103 0.108695 0.815859 0.325775 -0.470229 -0.0520169 -0.0862543 0.0591508 -0.722214 0.414151
211 -0.118648 -0.617782 0.0586009 0.478705 -0.18939 0.0703752 -0.290909 0.148761 0.377596 -0.798617 0.360277 -0.00849663 -0.338814 0.0836926 -0.587995 -0.947383 0.643064 -0.248324 0.154008 -0.336351 0.313593 -1.20201 -0.355236 -0.33231 0.8872 -0.296909 -0.0816109 0.787979 -0.309532 -0.201602 -0.626312 0.707968
40 0.0430502 0.0375392 -0.661439 -0.0365857 -0.18056 0.415669 0.3445 0.0568146 -0.304658 -0.399173 0.413844 0.750374 0.359039 0.661705 -0.696815 -0.784092 -0.0350422 -0.370117 0.681978 -0.666611 0.00308069 -0.736286 0.638068 -0.464697 0.574075 0.279777 -0.816094 -0.201432 -0.244838 -0.46711 0.413812 0.0880913
39 -0.0102801 0.151587 -0.742567 -0.068351 -0.232864 0.506512 0.415125 0.0286614 -0.387443 -0.47345 0.489692 0.847596 0.441827 0.664197 -0.816034 -0.899072 -0.0657487 -0.439958 0.781898 -0.672522 0.00186761 -0.870413 0.73086 -0.472969 0.646965 0.304848 -0.982332 -0.26323 -0.182536 -0.460102 0.525742 0.123614
34 -0.160541 0.31064 -0.308516 -0.00295343 -0.259646 0.30545 0.171585 -0.245367 -0.401774 -0.119041 0.673554 0.476212 0.454617 -0.00563578 -0.757343 -0.668849 0.0175928 -0.0484932 0.389687 -0.324332 0.0474635 -0.975753 0.173112 -0.344189 0.838323 0.276022 -1.07584 -0.0577961 0.144096 -0.208844 0.246724 0.511461
120 0.978259 0.775324 0.568801 -0.1453 -0.767855 -0.130212 0.30585 0.827336 -0.614809 0.303149 0.0747893 0.0753566 0.824952 0.799671 -0.200729 -0.829127 0.292686 0.260856 -0.372485 -0.751192 0.0170164 -0.986471 -0.416898 -0.284111 0.654531 -0.0823978 -0.530331 0.22636 -0.678414 -0.561004 -0.96404 0.827911
280 -0.198588 0.0825355 -0.12539 -0.279322 -0.0380035 -0.184864 0.136377 0.138777 0.0420417 -0.438732 0.102955 0.0466556 0.403632 0.693857 -0.381862 -0.718883 0.669036 -0.459422 0.0948019 -0.363083 0.225161 -0.661009 0.236198 -0.701933 0.929483 0.514514 -0.512005 -0.0470305 -0.313841 -0.116058 -0.427043 0.124632
279 -0.224009 -0.0863255 -0.287854 -0.378671 -0.0585348 -0.48136 0.390594 0.00888998 0.297321 -0.459073 0.1307 -0.0501415 0.287537 0.755233 -0.482616 -0.695964 0.796858 -0.494645 0.0533536 -0.295012 0.149682 -0.597223 0.267024 -0.702169 1.20242 0.553349 -0.499376 -0.0137044 -0.379367 -0.0550507 -0.456159 0.169461
151 -0.416173 0.65686 -0.233015 1.29729 0.161793 0.0627415 -0.515347 0.641214 -0.385897 0.234051 0.00260968 0.522492 0.311023 0.756064 -0.201757 -1.01836 0.642637 -0.374428 0.2897 -0.220793 0.222315 -1.06291 -0.255687 -0.411709 0.798923 0.151357 0.343729 0.158346 -0.128233 -0.0912329 -0.479931 1.13434
60 -0.410439 0.143557 0.530348 0.297726 0.0202479 0.717206 -0.195722 -0.0827574 -0.294599 0.0365729 -0.434496 -0.0214866 0.707194 0.686759 -0.564657 -1.02331 0.51555 -0.109199 -0.0381147 0.104894 0.234552 -0.608966 0.0522709 0.00612501 1.48683 -0.177973 -0.197114 0.132763 0.253016 -1.59822 0.172052 -0.2012
61 -0.361009 0.0815865 0.448813 0.239242 0.0309586 0.608543 -0.157335 -0.0316281 -0.307429 -0.0121738 -0.357186 -0.0107292 0.568823 0.606259 -0.454812 -0.900685 0.428816 -0.0991805 -0.039724 0.0600089 0.135024 -0.525511 0.0824639 -0.00934884 1.23518 -0.165135 -0.202328 0.160448 0.220551 -1.38476 0.155797 -0.151019
0 0.561811 0.732485 0.391831 0.378992 -0.153361 0.0616123 -0.328351 0.425418 -0.272687 0.331211 -0.336643 0.265066 0.401056 0.197787 -0.0543856 -1.17607 -0.0539444 -0.703923 0.7496 -0.673839 -0.229788 -0.779473 0.708351 -0.653372 0.625157 0.106802 -0.663672 0.0292203 0.311174 -1.17914 -0.779789 -0.0993461
1 0.534359 0.656539 0.29533 0.325309 -0.0979249 0.0696806 -0.249673 0.358825 -0.263639 0.344606 -0.317059 0.263764 0.348044 0.200983 -0.136156 -1.0961 -0.0497802 -0.684437 0.751388 -0.683021 -0.157159 -0.781654 0.549589 -0.524166 0.659922 0.129731 -0.596868 0.0340677 0.294929 -1.00457 -0.706782 -0.0850288
157 -0.233383 0.420222 -0.213773 0.587346 0.257395 0.0555832 -0.293654 0.409153 -0.27488 0.125461 0.121081 0.13246 0.301254 0.667285 -0.250807 -0.659177 0.540382 -0.496284 0.195911 -0.354694 0.310464 -0.799492 -0.207949 -0.303128 0.719428 0.0518785 -0.0372446 0.0866656 -0.055687 -0.20839 -0.504059 0.671119
156 -0.328124 0.652662 -0.341494 0.864239 0.328861 -0.0107208 -0.35598 0.4726 -0.326259 0.224131 0.128827 0.165152 0.334841 0.761742 -0.213835 -0.766483 0.675899 -0.673646 0.302177 -0.401282 0.368718 -0.893815 -0.320624 -0.412059 0.748138 -0.029094 0.0877046 0.108437 -0.0272655 -0.185097 -0.589054 0.931003
155 -0.385152 0.755894 -0.360968 1.05471 0.32086 -0.0521326 -0.376417 0.470357 -0.340785 0.286345 0.0728511 0.283512 0.330941 0.759423 -0.211061 -0.867852 0.703843 -0.692772 0.378728 -0.375224 0.381128 -0.901382 -0.356324 -0.452359 0.803003 -0.0671776 0.174733 0.128187 -0.0221211 -0.166653 -0.563473 1.07536
153 -0.417205 0.837077 -0.408437 1.23593 0.325872 -0.0367809 -0.420418 0.51291 -0.35181 0.269688 0.05387 0.327231 0.318592 0.765783 -0.212803 -0.985851 0.729082 -0.712241 0.422025 -0.373729 0.366933 -0.914045 -0.390235 -0.496204 0.802162 -0.056976 0.233026 0.198865 -0.0155888 -0.151104 -0.562054 1.15859
154 -0.35531 0.705962 -0.320776 0.951693 0.313387 -0.035231 -0.370331 0.466352 -0.322276 0.267102 0.0565319 0.258286 0.304005 0.625619 -0.188245 -0.767994 0.6162 -0.636216 0.355162 -0.325515 0.320766 -0.752821 -0.300693 -0.428019 0.650364 -0.0528468 0.214997 0.150383 -0.0202737 -0.116296 -0.493755 0.948267
175 -0.395772 -0.0558567 -0.330448 0.111768 0.413946 0.592306 -0.240176 0.141901 -0.337587 0.206354 -0.286094 0.0871337 0.0275001 0.390721 -0.407584 -0.1402 0.729301 -0.502096 0.299902 -0.366988 0.398146 -0.370081 0.0267527 0.241759 0.507289 0.419044 -0.49187 0.00439816 -0.364516 -0.790617 -1.00094 0.738364
54 -0.100932 0.316485 -0.062633 -0.0856817 -0.0780119 0.405136 -0.515063 -0.391537 0.589848 0.0641077 0.0249993 0.241688 0.561256 0.364618 -0.517756 -0.450174 0.523616 -0.337211 0.172105 -0.0491417 0.661701 -0.507097 0.0638312 -0.109436 1.69294 -0.000721284 -0.259841 -0.0766344 -0.0548225 -1.44722 -0.00583446 0.146177
134 0.196154 0.804856 -0.104181 -0.9218 0.196151 0.16789 -0.195692 -0.222986 -0.449537 0.509253 -0.237243 0.442653 0.429161 1.19458 -1.00283 -0.370958 0.10509 -0.28142 -0.107048 -0.0480602 0.245801 -0.479072 0.162111 -0.480138 0.736694 -0.0992151 -0.476988 0.644709 -0.00292518 -0.0938014 -0.400077 0.208846
133 0.205798 0.677541 -0.0963524 -0.808526 0.135006 0.0943188 -0.122881 -0.35272 -0.334249 0.421401 -0.162106 0.35068 0.364727 1.10863 -0.925737 -0.400465 0.0320979 -0.234117 -0.0784562 -0.0305886 0.202657 -0.445238 0.0672318 -0.422101 0.715787 -0.0858679 -0.534676 0.64869 0.0771577 -0.10887 -0.306521 0.258675
37 -0.193067 0.498334 -0.450308 -0.0939054 -0.301529 0.436116 0.270761 -0.11478 -0.437455 -0.230268 0.585081 0.605048 0.492457 0.252497 -0.758965 -0.770565 -0.0175812 -0.287714 0.604923 -0.399784 0.205805 -0.918577 0.370575 -0.348895 0.711702 0.230211 -0.944474 -0.218879 0.106978 -0.172896 0.341801 0.233569
253 0.18607 -0.754774 0.401134 -0.19125 0.231973 0.229563 -0.375897 0.817599 -0.543006 0.14447 0.0427226 0.485685 0.187989 0.515871 -0.363436 -0.792026 0.214447 -0.755578 -0.90855 -0.118614 -0.544235 -0.847154 0.208071 -0.717377 1.26182 -0.208258 -0.936 -0.0414211 -0.551757 -0.12393 -0.696356 0.307891
252 0.0734775 -0.79055 0.482845 -0.20351 0.313843 0.227741 -0.403995 0.842282 -0.521512 0.153647 0.00141009 0.449494 0.224598 0.598207 -0.38518 -0.863499 0.199009 -0.812967 -0.919079 -0.205604 -0.551658 -0.869525 0.212023 -0.835118 1.23701 -0.198883 -0.956081 0.0184086 -0.697837 -0.127867 -0.755258 0.310789
236 0.209533 -0.0247753 -0.173461 -0.346 -0.0439432 -0.38671 -0.266168 -0.760198 0.262161 -0.360799 0.0488312 -0.198047 -0.246689 1.1243 -0.412028 -0.763711 0.245041 -0.716761 0.349023 -0.464093 0.369772 -1.41235 0.0365786 -0.16893 -0.145206 0.15418 -0.657736 0.137382 0.168135 -1.24524 -0.402581 1.20385
136 0.152093 0.637911 -0.120347 -0.579055 0.264727 0.267268 -0.173915 0.108495 -0.473896 0.341984 -0.0729764 0.257085 0.278937 0.80873 -0.805825 -0.294282 0.248704 -0.287251 -0.104082 -0.216308 0.375274 -0.544289 0.328783 -0.295667 0.705023 -0.00634098 -0.237188 0.214338 -0.152817 -0.204639 -0.41912 -0.0501382
89 -0.435844 0.257935 -0.0920176 0.623397 0.284853 0.898423 -0.298767 0.210437 -1.17215 -0.731569 -0.109264 -0.287996 0.25915 1.50454 -0.785948 -0.471133 0.066594 -0.255573 0.270885 -0.268714 -0.16946 -0.597204 0.115776 -0.19569 0.818369 0.666016 -0.759704 0.632379 -0.800912 -0.087091 -0.0970333 0.190836
88 -0.455853 0.392354 -0.116112 0.601504 0.246003 0.878155 -0.445514 0.226017 -1.09991 -0.771676 -0.0322351 -0.254037 0.306716 1.44777 -0.81218 -0.440064 0.132044 -0.265397 0.187757 -0.207141 -0.113066 -0.403178 0.100445 -0.129922 0.701305 0.706684 -0.747729 0.610234 -0.778695 -0.0488227 -0.056351 0.157218
293 -0.147252 0.265509 0.743351 -0.229554 -0.259308 -0.307921 -0.139669 0.375478 -0.655795 -0.369254 0.249038 0.229934 0.269624 1.02845 0.254451 -0.800085 0.627011 -0.305053 0.247663 -0.449601 0.249021 -0.586229 0.760162 -0.973016 0.645857 -0.154684 -0.372806 0.169804 0.0735688 -0.841183 -0.797363 -0.139619
292 -0.152412 0.219534 0.577392 -0.231742 -0.201313 -0.265749 -0.0581338 0.346682 -0.58883 -0.417064 0.2161 0.236602 0.262974 0.95392 0.166663 -0.679478 0.613214 -0.287221 0.258778 -0.469481 0.314627 -0.567075 0.675878 -0.864162 0.676307 -0.0870021 -0.360143 0.141894 -0.00025513 -0.661065 -0.707192 -0.0981861
184 0.0843911 0.0407314 -0.598344 0.0849618 0.401406 0.80098 -0.323237 0.28654 -0.531907 -0.0331062 0.172204 -0.18305 -0.135357 0.412737 -0.35611 -0.957154 0.499596 -0.39794 0.258573 -0.10292 1.02833 -0.46604 0.301301 0.0547097 0.567464 0.162671 -0.678875 -0.850977 0.0949795 -0.65652 -0.916949 0.588585
185 0.175877 0.0247362 -0.613035 0.143112 0.398258 0.845947 -0.316681 0.295984 -0.61737 -0.0505114 0.154977 -0.213604 -0.171073 0.496493 -0.423341 -1.05737 0.599486 -0.361537 0.319302 -0.0951463 1.12374 -0.575244 0.236628 0.0730531 0.647802 0.184256 -0.787662 -0.944669 0.0489924 -0.67495 -0.945383 0.633411
70 -0.274275 0.448571 -0.0200702 -0.160199 -0.0875028 0.314077 -0.106758 0.00807167 -0.911628 0.359958 -0.277819 -0.316068 -0.155468 0.521252 -0.0948131 -1.00315 0.409836 -0.483752 0.324175 -0.392889 -0.159688 -0.708025 -0.26053 -0.484876 0.492505 0.451527 -0.514629 -0.0747542 -0.177456 -0.542595 0.329017 0.252997
247 -0.22572 -0.477732 0.359611 0.0460426 0.292036 -0.166997 -0.579898 0.480023 -0.151183 -0.00530711 -0.285867 0.460914 0.385385 0.801084 -0.309582 -0.692565 0.0182726 -0.81517 -0.620128 -0.275294 -0.184477 -0.712558 0.0181062 -0.780407 0.663607 -0.114854 -0.597248 0.157954 -0.641902 -0.374019 -0.651501 0.398498
189 0.453416 -0.232367 -0.321992 0.375809 -0.0675569 0.0904389 -0.00625778 -0.0720729 -0.757851 -0.176056 -0.478297 -0.478038 -0.249068 0.577101 -0.582308 -0.877123 0.873231 0.0216251 -0.0168902 0.0248256 0.895127 -0.860042 -0.413626 -0.0281599 1.05598 0.221275 -0.997709 -0.802574 -0.248952 -0.487959 -0.586562 -0.0664388
188 0.327003 -0.102919 -0.365174 0.271883 0.155171 0.467128 -0.153996 0.128058 -0.657831 -0.120072 -0.126303 -0.314047 -0.17258 0.557304 -0.419425 -0.875171 0.700419 -0.0730019 0.140581 -0.0522225 0.878966 -0.681492 -0.140808 0.0358294 0.88599 0.173019 -0.840061 -0.756441 -0.116286 -0.550215 -0.644517 0.247715
187 0.21214 -0.0643936 -0.343321 0.19211 0.226624 0.529254 -0.218422 0.11824 -0.585793 -0.0926166 -0.0486371 -0.235549 -0.148806 0.530606 -0.345721 -0.805396 0.613715 -0.176751 0.181327 -0.0806207 0.82054 -0.597589 -0.0754511 0.0295223 0.746604 0.175891 -0.735555 -0.696464 -0.0939357 -0.533932 -0.613605 0.309376
186 0.243004 -0.0374598 -0.490463 0.188604 0.287532 0.658541 -0.269151 0.213294 -0.64945 -0.123008 0.0440468 -0.245344 -0.167143 0.542063 -0.390471 -0.946066 0.664905 -0.222585 0.225909 -0.0891506 1.00107 -0.644358 0.0222234 0.0379829 0.77095 0.185337 -0.800209 -0.828615 -0.0618903 -0.592931 -0.783736 0.43502
55 -0.162135 0.330883 0.136453 -0.0920574 -0.0484681 0.424197 -0.530915 -0.327513 0.458086 0.169652 -0.0768955 0.251571 0.565837 0.351488 -0.506288 -0.510588 0.508026 -0.31398 0.0641152 0.0848458 0.615177 -0.502995 -0.0138424 -0.016786 1.60216 -0.0202185 -0.226833 -0.0508101 0.0512065 -1.32368 -0.0179219 0.139923
100 0.185802 0.116547 0.107438 0.177647 0.180375 0.625157 0.10724 0.0543729 -0.320766 0.019164 -0.167852 -0.352205 0.429524 0.91625 -0.883844 -0.278699 -0.26242 -0.103903 0.771046 -0.626681 0.21006 -1.37925 -0.105453 0.250375 1.05764 -0.410184 -0.215441 0.207787 -0.352231 -0.118622 -0.043635 -0.0795155
121 0.795092 0.744419 0.479258 -0.126997 -0.719587 -0.0550076 0.277036 0.776862 -0.52178 0.271306 0.0808677 0.0881584 0.715573 0.691904 -0.267302 -0.754429 0.271896 0.26801 -0.328517 -0.674144 -0.0457891 -0.932437 -0.383233 -0.270025 0.545502 -0.109297 -0.445874 0.166996 -0.596306 -0.504954 -0.818012 0.776197
143 -0.0848984 0.632226 -0.0344253 0.189479 0.558726 0.480177 -0.540103 1.06481 -0.611854 0.245886 0.278662 0.344927 0.169574 0.66893 -0.907138 -0.430656 0.407309 -0.19184 -0.244856 -0.208401 0.310809 -1.05182 0.503831 -0.169339 0.771611 0.368394 0.537948 -0.0625389 -0.4835 -0.276078 -0.661218 0.202707
142 -0.0284135 0.602978 -0.00289174 -0.0325284 0.522777 0.412862 -0.400114 0.875488 -0.540088 0.207928 0.221826 0.273529 0.146978 0.611947 -0.859185 -0.318635 0.364771 -0.270457 -0.192198 -0.22707 0.329248 -0.876761 0.442299 -0.167856 0.666561 0.263589 0.383948 -0.0160017 -0.374566 -0.280987 -0.568352 0.0774772
90 -0.414077 0.0139472 -0.0527159 0.67396 0.368234 0.897219 0.00797563 0.113916 -1.1967 -0.635496 -0.265156 -0.339242 0.0771081 1.40306 -0.607384 -0.383156 -0.0669165 -0.165324 0.384345 -0.370435 -0.263449 -0.814056 0.0617582 -0.30203 0.916166 0.448054 -0.580973 0.666767 -0.736299 -0.267381 -0.118499 0.289669
