300 32
230 -0.11012 -0.277766 0.377418 -0.482941 -0.0954476 0.40408 -0.0623644 0.268218 -0.0909564 0.480345 0.174801 0.338513 -0.149787 -0.45805 -0.760186 -1.11315 -0.30342 -0.322306 -0.725646 -0.44561 0.246975 0.600306 -0.0249055 -0.840406 -0.936629 0.991326 -0.177715 -0.944669 0.323249 0.113515 -1.01299 0.510819
228 -0.100653 -0.306737 0.29889 -0.439512 -0.19321 0.428996 -0.0675833 0.346088 -0.0129407 0.421101 0.393753 0.38678 -0.182036 -0.456438 -0.839333 -1.18514 -0.269618 -0.279822 -0.759581 -0.547886 0.125476 0.605028 -0.0134932 -0.864984 -0.93511 1.1792 0.00297054 -0.843637 0.314906 0.147954 -0.989257 0.607933
231 -0.0371376 -0.190407 0.456568 -0.506836 0.0421635 0.387871 0.0376161 0.171453 -0.215972 0.519419 -0.0285185 0.200348 -0.209046 -0.468647 -0.712592 -1.03026 -0.213717 -0.272705 -0.754851 -0.353274 0.377639 0.46005 -0.00103793 -0.750058 -1.12017 0.838195 -0.430412 -1.07593 0.300347 0.0353688 -1.15234 0.483892
229 -0.0465838 -0.265934 0.333902 -0.439696 -0.0917481 0.3898 -0.0488226 0.299689 -0.0258217 0.410894 0.24959 0.333777 -0.151107 -0.436043 -0.705378 -1.03171 -0.270281 -0.296938 -0.660266 -0.466923 0.174508 0.567143 0.00866401 -0.750816 -0.853872 1.0058 -0.0619731 -0.816694 0.238351 0.112379 -0.925764 0.509804
289 -0.534149 0.381806 0.314245 0.460213 -0.569296 0.301576 -0.0909379 0.447309 -0.0860516 -0.325064 0.114254 -0.142829 -0.87051 -0.303968 -0.0741377 -0.409093 -0.354866 0.0517788 -0.184647 -0.047182 -0.346407 -0.302974 -0.0563902 -0.511073 -1.0606 0.691106 -0.243079 -0.906294 0.110493 0.900018 -0.674724 0.401668
290 -0.595067 0.369493 0.234622 0.474418 -0.628383 0.281249 -0.138417 0.395746 -0.140063 -0.336216 0.151612 -0.194159 -0.850445 -0.287531 -0.151973 -0.449909 -0.345954 0.0112702 -0.211008 -0.0569531 -0.242638 -0.302186 -0.0684829 -0.561065 -1.0817 0.688306 -0.297031 -0.89764 0.0618594 0.889577 -0.758817 0.403362
291 -0.54114 0.24098 -0.0120332 0.589507 -0.81859 0.0762829 -0.414299 0.076301 -0.282149 -0.205625 0.346158 -0.275049 -0.612272 -0.116706 -0.40773 -0.644062 -0.210043 -0.266827 -0.249333 -0.203977 0.168872 -0.0540192 -0.203456 -0.60763 -0.932099 0.684649 -0.483687 -0.777882 -0.0514672 0.551395 -0.815353 0.222796
292 -0.496005 0.21249 -0.0798919 0.635582 -0.799261 -0.00803908 -0.463274 -0.0907965 -0.260865 -0.129426 0.396612 -0.202934 -0.547907 -0.0357515 -0.480591 -0.624532 -0.135848 -0.319094 -0.240287 -0.254183 0.272728 0.00170449 -0.186534 -0.623441 -0.851753 0.673754 -0.461997 -0.679936 -0.0326615 0.416592 -0.724457 0.187663
288 -0.577315 0.454727 0.374735 0.447844 -0.528307 0.359095 8.96007e-05 0.548383 -0.0742945 -0.376794 0.123044 -0.14055 -0.973197 -0.358846 -0.0720157 -0.440657 -0.393996 0.103143 -0.204555 -0.0605129 -0.429114 -0.367159 -0.0491762 -0.575487 -1.24153 0.818748 -0.260042 -1.02912 0.150811 1.04814 -0.791774 0.51292
177 -0.353416 -0.299589 -0.323641 1.29008 -0.340324 -0.144929 -0.392755 -0.922686 -0.0840292 -0.0119205 0.698833 -0.562281 -0.0206722 -0.266701 -0.564359 -0.283065 -0.604995 -0.444686 0.231276 -0.817148 0.0685664 -0.177547 0.182577 -0.738449 -0.94052 0.171321 -0.340929 -0.445407 -0.455968 -0.0382751 -0.995484 0.41106
179 -0.336708 -0.258092 -0.381075 1.30848 -0.306228 -0.0757461 -0.35967 -0.97907 -0.0370793 0.00168207 0.703689 -0.485186 -0.0473315 -0.314558 -0.672134 -0.308465 -0.595916 -0.495583 0.343564 -0.691927 0.106465 -0.178508 0.136924 -0.75152 -0.892932 0.261166 -0.360682 -0.520955 -0.636011 -0.0549834 -1.10874 0.49289
180 -0.253037 -0.28338 -0.404899 1.27208 -0.216839 -0.0468514 -0.200259 -1.04049 0.141942 0.0101896 0.57426 -0.329553 0.0201116 -0.23212 -0.72328 -0.201522 -0.478681 -0.577513 0.475261 -0.561367 0.18277 -0.123705 0.156213 -0.712535 -0.827939 0.34883 -0.351685 -0.578568 -0.749301 -0.0414992 -1.07605 0.644225
182 -0.183642 -0.213686 -0.336032 1.15887 -0.202781 0.0805083 -0.127587 -1.04262 0.218127 0.0680268 0.379076 -0.215617 -0.0307457 -0.139683 -0.797203 -0.125275 -0.30389 -0.63925 0.599144 -0.336308 0.318104 0.0107498 0.160232 -0.655122 -0.666508 0.397821 -0.400355 -0.626528 -0.853285 -0.0660608 -0.918246 0.758239
183 -0.170245 -0.0202411 -0.303618 1.0132 -0.314384 0.231734 -0.0385469 -0.988232 0.230205 0.0669563 0.246972 -0.0884573 -0.155827 0.0935369 -0.951017 -0.213507 -0.12428 -0.79839 0.593307 -0.144805 0.43954 0.235657 0.117628 -0.66732 -0.60879 0.55124 -0.456059 -0.807127 -0.898692 -0.0265846 -0.793567 0.76442
181 -0.195964 -0.273625 -0.360868 1.10735 -0.177635 -0.00598439 -0.151792 -0.945374 0.180369 0.0204075 0.440995 -0.219839 0.0470974 -0.222398 -0.667999 -0.141219 -0.355553 -0.532472 0.449034 -0.42102 0.223765 -0.0544073 0.174725 -0.628576 -0.653919 0.388041 -0.359353 -0.503036 -0.726733 -0.0195844 -0.923365 0.644621
271 -0.355028 0.0566594 0.430168 -0.124244 -0.0640044 -0.270236 -0.172193 -0.198219 -0.188964 -0.47576 0.37952 0.0634743 -0.982094 0.28472 -0.089257 -0.550228 -0.461798 -0.806404 0.562045 -0.165377 -0.27056 0.156394 -0.596462 -0.746801 -1.20477 0.256185 -0.681423 -0.982932 0.0429115 -0.348772 -0.34732 -0.422367
272 -0.42803 0.0559392 0.453504 -0.110782 -0.0531895 -0.319287 -0.183666 -0.226358 -0.269378 -0.506958 0.364549 0.00515529 -1.01148 0.267454 -0.161632 -0.61314 -0.49532 -0.826859 0.588971 -0.16434 -0.240726 0.0931957 -0.666964 -0.844396 -1.25795 0.23574 -0.743605 -1.11892 0.0686235 -0.340722 -0.368327 -0.399673
270 -0.379921 0.0847521 0.511692 -0.115164 -0.116284 -0.296155 -0.152558 -0.172176 -0.196129 -0.561359 0.430722 0.170002 -1.10069 0.318232 -0.110129 -0.665266 -0.468057 -0.870468 0.5628 -0.154965 -0.290526 0.20549 -0.633098 -0.815577 -1.39241 0.328138 -0.719978 -1.05015 0.047298 -0.427124 -0.406861 -0.439024
269 -0.275025 0.18831 0.691032 -0.0209544 -0.409764 -0.231015 -0.117162 -0.0895175 -0.0985842 -0.585944 0.604916 0.401907 -1.12914 0.261703 0.0342905 -0.55915 -0.374692 -0.744038 0.397555 -0.173455 -0.308914 0.460391 -0.646105 -0.616875 -1.52001 0.537845 -0.468964 -0.782313 -0.0197598 -0.597996 -0.375234 -0.501834
268 -0.218933 0.221095 0.577102 0.0921204 -0.445982 -0.18115 -0.117349 -0.0467418 -0.0326663 -0.516836 0.543833 0.424162 -0.952964 0.195183 0.021529 -0.519808 -0.267987 -0.608733 0.269243 -0.153781 -0.247687 0.433012 -0.537336 -0.536168 -1.31389 0.525766 -0.358371 -0.572833 0.00473724 -0.53044 -0.33958 -0.409811
267 -0.181613 0.234687 0.639227 0.0783439 -0.544754 -0.295733 -0.127753 -0.0481233 -0.0601727 -0.527007 0.633396 0.38227 -1.06281 0.217702 -0.0956395 -0.582919 -0.217461 -0.641709 0.316784 -0.290047 -0.19749 0.456097 -0.566661 -0.605927 -1.5455 0.701663 -0.381331 -0.644734 -0.0263457 -0.601712 -0.415919 -0.372759
123 -0.84755 0.387349 -0.127812 1.386 -0.179564 -0.0354119 -0.16212 0.0648899 -0.195144 -0.0940498 0.0406216 -0.109662 -0.184531 0.806325 -0.854225 -0.184125 0.277359 -0.917514 -0.19953 -0.455191 0.457096 -0.722262 -0.418742 -0.0119791 -0.645169 0.482735 -0.224027 -1.13229 0.434169 0.189814 -0.5034 0.0629742
122 -0.813351 0.427454 0.00838996 1.45116 -0.402708 -0.0166086 -0.11708 0.187833 -0.109674 -0.0392957 0.0191441 -0.148116 -0.146552 0.760574 -0.665975 -0.0899347 0.293383 -0.953304 -0.386138 -0.548926 0.368994 -0.539802 -0.411602 0.0655574 -0.615159 0.535328 -0.352554 -1.22609 0.483644 0.278773 -0.487322 0.0741934
120 -0.811451 0.453254 0.0881446 1.41694 -0.607044 -0.0194441 -0.0971843 0.271538 -0.0233492 0.0270796 0.0926182 -0.173712 -0.137452 0.737459 -0.539666 -0.058289 0.268245 -0.961488 -0.492042 -0.545835 0.351447 -0.403319 -0.427782 0.0223753 -0.632156 0.579131 -0.452144 -1.26296 0.574977 0.334595 -0.502575 0.0934167
121 -0.751848 0.441642 0.0545241 1.32176 -0.463028 0.0105006 -0.0703957 0.207772 -0.0273117 0.0445172 0.0811098 -0.136448 -0.1242 0.701421 -0.543363 -0.0180453 0.275709 -0.916283 -0.440798 -0.507532 0.311897 -0.421001 -0.392533 0.081245 -0.571301 0.538909 -0.400208 -1.17923 0.50904 0.258619 -0.446538 0.0825222
39 -1.02004 0.564914 -0.495457 0.75472 -1.38157 -0.442307 -0.555952 -0.816197 -0.572726 -0.560069 0.406049 -0.0468787 -0.162847 -0.0564925 -0.423421 -0.61334 -0.314202 -0.199513 -0.43794 -0.418554 -0.202344 0.70323 -0.230806 -0.751306 -1.04171 0.750177 0.0966059 -0.0744775 0.288824 0.0995153 -0.755031 -0.026937
41 -1.20955 0.657665 -0.631692 0.831959 -1.48241 -0.459026 -0.555201 -0.840628 -0.618254 -0.643086 0.41162 -0.00921092 -0.117043 -0.100772 -0.42184 -0.708974 -0.360186 -0.276368 -0.473612 -0.446911 -0.182909 0.767774 -0.293375 -0.786522 -1.09672 0.783682 0.157768 -0.0508405 0.290594 0.0866984 -0.84652 -0.0387614
40 -1.02173 0.560166 -0.524522 0.68495 -1.28488 -0.431809 -0.508552 -0.806793 -0.554767 -0.556408 0.386165 -0.0450755 -0.101458 -0.10688 -0.37732 -0.54028 -0.272864 -0.183536 -0.416904 -0.395984 -0.220608 0.701097 -0.227223 -0.65694 -0.955402 0.713847 0.105484 0.00814233 0.253926 0.09532 -0.720299 -0.0195353
42 -1.25543 0.733875 -0.727191 0.803745 -1.41631 -0.426853 -0.511661 -0.718444 -0.590453 -0.752764 0.246488 0.108438 -0.142684 -0.139618 -0.321103 -0.776564 -0.386646 -0.256964 -0.50191 -0.388526 -0.160077 0.634456 -0.334285 -0.709627 -1.11758 0.779435 0.238864 -0.045314 0.296991 0.128731 -0.746813 -0.105634
111 -0.406938 0.48198 0.0303512 0.741554 -0.419952 0.0401208 -0.505914 -0.0847313 -0.0502159 0.452248 1.03071 -0.380773 -0.318679 -0.208978 -0.600744 0.128451 -0.167721 -0.710839 -0.7864 -0.257998 -0.61359 0.371145 -0.423314 0.161662 -0.803647 1.13927 -0.334731 -1.1976 -0.10103 0.167894 -0.630369 -0.241976
113 -0.386414 0.481779 0.156526 0.700379 -0.477201 0.0736209 -0.385242 0.15343 -0.0241834 0.353035 0.920412 -0.313544 -0.171827 0.00561436 -0.397544 0.18774 -0.0632046 -0.724554 -0.782355 -0.296699 -0.495576 0.236531 -0.407204 0.13303 -0.808453 1.12453 -0.485513 -1.2564 0.034627 0.2079 -0.666051 -0.193334
112 -0.36909 0.459943 0.0436302 0.664415 -0.357817 0.0820263 -0.462589 -0.00400398 -0.0414737 0.396143 0.934865 -0.338537 -0.211936 -0.122959 -0.490458 0.170861 -0.121088 -0.693884 -0.704161 -0.229231 -0.525096 0.321102 -0.380136 0.17633 -0.744653 1.0631 -0.377165 -1.08357 -0.0869728 0.133251 -0.58062 -0.199491
97 -0.495776 -0.480053 0.208258 0.364169 -0.824592 0.143328 -0.676096 -0.256095 -0.218842 -0.335869 -0.00876727 -0.324573 -0.432509 -0.470477 -0.261181 -0.854714 -0.723003 -0.0222572 0.397783 0.0894632 0.812845 0.751878 -0.514181 -0.52341 -0.33264 0.749688 -0.796457 -0.460489 0.216572 0.486835 -0.215649 3.52147e-05
98 -0.516595 -0.474862 0.189238 0.403469 -0.922444 0.140914 -0.669412 -0.189309 -0.235555 -0.377822 0.00327348 -0.403621 -0.441175 -0.505074 -0.287713 -0.907422 -0.741151 -0.0552011 0.372258 0.0947054 0.938935 0.851984 -0.526758 -0.535437 -0.392533 0.822698 -0.796534 -0.589766 0.276337 0.548596 -0.290524 0.0157544
99 -0.346248 -0.316644 0.0250485 0.435065 -1.22261 0.0378837 -0.622672 0.0378204 -0.201917 -0.413782 0.199065 -0.499843 -0.426004 -0.454279 -0.190533 -0.673827 -0.502466 -0.216144 0.226339 0.0771803 0.804276 0.972414 -0.428526 -0.368397 -0.37851 0.702954 -0.478563 -0.734951 0.42272 0.470899 -0.351472 -0.0235357
100 -0.262501 -0.299754 -0.0345241 0.422912 -1.21763 0.0182207 -0.575118 0.0724882 -0.202542 -0.407007 0.218865 -0.473645 -0.388277 -0.421895 -0.174904 -0.564628 -0.427434 -0.215603 0.111934 0.00362728 0.731398 0.975044 -0.376489 -0.33579 -0.437706 0.702654 -0.413215 -0.69967 0.463637 0.39756 -0.390515 0.0131024
101 -0.257151 -0.264173 -0.0645773 0.470558 -1.406 -0.0530093 -0.537926 0.153215 -0.186629 -0.438751 0.313761 -0.618977 -0.436138 -0.416706 -0.146675 -0.574998 -0.37744 -0.320113 0.0840199 0.00647768 0.779705 1.15784 -0.409645 -0.346301 -0.497496 0.728272 -0.342181 -0.870233 0.600721 0.454959 -0.444542 0.000320817
102 -0.21727 -0.19325 -0.0769378 0.53889 -1.35683 -0.0338643 -0.524449 0.154953 -0.111029 -0.398702 0.398167 -0.521186 -0.441927 -0.367581 -0.185099 -0.471077 -0.262778 -0.282665 -0.0106076 0.0475203 0.624479 1.00056 -0.382581 -0.291907 -0.469387 0.649392 -0.216598 -0.836525 0.50434 0.375264 -0.479915 0.0153114
104 -0.214897 -0.0277468 -0.0964914 0.591151 -1.13393 -0.0709143 -0.45671 -0.00457196 -0.087799 -0.186969 0.451126 -0.449898 -0.40823 -0.327591 -0.232954 -0.291284 -0.175464 -0.273132 -0.110983 0.0253301 0.324878 0.800012 -0.267579 -0.149064 -0.458064 0.53182 -0.087878 -0.736 0.359468 0.304989 -0.446548 0.0546433
254 -0.330192 1.12307 -0.10363 0.613095 -0.368159 -0.179248 0.373462 -0.446033 -0.128088 0.275308 0.735457 -0.308263 -0.239396 -0.246147 -0.546756 -0.0479855 -0.0436334 0.103633 0.446338 -0.960166 0.427304 0.34154 -0.234239 -0.457707 -0.718779 1.33912 -0.428543 -1.29078 -0.00127414 0.0824755 0.0213261 -0.336555
255 -0.100037 1.10288 -0.0437726 0.432097 -0.167412 -0.22991 0.364086 -0.27977 -0.0443845 0.193897 0.685877 -0.252877 -0.358081 -0.193202 -0.628731 -0.146921 0.149226 0.0370267 0.363058 -1.04625 0.359521 0.307799 -0.18458 -0.552998 -0.973715 1.39945 -0.279805 -1.1983 -0.0192709 -0.0876611 0.0416066 -0.171856
253 -0.302256 1.00822 -0.0856377 0.512899 -0.349872 -0.147063 0.342654 -0.386156 -0.120507 0.228139 0.669052 -0.257327 -0.210176 -0.258829 -0.480894 -0.0207112 -0.0801854 0.139558 0.4496 -0.826231 0.384914 0.288749 -0.202532 -0.381317 -0.596037 1.16776 -0.377527 -1.15274 0.0232947 0.100292 0.025904 -0.329857
252 -0.468791 1.07456 -0.0998985 0.724368 -0.531342 -0.0880727 0.301281 -0.52491 -0.107257 0.274024 0.722412 -0.295437 -0.205013 -0.297349 -0.414557 -0.0191273 -0.258716 0.183376 0.457419 -0.779975 0.441285 0.281984 -0.228568 -0.348713 -0.541852 1.28028 -0.47361 -1.21321 0.0194562 0.201997 -0.0218515 -0.494819
251 -0.657368 0.908128 -0.0430823 0.92269 -0.795497 0.0475377 0.179525 -0.635531 -0.134691 0.20372 0.621407 -0.312701 -0.239649 -0.224096 -0.268713 -0.0675498 -0.478991 0.178594 0.416971 -0.575921 0.544988 0.132395 -0.214626 -0.316473 -0.455017 1.22589 -0.596348 -1.09565 0.0655327 0.378576 -0.165542 -0.585367
250 -0.589839 0.681359 -0.0344742 0.786741 -0.683273 0.0519588 0.0806577 -0.497782 -0.113828 0.11707 0.475125 -0.230809 -0.179502 -0.152233 -0.191072 -0.112493 -0.397481 0.10877 0.278331 -0.392813 0.414331 0.0461983 -0.172445 -0.234423 -0.345917 0.931089 -0.46541 -0.770647 0.0525383 0.327714 -0.195909 -0.482023
249 -0.70965 0.82372 -0.0227297 1.11998 -0.85473 0.209279 0.12233 -0.6781 -0.0612957 0.105122 0.552492 -0.220206 -0.28841 -0.172676 -0.135163 -0.138456 -0.691713 0.260948 0.316536 -0.315652 0.600901 -0.062289 -0.187671 -0.262809 -0.41596 1.16078 -0.606952 -0.863895 0.0959066 0.461239 -0.343023 -0.681124
276 -0.587051 0.0955023 0.159794 0.187408 -0.587194 -0.129466 -0.200123 -0.0323338 -0.682074 0.215973 -0.125373 -0.78422 -0.672045 0.325621 -0.605154 -0.632449 -0.277791 -0.28988 0.907695 -0.157992 0.0419755 -0.557111 -0.816716 -0.896245 -0.938053 0.155411 -0.630053 -1.51196 -0.0352183 0.190527 -0.639861 -0.250464
277 -0.501665 0.0952868 0.146739 0.117951 -0.594275 -0.0434818 -0.195569 0.0657722 -0.63454 0.240993 -0.194896 -0.747124 -0.577298 0.281296 -0.550455 -0.460773 -0.192263 -0.105682 0.825269 -0.101519 -0.0165413 -0.49411 -0.66168 -0.763198 -0.784584 0.166774 -0.488914 -1.34424 -0.0271503 0.213018 -0.549725 -0.275259
278 -0.549099 0.0549846 0.204792 0.18064 -0.680776 -0.00557184 -0.195167 0.137004 -0.691595 0.242882 -0.206652 -0.829326 -0.669305 0.285941 -0.602068 -0.535211 -0.213957 -0.0732213 0.845195 -0.135663 -0.0434144 -0.555871 -0.698712 -0.857103 -0.958922 0.253478 -0.510501 -1.50501 -0.0541245 0.29035 -0.672752 -0.256651
279 -0.489283 0.0656901 0.15282 0.249025 -0.775513 0.181113 -0.220599 0.268995 -0.68964 0.248542 -0.284862 -0.855605 -0.683524 0.227187 -0.621883 -0.437745 -0.155095 0.086143 0.746004 -0.0831971 -0.0817036 -0.548593 -0.533748 -0.812987 -1.00297 0.415215 -0.43918 -1.5394 -0.0987248 0.364292 -0.765245 -0.310499
281 -0.55838 0.118449 0.196107 0.231471 -0.776576 0.300676 -0.188738 0.396953 -0.659519 0.19139 -0.275521 -0.764338 -0.691935 0.124436 -0.492808 -0.344859 -0.158228 0.17756 0.617776 -0.0101649 -0.197601 -0.523893 -0.415677 -0.706729 -0.988845 0.390269 -0.349325 -1.45214 -0.0677848 0.504428 -0.763746 -0.193
282 -0.531602 0.222536 0.346413 0.284776 -0.670068 0.361677 -0.0930043 0.488662 -0.447962 -0.0895706 -0.100688 -0.524213 -0.780029 -0.102196 -0.283126 -0.369487 -0.239985 0.202028 0.267812 -0.0257054 -0.343646 -0.470751 -0.22743 -0.618971 -1.10379 0.591342 -0.248536 -1.2601 0.0510952 0.749635 -0.808084 0.110074
280 -0.497228 0.108617 0.176848 0.285476 -0.73195 0.239557 -0.193932 0.314122 -0.61194 0.198844 -0.258258 -0.731118 -0.633428 0.168888 -0.487226 -0.301916 -0.145259 0.132073 0.623375 -0.0354296 -0.111166 -0.497834 -0.397245 -0.66449 -0.857733 0.33471 -0.346383 -1.33855 -0.072032 0.380999 -0.677002 -0.226668
191 -0.410826 0.755693 -0.148672 0.679706 -0.863142 0.331977 -0.412941 -0.468112 -0.215052 0.0911275 0.13121 0.249302 -0.86743 0.17187 -1.04277 -0.775956 -0.023077 -0.633265 0.283257 0.250313 0.566921 0.438243 0.282535 -0.300735 -0.266526 0.440564 -0.125941 -0.843876 -0.221407 -0.0762795 -0.441389 0.269861
190 -0.4069 0.837685 -0.155181 0.633139 -0.838432 0.343886 -0.457449 -0.455233 -0.229621 0.0549265 0.136596 0.301753 -0.887732 0.168554 -1.0671 -0.801338 0.0148467 -0.681766 0.309598 0.297995 0.553693 0.469294 0.318713 -0.313169 -0.248532 0.408685 -0.0946647 -0.847199 -0.222899 -0.0927522 -0.422289 0.219692
189 -0.386798 0.794639 -0.208929 0.748114 -0.859833 0.384052 -0.38239 -0.623115 -0.138399 0.047076 0.129337 0.320003 -0.886217 0.28607 -1.23394 -0.828637 -0.000346925 -0.801499 0.401609 0.293096 0.60627 0.463824 0.297635 -0.372437 -0.294198 0.483352 -0.177019 -0.924862 -0.366063 -0.124222 -0.49302 0.357256
188 -0.406293 0.565547 -0.268037 0.849763 -0.727546 0.423808 -0.282674 -0.702343 -0.0557441 0.0442615 0.0429907 0.25637 -0.697633 0.27323 -1.19032 -0.660367 0.022113 -0.809039 0.558702 0.259702 0.635164 0.495281 0.30523 -0.423379 -0.404782 0.477792 -0.290231 -0.939896 -0.574134 -0.188401 -0.561338 0.451227
83 -0.271911 -0.14064 -0.149077 0.844302 -1.10632 -0.0414101 -1.04463 -0.546624 -0.435772 -0.210224 0.60792 -0.384347 -0.947206 0.181061 -0.65951 -0.513239 -0.0146011 -0.281234 -0.16259 -0.224877 -0.216051 0.182253 -0.24053 -0.838643 -0.28541 0.302647 -0.547984 -0.188175 0.656416 -0.538604 -0.58561 0.306934
81 -0.1093 0.107173 -0.189336 0.712295 -0.894084 0.0849612 -1.05315 -0.552303 -0.436731 -0.222414 0.544567 -0.324923 -1.01581 0.188617 -0.584499 -0.335931 0.200394 -0.36197 -0.366447 -0.215438 -0.289925 0.023399 -0.189886 -0.85362 -0.251129 0.452443 -0.448231 -0.266381 0.717046 -0.373137 -0.540278 0.420587
80 -0.0902781 0.336248 -0.286263 0.5807 -0.803711 0.244149 -1.19345 -0.654612 -0.396253 -0.166798 0.501558 -0.25807 -0.994255 0.138779 -0.575614 -0.224533 0.409592 -0.633212 -0.49398 -0.18286 -0.273619 -0.154221 -0.213624 -0.874727 -0.351086 0.641459 -0.417184 -0.225441 0.747139 -0.0370857 -0.627517 0.484538
82 -0.219156 -0.0118534 -0.112149 0.719895 -0.920021 -0.0263427 -0.856925 -0.461247 -0.351712 -0.185874 0.479559 -0.304284 -0.789729 0.135505 -0.529348 -0.379995 0.0201432 -0.245636 -0.16643 -0.201722 -0.143933 0.14294 -0.174348 -0.695605 -0.257987 0.290888 -0.433685 -0.202593 0.53221 -0.355025 -0.462406 0.279045
84 -0.326408 -0.398169 -0.0365586 0.894073 -1.23638 -0.132323 -1.11119 -0.587474 -0.341746 -0.236293 0.718138 -0.462336 -0.948469 0.247313 -0.731012 -0.771593 -0.124617 -0.236084 0.0365136 -0.240764 -0.134976 0.258065 -0.342674 -0.869959 -0.35794 0.210871 -0.681738 -0.0703917 0.678011 -0.667469 -0.57453 0.214749
65 -0.185213 0.347487 -0.226631 0.722957 -0.665385 -0.473359 -1.0563 0.107453 0.573367 -0.161686 0.955539 -0.269614 0.120751 0.139979 -0.487154 -0.913053 -0.162288 -0.545667 -0.11416 0.516776 0.278684 -0.421928 0.031187 -1.01287 -0.650059 0.271487 0.140485 -0.631343 0.407084 0.374132 -0.925388 0.332758
64 -0.216744 0.338858 -0.253524 0.64507 -0.624073 -0.404109 -0.910135 0.153803 0.459727 -0.142624 0.854701 -0.191105 0.0345731 0.205667 -0.456208 -0.900036 -0.162097 -0.42369 -0.176675 0.446942 0.205843 -0.381162 0.0554379 -0.850438 -0.605135 0.302313 0.217318 -0.57399 0.380053 0.350422 -0.815671 0.271267
63 -0.332317 0.383374 -0.298156 0.771173 -0.660614 -0.373189 -0.861243 0.211057 0.501657 -0.068703 0.96594 -0.259468 0.0425185 0.338215 -0.509027 -1.11874 -0.241349 -0.354114 -0.309833 0.482192 0.263092 -0.489432 0.0670813 -0.878959 -0.648613 0.348033 0.338737 -0.658768 0.400837 0.353781 -0.906569 0.261395
66 -0.135472 0.269374 -0.131038 0.785577 -0.799382 -0.520555 -1.34033 0.0203846 0.579248 -0.368684 0.882279 -0.155177 0.142246 -0.0865075 -0.504784 -0.67987 -0.0371692 -0.769674 0.153466 0.536021 0.330215 -0.304468 -0.16059 -1.08558 -0.671144 0.254939 -0.220825 -0.5951 0.349204 0.456487 -0.905478 0.363614
105 -0.269207 0.181377 -0.111885 0.815281 -0.956093 -0.123861 -0.42952 -0.250182 -0.0839002 0.122509 0.710314 -0.464424 -0.543021 -0.410175 -0.461995 -0.207326 -0.151298 -0.435841 -0.315388 -0.0530259 -0.0736568 0.724311 -0.249347 0.111632 -0.542485 0.608476 -0.0265149 -0.900563 0.167404 0.261406 -0.447743 0.0801854
106 -0.291365 0.281219 -0.106242 0.82999 -0.7528 -0.117177 -0.383595 -0.318261 -0.0918417 0.230913 0.684894 -0.33865 -0.551992 -0.281492 -0.529379 -0.215922 -0.102901 -0.432065 -0.334412 -0.124189 -0.172916 0.442177 -0.213804 0.0436779 -0.61046 0.59871 -0.030883 -0.862248 0.0577042 0.21301 -0.48343 0.12475
107 -0.242975 0.321755 -0.134433 0.820077 -0.70352 -0.109714 -0.426042 -0.348564 -0.0752446 0.351316 0.893604 -0.420584 -0.63932 -0.430216 -0.653957 -0.136173 -0.117434 -0.523788 -0.527687 -0.149316 -0.377201 0.555898 -0.278068 0.184588 -0.705168 0.776672 0.00639462 -1.03385 0.0426266 0.237585 -0.532883 0.033906
103 -0.222298 -0.119208 -0.081193 0.512181 -1.11371 -0.0678811 -0.42813 0.0781686 -0.0914042 -0.298003 0.343866 -0.432019 -0.357582 -0.274114 -0.157752 -0.342031 -0.22449 -0.219299 -0.0317879 0.0186912 0.419177 0.77396 -0.262993 -0.253335 -0.45787 0.52663 -0.170906 -0.670808 0.347979 0.324099 -0.441733 0.0694768
90 -0.583709 -0.677782 0.284168 0.702165 -1.01994 0.280885 -1.03841 -0.721003 0.0272238 -0.32106 0.3745 -0.122753 -0.609606 -0.175667 -0.556644 -1.05334 -0.799837 0.100245 0.283237 0.165484 0.426138 0.521459 -0.589135 -0.633919 -0.438975 0.576649 -0.830518 0.0727019 0.00707394 0.0482616 -0.35971 0.0372494
92 -0.649487 -0.673444 0.293308 0.691749 -0.915154 0.34973 -1.02799 -0.74435 0.0245048 -0.371237 0.277881 -0.0632829 -0.631567 -0.311917 -0.551926 -1.09937 -0.932129 0.105062 0.222751 0.193217 0.64134 0.542444 -0.682739 -0.75115 -0.549883 0.839198 -0.976486 -0.0418757 -0.186687 0.266241 -0.421551 0.0893159
93 -0.693858 -0.569708 0.270964 0.626816 -0.835857 0.368393 -0.930009 -0.672956 -0.072079 -0.337933 0.173879 -0.0846062 -0.62664 -0.339964 -0.479343 -0.999471 -0.874756 0.125853 0.278055 0.20278 0.643311 0.543317 -0.648634 -0.65702 -0.41126 0.839412 -0.958023 -0.099252 -0.133174 0.369864 -0.381636 0.0219445
91 -0.59952 -0.615659 0.255209 0.645349 -0.891127 0.326461 -0.965872 -0.682753 0.00549181 -0.360527 0.252189 -0.0663167 -0.565295 -0.277831 -0.511566 -0.960155 -0.860321 0.139739 0.245854 0.212504 0.510862 0.501145 -0.589007 -0.632586 -0.440227 0.672505 -0.843929 0.0198335 -0.169777 0.198424 -0.33185 0.0194689
163 0.22553 -0.355246 0.0410854 0.770673 -1.21438 0.101978 -0.750683 0.177475 -0.216858 0.320331 -0.00353951 0.00591326 -0.660614 0.43314 -0.193885 0.125274 0.219668 -0.116637 0.081161 -0.682496 0.584605 0.109522 0.280884 -0.564319 -0.946339 0.820968 0.055974 -0.475497 0.16034 0.463031 -0.336779 0.663912
162 0.258023 -0.451359 0.0793732 0.86368 -1.45595 0.10419 -0.867665 0.203842 -0.298494 0.359722 -0.0932686 0.0400193 -0.768656 0.478257 -0.215312 0.185158 0.244986 -0.0631218 0.0994538 -0.779117 0.627762 0.144553 0.410678 -0.590114 -1.14171 0.85582 0.0718915 -0.53027 0.253471 0.534452 -0.324163 0.79082
164 0.319355 -0.422871 0.10754 0.791501 -1.31093 0.0658665 -0.813425 0.143255 -0.202045 0.308375 -0.0503787 -0.144017 -0.704246 0.486619 -0.205588 0.172664 0.211976 -0.145961 0.0365614 -0.795095 0.664908 0.0840572 0.283362 -0.586883 -1.15245 0.922767 0.0109575 -0.491602 0.188541 0.553078 -0.348793 0.750679
165 0.433449 -0.588672 0.184024 0.614928 -1.05674 -0.126397 -0.851589 0.0616 0.0191699 0.371308 -0.122168 -0.432772 -0.645183 0.549535 -0.165726 0.266144 0.160763 -0.301457 -0.0178985 -0.905859 0.731937 -0.037798 0.196105 -0.612452 -1.29257 0.985682 -0.0318138 -0.432109 0.248663 0.694651 -0.319957 0.749323
166 0.29672 -0.527633 0.173462 0.519653 -0.880748 -0.153538 -0.740273 -0.0356951 0.0545892 0.278697 -0.0845393 -0.477524 -0.509467 0.421999 -0.145538 0.216723 0.0701534 -0.277659 -0.0062436 -0.787327 0.604536 -0.0337005 0.141883 -0.508103 -1.13143 0.786742 -0.0868779 -0.328398 0.243916 0.579654 -0.275566 0.627923
260 0.278879 0.846804 0.323179 0.0951958 -0.252831 -0.371235 0.184799 0.100457 0.100218 -0.0250786 0.528838 0.0445715 -0.835319 0.0761024 -0.84593 -0.376737 0.58562 -0.131699 0.150482 -1.02806 0.297654 0.208803 -0.179852 -0.563473 -1.62847 1.46901 0.0113347 -0.663122 -0.0111518 -0.624293 -0.352804 0.232968
261 0.274639 0.70733 0.469952 -0.00534414 -0.446329 -0.415218 0.105747 0.129229 0.146171 -0.0466129 0.595618 0.148759 -0.932245 0.0750748 -0.712341 -0.407912 0.528792 -0.130487 0.104894 -0.917983 0.169317 0.286565 -0.212752 -0.504018 -1.77481 1.45569 0.0958189 -0.512854 -0.0220364 -0.730798 -0.480927 0.155114
263 0.242688 0.624333 0.490112 0.0206149 -0.569206 -0.464891 0.0337304 0.0817948 0.0867477 -0.129581 0.672967 0.124183 -0.939345 0.0775507 -0.615392 -0.48456 0.48277 -0.228118 0.173687 -0.829085 0.178322 0.318293 -0.290179 -0.503877 -1.75551 1.37003 0.0298249 -0.445419 -0.0185302 -0.737276 -0.554185 0.0617912
262 0.231123 0.58145 0.40769 -0.0392013 -0.372164 -0.393321 0.118989 0.0916907 0.0825834 -0.0168459 0.571812 0.0916387 -0.74762 0.0391383 -0.596244 -0.338887 0.481029 -0.12828 0.11833 -0.790623 0.146681 0.279678 -0.206914 -0.379263 -1.51108 1.25265 0.0933436 -0.410918 -0.0144257 -0.660711 -0.470379 0.0831216
227 -0.0954942 -0.412362 0.174176 -0.342699 -0.212366 0.414451 -0.0100229 0.400512 0.0878383 0.278093 0.589761 0.449654 -0.159254 -0.425355 -0.931424 -1.22179 -0.18636 -0.141924 -0.746608 -0.517816 0.00898071 0.52543 0.0117958 -0.768813 -0.839964 1.30467 0.171198 -0.624659 0.265059 0.229602 -0.912639 0.670733
225 -0.131024 -0.3855 0.000288602 -0.0989608 -0.390056 0.346975 0.0136556 0.317952 0.189029 0.126718 0.760972 0.393627 -0.240007 -0.294375 -0.845324 -1.02273 -0.0522148 0.00990679 -0.619473 -0.443902 -0.0700629 0.346186 0.000480671 -0.578694 -0.688175 1.22819 0.274899 -0.363429 0.182399 0.290286 -0.722488 0.618491
224 -0.212524 -0.335864 -0.16145 0.179137 -0.608148 0.271399 0.035038 0.243592 0.26121 -0.0916119 0.906119 0.316549 -0.306507 -0.151719 -0.917792 -0.934421 0.0339305 0.194093 -0.546053 -0.38263 -0.190402 0.137962 -0.0305269 -0.447711 -0.708134 1.20652 0.350563 -0.220069 0.108634 0.405477 -0.592391 0.588222
226 -0.136108 -0.310098 0.0610542 -0.182026 -0.283173 0.352272 -0.00328932 0.312203 0.115202 0.152789 0.612161 0.371159 -0.189386 -0.316387 -0.800868 -1.0116 -0.0971536 -0.0625498 -0.626501 -0.429394 -0.0136165 0.39358 0.000976872 -0.607471 -0.692923 1.1526 0.206265 -0.428896 0.200765 0.220966 -0.742254 0.582871
32 -0.149044 0.321132 0.342966 1.31774 -1.11309 -1.01051 -0.573125 -0.624491 -0.234073 -0.811923 0.199403 0.558553 -0.536076 0.0955016 -0.608924 -0.652979 -0.100459 0.397982 -0.233459 -0.342363 -0.199494 0.145159 0.233624 -0.614774 -0.738773 0.855255 -0.966312 -0.493504 -0.338859 0.046706 -0.152722 0.393229
30 -0.0360284 0.334787 0.403822 1.35437 -1.09848 -1.00267 -0.518602 -0.674755 -0.188758 -0.822253 0.211233 0.595739 -0.584879 0.11159 -0.634754 -0.667772 -0.186093 0.454209 -0.224237 -0.340217 -0.243938 0.155773 0.236676 -0.58565 -0.684658 0.801341 -1.01879 -0.518841 -0.33375 -0.00120101 -0.163586 0.444497
31 -0.115814 0.299353 0.290006 1.19616 -0.970177 -0.838821 -0.485938 -0.598533 -0.185613 -0.681447 0.20575 0.465077 -0.451682 0.103076 -0.55258 -0.575684 -0.133975 0.327984 -0.190481 -0.290778 -0.173979 0.112117 0.193794 -0.512842 -0.582293 0.686051 -0.799937 -0.383459 -0.270542 0.016625 -0.109442 0.36143
33 -0.213587 0.343545 0.232916 1.25127 -1.11256 -0.962596 -0.5838 -0.579145 -0.246442 -0.777918 0.194122 0.503569 -0.481242 0.0664961 -0.611722 -0.698702 -0.0778266 0.331502 -0.217333 -0.303468 -0.1777 0.17068 0.212485 -0.662403 -0.783579 0.866657 -0.844892 -0.464242 -0.292749 0.0491874 -0.217304 0.334264
34 -0.23136 0.299717 0.156373 1.03185 -1.00845 -0.791214 -0.537228 -0.531677 -0.236095 -0.649845 0.184485 0.363589 -0.373821 0.0292377 -0.495241 -0.553786 -0.0593798 0.246767 -0.174528 -0.249398 -0.191522 0.179894 0.145527 -0.545875 -0.653927 0.692778 -0.637698 -0.371455 -0.215566 0.0595099 -0.167182 0.266871
35 -0.320642 0.340705 0.102842 1.08918 -1.14947 -0.891879 -0.591123 -0.62935 -0.322159 -0.7595 0.200433 0.365162 -0.361482 0.012067 -0.525502 -0.596941 -0.104574 0.261725 -0.236947 -0.277928 -0.23181 0.25647 0.127382 -0.601897 -0.721083 0.769748 -0.664598 -0.329285 -0.225541 0.0306212 -0.205126 0.256291
285 -0.637499 0.458484 0.494459 0.363345 -0.604912 0.438023 0.0167863 0.655809 -0.241411 -0.396392 0.0855917 -0.283377 -1.02226 -0.342534 -0.106656 -0.479104 -0.411886 0.202184 -0.10644 -0.0481328 -0.547058 -0.478305 -0.113823 -0.605919 -1.37726 0.825187 -0.249584 -1.27654 0.207354 1.14388 -0.911966 0.520956
284 -0.609659 0.344369 0.425586 0.334373 -0.702017 0.398422 -0.0655375 0.555844 -0.369598 -0.283634 0.0235658 -0.374806 -0.93349 -0.233997 -0.187079 -0.416231 -0.309533 0.206002 0.0438277 -0.0505084 -0.460781 -0.480344 -0.15473 -0.610538 -1.24817 0.72916 -0.24451 -1.24968 0.160626 0.953795 -0.869077 0.350125
283 -0.545414 0.264916 0.330726 0.296571 -0.58234 0.34621 -0.0586191 0.450511 -0.34091 -0.164544 0.0212128 -0.384419 -0.778958 -0.161469 -0.232607 -0.389918 -0.259709 0.150937 0.0875049 -0.0581129 -0.338156 -0.394975 -0.167215 -0.55408 -1.09568 0.628254 -0.226965 -1.1162 0.0934657 0.790539 -0.782522 0.240878
17 0.0797155 0.269784 0.16726 0.536181 -0.0814672 -0.136511 0.289656 -0.742594 -0.278218 -0.26549 0.516047 -0.376975 0.149123 0.418931 -0.637908 -1.06818 0.166633 -0.566986 -0.429407 -0.669132 0.864621 0.159435 -0.171496 -0.718354 -0.383208 1.10895 -0.632848 -0.0446647 0.399008 0.45293 -0.0966794 -0.0911138
15 0.120769 0.223407 0.087472 0.288769 0.0284621 -0.146211 0.17089 -0.643458 -0.449883 -0.0659484 0.337141 -0.273036 0.165423 0.389542 -0.61191 -1.21602 0.289236 -0.634997 -0.401151 -0.541702 1.01785 0.167547 0.0550012 -0.646203 -0.458743 1.40977 -0.604927 0.0450937 0.273958 0.51478 -0.301701 -0.294974
16 0.10532 0.240104 0.123579 0.336008 0.0443723 -0.1025 0.182518 -0.648648 -0.306707 -0.108034 0.394344 -0.263283 0.135015 0.389178 -0.602167 -1.07334 0.149388 -0.562492 -0.34047 -0.537901 0.826924 0.156679 -0.0343977 -0.668729 -0.4262 1.13635 -0.592611 -0.0541757 0.315724 0.453331 -0.185805 -0.176298
14 0.0788047 0.0585863 -0.00852241 0.330624 -0.129192 -0.183233 -0.0420832 -0.450024 -0.580989 -0.00207854 0.190723 -0.301342 0.130128 0.314608 -0.49235 -1.14256 0.34483 -0.739702 -0.424233 -0.42897 1.08727 0.173097 0.184556 -0.423407 -0.524783 1.53113 -0.546826 0.143335 0.0756689 0.519197 -0.481018 -0.380914
13 -0.0140442 0.0265892 -0.105356 0.257378 -0.195476 -0.135504 -0.19732 -0.291825 -0.549885 0.0740694 0.110631 -0.234396 0.0132589 0.195375 -0.408653 -1.01698 0.333493 -0.707876 -0.364469 -0.326363 0.971256 0.119131 0.201468 -0.33821 -0.612114 1.4474 -0.446144 0.0383299 0.0019812 0.47214 -0.620342 -0.37967
12 0.013303 -0.065519 -0.121657 0.339147 -0.243108 -0.195821 -0.188641 -0.278468 -0.632179 0.048265 0.117458 -0.273723 0.0332347 0.189842 -0.459873 -1.14235 0.342196 -0.865279 -0.456437 -0.343935 1.15853 0.189525 0.22177 -0.312645 -0.664466 1.74426 -0.497416 0.133203 -0.0566391 0.500237 -0.724178 -0.45496
222 -0.310169 -0.406901 -0.26874 0.325243 -0.766711 0.3484 0.0739337 0.220493 0.303786 -0.199722 1.06124 0.308654 -0.387774 -0.0650835 -1.01485 -0.933677 0.156196 0.250078 -0.536055 -0.354728 -0.226533 0.0637902 -0.053552 -0.330914 -0.760765 1.26415 0.424253 -0.12906 0.0402806 0.573219 -0.548272 0.643581
221 -0.403614 -0.399511 -0.341854 0.515015 -0.972379 0.383921 0.110494 0.0827403 0.341642 -0.309241 1.13899 0.21358 -0.466753 0.0207741 -1.07659 -0.899707 0.188106 0.280857 -0.462181 -0.358359 -0.193565 -0.0294616 -0.0521736 -0.356186 -0.841525 1.25612 0.416181 -0.0723217 0.00534227 0.712239 -0.518081 0.635794
220 -0.416104 -0.288537 -0.233567 0.411056 -0.812634 0.337406 0.128393 0.0499445 0.29394 -0.273914 0.944803 0.199384 -0.433597 0.0328155 -0.976292 -0.82947 0.182437 0.227375 -0.404204 -0.269293 -0.149842 -0.00404051 -0.0649495 -0.352387 -0.767123 1.01657 0.311786 -0.124908 0.00194516 0.629174 -0.430209 0.531644
297 -0.809647 0.316296 -0.357391 0.0130462 -0.687619 0.102858 -0.417289 0.224022 -0.706444 -0.104674 0.552594 -0.583577 -0.383953 -0.314944 -0.315915 -0.671755 -0.0316077 -0.621757 -0.547619 -0.185095 0.524621 0.0851844 -0.322691 -0.321607 -0.497339 0.319466 -0.701348 -0.535582 -0.779385 0.658133 -1.11255 0.296973
299 -0.821397 0.314531 -0.344668 -0.0427323 -0.588748 0.161168 -0.398992 0.217949 -0.644717 -0.11471 0.57991 -0.56668 -0.428117 -0.321212 -0.284712 -0.718303 0.0708421 -0.636803 -0.455373 -0.304165 0.674685 0.0945428 -0.340743 -0.311603 -0.496492 0.366247 -0.637737 -0.430026 -0.898825 0.728419 -1.09345 0.313302
0 -0.69985 0.23288 -0.277788 0.080384 -0.521347 0.126533 -0.298176 0.173086 -0.451541 -0.109466 0.557404 -0.491458 -0.412539 -0.322376 -0.32149 -0.693587 0.19093 -0.76066 -0.366739 -0.448488 0.772798 0.0690544 -0.25971 -0.133485 -0.494485 0.642964 -0.413495 -0.11522 -1.05421 0.697834 -1.02895 0.174792
1 -0.629021 0.18264 -0.259236 0.0999829 -0.478768 0.144356 -0.288377 0.146298 -0.361233 -0.0661679 0.500269 -0.436257 -0.38421 -0.302002 -0.329001 -0.682271 0.214182 -0.718421 -0.30513 -0.439491 0.803139 0.0559577 -0.197893 -0.0845556 -0.499799 0.720363 -0.325102 -0.0650539 -1.00951 0.651851 -0.958315 0.11865
2 -0.642907 0.154117 -0.259531 0.0905295 -0.456587 0.10137 -0.262681 0.187603 -0.371667 -0.086308 0.528092 -0.434732 -0.42618 -0.318021 -0.358069 -0.72284 0.26954 -0.852044 -0.325462 -0.557166 0.873645 0.0480986 -0.225386 -0.0831394 -0.607731 0.870481 -0.385908 -0.0226719 -1.16647 0.703744 -1.09861 0.0835936
110 -0.24348 0.417947 -0.08117 0.75229 -0.417648 -0.0490457 -0.442744 -0.288668 -0.0310819 0.486397 1.05764 -0.392879 -0.546595 -0.367453 -0.779102 0.0170642 -0.120113 -0.654831 -0.734446 -0.233595 -0.579381 0.431823 -0.346253 0.21891 -0.817089 1.03511 -0.124253 -1.21417 -0.0989997 0.211436 -0.588507 -0.130926
109 -0.227406 0.359585 -0.0970838 0.698592 -0.455627 -0.0749163 -0.431793 -0.342094 -0.0368979 0.424946 0.952915 -0.389208 -0.596176 -0.389403 -0.731508 -0.0315139 -0.134574 -0.593234 -0.608454 -0.250469 -0.488209 0.423995 -0.312788 0.136576 -0.78437 0.888169 -0.102295 -1.03818 -0.072592 0.175648 -0.540765 -0.0712486
108 -0.268947 0.3991 -0.13648 0.900305 -0.588119 -0.110768 -0.475825 -0.428736 -0.0856629 0.505135 1.04147 -0.470506 -0.695518 -0.473818 -0.816482 -0.0629707 -0.132458 -0.657584 -0.67339 -0.234069 -0.539319 0.515876 -0.340836 0.238946 -0.813665 0.912982 -0.00944171 -1.17239 -0.0664431 0.208518 -0.599691 -0.0232096
194 -0.444875 0.642801 -0.116439 0.784241 -0.980289 0.169933 -0.607381 -0.400812 -0.258115 0.0111952 0.378102 0.133643 -0.87592 0.195282 -0.721204 -0.816702 -0.0679052 -0.468976 -0.0180167 -0.0194243 0.491367 0.272507 0.0922316 -0.526411 -0.406857 0.534994 -0.221732 -0.749199 0.0116491 0.196798 -0.473519 0.253875
195 -0.336807 0.477958 -0.1139 0.828025 -0.886409 0.104025 -0.643913 -0.399043 -0.273579 0.0175007 0.486761 0.115974 -0.949435 0.269088 -0.25837 -0.667914 0.067707 -0.282232 -0.063642 -0.167959 0.477485 0.187278 -0.148689 -0.738333 -0.273054 0.43845 -0.349223 -0.498255 0.128226 0.417815 -0.397277 0.377255
197 -0.192448 0.226777 -0.171938 0.820549 -0.682062 -0.0104697 -0.60581 -0.378426 -0.284329 -0.0681715 0.492761 0.0618043 -0.967906 0.326918 0.134303 -0.51708 0.179084 -0.0838739 -0.0250693 -0.302012 0.511549 0.0994015 -0.414359 -1.03388 -0.292951 0.443096 -0.487454 -0.312892 0.209975 0.678006 -0.381116 0.504279
198 -0.0797831 0.110371 -0.208533 0.818711 -0.57761 -0.00526102 -0.614255 -0.407431 -0.326877 -0.0734569 0.560443 0.0424845 -1.13594 0.382471 0.361417 -0.43345 0.306663 0.0324848 -0.00889878 -0.418428 0.603321 0.0912754 -0.620027 -1.23754 -0.275107 0.516046 -0.638181 -0.239257 0.247414 0.886582 -0.422757 0.595853
199 -0.0666276 0.0855172 -0.183096 0.733143 -0.470748 -0.0282616 -0.553681 -0.383266 -0.299435 -0.0917356 0.504272 0.0441409 -1.01743 0.379836 0.419805 -0.397169 0.307405 0.0311567 0.000939519 -0.389974 0.552525 0.0580299 -0.629942 -1.17275 -0.227069 0.426065 -0.580087 -0.159435 0.273517 0.844566 -0.353361 0.558661
200 -0.0549907 0.116569 -0.22071 0.854542 -0.530407 -0.0560935 -0.568747 -0.432197 -0.304872 -0.108092 0.605852 0.0299503 -1.19473 0.418002 0.456119 -0.511117 0.370749 0.0760461 -0.00800404 -0.499761 0.661668 0.0685337 -0.729812 -1.39323 -0.265698 0.574395 -0.728727 -0.205811 0.292306 0.969034 -0.42023 0.603309
201 -0.011645 0.0709921 -0.22939 0.780378 -0.410402 0.00984253 -0.589023 -0.360729 -0.211194 -0.00434722 0.557883 0.0601486 -1.28858 0.353569 0.492617 -0.417662 0.474 0.0380555 0.00464188 -0.596648 0.665653 0.0204025 -0.72704 -1.42392 -0.343193 0.604873 -0.803776 -0.292437 0.279284 1.03767 -0.451466 0.507391
203 0.0255501 0.0807281 -0.239257 0.650972 -0.28435 0.0464384 -0.487665 -0.282331 -0.0449997 -0.0325644 0.473876 0.0874167 -1.18672 0.324807 0.421323 -0.490552 0.518669 0.0162093 -0.0111734 -0.62675 0.636914 -0.0335692 -0.725599 -1.45594 -0.328711 0.66241 -0.90077 -0.31994 0.251342 0.98548 -0.474846 0.362211
204 -0.0104977 0.036972 -0.201918 0.502251 -0.100933 0.221813 -0.385097 -0.108766 0.285893 0.173687 0.366308 0.188783 -1.16342 0.320606 0.473365 -0.468912 0.513895 -0.0425744 -0.0344978 -0.831776 0.477901 -0.150476 -0.642287 -1.52598 -0.474667 0.817506 -0.980575 -0.381651 0.241343 0.960029 -0.437906 0.0563233
206 -0.0318544 0.0810037 -0.198476 0.425276 -0.0131819 0.297117 -0.336906 -0.0612708 0.386789 0.214937 0.321963 0.219493 -1.17273 0.286468 0.423905 -0.562155 0.448585 -0.0903545 0.0269705 -0.902469 0.391393 -0.226015 -0.648282 -1.59054 -0.592871 0.966948 -1.10393 -0.516298 0.210124 0.932877 -0.435976 -0.127518
135 0.779172 -0.461771 -0.2251 -0.137481 -0.0639773 -0.0755958 -0.372403 0.132023 0.297015 -0.409769 0.675993 -0.27568 -0.0166133 0.889158 -0.0766644 -1.02279 -0.457037 -0.539123 -0.114835 -0.429417 0.701006 -0.114032 -0.381604 -0.739579 -1.36261 0.492903 -0.26657 -0.909479 -0.389475 0.512999 -0.971496 -0.0189582
137 0.966921 -0.487455 -0.0485827 -0.0971884 -0.0424775 -0.0955126 -0.408559 0.29968 0.334308 -0.521349 0.823094 -0.355868 -0.00813301 0.859016 -0.226506 -1.14577 -0.481961 -0.556127 -0.173978 -0.461768 0.618333 -0.0883262 -0.354042 -0.803663 -1.2575 0.613485 -0.189035 -1.02108 -0.533775 0.591688 -1.10851 0.0571544
138 0.982196 -0.385694 0.0233249 0.10294 0.0229175 -0.168654 -0.430098 0.366045 0.272254 -0.607218 0.704872 -0.357864 -0.0349989 0.817374 -0.384232 -1.01483 -0.381129 -0.437661 -0.111008 -0.428567 0.516366 -0.0625113 -0.3658 -0.828582 -1.01684 0.654072 -0.151598 -1.05181 -0.544649 0.561314 -0.919885 0.121486
140 1.01609 -0.325461 0.0510565 0.183713 0.0214967 -0.202754 -0.441327 0.490268 0.223568 -0.634851 0.645813 -0.37462 0.00449677 0.734533 -0.53372 -0.904622 -0.345048 -0.338604 -0.0665429 -0.324933 0.434446 -0.0503823 -0.359779 -0.829412 -0.793587 0.685662 -0.0486524 -1.08852 -0.491326 0.486201 -0.830883 0.130445
141 0.997068 -0.231298 0.106384 0.527318 -0.0714044 -0.321356 -0.47266 0.497499 0.117387 -0.704507 0.594376 -0.435088 -0.0285413 0.659453 -0.78438 -0.806801 -0.277191 -0.227731 0.0551712 -0.304769 0.324908 0.074878 -0.35344 -0.972145 -0.694672 0.924897 -0.0660516 -1.22241 -0.444231 0.490172 -0.648281 0.221966
142 0.909302 -0.199261 0.0850478 0.412701 -0.07078 -0.249715 -0.430622 0.496055 0.102357 -0.626703 0.4931 -0.39727 0.00700077 0.594624 -0.640327 -0.68643 -0.222681 -0.192389 0.0618352 -0.295549 0.296108 0.126648 -0.318994 -0.832038 -0.594904 0.807542 -0.0211831 -1.05543 -0.341017 0.456309 -0.533383 0.171688
143 0.916061 -0.16047 0.0740456 0.578215 -0.180237 -0.30273 -0.482 0.510217 0.0294919 -0.679759 0.51377 -0.416768 -0.000853313 0.638908 -0.766432 -0.733996 -0.201729 -0.188601 0.132718 -0.305881 0.304919 0.105442 -0.354189 -0.950998 -0.64099 0.9314 -0.0448601 -1.20308 -0.326089 0.460537 -0.545757 0.204814
144 0.705414 -0.117846 -0.0129041 0.55858 -0.242698 -0.300188 -0.453618 0.436992 0.0214905 -0.526668 0.452369 -0.372228 -0.0247181 0.58095 -0.654258 -0.679589 -0.171847 -0.167483 0.124654 -0.260426 0.282938 0.138474 -0.241388 -0.896639 -0.619078 0.826975 -0.0466528 -1.0574 -0.291895 0.400988 -0.474926 0.134083
145 0.484861 -0.0618215 -0.0320614 0.540976 -0.298978 -0.245616 -0.432256 0.299657 -0.0234073 -0.412286 0.383333 -0.273061 -0.0752501 0.435385 -0.488037 -0.557491 -0.116215 -0.195803 0.108012 -0.278498 0.265067 0.09594 -0.199094 -0.780955 -0.604996 0.701482 -0.0934517 -0.865273 -0.204591 0.326871 -0.403537 0.106528
168 0.205203 -0.689909 0.23855 0.515574 -0.708133 -0.333441 -0.766094 -0.302217 0.202848 0.182443 0.0581868 -0.852519 -0.461994 0.303498 -0.185742 0.0919843 -0.0844478 -0.539953 -0.130157 -1.05877 0.572497 -0.0622203 0.166615 -0.716388 -1.51283 0.745248 -0.364796 -0.361317 0.369094 0.647935 -0.323947 0.696775
169 0.0715882 -0.629294 0.25031 0.495895 -0.547735 -0.328647 -0.575108 -0.328159 0.224284 0.115971 0.0819857 -0.745571 -0.369936 0.179442 -0.169549 0.0617875 -0.131225 -0.454104 -0.0953069 -0.963825 0.391952 -0.00203082 0.173495 -0.620504 -1.29852 0.529936 -0.371392 -0.283892 0.324351 0.462258 -0.195466 0.573265
170 0.0108916 -0.718864 0.256874 0.679404 -0.558651 -0.378844 -0.667098 -0.423727 0.267417 0.0950766 0.176883 -0.921604 -0.365663 0.115465 -0.173409 0.0486456 -0.173678 -0.538286 -0.122864 -1.0976 0.387798 -0.0212265 0.160119 -0.764599 -1.4181 0.488527 -0.465213 -0.296738 0.395349 0.481176 -0.212739 0.650953
167 0.317837 -0.60006 0.241499 0.555555 -0.947799 -0.228488 -0.821606 -0.0660476 0.128121 0.261016 -0.0513842 -0.616735 -0.55356 0.438656 -0.141727 0.233162 0.0871411 -0.392836 -0.0680733 -0.944424 0.667462 -0.023455 0.16686 -0.627155 -1.39667 0.929272 -0.128223 -0.369553 0.268869 0.691779 -0.316945 0.731994
185 -0.256816 0.146945 -0.247448 1.00154 -0.482627 0.337237 -0.0568315 -0.938906 0.219652 0.0666965 0.151469 0.022751 -0.324565 0.249021 -1.09172 -0.370538 -0.0304324 -0.850335 0.646745 -0.0360682 0.573079 0.334148 0.0999915 -0.647354 -0.611755 0.643928 -0.470778 -0.924811 -0.855084 -0.0695483 -0.699042 0.761265
184 -0.192665 0.0377715 -0.2436 0.879389 -0.330688 0.280585 -0.0401541 -0.879249 0.188449 0.0636741 0.101824 -0.00958626 -0.190733 0.135419 -0.939988 -0.198427 -0.0500141 -0.75578 0.595649 -0.0241414 0.455381 0.271275 0.138811 -0.611908 -0.532617 0.460113 -0.405973 -0.7547 -0.849156 -0.0671017 -0.659663 0.709629
68 -0.0735916 0.32106 -0.10683 0.73441 -0.797333 -0.528418 -1.46402 -0.0620142 0.564455 -0.377352 0.85509 -0.0968361 0.140132 -0.219909 -0.453092 -0.49489 0.124315 -0.947233 0.253789 0.541778 0.37859 -0.303083 -0.239582 -1.18893 -0.729426 0.328016 -0.356894 -0.589863 0.361464 0.509284 -0.904786 0.406025
69 -0.147605 0.368755 -0.172893 0.691845 -0.811039 -0.413016 -1.41778 -0.2082 0.463381 -0.32 0.814098 -0.0435876 0.0650905 -0.176235 -0.371558 -0.417344 0.210673 -0.94907 0.141701 0.412693 0.335463 -0.295024 -0.265279 -1.0652 -0.705216 0.393576 -0.313051 -0.431875 0.361626 0.553403 -0.844546 0.377556
67 -0.0611405 0.269564 -0.0917012 0.668174 -0.748629 -0.477721 -1.32497 -0.0955807 0.488268 -0.375843 0.74793 -0.107933 0.106647 -0.174313 -0.457967 -0.510303 0.0704927 -0.815057 0.238369 0.437484 0.297504 -0.277292 -0.230909 -1.06717 -0.61138 0.238091 -0.350259 -0.542262 0.326852 0.429639 -0.798729 0.349401
88 -0.374698 -0.612224 0.239989 0.734807 -1.07085 -0.0486597 -0.917278 -0.634087 0.0382421 -0.298555 0.539762 -0.327461 -0.572536 0.138738 -0.534262 -0.98861 -0.455847 -0.00390517 0.334524 -0.115017 0.142045 0.380609 -0.44605 -0.592014 -0.551491 0.213788 -0.652659 0.0457396 0.391694 -0.27037 -0.330538 0.0736974
87 -0.403433 -0.68161 0.203572 0.814353 -1.22037 -0.0439133 -1.08086 -0.688878 -0.0428352 -0.306181 0.659014 -0.388489 -0.705826 0.176137 -0.651381 -1.07933 -0.464265 -0.0836052 0.34615 -0.127679 0.101546 0.427105 -0.44904 -0.720041 -0.606096 0.22055 -0.727593 0.0465128 0.470264 -0.414313 -0.427962 0.075679
89 -0.43923 -0.627024 0.24342 0.788477 -1.13312 0.000886054 -1.02423 -0.677782 0.044242 -0.337501 0.568519 -0.296151 -0.64035 0.0666741 -0.574862 -1.01783 -0.546399 -0.0133452 0.340929 -0.0520677 0.260763 0.438157 -0.477919 -0.664422 -0.546525 0.285207 -0.761622 0.03482 0.369648 -0.158591 -0.351217 0.0851071
215 -0.625718 -0.426066 -0.0695996 0.293983 -0.125025 0.802837 0.278547 0.0933331 0.14031 0.202983 0.190808 0.36406 -0.524924 0.382493 -0.608187 -0.702 -0.0580801 -0.212898 -0.358597 -0.588032 0.388347 -0.0760063 -0.423701 -0.940173 -0.760961 0.488142 -0.222557 -0.732499 -0.00802476 0.731232 -0.470436 0.185784
216 -0.564907 -0.322591 -0.139559 0.297407 -0.412881 0.575836 0.208618 0.0552236 0.145134 0.00289976 0.446105 0.229146 -0.468426 0.254607 -0.798966 -0.709038 0.00876941 -0.0977349 -0.375591 -0.413307 0.227829 -0.0666894 -0.269293 -0.678693 -0.778633 0.653919 -0.0556662 -0.534669 0.0317959 0.689354 -0.475649 0.309845
213 -0.566203 -0.374922 -0.0871532 0.316825 -0.0381545 0.767935 0.207717 0.110563 0.193313 0.257827 0.142976 0.377005 -0.569541 0.372596 -0.448305 -0.711171 -0.0281599 -0.23226 -0.312619 -0.672881 0.389777 -0.0908178 -0.428858 -1.03088 -0.739119 0.561748 -0.338601 -0.722193 -0.00835944 0.747638 -0.443822 0.095333
217 -0.453916 -0.0918139 -0.106638 0.482195 -0.611511 0.257618 -0.085952 -0.038611 0.0536002 -0.103025 0.505389 0.0867786 -0.472183 0.109183 -0.695316 -0.666779 -0.00784125 -0.150328 -0.279115 -0.332146 0.181973 -0.00963631 -0.177983 -0.568634 -0.802613 0.737145 -0.0920217 -0.4927 0.065183 0.498463 -0.526118 0.274039
218 -0.512649 -0.234842 -0.169868 0.43987 -0.72104 0.395475 0.0770828 -0.00778758 0.176612 -0.146777 0.695842 0.176067 -0.480862 0.104846 -0.888876 -0.767053 0.122424 0.042557 -0.368805 -0.305132 0.0690183 0.00127052 -0.115881 -0.451658 -0.786844 0.824903 0.115548 -0.305999 0.0390901 0.64074 -0.473758 0.417491
57 -0.688857 0.0375407 -0.0277922 0.751697 -0.509933 -0.464797 -0.489905 0.377301 0.603921 0.0867229 0.706357 -0.136466 -0.532918 0.37246 -0.756459 -1.61349 -0.264246 -0.0905062 -0.833276 0.276973 0.518529 -0.565133 0.0807089 -0.588218 -0.591704 0.369891 0.21402 -0.678955 0.273641 0.297867 -0.626088 -0.0181715
56 -0.705662 -0.0794671 0.0177238 0.594019 -0.360071 -0.541925 -0.422513 0.415923 0.645209 0.0621455 0.447857 0.0166956 -0.62349 0.18577 -0.75629 -1.61116 -0.31407 -0.145299 -0.933537 0.184493 0.595791 -0.596741 -0.0259092 -0.45747 -0.594319 0.351539 0.0243514 -0.552951 0.247666 0.291335 -0.453994 -0.153453
55 -0.624312 -0.157091 0.0383781 0.474821 -0.252726 -0.537869 -0.404657 0.395372 0.570688 0.0435164 0.324181 0.0941127 -0.637729 0.0920166 -0.695689 -1.4789 -0.291597 -0.108176 -0.844147 0.125823 0.582865 -0.51516 -0.0407853 -0.408256 -0.617278 0.328858 -0.0695333 -0.505054 0.188818 0.341894 -0.380602 -0.168008
54 -0.683453 -0.187436 0.0303186 0.413384 -0.217495 -0.667259 -0.401331 0.448159 0.606699 -0.0973171 0.200974 0.243377 -0.772856 -0.0121794 -0.756932 -1.68744 -0.342618 -0.104546 -0.976276 0.0522542 0.65168 -0.569575 -0.0691924 -0.390063 -0.724571 0.397719 -0.19792 -0.494081 0.195925 0.365467 -0.330374 -0.239808
53 -0.67439 -0.153775 -0.112903 0.288463 -0.223689 -0.6684 -0.482836 0.38585 0.540561 -0.270879 -0.0885339 0.361564 -0.817758 -0.23139 -0.691597 -1.62158 -0.387758 -0.173408 -0.915388 -0.0393281 0.592202 -0.642169 -0.229172 -0.411717 -0.921905 0.51306 -0.382434 -0.453853 0.185747 0.45256 -0.270294 -0.338278
52 -0.5932 -0.101397 -0.158544 0.189821 -0.185811 -0.629709 -0.448835 0.360508 0.476192 -0.322107 -0.111597 0.36692 -0.669844 -0.223133 -0.579086 -1.43583 -0.33329 -0.179389 -0.810941 -0.0534651 0.493837 -0.611048 -0.241435 -0.376529 -0.819957 0.447115 -0.362977 -0.351856 0.168492 0.436286 -0.218097 -0.294937
79 -0.0561862 0.312168 -0.283961 0.44862 -0.69747 0.242617 -1.07395 -0.601693 -0.388583 -0.138194 0.405228 -0.201023 -0.908895 0.132645 -0.540794 -0.205172 0.413272 -0.584841 -0.472967 -0.185648 -0.253753 -0.127557 -0.169253 -0.73209 -0.327953 0.612534 -0.34308 -0.228997 0.702 -0.0222454 -0.550591 0.451751
78 -0.114199 0.393295 -0.357266 0.518219 -0.816813 0.291566 -1.29485 -0.688381 -0.422547 -0.114616 0.492265 -0.196134 -1.01466 0.115358 -0.585699 -0.224571 0.513895 -0.746432 -0.562948 -0.20859 -0.244058 -0.212745 -0.233916 -0.883246 -0.422157 0.743789 -0.384501 -0.174516 0.788756 0.106205 -0.666131 0.52862
286 -0.561035 0.463829 0.439387 0.350045 -0.54686 0.404496 0.0146738 0.587447 -0.139417 -0.395491 0.138118 -0.203354 -0.957185 -0.330447 -0.0790813 -0.441031 -0.366293 0.147865 -0.173799 -0.0446711 -0.499105 -0.410895 -0.0551213 -0.534183 -1.25061 0.75896 -0.246847 -1.09604 0.219132 1.04067 -0.785987 0.541815
236 -0.036642 0.184011 0.295426 -0.0971387 0.296355 0.152985 0.310956 -0.300992 -0.519313 0.152387 -0.188829 -0.182509 -0.557801 -0.510007 -0.703481 -0.946205 -0.261051 -0.0570371 -0.661123 -0.0189575 0.4403 -0.110998 -0.0441938 -0.311697 -1.37412 0.630577 -0.785262 -1.00672 0.329595 -0.272548 -1.26752 0.365508
235 -0.00202366 0.0981237 0.315585 -0.342804 0.353169 0.138665 0.350338 -0.166955 -0.468038 0.219224 -0.171827 -0.210378 -0.481046 -0.383914 -0.66948 -0.799027 -0.11492 -0.0328512 -0.580746 -0.0790217 0.386599 -0.0538865 -0.0373518 -0.336022 -1.40251 0.684961 -0.763039 -1.06971 0.287368 -0.181967 -1.16631 0.339873
234 -0.0312085 0.0055793 0.366779 -0.361191 0.293719 0.211177 0.283305 -0.139935 -0.451356 0.312931 -0.194723 -0.106026 -0.447079 -0.429359 -0.691319 -0.921921 -0.18387 -0.0422292 -0.67364 -0.121373 0.441378 0.0562023 -0.0234395 -0.459518 -1.43606 0.72102 -0.759534 -1.12724 0.339534 -0.129887 -1.23325 0.409391
237 -0.0617267 0.377159 0.235412 0.211761 0.244732 0.219469 0.378863 -0.398848 -0.524885 0.0403418 -0.171622 -0.168769 -0.741379 -0.592644 -0.669574 -0.965882 -0.431636 -0.00165002 -0.62748 0.0785456 0.428418 -0.260211 -0.0930826 -0.219335 -1.31754 0.574956 -0.676321 -0.874252 0.328209 -0.368217 -1.26143 0.364247
238 -0.0930579 0.439328 0.185351 0.434351 0.16432 0.249443 0.353774 -0.411827 -0.462169 -0.0364814 -0.139799 -0.124829 -0.74281 -0.577482 -0.59876 -0.927889 -0.501303 -0.0236851 -0.5453 0.128132 0.43295 -0.313588 -0.115187 -0.151234 -1.15663 0.573818 -0.588433 -0.725065 0.285949 -0.360196 -1.14876 0.270577
192 -0.399086 0.715908 -0.0929055 0.68952 -0.908329 0.199069 -0.54896 -0.390503 -0.240826 0.0681353 0.327457 0.176817 -0.863449 0.16425 -0.794274 -0.817577 -0.0748088 -0.507896 0.0397989 0.054339 0.495828 0.300436 0.182161 -0.400438 -0.314008 0.434014 -0.156728 -0.740642 -0.00968764 0.0998446 -0.44214 0.185121
187 -0.339557 0.455249 -0.274783 0.819052 -0.607246 0.407066 -0.204075 -0.732771 0.0214634 0.0368937 0.0789547 0.202366 -0.579386 0.290613 -1.09686 -0.487729 0.0114631 -0.77622 0.553113 0.198173 0.553427 0.443366 0.239622 -0.406485 -0.326646 0.426197 -0.320843 -0.856039 -0.621338 -0.180999 -0.521616 0.526114
186 -0.321535 0.371018 -0.256078 0.931478 -0.590355 0.397629 -0.175954 -0.869286 0.0682072 0.0367542 0.0588132 0.127518 -0.568023 0.292044 -1.16373 -0.495693 -0.0186715 -0.882949 0.641383 0.140158 0.596969 0.470402 0.240247 -0.576101 -0.456434 0.540147 -0.426091 -0.949743 -0.793112 -0.165917 -0.637065 0.64991
51 -0.684477 -0.0437088 -0.276988 0.274854 -0.355027 -0.608147 -0.555377 0.315952 0.444721 -0.4035 -0.146781 0.411152 -0.686213 -0.249258 -0.558064 -1.50336 -0.376311 -0.206322 -0.822124 -0.0718075 0.477395 -0.622897 -0.325793 -0.432451 -0.871641 0.541702 -0.310018 -0.342136 0.204224 0.505823 -0.217292 -0.336041
205 -0.011052 0.0551263 -0.1915 0.398059 -0.0660438 0.261084 -0.332031 -0.0980427 0.325414 0.150466 0.288804 0.181158 -1.10352 0.276655 0.389642 -0.485259 0.445544 -0.0132206 -0.0292448 -0.751582 0.383725 -0.161832 -0.569959 -1.45923 -0.522628 0.805094 -0.970819 -0.419757 0.221491 0.871754 -0.413753 -0.00308212
202 -0.0322152 0.0581702 -0.244671 0.645924 -0.325597 0.00683614 -0.485324 -0.289156 -0.12167 -0.034508 0.466218 0.0793479 -1.0622 0.301752 0.38121 -0.354605 0.460742 0.0011098 0.00550597 -0.524184 0.589982 0.00260528 -0.633369 -1.23419 -0.272502 0.542857 -0.725282 -0.259721 0.267102 0.918987 -0.405048 0.420373
22 -0.0590517 0.193284 0.283456 0.914665 -0.426429 -0.0531191 0.374986 -0.669507 0.00433942 -0.554466 0.597835 -0.472455 -0.111718 0.39742 -0.574153 -0.662391 -0.117513 -0.109224 -0.558876 -0.971068 0.531928 -0.115249 -0.365129 -0.806156 -0.238794 0.409889 -0.626032 -0.27991 0.451419 0.360574 0.0591467 0.343035
21 -0.0095165 0.232185 0.342973 1.05251 -0.501169 -0.0602546 0.486617 -0.860354 -0.0245583 -0.71552 0.689316 -0.518422 -0.140051 0.452132 -0.704319 -0.845227 -0.139852 -0.136889 -0.623181 -1.13547 0.614983 -0.0679305 -0.393809 -0.957741 -0.291153 0.507393 -0.763042 -0.250489 0.502022 0.394672 0.123404 0.404867
23 0.0176321 0.182327 0.369312 0.999479 -0.535648 -0.120618 0.383706 -0.740065 0.00108193 -0.686652 0.591359 -0.398554 -0.233495 0.439553 -0.607717 -0.787864 -0.168539 -0.0158796 -0.609244 -1.0854 0.477528 -0.153329 -0.2542 -0.871114 -0.269334 0.414198 -0.779053 -0.321364 0.410159 0.340392 0.0680865 0.427201
24 0.188601 0.197859 0.44911 1.10041 -0.721982 -0.347022 0.255602 -0.780056 -0.0610677 -0.748161 0.469948 -0.0925389 -0.442976 0.383842 -0.592712 -0.716931 -0.284914 0.216208 -0.561599 -1.01259 0.231446 -0.087301 -0.0363167 -0.7561 -0.344647 0.399766 -0.890594 -0.451037 0.225546 0.258657 0.0236797 0.471707
128 -0.541352 -0.0958689 -0.678696 0.604184 0.189162 -0.132672 -0.154883 -0.223062 -0.415409 -0.116046 -0.0217081 0.0258061 -0.0189306 0.952605 -0.860762 -0.352446 0.0987168 -0.646595 0.182716 -0.236142 0.891571 -0.882162 -0.47791 -0.349127 -1.1667 0.545492 -0.316166 -1.00134 0.416531 0.0450303 -0.540354 0.142191
127 -0.682938 0.00998719 -0.591675 0.812921 0.181381 -0.172242 -0.111885 -0.177676 -0.444713 -0.168379 -0.0451533 0.00549728 -0.0876909 0.871645 -0.969436 -0.351665 0.189658 -0.659468 0.128459 -0.236081 0.763666 -0.935491 -0.414703 -0.264275 -0.969041 0.518498 -0.263095 -0.967037 0.390433 0.0292532 -0.534826 0.135618
126 -0.800594 0.129541 -0.509493 1.05491 0.122978 -0.104402 -0.139234 -0.158686 -0.432443 -0.161287 -0.0527021 -0.0322507 -0.160654 0.908744 -1.02663 -0.327794 0.210568 -0.735747 0.0939009 -0.337892 0.730196 -0.965973 -0.411895 -0.203766 -0.910027 0.514674 -0.228811 -1.06523 0.439434 0.0711639 -0.513621 0.0904119
172 -0.35602 -0.552218 0.152185 0.915788 -0.290824 -0.411944 -0.47056 -0.661871 0.152754 -0.116373 0.474708 -0.912021 -0.148507 -0.218419 -0.276863 -0.244685 -0.367787 -0.509729 -0.0936075 -0.990551 0.161111 -0.0400774 0.0729098 -0.855388 -1.20993 0.132161 -0.578781 -0.215328 0.287399 0.188294 -0.234135 0.440924
173 -0.358292 -0.64366 0.162774 0.987754 -0.372346 -0.456591 -0.584235 -0.655716 0.163429 -0.098585 0.484721 -1.01242 -0.201658 -0.21758 -0.292448 -0.253439 -0.411786 -0.549297 -0.0974356 -1.07628 0.186303 -0.0861244 0.125227 -0.917271 -1.38593 0.195441 -0.588651 -0.24 0.290049 0.204678 -0.31585 0.481234
171 -0.228661 -0.711131 0.204404 0.878386 -0.366253 -0.453111 -0.583281 -0.593975 0.242175 -0.0478989 0.387501 -1.05485 -0.229403 -0.125643 -0.221547 -0.128913 -0.337758 -0.598744 -0.0931379 -1.10406 0.24627 -0.0742953 0.160045 -0.864734 -1.44243 0.232716 -0.567325 -0.219391 0.341499 0.308086 -0.240351 0.539555
70 -0.133582 0.28739 -0.179827 0.614799 -0.669452 -0.312932 -1.18293 -0.201326 0.336009 -0.241534 0.692291 -0.0396366 0.00350664 -0.112576 -0.313561 -0.325241 0.219826 -0.824118 0.0618835 0.317828 0.311148 -0.228127 -0.26773 -0.897853 -0.624536 0.420655 -0.271852 -0.35022 0.287026 0.48855 -0.700809 0.343134
71 -0.27266 0.443051 -0.247667 0.595477 -0.769854 -0.277688 -1.35542 -0.319068 0.389799 -0.222098 0.752107 0.0216004 -0.0246741 -0.151394 -0.301803 -0.282522 0.366785 -0.966416 0.029734 0.300561 0.317353 -0.324595 -0.329875 -0.969266 -0.694782 0.503474 -0.243606 -0.317553 0.305388 0.609945 -0.777443 0.400636
207 -0.159889 0.0507257 -0.188268 0.425659 0.0610142 0.442041 -0.207626 0.0583912 0.548021 0.32671 0.24664 0.250638 -1.06509 0.28212 0.319886 -0.62482 0.360986 -0.103163 -0.00356292 -0.936385 0.269075 -0.240778 -0.510735 -1.54259 -0.691363 1.07129 -1.01344 -0.578354 0.163605 0.810863 -0.445325 -0.262204
219 -0.448984 -0.355492 -0.294492 0.480219 -0.915349 0.356896 0.0946748 0.0537142 0.290155 -0.289288 0.989954 0.179816 -0.487048 0.0672804 -1.02403 -0.880191 0.203924 0.215688 -0.418319 -0.32594 -0.10672 -0.0242451 -0.0939679 -0.383266 -0.828174 1.10146 0.325783 -0.14203 0.029699 0.691843 -0.48228 0.564035
209 -0.24482 -0.0100526 -0.199914 0.480372 0.0802545 0.501735 -0.152248 0.0738661 0.507933 0.379579 0.236128 0.296268 -0.865996 0.317723 0.213043 -0.714405 0.200957 -0.177195 -0.0399799 -0.949774 0.286709 -0.224754 -0.462877 -1.45195 -0.708321 1.03908 -0.857366 -0.563562 0.10098 0.763272 -0.431717 -0.307724
210 -0.357879 -0.125787 -0.146211 0.540454 0.0720899 0.581003 -0.0607614 0.084369 0.429125 0.394813 0.180193 0.303787 -0.786782 0.328873 0.135151 -0.661406 0.137941 -0.134405 -0.0865544 -0.909556 0.268789 -0.171215 -0.439333 -1.3381 -0.679894 0.876838 -0.692576 -0.606194 0.0475977 0.697564 -0.395783 -0.212425
208 -0.160807 -0.0129501 -0.188299 0.420798 0.108946 0.464556 -0.167854 0.0778832 0.498654 0.362511 0.198712 0.246537 -0.892699 0.295794 0.269434 -0.605898 0.262598 -0.0998492 -0.0222871 -0.91424 0.245901 -0.203164 -0.417775 -1.36674 -0.611476 0.932877 -0.82605 -0.48386 0.130614 0.763492 -0.356903 -0.271226
11 -0.0499065 -0.186901 -0.191496 0.317396 -0.317353 -0.254365 -0.150259 -0.0494122 -0.611362 0.00489963 0.00381858 -0.215993 -0.152014 0.0254418 -0.383901 -0.941781 0.273215 -0.924996 -0.461356 -0.210731 1.06387 0.135609 0.192329 -0.0962456 -0.727433 1.80629 -0.428284 0.104056 -0.330157 0.376012 -0.944755 -0.44699
9 -0.0566791 -0.249612 -0.230826 0.327547 -0.383621 -0.300138 -0.0944855 0.0800072 -0.602169 0.00534827 -0.0171075 -0.173654 -0.22789 -0.0957743 -0.386802 -0.84417 0.24839 -1.02665 -0.500663 -0.210088 1.05857 0.141876 0.129869 -0.014283 -0.77043 1.9077 -0.425826 0.0948517 -0.497736 0.294233 -1.09598 -0.444699
8 -0.0483687 -0.319102 -0.18273 0.412543 -0.469006 -0.32365 0.02435 0.178512 -0.480336 -0.0874166 -0.0166684 -0.129703 -0.390794 -0.207187 -0.371379 -0.662469 0.121906 -1.00074 -0.441278 -0.247744 0.894708 0.0652695 0.0299456 -0.0472676 -0.841605 1.86968 -0.441899 -0.0329238 -0.641621 0.1964 -1.23524 -0.388486
7 -0.0737033 -0.339612 -0.183834 0.36737 -0.473834 -0.312848 0.067242 0.240537 -0.441855 -0.106875 -0.0227012 -0.122031 -0.434739 -0.27042 -0.309208 -0.500669 0.0658211 -0.999239 -0.42319 -0.239883 0.759982 0.0137867 -0.0227299 -0.0202376 -0.798297 1.77738 -0.435662 -0.0315293 -0.744471 0.158488 -1.24126 -0.351232
6 -0.0927098 -0.30516 -0.187914 0.381724 -0.479074 -0.317806 0.048161 0.249106 -0.417443 -0.101676 0.0208899 -0.143152 -0.461886 -0.295475 -0.347642 -0.6068 0.106741 -1.09925 -0.406304 -0.314015 0.829683 0.0352347 -0.0231833 -0.06776 -0.899704 1.85176 -0.446089 -0.056633 -0.794478 0.215146 -1.30728 -0.35288
115 -0.396451 0.493624 0.205523 0.779286 -0.61898 0.028493 -0.239264 0.341161 0.0245714 0.241375 0.705567 -0.296396 -0.0790615 0.19255 -0.130569 0.254861 0.0447565 -0.647888 -0.723723 -0.3394 -0.302011 0.144015 -0.357964 0.0670547 -0.623779 0.913275 -0.503162 -1.23025 0.270046 0.245993 -0.605113 -0.089629
116 -0.543112 0.54851 0.247586 0.974905 -0.76127 0.0425227 -0.226844 0.432862 0.0246314 0.281045 0.672144 -0.291902 -0.0812464 0.286691 -0.136568 0.251893 0.0857761 -0.833913 -0.840225 -0.397016 -0.229989 0.0794943 -0.450813 0.124847 -0.654114 0.956016 -0.63047 -1.34722 0.341227 0.29629 -0.682834 -0.134102
117 -0.600138 0.5172 0.247093 1.05246 -0.824412 0.0257223 -0.13207 0.40592 0.0371931 0.205731 0.408907 -0.20368 -0.122502 0.42146 -0.163942 0.144321 0.149451 -0.776131 -0.71298 -0.43995 -0.055606 -0.0258934 -0.402445 0.0480275 -0.573697 0.747652 -0.587061 -1.27099 0.502205 0.347109 -0.58725 -0.0287954
118 -0.605303 0.482746 0.201992 1.06923 -0.749068 0.0349475 -0.0725713 0.282674 0.0399195 0.158546 0.306594 -0.180664 -0.127862 0.436116 -0.208629 0.0640445 0.148613 -0.733985 -0.593758 -0.419692 0.0809452 -0.0901983 -0.396781 0.0558424 -0.452917 0.658968 -0.519023 -1.12504 0.455921 0.319399 -0.483476 -0.0366612
119 -0.651959 0.491936 0.229573 1.21154 -0.811557 0.0246122 -0.0677996 0.359475 0.0488043 0.15585 0.246602 -0.182666 -0.141706 0.517755 -0.212766 0.0668093 0.205271 -0.818588 -0.66095 -0.509711 0.138036 -0.166409 -0.433395 0.0225338 -0.526294 0.679116 -0.555951 -1.22343 0.537188 0.361671 -0.530339 -0.0095084
211 -0.330395 -0.168538 -0.105612 0.489549 0.0238141 0.54212 -0.0424227 0.0349055 0.296394 0.308712 0.144667 0.301688 -0.640494 0.301681 0.0555808 -0.596547 0.0940607 -0.137291 -0.111286 -0.720112 0.286267 -0.121451 -0.382263 -1.11142 -0.562525 0.651186 -0.497632 -0.518517 0.0209175 0.606441 -0.328247 -0.0985207
239 -0.0606271 0.517321 0.173142 0.516655 0.194813 0.309474 0.391153 -0.431672 -0.477204 -0.0409294 -0.126752 -0.0892534 -0.823859 -0.656356 -0.655806 -1.03814 -0.59244 0.0188187 -0.595886 0.150064 0.499804 -0.36803 -0.067392 -0.159736 -1.21452 0.577079 -0.549968 -0.737023 0.266543 -0.419767 -1.28225 0.303232
240 -0.0487602 0.610907 0.0320008 0.799658 0.0332064 0.403473 0.385216 -0.438661 -0.384939 -0.105255 0.021108 -0.0111518 -0.864728 -0.593424 -0.466538 -0.942068 -0.794299 0.104942 -0.422946 0.196467 0.512168 -0.362356 -0.0947974 -0.163545 -1.01811 0.619572 -0.36805 -0.580037 0.128875 -0.413365 -1.17853 0.189947
242 -0.0945925 0.687368 -0.0772408 0.98207 -0.0555695 0.522813 0.384129 -0.399516 -0.252688 -0.137102 0.18771 0.0508509 -0.799308 -0.480921 -0.318162 -0.841715 -0.935768 0.18172 -0.325422 0.21969 0.65996 -0.274423 -0.0781125 -0.178056 -0.928749 0.799226 -0.261614 -0.499457 0.00848668 -0.317393 -1.11822 0.00829666
241 -0.0311508 0.558215 -0.0374878 0.831276 0.0119529 0.45519 0.356832 -0.347634 -0.283346 -0.131568 0.0963902 0.0442345 -0.738718 -0.502878 -0.340169 -0.827526 -0.810888 0.113468 -0.308042 0.223207 0.548886 -0.298606 -0.0541066 -0.158835 -0.827524 0.598034 -0.258334 -0.397588 0.0191711 -0.364519 -1.04768 0.10431
94 -0.653173 -0.523102 0.297419 0.586519 -0.747465 0.294494 -0.827257 -0.585794 -0.0389556 -0.308776 0.14524 -0.107335 -0.543693 -0.363084 -0.428001 -0.928364 -0.841797 0.107895 0.277395 0.251244 0.6303 0.507881 -0.620061 -0.586597 -0.339261 0.790451 -0.894925 -0.143459 -0.148918 0.371716 -0.328525 0.0252719
95 -0.685742 -0.518078 0.305403 0.555024 -0.823051 0.265421 -0.83518 -0.533416 -0.1419 -0.311282 0.0782091 -0.173157 -0.574744 -0.427525 -0.397371 -0.977352 -0.816222 0.0644917 0.334002 0.19446 0.77324 0.577225 -0.63957 -0.669005 -0.364777 0.853417 -0.981778 -0.259299 -0.0344083 0.470741 -0.348701 0.0384325
96 -0.617055 -0.503201 0.240298 0.449231 -0.855517 0.195952 -0.76117 -0.329964 -0.237991 -0.317523 -0.00695425 -0.31566 -0.53387 -0.538179 -0.311263 -0.957929 -0.8155 0.0171021 0.403251 0.144674 0.893329 0.750499 -0.60451 -0.596407 -0.341578 0.866392 -0.93002 -0.436669 0.127154 0.574478 -0.301816 -0.0092272
161 0.071493 -0.349244 0.079764 1.02238 -1.53922 0.188037 -0.798249 0.256719 -0.399156 0.311132 -0.0437154 0.248834 -0.841882 0.365634 -0.306536 0.076305 0.26398 -0.0313878 0.0888753 -0.789665 0.550952 0.217105 0.595028 -0.567463 -1.21146 0.745065 -0.00589109 -0.64962 0.359166 0.477165 -0.333564 0.749526
160 -0.0622221 -0.181379 0.0399938 0.959967 -1.36242 0.214401 -0.709165 0.167093 -0.399749 0.244366 0.000825233 0.272682 -0.778576 0.272688 -0.264513 0.00777489 0.228825 0.0343737 0.0970564 -0.681226 0.402377 0.21656 0.540495 -0.539932 -1.01105 0.555912 -0.0594502 -0.583688 0.374367 0.421247 -0.265842 0.62296
159 -0.144632 -0.204447 0.0536001 1.1016 -1.51163 0.20019 -0.807355 0.158124 -0.409758 0.276881 -0.00291408 0.27516 -0.827684 0.267898 -0.277296 -0.00310892 0.268121 0.0211813 0.085429 -0.738701 0.440525 0.231659 0.556788 -0.599154 -1.07093 0.590001 -0.059941 -0.609736 0.399634 0.457902 -0.305546 0.6216
114 -0.456965 0.532609 0.183177 0.816511 -0.616584 0.0378607 -0.316689 0.309494 0.0347652 0.31972 0.873834 -0.312939 -0.107174 0.14974 -0.213114 0.273502 0.013768 -0.779953 -0.819021 -0.36958 -0.373432 0.221104 -0.472147 0.0459466 -0.756178 1.15381 -0.618001 -1.36552 0.228581 0.237628 -0.721862 -0.177048
212 -0.450902 -0.243575 -0.10033 0.477645 0.0341688 0.673851 0.0594307 0.0712829 0.265396 0.358841 0.114714 0.365598 -0.647138 0.369538 -0.0812388 -0.665962 0.0711879 -0.192589 -0.197183 -0.799743 0.381415 -0.128044 -0.428397 -1.1656 -0.637131 0.668072 -0.495012 -0.657092 -7.01155e-05 0.681676 -0.377084 -0.0671602
10 -0.0353402 -0.229785 -0.210445 0.272782 -0.288619 -0.279129 -0.119905 0.0260833 -0.56125 -0.0124494 -0.0137276 -0.207889 -0.181175 -0.0271676 -0.345201 -0.841298 0.242848 -0.89668 -0.433562 -0.145476 0.979145 0.134594 0.15283 -0.0424583 -0.723961 1.72163 -0.398466 0.0726896 -0.316977 0.301222 -0.933756 -0.427605
25 0.191698 0.14983 0.367754 0.917701 -0.611535 -0.350751 0.178492 -0.624987 -0.0271608 -0.647757 0.36259 -0.0154716 -0.361559 0.304919 -0.491463 -0.620362 -0.277958 0.202336 -0.45023 -0.822666 0.153451 -0.102342 0.0225262 -0.622687 -0.289893 0.339262 -0.783416 -0.404983 0.121991 0.242522 -0.0410339 0.419278
26 0.265659 0.15062 0.471518 1.11291 -0.798673 -0.512394 0.132737 -0.762114 -0.0912665 -0.758783 0.407848 0.124497 -0.535966 0.355831 -0.596296 -0.718112 -0.32977 0.290772 -0.521831 -0.933997 0.127442 -0.0506731 0.0839095 -0.723126 -0.421804 0.449098 -0.977685 -0.512188 0.087161 0.21318 -0.0632574 0.472977
146 0.503119 -0.0565181 -0.0337643 0.630032 -0.347941 -0.272996 -0.467935 0.315835 -0.0370076 -0.452343 0.413507 -0.269431 -0.117847 0.487428 -0.549753 -0.605738 -0.138695 -0.161036 0.132287 -0.279234 0.26423 0.151479 -0.195258 -0.856193 -0.656034 0.803262 -0.0811318 -0.957781 -0.178629 0.359165 -0.433351 0.0964566
147 -0.26398 0.190951 -0.186503 0.868891 -0.677842 -0.216722 -0.616849 0.0260822 -0.208692 -0.135863 0.231808 -0.163352 -0.250951 0.293365 -0.438923 -0.655954 0.0361488 -0.016892 0.131179 -0.25235 0.298251 0.276378 0.103413 -0.81584 -0.740212 0.604828 -0.110877 -0.764202 -0.000922157 0.346755 -0.46054 -0.0171983
149 -0.722098 0.34556 -0.282175 1.08812 -0.803907 -0.203562 -0.750994 -0.0765955 -0.351795 0.0740328 0.0321978 -0.0773638 -0.289337 0.276721 -0.375463 -0.682233 0.19769 0.113226 0.20681 -0.251721 0.302933 0.360631 0.35873 -0.847583 -0.763537 0.442155 -0.105856 -0.748242 0.0628597 0.327203 -0.450705 -0.166551
139 0.918533 -0.316399 0.0644717 0.152005 0.013907 -0.143566 -0.357275 0.372131 0.243074 -0.568023 0.624918 -0.341926 0.00330169 0.686746 -0.425446 -0.810263 -0.339261 -0.32422 -0.0535535 -0.346183 0.374859 -0.0539299 -0.294848 -0.726822 -0.763398 0.565635 -0.0337101 -0.936627 -0.45648 0.466533 -0.736017 0.134242
136 0.763351 -0.443571 -0.12127 -0.139123 -0.060635 -0.029014 -0.318126 0.189624 0.292571 -0.36098 0.684296 -0.253367 -0.0367444 0.754968 -0.0530433 -0.939798 -0.395498 -0.498458 -0.127041 -0.411885 0.577804 -0.0534292 -0.275856 -0.680377 -1.12623 0.474664 -0.227036 -0.80095 -0.440667 0.497524 -0.917105 -0.00717536
134 0.403274 -0.417574 -0.465831 -0.224329 -0.0335995 -0.00319403 -0.244691 -0.0677293 0.0321305 -0.179402 0.417937 -0.110958 0.117891 0.885759 -0.151652 -0.73663 -0.338179 -0.533521 -0.0194924 -0.304113 0.813204 -0.261816 -0.392798 -0.507931 -1.33735 0.410464 -0.23377 -0.777926 -0.0744833 0.332381 -0.796496 0.0164383
275 -0.598299 0.0720152 0.286237 0.0884339 -0.41278 -0.251239 -0.234419 -0.159261 -0.60323 0.000359307 0.0490514 -0.600656 -0.761853 0.258198 -0.496016 -0.60499 -0.337004 -0.508504 0.874391 -0.176473 -0.0714717 -0.401847 -0.851954 -0.903329 -0.96312 0.0340334 -0.675781 -1.38802 -0.0137771 -0.0141283 -0.489371 -0.272905
274 -0.519717 0.0648207 0.267595 -0.00117798 -0.257403 -0.227608 -0.18868 -0.17478 -0.482661 -0.130343 0.0772618 -0.407266 -0.686734 0.271067 -0.330803 -0.509153 -0.362788 -0.511944 0.747543 -0.107329 -0.113235 -0.303016 -0.722887 -0.761231 -0.834846 -0.0636508 -0.599844 -1.16307 0.07011 -0.0583081 -0.336409 -0.205353
273 -0.529801 0.0306969 0.35828 -0.0993318 -0.169968 -0.295841 -0.200411 -0.217299 -0.478975 -0.255772 0.170248 -0.342814 -0.846093 0.26327 -0.325718 -0.647313 -0.41188 -0.636561 0.787055 -0.161678 -0.154023 -0.220381 -0.809974 -0.887973 -1.00868 -0.0253453 -0.735159 -1.25604 0.0579549 -0.191423 -0.390684 -0.285101
176 -0.403178 -0.297979 -0.210792 1.28435 -0.431827 -0.221542 -0.510744 -0.859792 -0.0853521 -0.0760609 0.683369 -0.693552 -0.101968 -0.24863 -0.537426 -0.340401 -0.562941 -0.428349 0.110191 -0.891264 0.0534587 -0.151848 0.164477 -0.793235 -1.00982 0.0932705 -0.434497 -0.341736 -0.265598 -0.03379 -0.780187 0.347622
175 -0.413474 -0.260942 -0.105872 1.0835 -0.457833 -0.230316 -0.45959 -0.700074 -0.0655002 -0.10721 0.58421 -0.640428 -0.131674 -0.233788 -0.40105 -0.307871 -0.481406 -0.370115 0.0380582 -0.799737 0.0626741 -0.137076 0.0929832 -0.732971 -0.931249 0.106468 -0.405407 -0.281375 -0.0806889 0.0172658 -0.598867 0.278997
178 -0.294951 -0.21002 -0.265001 1.08454 -0.29348 -0.100003 -0.380521 -0.775851 -0.0526125 -0.0216068 0.57351 -0.436398 -0.0281048 -0.244624 -0.455934 -0.235299 -0.493356 -0.350515 0.192636 -0.606117 0.0227289 -0.143435 0.11399 -0.634374 -0.752213 0.142362 -0.286251 -0.359104 -0.388659 -0.0356022 -0.84034 0.365453
174 -0.403878 -0.446842 -0.00882638 1.11645 -0.371664 -0.356522 -0.528325 -0.746165 0.0495346 -0.0935445 0.599226 -0.882865 -0.104647 -0.266997 -0.372724 -0.265202 -0.505009 -0.478991 -0.0134986 -1.0083 0.101002 -0.138774 0.141932 -0.852635 -1.17834 0.0825209 -0.508131 -0.257253 0.0548504 0.0744069 -0.50378 0.372207
193 -0.366463 0.621524 -0.0910485 0.647555 -0.892131 0.169863 -0.559132 -0.34634 -0.247133 0.0601382 0.371629 0.123732 -0.799446 0.187609 -0.666773 -0.762672 -0.0615545 -0.453132 -0.013643 -0.0161189 0.453293 0.271808 0.113842 -0.445149 -0.329706 0.477506 -0.196787 -0.710728 0.0341601 0.169836 -0.41015 0.225
125 -0.85497 0.272424 -0.322701 1.3295 0.0115162 -0.0934858 -0.164293 -0.0324504 -0.318114 -0.140023 -0.0339842 -0.081822 -0.153177 0.899503 -0.995992 -0.224251 0.310235 -0.871265 -0.00650164 -0.406205 0.59642 -0.912185 -0.386412 -0.0674455 -0.704643 0.423134 -0.210952 -1.07968 0.412763 0.13011 -0.516303 0.0679163
298 -0.781113 0.347476 -0.363754 -0.0761617 -0.541847 0.158717 -0.3577 0.212823 -0.654629 -0.0671865 0.554014 -0.560724 -0.369305 -0.311952 -0.28456 -0.634423 0.0532061 -0.599342 -0.462629 -0.248112 0.593544 0.0893167 -0.307773 -0.305848 -0.430421 0.267317 -0.656458 -0.441522 -0.834328 0.669823 -1.04989 0.300901
296 -0.842837 0.307535 -0.368705 0.00971007 -0.883575 0.13218 -0.469948 0.269326 -0.867096 -0.123395 0.392502 -0.650855 -0.346508 -0.315049 -0.302862 -0.628995 -0.157907 -0.542774 -0.625233 0.0395764 0.343979 -0.000650164 -0.355002 -0.371838 -0.480636 0.199834 -0.863222 -0.623668 -0.67086 0.613767 -1.14633 0.279595
294 -0.796431 0.27119 -0.315921 0.125815 -0.972064 0.0877955 -0.511242 0.258281 -0.825111 -0.1353 0.332032 -0.587399 -0.35992 -0.282129 -0.341409 -0.670902 -0.222252 -0.512268 -0.608421 0.0766676 0.284804 -0.045256 -0.353532 -0.44077 -0.572763 0.262127 -0.861831 -0.732669 -0.505303 0.586975 -1.13455 0.231357
293 -0.687491 0.253356 -0.1934 0.417651 -0.946543 0.0579072 -0.511382 0.130891 -0.537607 -0.176275 0.31487 -0.439278 -0.465582 -0.178807 -0.405124 -0.641652 -0.206238 -0.35532 -0.392375 -0.0202495 0.232946 -0.0474946 -0.25769 -0.505689 -0.711608 0.458228 -0.673234 -0.74002 -0.269669 0.501372 -0.930684 0.198042
295 -0.787251 0.275622 -0.303174 0.0968544 -0.946048 0.105091 -0.519234 0.250827 -0.81481 -0.139575 0.310662 -0.588954 -0.330762 -0.282294 -0.327137 -0.607015 -0.215766 -0.47149 -0.602233 0.114545 0.234285 -0.00905492 -0.316363 -0.372472 -0.47989 0.17764 -0.828655 -0.682741 -0.499318 0.557582 -1.06517 0.272106
47 -0.898286 0.477075 -0.679422 0.476075 -0.8766 -0.437626 -0.517382 -0.173885 -0.127214 -0.75796 -0.142183 0.344293 -0.317003 -0.250305 -0.159895 -1.02774 -0.375843 -0.223103 -0.595844 -0.154999 0.0230552 -0.129162 -0.387201 -0.520854 -0.844588 0.596668 0.0900893 -0.0236437 0.244936 0.352074 -0.30692 -0.212727
46 -0.927631 0.550473 -0.628186 0.588154 -1.01876 -0.398758 -0.482685 -0.328706 -0.252804 -0.721725 -0.0537179 0.280947 -0.269505 -0.19006 -0.176046 -0.871017 -0.327544 -0.205487 -0.528907 -0.223112 -0.02346 0.0832399 -0.333916 -0.512118 -0.819128 0.601497 0.128682 -0.030464 0.235689 0.275493 -0.398365 -0.161625
45 -0.970755 0.551453 -0.643369 0.645169 -1.08417 -0.424629 -0.513986 -0.322244 -0.288032 -0.73681 0.00989332 0.247454 -0.286678 -0.163353 -0.214738 -0.922278 -0.379523 -0.280714 -0.536589 -0.27079 0.0305124 0.115803 -0.365243 -0.604099 -0.992246 0.670959 0.119655 -0.107002 0.245061 0.273095 -0.492137 -0.160676
133 0.2862 -0.356659 -0.492553 -0.214177 -0.0855212 -0.0587068 -0.227821 -0.188952 -0.0343073 -0.130798 0.283846 -0.0751568 0.0840608 0.771281 -0.138061 -0.5836 -0.348254 -0.444196 0.04794 -0.204076 0.73664 -0.242112 -0.405045 -0.464909 -1.30272 0.336098 -0.266442 -0.687325 0.0820791 0.233954 -0.623153 -0.013782
132 0.12321 -0.323275 -0.603303 -0.118239 -0.0526089 -0.0768756 -0.213069 -0.233564 -0.112337 -0.0925727 0.239269 -0.0483523 0.109004 0.872752 -0.304728 -0.565195 -0.284999 -0.492994 0.0688293 -0.212196 0.85466 -0.400716 -0.470901 -0.470326 -1.42527 0.43387 -0.302566 -0.817961 0.213961 0.218399 -0.66453 0.0388573
48 -0.795027 0.322908 -0.640659 0.358442 -0.68638 -0.450356 -0.604265 0.127077 0.12419 -0.784054 -0.308335 0.516679 -0.519146 -0.365104 -0.271492 -1.38589 -0.450904 -0.259715 -0.707962 -0.144605 0.178233 -0.548243 -0.47861 -0.575873 -0.972591 0.683983 -0.206404 -0.193923 0.249767 0.554939 -0.269258 -0.2859
50 -0.708096 0.217421 -0.561658 0.351707 -0.561515 -0.479444 -0.616638 0.176606 0.237312 -0.721888 -0.277435 0.494748 -0.584738 -0.351492 -0.355532 -1.46018 -0.432982 -0.285082 -0.72858 -0.0931598 0.29632 -0.596481 -0.482126 -0.545788 -1.00159 0.733419 -0.30235 -0.250384 0.216265 0.591919 -0.250168 -0.334245
244 -0.0794602 0.604054 -0.211843 0.945265 -0.101035 0.557554 0.42416 -0.453447 -0.0165918 -0.113304 0.396045 0.0792996 -0.597479 -0.231108 -0.0944389 -0.566922 -0.97444 0.284725 -0.0895346 0.189421 0.728221 -0.107615 -0.0289586 -0.233824 -0.810596 0.997249 -0.220108 -0.438383 -0.0472467 -0.118135 -0.891872 -0.254345
245 -0.193414 0.714768 -0.202286 1.17365 -0.276555 0.615409 0.435729 -0.559107 -0.0324111 -0.103047 0.451188 0.038296 -0.601514 -0.262464 -0.0921269 -0.577314 -1.12402 0.361889 -0.0404632 0.187587 0.832434 -0.114201 -0.0717186 -0.250731 -0.834501 1.17509 -0.306956 -0.49552 -0.0649302 -0.0491964 -0.950232 -0.40597
243 -0.110169 0.727641 -0.229602 1.08785 -0.119292 0.630437 0.482682 -0.506548 -0.0898238 -0.14918 0.387124 0.0647294 -0.71425 -0.333101 -0.130911 -0.6909 -1.12602 0.334726 -0.134418 0.217385 0.785208 -0.203748 -0.0502195 -0.26911 -0.882847 1.06844 -0.28909 -0.437425 -0.0433033 -0.183462 -1.05611 -0.245231
246 -0.444703 0.776004 -0.167729 1.14104 -0.507702 0.526004 0.37797 -0.622173 -0.0386246 0.00644856 0.506073 -0.0797224 -0.455826 -0.214555 -0.0644586 -0.383766 -1.02514 0.396889 0.138023 0.0154513 0.801194 -0.0789105 -0.10334 -0.213386 -0.656861 1.25859 -0.438033 -0.633553 0.0114012 0.208443 -0.725414 -0.642588
3 -0.521898 0.0403712 -0.264982 0.180677 -0.472466 0.0120968 -0.169319 0.216077 -0.391778 -0.111129 0.377475 -0.358377 -0.446408 -0.403763 -0.378535 -0.682705 0.20579 -0.94033 -0.373697 -0.51406 0.8694 0.00299324 -0.188361 -0.00985061 -0.693951 1.14252 -0.405146 0.0286704 -1.11725 0.620808 -1.17605 -0.0851146
257 0.124525 1.04656 0.0652318 0.222079 -0.0231516 -0.268732 0.391496 -0.0645778 0.021692 0.147259 0.585671 -0.129996 -0.531924 -0.0968568 -0.773557 -0.168738 0.372439 0.00409855 0.260995 -1.0615 0.330622 0.296386 -0.126085 -0.564537 -1.18682 1.43232 -0.105178 -0.995743 -0.0595417 -0.320962 -0.0547917 0.0481225
256 0.00445057 0.967889 0.00243902 0.316667 -0.0885537 -0.21588 0.336278 -0.175214 -0.0250488 0.173103 0.5685 -0.187512 -0.403436 -0.1261 -0.611564 -0.17021 0.207485 0.0225707 0.280816 -0.929341 0.291319 0.268365 -0.169706 -0.510537 -0.936806 1.27554 -0.194068 -0.978247 -0.0638497 -0.174829 0.000244618 -0.0623366
258 0.233002 0.98377 0.224136 0.214286 -0.175394 -0.310304 0.233917 0.0250996 0.120768 0.0295683 0.560528 -0.0331874 -0.74065 0.0061785 -0.89143 -0.3422 0.543835 -0.0604383 0.120214 -1.11701 0.282449 0.23941 -0.142913 -0.612548 -1.57835 1.57075 0.00269563 -0.81091 -0.0613321 -0.525064 -0.205912 0.218812
265 0.0282593 0.332814 0.415154 0.0761865 -0.497591 -0.292225 -0.0358176 0.0608779 0.0400607 -0.160246 0.528288 0.152279 -0.658065 0.0646173 -0.320053 -0.356624 0.193324 -0.246599 0.138225 -0.430935 0.0194549 0.275762 -0.268439 -0.358621 -1.16639 0.772953 -0.0176694 -0.363753 -0.0204384 -0.493735 -0.364825 -0.0608338
266 0.00736293 0.382011 0.608313 0.0406295 -0.63371 -0.34939 -0.0474947 0.0299017 0.00715372 -0.350319 0.661921 0.276647 -0.961192 0.120196 -0.255039 -0.512465 0.0844784 -0.422237 0.248234 -0.459731 -0.0493763 0.385359 -0.437006 -0.483789 -1.57251 0.89384 -0.132325 -0.47824 -0.0572576 -0.693018 -0.443444 -0.217152
264 0.104082 0.481535 0.615608 0.022129 -0.691017 -0.428838 -0.0448002 0.0709655 0.0558685 -0.21463 0.720347 0.230111 -0.987791 0.0826613 -0.43391 -0.459851 0.303384 -0.314516 0.22542 -0.634145 0.00729881 0.407255 -0.371201 -0.455734 -1.71824 1.17972 -0.0056956 -0.433423 -0.0564458 -0.782607 -0.494751 -0.0996023
223 -0.246653 -0.34542 -0.207376 0.247428 -0.619147 0.264703 0.0407683 0.176589 0.28116 -0.151754 0.898086 0.243007 -0.318382 -0.115007 -0.846549 -0.82473 0.0565146 0.18214 -0.472222 -0.305699 -0.197932 0.0615848 -0.0409618 -0.35529 -0.655446 1.07793 0.320233 -0.164998 0.077157 0.415911 -0.516958 0.545444
18 0.028684 0.360826 0.248637 0.725765 -0.13686 -0.0535733 0.457927 -0.874951 -0.0963648 -0.456953 0.666319 -0.424334 0.0826927 0.47095 -0.699894 -0.989289 0.0831966 -0.408173 -0.465168 -0.838534 0.737523 0.126649 -0.373824 -0.905932 -0.319853 0.862465 -0.707363 -0.0964551 0.587134 0.448476 0.112281 0.0873486
20 -0.0248272 0.335362 0.276617 0.888013 -0.287393 -0.0776256 0.417828 -0.841743 -0.0271262 -0.565647 0.713528 -0.504603 0.021694 0.461446 -0.701322 -0.906515 -0.00868755 -0.305402 -0.516003 -0.938462 0.684816 0.0274117 -0.423939 -0.941013 -0.296313 0.683294 -0.707766 -0.194253 0.59934 0.409592 0.132327 0.232211
19 0.00421764 0.289031 0.222639 0.718642 -0.146858 -0.0224955 0.397829 -0.779163 -0.0423796 -0.431446 0.640423 -0.414987 0.0454302 0.423804 -0.610516 -0.84349 0.0361454 -0.329028 -0.428041 -0.808288 0.644948 0.0762714 -0.380709 -0.837803 -0.278818 0.694643 -0.612562 -0.13344 0.506158 0.403814 0.0998482 0.139145
148 -0.449583 0.228827 -0.160904 0.855166 -0.695939 -0.147179 -0.560173 -0.111444 -0.230281 -0.0585746 0.210041 -0.112384 -0.339482 0.179263 -0.407623 -0.590543 0.0200566 -0.0556463 0.0691908 -0.287841 0.287737 0.209152 0.114005 -0.734702 -0.762752 0.574903 -0.201685 -0.691846 0.0693926 0.291069 -0.487714 0.0147027
233 -0.0435036 -0.124575 0.47083 -0.503213 0.102649 0.351893 0.0940503 0.0564842 -0.339919 0.539703 -0.144505 0.102278 -0.240908 -0.496465 -0.693264 -0.979129 -0.210521 -0.186841 -0.742515 -0.283258 0.425714 0.37282 0.0321751 -0.655514 -1.2126 0.72045 -0.576831 -1.08071 0.308112 -0.0818662 -1.17004 0.433969
232 -0.0353351 -0.13175 0.442214 -0.44371 0.0529365 0.309946 0.060478 0.0937437 -0.259945 0.482751 -0.0936569 0.13948 -0.173529 -0.438125 -0.637835 -0.879919 -0.184753 -0.196076 -0.625459 -0.309318 0.387443 0.374303 -0.00280065 -0.629054 -1.03876 0.682462 -0.467353 -0.968317 0.24524 -0.0842283 -1.03751 0.395574
28 0.138687 0.206772 0.379389 1.14828 -0.869715 -0.749942 -0.256792 -0.645588 -0.152676 -0.626053 0.267424 0.481195 -0.608913 0.199773 -0.551261 -0.631703 -0.296075 0.40341 -0.288756 -0.511821 -0.0938517 0.109023 0.191054 -0.525353 -0.594407 0.638168 -0.914476 -0.50281 -0.199171 0.0780319 -0.182912 0.373889
29 0.0856466 0.273231 0.432523 1.37217 -1.0268 -0.891925 -0.348718 -0.733392 -0.160876 -0.799836 0.30502 0.571354 -0.673836 0.245758 -0.66688 -0.727377 -0.255905 0.422623 -0.29841 -0.534498 -0.121613 0.0859345 0.235653 -0.658262 -0.688394 0.754214 -1.04224 -0.578483 -0.260376 0.0967253 -0.15618 0.465139
27 0.194879 0.238401 0.472037 1.24232 -0.912053 -0.750869 -0.100585 -0.747518 -0.12491 -0.740387 0.346923 0.386622 -0.646136 0.310164 -0.62264 -0.746507 -0.3146 0.422665 -0.38296 -0.697421 -0.0598266 0.0211577 0.163038 -0.659279 -0.557766 0.596231 -1.00054 -0.579669 -0.104167 0.151266 -0.138111 0.472131
259 0.213775 0.685137 0.218433 0.0825716 -0.176192 -0.281872 0.184918 0.0361308 0.0951089 -0.00428799 0.449707 0.0530402 -0.663577 0.0293443 -0.705321 -0.317762 0.436228 -0.0929878 0.0451781 -0.834797 0.221032 0.221862 -0.139124 -0.483687 -1.3222 1.25355 -0.00234242 -0.581485 -0.0347924 -0.479043 -0.261945 0.169975
86 -0.33688 -0.623696 0.122257 0.888786 -1.2323 -0.0975178 -1.09382 -0.673644 -0.162855 -0.286643 0.688234 -0.414997 -0.882119 0.25002 -0.722514 -0.993767 -0.343312 -0.116866 0.208424 -0.22708 -0.00622055 0.345364 -0.427902 -0.80662 -0.516162 0.211 -0.778798 0.0163946 0.606305 -0.604405 -0.500069 0.146826
62 -0.378981 0.366925 -0.271991 0.820268 -0.653232 -0.356408 -0.789855 0.28465 0.556176 0.0103579 0.996529 -0.320442 -0.0360423 0.483608 -0.550513 -1.2138 -0.251749 -0.287773 -0.45552 0.488747 0.283358 -0.555026 0.135433 -0.87104 -0.568174 0.323849 0.411692 -0.699051 0.406137 0.292484 -0.864968 0.261971
60 -0.458799 0.319988 -0.199544 0.819317 -0.669645 -0.260059 -0.61947 0.318599 0.534733 0.0836643 0.935553 -0.276222 -0.154406 0.52266 -0.589255 -1.34947 -0.250331 -0.126696 -0.596326 0.435416 0.321202 -0.56688 0.134606 -0.720084 -0.523893 0.363539 0.459384 -0.697876 0.308396 0.25547 -0.826533 0.194909
59 -0.596791 0.180202 -0.103082 0.734998 -0.572347 -0.376216 -0.523683 0.348756 0.587226 0.077333 0.786519 -0.182412 -0.377059 0.468331 -0.662657 -1.54512 -0.260793 -0.104309 -0.74289 0.331664 0.443651 -0.570095 0.118518 -0.721664 -0.565387 0.34782 0.352453 -0.667706 0.322691 0.254697 -0.682615 0.0778652
36 -0.628283 0.459707 -0.115487 0.887821 -1.22459 -0.63566 -0.559908 -0.722734 -0.40386 -0.586592 0.343225 0.132868 -0.270532 0.00264017 -0.45331 -0.576808 -0.167942 -0.0123132 -0.344388 -0.362641 -0.191323 0.424979 -0.0515958 -0.654191 -0.756599 0.659491 -0.282881 -0.173651 0.0553077 0.109042 -0.41656 0.0890602
37 -0.713394 0.423147 -0.232455 0.789665 -1.19996 -0.459241 -0.540889 -0.670017 -0.434453 -0.466208 0.346556 -0.00494426 -0.258442 0.00490349 -0.397663 -0.506664 -0.160934 -0.133512 -0.313669 -0.354235 -0.124275 0.431498 -0.135276 -0.656524 -0.77744 0.59558 -0.148518 -0.138209 0.147317 0.114313 -0.495494 0.0226694
38 -0.874486 0.49497 -0.313433 0.848031 -1.33749 -0.518822 -0.582137 -0.766181 -0.524287 -0.508509 0.389958 -0.0191239 -0.226543 -0.0428028 -0.440042 -0.547088 -0.226995 -0.135227 -0.389669 -0.396318 -0.185067 0.604592 -0.163754 -0.689947 -0.864453 0.707383 -0.0829933 -0.112969 0.182542 0.0959963 -0.619137 0.00120285
72 -0.400334 0.592337 -0.351731 0.573729 -0.914064 -0.127382 -1.37488 -0.53372 0.16873 -0.0973342 0.683808 0.123485 -0.243957 -0.0910598 -0.285997 -0.216109 0.542591 -1.02375 -0.196102 0.0529187 0.285984 -0.288941 -0.366329 -0.859498 -0.738828 0.716752 -0.245551 -0.187449 0.339994 0.733539 -0.7762 0.428472
74 -0.461822 0.702446 -0.419018 0.574941 -0.965876 -0.0100031 -1.42456 -0.668419 0.0279402 -0.0309041 0.692666 0.129925 -0.423088 -0.030491 -0.307314 -0.160929 0.68138 -1.05139 -0.340987 -0.0628171 0.167404 -0.331361 -0.358495 -0.826519 -0.663923 0.760255 -0.252298 -0.10065 0.395865 0.742244 -0.774283 0.480401
73 -0.373689 0.585342 -0.340143 0.465068 -0.803773 -0.063385 -1.2309 -0.543107 0.112443 -0.0139005 0.62309 0.123434 -0.259731 -0.0567071 -0.265861 -0.148442 0.562127 -0.930596 -0.225178 0.00117618 0.2034 -0.278379 -0.316496 -0.722722 -0.602934 0.656559 -0.188777 -0.137243 0.3286 0.652901 -0.669479 0.400415
61 -0.353233 0.312912 -0.238271 0.715341 -0.602625 -0.269627 -0.631904 0.231511 0.479332 0.0467803 0.847254 -0.243607 -0.035638 0.407395 -0.502744 -1.08277 -0.204463 -0.177709 -0.467347 0.414038 0.218425 -0.499194 0.108267 -0.678555 -0.459274 0.282015 0.38371 -0.575691 0.303309 0.256543 -0.727729 0.189149
49 -0.68184 0.197346 -0.604782 0.319606 -0.547153 -0.454522 -0.669892 0.261402 0.276562 -0.753986 -0.32593 0.542293 -0.598983 -0.36394 -0.30817 -1.45138 -0.427999 -0.270509 -0.703924 -0.032229 0.271872 -0.726519 -0.509137 -0.55707 -0.945546 0.726354 -0.266553 -0.215379 0.226807 0.626672 -0.236209 -0.332333
44 -1.10458 0.653684 -0.718523 0.726439 -1.23781 -0.423272 -0.479373 -0.535784 -0.439425 -0.748365 0.11275 0.193386 -0.180973 -0.099206 -0.291819 -0.865038 -0.365161 -0.248489 -0.51089 -0.334732 -0.0873861 0.364434 -0.329575 -0.674882 -1.01337 0.689046 0.212887 -0.0646511 0.274598 0.167205 -0.617178 -0.0993982
4 -0.341217 -0.0538553 -0.230945 0.186416 -0.366664 -0.0532608 -0.0894519 0.176883 -0.328703 -0.0732249 0.240146 -0.263094 -0.382595 -0.345156 -0.296845 -0.525558 0.155038 -0.846719 -0.27097 -0.396156 0.75706 0.00406068 -0.118024 -0.0371511 -0.66144 1.16631 -0.363523 0.0276305 -0.939007 0.484053 -1.06232 -0.155562
5 -0.358486 -0.103593 -0.218237 0.249283 -0.462896 -0.0978519 -0.0528499 0.257672 -0.370184 -0.0864478 0.196705 -0.267688 -0.44866 -0.390725 -0.362272 -0.578589 0.146003 -0.975564 -0.37814 -0.420737 0.768674 0.020849 -0.15119 0.0153281 -0.795848 1.36884 -0.411175 -0.0476834 -1.02823 0.422354 -1.24065 -0.183497
152 -1.183 0.445677 -0.378399 1.31839 -0.986344 -0.176707 -0.880964 -0.148016 -0.434794 0.271713 -0.131886 0.0348784 -0.470378 0.205955 -0.379186 -0.745675 0.363713 0.279515 0.334894 -0.25316 0.345654 0.48341 0.607051 -0.944525 -0.900267 0.399199 -0.131505 -0.750967 0.169637 0.388615 -0.491254 -0.282206
153 -1.13398 0.437193 -0.315719 1.35485 -1.00906 -0.130999 -0.866848 -0.112096 -0.42339 0.293227 -0.120987 0.0851465 -0.606795 0.151291 -0.471184 -0.701223 0.450181 0.243016 0.351149 -0.309096 0.38538 0.389057 0.629446 -0.861081 -0.9186 0.291125 -0.138685 -0.716493 0.275854 0.361099 -0.54904 -0.204114
154 -0.965001 0.345106 -0.181246 1.21707 -0.966978 -0.0611755 -0.736929 -0.0548016 -0.374539 0.242038 -0.0504491 0.0888677 -0.56035 0.11545 -0.395683 -0.523863 0.367615 0.194661 0.286483 -0.297764 0.319376 0.277989 0.50148 -0.703409 -0.79087 0.266171 -0.101792 -0.585344 0.279563 0.343978 -0.469804 -0.141957
155 -1.02239 0.391229 -0.200513 1.35644 -1.12155 -0.0177311 -0.823412 -0.0340135 -0.442809 0.286353 -0.0648495 0.158257 -0.684075 0.132456 -0.502219 -0.542374 0.444099 0.188964 0.294944 -0.341682 0.365256 0.255724 0.608895 -0.762581 -0.866537 0.211019 -0.12524 -0.678077 0.341132 0.325427 -0.506537 -0.101233
150 -1.02727 0.417053 -0.386141 1.18736 -0.844915 -0.172159 -0.828001 -0.115682 -0.41757 0.239529 -0.104302 -0.0114799 -0.373368 0.231629 -0.354988 -0.756547 0.318378 0.238983 0.320544 -0.245016 0.368348 0.480204 0.600405 -0.917364 -0.901621 0.382575 -0.104368 -0.783022 0.154875 0.338006 -0.501921 -0.247813
124 -0.723374 0.22779 -0.22961 1.16303 -0.0597429 -0.0567585 -0.205623 -0.0432118 -0.250769 -0.112614 -0.00408088 -0.0996068 -0.172762 0.753554 -0.830843 -0.236789 0.220423 -0.730825 -0.00122397 -0.344315 0.522055 -0.744915 -0.283744 -0.0801064 -0.570265 0.337401 -0.146331 -0.912394 0.346697 0.11951 -0.439873 0.0550627
156 -0.71355 0.21255 -0.0684021 1.30458 -1.25819 0.0888201 -0.781016 -0.00824159 -0.437322 0.215744 0.0399907 0.220199 -0.852917 0.118924 -0.474869 -0.374353 0.367145 0.056907 0.192689 -0.52565 0.407994 0.143748 0.537055 -0.664921 -0.944014 0.294564 -0.15728 -0.61305 0.416942 0.381304 -0.47416 0.138269
157 -0.547647 0.120698 -0.0215621 1.16251 -1.19783 0.122365 -0.69856 0.00945685 -0.422857 0.218049 0.0357432 0.222607 -0.738009 0.120506 -0.409871 -0.243156 0.292304 0.0636045 0.157455 -0.536586 0.362159 0.148827 0.512217 -0.570777 -0.909747 0.294119 -0.0925986 -0.566187 0.386478 0.354804 -0.408318 0.188267
85 -0.322629 -0.47606 0.0285895 0.839468 -1.17349 -0.0930292 -1.03501 -0.57731 -0.239069 -0.227703 0.646997 -0.374207 -0.866114 0.22839 -0.698399 -0.83015 -0.221277 -0.189726 0.0960835 -0.186688 -0.068691 0.317884 -0.317245 -0.768641 -0.4287 0.217392 -0.719573 -0.050845 0.606099 -0.620594 -0.517919 0.135113
214 -0.558022 -0.384864 -0.0610138 0.24592 -0.0775519 0.698989 0.241617 0.0758984 0.116762 0.176212 0.166341 0.291324 -0.452393 0.344132 -0.547985 -0.623083 -0.092603 -0.236135 -0.312463 -0.546667 0.374764 -0.0801103 -0.381551 -0.843167 -0.697265 0.444398 -0.217056 -0.67294 -0.00824536 0.630855 -0.430985 0.158763
247 -0.540554 0.743864 -0.102697 1.0598 -0.608465 0.413337 0.27978 -0.614161 -0.019413 0.0639283 0.444066 -0.0873612 -0.369232 -0.1582 -0.0670395 -0.268197 -0.858795 0.33465 0.221694 -0.0462589 0.707275 -0.0807404 -0.113608 -0.203268 -0.512486 1.10082 -0.480375 -0.659466 0.0307756 0.258184 -0.553948 -0.638403
248 -0.687412 0.827174 -0.060192 1.21387 -0.782741 0.402311 0.266236 -0.704228 -0.0779024 0.0859047 0.562044 -0.213248 -0.335043 -0.222639 -0.078001 -0.27182 -0.935752 0.299528 0.214199 -0.164069 0.73575 -0.078287 -0.18628 -0.195201 -0.497765 1.28971 -0.598217 -0.829422 0.0353504 0.410671 -0.542615 -0.716215
287 -0.676305 0.493007 0.491339 0.43443 -0.629962 0.449925 0.00170393 0.636932 -0.134818 -0.441199 0.112196 -0.217106 -1.07233 -0.412443 -0.0474646 -0.461783 -0.448061 0.213154 -0.149525 -0.0197444 -0.575601 -0.503525 -0.0651141 -0.599775 -1.35326 0.844955 -0.28138 -1.20758 0.256636 1.21115 -0.881557 0.568703
43 -1.04189 0.627108 -0.59881 0.697624 -1.18951 -0.33261 -0.421874 -0.598756 -0.484754 -0.621225 0.243894 0.10842 -0.0941925 -0.0838611 -0.249632 -0.624379 -0.319436 -0.245086 -0.387004 -0.330829 -0.143952 0.505997 -0.248235 -0.593101 -0.882945 0.597596 0.235893 -0.0166135 0.23868 0.0734037 -0.61575 -0.0312116
75 -0.426908 0.687337 -0.428874 0.542581 -0.95934 0.0986121 -1.45124 -0.680196 -0.120752 -0.0215946 0.640233 0.0730494 -0.559659 -0.0307824 -0.416788 -0.153561 0.680275 -1.03365 -0.496398 -0.145665 0.0881736 -0.343469 -0.375689 -0.821043 -0.65942 0.784536 -0.301492 -0.104863 0.503471 0.708197 -0.773798 0.490751
58 -0.549456 0.0785319 -0.034427 0.62189 -0.464932 -0.346985 -0.463663 0.312295 0.542434 0.0833663 0.655532 -0.150172 -0.377495 0.327141 -0.5966 -1.32128 -0.223355 -0.0980928 -0.727534 0.277837 0.403567 -0.505397 0.0645784 -0.514174 -0.478705 0.2942 0.229085 -0.518742 0.251335 0.241295 -0.586641 0.0171042
76 -0.328831 0.556842 -0.354597 0.487985 -0.821549 0.13083 -1.19596 -0.602249 -0.150538 0.000607917 0.534788 0.00924133 -0.591487 -0.0277058 -0.361202 -0.137036 0.548172 -0.812505 -0.45826 -0.158869 0.010149 -0.258839 -0.310311 -0.719879 -0.480558 0.655413 -0.258747 -0.0671683 0.494283 0.536665 -0.613823 0.442892
151 -0.972872 0.385569 -0.336886 1.11253 -0.811554 -0.17864 -0.760435 -0.108121 -0.38863 0.22788 -0.109579 0.00415236 -0.355608 0.21381 -0.318765 -0.671556 0.293045 0.256743 0.265446 -0.2337 0.351278 0.476523 0.572822 -0.823777 -0.824247 0.357004 -0.0973143 -0.690648 0.145851 0.310719 -0.425592 -0.238115
196 -0.314622 0.263006 -0.104288 0.765173 -0.740982 0.00392878 -0.563658 -0.295102 -0.207439 -0.0647889 0.461166 -0.00220451 -0.754394 0.199035 -0.269602 -0.605269 0.0364365 -0.238984 -0.103215 -0.279842 0.408704 0.0798062 -0.23086 -0.769413 -0.566494 0.574768 -0.403031 -0.516282 0.141517 0.443443 -0.486324 0.316515
158 -0.519671 0.053228 -0.00611503 1.24987 -1.35836 0.13536 -0.798564 0.0599382 -0.463826 0.233981 0.0155687 0.303475 -0.851819 0.141023 -0.414923 -0.209854 0.325268 0.0760919 0.15448 -0.592443 0.404748 0.184035 0.613023 -0.654994 -1.0225 0.331197 -0.103471 -0.585556 0.461289 0.412885 -0.399843 0.319394
77 -0.284019 0.561485 -0.389616 0.481901 -0.884123 0.19592 -1.37868 -0.745046 -0.288252 -0.0682513 0.541121 -0.0597329 -0.785538 0.0119328 -0.477233 -0.166192 0.639017 -0.90725 -0.584512 -0.229873 -0.106619 -0.28988 -0.315571 -0.821828 -0.512289 0.773543 -0.328272 -0.0595594 0.673761 0.455838 -0.689216 0.483975
129 -0.25874 -0.242437 -0.802325 0.207749 0.0702077 -0.101603 -0.198833 -0.294726 -0.347893 -0.148328 0.0399744 0.0934597 0.110687 1.0372 -0.637388 -0.445333 -0.122906 -0.533885 0.217113 -0.17269 0.996484 -0.732192 -0.531286 -0.439707 -1.41072 0.549569 -0.304385 -0.981161 0.395713 0.0613589 -0.574279 0.140735
130 -0.128663 -0.280856 -0.744118 0.0178712 0.0385728 -0.0840703 -0.193816 -0.292204 -0.2748 -0.133035 0.0337735 0.070655 0.171981 0.946281 -0.430551 -0.403179 -0.159983 -0.47563 0.179537 -0.154822 0.928844 -0.600632 -0.490265 -0.411681 -1.33687 0.408285 -0.311407 -0.837247 0.383223 0.0605569 -0.506409 0.123892
131 -0.105463 -0.277583 -0.792867 0.0108584 0.0466642 -0.0964168 -0.229232 -0.280382 -0.275043 -0.126185 0.0924158 0.0722532 0.152201 1.03891 -0.526483 -0.516146 -0.191909 -0.555756 0.19795 -0.150905 1.04816 -0.663579 -0.575253 -0.459999 -1.52926 0.530261 -0.350947 -0.984937 0.388091 0.113473 -0.586331 0.0764813
