300 16
27 0.167921 0.808325 -0.341566 0.787362 -0.23219 0.864931 0.109243 0.38835 -0.152425 -0.46124 0.968506 -0.405879 1.76823 1.36517 -0.447374 1.53815
29 0.270808 0.674854 -0.425771 0.76338 -0.332833 0.698316 0.252934 0.335196 -0.0644679 -0.697581 0.9209 -0.477887 1.52193 1.22793 -0.256458 1.18244
30 0.364538 0.746155 -0.574886 0.744889 -0.461394 0.437632 0.383799 0.179655 0.0440155 -1.08927 1.08238 -0.704675 1.64232 1.22298 0.0026905 0.784805
31 0.353291 0.658259 -0.485648 0.631994 -0.514719 0.291364 0.382655 0.174574 -0.0283175 -1.14588 0.996014 -0.799576 1.48828 1.0961 0.119251 0.544855
32 0.321458 0.724432 -0.478293 0.590403 -0.51865 0.219358 0.47089 0.204574 0.0447328 -1.30146 1.18762 -0.943071 1.61067 1.1926 0.17788 0.596754
33 0.122769 0.705045 -0.402701 0.455127 -0.542416 -0.0670974 0.472442 0.124045 0.182404 -1.29376 1.16498 -1.0059 1.58752 1.08226 0.306836 0.499701
34 -0.0180437 0.668314 -0.264849 0.285027 -0.453273 -0.239829 0.437094 0.0956958 0.260858 -1.18848 1.01976 -0.880792 1.35379 0.916189 0.253386 0.338846
35 -0.130842 0.705275 -0.190798 0.267072 -0.507586 -0.266704 0.382837 0.136011 0.437063 -1.29005 1.16244 -1.00262 1.52291 0.960338 0.288713 0.424075
70 -0.056912 -0.329975 0.266645 0.105798 1.18875 -0.229776 1.17457 0.1212 -0.187979 0.271888 1.1463 -1.06396 1.38315 0.297246 0.809873 0.247813
69 -0.020988 -0.468516 0.27669 0.0407582 1.32743 -0.255714 1.23297 0.158943 -0.198671 0.371802 1.28085 -1.26336 1.52563 0.430866 0.889518 0.284763
71 -0.0544207 -0.416765 0.353685 0.136257 1.22906 -0.123506 1.34933 -0.0120834 -0.265416 0.275547 1.18893 -1.04056 1.47968 0.264279 0.893947 0.682105
18 0.194242 0.536899 -0.334444 0.351941 0.236803 0.554315 -0.121812 -0.801103 0.660471 0.890797 0.539048 -0.344896 1.9532 1.20569 -0.300686 1.02943
20 0.0368141 0.653899 -0.40236 0.38227 0.25581 0.529839 -0.0881085 -0.638369 0.570745 0.694981 0.533842 -0.333349 1.91889 1.17821 -0.308292 1.10936
21 -0.15087 0.867142 -0.387869 0.369208 0.313977 0.609812 -0.0384027 -0.519805 0.431295 0.446985 0.596613 -0.203588 1.8208 1.21069 -0.476203 1.20852
19 0.092703 0.573784 -0.430373 0.3848 0.225107 0.519423 -0.117681 -0.669054 0.651355 0.811855 0.469279 -0.282912 1.85724 1.14392 -0.241703 1.01351
17 0.587708 0.547423 -0.129368 0.386856 0.164752 0.586355 -0.186483 -0.773028 0.542435 1.1043 0.502674 -0.464004 1.73707 1.01463 -0.443226 0.881821
16 0.570923 0.408082 -0.0516561 0.339088 0.0905831 0.514051 -0.192187 -0.738585 0.39988 0.985552 0.496335 -0.523561 1.479 0.893794 -0.413266 0.733636
15 0.890164 0.371358 0.194056 0.261375 0.241235 0.661414 -0.414408 -0.800536 0.334831 1.27765 0.429936 -0.74507 1.74447 0.782437 -0.47443 0.80257
155 0.2394 -0.657653 0.198834 0.372044 0.527215 -1.37656 0.407038 0.369747 -0.888406 -0.789577 0.143049 -1.04601 1.64844 0.423305 0.464325 0.964456
154 0.27497 -0.637197 0.288288 0.374748 0.480561 -1.30433 0.30875 0.244349 -0.871183 -0.854906 0.131216 -0.892889 1.62404 0.409803 0.433731 0.931031
153 0.233538 -0.688913 0.312311 0.409798 0.552522 -1.3821 0.277916 0.318712 -0.944643 -0.896359 0.170529 -0.94189 1.75397 0.501774 0.468973 0.960855
152 0.183109 -0.497514 0.425099 0.303086 0.557186 -1.10621 0.0710473 0.466608 -0.680397 -0.911364 0.0883062 -0.706122 1.67531 0.672077 0.307888 0.693287
282 0.522687 -0.111533 1.07577 -0.248307 -0.598953 0.822832 1.30435 -0.511779 -0.326663 -0.523111 0.539125 -1.13335 2.18041 0.251335 0.451529 0.440968
281 0.516537 -0.0451812 0.952637 -0.219107 -0.589614 0.934131 1.31464 -0.649267 -0.443201 -0.545561 0.241484 -1.32566 1.9185 0.276055 0.598369 0.476161
279 0.705244 -0.029594 0.804169 -0.331571 -0.546045 0.980572 1.21552 -0.656981 -0.490975 -0.566246 0.176787 -1.40838 1.69639 0.262931 0.585698 0.385468
280 0.518409 0.0130217 0.825319 -0.305292 -0.542453 0.858239 1.16747 -0.557878 -0.388783 -0.459712 0.254932 -1.17281 1.68518 0.199939 0.533317 0.3078
80 0.00430739 -0.600469 0.612753 0.107809 0.477578 0.703886 0.603741 -0.78418 -0.147768 0.350886 0.502695 -1.05078 1.33217 -0.411239 0.682398 1.97601
81 -0.209606 -0.618674 0.441242 -0.10692 0.411911 0.500668 0.312829 -0.630299 -0.144304 0.506896 0.580107 -1.10613 1.41647 -0.507387 0.542495 1.56455
83 -0.37622 -0.655955 0.380636 -0.236503 0.380718 0.383887 -0.00434713 -0.546737 -0.121445 0.521602 0.655215 -1.19657 1.46442 -0.533243 0.440761 1.38841
84 -0.664243 -0.69727 0.248124 -0.485275 0.265463 0.301995 -0.392344 -0.433721 -0.0795827 0.664283 0.66498 -1.31164 1.56573 -0.61521 0.358432 1.11053
86 -0.714463 -0.658633 0.290152 -0.579155 0.305337 0.262991 -0.587752 -0.408699 -0.184359 0.64106 0.706534 -1.38773 1.64078 -0.555876 0.344616 1.00989
87 -0.794864 -0.710902 0.383449 -0.710223 0.312417 0.257584 -0.725236 -0.3844 -0.139695 0.697692 0.692421 -1.51639 1.72724 -0.622377 0.333687 1.08333
85 -0.534105 -0.566776 0.260475 -0.390117 0.267072 0.243662 -0.392139 -0.357903 -0.108927 0.581925 0.616175 -1.15432 1.35498 -0.455386 0.280699 0.883179
166 -0.179307 -0.489757 0.0548193 -0.416969 0.214055 -0.409814 0.30438 -0.0941808 -0.227214 0.144908 0.195925 -1.37668 0.920334 0.680606 -0.132478 0.854885
165 -0.434919 -0.715962 0.0595333 -0.719803 0.294274 -0.783013 0.516944 -0.00611019 -0.205079 0.291498 0.00925862 -1.84765 0.720051 0.892621 -0.262962 0.907584
167 -0.370244 -0.991887 -0.186831 -0.64674 0.0188119 -0.675114 0.423055 -0.542355 -0.0985103 0.0839727 0.088611 -1.18985 1.11296 0.975053 -0.23934 0.89246
164 -0.276048 -0.423946 0.24407 -0.631878 0.550942 -0.741258 0.511057 0.40864 -0.442973 0.367265 0.191054 -2.38188 0.594186 0.881282 -0.122049 1.03868
162 -0.267177 -0.31065 0.178467 -0.478309 0.522076 -0.81355 0.554645 0.562373 -0.469229 0.389021 0.110147 -2.37551 0.632483 0.797055 -0.0518981 1.01767
163 -0.310462 -0.293698 0.243933 -0.583268 0.474223 -0.688801 0.505374 0.467738 -0.343441 0.43647 0.128351 -2.29252 0.562096 0.771808 -0.194671 1.00179
24 -0.199497 0.872416 -0.287823 0.489115 0.0772439 0.697759 -0.0106713 0.0941865 0.00290602 0.0686422 0.8218 -0.277547 1.68258 1.25091 -0.535057 1.42422
26 -0.0651216 0.835534 -0.262139 0.656107 -0.0472961 0.805751 0.026665 0.323884 -0.136162 -0.183237 0.900125 -0.246437 1.64856 1.30091 -0.588029 1.57366
25 -0.177754 0.817208 -0.30431 0.524488 -0.0761147 0.708425 0.0924639 0.178118 -0.050812 -0.0882308 0.765668 -0.19002 1.41958 1.1613 -0.59508 1.31086
161 -0.236117 -0.393716 0.219196 -0.379964 0.59749 -0.877862 0.476559 0.584421 -0.636257 0.137979 0.106518 -2.25448 0.798837 0.703819 0.0926011 0.919471
160 -0.171784 -0.334534 0.126137 -0.303377 0.453596 -0.787664 0.381888 0.608453 -0.55681 0.117916 0.0154557 -1.83933 0.708137 0.576814 0.149781 0.747111
159 -0.151025 -0.401437 0.130446 -0.14701 0.495952 -0.984981 0.461817 0.731943 -0.73388 0.0252708 0.0499001 -1.94491 0.883237 0.547079 0.20413 0.799109
142 0.41828 -0.749531 0.341996 0.620155 -0.120502 0.213048 -0.473913 0.576798 0.0244174 -0.639269 -0.205929 -1.12344 1.30846 0.658523 0.0866709 0.655181
141 0.508594 -0.846999 0.289325 0.678345 -0.261466 0.2284 -0.499479 0.551351 0.0903177 -0.676332 -0.243929 -1.29405 1.44236 0.639394 0.105253 0.845576
140 0.559737 -1.00329 0.237417 0.869348 -0.578741 0.351825 -0.509127 0.48075 0.253235 -0.674534 -0.372411 -1.46086 1.56826 0.575556 0.149647 1.06196
138 0.492642 -0.908253 0.0335242 0.865955 -0.604482 0.350292 -0.382831 0.331472 0.452243 -0.548242 -0.472733 -1.41929 1.59132 0.490336 0.225803 1.12553
137 0.473183 -0.708183 -0.274145 0.884778 -0.642 0.282569 -0.155606 0.0317731 0.722145 -0.353906 -0.596917 -1.43314 1.63867 0.510079 0.434477 1.25675
135 0.346507 -0.558858 -0.448615 0.797385 -0.630204 0.228936 -0.0465184 -0.16739 0.80088 -0.215259 -0.616929 -1.43403 1.60089 0.55971 0.630047 1.34385
268 0.746469 0.260149 0.0419423 -0.53303 -0.0996555 0.473171 -0.0975072 -0.329668 -0.615967 0.516011 0.147221 -1.76145 1.18661 0.0483515 0.210822 0.232707
267 0.77533 0.244919 0.0331809 -0.65857 -0.114564 0.48406 -0.00502059 -0.356538 -0.734929 0.46309 0.11441 -2.10448 1.39727 0.093515 0.200837 0.267143
269 0.910741 0.280388 0.0590196 -0.627224 -0.0852272 0.495205 -0.0704712 -0.394876 -0.723962 0.566027 0.0509233 -2.2164 1.47599 0.106184 0.180168 0.196753
270 1.10787 0.224783 0.153257 -0.735402 -0.045632 0.480522 0.0641273 -0.452485 -0.638652 0.63685 0.0696257 -2.13187 1.5769 0.117971 0.119221 0.0852491
272 1.18549 0.193471 0.213592 -0.765691 0.00104525 0.596239 0.347541 -0.560485 -0.531704 0.552161 0.0148247 -2.05191 1.53598 0.137673 0.103102 0.0527397
271 1.00194 0.154771 0.161174 -0.688941 -0.0310473 0.452085 0.0959816 -0.49187 -0.472977 0.674352 0.0145356 -1.81628 1.42647 0.0744777 0.100946 -0.0469297
278 0.811652 0.046908 0.709198 -0.519542 -0.295775 0.97082 1.13398 -0.702538 -0.47109 -0.446995 0.11075 -1.63267 1.64905 0.458412 0.511583 0.334902
277 0.834232 0.0538924 0.490151 -0.57225 -0.225145 0.83309 0.934648 -0.630795 -0.43909 -0.381617 0.0478169 -1.56358 1.33341 0.402422 0.437468 0.364222
276 1.02465 0.0754776 0.589766 -0.611674 -0.120739 0.893373 1.00029 -0.771121 -0.462291 -0.325407 0.0250122 -1.75971 1.51256 0.467474 0.429631 0.436299
275 1.10788 0.124942 0.450855 -0.761494 -0.0422126 0.794533 0.841485 -0.700227 -0.429678 0.127578 0.0272648 -1.88837 1.48404 0.368696 0.260634 0.234249
77 0.0177395 -0.534496 0.661601 0.251032 0.653254 0.647213 0.97976 -0.653373 -0.330401 0.363075 0.563053 -0.888145 1.2255 -0.133158 0.755568 1.92328
76 0.0123658 -0.514319 0.568236 0.19862 0.612585 0.530052 0.972992 -0.467312 -0.418699 0.278254 0.541686 -0.760621 1.05307 0.0309284 0.648263 1.64797
75 -0.0419483 -0.514124 0.549361 0.183629 0.808012 0.43181 1.20514 -0.470997 -0.406782 0.365833 0.717127 -0.809609 1.18372 0.0470331 0.785934 1.58876
78 0.00132008 -0.631592 0.650583 0.16249 0.579631 0.704694 0.761994 -0.803771 -0.258961 0.308773 0.549939 -1.01262 1.40606 -0.359966 0.730501 2.07848
79 0.0689491 -0.584631 0.637218 0.102811 0.50653 0.625272 0.530468 -0.774227 -0.14668 0.306377 0.450691 -0.965679 1.24703 -0.381714 0.658471 1.87149
177 -0.230982 -0.706103 -0.152036 -0.462261 -0.0482253 0.238421 -0.451415 -0.0626018 -0.721457 -0.702187 0.101804 -0.8174 2.24745 0.494159 -1.31514 0.232792
176 -0.383068 -0.997199 -0.109797 -0.543184 -0.139707 -0.103003 -0.154097 -0.262264 -0.412595 -0.56076 -0.196392 -0.527686 2.16601 0.750664 -0.840806 0.211818
174 -0.410533 -1.14795 -0.075993 -0.610978 -0.0703526 -0.272088 0.0516453 -0.519886 -0.221792 -0.508751 -0.201635 -0.489828 2.15327 0.877816 -0.464219 0.404912
173 -0.44178 -1.37332 -0.127774 -0.686875 -0.185058 -0.490649 0.320425 -0.714521 -0.0512385 -0.476326 -0.28346 -0.522672 2.39853 1.13274 -0.194594 0.610434
179 -0.0857987 -0.385775 -0.131121 -0.236814 0.00271967 0.344782 -0.743637 0.18137 -0.946709 -0.690483 0.337709 -1.10087 2.40536 0.47593 -1.44469 0.285862
47 0.0656054 -0.225005 0.28208 -0.91065 0.718443 0.677547 -0.134548 -0.536019 0.574637 -0.113826 -0.145955 -1.28831 0.880571 1.56073 -0.671309 1.49284
45 0.050071 -0.161689 0.436888 -0.914337 0.811824 0.615101 -0.151151 -0.416615 0.707069 -0.277246 -0.125742 -1.28129 0.983866 1.44196 -0.573087 1.41481
48 -0.048985 -0.295238 0.188672 -0.885445 0.427657 0.706657 0.0102584 -0.574263 0.584366 0.0562546 -0.174961 -1.44521 0.793876 1.72178 -0.808507 1.51127
50 -0.161844 -0.443531 0.130572 -0.614741 0.168058 0.870831 0.0972793 -0.640081 0.581637 0.143617 0.113603 -1.64878 0.663417 1.68065 -0.768831 1.2095
49 -0.0543352 -0.292858 0.0719644 -0.718684 0.200506 0.720523 0.0112795 -0.542839 0.481808 0.103696 0.0117508 -1.39312 0.655913 1.53271 -0.698842 1.22836
51 -0.35985 -0.499164 0.020787 -0.223362 -0.142025 0.86132 0.188529 -0.669241 0.52141 0.311479 0.385528 -1.75684 0.707985 1.58845 -0.637024 0.846797
58 -0.555817 -0.031817 -0.139859 0.682432 0.176161 0.105996 -0.103332 -0.85023 -0.558696 0.292134 1.27841 -1.62321 1.22602 0.579603 0.180683 -0.156986
59 -0.637031 -0.0716211 -0.117676 0.77713 0.206471 0.107474 -0.154484 -0.937267 -0.614819 0.374051 1.39059 -1.90746 1.41517 0.651523 0.197651 -0.0816167
60 -0.443112 0.0123747 -0.139037 0.594007 0.337399 -0.11008 -0.123284 -0.958844 -0.81124 0.360247 1.41575 -1.871 1.41131 0.387905 0.197457 0.000156767
57 -0.699315 -0.132425 -0.133718 0.753055 0.128093 0.151811 -0.0780246 -0.905194 -0.491964 0.353356 1.38152 -1.86194 1.32645 0.698719 0.149248 -0.102087
56 -0.724744 -0.403051 -0.0962293 0.592249 -0.10986 0.467525 -0.0269002 -0.787749 -0.0967567 0.401958 1.08159 -1.86416 1.06969 0.991271 -0.0452366 0.067394
54 -0.666564 -0.470584 -0.0913234 0.404396 -0.137427 0.64984 0.0787355 -0.774447 0.178354 0.390114 0.957676 -1.89408 0.94676 1.20403 -0.18878 0.212031
199 0.737189 0.0698655 0.559794 0.543445 0.178246 -0.397088 -0.397113 0.0621775 0.0528874 0.508356 0.898971 -0.877314 0.860335 1.21584 0.421323 0.599393
198 0.995655 0.282697 0.687862 0.804028 0.223894 -0.569351 -0.599912 -0.0340505 0.0434849 0.406293 1.09911 -0.961901 1.01889 1.16186 0.54369 0.793841
197 1.0534 0.483737 0.712072 0.862185 0.168998 -0.684978 -0.659138 -0.0857226 0.0274761 0.321374 1.1336 -0.99038 1.11805 0.982359 0.49446 0.834636
196 1.02798 0.424182 0.636811 0.739347 0.178812 -0.55848 -0.594006 -0.0893632 -0.0284085 0.268692 1.0537 -0.90174 0.995889 0.745654 0.411783 0.785441
195 1.16901 0.65422 0.683252 0.821726 0.197475 -0.62801 -0.66613 -0.15612 0.000751771 0.23892 1.20596 -1.10753 1.15827 0.818978 0.407352 0.862677
65 -0.0316232 -0.285105 0.00547548 0.190372 0.916543 -0.346612 0.504027 -0.264624 -0.417342 0.397453 1.35885 -1.50458 1.4084 0.426402 0.555953 -0.0533975
66 0.163311 -0.441754 0.108803 0.0701754 1.12114 -0.417413 0.741043 0.14307 -0.30783 0.333108 1.43873 -1.46116 1.55642 0.550221 0.670416 -0.0392378
63 -0.221437 -0.128836 -0.0764252 0.354412 0.586591 -0.224701 0.22123 -0.608735 -0.618759 0.351122 1.33771 -1.56792 1.38415 0.37524 0.375341 0.0609694
64 -0.0545782 -0.190792 0.00209252 0.190897 0.578439 -0.190068 0.252011 -0.350758 -0.435275 0.294886 1.02985 -1.31946 1.27949 0.442897 0.315857 0.231244
68 0.0924609 -0.465344 0.223372 0.034136 1.38638 -0.431133 1.13008 0.242774 -0.20576 0.383798 1.47222 -1.35235 1.69749 0.561173 0.885226 0.0372762
256 -0.481182 1.0224 -0.144837 -0.566811 -0.193603 0.650304 -0.131675 0.946271 -0.319534 0.159143 0.326139 -0.96543 1.81902 0.533864 0.701832 0.810292
255 -0.429987 1.10608 -0.159784 -0.679214 -0.201517 0.733379 -0.116027 0.97476 -0.385993 0.252238 0.406594 -1.04635 2.12278 0.592663 0.798718 0.932603
257 -0.576768 0.941873 -0.124713 -0.662058 -0.183184 0.673582 -0.000946683 0.969138 -0.311237 0.0759251 0.291367 -1.20464 1.96123 0.548095 0.725946 0.851426
258 -0.629928 0.639983 -0.226546 -0.766749 -0.309271 0.604406 0.317987 0.879544 -0.214851 -0.17182 0.0660693 -1.30109 1.66957 0.60688 0.517179 0.849659
89 -0.666352 -0.824914 0.409486 -0.672561 0.393309 0.255123 -0.700314 -0.3796 -0.181045 0.554837 0.748903 -1.4344 1.70324 -0.529991 0.2759 1.00831
88 -0.767858 -0.711025 0.385402 -0.633353 0.354185 0.29005 -0.731252 -0.36698 -0.175866 0.630896 0.676518 -1.35542 1.57941 -0.601646 0.339513 1.00048
150 0.165501 -0.385553 0.483146 0.20224 0.5764 -0.841214 -0.072976 0.627442 -0.477298 -0.869459 0.0971255 -0.635971 1.68255 0.962522 0.147174 0.498374
149 0.149096 -0.35305 0.639433 0.190936 0.592379 -0.606479 -0.251063 0.77234 -0.415106 -0.832436 0.0551246 -0.672689 1.88494 1.3032 0.0501756 0.529631
148 0.10318 -0.320785 0.547601 0.14974 0.565285 -0.487019 -0.294314 0.754492 -0.303727 -0.704319 0.0537171 -0.634897 1.71832 1.20276 0.00545312 0.378328
151 0.162148 -0.375099 0.401223 0.226453 0.44838 -0.826173 -0.0296099 0.413521 -0.538552 -0.736592 0.0508451 -0.562205 1.4016 0.650575 0.178737 0.612002
229 0.0824345 -0.523478 1.37473 -0.0866927 0.312334 -0.865244 -0.315428 -0.322932 -0.758542 0.0819336 0.120527 -1.24986 1.00059 0.176015 -0.0488293 1.46014
228 0.233836 -0.590058 1.56686 -0.157396 0.338217 -0.867267 -0.240628 -0.432123 -0.80473 0.077622 0.0997036 -1.3053 1.12443 0.177333 -0.0207313 1.71269
230 0.0611208 -0.570315 1.51601 -0.114942 0.226855 -0.994407 -0.414777 -0.287513 -0.851508 0.101134 0.196286 -1.4114 1.06713 0.174684 -0.140246 1.5774
41 -0.542308 0.255153 0.731375 -0.191524 0.272408 -0.0993284 0.0807185 0.328837 1.34073 -0.630455 0.668262 -1.09405 1.43105 0.862074 0.0378468 0.925099
39 -0.532627 0.401739 0.752703 -0.0604759 0.0663649 -0.241517 0.135931 0.366172 1.42704 -0.722173 0.912814 -1.06974 1.60357 0.854744 0.162881 0.790375
38 -0.53776 0.578143 0.503104 -0.0217431 -0.252142 -0.370441 0.280802 0.366507 1.188 -0.9368 1.11518 -1.02558 1.72869 0.88665 0.266939 0.627826
37 -0.471838 0.569537 0.3644 0.0114535 -0.326348 -0.346924 0.349106 0.346304 0.971154 -0.842602 1.0251 -0.945886 1.5373 0.760757 0.310613 0.493699
36 -0.416261 0.613257 0.315416 0.0852376 -0.366272 -0.389104 0.376582 0.334536 0.975436 -1.04225 1.18187 -1.04031 1.70862 0.955897 0.291515 0.557705
74 -0.104531 -0.370682 0.456997 0.211341 1.04875 0.235954 1.46609 -0.335567 -0.361463 0.271368 0.981465 -0.905838 1.27879 0.1321 0.809901 1.42079
72 -0.184317 -0.327063 0.366835 0.17949 1.13717 0.081321 1.45113 -0.200016 -0.251057 0.267381 0.995818 -0.877039 1.28499 0.161104 0.781529 1.04239
73 -0.04784 -0.270489 0.397332 0.197615 0.951392 0.156964 1.43732 -0.271428 -0.383391 0.205583 0.891571 -0.739437 1.18778 0.185249 0.704628 1.15712
273 1.1874 0.214056 0.390655 -0.801752 0.0605679 0.739597 0.723304 -0.721046 -0.428162 0.346151 -0.0137524 -2.05165 1.48826 0.310042 0.181569 0.177155
274 0.995671 0.124321 0.398713 -0.680447 -0.0201712 0.666817 0.755695 -0.58184 -0.306775 0.206575 0.0446385 -1.70498 1.30967 0.231374 0.200278 0.176293
92 0.0793627 -1.05215 0.2581 -0.31715 0.708124 -0.0767425 -0.702741 -0.594771 0.121059 -0.244404 0.897702 -1.29796 0.988974 0.13052 -0.380826 0.712341
91 -0.0387632 -0.631431 0.237262 -0.227174 0.489129 0.0328266 -0.416507 -0.423869 -0.0738228 -0.0248952 0.67007 -1.17002 1.12549 0.125004 -0.109441 0.789649
90 -0.364386 -0.762966 0.328212 -0.511341 0.49629 0.104678 -0.653801 -0.42913 -0.0719178 0.252069 0.740974 -1.23471 1.26083 -0.288341 -0.014113 0.842546
93 0.479454 -1.13748 0.0412702 -0.115649 0.790658 -0.252243 -0.611141 -0.623505 0.210037 -0.70554 1.06815 -1.38778 1.04713 0.757272 -0.741524 0.729544
52 -0.365716 -0.445131 -0.013591 -0.0536781 -0.204405 0.683646 0.139444 -0.64947 0.424066 0.255606 0.497167 -1.55741 0.692755 1.30041 -0.49403 0.608859
53 -0.530758 -0.498948 -0.0782863 0.176602 -0.184967 0.805799 0.107367 -0.722636 0.371025 0.295545 0.667016 -1.79328 0.789348 1.39984 -0.420219 0.489764
181 -0.052971 -0.26287 -0.18342 -0.0420221 0.0989232 0.366244 -0.610817 0.190623 -0.907731 -0.569067 0.286272 -0.994034 1.95514 0.209483 -1.17978 0.242025
182 -0.0187436 -0.260593 -0.247882 -0.01271 0.213551 0.398536 -0.565651 0.29701 -1.02916 -0.61084 0.392424 -1.16251 2.12324 0.123411 -1.18989 0.28392
183 0.0711315 -0.255924 -0.374439 0.313294 0.676905 0.400775 -0.179494 0.263946 -0.955137 -0.606241 0.579622 -1.32688 1.87448 -0.185446 -0.635865 0.184791
185 0.253756 -0.218468 -0.352774 0.450938 0.84045 0.372918 -0.0161021 0.200696 -0.858496 -0.549237 0.781922 -1.51505 1.78139 -0.270464 -0.286536 0.367489
186 0.477382 0.263279 -0.105206 0.490552 0.817733 0.108651 -0.101662 -0.0713815 -0.581468 -0.262476 0.890901 -1.57911 1.4413 -0.431119 -0.164344 0.440903
188 0.607662 0.608105 0.0809469 0.318321 0.661543 -0.0533427 -0.194127 -0.272704 -0.301765 -0.0546759 0.968386 -1.60626 1.35896 -0.402288 -0.143032 0.706488
187 0.490666 0.337201 0.00381022 0.287757 0.635903 0.0225568 -0.155027 -0.206551 -0.365536 -0.09514 0.886566 -1.50352 1.34216 -0.270499 -0.15295 0.612103
40 -0.487844 0.189097 0.629529 -0.0465722 0.0807102 -0.166844 0.078674 0.321845 1.11197 -0.581028 0.657469 -0.929595 1.27629 0.645445 0.128811 0.71475
259 -0.681793 0.524679 -0.198561 -0.797903 -0.279997 0.508096 0.44541 0.801567 -0.205179 -0.264304 -0.0187003 -1.33198 1.43799 0.609419 0.382915 0.827603
260 -0.774917 0.424156 -0.184175 -0.897844 -0.36894 0.550801 0.592957 0.807401 -0.262062 -0.544407 -0.104574 -1.60802 1.49251 0.651785 0.252472 1.00692
254 -0.32537 1.10502 -0.0394569 -0.523051 -0.328179 0.555221 -0.285085 0.943683 -0.538581 0.330171 0.552202 -0.914767 1.95121 0.635221 0.933781 1.07389
105 0.41716 -0.592806 0.0577881 0.120919 0.247166 1.00822 0.00205205 -0.223701 0.556907 -0.969302 0.991012 -1.23969 1.41282 -0.482297 -0.230627 1.51615
106 0.203767 -0.551434 0.104093 0.0489258 0.167177 0.963966 0.00928571 -0.14919 0.526811 -0.861873 0.879994 -1.10877 1.30731 -0.447138 -0.287999 1.45531
107 0.218065 -0.56544 0.0630122 0.122878 0.205066 1.01611 -0.0517196 -0.149262 0.51205 -0.899503 0.933532 -1.17256 1.34861 -0.447725 -0.341919 1.53888
108 -0.187478 -0.490439 0.180108 0.173466 0.237812 0.830182 -0.198351 -0.202739 0.44958 -0.686695 1.03708 -1.11685 1.25359 -0.333964 -0.482675 1.5646
109 -0.42759 -0.322392 0.220068 0.210866 0.246273 0.692837 -0.259037 -0.116042 0.353134 -0.533894 0.947788 -1.01852 1.09398 -0.174665 -0.512377 1.38955
110 -0.593252 -0.322128 0.190026 0.300817 0.350404 0.72611 -0.369488 -0.149554 0.31647 -0.618798 1.10997 -1.13273 1.05116 -0.190443 -0.643947 1.71965
111 -0.89128 -0.233335 0.155475 0.463055 0.45824 0.525753 -0.452798 -0.250556 0.160819 -0.488983 1.13151 -1.21585 0.98851 -0.0483046 -0.678328 1.85114
128 -0.312456 0.224993 -0.0985196 0.277629 -0.221061 -0.542069 -0.579338 -0.44553 -0.0682706 0.451016 -0.0834254 -0.775449 1.893 1.33002 1.56947 0.973302
129 -0.0689483 0.119911 -0.417626 0.471143 -0.493739 -0.408651 -0.447035 -0.611308 0.281913 0.346744 -0.163809 -0.957485 1.57287 1.08262 1.4179 1.12516
130 -0.0165335 0.082141 -0.457236 0.488063 -0.463906 -0.3166 -0.300136 -0.624542 0.364931 0.332286 -0.179299 -0.906767 1.37685 0.921401 1.1789 1.01924
131 0.032063 0.0426813 -0.552646 0.519874 -0.569243 -0.345807 -0.299667 -0.668771 0.439685 0.348678 -0.321111 -1.01869 1.49292 0.946019 1.28759 1.133
132 0.143647 -0.119683 -0.619583 0.572073 -0.519761 -0.0366735 -0.0930869 -0.631761 0.691625 0.16308 -0.382826 -1.2456 1.48202 0.77828 1.06188 1.22964
134 0.27935 -0.257797 -0.630918 0.688855 -0.529921 0.110312 -0.0338266 -0.509362 0.804788 0.0812142 -0.530767 -1.34899 1.46856 0.644327 0.846891 1.26439
133 0.213721 -0.222674 -0.579251 0.602068 -0.419925 0.0825885 -0.0374634 -0.497296 0.66238 0.111683 -0.392676 -1.15072 1.27027 0.585864 0.742285 1.09114
298 0.707124 -0.051624 -0.583105 -0.808737 0.38935 -0.374807 0.0585376 -0.152276 0.1719 -0.111223 0.498769 -0.243646 1.74021 0.00131055 0.0773523 1.59213
299 0.754536 -0.100709 -0.637715 -0.854633 0.463503 -0.348785 0.0138509 -0.220401 0.200371 -0.0811493 0.546805 -0.220558 1.85632 -0.0339668 0.128386 1.63969
297 0.793471 -0.00846023 -0.665745 -0.933758 0.394952 -0.439124 0.0524636 -0.18428 0.131396 -0.248467 0.475718 -0.305488 1.91811 0.0710999 0.107078 1.79979
0 0.671068 -0.155315 -0.469979 -0.711866 0.48835 -0.257641 -0.035925 -0.341893 0.131742 0.0326895 0.56798 -0.262557 1.8337 -0.0691643 0.216448 1.38951
2 0.618212 -0.254687 -0.331056 -0.602183 0.525119 -0.150407 -0.180272 -0.410876 -0.054389 0.143968 0.60703 -0.324991 1.79629 -0.120094 0.287311 1.06184
1 0.551644 -0.21842 -0.345376 -0.587816 0.445357 -0.218925 -0.0926605 -0.354911 0.0201131 0.0895791 0.580303 -0.390271 1.66309 -0.0579293 0.218875 1.10504
225 0.447489 -0.511775 1.52248 -0.0980808 0.182028 -0.598252 0.203105 -0.600933 -0.884268 -0.233654 -0.115383 -1.10945 0.990155 0.324318 -0.00631109 1.78273
226 0.346715 -0.562335 1.44894 -0.165024 0.25504 -0.647445 0.12802 -0.465661 -0.713588 -0.125732 -0.0896374 -1.03211 0.951379 0.22633 0.0517149 1.62785
224 0.448325 -0.304317 1.24488 -0.0743932 0.134086 -0.503085 0.272477 -0.648719 -0.902062 -0.297036 -0.0372307 -1.04116 0.881177 0.473915 0.0488876 1.66885
223 0.453906 -0.122804 0.802948 -0.0299436 0.0711218 -0.419213 0.308666 -0.703109 -0.921073 -0.355997 0.0695807 -0.796846 0.709272 0.506714 -0.0202807 1.3688
222 0.569008 -0.0458328 0.889905 -0.0123547 0.00687104 -0.516717 0.405297 -0.873669 -1.11561 -0.450648 0.0490437 -0.827493 0.761681 0.682012 -0.0210013 1.46035
147 0.179843 -0.390066 0.642181 0.23898 0.602444 -0.519021 -0.384298 0.85995 -0.281898 -0.727401 0.0518605 -0.744694 1.95078 1.41636 0.0459001 0.406803
146 0.263274 -0.533713 0.708135 0.324915 0.592099 -0.311467 -0.437762 0.874005 -0.304912 -0.787687 -0.0165514 -0.782796 1.89874 1.42229 0.0621408 0.500085
145 0.197453 -0.440492 0.576374 0.298846 0.529517 -0.231728 -0.409885 0.768105 -0.275363 -0.6006 -0.00584442 -0.695155 1.68318 1.22318 0.0999455 0.357301
144 0.281979 -0.607078 0.600732 0.360624 0.41342 -0.151787 -0.491684 0.822802 -0.245814 -0.642919 -0.0453115 -0.743945 1.68665 1.21502 0.0744443 0.448161
143 0.414746 -0.854629 0.380445 0.620534 -0.119866 0.199823 -0.530387 0.680313 0.0154071 -0.685835 -0.227544 -1.12339 1.46628 0.740832 0.0801062 0.718465
156 0.165547 -0.66074 0.123018 0.302647 0.424784 -1.3574 0.452038 0.608216 -0.937644 -0.516813 0.129682 -1.35613 1.41199 0.338948 0.536809 0.864155
7 0.897155 -0.478651 0.0646092 -0.388274 0.763006 0.0496192 -0.887958 -0.63834 -0.439651 0.44487 0.616913 -0.593908 1.93797 -0.125833 0.414154 0.418714
6 0.987832 -0.529274 0.134469 -0.453558 0.808151 0.00295899 -1.03246 -0.77074 -0.502371 0.425062 0.722238 -0.616937 2.29608 -0.153097 0.484153 0.456451
5 0.782197 -0.526882 0.0331484 -0.490818 0.638633 -0.0197229 -0.762968 -0.676718 -0.40595 0.357323 0.712698 -0.651987 2.20619 -0.147487 0.422381 0.567378
4 0.659804 -0.450421 0.0474955 -0.483507 0.564249 0.0474285 -0.659843 -0.586351 -0.371073 0.346294 0.656995 -0.530968 2.02663 -0.143077 0.351549 0.555655
3 0.668627 -0.438206 -0.0467015 -0.531207 0.550292 -0.0372582 -0.517442 -0.555233 -0.289347 0.293398 0.699606 -0.447774 2.0575 -0.150469 0.362239 0.663256
46 0.105139 -0.198858 0.270597 -0.79941 0.742656 0.486689 -0.134055 -0.423472 0.477304 -0.117391 -0.1893 -1.10535 0.729258 1.22981 -0.518045 1.26385
192 1.11864 1.02733 0.424551 0.637527 0.288012 -0.602313 -0.564311 -0.359037 -0.0129016 0.246609 1.14234 -1.56852 1.25946 0.0337023 0.0299612 0.834053
193 0.982672 0.943995 0.381876 0.557131 0.237128 -0.563906 -0.537086 -0.321893 0.0629781 0.230718 0.998783 -1.3508 1.13459 0.155445 0.0334256 0.738878
194 1.14481 0.891905 0.537662 0.71095 0.214648 -0.666648 -0.630317 -0.24048 0.0459745 0.23465 1.12995 -1.3654 1.14989 0.38416 0.195636 0.897321
121 -0.483285 0.127946 0.104349 0.169783 0.63323 -0.311518 -0.497908 -0.484729 -0.675818 0.0265157 -0.209008 -0.704168 1.36666 0.633696 0.628263 1.12367
122 -0.555618 0.234992 0.164075 0.225646 0.685365 -0.405254 -0.577979 -0.455404 -0.698507 0.146318 -0.324124 -0.677807 1.65343 0.850337 0.893735 1.08252
123 -0.427576 0.366728 0.295919 0.184012 0.480791 -0.459363 -0.563226 -0.303258 -0.533543 0.329819 -0.235893 -0.648077 1.8376 1.14387 1.24884 0.863002
125 -0.409487 0.339059 0.314051 0.0678586 0.294356 -0.428195 -0.579204 -0.203972 -0.529083 0.402459 -0.142212 -0.603422 1.84521 1.18413 1.33602 0.846579
126 -0.31441 0.293702 0.113452 0.214359 -0.0156247 -0.560615 -0.634554 -0.318849 -0.223886 0.462942 -0.0714788 -0.700132 1.86644 1.3635 1.51714 0.930823
127 -0.348577 0.335903 0.0223123 0.165898 -0.100166 -0.470436 -0.586852 -0.318237 -0.119546 0.419153 -0.131914 -0.573773 1.70051 1.22527 1.46929 0.914377
55 -0.523773 -0.385074 -0.0669725 0.374509 -0.109002 0.412586 0.0313051 -0.631258 -0.013245 0.380667 0.831102 -1.50589 0.889633 0.855133 -0.0727176 0.091132
261 -0.76962 0.259062 -0.14805 -0.96575 -0.404601 0.423073 0.774499 0.693853 -0.198462 -0.777073 -0.109516 -1.84044 1.53462 0.789883 0.119783 1.16709
101 0.981307 -0.915649 0.0366757 0.17273 0.878717 0.605394 -0.109707 -0.747115 0.321498 -1.0858 1.03022 -1.66798 1.09046 0.0903464 -0.461914 1.01728
102 0.953648 -0.816466 -0.0105799 0.171543 0.646422 0.854019 -0.00560265 -0.566513 0.463814 -1.17736 1.03158 -1.52204 1.18269 -0.177921 -0.333825 1.25188
103 0.72867 -0.656184 -0.00857336 0.171082 0.574198 0.788665 -0.0242737 -0.436618 0.370283 -1.00829 0.860561 -1.30033 1.03121 -0.311211 -0.243912 1.10513
104 0.681486 -0.624737 0.00150887 0.124534 0.464178 0.837163 0.0611418 -0.394437 0.41354 -1.0076 0.908779 -1.31395 1.2655 -0.359604 -0.160046 1.30293
235 -0.26276 -0.361341 0.488989 -0.0895688 -0.0340377 -1.0065 -0.854207 0.174517 -0.684989 0.436412 1.14968 -1.31631 0.878783 0.643978 -0.296032 1.16392
234 -0.283354 -0.431713 0.765002 -0.12042 -0.0137444 -1.20543 -0.988957 0.15989 -0.81602 0.455014 1.19529 -1.53391 0.965456 0.673786 -0.319061 1.31519
233 -0.177933 -0.379743 1.04699 -0.140272 0.0413979 -1.191 -0.914486 0.0984272 -0.845473 0.320587 0.920398 -1.52236 0.993645 0.519186 -0.314796 1.40704
231 -0.0961135 -0.500349 1.18813 -0.115266 0.240582 -1.16411 -0.787587 0.00624974 -0.875033 0.292658 0.669108 -1.45298 1.01965 0.436168 -0.217238 1.43886
232 -0.166285 -0.340253 0.955778 -0.129563 0.053486 -1.07239 -0.77951 0.0776799 -0.775642 0.283034 0.698038 -1.31311 0.862231 0.418082 -0.249628 1.14691
296 0.872617 0.0648703 -0.708225 -1.01848 0.268938 -0.466496 0.0423015 -0.0493846 -0.0567508 -0.396963 0.468319 -0.349726 1.66513 0.0595567 -0.0803541 1.75788
295 0.89126 0.136813 -0.653119 -0.95809 0.176608 -0.504351 -0.0137462 -0.0101352 -0.153762 -0.451863 0.438806 -0.378716 1.57366 0.0929435 -0.13448 1.72301
294 0.984436 0.163855 -0.633881 -1.21247 0.18231 -0.495029 0.0986814 0.0653619 -0.352412 -0.611356 0.610759 -0.570428 1.60819 0.222217 -0.164319 1.73448
293 0.979904 0.119846 -0.4755 -1.2739 0.139461 -0.561769 0.270175 0.0187824 -0.485201 -0.626455 0.78948 -0.730585 1.55259 0.309667 -0.174445 1.53051
114 -1.00653 -0.0850897 -0.203515 0.629023 0.856728 0.234807 -0.456676 -0.517185 -0.0262275 -0.231419 0.71751 -1.24623 1.04927 0.229087 -0.438744 2.06453
116 -0.975905 -0.143213 -0.300331 0.682373 0.942323 0.0108292 -0.430904 -0.637346 -0.16448 -0.145265 0.467062 -1.20839 1.09984 0.362486 -0.351135 1.98942
115 -0.893945 -0.12525 -0.283405 0.577024 0.873677 0.148851 -0.399867 -0.477678 -0.107579 -0.207256 0.578172 -1.1052 0.925044 0.216045 -0.378546 1.84068
290 0.832277 0.00236818 0.0652796 -1.00319 0.0298502 -0.26554 0.531058 -0.125369 -0.494365 -0.532167 0.89275 -0.78804 1.38159 0.230053 -0.0881982 0.845025
288 0.681788 -0.0696711 0.541603 -0.796979 -0.162916 0.0400575 0.909524 -0.231508 -0.387088 -0.52002 0.894631 -0.655382 1.65833 0.148587 -0.0672852 0.523558
287 0.510926 -0.124213 0.977812 -0.46852 -0.318942 0.318074 1.08411 -0.333296 -0.278088 -0.391161 0.888074 -0.71017 2.01195 0.227097 -0.00126824 0.304311
289 0.610443 -0.029339 0.281938 -0.643602 -0.0140542 -0.0415245 0.56118 -0.159269 -0.375345 -0.381884 0.731027 -0.775197 1.39832 0.251074 0.0054672 0.697921
291 0.928194 0.0434767 -0.297579 -1.18781 0.0723338 -0.394249 0.35633 -0.0127672 -0.541458 -0.608048 0.847721 -0.721797 1.38444 0.248196 -0.0930018 1.22492
262 -0.675293 0.139438 -0.108962 -0.923454 -0.361629 0.374546 0.821138 0.624096 -0.170222 -0.866613 -0.210351 -1.79632 1.33266 0.706799 0.0292437 1.10777
263 -0.605672 0.119789 -0.0826806 -0.87639 -0.341516 0.37856 0.761175 0.521372 -0.193856 -0.758403 -0.169733 -1.86607 1.31913 0.653627 0.030771 1.11587
214 0.563257 0.0442301 -0.175988 0.0144035 -0.256997 -0.511434 0.186372 -1.1598 -1.14395 -0.113418 0.355796 -0.833208 1.2201 1.04082 -0.222067 0.828205
213 0.46934 -0.0657056 -0.199004 0.0452738 -0.372882 -0.562969 0.238301 -1.28898 -1.15302 0.0683922 0.313991 -0.908574 1.2443 1.17097 -0.326353 0.725003
215 0.650348 0.202838 -0.205561 0.0820697 -0.344597 -0.587005 0.253778 -1.30934 -1.25238 -0.196608 0.374538 -0.921024 1.26718 1.15962 -0.163767 0.948861
216 0.752575 0.390023 -0.196281 0.0461203 -0.367205 -0.565955 0.289173 -1.39215 -1.33829 -0.384431 0.456437 -0.887641 1.24372 1.22704 -0.133456 1.07707
218 0.772531 0.37205 -0.168014 0.0370303 -0.381335 -0.55083 0.294017 -1.39933 -1.37268 -0.400895 0.433166 -0.948976 1.21473 1.24261 -0.112163 1.13604
219 0.636423 0.461903 0.0825583 0.007887 -0.255933 -0.544781 0.318705 -1.24485 -1.36544 -0.505236 0.549911 -1.08057 1.2583 1.32061 -0.0571569 1.39014
221 0.627114 0.345845 0.225429 0.0343051 -0.232091 -0.418157 0.363425 -1.12151 -1.21582 -0.47266 0.434535 -0.901177 1.0207 1.10196 -0.0537844 1.2747
220 0.615099 0.453542 0.0126218 0.0456078 -0.24458 -0.413561 0.335901 -1.14215 -1.23645 -0.538943 0.444731 -0.894775 0.922465 1.13239 -0.06143 1.1897
136 0.345219 -0.599579 -0.269181 0.768903 -0.585202 0.273212 -0.127274 -0.0217186 0.732452 -0.289113 -0.55974 -1.28579 1.43845 0.462547 0.392337 1.20231
139 0.437609 -0.904475 0.144487 0.800958 -0.558796 0.312949 -0.430208 0.430995 0.344455 -0.581278 -0.400794 -1.33781 1.47178 0.420947 0.182782 1.02297
184 0.159888 -0.251072 -0.383199 0.379605 0.719984 0.423096 -0.0738492 0.24357 -0.893344 -0.563636 0.579605 -1.33122 1.67676 -0.250599 -0.403826 0.21515
244 0.102918 -0.91858 -0.263725 -0.430967 -0.0926481 0.542504 -0.304967 -0.0212749 -0.941186 0.524987 1.3406 -0.852744 0.736924 0.829508 0.156648 1.05262
243 0.122675 -1.03353 -0.374886 -0.483336 -0.125988 0.77177 -0.349804 -0.0354038 -1.05244 0.561374 1.66854 -1.03191 0.869296 0.994015 0.159533 1.29136
245 0.248393 -0.981086 -0.263225 -0.456161 -0.058324 0.736645 -0.258433 -0.0197336 -1.13794 0.572776 1.44743 -0.909857 0.822866 0.975442 0.2978 1.22702
242 -0.0198671 -1.04746 -0.382837 -0.469867 -0.140705 0.685339 -0.361025 -0.0138998 -0.958725 0.668853 1.80181 -1.10945 0.832429 0.952685 0.00178166 1.20189
241 -0.0894716 -0.883305 -0.27725 -0.374486 -0.115036 0.44903 -0.386259 -0.0839857 -0.708189 0.515042 1.54862 -0.984324 0.570347 0.719592 -0.0639516 0.888096
240 -0.116752 -0.933018 -0.33644 -0.452352 -0.21685 0.376303 -0.535192 -0.0197293 -0.818792 0.576391 1.75942 -1.11078 0.798957 0.830842 -0.06296 1.0875
253 -0.26347 0.916181 -0.100146 -0.439333 -0.343622 0.465875 -0.211767 0.819155 -0.5412 0.357604 0.54242 -0.710144 1.64557 0.60868 0.830362 0.939952
124 -0.419763 0.353978 0.335061 0.133618 0.314916 -0.404953 -0.535576 -0.173418 -0.470592 0.41149 -0.192514 -0.579366 1.69515 1.11968 1.23466 0.738139
200 0.761184 0.00640399 0.549374 0.554507 0.144693 -0.444137 -0.351259 0.0976514 0.136228 0.734981 0.987397 -1.03999 0.845248 1.50378 0.39169 0.551373
94 0.488596 -1.0154 0.0504345 -0.00709193 0.730279 -0.219334 -0.534611 -0.554848 0.201475 -0.694529 0.937576 -1.28546 0.964394 0.749782 -0.691763 0.659946
95 0.7381 -1.20158 0.0906625 -0.0889608 0.885838 -0.26717 -0.559498 -0.724614 0.244804 -0.826395 1.08226 -1.53779 1.09992 0.866286 -0.86453 0.671503
96 0.756672 -1.08703 0.0760505 -0.0433125 0.897766 -0.179146 -0.477703 -0.695542 0.238866 -0.83762 1.08656 -1.55124 0.984524 0.892542 -0.878927 0.709891
98 0.865879 -1.05636 0.10252 -0.0571209 0.907382 -0.0542219 -0.36413 -0.724642 0.165226 -0.799726 1.07525 -1.53094 0.941903 0.742895 -0.882627 0.715389
97 0.761149 -1.07528 0.0673568 0.00938576 0.855724 -0.180366 -0.374266 -0.622821 0.164926 -0.737671 1.01607 -1.45531 0.941505 0.837674 -0.83898 0.6409
175 -0.311132 -0.921615 -0.0902857 -0.46175 -0.120217 -0.174812 -0.0294983 -0.318406 -0.2518 -0.406165 -0.172039 -0.40574 1.82159 0.685903 -0.518487 0.236635
172 -0.463703 -1.35967 -0.0967713 -0.712839 -0.117614 -0.464314 0.400414 -0.785437 0.0231787 -0.453008 -0.252265 -0.47197 2.16912 1.06908 -0.0887307 0.668764
171 -0.523432 -1.47189 -0.190412 -0.741266 -0.155475 -0.596053 0.398652 -0.851168 0.0524765 -0.432302 -0.223871 -0.629438 2.32054 1.17705 -0.178146 0.765226
217 0.661505 0.31118 -0.233145 0.0375828 -0.339681 -0.514124 0.264912 -1.21562 -1.17501 -0.333562 0.35714 -0.787691 1.06205 1.12591 -0.106164 0.909537
157 0.0676339 -0.541855 0.0825058 0.260574 0.40937 -1.2203 0.412657 0.48882 -0.883704 -0.396007 0.0983187 -1.26828 1.15333 0.215213 0.418597 0.834295
158 0.0417966 -0.587359 0.0786577 0.140869 0.443533 -1.19245 0.428822 0.576805 -0.905674 -0.317696 0.0432186 -1.52434 1.13155 0.38206 0.483052 0.875154
14 1.0616 0.236316 0.451549 0.157321 0.383642 0.631483 -0.678338 -0.748523 0.125386 1.39551 0.411837 -0.826423 1.72873 0.574031 -0.511961 0.688132
12 0.971025 0.161458 0.397345 0.0431313 0.437586 0.453657 -0.769482 -0.594935 -0.00900577 1.16195 0.316902 -0.744577 1.60963 0.415642 -0.301932 0.64713
13 0.817733 0.186061 0.309978 0.031129 0.337352 0.470654 -0.520346 -0.582716 0.0389736 1.06204 0.291599 -0.672359 1.345 0.436305 -0.327217 0.559761
62 -0.390302 -0.0122514 -0.109274 0.555177 0.382144 -0.132555 -0.00343767 -0.944651 -0.81495 0.30451 1.36403 -1.8538 1.5501 0.381157 0.23508 0.0868362
61 -0.415558 0.00123102 -0.198659 0.57891 0.323955 -0.0809027 -0.041106 -0.974909 -0.748511 0.312017 1.36631 -1.78229 1.35938 0.384464 0.206009 -0.00957713
227 0.37853 -0.565316 1.59686 -0.129292 0.221763 -0.732396 0.0565094 -0.504788 -0.809688 -0.116348 -0.103859 -1.18918 1.02684 0.206668 -0.00390112 1.7485
239 -0.205301 -0.674149 -0.107121 -0.233262 -0.137085 -0.189457 -0.637074 0.0621301 -0.762876 0.54982 1.60087 -1.1862 0.661322 0.676905 -0.187714 1.0341
42 -0.260635 0.155805 0.652039 -0.462651 0.513008 0.165688 -0.0275119 0.0906881 1.10138 -0.487576 0.311582 -1.07925 1.09172 0.955049 -0.167422 0.962521
44 -0.0796325 -0.0577017 0.546904 -0.718619 0.812892 0.432413 -0.143571 -0.213876 0.830091 -0.405197 0.0438209 -1.15886 1.02553 1.28561 -0.363336 1.29488
43 -0.139081 -0.0349682 0.51917 -0.525998 0.661817 0.341128 -0.0723014 -0.137277 0.811101 -0.347708 0.0651215 -1.07703 0.857262 0.926238 -0.229527 1.03657
67 0.223619 -0.401935 0.175993 0.0366523 1.13521 -0.406337 0.768692 0.183541 -0.211117 0.350219 1.39835 -1.33218 1.5489 0.556396 0.667787 -0.0822832
113 -1.03926 -0.17234 0.00503136 0.524151 0.588854 0.364462 -0.487069 -0.273897 0.10368 -0.37037 0.968183 -1.21433 0.977189 0.089597 -0.577235 1.96537
112 -0.84137 -0.108518 0.0832286 0.400587 0.468503 0.374983 -0.451285 -0.214726 0.0731528 -0.235154 0.916512 -1.06408 0.789083 0.0715435 -0.53271 1.6351
212 0.172169 -0.256428 0.0198048 -0.0382032 -0.341812 -0.41717 0.378299 -1.0923 -0.851771 0.495285 0.361863 -1.07176 1.1931 1.17596 -0.353663 0.452786
201 0.50597 -0.377064 0.363886 0.244393 0.120346 -0.424533 -0.0652733 0.161002 0.155757 1.04894 0.970521 -1.37232 0.962897 1.8514 0.325908 0.495776
202 0.47526 -0.343723 0.265927 0.155399 0.10041 -0.353717 -0.0226089 0.2493 0.226615 1.03035 0.915118 -1.30201 0.869784 1.79779 0.320429 0.48521
251 0.114425 0.341315 0.0803263 -0.400712 -0.240635 0.471108 -0.0793818 0.706968 -1.14081 0.558988 0.884033 -0.691824 1.34187 0.829322 0.889568 1.22588
249 0.295269 -0.0415244 0.0410795 -0.340615 -0.0762462 0.513197 0.00852625 0.520037 -1.35962 0.564882 0.910603 -0.752303 1.13115 0.943178 0.854571 1.30714
248 0.487571 -0.533194 0.0814124 -0.372078 -0.012592 0.480515 0.00388699 0.263981 -1.59016 0.683903 1.01187 -0.774588 0.925337 0.965657 0.822978 1.38857
246 0.461122 -0.78142 -0.0369178 -0.426904 0.0383358 0.589341 -0.037474 0.147455 -1.55708 0.738941 1.218 -0.863195 0.767298 1.06251 0.616309 1.3458
247 0.357034 -0.512918 -0.00583817 -0.286334 0.00473447 0.40829 0.00768729 0.189305 -1.34948 0.603812 0.912599 -0.752826 0.701038 0.864119 0.579793 1.15016
189 0.705253 1.01496 0.277222 0.330456 0.550523 -0.328838 -0.296085 -0.463425 0.00160797 0.0271312 1.05606 -1.79376 1.36733 -0.428445 -0.204388 0.94912
190 0.695742 0.966495 0.251157 0.201233 0.468905 -0.268061 -0.302741 -0.409645 -0.050897 0.10957 0.962877 -1.57044 1.20998 -0.457119 -0.0833183 0.778643
191 0.842752 1.09504 0.317631 0.392983 0.531276 -0.334152 -0.326269 -0.486362 -0.0173697 0.0560114 1.15497 -1.8826 1.39152 -0.337105 -0.132559 0.952365
120 -0.578847 0.153154 0.114434 0.274232 0.768177 -0.35805 -0.596222 -0.553213 -0.692016 0.0255756 -0.257286 -0.757287 1.46896 0.713492 0.638743 1.29378
252 -0.0950932 0.759516 -0.0447001 -0.51386 -0.33404 0.528969 -0.182277 0.877228 -0.786734 0.461735 0.720194 -0.823797 1.6217 0.675357 0.911171 1.11747
8 1.0935 -0.466473 0.184881 -0.487079 0.856679 0.12473 -1.21223 -0.826139 -0.532134 0.614441 0.640653 -0.721348 2.31023 -0.109345 0.4373 0.462606
117 -0.841739 -0.0203764 -0.298911 0.553387 0.983607 -0.0768082 -0.436846 -0.626558 -0.302433 -0.110857 0.213775 -1.09601 1.17846 0.465356 -0.103497 1.8665
264 -0.126775 0.241112 -0.0391103 -0.8085 -0.287585 0.466804 0.485784 0.231824 -0.372831 -0.371552 -0.114343 -1.76114 1.01393 0.308936 0.114218 0.672597
250 0.177154 0.104011 0.076551 -0.347868 -0.086441 0.370277 -0.0320425 0.534846 -1.14626 0.522016 0.825404 -0.679868 1.18321 0.79894 0.79667 1.16926
28 0.219964 0.696866 -0.378433 0.756073 -0.209716 0.733613 0.159426 0.329426 -0.0573709 -0.507388 0.854479 -0.359035 1.53713 1.21486 -0.339278 1.21318
236 -0.291103 -0.481611 0.466981 -0.0892437 -0.0493557 -1.08333 -0.971534 0.188673 -0.830121 0.522758 1.44436 -1.52034 0.907672 0.720076 -0.299701 1.34936
180 -0.0774662 -0.300294 -0.211301 -0.127146 0.136829 0.441016 -0.697898 0.22328 -1.02789 -0.693974 0.351833 -1.17013 2.28033 0.269766 -1.40483 0.275495
283 0.397534 -0.106235 0.946747 -0.111196 -0.444851 0.635774 1.1484 -0.434286 -0.189181 -0.426731 0.507187 -0.854957 1.88161 0.213334 0.246689 0.409965
284 0.332918 -0.193818 1.18078 -0.213857 -0.582135 0.674426 1.42659 -0.458394 -0.227186 -0.421468 0.677724 -0.88455 2.26378 0.203757 0.252083 0.374831
285 0.447853 -0.205712 1.12619 -0.355909 -0.393475 0.471159 1.25623 -0.352161 -0.206484 -0.417321 0.856066 -0.627253 2.19183 0.261109 0.0815814 0.30126
266 0.363775 0.268783 0.0135213 -0.741547 -0.171115 0.529501 0.161887 -0.119988 -0.585294 0.10328 -0.0100261 -1.92562 1.04202 0.111288 0.140069 0.435631
265 0.151466 0.135939 0.042954 -0.530998 -0.10891 0.315813 0.221498 -0.0211354 -0.354833 -0.0785325 0.0870497 -1.50702 1.08546 0.276394 0.0888158 0.595926
9 1.05323 -0.161854 0.25727 -0.246964 0.776611 0.267112 -1.05922 -0.786316 -0.324878 0.759927 0.488337 -0.682699 1.99163 0.0819093 0.254859 0.525497
238 -0.248818 -0.556426 -0.0125315 -0.216069 -0.159122 -0.364852 -0.65094 0.0965121 -0.677471 0.467329 1.39495 -1.17472 0.670545 0.671415 -0.200529 1.03409
237 -0.257375 -0.600252 0.12331 -0.203422 -0.124875 -0.642728 -0.844755 0.176982 -0.765902 0.574445 1.57793 -1.34852 0.757993 0.748445 -0.248265 1.19939
23 -0.234664 0.926796 -0.294643 0.401065 0.241026 0.680475 -0.00887134 -0.199062 0.161419 0.227822 0.669388 -0.126954 1.6384 1.159 -0.552035 1.29614
22 -0.264142 0.824816 -0.321488 0.318524 0.270584 0.597972 0.0366799 -0.403994 0.331066 0.33864 0.634429 -0.208978 1.64088 1.08643 -0.414902 1.13932
11 1.01856 0.0485935 0.323232 -0.145209 0.663384 0.397824 -0.974061 -0.770045 -0.14764 1.04336 0.382696 -0.675268 1.81919 0.312855 -0.0995196 0.555581
10 0.89814 -0.0199949 0.29082 -0.222103 0.650927 0.257742 -0.911355 -0.608235 -0.273467 0.75919 0.342752 -0.67831 1.56608 0.188389 0.0358424 0.463252
292 0.928311 0.0429907 -0.371291 -1.23065 0.110323 -0.4947 0.238494 0.0333131 -0.553211 -0.604637 0.858216 -0.696353 1.35493 0.301493 -0.141399 1.2379
118 -0.647444 -0.0332917 -0.207425 0.474529 0.88895 -0.136628 -0.444538 -0.63426 -0.36479 -0.0792559 0.0647182 -0.994234 1.19068 0.463722 -0.0257272 1.60329
207 -0.352388 -0.669703 0.394304 -0.302382 -0.316176 -0.262258 0.384092 -0.621938 -0.0644949 1.25868 0.355448 -1.46709 1.49975 1.35551 -0.216085 0.0417058
209 -0.328278 -0.584786 0.348588 -0.227966 -0.290653 -0.313236 0.451201 -0.686618 -0.204348 1.14554 0.295604 -1.45252 1.48444 1.33787 -0.250504 0.0824725
206 -0.174932 -0.647832 0.361913 -0.260516 -0.14519 -0.302249 0.283975 -0.257211 0.0464727 1.29199 0.554221 -1.53317 1.3266 1.53159 -0.103431 0.0742569
204 0.0810253 -0.575256 0.356353 -0.194988 -0.0901656 -0.327302 0.151432 -0.0759868 0.158991 1.24468 0.718779 -1.40765 1.01965 1.60199 0.0407742 0.143276
205 -0.137564 -0.529154 0.323349 -0.210853 -0.151474 -0.241424 0.212526 -0.211984 0.057289 1.18739 0.573754 -1.38438 1.08421 1.40323 -0.0511685 0.0700083
211 0.0790504 -0.238876 -0.0135356 -0.0468531 -0.331221 -0.323414 0.282648 -0.937589 -0.638632 0.433457 0.316004 -0.959603 1.14974 0.990698 -0.376224 0.493484
210 -0.091051 -0.39512 0.117648 -0.147356 -0.408799 -0.42064 0.437309 -0.94728 -0.605469 0.821341 0.23843 -1.14556 1.30897 1.23586 -0.394546 0.281066
82 -0.282756 -0.526804 0.304974 -0.156167 0.318848 0.363656 0.0600745 -0.485214 -0.144542 0.393723 0.559488 -1.00738 1.29502 -0.392677 0.357964 1.19204
100 0.874366 -0.85113 0.118655 0.0962014 0.878696 0.475407 -0.127696 -0.681938 0.259467 -0.923493 0.953333 -1.58027 0.981944 0.238434 -0.595906 0.865033
99 0.950998 -0.977643 0.0836134 0.0666325 0.880727 0.263381 -0.233014 -0.716504 0.180981 -0.907378 1.04084 -1.62212 1.03719 0.37775 -0.68801 0.858971
170 -0.424673 -1.34773 -0.272874 -0.726698 -0.0880059 -0.700298 0.443157 -0.851094 0.039395 -0.184713 -0.0523737 -0.758576 1.80064 1.12959 -0.178652 0.870506
169 -0.36685 -1.10259 -0.302246 -0.612496 -0.0775142 -0.641041 0.370187 -0.816796 0.00718978 -0.064034 0.0331623 -0.715636 1.44446 0.996084 -0.188064 0.767933
168 -0.395015 -1.25528 -0.31174 -0.67973 -0.0962385 -0.730234 0.462943 -0.772831 0.0321832 -0.0880528 -0.0238323 -0.871301 1.60354 1.07572 -0.248257 0.850759
203 0.487442 -0.373019 0.386425 0.15732 0.0565571 -0.457905 -0.0233247 0.241015 0.212118 1.14379 0.950223 -1.36925 0.964385 1.9324 0.266798 0.444396
178 -0.102654 -0.43801 -0.0621296 -0.2899 -0.0012851 0.352848 -0.702708 0.111554 -0.831985 -0.687901 0.240001 -0.996705 2.29218 0.508333 -1.40422 0.341896
208 -0.339254 -0.518476 0.347436 -0.214878 -0.174728 -0.146516 0.342568 -0.52658 -0.0518028 1.04183 0.304246 -1.35853 1.28014 1.16067 -0.223565 0.0551298
119 -0.7124 0.0779198 -0.127444 0.388112 0.95213 -0.228861 -0.535071 -0.683327 -0.519727 -0.101301 -0.131306 -0.916349 1.29363 0.520265 0.178949 1.62069
286 0.405209 -0.105172 0.884451 -0.373678 -0.290307 0.308465 1.05942 -0.269152 -0.211629 -0.346266 0.733435 -0.618465 1.82564 0.23992 0.0277936 0.297087
