300 32
132 0.334924 -0.210647 -0.216643 0.201411 -0.31135 -0.244288 0.389335 -0.791981 -0.187942 -0.0555415 0.472558 -0.221955 0.312606 -0.813021 0.0264104 0.890114 0.276779 -0.390754 -0.620746 0.660384 0.612174 0.21226 0.193806 -1.0027 -0.805704 0.264928 -0.612071 0.5331 -0.347319 -0.794159 0.929563 -0.725349
134 0.331832 -0.252418 -0.31755 0.235097 -0.362702 -0.288821 0.28254 -0.6515 -0.190453 -0.0434031 0.541376 -0.223218 0.342084 -0.964701 -0.079319 0.999868 0.245266 -0.463262 -0.747687 0.525841 0.675549 0.229357 0.129714 -1.03003 -0.824103 0.377114 -0.657111 0.571165 -0.31928 -0.890512 0.924197 -0.819934
133 0.322752 -0.180484 -0.318101 0.259818 -0.292336 -0.223496 0.336695 -0.66717 -0.169844 -0.071385 0.477357 -0.256627 0.31943 -0.799698 0.0388252 0.86655 0.237702 -0.423405 -0.682201 0.644752 0.616102 0.187777 0.174804 -0.972378 -0.786651 0.223299 -0.645633 0.587727 -0.34305 -0.802379 0.870237 -0.738753
135 0.251396 -0.298229 -0.421717 0.303641 -0.486426 -0.293506 0.190091 -0.538202 -0.382625 -0.100551 0.497977 -0.33828 0.463415 -0.937931 -0.12426 0.995149 0.215407 -0.426402 -0.752386 0.546999 0.676699 0.276757 0.0773407 -1.02176 -0.701548 0.373138 -0.524493 0.509419 -0.278062 -0.754349 0.838154 -0.815811
137 0.0947941 -0.382157 -0.444943 0.225319 -0.530411 -0.355891 0.102553 -0.363067 -0.590423 -0.115794 0.496342 -0.371248 0.513084 -0.927709 -0.329976 0.970103 0.203809 -0.354238 -0.737766 0.469316 0.659499 0.408117 -0.0765117 -0.971952 -0.597684 0.512966 -0.372226 0.340171 -0.190837 -0.682293 0.688785 -0.786017
71 0.295127 0.0725776 0.422634 0.102775 0.140211 -0.390453 -0.315855 -0.376481 0.607001 -0.10363 1.16583 0.904879 -1.13089 -1.28204 -0.460031 0.699687 -0.642077 0.0901301 -0.0619206 -0.1545 0.0235573 0.622394 -0.346391 -1.01435 -0.14905 0.0675122 -1.01302 0.352347 0.104048 -0.216598 0.359263 -0.67745
70 0.263578 0.168237 0.353398 0.113112 0.148194 -0.331136 -0.345382 -0.307821 0.545313 -0.126464 1.15906 0.888562 -1.12614 -1.25912 -0.459625 0.653162 -0.627505 0.110931 -0.0613738 -0.200348 0.00319893 0.593738 -0.332846 -0.951383 -0.0851762 0.121239 -0.986276 0.346813 0.11039 -0.210069 0.381005 -0.648903
72 0.311878 -0.111296 0.425299 0.0930527 0.202467 -0.475477 -0.203177 -0.416525 0.61725 -0.0134955 0.965703 0.964244 -1.01574 -1.17407 -0.380828 0.7454 -0.669499 0.145869 -0.0465879 -0.0324644 0.0997293 0.476967 -0.261715 -0.872188 -0.215992 0.0320518 -0.86773 0.265092 -0.0469155 -0.272291 0.224426 -0.638323
73 0.284483 -0.191329 0.42168 0.0623368 0.197521 -0.466804 -0.0963202 -0.411229 0.58671 -0.00701081 0.80509 0.871378 -0.904056 -1.00013 -0.263985 0.68683 -0.619526 0.162542 -0.0183763 0.000262201 0.11537 0.421459 -0.210591 -0.74223 -0.233501 0.0159181 -0.733282 0.175599 -0.0476933 -0.250585 0.165902 -0.58111
168 0.213211 0.224384 -0.338916 -0.131433 -0.109271 0.0967487 0.0701605 -0.283481 -0.311417 -0.258883 0.300176 -0.206962 0.255209 -1.31544 -1.13834 0.332948 0.420851 -0.00197981 0.108255 -0.055551 0.701249 -0.16718 -0.289782 -0.165617 -0.712023 -0.181245 -0.864374 0.0358187 0.435906 -1.24057 0.38211 -1.02986
169 0.330946 0.166352 -0.322425 -0.223017 -0.0685827 -0.0100249 0.0901828 -0.390669 -0.187343 -0.22756 0.315063 -0.202451 0.297091 -1.22364 -0.990276 0.318048 0.351498 0.0551194 -0.0101677 -0.102763 0.599536 -0.237265 -0.360453 -0.132483 -0.703911 -0.200623 -0.793696 -0.0437389 0.375508 -1.17602 0.340448 -0.941172
170 0.447582 0.115718 -0.322905 -0.303504 -0.0147385 -0.0870898 0.149624 -0.495484 -0.138615 -0.240537 0.387261 -0.184322 0.330866 -1.27122 -1.00507 0.321822 0.420781 0.0433314 -0.088123 -0.127978 0.615768 -0.359672 -0.414751 -0.126602 -0.718111 -0.2432 -0.875068 -0.131028 0.346477 -1.24821 0.39996 -0.955022
7 0.287339 0.162302 0.3445 -0.0825388 0.306989 -0.477516 -0.0726558 0.531311 -0.17104 0.570663 0.289293 0.592664 0.0877804 -0.813032 -0.639674 0.859231 0.0140188 -0.214764 -0.565929 -0.312096 -0.31912 -0.121409 -0.277756 -0.422671 -0.119662 0.810098 0.372053 0.513131 -0.264336 -1.13487 0.243048 -0.950993
6 0.335318 0.128347 0.479113 -0.166668 0.455679 -0.750111 -0.146613 0.472881 -0.148778 0.774658 0.37549 0.741864 0.144495 -0.898542 -0.67876 0.944441 0.0377648 -0.207057 -0.639944 -0.366404 -0.347655 -0.052451 -0.283938 -0.593848 -0.135787 0.964241 0.470522 0.609543 -0.405282 -1.19762 0.257364 -1.0089
5 0.34546 -0.0266 0.668364 -0.242738 0.546447 -1.04365 -0.198348 0.219787 -0.114033 0.848717 0.485039 0.807447 0.200671 -0.865776 -0.675325 0.925111 0.0680434 -0.170132 -0.656061 -0.37682 -0.329239 0.0879875 -0.229442 -0.650129 -0.180114 0.936269 0.4809 0.617865 -0.466822 -1.05917 0.164847 -0.877832
3 0.34617 -0.084604 0.746419 -0.232832 0.565851 -1.21831 -0.272331 0.0325868 -0.0686273 0.828937 0.559758 0.816467 0.351971 -0.821986 -0.600404 0.971144 0.00790068 -0.206844 -0.580189 -0.383913 -0.338367 0.197441 -0.14268 -0.654346 -0.169394 0.92283 0.449103 0.596402 -0.534964 -0.978151 0.203691 -0.738574
4 0.337869 -0.0520761 0.667152 -0.2565 0.545217 -1.06486 -0.236569 0.113628 -0.0702564 0.815558 0.443286 0.697162 0.205321 -0.738844 -0.579201 0.803118 0.0504838 -0.166979 -0.597482 -0.385931 -0.327386 0.166456 -0.195747 -0.568491 -0.143611 0.84872 0.474962 0.574353 -0.45929 -0.875962 0.131517 -0.715603
8 0.269483 0.1761 0.370606 -0.0955195 0.299297 -0.479661 -0.0337025 0.61552 -0.200211 0.648324 0.313792 0.70983 0.103914 -0.927277 -0.745519 0.983135 0.0593511 -0.232389 -0.620886 -0.376853 -0.321323 -0.184287 -0.258946 -0.477109 -0.153671 0.919001 0.392372 0.55829 -0.309517 -1.28155 0.29098 -1.07123
136 0.147891 -0.266815 -0.322751 0.242361 -0.411885 -0.238415 0.123426 -0.325821 -0.42538 -0.123316 0.428622 -0.249512 0.391143 -0.815116 -0.201253 0.837581 0.17267 -0.333623 -0.609393 0.402387 0.56672 0.244245 0.0229808 -0.842471 -0.564143 0.366454 -0.40128 0.366124 -0.156717 -0.620406 0.647346 -0.69012
197 0.418603 -0.523914 -0.449831 -0.0150452 0.38325 -0.794076 -0.08941 -0.34991 0.531154 0.244877 0.325031 0.369708 0.0248394 -0.391967 -1.2764 0.703513 0.433603 -0.665266 -0.602452 -0.852187 0.855859 -0.38983 -0.269848 -0.533905 -0.0996955 0.767949 -0.426811 0.212684 0.165564 -0.14319 0.859258 0.374378
198 0.385713 -0.633886 -0.384303 0.0276073 0.395708 -0.600046 -0.0531762 -0.371666 0.439624 0.361788 0.477317 0.631771 -0.137693 -0.335678 -1.32179 0.740664 0.487674 -0.735709 -0.937434 -0.824052 0.784483 -0.399046 -0.386181 -0.518333 0.0555948 0.776027 -0.377676 0.198167 0.236193 -0.122622 0.733041 0.296937
199 0.316508 -0.569811 -0.344416 0.0502245 0.346959 -0.502998 -0.0685133 -0.32601 0.365453 0.329768 0.471241 0.641342 -0.142911 -0.248883 -1.16849 0.650811 0.417006 -0.628337 -0.96062 -0.717296 0.687775 -0.345221 -0.376347 -0.502307 0.107646 0.678028 -0.364481 0.142861 0.287189 -0.0518207 0.591998 0.286181
200 0.328419 -0.635129 -0.316422 0.0600206 0.392795 -0.509053 -0.0694053 -0.330084 0.382511 0.423277 0.585242 0.789369 -0.199973 -0.290129 -1.28035 0.76543 0.475878 -0.68241 -1.11829 -0.752767 0.655469 -0.349665 -0.390215 -0.543943 0.149256 0.758605 -0.4157 0.135748 0.2947 -0.0616719 0.54629 0.26521
201 0.317717 -0.765847 -0.171616 -0.025108 0.361674 -0.429499 0.0473321 -0.368544 0.212253 0.603825 0.730053 0.891098 -0.324079 -0.252069 -1.11417 0.785154 0.33365 -0.641441 -1.29191 -0.625098 0.476475 -0.261155 -0.392699 -0.488233 0.166168 0.697683 -0.354654 0.0496526 0.291489 -0.06178 0.320622 0.112942
28 0.0817099 -0.549844 0.374014 -0.278853 -0.657437 -0.089442 0.444723 0.0938 0.135139 0.244631 0.294272 0.231323 -0.0608852 -1.12941 -0.586404 0.62638 0.576738 -0.36198 -0.345144 -0.624371 0.816081 -0.1142 0.32333 -0.956253 0.30821 0.076825 -0.74902 -0.248777 -0.695283 -0.502562 0.0233751 -0.0476101
29 0.125907 -0.643275 0.42791 -0.290808 -0.737261 -0.0750759 0.479963 0.0738178 0.105051 0.240615 0.229887 0.236564 -0.0849258 -1.18133 -0.649769 0.686068 0.602345 -0.384564 -0.374523 -0.657414 0.86471 -0.123321 0.335742 -0.961393 0.357 0.0528292 -0.798564 -0.309759 -0.752716 -0.512906 -0.00115655 -0.0217692
27 0.109436 -0.599063 0.418831 -0.317929 -0.804651 -0.153075 0.506169 0.0902006 0.190921 0.290899 0.310385 0.274528 -0.0356799 -1.25893 -0.581941 0.745383 0.6004 -0.439239 -0.441335 -0.735453 0.933315 -0.130805 0.412344 -1.09219 0.327033 0.0448585 -0.830215 -0.265186 -0.757203 -0.563418 0.0590668 0.0373422
26 -0.0300476 -0.473462 0.343302 -0.364471 -0.944528 -0.192849 0.550192 0.0680044 0.245077 0.244808 0.337151 0.317131 0.121249 -1.27809 -0.367974 0.582001 0.513937 -0.440087 -0.48933 -0.699591 1.0004 -0.256472 0.549681 -1.14935 0.15034 0.0198058 -0.756324 -0.148617 -0.585081 -0.484017 0.0460959 0.138032
25 -0.0353435 -0.393732 0.313347 -0.288711 -0.783501 -0.183469 0.467226 0.0146061 0.21799 0.192925 0.303278 0.312362 0.148116 -1.10477 -0.302486 0.456647 0.432724 -0.400148 -0.498553 -0.609922 0.88077 -0.280893 0.478365 -0.938704 0.0821691 0.037564 -0.688499 -0.121199 -0.452897 -0.417461 0.0639754 0.154796
24 -0.118969 -0.313185 0.346935 -0.267118 -0.877223 -0.0961319 0.577048 0.0853138 0.134634 0.106281 0.309711 0.389141 0.185185 -1.19234 -0.315407 0.448281 0.445523 -0.473377 -0.676724 -0.637873 0.985912 -0.382422 0.558478 -0.991423 0.0531248 0.0643178 -0.668165 -0.139547 -0.43679 -0.479865 0.0975305 0.183067
34 -0.0598244 -0.66558 0.576929 0.281833 -0.133114 0.292744 0.412858 0.083262 -0.354957 0.213802 -0.198217 0.397435 -0.486342 -0.83443 -1.17795 0.700887 0.775232 -0.175557 -0.507293 -0.34971 0.74462 0.0657959 0.167225 -0.141409 0.156425 0.263242 -0.847072 -0.373032 -0.438481 -0.709377 0.0809611 -0.246532
35 -0.202447 -0.541589 0.608247 0.267626 0.0276353 0.205181 0.454375 0.0762325 -0.318295 0.136442 -0.311643 0.648465 -0.624114 -0.838826 -1.17878 0.812196 1.04258 -0.0260438 -0.713112 -0.358673 0.93515 0.144655 0.326144 -0.072455 -0.0596194 0.286719 -0.911289 -0.382488 -0.47345 -0.828439 0.0963081 -0.362691
36 -0.367328 -0.298445 0.492121 0.156149 0.273519 -0.0735328 0.467317 0.0345796 -0.130723 0.11378 -0.403878 0.829427 -0.64668 -0.720922 -0.840398 0.846293 1.21659 0.257461 -0.800458 -0.307373 1.09202 0.313532 0.526793 -0.050833 -0.399762 0.343426 -0.83734 -0.289844 -0.439557 -0.850534 0.161941 -0.511271
33 -0.109855 -0.688963 0.65387 0.28338 -0.145511 0.329611 0.443337 0.109617 -0.383346 0.199611 -0.200412 0.462364 -0.595457 -0.97876 -1.27301 0.839793 0.898341 -0.185216 -0.602638 -0.421537 0.884508 0.0588258 0.22597 -0.192743 0.113217 0.303207 -0.979069 -0.429491 -0.514816 -0.84587 0.0783166 -0.317197
32 -0.0211225 -0.729103 0.664767 0.171805 -0.398758 0.270308 0.444929 0.0941056 -0.298591 0.189145 -0.0176535 0.421624 -0.441275 -1.11691 -1.24234 0.766633 0.831786 -0.314324 -0.474402 -0.486081 0.839924 -0.0409286 0.238234 -0.43911 0.272489 0.24572 -0.994355 -0.415831 -0.599486 -0.731007 0.0330863 -0.24129
31 0.0133013 -0.66606 0.558413 0.0753731 -0.431253 0.243972 0.368434 0.118258 -0.238921 0.182506 0.0111927 0.322459 -0.36469 -1.0078 -1.04753 0.688358 0.711165 -0.319342 -0.425228 -0.464446 0.750216 -0.062232 0.195536 -0.473364 0.318222 0.13085 -0.900236 -0.372596 -0.594271 -0.638089 -0.0148641 -0.184775
92 -0.557142 -0.109818 0.686582 -0.50864 0.598062 -0.329522 0.278497 0.150683 -0.224146 0.287774 0.601978 -0.200911 0.0156107 -0.621893 -0.151879 0.552486 -0.143589 -0.452496 -0.793812 -0.22766 0.110192 0.391042 -0.0936709 -0.742224 -1.15663 0.184046 -1.07073 0.500018 0.737942 -0.527487 1.24849 -0.133181
90 -0.518142 -0.107725 0.749544 -0.57905 0.653438 -0.425283 0.286929 0.143017 -0.339555 0.292916 0.649704 -0.198646 0.0250973 -0.60573 -0.158664 0.606142 -0.108736 -0.416585 -0.826943 -0.20474 0.098989 0.328566 -0.117562 -0.738554 -1.20464 0.196271 -1.09851 0.535399 0.705999 -0.503103 1.22844 -0.197981
89 -0.486615 -0.173611 0.803407 -0.552644 0.558024 -0.522818 0.289591 0.0732787 -0.43633 0.30335 0.68107 -0.114954 -0.0252509 -0.537386 -0.0926722 0.506044 -0.0906172 -0.361813 -0.708082 -0.159154 0.0569549 0.254636 -0.151702 -0.620391 -1.09914 0.158269 -0.97135 0.557256 0.653789 -0.355986 0.988698 -0.245614
87 -0.413126 -0.328699 1.00911 -0.645845 0.469689 -0.776359 0.395789 -0.115907 -0.576311 0.34013 0.889602 0.0347411 -0.140533 -0.533564 -0.00360493 0.492977 -0.0573122 -0.196064 -0.715038 -0.0759204 0.0620342 0.252143 -0.145555 -0.504041 -1.07157 0.198796 -0.948932 0.609613 0.63312 -0.19673 0.789118 -0.335165
143 -0.304279 -0.503842 -0.306081 0.139646 -0.39121 -0.709585 0.0678957 0.00933311 -0.840794 -0.189232 0.589194 -0.184475 0.303701 -0.732367 -0.749056 0.739212 0.315252 -0.356761 -0.462384 0.0762633 0.842337 0.589208 -0.554723 -0.93257 -0.223735 0.912316 -0.0787391 -0.13762 0.256917 -0.378366 0.396123 -0.720766
142 -0.290341 -0.437764 -0.302825 0.114529 -0.388553 -0.62541 0.0556695 -0.00265356 -0.820952 -0.159914 0.500389 -0.195447 0.272898 -0.668727 -0.673163 0.724545 0.280442 -0.290086 -0.449072 0.11627 0.749655 0.558225 -0.459326 -0.858681 -0.256115 0.809671 -0.0774538 -0.0970828 0.239869 -0.393319 0.365889 -0.683827
144 -0.242295 -0.680338 -0.169432 0.0851793 -0.361769 -0.800826 0.136391 -0.0424314 -0.827778 -0.148285 0.725514 -0.0991503 0.220263 -0.645876 -0.814765 0.661063 0.457203 -0.409359 -0.384174 0.0808708 0.963296 0.64318 -0.717401 -0.887158 -0.175423 0.946272 -0.0297563 -0.299772 0.370864 -0.306116 0.285018 -0.654446
146 -0.0682799 -0.846215 -0.0210447 0.137945 -0.312371 -0.864721 0.161546 -0.161099 -0.650448 -0.21188 0.853536 0.00332745 0.0648204 -0.569136 -0.813835 0.678559 0.575682 -0.417286 -0.265562 0.0601504 0.967006 0.618523 -0.76865 -0.787543 -0.148962 0.884736 -0.0355851 -0.356404 0.358026 -0.228221 0.249761 -0.57582
145 -0.167705 -0.646709 -0.133759 0.0770197 -0.25446 -0.702651 0.105359 -0.0430599 -0.612453 -0.156725 0.652668 -0.0158887 0.112854 -0.523738 -0.716014 0.516194 0.426298 -0.37735 -0.326138 0.0538066 0.840367 0.544261 -0.658756 -0.750619 -0.114047 0.844427 0.0149164 -0.279645 0.315544 -0.231671 0.215467 -0.521568
91 -0.466746 -0.0801774 0.668576 -0.478325 0.605561 -0.326582 0.262047 0.157598 -0.227194 0.251984 0.545717 -0.169653 0.0191411 -0.524493 -0.0810571 0.514715 -0.112295 -0.384323 -0.7153 -0.204221 0.105235 0.32858 -0.0907064 -0.674113 -1.04429 0.141866 -0.999663 0.471747 0.65531 -0.443586 1.13135 -0.12738
93 -0.635286 -0.198111 0.430063 -0.47816 0.681328 -0.222246 0.352164 0.0979684 0.174536 0.353403 0.592465 -0.256781 -0.0349496 -0.618148 -0.200189 0.326418 -0.213198 -0.437916 -0.899521 -0.30583 0.260518 0.596927 -0.19896 -0.798016 -1.05054 0.389098 -1.05518 0.408702 0.677444 -0.623688 1.13709 -0.019194
95 -0.621766 -0.320711 0.283164 -0.458141 0.646378 -0.196506 0.371844 0.0127297 0.374618 0.380907 0.596566 -0.203144 -0.118136 -0.693408 -0.269955 0.226644 -0.237411 -0.460411 -0.879042 -0.380387 0.379347 0.697013 -0.225534 -0.772739 -1.01458 0.501417 -1.02451 0.324114 0.592234 -0.63659 0.967371 -0.00617135
173 0.685366 0.0459556 -0.293696 -0.771788 0.0728116 -0.336118 0.427603 -0.957267 0.150181 -0.112718 0.583482 -0.235495 0.183518 -1.21547 -1.06146 0.343532 0.437594 0.017233 -0.319095 -0.0565545 0.27051 -0.318444 -0.581733 0.0930379 -0.552179 -0.182121 -0.700806 -0.381524 0.243823 -1.36764 0.427915 -0.786497
171 0.629306 0.0967484 -0.352165 -0.519896 0.06712 -0.223192 0.277608 -0.760129 0.0523894 -0.187532 0.510631 -0.208323 0.285207 -1.26949 -0.969051 0.399372 0.405639 0.0777455 -0.238669 -0.114258 0.413187 -0.375733 -0.521845 -0.0825963 -0.680188 -0.213002 -0.842138 -0.238506 0.284064 -1.29566 0.414092 -0.888762
172 0.606021 0.0686534 -0.328909 -0.578833 0.11715 -0.264389 0.294943 -0.782274 0.161738 -0.153971 0.475384 -0.211137 0.238679 -1.02314 -0.856302 0.305219 0.385967 0.0408622 -0.275558 -0.0800121 0.251759 -0.302382 -0.512766 0.0218077 -0.515409 -0.162581 -0.69966 -0.286061 0.206726 -1.1268 0.388552 -0.684088
174 0.727463 0.0183278 -0.221149 -0.949515 0.158963 -0.466424 0.515239 -1.11015 0.302434 -0.00250467 0.617132 -0.119125 0.0469712 -1.21845 -1.09937 0.461967 0.402295 -0.0416185 -0.456355 -0.0271728 0.143343 -0.199212 -0.565866 0.139975 -0.484874 0.018485 -0.550901 -0.374892 0.167787 -1.37995 0.478708 -0.623876
281 0.0376755 -0.217464 0.99483 0.47109 -0.276782 -0.0763368 0.459997 -0.255794 0.0351291 0.803315 0.44302 -0.0518068 -0.388027 -1.15026 0.0262838 1.03494 0.0741598 -0.582272 0.0699658 -1.03088 0.533029 0.39679 0.450162 0.158205 -0.818789 0.38119 -0.602541 0.0831189 0.623806 -0.0212588 0.533781 -0.471422
280 0.0671705 -0.225159 0.968572 0.441658 -0.219412 -0.107982 0.459236 -0.274 0.0520856 0.770683 0.451476 -0.0162972 -0.329869 -1.07963 0.000821771 1.01843 0.0469248 -0.505697 0.0617538 -0.956997 0.504853 0.434463 0.420587 0.141203 -0.770675 0.332456 -0.587142 0.0262694 0.623064 -0.0101423 0.500573 -0.338656
279 -0.0179901 -0.256373 0.919624 0.604972 -0.342799 -0.0720773 0.458407 -0.210453 0.0171446 0.804983 0.398174 -0.0507571 -0.483717 -1.12552 0.0380254 0.992439 0.0907835 -0.731621 0.0308584 -1.06462 0.572332 0.321707 0.388554 0.220977 -0.833543 0.422226 -0.501676 0.150545 0.605025 -0.0455149 0.554388 -0.588217
287 0.344628 -0.055127 0.869515 -0.32249 -0.180224 -0.26042 -0.0853248 -0.181931 0.138632 -0.23021 0.482714 0.275327 -0.0470971 -1.06566 -0.0549493 0.900978 -0.0264234 0.0401357 -0.283413 -0.52531 0.333729 0.262117 0.335198 -0.0309298 -0.433309 0.544659 -0.933015 -0.247675 0.456196 -0.344887 0.39877 0.0458512
285 0.200323 -0.148639 0.978082 -0.175595 -0.28127 -0.105486 0.0294749 -0.0647411 0.115005 0.0732877 0.367487 0.128706 -0.221135 -1.33206 -0.117848 0.997151 -0.00235831 0.0638601 -0.192549 -0.508942 0.392499 0.406614 0.39191 -0.0436679 -0.63983 0.57302 -0.888329 -0.226214 0.575113 -0.250058 0.289152 0.00951185
286 0.201533 -0.10802 0.826291 -0.206547 -0.240768 -0.125272 0.00789992 -0.034506 0.078908 -0.0129359 0.337928 0.182753 -0.205243 -1.18134 -0.118221 0.848718 -0.0464856 0.0921132 -0.224459 -0.432148 0.323307 0.304 0.324731 -0.106264 -0.552062 0.559853 -0.802269 -0.19414 0.483443 -0.290206 0.250623 -0.00677675
284 0.146874 -0.148266 1.04244 -0.0536954 -0.289494 -0.0899441 0.123892 -0.0961454 0.0957706 0.254998 0.40696 0.0540122 -0.277361 -1.37328 -0.0922937 1.03861 -0.0538239 -0.0138568 -0.144896 -0.600582 0.377147 0.45525 0.447849 0.0165178 -0.74552 0.494066 -0.848881 -0.188709 0.642367 -0.156773 0.281349 -0.000409331
282 0.094118 -0.159691 1.01104 0.220961 -0.215048 -0.0996179 0.306606 -0.207465 0.0577985 0.586043 0.414739 -0.00680802 -0.298779 -1.18042 -0.0162349 1.02488 -0.00158523 -0.289604 -0.0186267 -0.819242 0.418437 0.462938 0.476618 0.138908 -0.759597 0.38144 -0.709244 -0.0605245 0.646347 -0.0418325 0.396694 -0.161956
283 0.0848773 -0.193078 0.864878 0.0552484 -0.204686 -0.101712 0.19266 -0.138282 0.0501708 0.395807 0.41069 0.0544184 -0.276681 -1.15563 -0.0940865 0.862372 0.00847465 -0.136403 -0.0903425 -0.577117 0.370193 0.391779 0.376226 0.00416502 -0.649254 0.401142 -0.65014 -0.119933 0.552431 -0.136217 0.286778 -0.0842188
257 -0.414469 -0.240375 0.874595 -0.320884 0.0519957 0.216239 -0.2818 -0.326112 -0.452279 0.246159 1.27313 0.578696 0.154447 -1.16786 -0.692345 0.330394 -0.00256735 -0.554565 -0.44851 -0.239282 -0.13504 -0.251293 -0.0714191 -0.560075 -0.867345 0.211716 -0.475428 -0.377158 0.328755 -0.785818 -0.271875 -0.0902781
258 -0.436477 -0.36228 0.8734 -0.477724 0.00989643 0.217647 -0.20259 -0.430422 -0.256308 0.258155 1.23463 0.663155 0.0602417 -1.2071 -0.751466 0.312465 0.13168 -0.557756 -0.507866 -0.20056 -0.0688259 -0.329616 -0.200801 -0.42221 -0.641171 0.292472 -0.395933 -0.103814 0.187729 -0.63377 -0.32649 -0.179852
259 -0.334438 -0.413643 0.776607 -0.469117 -0.0346049 0.0784229 -0.0774316 -0.402933 -0.0997877 0.299215 1.05843 0.579724 0.000416312 -1.01872 -0.656421 0.268739 0.152421 -0.504221 -0.446879 -0.207342 0.0218165 -0.281009 -0.215062 -0.343116 -0.463401 0.288771 -0.317363 0.0454356 0.152511 -0.53132 -0.257048 -0.235496
256 -0.377209 -0.189476 0.785861 -0.264498 0.0439178 0.261625 -0.308426 -0.293124 -0.498699 0.177791 1.15076 0.548812 0.1649 -1.09102 -0.644443 0.288458 -0.0261699 -0.503579 -0.381253 -0.233958 -0.180636 -0.228731 0.00786579 -0.553317 -0.865158 0.196005 -0.444879 -0.451424 0.325416 -0.811424 -0.239884 -0.0227159
255 -0.444954 -0.204766 0.856584 -0.205556 0.0487945 0.202476 -0.348152 -0.236005 -0.563022 0.2171 1.22179 0.511113 0.211953 -1.13152 -0.742859 0.381989 -0.0468556 -0.55722 -0.3618 -0.245383 -0.197639 -0.154969 0.0806685 -0.666579 -1.02922 0.21091 -0.539841 -0.594048 0.418113 -0.919528 -0.200949 -0.0290774
140 -0.274345 -0.416545 -0.433564 0.137561 -0.532515 -0.573316 0.00250254 -0.0132019 -0.924922 -0.130607 0.49105 -0.277931 0.446419 -0.887797 -0.718201 0.950566 0.226601 -0.300511 -0.600764 0.144852 0.791665 0.56362 -0.333917 -0.982211 -0.389015 0.860911 -0.13484 0.0163743 0.11807 -0.549433 0.483634 -0.811643
138 -0.123675 -0.392196 -0.461303 0.158153 -0.520674 -0.44555 0.0176347 -0.152508 -0.825004 -0.0928423 0.468687 -0.332156 0.520218 -0.8703 -0.524134 0.922311 0.180341 -0.334207 -0.637903 0.244157 0.672563 0.479011 -0.219809 -0.949595 -0.433344 0.704807 -0.184233 0.130306 -0.0099962 -0.56574 0.585006 -0.776359
139 -0.151104 -0.34589 -0.400441 0.111425 -0.459535 -0.412634 -0.0251844 -0.0240763 -0.717198 -0.121162 0.409842 -0.24314 0.411336 -0.829603 -0.530703 0.813215 0.189115 -0.274919 -0.554417 0.138974 0.63809 0.444643 -0.227443 -0.86732 -0.374761 0.666065 -0.151621 0.0373164 0.0538214 -0.489038 0.461003 -0.66846
214 0.0492066 -0.60546 0.234965 -0.213979 0.279145 0.0405705 0.485426 -0.244501 -0.160606 0.766407 0.344954 0.622261 -0.085667 -0.944819 -0.618192 0.373005 0.107841 -0.147875 -0.151406 -0.431796 0.504971 -0.0157978 -0.236358 -0.257525 -0.156975 0.757739 -0.372663 -0.387924 0.0199022 -0.300526 0.697849 -0.140951
215 -0.130944 -0.734334 0.360366 -0.318715 0.293891 0.183685 0.458231 -0.237026 -0.260407 1.08311 0.450288 0.847728 0.121504 -0.930893 -0.654203 0.235148 0.137036 -0.141717 -0.0561273 -0.464966 0.486141 -0.209971 -0.300366 -0.0706424 -0.0325244 0.911079 -0.539604 -0.577674 0.124512 -0.239259 0.91029 -0.232515
216 -0.33879 -0.687099 0.489618 -0.404593 0.12164 0.158679 0.284177 -0.272593 -0.315409 1.13512 0.641515 0.953316 0.380652 -0.847752 -0.64155 0.135482 0.325605 -0.158898 -0.0278335 -0.407159 0.479909 -0.413016 -0.207001 0.00677978 -0.0479878 0.999321 -0.734233 -0.571157 0.394293 -0.343472 1.05319 -0.481194
217 -0.376132 -0.638599 0.531052 -0.346325 0.0820692 0.230087 0.250954 -0.257927 -0.300497 1.13306 0.628909 0.935287 0.437577 -0.835465 -0.612152 0.0788019 0.337735 -0.17417 0.00498183 -0.440485 0.531959 -0.443753 -0.237186 -0.00402138 -0.0385806 1.01252 -0.79618 -0.559273 0.442114 -0.366082 1.03045 -0.457988
218 -0.41102 -0.751055 0.534299 -0.462497 0.114572 0.157127 0.240689 -0.303988 -0.323457 1.28625 0.734641 1.05161 0.488728 -0.88689 -0.652603 0.109971 0.384976 -0.199969 0.0567039 -0.411867 0.515224 -0.558516 -0.203612 0.0179811 -0.0424556 1.12838 -0.90914 -0.59627 0.471351 -0.407803 1.21354 -0.571124
219 -0.426109 -0.816053 0.52909 -0.548378 0.150566 -0.082331 0.225177 -0.371506 -0.358847 1.27046 0.833169 0.981574 0.488457 -0.847842 -0.55813 0.172773 0.316443 -0.184426 0.00389416 -0.205971 0.329063 -0.626931 -0.0458546 0.0751443 -0.0383363 1.02853 -0.850718 -0.622073 0.488696 -0.29647 1.22208 -0.521633
221 -0.416706 -0.825316 0.520616 -0.532212 0.257591 -0.253011 0.22307 -0.348329 -0.327976 1.23081 0.874311 0.967546 0.427074 -0.824877 -0.517647 0.264944 0.296992 -0.220309 -0.00507933 -0.121437 0.262543 -0.630546 0.0880024 0.0499068 -0.0965454 0.970278 -0.775278 -0.569771 0.479126 -0.283075 1.18353 -0.487388
11 0.130456 0.271988 -0.00348493 0.162439 -0.0198083 -0.0113809 0.237951 0.642522 -0.199627 0.218285 0.286155 0.584621 0.180559 -0.951025 -0.776904 0.959991 0.052318 -0.387079 -0.512764 -0.459782 -0.275493 -0.577418 -0.121273 -0.146018 -0.0746609 0.855263 0.0211725 0.336561 -0.116463 -1.41003 0.468551 -1.09346
12 0.0352838 0.388893 -0.0568593 0.2156 -0.0848702 0.134508 0.325933 0.583813 -0.181489 0.108583 0.320894 0.605101 0.133384 -1.02775 -0.818375 0.939532 0.0472923 -0.517344 -0.586761 -0.55379 -0.124815 -0.7032 -0.0411322 -0.0565381 -0.108538 0.877225 -0.104884 0.194838 -0.0153141 -1.491 0.602248 -1.1284
9 0.225317 0.290134 0.0693616 0.0712679 0.101098 -0.157449 0.108259 0.645976 -0.190567 0.355099 0.240815 0.591728 0.134773 -0.913206 -0.741587 1.00654 0.0573122 -0.324552 -0.477663 -0.432661 -0.310809 -0.383395 -0.183189 -0.277896 -0.0775769 0.889891 0.152947 0.407438 -0.207398 -1.34275 0.465719 -1.08035
14 -0.0123927 0.398129 0.00999608 0.239607 -0.0728531 0.146148 0.336326 0.506901 -0.167309 0.0130361 0.371895 0.578695 0.131217 -1.07363 -0.805051 0.816986 0.0982898 -0.523686 -0.684424 -0.521197 -0.0167285 -0.689527 0.0113524 -0.0741999 -0.119168 0.787998 -0.191296 0.142142 0.0103569 -1.46246 0.616425 -1.08072
15 -0.150738 0.46968 0.119776 0.355403 -0.218838 0.31878 0.446754 0.380101 -0.205127 -0.251346 0.384839 0.67013 0.152647 -1.05848 -0.678407 0.575863 0.152908 -0.639519 -0.955573 -0.502051 0.254043 -0.852804 0.15852 -0.0792595 -0.161824 0.717416 -0.217605 0.0495133 0.181125 -1.32389 0.692326 -0.900107
102 -0.342873 -0.549493 -0.46215 -0.744263 0.30659 -0.172843 -0.158702 -0.395881 0.803887 0.717798 0.669387 0.10522 0.177563 -1.08302 -0.855418 -0.260513 -0.0969103 -0.374588 -0.505182 -0.719135 0.766122 0.782259 0.0194567 -0.681333 -0.851487 0.81577 -0.860937 0.051312 -0.245357 -0.516498 0.149782 -0.14595
104 -0.302698 -0.502727 -0.423466 -0.801266 0.234067 -0.180708 -0.240157 -0.485638 0.782943 0.736994 0.656157 0.130444 0.282518 -1.11891 -0.904966 -0.246315 -0.0780489 -0.321617 -0.41516 -0.762982 0.723997 0.726475 0.0774581 -0.679745 -0.812414 0.717992 -0.819473 0.00884184 -0.36485 -0.505586 0.138525 -0.173941
105 -0.140623 -0.294077 -0.219494 -0.727132 0.152421 -0.201517 -0.21787 -0.459651 0.649004 0.539415 0.594717 0.19774 0.404132 -1.13841 -0.858289 -0.154648 -0.0080198 -0.21777 -0.357269 -0.663864 0.569052 0.614924 0.132275 -0.636073 -0.754978 0.60206 -0.580969 -0.0980449 -0.46845 -0.355587 0.304726 -0.202372
107 -0.017136 0.0350834 -0.132188 -0.581121 0.107568 -0.130686 -0.121145 -0.356893 0.61033 0.17389 0.563067 0.282241 0.447616 -1.19277 -0.752186 -0.0605268 0.0474478 -0.131887 -0.401786 -0.600313 0.455564 0.567973 0.18996 -0.725817 -0.693998 0.572844 -0.297697 -0.27426 -0.590049 -0.281357 0.579362 -0.264058
108 0.0600136 0.233158 -0.137842 -0.486344 0.0902405 -0.0442197 -0.0639354 -0.297586 0.559814 -0.0749766 0.536288 0.298859 0.418203 -1.25041 -0.728094 0.0761746 0.0603563 -0.101633 -0.386933 -0.54397 0.394904 0.551244 0.170032 -0.776671 -0.656809 0.53339 -0.063555 -0.404031 -0.667762 -0.240682 0.749951 -0.312816
109 0.052283 0.264669 -0.0834459 -0.418822 0.0541728 -0.0171156 -0.0564896 -0.217629 0.523596 -0.123917 0.506607 0.314078 0.38995 -1.23916 -0.645548 0.0849977 0.0663479 -0.0933837 -0.387628 -0.495669 0.358553 0.531043 0.147155 -0.752959 -0.580341 0.517657 0.00578352 -0.405571 -0.66596 -0.212523 0.787258 -0.310082
192 0.398244 -0.37755 -0.0760072 -0.147636 0.385694 -0.873146 -0.156868 -0.468185 0.45539 0.250881 0.0548448 0.0213593 0.159864 -0.820929 -1.03771 0.565492 0.102489 -0.323515 -0.0437476 -0.804264 0.804186 -0.246587 -0.0161141 -0.46074 -0.471245 0.679208 -0.393373 0.264636 0.0742878 -0.445438 0.505067 0.187058
193 0.340417 -0.309371 -0.0293037 -0.154307 0.304804 -0.762727 -0.0750112 -0.424754 0.370576 0.223067 0.171456 0.0824965 0.117177 -0.784652 -0.922412 0.581123 0.173417 -0.301023 -0.0694037 -0.660248 0.710358 -0.191253 -0.00587817 -0.46583 -0.445436 0.609151 -0.381444 0.191445 0.062139 -0.429593 0.512948 0.0969989
194 0.436077 -0.438888 -0.269721 -0.11338 0.381514 -0.917635 -0.107452 -0.413441 0.514179 0.241952 0.129524 0.0987511 0.11322 -0.655878 -1.17264 0.624321 0.259461 -0.460423 -0.182967 -0.845802 0.879588 -0.315214 -0.113629 -0.479969 -0.383697 0.720842 -0.410792 0.261141 0.0741135 -0.322081 0.711072 0.303804
195 0.460022 -0.494338 -0.403669 -0.0732741 0.39632 -0.877452 -0.0947089 -0.387377 0.548474 0.240606 0.273896 0.2222 0.075042 -0.535507 -1.2541 0.674186 0.361993 -0.606261 -0.352524 -0.872147 0.886437 -0.394667 -0.208043 -0.534677 -0.241655 0.745791 -0.400191 0.237123 0.101245 -0.225694 0.851708 0.358105
196 0.41412 -0.491406 -0.432429 -0.0363872 0.363619 -0.769298 -0.00758943 -0.280974 0.499237 0.23024 0.285966 0.250734 0.016043 -0.426194 -1.15965 0.663111 0.399826 -0.600741 -0.385779 -0.789377 0.797129 -0.329486 -0.213239 -0.525418 -0.209966 0.733874 -0.394097 0.21065 0.105462 -0.183086 0.905095 0.311799
18 -0.33175 0.252941 0.450412 0.229547 -0.401988 0.344183 0.564469 0.0286567 -0.265352 -0.441803 0.408436 0.835193 0.103662 -1.22902 -0.544396 0.173923 0.269882 -0.637355 -1.26712 -0.447932 0.863063 -0.745527 0.477504 -0.452324 -0.36298 0.507592 -0.425483 -0.054724 0.404169 -0.885344 0.61205 -0.28387
19 -0.374233 0.257318 0.40362 0.252674 -0.386769 0.365841 0.494671 0.0296063 -0.264662 -0.451863 0.347998 0.770522 0.075998 -1.09799 -0.46923 0.10041 0.258124 -0.57404 -1.19831 -0.425274 0.866945 -0.707664 0.494614 -0.401207 -0.34833 0.474407 -0.389405 -0.030342 0.423374 -0.766734 0.559804 -0.178217
20 -0.367441 0.188801 0.428276 0.218727 -0.488382 0.319403 0.549341 0.0393609 -0.234641 -0.433594 0.351772 0.795072 0.0982021 -1.19125 -0.449034 0.142027 0.264785 -0.575755 -1.24931 -0.486879 0.934268 -0.714886 0.555797 -0.493614 -0.350711 0.430418 -0.474642 -0.033343 0.374559 -0.7406 0.523133 -0.0850716
159 0.0962749 -0.290606 0.542068 0.656136 0.143694 -0.822125 0.0422171 0.149102 0.153832 -0.471185 0.817341 0.388672 -0.0218376 -0.807808 -1.44531 0.470739 0.945732 -0.0198813 0.279638 0.474904 0.333603 -0.227565 0.445373 -0.582295 -0.601871 0.694002 -0.614615 0.0749983 0.100323 -0.37623 -0.0429353 -0.206982
161 -0.0536866 -0.177538 0.411936 0.748359 0.11036 -0.672561 -0.0338556 0.186205 0.0759444 -0.553812 0.829715 0.372982 -0.0307051 -0.867281 -1.60806 0.480531 0.966219 -0.0550485 0.379537 0.48134 0.324902 -0.17804 0.542533 -0.592438 -0.677044 0.684019 -0.607953 0.175012 0.168239 -0.436038 0.0207 -0.338123
162 -0.196547 0.112072 0.086623 0.647571 -0.00695605 -0.147297 -0.0662229 0.121902 -0.148217 -0.49422 0.542817 0.184927 0.0400721 -0.986624 -1.59 0.431228 0.775152 -0.131129 0.503555 0.331726 0.438946 -0.0495246 0.502744 -0.522289 -0.672446 0.495527 -0.587636 0.205715 0.311525 -0.677478 0.194755 -0.613965
163 -0.298123 0.183204 -0.0745022 0.5016 -0.0547106 0.0716851 -0.073168 0.0660759 -0.285236 -0.373967 0.39327 0.115734 0.0649095 -0.989819 -1.43844 0.400734 0.601587 -0.191695 0.456009 0.133921 0.522543 0.0651454 0.430585 -0.506728 -0.628813 0.384889 -0.590441 0.252846 0.419727 -0.780276 0.367604 -0.685461
164 -0.317701 0.274547 -0.0873494 0.4682 -0.0753443 0.123098 -0.0815026 0.111913 -0.308837 -0.404612 0.375425 0.118769 0.00982133 -1.19011 -1.59625 0.449571 0.623182 -0.185888 0.47573 0.0807519 0.658885 0.0808926 0.406142 -0.486132 -0.72823 0.402786 -0.682897 0.243361 0.464126 -0.918385 0.386609 -0.865657
165 -0.242854 0.319289 -0.244024 0.280529 -0.177971 0.244298 -0.0572459 -0.0157156 -0.403463 -0.394964 0.253174 -0.0362614 0.0799443 -1.29594 -1.47721 0.400614 0.492105 -0.129324 0.418901 0.0239236 0.750373 0.0847398 0.196782 -0.404529 -0.765552 0.170154 -0.729331 0.2413 0.527226 -1.07323 0.438492 -0.943747
167 -0.179732 0.311904 -0.290447 0.16358 -0.1924 0.276983 -0.0117943 -0.0470189 -0.415576 -0.326815 0.210962 -0.0934823 0.127299 -1.34105 -1.38262 0.384576 0.439056 -0.111893 0.339536 -0.0513817 0.786946 0.0234093 0.0685673 -0.3724 -0.768289 0.0675333 -0.781606 0.169557 0.504145 -1.15033 0.440571 -1.02155
166 -0.212486 0.262342 -0.195215 0.217904 -0.160085 0.180341 -0.0295451 0.0122807 -0.37642 -0.296144 0.226918 -0.0242573 0.0753185 -1.17546 -1.22493 0.39172 0.389001 -0.159807 0.312886 -0.00283674 0.700788 0.080303 0.101008 -0.383575 -0.683572 0.15826 -0.675588 0.230679 0.451587 -0.98104 0.402736 -0.848863
10 0.14854 0.211527 -0.0453783 0.0960642 -0.0078356 -0.029744 0.210561 0.550469 -0.167114 0.229318 0.220772 0.50264 0.0810308 -0.832438 -0.664422 0.87227 0.0222354 -0.309754 -0.416229 -0.416611 -0.216196 -0.400428 -0.120289 -0.178572 -0.0746082 0.752226 0.019774 0.300226 -0.0920869 -1.17098 0.428292 -0.937562
96 -0.624202 -0.442599 0.0926799 -0.387935 0.613444 -0.180894 0.44699 -0.0413582 0.549466 0.38124 0.669561 -0.175501 -0.202561 -0.748092 -0.311869 -0.0108702 -0.210995 -0.457951 -0.866069 -0.45668 0.489409 0.809087 -0.259738 -0.778278 -0.942215 0.681028 -0.98678 0.247824 0.477487 -0.642866 0.764551 0.0108522
98 -0.628301 -0.55155 -0.135743 -0.4651 0.564598 -0.187916 0.371208 -0.120374 0.684896 0.464821 0.671742 -0.155493 -0.138029 -0.763894 -0.395951 -0.23926 -0.203424 -0.50615 -0.793 -0.523504 0.636834 0.888652 -0.259446 -0.755869 -0.974112 0.811076 -0.996744 0.160016 0.322475 -0.627617 0.512779 0.00465814
99 -0.525629 -0.580475 -0.28671 -0.496511 0.456776 -0.194119 0.220486 -0.196474 0.74386 0.570745 0.649526 -0.063958 -0.117555 -0.839882 -0.526978 -0.268466 -0.191732 -0.447537 -0.635987 -0.595321 0.675603 0.85174 -0.206947 -0.638998 -0.89492 0.830818 -0.896625 0.109824 0.120623 -0.546277 0.257234 -0.0425929
100 -0.36525 -0.44407 -0.258989 -0.419411 0.319004 -0.144288 0.117648 -0.202229 0.630172 0.433904 0.554003 -0.0098429 -0.0628551 -0.727859 -0.49967 -0.232623 -0.14309 -0.377207 -0.483376 -0.486352 0.550999 0.679476 -0.137844 -0.512317 -0.729269 0.673571 -0.708013 0.0406338 0.0527619 -0.465783 0.124502 -0.0591791
101 -0.427889 -0.557796 -0.364322 -0.592243 0.373323 -0.199883 0.0544415 -0.327923 0.782951 0.625821 0.657091 -0.00494389 0.00174767 -0.901848 -0.67569 -0.292492 -0.144561 -0.397643 -0.558957 -0.655862 0.698192 0.767421 -0.105886 -0.626412 -0.862088 0.810997 -0.832559 0.038956 -0.0513458 -0.493603 0.105119 -0.0741203
103 -0.299046 -0.48812 -0.388063 -0.699538 0.222895 -0.178104 -0.19746 -0.420058 0.699913 0.700299 0.569815 0.12698 0.203704 -1.00882 -0.827691 -0.191827 -0.0748709 -0.313236 -0.380203 -0.63327 0.684276 0.650093 0.0363311 -0.589966 -0.725183 0.686229 -0.766155 0.0627868 -0.262602 -0.439912 0.127001 -0.160258
16 -0.22161 0.460865 0.182934 0.331427 -0.208006 0.350562 0.40262 0.286884 -0.215753 -0.357077 0.341294 0.681093 0.135561 -0.977807 -0.562369 0.36193 0.189059 -0.559574 -0.993814 -0.432332 0.37596 -0.797219 0.233471 -0.147584 -0.169688 0.598192 -0.190124 0.0214258 0.259275 -1.07648 0.616789 -0.67021
17 -0.28594 0.428558 0.26842 0.297898 -0.277513 0.357431 0.462427 0.226267 -0.224865 -0.361277 0.400095 0.773624 0.106096 -1.14291 -0.605394 0.347696 0.227868 -0.654506 -1.14956 -0.501612 0.545941 -0.817965 0.309511 -0.230972 -0.269158 0.636558 -0.284672 0.0146876 0.29483 -1.13869 0.712887 -0.621682
156 0.508488 -0.817411 0.976041 0.2937 0.198465 -1.23616 0.0944496 -0.149828 0.511148 -0.258065 0.869559 0.614093 -0.202981 -0.891973 -1.14345 0.694388 1.0525 -0.0445428 0.168868 0.29322 0.426003 -0.268189 0.153935 -0.548103 -0.637418 0.636328 -0.682177 0.0381743 0.0276519 -0.367284 -0.194336 0.0389065
155 0.628227 -0.96889 1.03958 0.162867 0.175478 -1.14542 0.162723 -0.287634 0.479215 -0.0854329 0.827254 0.63107 -0.263221 -0.886384 -0.891821 0.729581 0.989961 -0.0473476 0.185464 0.178492 0.436337 -0.235382 0.0245003 -0.359994 -0.49637 0.42157 -0.684538 -0.0233921 0.0363575 -0.241139 -0.187773 0.136106
153 0.693203 -1.04922 1.08572 0.086385 0.15278 -1.15979 0.229766 -0.398164 0.48304 0.0255874 0.842371 0.609487 -0.301425 -0.89519 -0.813303 0.797529 0.937046 -0.107474 0.191291 0.111391 0.495373 -0.162545 -0.0848175 -0.337391 -0.466218 0.379044 -0.633711 -0.00996604 0.0181038 -0.268461 -0.143614 0.140969
154 0.585663 -0.963477 1.01868 0.00433846 0.100074 -1.01105 0.239197 -0.430006 0.44042 0.0281702 0.749847 0.582379 -0.275729 -0.823962 -0.674101 0.67585 0.802647 -0.0894637 0.13142 0.0936953 0.438724 -0.170735 -0.0735314 -0.285097 -0.398352 0.324944 -0.591193 -0.00867585 0.0146447 -0.255236 -0.133016 0.12345
148 0.28995 -0.950635 0.204357 0.0737556 -0.304663 -0.816344 0.222292 -0.318377 -0.331106 -0.0922369 0.909773 0.164488 -0.0864151 -0.52193 -0.708421 0.662103 0.63777 -0.309691 -0.0998838 0.00127836 0.842817 0.426978 -0.631506 -0.495761 -0.139257 0.540108 -0.215039 -0.332543 0.27864 -0.133436 0.201621 -0.336796
149 0.340008 -1.09206 0.341238 0.0632706 -0.300787 -0.879771 0.232657 -0.413954 -0.294175 -0.0475709 0.943003 0.16083 -0.0975135 -0.596542 -0.738132 0.742597 0.720788 -0.343528 -0.0871831 0.0225366 0.81878 0.443885 -0.656812 -0.498614 -0.208448 0.52738 -0.2187 -0.315358 0.209889 -0.144338 0.161691 -0.309521
150 0.563509 -1.17253 0.572572 0.0353139 -0.231906 -0.980392 0.264426 -0.517515 -0.0453216 0.00285491 0.957775 0.302582 -0.174988 -0.65316 -0.709633 0.803728 0.783933 -0.260089 0.0375166 0.0272346 0.684058 0.261221 -0.501782 -0.313313 -0.245745 0.338257 -0.356977 -0.231553 0.126398 -0.134266 0.0664454 -0.121142
151 0.560785 -1.01754 0.655133 0.0145607 -0.0933424 -0.828167 0.257872 -0.499576 0.10477 0.0813472 0.799038 0.332326 -0.173745 -0.626464 -0.584148 0.702108 0.680914 -0.208107 0.0553243 -0.0102705 0.519311 0.128412 -0.346838 -0.220673 -0.278019 0.270288 -0.415419 -0.159296 0.0761265 -0.165098 0.0214145 -0.0108857
152 0.6621 -1.13883 0.846841 0.00518707 -0.053049 -0.944369 0.268277 -0.54276 0.20236 0.0814898 0.828951 0.442123 -0.224177 -0.74978 -0.632338 0.772463 0.806541 -0.165564 0.112809 0.0355141 0.507113 0.0202084 -0.28144 -0.217244 -0.309705 0.245316 -0.478419 -0.156246 0.0285061 -0.161717 -0.0433709 0.0511317
94 -0.572356 -0.202216 0.300745 -0.397924 0.601934 -0.170202 0.335658 0.0492746 0.297898 0.295413 0.541253 -0.221583 -0.0500766 -0.608273 -0.199761 0.228308 -0.185274 -0.372663 -0.800874 -0.277457 0.24917 0.598893 -0.202899 -0.706052 -0.861176 0.38103 -0.915458 0.33068 0.554062 -0.588903 0.953666 0.00385167
203 0.413562 -0.87866 -0.0991957 -0.0289032 0.439222 -0.36458 0.218974 -0.343032 0.0300583 0.798865 0.792607 0.89316 -0.42251 -0.345615 -1.00943 0.774787 0.149722 -0.554258 -1.3072 -0.541259 0.424077 -0.100593 -0.396861 -0.431354 0.0342111 0.774923 -0.281148 -0.0318436 0.236782 -0.023356 0.184888 0.0954405
202 0.333452 -0.732608 -0.104137 -0.0391621 0.381931 -0.402141 0.136706 -0.31302 0.135004 0.62456 0.672926 0.793849 -0.304423 -0.255396 -0.912151 0.678454 0.197977 -0.503243 -1.12612 -0.495881 0.346763 -0.151174 -0.367689 -0.405776 0.111051 0.658405 -0.272037 0.000897899 0.194815 -0.00385562 0.231208 0.118844
204 0.486171 -0.99641 -0.151166 -0.103349 0.513026 -0.331056 0.47891 -0.412005 -0.125602 0.969472 0.682186 0.755541 -0.480153 -0.54697 -0.917349 0.783075 -0.0539771 -0.445443 -1.20343 -0.483732 0.479442 0.0515214 -0.374109 -0.423708 -0.177231 0.781467 -0.224574 -0.150448 0.0963455 -0.011677 0.177037 0.0865645
220 -0.418119 -0.764021 0.485431 -0.491277 0.219193 -0.193077 0.194076 -0.313523 -0.315288 1.18757 0.809496 0.906003 0.405666 -0.78291 -0.489089 0.241238 0.272552 -0.174898 0.0243355 -0.129084 0.253537 -0.612529 0.015896 0.0384535 -0.0691931 0.960347 -0.743664 -0.502985 0.432424 -0.278107 1.13905 -0.506311
222 -0.368972 -0.822111 0.555341 -0.53018 0.344202 -0.441839 0.318367 -0.439247 -0.321267 1.13076 0.866772 0.788043 0.355465 -0.798306 -0.449301 0.300312 0.238798 -0.169831 -0.0569296 -0.00637778 0.189054 -0.575166 0.154795 -0.0666224 -0.0811907 0.774417 -0.682361 -0.430564 0.372618 -0.172019 1.06617 -0.453844
223 -0.301884 -0.722648 0.534595 -0.48485 0.326565 -0.490867 0.349044 -0.449934 -0.27195 0.931437 0.835099 0.681059 0.252372 -0.798235 -0.426824 0.36845 0.209256 -0.209032 -0.0918246 -0.026494 0.174794 -0.451883 0.166239 -0.135853 -0.119832 0.629902 -0.589744 -0.336121 0.300041 -0.20112 0.91764 -0.375166
13 -0.00572317 0.344738 -0.102744 0.275808 -0.130826 0.185907 0.337314 0.566833 -0.151883 0.0307124 0.297454 0.488648 0.126796 -0.946134 -0.700601 0.757716 0.0795946 -0.49125 -0.558348 -0.484176 -0.0525155 -0.681983 0.00703772 -0.0427979 -0.075148 0.719557 -0.177666 0.148263 0.0108358 -1.319 0.494432 -1.0046
23 -0.206587 -0.182837 0.422718 -0.066155 -0.83819 0.0769326 0.572635 0.0146165 -0.0321197 -0.155093 0.281311 0.566652 0.197634 -1.2162 -0.287058 0.282671 0.361547 -0.456989 -0.931473 -0.581665 0.979786 -0.536924 0.656281 -0.913715 -0.118062 0.186973 -0.65757 -0.0362337 -0.0357549 -0.474121 0.103957 0.306112
21 -0.247838 -0.00821699 0.438209 0.0516995 -0.664787 0.185628 0.607881 0.00635665 -0.145562 -0.24564 0.294256 0.66458 0.140151 -1.13787 -0.366162 0.210574 0.318189 -0.486628 -1.0498 -0.503303 0.952672 -0.643538 0.606179 -0.684696 -0.205107 0.289177 -0.542873 -0.0224716 0.150162 -0.584689 0.260483 0.0792373
268 -0.243524 -0.337837 0.0917868 -0.364021 -0.586374 -0.454094 0.163598 -0.27026 0.256429 0.542311 0.407977 0.447133 -0.558277 -0.650292 -0.360446 0.100315 0.308782 -0.77107 -0.333586 -0.11774 0.785583 -0.314511 -0.186472 -0.256043 -0.487668 0.622344 0.161656 0.240956 -0.138518 -0.461368 -0.139316 -1.08156
269 -0.253887 -0.387458 0.0422574 -0.319156 -0.669742 -0.556813 0.178418 -0.246447 0.26144 0.609057 0.355184 0.49952 -0.668087 -0.768864 -0.418344 0.153953 0.351304 -0.950791 -0.359849 -0.20607 0.976894 -0.346571 -0.145856 -0.318679 -0.573155 0.701093 0.151423 0.270216 -0.15197 -0.500037 -0.0373953 -1.30545
270 -0.238368 -0.404221 0.0193515 -0.244522 -0.78875 -0.546106 0.113446 -0.244724 0.200442 0.685929 0.332034 0.474602 -0.756913 -0.878583 -0.375379 0.197063 0.378016 -1.12884 -0.355838 -0.279818 1.01464 -0.353349 -0.101148 -0.278324 -0.591478 0.711323 0.116537 0.337447 -0.126372 -0.509035 -0.00599159 -1.47316
271 -0.18022 -0.363138 0.0276577 -0.140647 -0.682228 -0.436258 0.106164 -0.169014 0.151718 0.577018 0.188156 0.415596 -0.683754 -0.767085 -0.276596 0.188466 0.296225 -0.990635 -0.281636 -0.282268 0.926613 -0.397063 -0.0220324 -0.235355 -0.500554 0.614758 0.0792324 0.299856 -0.0771515 -0.41053 0.0479919 -1.28113
272 -0.27254 -0.44236 0.0947204 -0.0362994 -0.837246 -0.408899 0.13828 -0.169678 0.123228 0.734895 0.207658 0.378503 -0.843966 -0.873934 -0.2372 0.252349 0.33586 -1.21115 -0.296217 -0.40518 1.01909 -0.383538 -0.0632161 -0.133243 -0.666616 0.69329 0.101373 0.368227 -0.00964121 -0.408059 0.12629 -1.51043
278 -0.110391 -0.309378 0.681136 0.626214 -0.480526 0.0294188 0.383133 -0.177357 -0.0432006 0.747974 0.377205 -0.0801919 -0.576365 -0.983675 0.0276604 0.806647 0.0749511 -0.96914 -0.0228924 -1.01338 0.541375 0.152818 0.234125 0.194004 -0.769949 0.47505 -0.369219 0.280293 0.554307 -0.0982827 0.588985 -0.797328
277 -0.0858473 -0.303971 0.565866 0.539432 -0.435598 -0.0106601 0.341783 -0.1353 -0.0359093 0.62465 0.342099 -0.0211382 -0.554135 -0.913879 0.0118287 0.68747 0.0553797 -0.852605 -0.0620009 -0.845481 0.507812 0.0603782 0.1783 0.151991 -0.657804 0.482285 -0.344302 0.261513 0.462489 -0.143346 0.501241 -0.779363
276 -0.168603 -0.395855 0.49766 0.588331 -0.59857 0.00141124 0.345083 -0.139773 -0.0489165 0.787111 0.31793 -0.0232614 -0.720128 -1.02457 0.0103189 0.738618 0.135163 -1.12272 -0.0965338 -0.943202 0.63944 0.013569 0.131054 0.184368 -0.797191 0.575229 -0.281982 0.341763 0.463448 -0.183785 0.558031 -1.06866
275 -0.165173 -0.448019 0.430644 0.460596 -0.66915 -0.154194 0.260135 -0.123973 -0.0510269 0.774156 0.296451 0.0352681 -0.735385 -0.995612 -0.0420653 0.607152 0.143762 -1.20752 -0.166738 -0.857423 0.714686 -0.107904 0.0658074 0.0742786 -0.771442 0.630484 -0.217121 0.394279 0.331418 -0.239085 0.51675 -1.21422
274 -0.161419 -0.39357 0.283875 0.240806 -0.678441 -0.179566 0.202079 -0.164256 -0.000832338 0.689654 0.24797 0.131033 -0.746855 -0.81885 -0.0681963 0.420061 0.164203 -1.10615 -0.171799 -0.606388 0.683152 -0.191849 -0.0224733 0.053766 -0.664175 0.576167 -0.058122 0.363654 0.173457 -0.240726 0.365167 -1.18974
273 -0.190814 -0.460988 0.367689 0.329848 -0.782321 -0.216482 0.247353 -0.16693 0.00667212 0.795429 0.237104 0.184809 -0.825541 -0.964744 -0.0698402 0.494687 0.22377 -1.28555 -0.188937 -0.724363 0.807415 -0.232769 0.0117425 0.0635543 -0.770593 0.65879 -0.081483 0.406482 0.214421 -0.262812 0.394575 -1.36061
177 0.696764 0.0439829 -0.0259113 -1.08331 0.0577025 -0.483255 0.550784 -1.18151 0.368506 0.180858 0.42953 -0.033694 -0.214112 -1.01048 -1.11708 0.487807 0.273864 -0.1658 -0.450959 -0.00816668 0.0787029 0.15145 -0.384652 0.274807 -0.382876 0.190274 -0.347142 -0.441618 0.178315 -1.28697 0.513494 -0.43969
179 0.638931 0.0200093 0.058016 -0.98607 0.0728576 -0.518467 0.504903 -1.07566 0.431475 0.317727 0.260922 0.0113931 -0.294473 -0.920384 -1.15282 0.571858 0.132644 -0.202039 -0.465347 -0.0764514 0.125324 0.31333 -0.259157 0.240786 -0.404609 0.37113 -0.276101 -0.334842 0.186853 -1.24536 0.493946 -0.325121
180 0.580077 0.00204753 0.179917 -0.892607 0.103432 -0.560653 0.45347 -1.00636 0.521464 0.469514 0.0238221 0.0411315 -0.236202 -0.865664 -1.15989 0.56006 0.0242633 -0.178892 -0.372344 -0.124345 0.321637 0.343123 -0.074671 0.327905 -0.493411 0.514445 -0.292796 -0.220511 0.264896 -1.32424 0.436217 -0.239195
178 0.579133 0.0360679 0.016907 -0.869207 0.0635811 -0.423305 0.447751 -0.979043 0.297389 0.188481 0.312019 0.00308734 -0.186953 -0.788625 -0.95396 0.468675 0.210704 -0.172339 -0.414246 -0.0414454 0.0642565 0.20843 -0.297217 0.230269 -0.29373 0.20215 -0.287909 -0.359772 0.150529 -1.09368 0.453545 -0.312264
79 0.0617417 -0.573971 0.820781 0.0177928 0.0572845 -0.765141 0.483414 -0.459686 0.107952 0.341569 0.721177 0.700301 -0.809112 -1.00271 0.0390483 0.692714 -0.360447 0.436382 -0.418555 0.0560315 0.322522 0.231264 -0.0932026 -0.173413 -0.272683 0.303753 -0.537038 0.166015 0.0670047 -0.222332 -0.00474196 -0.678953
78 0.0876318 -0.633431 0.963961 -0.017926 0.11529 -0.903666 0.562837 -0.523873 0.140602 0.396458 0.864964 0.843324 -0.941887 -1.18198 0.0681837 0.863321 -0.422242 0.472637 -0.490444 0.100578 0.369585 0.258269 -0.104143 -0.269885 -0.371935 0.293389 -0.646166 0.230649 0.0784311 -0.2922 0.0333828 -0.837448
80 0.0185431 -0.655319 0.984349 -0.037668 0.051551 -0.918395 0.657656 -0.510405 0.0501939 0.449348 0.896256 0.766852 -0.886992 -1.09497 0.072802 0.76792 -0.384844 0.501918 -0.579797 0.0985197 0.383485 0.190078 -0.102652 -0.147658 -0.324004 0.373498 -0.604657 0.1896 0.100874 -0.246795 0.0341944 -0.80391
77 0.221638 -0.516808 0.713132 0.0809169 0.158372 -0.659124 0.303294 -0.471329 0.4127 0.181932 0.71975 0.912962 -0.950504 -1.24463 -0.0574366 0.888695 -0.614568 0.39176 -0.231271 0.130537 0.300638 0.340067 -0.144678 -0.485818 -0.350265 0.059873 -0.676174 0.183286 -0.0946677 -0.344145 0.070694 -0.751101
76 0.246632 -0.476578 0.612004 0.0965222 0.189337 -0.641314 0.226349 -0.404166 0.438853 0.159546 0.684416 0.867914 -0.876957 -1.12136 -0.100051 0.842613 -0.532367 0.285479 -0.166041 0.0950003 0.277931 0.332651 -0.186707 -0.477637 -0.318497 0.0350714 -0.625044 0.159983 -0.0786814 -0.311522 0.0478381 -0.652122
75 0.297422 -0.490553 0.632394 0.139601 0.216357 -0.649422 0.14784 -0.435069 0.565536 0.126356 0.760796 1.00671 -1.00883 -1.28702 -0.1729 0.941739 -0.674475 0.314897 -0.108327 0.118601 0.286267 0.404554 -0.207732 -0.636508 -0.331866 0.010687 -0.711726 0.206558 -0.161334 -0.354653 0.115394 -0.757246
127 0.250083 -0.475799 0.72748 -0.652435 0.0112004 -0.25255 0.546651 -1.00869 -0.0885586 0.180598 0.212025 0.294965 -0.355763 -0.767443 -0.142184 0.450682 0.31256 -0.00817647 0.327153 -0.0361804 0.520323 0.268045 0.195213 -0.821098 -0.436356 0.628207 -0.0646087 -0.196574 0.114932 -0.166214 0.70456 -0.139389
128 0.345886 -0.490322 0.595551 -0.529625 -0.0702701 -0.34743 0.661117 -1.21476 -0.24652 0.176139 0.256774 0.182342 -0.202535 -0.776836 0.0537725 0.626698 0.409255 -0.0143179 0.255479 0.31785 0.658343 0.361246 0.265291 -1.08696 -0.563599 0.602825 -0.204936 -0.0493391 0.0181312 -0.287986 0.876206 -0.257746
129 0.356378 -0.395962 0.381159 -0.308585 -0.136166 -0.329931 0.630355 -1.1609 -0.271688 0.0914539 0.303655 0.0846114 -0.0150821 -0.759654 0.0707952 0.699732 0.381934 -0.162724 -0.0200637 0.481052 0.620595 0.291778 0.280026 -1.10074 -0.635368 0.4541 -0.349086 0.144646 -0.105881 -0.459808 0.949704 -0.415922
131 0.322263 -0.313291 0.123519 -0.07944 -0.164555 -0.255108 0.544413 -0.990619 -0.25614 0.0680031 0.30082 -0.00819358 0.074783 -0.657598 0.147531 0.70126 0.316529 -0.232901 -0.211121 0.57836 0.556696 0.238868 0.265771 -0.997733 -0.636249 0.363876 -0.425543 0.292621 -0.180084 -0.527093 0.908272 -0.476255
130 0.278094 -0.291798 0.200043 -0.159597 -0.12227 -0.305618 0.516341 -0.878593 -0.233213 0.0893736 0.307669 0.0951754 0.0119271 -0.653622 0.0414661 0.65329 0.311466 -0.17913 -0.136204 0.426306 0.547331 0.186859 0.234129 -0.906416 -0.531739 0.37397 -0.356961 0.199871 -0.0964187 -0.480641 0.800703 -0.447252
68 0.248677 0.172314 0.364031 0.0962779 0.11343 -0.254082 -0.178111 -0.261616 0.532089 -0.0616175 1.10236 0.692142 -1.02255 -1.12077 -0.400462 0.683415 -0.534777 0.091131 -0.0580487 -0.425577 -0.0452998 0.567112 -0.159181 -0.953041 -0.151872 0.215382 -0.869986 0.287808 0.224268 -0.282054 0.327911 -0.506629
66 0.230043 0.0370503 0.262542 0.0403589 0.0607164 -0.230678 0.125986 -0.192 0.477106 0.156893 0.939823 0.502209 -0.835798 -0.744096 -0.286675 0.732979 -0.501606 0.107842 -0.0957733 -0.768636 -0.114824 0.444843 0.193166 -0.918019 -0.269912 0.440487 -0.580325 0.129989 0.310878 -0.406641 0.121222 -0.376925
69 0.311948 0.248163 0.384572 0.0981386 0.0997723 -0.332077 -0.40213 -0.328008 0.59614 -0.142512 1.31371 0.903121 -1.14458 -1.33432 -0.590424 0.744932 -0.635519 0.0436087 -0.0772786 -0.34561 -0.0469275 0.628794 -0.329842 -1.07631 -0.103849 0.174187 -1.06018 0.388207 0.193429 -0.312153 0.435274 -0.704076
288 0.560623 -0.00111667 0.663627 -0.435717 0.0498598 -0.610528 -0.0799981 -0.589086 0.164531 -0.401875 0.867767 0.642113 0.249665 -0.698498 -0.113929 0.877225 0.116891 -0.217835 -0.395626 -0.641977 0.435976 -0.0366606 0.213767 -0.0746554 -0.0986198 0.546099 -0.971886 -0.250564 0.284868 -0.583247 0.739497 -0.126228
289 0.500081 -0.0233764 0.481125 -0.412383 0.120697 -0.642318 -0.048719 -0.60637 0.141055 -0.36314 0.89212 0.637558 0.258773 -0.521963 -0.174868 0.760975 0.148872 -0.273203 -0.372057 -0.613461 0.399659 -0.104024 0.127311 -0.155118 -0.0209286 0.509356 -0.81709 -0.175256 0.181784 -0.60145 0.745029 -0.170698
290 0.651229 0.0424649 0.542572 -0.512072 0.128915 -0.751761 -0.0496503 -0.738632 0.183487 -0.562199 1.07427 0.751536 0.354126 -0.542605 -0.112793 0.854786 0.20564 -0.378977 -0.446865 -0.760245 0.475634 -0.12407 0.151564 -0.139585 0.0549121 0.542315 -0.985425 -0.215271 0.199103 -0.699031 0.937458 -0.180757
55 0.451612 -0.00427814 0.418148 -0.289588 -0.550505 -0.190849 0.627678 -0.337829 -0.0293721 0.196602 0.763725 0.45396 -0.252014 -0.16478 -0.229359 1.06057 -0.296881 -0.0178729 -0.374902 -0.682858 0.838481 -0.620055 0.422138 -0.576116 -0.380961 0.498752 0.0975617 -0.0543694 0.679326 -0.713069 0.248553 -0.0660574
54 0.46578 0.0458912 0.482722 -0.329988 -0.613008 -0.210757 0.699704 -0.386505 -0.0703633 0.212536 0.904922 0.497943 -0.287489 -0.224753 -0.298424 1.14149 -0.242654 -0.0750243 -0.414669 -0.690517 0.928507 -0.778326 0.43173 -0.564583 -0.427258 0.506079 0.113543 -0.0524456 0.774748 -0.754136 0.292025 -0.0957497
56 0.508461 -0.0974174 0.467125 -0.206687 -0.573282 -0.156165 0.757459 -0.334614 0.00610054 0.245735 0.825843 0.426467 -0.341266 -0.248459 -0.260404 1.13544 -0.419365 0.0217558 -0.400076 -0.877219 0.789078 -0.547003 0.492203 -0.767586 -0.54971 0.616155 0.149216 -0.0566714 0.682143 -0.847053 0.248753 -0.142728
53 0.38677 0.126436 0.464774 -0.405473 -0.606232 -0.273995 0.651518 -0.412399 -0.111985 0.249285 1.05762 0.650226 -0.162112 -0.206988 -0.301889 1.25778 -0.0237315 -0.204382 -0.394498 -0.633844 1.13594 -1.01732 0.486029 -0.349484 -0.168643 0.48521 -0.0329739 -0.0262579 0.878798 -0.73212 0.413466 -0.138291
57 0.392749 -0.118418 0.382463 -0.165575 -0.535398 -0.100922 0.756363 -0.237572 0.0314834 0.278575 0.661219 0.270157 -0.386258 -0.258194 -0.249215 1.03055 -0.43594 0.0534194 -0.359757 -0.99375 0.53487 -0.323155 0.614499 -0.833395 -0.625293 0.70095 0.166406 -0.0647004 0.580161 -0.912352 0.160407 -0.159473
1 0.292859 -0.157507 0.514721 -0.123385 0.46265 -1.36302 -0.293646 -0.456356 0.0738382 0.50063 0.66359 0.670505 0.532845 -0.585931 -0.439713 0.94721 -0.113599 -0.195534 -0.321973 -0.418309 -0.273125 0.178409 -0.0264232 -0.591594 -0.0578288 0.733065 0.153378 0.452909 -0.434822 -0.757853 0.399996 -0.466717
2 0.361295 -0.189052 0.631676 -0.165381 0.550905 -1.56344 -0.336032 -0.401041 0.071272 0.652788 0.740982 0.813921 0.513225 -0.707699 -0.60714 1.12244 -0.101775 -0.246832 -0.419485 -0.485286 -0.388448 0.206231 -0.0659328 -0.687836 -0.068518 0.922839 0.283115 0.585678 -0.569657 -0.926122 0.378573 -0.597403
0 0.347199 -0.10364 0.599385 -0.176039 0.489725 -1.63616 -0.39031 -0.599902 0.14763 0.467377 0.888661 0.837933 0.633449 -0.649183 -0.499673 1.19261 -0.129075 -0.301035 -0.404491 -0.581189 -0.356634 0.183173 -0.000315244 -0.70587 -0.0126953 0.874948 0.173685 0.485944 -0.488302 -0.989125 0.550009 -0.542323
299 0.357054 -0.0588511 0.414576 -0.235064 0.40474 -1.56717 -0.418092 -0.757968 0.227708 0.286483 0.942983 0.754981 0.601642 -0.528185 -0.409424 1.05758 -0.117772 -0.401313 -0.321691 -0.66651 -0.240806 0.11392 -0.0438238 -0.612527 0.079639 0.757386 -0.0349077 0.373756 -0.347317 -0.888399 0.70958 -0.420842
298 0.308939 0.049664 0.301549 -0.230519 0.285808 -1.2953 -0.409074 -0.673724 0.236433 0.0959075 0.857678 0.612631 0.50978 -0.34625 -0.228341 0.873999 -0.108104 -0.385535 -0.299091 -0.603668 -0.21367 0.0504363 -0.0808301 -0.462434 0.175251 0.575607 -0.142346 0.260494 -0.22252 -0.760908 0.671591 -0.349636
297 0.375861 0.13096 0.21844 -0.255673 0.280356 -1.32783 -0.458212 -0.790577 0.258888 -0.0631612 0.999803 0.676764 0.547345 -0.447403 -0.257402 1.01061 -0.0204695 -0.484139 -0.310659 -0.776951 -0.0845291 -0.00510831 -0.0657933 -0.478598 0.162853 0.634821 -0.280526 0.18277 -0.114404 -0.854949 0.846154 -0.345282
296 0.417414 0.22659 0.212438 -0.310272 0.30846 -1.1701 -0.484607 -0.812298 0.202146 -0.244723 1.09692 0.742733 0.517808 -0.451695 -0.139262 0.961232 0.036416 -0.567355 -0.299443 -0.877086 -0.00756374 -0.0563143 -0.0712902 -0.431462 0.182715 0.57299 -0.457037 0.112348 -0.0450087 -0.85033 0.981824 -0.331337
295 0.446281 0.268506 0.123332 -0.293254 0.27771 -0.951363 -0.416148 -0.760803 0.202757 -0.398337 1.02112 0.707575 0.478662 -0.418499 -0.0835656 0.902536 0.0849337 -0.564115 -0.285536 -0.838788 0.117664 -0.107127 -0.0780787 -0.31295 0.221115 0.496971 -0.560735 0.0202506 0.0462165 -0.754092 0.967966 -0.277103
266 -0.4222 -0.422823 0.421929 -0.622166 -0.490761 -0.333288 0.210717 -0.464193 0.38467 0.522102 0.832306 0.466688 -0.475287 -0.843478 -0.522342 0.0433086 0.386047 -0.680016 -0.500259 -0.08366 0.519579 -0.329306 -0.391075 -0.19024 -0.477441 0.664207 0.10915 0.247371 -0.124765 -0.55609 -0.301992 -0.89537
265 -0.358395 -0.39135 0.499501 -0.552176 -0.346236 -0.263474 0.212031 -0.482136 0.31831 0.408269 0.898799 0.433753 -0.35657 -0.823236 -0.502005 0.117906 0.356817 -0.535573 -0.483144 -0.0908514 0.364197 -0.272695 -0.35067 -0.19876 -0.376505 0.565608 -0.00175253 0.230957 -0.0821205 -0.468439 -0.240668 -0.644708
264 -0.448965 -0.423044 0.655895 -0.677328 -0.349001 -0.174214 0.169682 -0.512051 0.31447 0.445674 1.12268 0.514111 -0.311355 -0.957362 -0.584802 0.116222 0.353539 -0.571194 -0.557702 -0.0791177 0.326205 -0.380847 -0.441459 -0.212314 -0.368063 0.553752 -0.0447254 0.276696 -0.0495187 -0.525244 -0.35253 -0.633333
67 0.197086 -0.00214859 0.390454 -0.0210678 0.108727 -0.330075 -0.0282145 -0.284422 0.385646 0.0764553 0.883717 0.59104 -0.686085 -0.948985 -0.387579 0.585226 -0.32547 -0.0112599 -0.115977 -0.34952 0.0733027 0.326224 -0.115854 -0.696858 -0.187878 0.282247 -0.655197 0.196952 0.165827 -0.312683 0.279358 -0.42246
248 -0.123595 -0.482437 0.841347 -0.196683 -0.109671 -0.535834 -0.0576722 -0.238093 -0.226052 0.583395 0.838801 0.414901 0.221181 -0.955952 -0.567176 0.0187042 0.0787909 -0.700705 -0.208979 -0.336716 -0.0928915 0.0795336 0.119482 -0.768351 -0.450678 0.150087 -0.305206 -0.233973 0.630834 -0.780493 0.173319 -0.119403
247 -0.048651 -0.374695 0.665548 -0.151534 -0.042341 -0.459815 0.0492202 -0.244099 -0.111102 0.466486 0.689495 0.403181 0.0646532 -0.934646 -0.537782 0.199746 0.135439 -0.532389 -0.218994 -0.315919 0.142881 0.0614937 0.0728086 -0.675966 -0.403871 0.29629 -0.361203 -0.151159 0.440192 -0.683981 0.256509 -0.196907
246 0.0397942 -0.35501 0.75653 0.064277 -0.10048 -0.510875 0.0456475 -0.11318 -0.161702 0.499747 0.575866 0.369089 0.137801 -1.1353 -0.47052 -0.109641 0.295619 -0.715447 0.0891308 -0.201405 0.23512 0.147594 -0.00592036 -0.836168 0.038196 0.229338 -0.549204 -0.150114 0.700252 -0.674037 0.363536 -0.141207
205 0.451014 -0.856249 -0.140238 -0.0546666 0.449663 -0.265097 0.486552 -0.319187 -0.177569 0.890305 0.576477 0.641666 -0.407359 -0.50863 -0.738912 0.654878 -0.125485 -0.361447 -0.990255 -0.412802 0.450744 0.0381141 -0.305367 -0.379506 -0.15035 0.688082 -0.15341 -0.153842 0.0717338 -0.0177107 0.145391 0.0950984
206 0.539395 -0.9971 -0.206862 -0.0748282 0.538149 -0.286624 0.613962 -0.348939 -0.230484 1.05424 0.59481 0.692007 -0.528324 -0.670519 -0.859056 0.806652 -0.182089 -0.408665 -1.12434 -0.521447 0.543637 0.112402 -0.351661 -0.434655 -0.235873 0.833449 -0.189415 -0.19766 0.0362379 -0.0844133 0.211629 0.0757219
207 0.536819 -1.02309 -0.149101 -0.0699164 0.584554 -0.220488 0.809596 -0.322104 -0.295169 1.00502 0.392702 0.639858 -0.591012 -0.972316 -0.825594 0.769066 -0.254028 -0.275271 -0.771757 -0.481033 0.626911 0.322264 -0.362098 -0.435524 -0.290587 0.834733 -0.123648 -0.375405 -0.189467 -0.116913 0.407929 0.0938362
208 0.489873 -0.876066 -0.204024 -0.0775694 0.521048 -0.125855 0.743321 -0.220995 -0.2486 0.880734 0.225517 0.49934 -0.534069 -0.897973 -0.769101 0.696006 -0.265492 -0.178089 -0.593187 -0.451773 0.586998 0.300413 -0.329891 -0.359952 -0.25748 0.763088 -0.0966966 -0.344862 -0.213636 -0.128733 0.438502 0.124385
209 0.516601 -0.904555 -0.258681 -0.0267167 0.583851 -0.0642459 0.830167 -0.187389 -0.294543 0.917723 0.169262 0.58448 -0.64162 -1.07364 -0.837514 0.777337 -0.291823 -0.185895 -0.597768 -0.481944 0.630877 0.358525 -0.395792 -0.406249 -0.263204 0.866501 -0.0413207 -0.436191 -0.282705 -0.135213 0.533443 0.132883
210 0.438431 -0.871084 -0.167194 -0.0698429 0.582296 0.0536344 0.822811 -0.151208 -0.251431 0.814435 0.0940124 0.594526 -0.565533 -1.20183 -0.841878 0.708445 -0.238363 -0.106579 -0.407458 -0.506007 0.572148 0.395548 -0.404091 -0.391472 -0.211791 0.831949 -0.0401875 -0.486121 -0.343544 -0.167025 0.637162 0.160198
211 0.300819 -0.655162 -0.0573697 -0.0752724 0.454323 0.0450586 0.643253 -0.160605 -0.17284 0.62803 0.0636725 0.493822 -0.43282 -0.985511 -0.68994 0.524894 -0.138454 -0.106797 -0.272169 -0.421157 0.446449 0.313531 -0.330862 -0.288402 -0.176802 0.646069 -0.0478047 -0.417353 -0.250948 -0.138103 0.561516 0.106265
212 0.384492 -0.797504 -0.0813966 -0.0564709 0.563439 0.0790639 0.79033 -0.143821 -0.228893 0.801738 0.0695344 0.594114 -0.537339 -1.27344 -0.857442 0.687558 -0.196758 -0.0832396 -0.268206 -0.51312 0.573039 0.388802 -0.411445 -0.37272 -0.245921 0.851533 -0.0908959 -0.541589 -0.318518 -0.223194 0.723932 0.0928153
183 0.332438 -0.317628 0.502478 -0.438435 0.136365 -0.733667 0.185635 -0.661662 0.54048 0.643628 -0.146429 -0.0219292 0.0883581 -0.88363 -0.975764 0.453117 -0.234901 -0.0242207 -0.0954427 -0.32917 0.702517 0.138996 0.294362 0.158805 -0.701899 0.708224 -0.455816 0.232355 0.3501 -1.23015 0.126967 -0.0727495
184 0.246764 -0.337376 0.552887 -0.324577 0.17852 -0.756475 0.137792 -0.548664 0.522022 0.657374 -0.166018 -0.0186555 0.134463 -0.80277 -0.830461 0.385738 -0.281153 -0.000704896 0.00971926 -0.343639 0.715734 0.0424649 0.347168 0.137191 -0.66481 0.677501 -0.418313 0.301077 0.325779 -1.06727 0.0427456 -0.0142321
185 0.275922 -0.382076 0.577664 -0.361255 0.203556 -0.808941 0.117922 -0.601879 0.5229 0.73245 -0.179657 -0.000767821 0.18791 -0.993999 -0.951442 0.447395 -0.297673 0.0637466 -0.033598 -0.410593 0.845888 0.0422982 0.380215 0.120533 -0.796531 0.810333 -0.460869 0.339163 0.365762 -1.27169 0.00874626 -0.066156
186 0.24087 -0.391028 0.571862 -0.204346 0.270639 -0.8509 -0.152734 -0.659147 0.388916 0.645075 -0.26712 -0.100033 0.348647 -1.29448 -0.922472 0.452971 -0.32188 0.195558 0.132564 -0.57821 0.92568 0.0472175 0.349213 -0.0485344 -0.873661 0.840382 -0.499154 0.381183 0.343182 -1.23096 -0.0707882 -0.10313
187 0.22945 -0.370187 0.522839 -0.198451 0.282634 -0.787499 -0.211693 -0.626209 0.377407 0.569224 -0.25444 -0.093607 0.333647 -1.15985 -0.862266 0.386274 -0.298724 0.209678 0.136648 -0.537252 0.835454 0.0581613 0.314004 -0.0318834 -0.834267 0.730948 -0.451227 0.326674 0.325499 -1.09295 -0.13674 -0.0590939
188 0.234761 -0.368308 0.521486 -0.190944 0.276074 -0.840089 -0.236847 -0.683823 0.383571 0.539897 -0.226338 -0.10173 0.311981 -1.26925 -0.902649 0.441938 -0.302115 0.165378 0.166528 -0.647483 0.870531 0.0253616 0.284491 -0.128857 -0.85246 0.756864 -0.41569 0.362363 0.318859 -1.09569 -0.140683 -0.0626988
189 0.263599 -0.350527 0.437896 -0.226648 0.303842 -0.824636 -0.254494 -0.68655 0.320257 0.4696 -0.165138 -0.0548956 0.301382 -1.20979 -0.874817 0.412043 -0.202412 0.140821 0.127389 -0.653957 0.81926 -0.0440106 0.178776 -0.208107 -0.723882 0.675212 -0.370061 0.325056 0.179735 -0.9024 -0.10909 -0.0298035
50 -0.0850773 0.37035 0.291485 -0.422911 -0.346135 -0.558973 0.388429 -0.235699 -0.0797511 0.23645 0.829823 0.881028 -0.101512 -0.28061 -0.14065 1.29134 0.525717 -0.143347 -0.428666 -0.429416 1.06359 -0.860427 0.690202 -0.0912045 -0.206809 0.544061 -0.151649 0.114774 0.940747 -0.679624 0.445911 -0.218535
51 0.297888 0.191523 0.472185 -0.440883 -0.530071 -0.329716 0.601493 -0.44271 -0.155755 0.232038 1.02197 0.723251 -0.107138 -0.180774 -0.229627 1.22604 0.111372 -0.183622 -0.422955 -0.496925 1.1416 -1.04134 0.529995 -0.250914 -0.121497 0.46571 -0.0659564 -0.0363078 0.883864 -0.737449 0.45463 -0.112082
52 0.331143 0.134859 0.433729 -0.364052 -0.563303 -0.28801 0.58884 -0.418046 -0.128091 0.191481 0.988878 0.613773 -0.10739 -0.111471 -0.203525 1.10905 0.0490594 -0.177839 -0.359922 -0.513151 1.05662 -0.975859 0.482914 -0.21109 -0.107997 0.419503 -0.075942 -0.0340793 0.818994 -0.643918 0.386316 -0.119131
267 -0.308756 -0.363923 0.162926 -0.473488 -0.558571 -0.497553 0.224407 -0.340976 0.306504 0.562362 0.542543 0.502125 -0.551641 -0.76161 -0.457542 0.0972349 0.386862 -0.766243 -0.426494 -0.112231 0.815781 -0.316001 -0.239637 -0.295349 -0.522884 0.696897 0.118532 0.2475 -0.162506 -0.531854 -0.134155 -1.11033
181 0.509623 -0.0042464 0.144961 -0.747053 0.0890273 -0.469231 0.368787 -0.818433 0.418228 0.374568 0.101064 0.0348608 -0.164872 -0.743581 -0.95818 0.457525 0.0377096 -0.156871 -0.339191 -0.146174 0.254024 0.242601 -0.0826174 0.220835 -0.411139 0.398727 -0.296842 -0.162107 0.228585 -1.08843 0.392601 -0.21572
182 0.493639 -0.0606611 0.256668 -0.72734 0.119818 -0.594839 0.33771 -0.837128 0.527176 0.503814 -0.0631478 -0.0246496 -0.148653 -0.771512 -1.05424 0.484458 -0.0948158 -0.117144 -0.287857 -0.171949 0.407492 0.26882 0.0536665 0.297316 -0.527237 0.550474 -0.323383 -0.0557637 0.301684 -1.22495 0.29081 -0.162647
294 0.536987 0.286217 0.179723 -0.414141 0.295251 -1.02107 -0.386714 -0.876877 0.187791 -0.448892 1.17872 0.764027 0.506404 -0.488546 -0.0971455 1.00839 0.16201 -0.655663 -0.34548 -0.948961 0.212988 -0.105448 -0.0528601 -0.325079 0.198807 0.546083 -0.725236 -0.0178549 0.104836 -0.879696 1.1105 -0.311094
293 0.562746 0.192672 0.296102 -0.426299 0.215623 -0.802176 -0.239727 -0.788926 0.176613 -0.542134 1.13067 0.731138 0.402755 -0.474559 -0.0912949 0.850242 0.207933 -0.54191 -0.360603 -0.828215 0.341587 -0.16865 -0.00613314 -0.192524 0.114964 0.485368 -0.852623 -0.134314 0.159049 -0.722426 1.014 -0.238571
30 0.0531237 -0.651494 0.573843 -0.0399854 -0.516523 0.13973 0.429463 0.134383 -0.147598 0.200179 0.0822579 0.32835 -0.293255 -1.11082 -0.951152 0.737744 0.750933 -0.336685 -0.411469 -0.545275 0.807931 -0.069746 0.259374 -0.644647 0.380629 0.151746 -0.915059 -0.402164 -0.73432 -0.607542 0.0114629 -0.153677
263 -0.510458 -0.418209 0.742516 -0.717871 -0.322521 0.0924052 0.00801942 -0.547098 0.264579 0.386502 1.28091 0.582242 -0.20444 -1.13458 -0.695274 0.178792 0.35085 -0.574181 -0.579602 -0.106038 0.17772 -0.468613 -0.520535 -0.215311 -0.297703 0.499345 -0.133813 0.315746 -0.0151243 -0.578439 -0.451483 -0.516897
261 -0.51306 -0.424246 0.87044 -0.721503 -0.206034 0.179535 -0.0737383 -0.545171 0.173989 0.349446 1.40234 0.683365 -0.0939152 -1.23608 -0.787772 0.229616 0.317783 -0.598883 -0.624786 -0.11499 0.0812354 -0.489078 -0.508359 -0.28977 -0.355893 0.439357 -0.221913 0.281974 0.0337611 -0.567067 -0.490459 -0.397451
262 -0.467201 -0.382035 0.72484 -0.666306 -0.228911 0.147491 -0.0402553 -0.488375 0.176351 0.31994 1.23169 0.582701 -0.162887 -1.05812 -0.651992 0.183146 0.299245 -0.520489 -0.570759 -0.0866557 0.103851 -0.453902 -0.508984 -0.21657 -0.245364 0.401104 -0.172454 0.291183 0.0214007 -0.509235 -0.423917 -0.411415
160 -0.0085604 -0.177792 0.371012 0.620438 0.0703144 -0.594771 0.0149151 0.150061 0.0733653 -0.445519 0.763306 0.311068 0.0173939 -0.749157 -1.31853 0.406525 0.840099 -0.0680765 0.246459 0.437875 0.316329 -0.142472 0.413106 -0.556766 -0.56639 0.638406 -0.495396 0.0846544 0.0972193 -0.362665 0.0117349 -0.276407
191 0.309986 -0.362295 0.289531 -0.217996 0.310799 -0.836176 -0.241653 -0.652708 0.346403 0.363345 -0.127247 -0.102041 0.227779 -1.03513 -0.897146 0.430562 -0.114886 0.00608509 0.144241 -0.692406 0.744689 -0.0590502 0.0702988 -0.249367 -0.643839 0.613211 -0.361457 0.277335 0.163088 -0.726349 0.0167545 0.0289678
190 0.237152 -0.292898 0.38402 -0.212151 0.255448 -0.717619 -0.222902 -0.610841 0.309721 0.398282 -0.148798 -0.0790889 0.183248 -1.03129 -0.7528 0.387185 -0.177819 0.10437 0.111255 -0.612651 0.673291 0.00343061 0.113751 -0.189189 -0.627177 0.554066 -0.309788 0.266729 0.158412 -0.771539 -0.10634 -0.0619153
119 -0.0272474 -0.200399 0.579721 -0.668171 -0.150475 0.33046 0.496101 -0.99147 0.0226457 -0.46001 -0.173249 0.214755 -0.85369 -1.08145 -0.485084 0.44678 0.386984 -0.315013 0.245914 -0.314278 0.435844 0.173606 0.163101 -0.82644 -0.612211 0.750612 0.14369 -0.167833 0.200394 -0.294729 1.11329 -0.413159
118 -0.0507299 -0.105409 0.454195 -0.512141 -0.144512 0.290736 0.520348 -0.859028 0.0651539 -0.411695 -0.0522103 0.191145 -0.718097 -1.01928 -0.431293 0.417982 0.343384 -0.284405 0.114102 -0.280639 0.416689 0.190892 0.159131 -0.753596 -0.53333 0.610737 0.0868009 -0.155773 0.132905 -0.276705 1.00601 -0.444744
117 -0.0700672 0.0432345 0.406873 -0.494221 -0.187042 0.418446 0.573741 -0.915001 0.174732 -0.597313 -0.0441834 0.273105 -0.801291 -1.20905 -0.539176 0.465115 0.342378 -0.371585 0.117763 -0.35616 0.490512 0.267451 0.200726 -0.874779 -0.541448 0.622576 0.185586 -0.150702 0.0842706 -0.251873 1.20838 -0.547641
120 0.052269 -0.434299 0.850079 -0.827252 -0.135253 0.209175 0.448149 -1.12178 -0.0457817 -0.318023 -0.178407 0.280616 -0.936496 -1.17037 -0.551266 0.454354 0.497205 -0.299273 0.325955 -0.306762 0.507186 0.14717 0.186281 -1.00446 -0.710933 0.969204 0.0943474 -0.237566 0.286799 -0.391438 1.16237 -0.408282
213 0.169772 -0.76247 0.100908 -0.175752 0.461906 0.148445 0.684566 -0.192128 -0.200586 0.885979 0.165148 0.693505 -0.282435 -1.13613 -0.743979 0.485102 -0.0219024 -0.0860845 -0.180985 -0.506141 0.50795 0.159127 -0.34928 -0.22219 -0.135295 0.8473 -0.218838 -0.529593 -0.189098 -0.168449 0.771188 0.0187052
254 -0.462738 -0.20264 0.873627 -0.25616 0.0572785 0.10643 -0.377545 -0.216068 -0.628521 0.304053 1.2908 0.421902 0.251753 -1.09415 -0.795853 0.421426 -0.0928864 -0.586554 -0.3589 -0.347638 -0.231384 -0.102203 0.0767628 -0.775544 -1.08837 0.224048 -0.546888 -0.676327 0.488201 -1.01776 -0.0781304 0.000589749
252 -0.471688 -0.289566 0.935744 -0.23844 -0.0273487 -0.06113 -0.383811 -0.145096 -0.601237 0.344908 1.22458 0.396365 0.28387 -1.02343 -0.776043 0.307068 -0.0643555 -0.664836 -0.3604 -0.350819 -0.313005 -0.0432991 0.166382 -0.874087 -1.03218 0.188211 -0.48916 -0.644497 0.572159 -1.01756 -0.0132477 -0.0182584
253 -0.441815 -0.212644 0.863706 -0.218914 -0.00689718 -0.0101058 -0.37163 -0.15777 -0.555243 0.263639 1.15616 0.374447 0.261871 -0.968332 -0.726083 0.344649 -0.0874697 -0.56576 -0.337541 -0.336756 -0.265179 -0.0858077 0.0992851 -0.744774 -0.945759 0.16252 -0.474098 -0.604112 0.476479 -0.947649 -0.0492857 -0.0266217
74 0.326972 -0.298396 0.493457 0.0869011 0.231835 -0.52105 -0.0060702 -0.445211 0.625391 0.0410957 0.87426 0.965485 -0.993766 -1.23905 -0.271097 0.820205 -0.654193 0.20654 -0.0153951 0.0380586 0.203973 0.470927 -0.224245 -0.82268 -0.281736 -0.000697672 -0.81895 0.185898 -0.108022 -0.298822 0.209085 -0.677777
97 -0.480441 -0.442404 -0.0192848 -0.324415 0.481553 -0.209443 0.344864 -0.109905 0.533346 0.352571 0.568092 -0.123008 -0.171733 -0.68293 -0.322276 -0.0676735 -0.177809 -0.39375 -0.701126 -0.458803 0.544512 0.737852 -0.228574 -0.65931 -0.80804 0.676095 -0.858395 0.170898 0.342345 -0.559774 0.509815 -0.0303883
111 0.0233088 0.550909 -0.126923 -0.320362 -0.0208028 0.271497 0.27838 -0.32756 0.5349 -0.534895 0.551085 0.382165 0.0484721 -1.55653 -0.638956 0.372856 -0.0229013 -0.159375 -0.46727 -0.384465 0.503273 0.599876 0.273742 -0.879837 -0.673378 0.525556 0.177699 -0.409821 -0.537049 -0.254683 1.15751 -0.611912
113 -0.0187538 0.521811 -0.0820698 -0.300532 -0.0425958 0.318164 0.383248 -0.332066 0.470216 -0.584362 0.466676 0.35664 -0.148251 -1.50664 -0.621913 0.403913 0.0267043 -0.190873 -0.438534 -0.360826 0.545016 0.587647 0.236309 -0.900075 -0.67635 0.509107 0.174544 -0.362881 -0.369659 -0.215302 1.15129 -0.604035
112 0.0274501 0.499976 -0.123803 -0.295276 -0.0114062 0.218386 0.243684 -0.275066 0.466818 -0.546281 0.477752 0.337102 -0.0022672 -1.40113 -0.614689 0.392454 -0.0312782 -0.125495 -0.439675 -0.304954 0.463863 0.5723 0.245914 -0.804357 -0.623716 0.442397 0.19586 -0.405792 -0.45243 -0.206981 1.02547 -0.536545
224 -0.286259 -0.759102 0.644471 -0.50594 0.424008 -0.472462 0.392138 -0.472534 -0.238895 1.07874 0.890195 0.64162 0.337291 -0.798136 -0.354334 0.336851 0.163335 -0.154198 0.0173294 0.055298 0.213826 -0.586167 0.183611 -0.172359 -0.0932176 0.648533 -0.587848 -0.307396 0.261283 -0.0995648 0.980559 -0.367075
37 -0.387478 -0.182561 0.424754 0.0667106 0.319056 -0.175726 0.401134 0.012806 -0.070124 0.0960206 -0.361784 0.796021 -0.54 -0.650966 -0.646621 0.766279 1.11067 0.323052 -0.724644 -0.215042 0.992745 0.339203 0.517631 -0.0808196 -0.483976 0.300827 -0.712692 -0.250066 -0.36601 -0.790696 0.18579 -0.509881
38 -0.423739 -0.186288 0.450819 0.0669951 0.350474 -0.253122 0.421018 0.0234382 -0.0378985 0.098073 -0.417461 0.958506 -0.651183 -0.7272 -0.674429 0.895944 1.2912 0.357665 -0.786423 -0.277597 1.14417 0.397787 0.576555 -0.112345 -0.612138 0.370413 -0.802752 -0.218308 -0.406172 -0.862069 0.211645 -0.601478
22 -0.187128 -0.0706882 0.412204 0.017002 -0.554976 0.0880247 0.498239 -0.0218599 -0.124223 -0.179608 0.310151 0.565843 0.104007 -1.0124 -0.307992 0.226378 0.251305 -0.41763 -0.862305 -0.460567 0.784467 -0.522515 0.524337 -0.666547 -0.219623 0.285656 -0.497093 0.00240742 0.146636 -0.501784 0.198637 0.113587
106 -0.0244296 -0.137886 -0.125794 -0.520317 0.11677 -0.17866 -0.115303 -0.375435 0.49079 0.326938 0.536821 0.24885 0.388072 -0.999482 -0.686518 -0.0439535 0.0516346 -0.156663 -0.330014 -0.547954 0.420097 0.468155 0.135221 -0.563326 -0.584178 0.50531 -0.386245 -0.134189 -0.450665 -0.294765 0.388805 -0.200197
237 0.11856 0.346473 0.124025 0.0862737 0.401823 -0.041023 0.513007 0.318683 0.317378 0.54359 0.811746 0.170566 -0.0584878 -1.42732 -0.0953173 -0.00837006 0.669313 -0.119455 0.639082 -0.310795 0.471021 -0.406498 -0.0262793 -1.1567 0.00115752 0.503138 -1.01283 0.264819 -0.290338 -0.677055 0.693682 -0.502517
239 0.0937932 0.278544 0.14808 0.118891 0.329352 -0.127525 0.482685 0.197974 0.119671 0.477355 0.898091 0.186786 -0.0632547 -1.47602 -0.0907342 0.103501 0.694721 -0.214811 0.637587 -0.267887 0.479585 -0.285973 -0.113581 -1.04601 0.0856134 0.430115 -1.06202 0.200344 -0.0350546 -0.702049 0.667961 -0.55249
240 0.100967 0.201142 0.255171 0.145136 0.266798 -0.249291 0.403805 0.120756 0.0280862 0.438667 0.860562 0.209515 -0.0143516 -1.50909 -0.121879 0.119485 0.714366 -0.321293 0.595236 -0.276329 0.535925 -0.173536 -0.104205 -1.0588 0.226436 0.400211 -1.06205 0.134504 0.133956 -0.730869 0.642643 -0.472026
238 0.104769 0.275521 0.113358 0.129501 0.316905 -0.0599231 0.462514 0.229572 0.204612 0.438672 0.823575 0.144753 -0.0696579 -1.34131 -0.0596254 0.0444755 0.595536 -0.140636 0.611804 -0.266557 0.414978 -0.317049 -0.0718849 -1.01104 0.0612736 0.391389 -0.995206 0.177752 -0.133666 -0.591521 0.612517 -0.466818
46 -0.314758 0.333296 0.332796 -0.413379 0.0698656 -0.87506 0.3037 -0.164731 0.201425 0.138581 0.192409 1.06899 -0.175136 -0.325365 0.0851051 0.951898 0.838768 0.0829643 -0.557737 -0.30584 0.843584 -0.26689 0.599808 -0.156251 -0.696006 0.52299 -0.205959 0.210815 0.651697 -0.527511 0.309172 -0.314236
45 -0.364142 0.285925 0.424063 -0.48291 0.154405 -1.07355 0.386794 -0.251329 0.246625 0.184629 0.154643 1.23574 -0.206569 -0.391848 0.153537 1.05225 0.962513 0.120545 -0.618897 -0.376051 0.945911 -0.153958 0.64299 -0.233952 -0.895486 0.612182 -0.241875 0.279098 0.650662 -0.565866 0.323208 -0.396246
44 -0.335204 0.149012 0.442901 -0.472153 0.347748 -1.16318 0.402624 -0.226961 0.345372 0.106496 -0.0406797 1.26186 -0.287335 -0.457082 0.13365 0.884298 1.0813 0.205229 -0.653614 -0.275957 0.938921 0.138477 0.57092 -0.361173 -1.08032 0.637589 -0.344528 0.274539 0.349594 -0.531786 0.315524 -0.474546
43 -0.309918 0.0684095 0.412541 -0.43158 0.320454 -1.01281 0.441576 -0.237589 0.304063 0.128489 -0.0557853 1.13993 -0.291881 -0.372129 0.134026 0.771138 0.98266 0.233143 -0.593235 -0.256742 0.863262 0.15946 0.501349 -0.303841 -0.954822 0.546424 -0.339349 0.214521 0.238485 -0.446111 0.234172 -0.396204
42 -0.341008 0.0867532 0.441914 -0.421761 0.353816 -1.01707 0.442596 -0.214825 0.304825 0.102362 -0.0823534 1.1862 -0.325962 -0.438676 0.093869 0.82247 1.06379 0.245049 -0.651919 -0.25967 0.922984 0.232246 0.536805 -0.313254 -1.01399 0.561663 -0.399796 0.200458 0.198425 -0.551807 0.271466 -0.497199
39 -0.390416 -0.0844853 0.407337 -0.16315 0.387127 -0.572655 0.439294 -0.0828773 0.0923862 0.0552513 -0.307869 1.03921 -0.504568 -0.575979 -0.335791 0.796981 1.2011 0.372039 -0.709022 -0.258905 1.10347 0.371917 0.590464 -0.194703 -0.801327 0.43283 -0.573541 -0.0689927 -0.227088 -0.735826 0.214318 -0.571333
40 -0.34498 0.0438757 0.334892 -0.244197 0.350362 -0.656777 0.333689 -0.0703065 0.141057 0.0471601 -0.174184 0.985582 -0.358323 -0.419677 -0.126921 0.694804 1.00122 0.31874 -0.555822 -0.201655 0.927629 0.262264 0.479737 -0.221697 -0.774986 0.419683 -0.418048 0.0352632 -0.0604458 -0.56707 0.232057 -0.484271
41 -0.338208 -0.0223313 0.416917 -0.304681 0.429162 -0.812123 0.435025 -0.149897 0.222113 0.0679285 -0.150259 1.12235 -0.414572 -0.542201 -0.109081 0.780001 1.13434 0.315446 -0.643403 -0.232751 1.03698 0.366771 0.537345 -0.317334 -0.942502 0.503647 -0.518874 0.0767598 -0.0850384 -0.607471 0.26343 -0.549813
110 0.0114161 0.477934 -0.0886495 -0.416781 0.00124728 0.1017 0.0377182 -0.251686 0.55129 -0.330148 0.513148 0.360814 0.29431 -1.46466 -0.677659 0.170603 0.0556445 -0.0922431 -0.437848 -0.477658 0.429982 0.570417 0.226569 -0.854992 -0.683776 0.546659 0.0832243 -0.45669 -0.654482 -0.229767 0.950057 -0.474405
116 -0.144092 0.304819 0.137152 -0.308827 -0.214771 0.456557 0.691617 -0.736247 0.276476 -0.710292 0.182018 0.293971 -0.707659 -1.36299 -0.541228 0.547083 0.224464 -0.410588 -0.121037 -0.359233 0.581028 0.378496 0.185435 -0.865333 -0.55231 0.520932 0.182151 -0.104381 0.0332251 -0.222303 1.28939 -0.703174
114 -0.0999381 0.440874 0.0311144 -0.249162 -0.13948 0.48185 0.607543 -0.613333 0.394303 -0.74638 0.256091 0.311566 -0.558476 -1.4069 -0.579305 0.540908 0.0670284 -0.334006 -0.211758 -0.369057 0.527543 0.472424 0.239424 -0.842894 -0.567252 0.477287 0.246223 -0.19421 -0.0953911 -0.138672 1.28537 -0.653438
121 0.133613 -0.478302 0.855417 -0.875433 -0.093477 0.142058 0.373857 -1.00948 -0.0633052 -0.189954 -0.208767 0.295926 -0.793658 -0.983072 -0.423507 0.396662 0.42602 -0.175218 0.371426 -0.260357 0.442413 0.0799466 0.174807 -0.87751 -0.609892 0.895057 0.130954 -0.279297 0.268327 -0.344329 0.967535 -0.233231
122 0.185111 -0.499925 0.921712 -0.951025 -0.146063 0.116476 0.432692 -1.13771 -0.0574095 -0.192861 -0.199936 0.267443 -0.862362 -1.06965 -0.444459 0.429627 0.48633 -0.158702 0.430753 -0.255901 0.518396 0.167977 0.188481 -0.975003 -0.706342 0.953094 0.107022 -0.302681 0.303386 -0.349706 1.05901 -0.26174
249 -0.289108 -0.515358 0.973583 -0.30664 -0.128652 -0.51737 -0.201923 -0.257849 -0.352437 0.652422 1.07301 0.400033 0.282321 -0.938825 -0.750343 0.0980926 0.00141626 -0.809962 -0.351646 -0.467306 -0.305778 0.0617082 0.227124 -0.920756 -0.775409 0.167502 -0.252167 -0.398874 0.690462 -0.979563 0.117239 -0.0997571
251 -0.320987 -0.468016 0.939083 -0.319254 -0.1139 -0.430149 -0.262514 -0.270328 -0.384343 0.561705 1.08132 0.391134 0.285199 -0.958224 -0.763219 0.156281 -0.0251945 -0.770991 -0.364059 -0.455584 -0.324801 0.0671634 0.209325 -0.898604 -0.845654 0.151878 -0.262526 -0.451417 0.671182 -0.996537 0.074292 -0.104068
232 0.254802 -0.159744 0.613945 -0.193441 0.562169 -0.27924 0.521797 -0.221541 0.44058 0.893357 0.524618 0.461699 0.152647 -1.04938 -0.278881 -0.0391857 0.152787 -0.145605 0.253514 -0.0687285 0.662572 -0.486543 -0.0433526 -0.783644 -0.265762 0.60837 -0.103051 0.141204 -0.49014 -0.451799 0.520617 -0.171367
231 0.272337 -0.29536 0.763734 -0.228801 0.667686 -0.370189 0.588982 -0.360233 0.432745 1.06121 0.621478 0.572084 0.234018 -1.14802 -0.329388 0.0234559 0.143048 -0.163435 0.223634 -0.0531813 0.743103 -0.575271 -0.0952813 -0.814186 -0.307501 0.692592 -0.0498751 0.0860718 -0.540438 -0.459869 0.560936 -0.121251
233 0.285769 -0.0292133 0.626012 -0.102976 0.639482 -0.186992 0.596396 -0.0572544 0.529414 0.969758 0.602634 0.439486 0.182657 -1.2038 -0.23285 -0.100227 0.249911 -0.109117 0.446259 -0.0622699 0.623504 -0.606069 -0.0244306 -0.941133 -0.255806 0.654702 -0.266108 0.230934 -0.595326 -0.45878 0.599062 -0.26169
230 0.279066 -0.464998 0.998341 -0.244607 0.737399 -0.486822 0.634904 -0.595198 0.340338 1.238 0.764806 0.718308 0.335097 -1.24241 -0.328508 0.132288 0.054125 -0.139155 0.170264 -0.0522923 0.903377 -0.669756 -0.114845 -0.820654 -0.331865 0.737086 0.0654433 0.00920299 -0.517526 -0.488137 0.616279 -0.10319
141 -0.300592 -0.500024 -0.291112 0.101351 -0.455745 -0.703845 0.0505109 -0.0302329 -0.891183 -0.0998349 0.543867 -0.224783 0.380494 -0.845499 -0.740525 0.874172 0.286382 -0.312169 -0.556397 0.102409 0.811366 0.599113 -0.430001 -1.0012 -0.292062 0.919989 -0.143126 -0.0744426 0.169218 -0.496144 0.452126 -0.735033
86 -0.334164 -0.447263 1.05332 -0.588949 0.324864 -0.863121 0.504653 -0.229041 -0.501075 0.432902 1.04598 0.220684 -0.24753 -0.61992 0.00334969 0.474696 -0.0281593 -0.0850437 -0.663749 -0.0323258 0.131677 0.200053 -0.164871 -0.427266 -0.911419 0.27016 -0.837114 0.526443 0.506408 -0.107878 0.523338 -0.435493
85 -0.213784 -0.476472 0.905525 -0.482782 0.211475 -0.786279 0.471721 -0.338831 -0.355156 0.415596 0.937289 0.308843 -0.256267 -0.639016 -0.0415926 0.458399 -0.0050807 -0.0250854 -0.554049 -0.0244326 0.188832 0.172354 -0.113694 -0.36816 -0.715895 0.305113 -0.690719 0.386259 0.379143 -0.159198 0.395194 -0.440944
84 -0.205994 -0.584226 1.03603 -0.509347 0.161499 -0.990805 0.602159 -0.395472 -0.387764 0.511706 1.12936 0.419129 -0.404957 -0.694525 0.0133587 0.514804 -0.0167687 0.118137 -0.671481 0.0122891 0.223431 0.184022 -0.128731 -0.332163 -0.677364 0.372601 -0.720342 0.408839 0.379162 -0.06964 0.289112 -0.539664
88 -0.395621 -0.175959 0.710116 -0.502418 0.457538 -0.486872 0.30365 0.0072106 -0.405488 0.284009 0.643781 -0.0824398 -0.0174819 -0.477263 -0.0849486 0.395638 -0.0419095 -0.277851 -0.571533 -0.144278 0.102174 0.246245 -0.10626 -0.525696 -0.966193 0.194653 -0.849013 0.485562 0.558122 -0.254482 0.777118 -0.199142
59 0.38739 -0.175008 0.304897 -0.0831693 -0.424284 -0.0918692 0.792199 -0.234539 0.106513 0.36186 0.688318 0.255662 -0.483805 -0.257763 -0.163292 1.07384 -0.431664 0.121721 -0.312363 -1.11934 0.357723 -0.0696989 0.7118 -0.917718 -0.667381 0.796573 0.134778 -0.14721 0.541648 -0.914375 0.110195 -0.174597
58 0.332305 -0.110785 0.295645 -0.0758685 -0.383749 -0.119623 0.639495 -0.204073 0.0802205 0.273791 0.561093 0.230105 -0.364943 -0.210075 -0.161839 0.840475 -0.313999 0.0761356 -0.275527 -0.863684 0.391433 -0.171513 0.549327 -0.68742 -0.48424 0.619358 0.117627 -0.0766611 0.489028 -0.720656 0.101053 -0.112707
60 0.253971 -0.161408 0.155637 0.0217653 -0.275564 -0.0723266 0.75175 -0.163879 0.196444 0.420231 0.658754 0.194233 -0.5162 -0.344934 -0.213591 1.07159 -0.341426 0.0977142 -0.243494 -1.29216 0.165247 0.144413 0.829969 -0.993885 -0.690933 0.918022 -0.0723688 -0.182081 0.50814 -1.00194 0.0935889 -0.221263
61 0.212261 -0.142144 0.10512 0.0751817 -0.187394 -0.0525587 0.674286 -0.114 0.256009 0.416755 0.621107 0.132624 -0.545592 -0.357753 -0.144912 0.995123 -0.397117 0.141421 -0.168611 -1.2365 0.0733387 0.290801 0.790234 -1.0283 -0.649551 0.869066 -0.10809 -0.169646 0.48959 -0.920688 0.0415101 -0.21001
62 0.252544 -0.14807 0.094563 0.033018 -0.156513 -0.101649 0.699289 -0.118937 0.297443 0.463814 0.711138 0.207287 -0.581871 -0.377398 -0.211615 1.10015 -0.352026 0.127167 -0.243134 -1.41735 0.0324862 0.264541 0.868259 -1.11603 -0.661882 0.951062 -0.134258 -0.196062 0.492936 -0.977786 0.0413123 -0.267513
291 0.627979 0.102185 0.435689 -0.523507 0.212832 -0.814961 -0.15397 -0.82627 0.171826 -0.579559 1.17145 0.767189 0.400923 -0.485421 -0.0975463 0.886974 0.204057 -0.476596 -0.410077 -0.811252 0.42331 -0.15466 0.0616423 -0.145053 0.104823 0.497338 -0.917832 -0.181099 0.188417 -0.705482 0.980579 -0.195257
63 0.197599 -0.129102 0.11995 0.0404429 -0.0309258 -0.156185 0.58106 -0.0964547 0.376057 0.492841 0.746969 0.245102 -0.656108 -0.523599 -0.243603 1.02029 -0.34284 0.105498 -0.17266 -1.32444 -0.0547253 0.393366 0.707177 -1.03964 -0.597932 0.874923 -0.280931 -0.0914519 0.387401 -0.804065 0.000912983 -0.310264
65 0.199097 -0.112663 0.156922 0.0531894 -0.0294536 -0.166548 0.482145 -0.121828 0.371774 0.478013 0.783394 0.275589 -0.704455 -0.54886 -0.286964 0.945608 -0.360058 0.0908934 -0.16912 -1.23208 -0.058302 0.396575 0.605679 -0.984011 -0.5208 0.80559 -0.34007 -0.0777859 0.365785 -0.706858 -0.00134847 -0.313852
49 -0.149509 0.354545 0.269046 -0.323145 -0.264107 -0.492953 0.325095 -0.149516 -0.0619183 0.190717 0.645768 0.760331 -0.0492894 -0.319939 -0.125351 1.07645 0.520776 -0.122653 -0.39843 -0.35457 0.916613 -0.669793 0.622604 -0.0609022 -0.195856 0.46853 -0.179817 0.0938572 0.795812 -0.630594 0.363886 -0.204245
48 -0.255947 0.451206 0.295141 -0.430883 -0.221046 -0.679699 0.326545 -0.170862 -0.0205462 0.246286 0.675786 0.939143 -0.0773299 -0.273938 -0.0528968 1.22371 0.692958 -0.114285 -0.457728 -0.362353 1.00561 -0.770946 0.736488 -0.00812091 -0.302159 0.509944 -0.151422 0.161456 0.95093 -0.650317 0.388534 -0.233351
47 -0.34848 0.435094 0.305063 -0.433196 -0.00217745 -0.892135 0.30631 -0.171799 0.18403 0.159121 0.352143 1.13772 -0.143122 -0.379148 0.0735863 1.1447 0.881262 0.0296548 -0.553117 -0.368735 0.991633 -0.454914 0.717217 -0.126403 -0.652492 0.576469 -0.173023 0.212352 0.794354 -0.599727 0.365195 -0.339916
158 0.341845 -0.587646 0.768432 0.498822 0.215534 -1.10243 0.0451068 0.0710928 0.387583 -0.362567 0.899647 0.543872 -0.163757 -0.859972 -1.20934 0.637593 1.01909 -0.0166645 0.220081 0.369427 0.382734 -0.282168 0.276629 -0.606845 -0.671658 0.724385 -0.716151 0.0502041 0.0878331 -0.340742 -0.14225 -0.0378271
115 -0.111113 0.352094 0.0671476 -0.214023 -0.175112 0.433882 0.611559 -0.600314 0.329602 -0.660738 0.182162 0.25711 -0.598825 -1.26427 -0.484586 0.489162 0.116757 -0.340302 -0.154102 -0.300885 0.53391 0.364995 0.159286 -0.770097 -0.477793 0.422203 0.162021 -0.0955076 -0.00132507 -0.155357 1.15283 -0.61813
236 0.198934 0.308641 0.203423 0.0128997 0.509672 0.00540628 0.537246 0.345264 0.489852 0.662908 0.725099 0.276497 -0.0726421 -1.39011 -0.194019 0.00623519 0.560543 -0.0978801 0.533913 -0.256819 0.43599 -0.510223 -0.000136921 -1.17327 -0.201956 0.644484 -0.8462 0.377093 -0.467703 -0.662649 0.76823 -0.546917
235 0.162158 0.27552 0.208439 0.0287934 0.404273 0.0291976 0.467464 0.325225 0.400752 0.521656 0.565445 0.259156 -0.0417589 -1.18677 -0.211743 -0.0168401 0.506217 -0.1029 0.44282 -0.224038 0.385495 -0.458129 0.0347586 -1.02144 -0.182424 0.565946 -0.710288 0.325483 -0.347071 -0.584338 0.64774 -0.466381
234 0.210612 0.245463 0.244981 -0.0256682 0.526611 -0.01224 0.540423 0.301182 0.516212 0.711871 0.66739 0.306333 -0.0298623 -1.38186 -0.233625 -0.0317977 0.495217 -0.0694885 0.500748 -0.202714 0.475042 -0.506286 -0.0166461 -1.14182 -0.263537 0.679659 -0.699122 0.342416 -0.504585 -0.641186 0.734554 -0.494334
64 0.160902 -0.0972012 0.110941 0.0406371 0.0111982 -0.095594 0.502865 -0.0882724 0.341001 0.454226 0.673614 0.196352 -0.631823 -0.484022 -0.262365 0.868352 -0.32631 0.0606907 -0.183157 -1.17781 -0.0790774 0.358009 0.58199 -0.928983 -0.513783 0.776142 -0.263537 -0.102521 0.36106 -0.681976 0.0169176 -0.25066
157 0.365376 -0.615711 0.766112 0.351429 0.206838 -1.07366 0.0797231 -0.0187067 0.35743 -0.269173 0.801624 0.543305 -0.190761 -0.805576 -1.05304 0.613104 0.911044 0.0149443 0.134545 0.287084 0.373031 -0.229197 0.173685 -0.560526 -0.551159 0.639325 -0.665194 0.0102351 0.0779971 -0.311049 -0.118023 -0.0556775
81 -0.0411845 -0.639454 1.03254 -0.195069 0.0533841 -0.987071 0.704541 -0.509544 -0.122888 0.547516 1.06723 0.661754 -0.746164 -0.939151 0.0547683 0.715179 -0.225871 0.415474 -0.671904 0.0488963 0.315955 0.172522 -0.0878657 -0.134955 -0.394408 0.431618 -0.606092 0.215303 0.256111 -0.175216 0.0366614 -0.762525
82 0.0114162 -0.622047 0.972017 -0.215182 0.012394 -0.959922 0.629612 -0.501034 -0.0803725 0.465135 0.992726 0.581168 -0.647495 -0.817531 0.00761702 0.659193 -0.141747 0.367334 -0.566403 0.0218311 0.332566 0.117375 -0.0867599 -0.107497 -0.340224 0.43449 -0.551756 0.168469 0.226732 -0.138051 0.0264567 -0.652845
83 -0.073407 -0.648606 1.03674 -0.289615 0.0783638 -1.0068 0.691874 -0.473335 -0.16429 0.547629 1.07206 0.561926 -0.64574 -0.85475 0.0347515 0.622991 -0.173025 0.311989 -0.638309 0.0213215 0.304909 0.166527 -0.0989629 -0.195585 -0.497772 0.443125 -0.631569 0.278191 0.285374 -0.149201 0.0906516 -0.688045
225 -0.0475606 -0.680419 0.832119 -0.361224 0.61641 -0.488292 0.624769 -0.544811 -0.0883973 1.09068 0.888337 0.5181 0.329291 -0.881218 -0.30615 0.330614 -0.0270319 -0.0507631 0.0637681 0.0932018 0.435793 -0.662232 0.10349 -0.47607 -0.149468 0.564578 -0.289095 -0.0521778 -0.0153133 -0.0392517 0.806815 -0.18808
227 0.0678916 -0.610438 0.915633 -0.307165 0.666815 -0.465723 0.674286 -0.554761 0.0263753 1.1659 0.86017 0.564193 0.319877 -1.01189 -0.313193 0.329004 -0.0163731 -0.0412183 0.0740281 0.0222159 0.63335 -0.663289 0.0360233 -0.62696 -0.221189 0.637331 -0.165581 0.0113444 -0.189787 -0.180317 0.737263 -0.162682
226 0.0438015 -0.580194 0.767432 -0.276135 0.565188 -0.447963 0.590715 -0.475602 -0.0295952 0.987078 0.75129 0.470811 0.279862 -0.811636 -0.285319 0.317181 -0.0125051 -0.032059 0.0335187 0.0377402 0.450485 -0.578873 0.0661465 -0.502638 -0.141411 0.506875 -0.228725 0.015641 -0.104362 -0.0576901 0.691527 -0.1441
228 0.169318 -0.507418 0.984757 -0.285675 0.706475 -0.498089 0.664043 -0.59277 0.242514 1.21229 0.771505 0.644272 0.348343 -1.17995 -0.3545 0.187854 0.0457122 -0.139972 0.112909 0.024057 0.812115 -0.683891 -0.0571776 -0.701501 -0.285798 0.690935 -0.0244508 -0.00137205 -0.381729 -0.407574 0.669032 -0.103586
229 0.249074 -0.438899 0.965335 -0.220313 0.709244 -0.445626 0.636749 -0.564225 0.302454 1.17187 0.695052 0.648225 0.32161 -1.1111 -0.259004 0.0868014 0.0628695 -0.111813 0.17593 0.0380625 0.846015 -0.64757 -0.126708 -0.761878 -0.263599 0.647543 0.0850731 0.0141266 -0.487067 -0.389845 0.538867 -0.00292414
292 0.502031 0.0976794 0.319076 -0.426767 0.194218 -0.690635 -0.125957 -0.674031 0.1536 -0.470396 0.979035 0.664409 0.311732 -0.413821 -0.1068 0.748435 0.17706 -0.418099 -0.344013 -0.692678 0.354797 -0.141921 0.0442186 -0.139408 0.0966343 0.435666 -0.78212 -0.145708 0.157382 -0.612562 0.851527 -0.15137
245 0.158083 -0.19931 0.617411 0.299215 -0.0706371 -0.448895 0.141327 0.0378422 -0.102304 0.4175 0.405721 0.383442 0.0604788 -1.50852 -0.425871 -0.114482 0.565679 -0.721416 0.305341 -0.116588 0.609633 0.187855 -0.156363 -0.919347 0.387957 0.329575 -0.800213 -0.0240917 0.70075 -0.72524 0.559153 -0.25283
244 0.186919 -0.152243 0.583585 0.298016 -0.0658953 -0.441677 0.169491 0.0154828 -0.0884365 0.380786 0.354476 0.335127 0.0446379 -1.39251 -0.35673 -0.167428 0.553323 -0.674654 0.317009 -0.0739279 0.6116 0.184076 -0.143534 -0.864313 0.440681 0.302959 -0.794107 -0.0281519 0.714977 -0.628564 0.548941 -0.222669
243 0.219114 -0.157735 0.608267 0.268987 -0.0300425 -0.512392 0.231219 0.000922352 -0.0382094 0.452755 0.471806 0.360722 0.0200469 -1.50233 -0.351192 -0.11593 0.599015 -0.684115 0.370631 -0.118942 0.634742 0.168572 -0.157924 -0.9161 0.423046 0.348109 -0.8294 0.0237848 0.676699 -0.688296 0.572711 -0.300359
242 0.122918 0.0906478 0.358303 0.20958 0.156371 -0.291425 0.316637 0.120173 -0.0127511 0.410291 0.68901 0.245235 -0.0260318 -1.43329 -0.121566 -0.00770244 0.64879 -0.422527 0.530058 -0.203294 0.509599 -0.0524028 -0.158595 -0.951244 0.292671 0.333762 -0.950948 0.102225 0.362066 -0.685198 0.569845 -0.38362
241 0.104792 0.143885 0.247162 0.135736 0.233852 -0.270452 0.347354 0.088215 0.00473492 0.385656 0.782135 0.197715 -0.0317046 -1.34741 -0.139083 0.1066 0.648988 -0.29093 0.529216 -0.239017 0.48624 -0.116052 -0.129009 -0.889134 0.21012 0.336108 -0.949121 0.111498 0.213895 -0.671068 0.550451 -0.412458
250 -0.26898 -0.489516 0.877363 -0.303886 -0.102491 -0.450174 -0.221471 -0.247341 -0.328565 0.615329 1.01025 0.392811 0.280598 -0.889113 -0.693185 0.0958861 -0.0147188 -0.740258 -0.327075 -0.44104 -0.286006 0.0456901 0.191567 -0.83488 -0.722516 0.170932 -0.227146 -0.416925 0.639829 -0.920276 0.0888754 -0.0855819
260 -0.479462 -0.410201 0.875528 -0.611715 -0.0921023 0.188295 -0.137431 -0.457874 -0.0138016 0.324552 1.27415 0.657991 -0.00304563 -1.1758 -0.750104 0.259943 0.210525 -0.590712 -0.570665 -0.18233 0.00427341 -0.41497 -0.348571 -0.378558 -0.449844 0.348682 -0.294429 0.128604 0.0995253 -0.582425 -0.390411 -0.270827
125 0.344812 -0.627342 1.02693 -0.948528 0.0148101 -0.344706 0.626755 -1.28627 -0.115826 0.226548 0.1807 0.382727 -0.527309 -0.949015 -0.135814 0.507161 0.422375 0.0921422 0.489402 -0.11554 0.652562 0.349346 0.215936 -1.11501 -0.566158 0.888523 -0.00953875 -0.328753 0.196904 -0.164811 0.930984 -0.148097
124 0.282147 -0.502543 0.888255 -0.806997 -0.0532232 -0.173169 0.506073 -1.04322 -0.110894 0.105882 0.0945264 0.299833 -0.507344 -0.836858 -0.181069 0.434101 0.375971 0.0344707 0.400352 -0.170973 0.524008 0.255958 0.182406 -0.908062 -0.486634 0.790449 0.0209807 -0.300046 0.195134 -0.173185 0.848683 -0.175199
123 0.327501 -0.619081 1.02732 -1.00335 -0.0445599 -0.125647 0.568666 -1.25689 -0.132713 0.0740271 0.00133163 0.339439 -0.666619 -0.97135 -0.244861 0.484223 0.412967 0.0189095 0.522156 -0.187355 0.622593 0.280698 0.229279 -1.06915 -0.61489 0.959973 0.0695578 -0.341447 0.253379 -0.201019 0.986318 -0.127442
126 0.32221 -0.572287 0.869182 -0.766986 -0.0343112 -0.318675 0.627619 -1.19804 -0.185687 0.244336 0.234354 0.318105 -0.382282 -0.876943 -0.0958991 0.554764 0.370813 0.037352 0.366398 0.00949096 0.627511 0.353183 0.198778 -1.02724 -0.52807 0.771298 -0.0994661 -0.200676 0.155039 -0.166068 0.855026 -0.179312
175 0.572764 -0.0476657 -0.0678838 -0.911069 0.127353 -0.483187 0.48933 -1.0408 0.266674 0.060583 0.553783 -0.112763 -0.0393587 -0.957384 -0.913535 0.336977 0.308039 -0.0743712 -0.378152 0.0400097 0.0721189 -0.0795753 -0.454624 0.134059 -0.343102 0.0362183 -0.365231 -0.313603 0.119129 -1.12207 0.419533 -0.443449
176 0.696018 -0.00402876 -0.112426 -1.05536 0.100191 -0.509016 0.522 -1.19502 0.306252 0.10199 0.636812 -0.113524 -0.0806035 -1.1213 -1.10879 0.453203 0.341903 -0.134843 -0.426256 0.00131603 0.0516896 -0.000984698 -0.529099 0.189605 -0.369599 0.0686675 -0.411687 -0.398421 0.158494 -1.34786 0.501419 -0.553894
147 0.200393 -1.00977 0.144794 0.0703882 -0.319168 -0.905499 0.213107 -0.283353 -0.443488 -0.10984 0.949002 0.122566 -0.0478633 -0.546502 -0.772942 0.685344 0.670406 -0.395898 -0.168242 0.0306283 0.924379 0.526973 -0.752199 -0.610745 -0.151028 0.659762 -0.141477 -0.376599 0.312652 -0.137549 0.201905 -0.409329
