300 8
145 -0.242648 -0.500966 -0.734439 -1.31539 0.964451 -1.61213 1.5167 0.136525
144 -0.323186 -0.481372 -0.818074 -1.4571 1.23813 -1.7747 1.52541 0.22499
146 -0.250347 -0.534973 -0.945019 -1.47772 0.927557 -1.59044 1.61547 0.0926297
143 -0.413317 -0.334027 -0.546728 -1.41063 1.44398 -1.80653 1.47984 0.405074
141 -0.435379 -0.0982187 -0.327621 -1.30965 1.78011 -1.84813 1.38016 0.772087
230 -1.53106 1.16139 -0.234239 -1.04624 -0.0709198 -0.872034 1.8019 0.630273
229 -1.34248 0.88279 -0.176834 -0.888557 -0.147958 -0.599703 1.62016 0.512629
228 -1.73802 0.962658 -0.471307 -0.963989 -0.0934754 -0.585332 2.14383 0.565448
227 -1.78704 0.853697 -0.798841 -1.05504 -0.0468013 -0.346115 2.40167 0.467809
226 -1.47226 0.581281 -0.746481 -0.847068 0.0490708 -0.0312185 2.22643 0.258567
225 -1.56711 0.574904 -0.911243 -0.933061 0.0744075 -0.119608 2.49927 0.288782
6 0.43539 0.828116 -0.193876 -1.16651 1.39691 -0.101068 1.57627 1.5218
8 0.641178 0.941302 -0.084169 -0.832957 1.4013 0.376227 1.90676 1.59935
9 0.697403 0.930918 -0.101924 -0.852944 1.49496 0.645851 2.06103 1.69574
11 0.776626 1.00649 0.00907138 -0.902524 1.65653 0.666491 2.10964 1.68561
12 0.772803 1.02009 0.105896 -0.893567 1.56356 0.7664 2.13318 1.48868
14 0.782432 0.948969 0.166249 -0.984062 1.52101 0.848251 2.2224 1.40925
187 -0.347238 1.21232 -0.382828 -1.46268 0.511341 1.2351 1.84611 0.554311
186 -0.297582 1.17576 -0.49221 -1.60139 0.563145 1.35621 2.07854 0.70482
188 -0.530689 1.28109 -0.383086 -1.62412 0.526785 1.22676 1.96788 0.690248
189 -0.789429 1.31165 -0.148435 -1.63666 0.748557 1.07623 1.73571 0.714881
185 0.0433404 0.643102 -0.566498 -1.35057 0.432161 1.09202 2.12718 0.500526
232 -1.18107 1.35618 -0.156878 -1.05822 0.0759011 -1.44123 1.35813 1.05458
233 -1.26934 1.5618 -0.270923 -1.13995 -0.0475166 -1.52977 1.47257 1.20848
231 -1.32831 1.36871 -0.165908 -1.09537 -0.031343 -1.34109 1.49387 0.94996
234 -0.969944 1.66701 -0.437516 -0.961394 0.0317296 -1.42315 1.40515 1.28021
60 0.496358 2.20863 -0.630545 -0.011479 0.375528 0.301846 2.3729 0.519697
62 0.568912 2.30034 -0.612502 -0.197997 0.405108 0.563403 2.60413 0.389948
61 0.473625 2.06809 -0.559156 -0.0828437 0.386138 0.413248 2.19217 0.39098
135 -0.44819 0.407276 -0.319991 -1.009 2.09963 -1.07552 1.18075 1.14908
136 -0.44938 0.382462 -0.286786 -0.811298 1.92436 -0.964446 1.06931 1.06834
137 -0.492072 0.344877 -0.30527 -1.02745 2.24068 -1.27227 1.31715 1.29991
138 -0.448179 0.280584 -0.202198 -1.12313 2.25992 -1.68956 1.36816 1.3926
163 -1.30213 0.32879 -0.446552 -1.69327 0.756473 -0.330208 1.84236 -0.71122
162 -1.40692 0.455167 -0.620895 -1.66039 0.849377 -0.452127 2.1411 -0.959094
161 -1.28886 0.679799 -0.87151 -1.19723 0.642421 -0.582032 2.23178 -1.08685
164 -1.43508 0.426948 -0.363552 -1.90189 0.809575 -0.37947 2.09537 -0.822852
179 0.214663 -0.089185 -0.690984 -1.17108 0.162709 -0.885424 2.37898 0.203349
180 0.378981 -0.0510798 -0.784627 -0.99041 0.497484 0.000705004 2.43343 0.330387
181 0.432449 -0.14959 -0.752459 -0.990013 0.545659 0.270637 2.40101 0.312606
182 0.366166 0.06057 -0.69996 -1.14283 0.541925 0.607702 2.42141 0.397989
183 0.232567 0.296564 -0.649403 -1.24778 0.521774 0.915532 2.30741 0.432408
184 0.109965 0.456907 -0.51637 -1.10887 0.449488 0.921201 1.86851 0.434124
88 1.0467 1.09662 0.102671 -1.21999 0.926439 -0.318416 1.85691 -0.936463
89 1.13934 1.20891 0.103709 -1.38422 1.09723 -0.376621 2.11817 -0.988205
87 1.19901 1.22019 0.197077 -1.48595 0.939617 -0.344893 2.24899 -0.993258
86 1.28055 1.11285 0.285327 -1.53438 0.863891 -0.338239 2.23788 -0.850543
85 1.08021 0.840158 0.221035 -1.373 0.695209 -0.239523 1.85248 -0.649044
293 0.166584 1.83037 0.40232 -2.25813 0.312555 -0.478806 0.90054 1.12496
291 0.0766657 1.92484 0.390895 -2.23931 0.287437 -0.425211 0.823082 0.920922
290 -0.0173842 1.99944 0.332575 -2.27319 0.447167 -0.231899 0.776454 0.653838
292 0.153014 1.67644 0.408931 -1.99839 0.201631 -0.393324 0.692044 1.00836
159 -0.999069 0.923467 -0.965693 -0.903515 0.481473 -0.674506 2.19281 -1.09038
160 -1.02752 0.668715 -0.688984 -0.909473 0.580852 -0.471235 1.79633 -0.776532
158 -0.576611 1.36066 -1.02299 -0.619472 0.0816593 -0.995666 2.15836 -0.992251
155 0.0780461 1.42461 -1.45077 -0.724354 -0.126691 -1.51784 2.2105 -1.01745
154 0.188032 1.20064 -1.29632 -0.563182 -0.0929026 -1.3568 1.91604 -0.795281
153 0.245751 1.2571 -1.55572 -0.747476 -0.100278 -1.50233 2.14855 -0.8414
148 0.0329348 -0.0374478 -1.29224 -1.14751 0.228257 -0.85697 1.55801 -0.123391
149 0.083498 -0.0487596 -1.5764 -1.28879 0.228552 -1.08322 1.94035 -0.278805
147 -0.00266957 -0.270145 -1.22366 -1.24519 0.436375 -1.14641 1.66731 -0.175393
256 0.564249 -0.0380639 -0.526691 -1.36999 1.02842 -0.550069 1.38585 0.215421
257 0.699382 -0.125263 -0.157014 -1.57698 1.32495 -0.625409 1.54198 0.118059
255 0.657002 -0.198274 -1.08508 -1.52674 0.996179 -0.592729 1.41399 0.243111
254 0.55486 -0.157473 -1.77383 -1.68095 0.903867 -0.602492 1.63323 0.475582
252 0.386418 -0.0729387 -1.79116 -1.61886 0.815954 -0.585853 1.56792 0.56569
166 -0.954792 0.598958 0.124364 -1.8746 0.599917 -0.547048 1.61277 -0.590262
167 -1.04424 0.588852 0.363643 -2.16916 0.550581 -0.79568 1.71564 -0.612668
165 -1.16739 0.536893 0.01393 -2.02351 0.722532 -0.511189 1.79018 -0.64267
173 -0.0100781 0.377401 0.36067 -2.04865 -0.0742949 -1.45959 1.96821 0.00367758
172 -0.00299039 0.35431 0.390721 -1.78616 -0.0607243 -1.21541 1.68694 0.0300124
171 -0.131822 0.579997 0.477631 -2.10928 0.0513489 -1.49222 1.88467 0.0395
170 -0.49936 0.851113 0.739237 -2.11594 0.342666 -1.24402 1.66013 -0.0698703
169 -0.619863 0.826554 0.782289 -1.925 0.417823 -1.0093 1.39783 -0.0682693
168 -0.717034 0.765165 0.713991 -2.1491 0.469193 -1.02354 1.65553 -0.237344
133 0.0526653 0.916234 -0.806116 -1.12912 1.29576 -0.21891 1.05019 0.458233
134 -0.144338 0.626156 -0.685466 -0.954962 1.82887 -0.431596 0.807468 0.810453
132 0.111805 1.04193 -1.14398 -1.24714 1.58504 0.16163 0.745251 0.448851
131 0.333419 1.39587 -1.54221 -1.56659 1.32061 0.635188 0.96829 0.210527
248 -0.0893943 0.0580042 -2.04361 -1.77959 1.25389 -0.472895 1.27006 1.55078
247 -0.0587575 -0.0980205 -1.72233 -1.66947 1.22353 -0.46033 1.11801 1.38652
246 -0.173783 0.130246 -1.82249 -1.74917 1.25672 -0.424755 1.22678 1.56646
249 0.0214324 -0.0851227 -2.04314 -1.73592 1.09136 -0.437455 1.27835 1.23758
251 0.296935 -0.0710221 -2.00537 -1.61783 0.909672 -0.587901 1.3969 0.814441
253 0.395852 -0.1617 -1.72319 -1.46591 0.785776 -0.521834 1.40888 0.489087
125 -0.486708 0.751306 -1.54483 -1.0556 1.45221 0.968339 1.7843 0.136637
124 -0.470285 0.542437 -1.38877 -0.973711 1.44122 0.921061 1.72722 0.212798
123 -0.460965 0.60136 -1.46342 -1.12149 1.68549 0.888568 1.94443 0.247917
122 -0.00482289 0.0769472 -1.16209 -1.00591 1.67722 0.545405 1.73215 0.424112
126 -0.17603 1.08724 -1.66238 -1.28677 1.24238 1.0344 1.50891 0.0442741
127 -0.0750732 1.09459 -1.58968 -1.11341 1.14773 0.898651 1.27868 -0.0340744
128 0.00938211 1.32951 -1.72391 -1.36753 1.21229 0.967048 1.46712 -0.00318765
258 0.625004 0.1704 0.449743 -1.67951 1.72512 -0.754053 1.88844 0.122261
259 0.605255 0.0712818 0.67822 -1.51437 1.6827 -0.696834 1.77313 0.0998995
260 0.681761 0.282041 0.700058 -1.85379 1.86704 -0.839871 1.9206 0.120741
177 0.180713 -0.0826189 -0.6168 -1.48283 -0.0149361 -1.33478 2.39879 0.120783
116 0.881992 -0.362485 -0.873058 -0.501942 1.81045 -0.632422 2.29295 0.437658
114 0.597695 -0.324256 -0.569443 -0.260752 1.63447 -0.781289 2.24616 0.248389
115 0.590884 -0.335184 -0.604884 -0.346014 1.50337 -0.673054 2.05247 0.248288
113 0.15364 -0.117291 -0.503849 0.0370706 1.53934 -0.972579 2.65341 -0.0406167
111 0.0467858 0.0538463 -0.51808 0.0727832 1.49437 -0.950548 2.84847 -0.0229757
110 -0.319995 0.353699 -0.640195 0.140379 1.61113 -1.06613 2.66347 -0.0893808
109 -0.364813 0.375136 -0.586664 0.207463 1.53003 -0.997897 2.43804 -0.139519
276 0.593066 0.564936 -0.35306 -0.232177 0.145639 -0.946365 2.13033 0.49259
275 0.837739 0.755459 -0.468938 -0.0324907 0.375724 -1.27788 2.2318 0.857989
274 0.889772 0.641842 -0.537777 0.0735636 0.546911 -1.26533 2.00451 0.879087
273 0.954055 0.89396 -0.543947 0.0589562 0.625101 -1.42812 1.96963 1.02346
66 1.32578 1.62274 -0.699072 -1.07529 -0.095989 0.172446 2.067 0.188739
68 1.29267 1.2536 -0.736619 -1.45837 -0.182475 -0.125216 1.76616 0.139891
69 1.34272 1.02996 -0.825858 -1.7847 -0.122225 -0.41232 1.5759 0.0640804
71 1.2986 0.822445 -0.656159 -1.99558 -0.0964527 -0.504704 1.51695 0.211246
70 1.194 0.776991 -0.66064 -1.74481 -0.145337 -0.516786 1.33716 0.10719
58 0.200216 1.97928 -0.77519 0.33208 0.254448 -0.340522 1.82558 0.647984
57 0.124182 2.12919 -0.865412 0.331825 0.402142 -0.39862 1.9487 0.661025
59 0.237441 2.12227 -0.734962 0.272613 0.367675 -0.0788777 2.05566 0.660983
294 0.339271 1.5716 0.369717 -2.19516 0.251571 -0.454132 0.997221 1.55245
288 -0.186032 2.01229 0.235236 -2.2541 0.477228 -0.103547 0.871123 0.446021
289 -0.20373 1.58773 0.226036 -1.92357 0.364362 -0.157409 0.65049 0.413801
203 -0.734015 1.1301 -1.50529 -1.70981 1.62063 -1.07836 0.761618 -0.624266
204 -0.417648 1.33519 -1.21074 -1.86547 1.53279 -0.840036 0.690223 -0.770614
202 -0.895929 1.12156 -1.52493 -1.72568 1.46406 -1.04523 0.824296 -0.543053
206 -0.0324158 1.51098 -0.975792 -1.8187 1.54914 -0.793995 0.637907 -0.825663
205 -0.276484 1.15705 -0.992705 -1.55346 1.25683 -0.629921 0.664477 -0.757043
44 -0.428058 0.818983 0.182796 -0.299939 1.57534 -0.359905 2.23542 -0.0709017
42 -0.225257 0.796456 -0.271271 -0.211343 1.31799 -0.226636 1.8303 0.128179
43 -0.293361 0.62876 0.183649 -0.390177 1.37384 -0.253129 1.8898 -0.0657128
45 -0.52668 0.986842 0.591159 -0.302074 1.71056 -0.460416 2.44784 -0.135194
47 -0.538084 1.10781 0.664276 -0.181966 1.63085 -0.646008 2.34676 -0.039446
18 0.280841 0.531356 0.209312 -0.777977 0.849581 0.273788 2.06766 1.28602
20 -0.304627 0.378601 0.319069 -0.670248 0.492503 -0.445187 2.3275 1.30265
19 -0.0609946 0.4492 0.0306674 -0.709535 0.517409 -0.231319 2.01997 1.00724
17 0.515675 0.696084 0.128395 -0.961807 1.12263 0.544057 2.15711 1.28097
15 0.627644 0.793284 0.211969 -0.953402 1.35896 0.710191 2.0854 1.40806
13 0.622598 0.919406 0.13589 -0.773921 1.31394 0.772391 1.86684 1.3495
83 1.37479 0.720404 0.000168475 -1.25653 0.317962 -0.58736 1.82092 0.456259
82 1.17918 0.677212 -0.160247 -1.22069 0.224126 -0.67857 1.75674 0.781203
81 1.38844 0.726629 -0.264552 -1.34073 0.095323 -0.85969 1.82507 1.14929
80 1.43752 0.723683 -0.379286 -1.5636 -0.0557699 -0.963944 1.91207 1.49055
78 1.45756 0.75083 -0.37808 -1.55907 -0.106683 -0.947627 1.95515 1.47637
261 0.57146 0.474854 0.886167 -1.83619 2.06437 -0.87479 1.85921 0.125072
262 0.468559 0.514692 0.956095 -1.55839 1.89112 -0.869159 1.59243 0.0365682
263 0.526013 0.536023 0.90447 -1.73014 1.99351 -0.857651 1.75154 0.0998769
264 0.490542 0.831462 0.568555 -1.14284 1.66523 -0.848027 1.36741 0.222963
266 0.566397 1.44029 0.0625389 -0.563369 1.47989 -0.956681 1.06705 0.528493
265 0.349567 1.14787 0.109647 -0.748025 1.33196 -0.770338 1.20396 0.356851
84 1.39333 0.895034 0.177322 -1.46553 0.551023 -0.3688 2.01499 -0.452848
32 0.158401 1.1992 -1.64961 -1.29405 -0.0351131 -0.183647 1.24533 0.792526
31 -0.042453 0.917664 -0.958117 -1.05746 0.121339 -0.305359 1.44057 0.692341
33 0.235531 1.52728 -2.09135 -1.36915 -0.0203395 -0.33614 1.22991 0.905146
34 0.318225 1.36951 -1.89413 -1.24787 -0.00654288 -0.34258 1.02212 0.748695
35 0.344832 1.64928 -2.23677 -1.26947 0.0424413 -0.428373 1.21752 0.892683
63 0.825177 2.20061 -0.727549 -0.371797 0.207258 0.613527 2.50859 0.227016
65 1.05315 2.00382 -0.796694 -0.602586 0.123812 0.54039 2.46505 0.200107
64 0.826506 1.97832 -0.622196 -0.361391 0.170803 0.57586 2.2971 0.135349
36 0.46128 1.6392 -2.3467 -1.03308 0.305294 -0.556852 1.35065 0.974787
38 0.444882 1.45743 -2.17524 -0.869953 0.41197 -0.594608 1.35177 0.91678
37 0.437604 1.37137 -2.0307 -0.891416 0.243121 -0.508607 1.17036 0.904582
39 0.297928 1.27427 -1.85988 -0.732667 0.564008 -0.514264 1.29377 0.781231
41 0.0965439 1.01048 -1.44857 -0.319902 0.834017 -0.426213 1.38651 0.596231
211 0.725288 1.7648 -0.323123 -1.26888 1.46169 -0.879301 0.512065 -0.397412
210 0.767939 2.09612 -0.51916 -1.63004 1.65647 -1.02944 0.544012 -0.511125
209 0.503708 1.93788 -0.635891 -1.73313 1.62776 -0.912775 0.629204 -0.730682
208 0.281484 1.63445 -0.710989 -1.63523 1.42141 -0.757597 0.667385 -0.785223
207 0.309972 1.78046 -0.816105 -1.76498 1.60514 -0.769764 0.670179 -0.87049
119 0.862762 -0.381838 -0.870437 -0.903076 1.89107 -0.252799 1.9612 0.547655
120 0.500209 -0.198072 -0.970552 -0.986394 1.61527 0.158676 1.71045 0.53979
56 0.0557513 1.95149 -0.891698 0.24359 0.47499 -1.04679 1.85111 0.783163
21 -0.566109 0.403866 0.313919 -0.770639 0.288586 -0.882756 2.70563 1.37707
16 0.534934 0.671509 0.181532 -0.845263 1.12118 0.558208 1.89873 1.23505
157 -0.35531 1.20707 -1.04163 -0.522742 -0.0138134 -0.994349 1.86686 -0.833453
156 -0.338749 1.46984 -1.21962 -0.668453 -0.019823 -1.27379 2.21506 -1.00589
112 0.0455624 -0.0122399 -0.510352 0.112512 1.36721 -0.908125 2.51072 -0.00252593
270 0.867664 1.61662 -0.447948 -0.00486356 1.12283 -1.3199 1.41885 1.08668
272 0.92802 1.31656 -0.50388 0.125322 0.983606 -1.43421 1.70245 1.13531
269 0.751395 1.93109 -0.356642 -0.11356 1.38441 -1.24343 1.24351 1.06244
271 0.725075 1.34492 -0.439839 0.0757728 1.01007 -1.25181 1.37146 1.00365
96 0.477636 1.82867 -0.626492 -0.0221485 1.55948 -0.109694 1.76535 -0.0387752
97 0.426929 1.72544 -0.602717 0.0108279 1.4494 -0.086571 1.63091 0.152252
98 0.332009 2.00384 -0.854144 0.0827751 1.60737 -0.0953811 1.85614 0.122657
283 -0.393315 1.50082 -0.0300182 -1.79818 0.04002 0.379157 1.53735 -0.516809
282 -0.39649 1.87879 -0.0219555 -1.97665 0.0456257 0.407415 2.10954 -0.640383
284 -0.454982 1.94586 0.0810371 -2.12439 0.148985 0.356307 1.58468 -0.495686
285 -0.480484 2.02675 0.0705083 -2.2913 0.390633 0.344886 1.42587 -0.186007
286 -0.414427 1.88801 0.177844 -2.08964 0.471283 0.276675 1.1515 -0.0427797
287 -0.340805 1.98647 0.169645 -2.30331 0.542184 0.127338 1.15414 0.0159832
267 0.58029 1.97823 -0.278376 -0.248275 1.44259 -1.00217 1.18649 0.944947
268 0.585567 1.91748 -0.269 -0.132887 1.26638 -1.02525 1.06726 0.863648
281 -0.301876 1.71264 -0.0122978 -1.91013 -0.0968893 0.272146 2.21636 -0.60932
279 -0.154024 1.46846 0.0311649 -1.61218 -0.151098 0.1366 2.18032 -0.579676
241 -0.617064 1.53034 -0.971139 -0.850017 0.458896 -0.615111 0.863114 1.64653
240 -0.822712 1.83326 -1.10106 -0.85979 0.471299 -0.854182 1.03174 1.89256
242 -0.653851 1.60732 -1.22722 -0.914716 0.563589 -0.666482 0.92107 2.03604
239 -0.853338 1.96477 -0.883049 -0.845411 0.302997 -1.00606 1.04955 1.75108
118 1.00521 -0.367978 -0.776478 -0.782165 1.70664 -0.402842 1.84367 0.540107
117 1.12752 -0.386661 -0.88334 -0.776485 1.98804 -0.476023 2.22564 0.600231
76 1.14272 0.486217 -0.339411 -1.70917 -0.195373 -0.754807 1.48013 1.01827
77 1.36672 0.528499 -0.386226 -1.83901 -0.180578 -0.991466 1.79261 1.24553
75 1.32479 0.443177 -0.409101 -2.03476 -0.202209 -0.753437 1.65598 1.04986
296 0.323711 1.54698 0.247278 -2.15655 0.395585 -0.462312 1.02786 1.81115
5 0.323434 0.692128 -0.231666 -1.41015 1.33779 -0.680282 1.17136 1.57206
4 0.231465 0.653219 -0.26644 -1.32302 1.17497 -0.679636 1.06443 1.27857
3 0.221402 0.722077 -0.126685 -1.48848 1.19999 -0.754161 0.984802 1.71347
2 0.166528 0.763633 -0.136294 -1.71813 1.32376 -0.816838 1.04078 1.95377
0 0.150412 0.90095 -0.0570572 -1.77025 1.2382 -0.742652 0.974491 1.98013
30 -0.306831 0.627311 -0.681672 -1.03378 -0.356027 -0.203299 1.84957 0.847671
29 -0.342624 0.563369 -0.126824 -1.13996 -0.325623 -0.270667 2.5148 1.07202
121 0.141416 -0.0167213 -0.885662 -0.881866 1.37195 0.254416 1.46223 0.439128
95 0.874287 1.59703 -0.395655 -0.52702 1.40219 -0.220423 1.78977 -0.628911
93 1.02933 1.57937 -0.355483 -0.787004 1.47206 -0.153268 1.97063 -0.887195
92 1.08689 1.54905 -0.234126 -1.07351 1.46723 -0.30398 2.07905 -1.02274
91 1.07348 1.35599 -0.196933 -1.11138 1.32277 -0.235609 1.92808 -1.10336
90 1.30358 1.47322 -0.0913557 -1.2621 1.32774 -0.318555 2.24734 -1.15764
46 -0.453422 0.840702 0.535963 -0.253 1.50999 -0.432909 2.15011 -0.137878
48 -0.389957 1.21039 0.566466 -0.0945714 1.51827 -1.1183 2.00889 0.0727564
49 -0.283133 1.16937 0.325791 -0.0452671 1.32292 -1.22 1.74342 0.229855
50 -0.290033 1.28636 0.319866 -0.0530674 1.30805 -1.36566 1.81049 0.282468
51 -0.196448 1.38777 -0.314308 -0.15211 0.863043 -1.47088 1.5046 0.542953
299 0.206739 1.13283 -0.000551543 -2.03959 1.04153 -0.656416 1.0617 2.08559
1 0.19466 0.724528 -0.0641269 -1.54885 1.25419 -0.666925 0.865651 1.77944
297 0.277167 1.27669 0.0984436 -2.05874 0.802118 -0.572018 0.880243 1.93886
243 -0.544671 1.09649 -1.39879 -1.13502 0.800162 -0.526852 0.965098 1.88939
237 -0.892721 1.98652 -0.702474 -0.887372 0.0712286 -1.22293 1.24167 1.486
238 -0.764304 1.77508 -0.813539 -0.733135 0.17387 -0.993942 0.911825 1.3897
223 -1.03298 0.389129 -0.791368 -0.792599 0.450952 0.0150107 2.02397 0.260058
222 -1.06237 0.417095 -0.958042 -0.807048 0.593095 -0.0597172 2.12713 0.260842
221 -0.651028 0.54135 -0.708795 -0.736564 0.899711 -0.303502 1.697 0.287445
219 -0.110813 0.860341 -0.397946 -0.598301 1.31666 -0.675119 0.842206 0.462536
220 -0.430217 0.707783 -0.593602 -0.720131 0.940064 -0.425395 1.36932 0.265423
224 -1.23796 0.493601 -0.850649 -0.869787 0.368333 0.0051927 2.30471 0.228444
295 0.308407 1.38 0.289588 -1.99197 0.260091 -0.354007 0.85512 1.57381
191 -1.10782 1.26627 0.0541622 -1.74301 1.04423 0.855888 1.55951 0.766403
192 -1.24961 1.15553 0.0243918 -1.66946 1.17909 0.459318 1.23549 0.579734
194 -1.3546 1.09287 0.000245879 -1.84203 1.28829 0.0168271 0.989261 0.379017
195 -1.37624 1.1364 -0.15479 -1.82974 1.3944 -0.552934 0.957102 0.0516181
197 -1.26234 1.10235 -0.424725 -1.6949 1.34352 -0.863475 0.750924 -0.176225
198 -1.01021 1.07092 -0.740457 -1.62765 1.27453 -1.02951 0.764773 -0.339014
79 1.38737 0.658807 -0.378482 -1.37816 -0.124978 -0.958007 1.81972 1.44325
102 -0.377103 1.57398 -1.53192 0.255993 1.63799 -0.538912 1.61246 0.486825
101 -0.142193 1.72292 -1.32917 0.188765 1.46066 -0.387782 1.54579 0.46902
104 -0.463369 1.41106 -1.32823 0.270194 1.69128 -0.640069 1.55422 0.330898
103 -0.424041 1.41409 -1.24792 0.258306 1.55355 -0.558312 1.33964 0.392508
105 -0.647766 1.06743 -1.14845 0.294689 1.84913 -0.860296 1.75711 0.0458621
7 0.336765 0.860734 -0.196684 -0.911859 1.11734 0.00322157 1.56501 1.13415
215 1.06281 1.87985 -0.45301 -1.34592 1.92651 -1.37897 0.673763 0.443497
214 0.983652 1.67717 -0.439549 -1.1719 1.73996 -1.27817 0.628117 0.305594
213 0.936129 1.88717 -0.483341 -1.48609 1.74911 -1.25724 0.606925 0.0809876
212 0.875255 1.96638 -0.483339 -1.58576 1.63857 -1.07914 0.576961 -0.260904
200 -1.00201 1.03704 -1.08777 -1.619 1.32555 -1.08485 0.765809 -0.405108
199 -0.874999 0.929273 -0.956892 -1.4131 1.13732 -0.947123 0.728631 -0.401282
67 1.0679 1.2525 -0.626131 -1.0563 -0.071406 -0.061781 1.68355 0.134976
216 0.848072 1.64419 -0.370989 -1.14018 1.93371 -1.36464 0.685014 0.659763
218 0.680134 1.42565 -0.309866 -0.946419 1.78421 -1.19687 0.655016 0.605324
201 -0.916448 1.24753 -1.59752 -1.80205 1.55307 -1.14638 0.846872 -0.514331
278 0.273697 0.721187 -0.0507489 -0.662661 -0.174487 -0.390898 2.06183 -0.0637866
53 -0.0837771 1.66988 -0.65211 -0.138378 0.677002 -1.52066 1.5669 0.721696
54 -0.137698 1.83036 -0.889262 0.0714575 0.622645 -1.48335 1.56052 0.726464
55 -0.072006 1.72561 -0.957731 0.147545 0.503971 -1.37828 1.54396 0.743345
27 -0.475457 0.551482 0.0812752 -1.02885 -0.334065 -0.357537 2.63652 1.20726
26 -0.587171 0.375742 0.242286 -0.877991 -0.2203 -0.64708 2.8398 1.24918
25 -0.483816 0.406695 0.338789 -0.794977 -0.10224 -0.642583 2.49295 1.10949
24 -0.665886 0.463153 0.397386 -0.93626 -0.0229241 -0.887733 2.89162 1.36085
72 1.27351 0.447286 -0.581005 -2.16817 -0.109515 -0.683641 1.43025 0.414728
74 1.24566 0.337077 -0.382178 -2.17798 -0.114726 -0.687502 1.50088 0.602702
245 -0.38596 0.626179 -1.4901 -1.20996 0.911636 -0.505302 0.944829 1.73261
28 -0.423086 0.53283 -0.0640256 -0.952931 -0.340164 -0.281757 2.474 1.03729
150 0.275706 0.39748 -1.64649 -1.01148 0.121889 -1.19907 1.9137 -0.500914
151 0.195799 0.648785 -1.32069 -0.787074 0.118104 -1.1168 1.69983 -0.482182
40 0.199981 1.05297 -1.44551 -0.648057 0.699627 -0.425134 1.22693 0.695393
142 -0.386004 -0.165953 -0.38107 -1.16344 1.48492 -1.61016 1.22424 0.551135
22 -0.551195 0.263078 0.20228 -0.608044 0.172777 -0.87348 2.32829 1.20824
23 -0.639582 0.391414 0.195172 -0.809216 0.224678 -0.832239 2.6955 1.31089
178 0.251322 -0.0254871 -0.586576 -1.14366 0.121407 -1.03229 2.11439 0.210928
176 0.209024 -0.0397949 -0.348912 -1.62591 -0.180827 -1.52831 2.30669 0.108455
174 0.137834 0.101319 -0.0502361 -1.80364 -0.225909 -1.60437 2.13425 0.0311084
196 -1.12154 0.999753 -0.10895 -1.57527 1.16336 -0.613222 0.743821 -0.0771683
175 0.159965 -0.0573448 -0.244999 -1.56174 -0.204441 -1.47163 2.05121 0.0281902
277 0.251462 0.588083 -0.259534 -0.483399 0.123822 -0.560066 1.74303 0.239255
217 0.741964 1.39394 -0.32712 -0.887799 1.75638 -1.1855 0.551436 0.61879
140 -0.447259 0.216162 -0.237967 -1.21214 2.09956 -1.79574 1.4031 1.20651
139 -0.407699 0.273943 -0.144561 -0.9765 2.02118 -1.64167 1.30556 1.1993
236 -1.02529 1.82421 -0.537118 -0.982657 0.0188701 -1.37232 1.28369 1.40285
235 -0.848866 1.40528 -0.411401 -0.80999 -0.0288134 -1.07522 1.07729 1.09111
129 0.191869 1.41982 -1.59093 -1.53853 1.25271 0.803785 1.16278 0.0389167
99 0.0802438 1.832 -1.19934 0.212228 1.5617 -0.208338 1.73902 0.357197
100 -0.0519652 1.59162 -1.1723 0.27306 1.31049 -0.379905 1.47322 0.345537
130 0.341834 1.33768 -1.50934 -1.34226 0.915852 0.564735 0.991011 0.0547869
193 -1.02056 0.866962 0.0881823 -1.45602 0.812248 0.129948 1.00667 0.314179
10 0.661049 0.931699 0.00545971 -0.791144 1.42696 0.558862 1.96013 1.62897
152 0.334988 0.901259 -1.48515 -0.770689 -0.0140646 -1.37945 1.93403 -0.651062
52 -0.140008 1.2553 -0.524635 -0.179376 0.713644 -1.37559 1.31064 0.615871
108 -0.419512 0.565384 -0.844096 0.209712 1.79001 -1.07247 2.56035 -0.158505
107 -0.601411 0.841147 -1.02524 0.279823 1.89739 -0.99472 2.17819 -0.0884399
106 -0.597279 0.939481 -0.879512 0.231548 1.78496 -0.811784 1.81759 -0.0606606
94 0.838379 1.4545 -0.301599 -0.59781 1.27441 -0.127514 1.70279 -0.684394
73 1.12313 0.345523 -0.421949 -2.03001 -0.0246523 -0.634577 1.3297 0.508863
190 -0.860256 1.08264 -0.109406 -1.46224 0.705983 0.811219 1.42248 0.573331
244 -0.307169 0.807145 -1.1693 -0.998837 0.775866 -0.453231 0.790513 1.51181
298 0.214921 1.16378 0.157293 -1.86727 0.791203 -0.527886 0.821264 1.8674
250 0.127296 -0.164761 -1.84075 -1.52111 0.889338 -0.512668 1.23234 0.886491
280 -0.269153 1.34985 0.0499987 -1.52428 -0.0835695 0.195213 2.00582 -0.548496
