300 32
7 -0.267555 -1.03569 1.52561 0.144924 -0.129466 -0.520487 0.112723 0.0430775 0.325145 0.00063044 0.388378 -0.599201 -0.178607 0.493295 0.138762 0.22078 0.0673139 -0.605197 0.323936 0.737355 0.796152 -0.0511047 -0.927412 0.334621 0.00637739 -0.289324 1.03765 0.490555 0.510808 0.144593 0.29957 0.295487
8 -0.322258 -1.08738 1.57761 0.162668 -0.169995 -0.585089 0.114904 0.00657695 0.283073 0.0313824 0.502186 -0.693084 -0.220918 0.58543 0.121561 0.276783 0.0387922 -0.714459 0.369482 0.834708 0.932002 -0.0233968 -1.04227 0.376168 0.0912461 -0.316304 1.18764 0.627128 0.620038 0.213884 0.302255 0.349117
6 -0.32946 -1.15863 1.74994 0.178852 -0.153899 -0.603113 0.124878 0.0478281 0.392591 0.0255145 0.446253 -0.66045 -0.252843 0.574849 0.211606 0.279086 0.0917503 -0.730476 0.396141 0.804596 0.885232 -0.00146975 -1.03895 0.298738 0.00827941 -0.316132 1.18891 0.514925 0.615474 0.121458 0.339751 0.388326
261 0.257191 -1.03417 0.563364 0.517248 0.227081 0.207326 0.17453 -0.360934 -0.0194125 -0.0313381 -0.208591 -0.862038 0.676583 0.76077 -0.139433 0.0715327 -0.483908 -0.325641 -0.139635 0.617338 0.606563 -0.862053 0.129578 1.14908 0.909228 0.0730228 0.437858 0.416665 0.265186 0.452769 0.176579 0.261361
260 0.364479 -0.882424 0.617791 0.647093 0.433387 0.0165399 0.573082 -0.238635 0.235496 -0.128532 -0.225828 -0.76104 0.61266 0.660812 -0.398929 0.292667 -0.395261 -0.388169 -0.214782 0.801075 0.618063 -0.613133 -0.253725 1.04093 1.12149 0.0914426 0.295223 0.173719 0.293889 0.401394 0.0378726 0.455832
258 0.435932 -0.867312 0.67674 0.68953 0.482807 -0.0593094 0.687937 -0.159994 0.282387 -0.0807572 -0.219215 -0.754284 0.619869 0.65802 -0.436714 0.285407 -0.374726 -0.491325 -0.233157 0.908802 0.63811 -0.530739 -0.413602 1.01112 1.27363 0.0776781 0.292578 0.192964 0.306913 0.435341 0.0177337 0.520049
257 0.400064 -0.695999 0.617061 0.732189 0.467514 -0.107573 0.883692 -0.00950161 0.541039 -0.0892728 -0.323144 -0.663403 0.630866 0.609346 -0.525786 0.162501 -0.355055 -0.548544 -0.327476 1.00008 0.456404 -0.352835 -0.679679 0.971294 1.18576 -0.0100886 0.33217 0.105454 0.221554 0.426466 -0.0898944 0.414257
263 0.132848 -1.16404 0.686209 0.438076 0.0102014 0.354075 -0.101077 -0.393232 -0.00919363 -0.0484057 -0.224174 -0.854922 0.673747 0.899138 0.103545 -0.15736 -0.529344 -0.15899 0.0505968 0.616948 0.484935 -0.843558 0.314329 1.21681 0.655381 0.100366 0.527886 0.462103 0.30539 0.400792 0.223677 0.0695163
28 0.435946 -0.64715 1.12082 -0.657165 -0.126912 -0.274442 -0.16657 0.668676 0.169101 0.315085 0.527718 -0.227078 -0.0517673 -0.181096 -0.0962924 -0.397785 -0.81334 -0.470856 0.324286 -0.102067 0.162481 -0.0114225 -0.0824032 0.309452 0.652799 0.253986 0.562771 0.806386 0.801771 0.899825 -0.687696 0.504686
27 0.535911 -0.720107 1.08282 -0.750746 -0.202059 -0.264068 -0.143854 0.68816 0.22411 0.330948 0.609018 -0.30878 -0.10849 -0.1248 -0.0538426 -0.412979 -0.891537 -0.58842 0.273435 -0.0599714 0.232149 -0.0426453 -0.0964493 0.288081 0.766669 0.228668 0.590403 0.957118 0.919483 0.972826 -0.692006 0.632461
29 0.383288 -0.688345 1.23572 -0.559276 -0.103906 -0.26074 -0.275293 0.777713 0.140818 0.315847 0.487496 -0.283339 -0.083321 -0.137313 -0.0789362 -0.406414 -0.970341 -0.521782 0.431868 -0.0779046 0.244006 -0.00130265 -0.10979 0.449221 0.745978 0.363531 0.643078 0.904744 0.844129 0.941793 -0.87442 0.534075
30 0.204647 -0.646499 1.26553 -0.248815 -0.107682 -0.253122 -0.41634 0.901096 -0.0334375 0.39742 0.330725 -0.349379 -0.133787 -0.273828 -0.0246433 -0.324161 -1.03392 -0.581138 0.635218 -0.141548 0.275014 0.03817 -0.14102 0.489648 0.723694 0.449222 0.645544 0.862877 0.752498 0.877279 -1.07717 0.516729
90 0.27779 0.493776 0.232714 0.230265 -0.273586 -0.100866 -0.23178 -0.229919 0.404838 -0.626547 0.505397 -0.43739 0.222076 1.04538 0.118042 0.138397 -0.613018 -0.347673 -0.365878 -0.0596804 1.01475 -0.0795032 -0.668085 0.612853 1.42867 0.712502 0.399152 0.201341 0.69713 0.869133 -0.287653 0.398498
89 0.268588 0.506343 0.453152 0.202773 -0.143748 -0.0286672 -0.146318 -0.221935 0.524585 -0.573085 0.39302 -0.225016 0.0836597 1.02054 0.104384 0.0711784 -0.564615 -0.432723 -0.447602 0.0549805 1.09989 -0.053915 -0.439613 0.393985 1.36274 0.685864 0.595203 0.199595 0.799416 0.905364 -0.388897 0.509803
91 0.214542 0.420933 0.0907283 0.209575 -0.258509 -0.116165 -0.279321 -0.223874 0.29152 -0.594651 0.457397 -0.412348 0.250958 0.941899 0.0592583 0.155598 -0.582555 -0.326372 -0.29311 -0.0779782 0.87981 -0.0657457 -0.683134 0.596135 1.28248 0.613022 0.302299 0.194058 0.57318 0.704714 -0.229578 0.325036
92 0.267563 0.45487 0.152013 0.0947073 -0.37449 -0.115525 -0.210886 -0.140503 0.24361 -0.614006 0.57404 -0.434676 0.436259 1.06708 0.135465 0.231459 -0.556565 -0.172208 -0.343764 -0.177152 0.795527 -0.0734044 -0.767725 0.804283 1.27559 0.677776 0.175344 0.167251 0.540013 0.779484 -0.193296 0.32054
93 0.239144 0.331794 0.429861 -0.0895959 -0.476825 -0.136842 -0.0245748 0.0523028 0.14379 -0.560179 0.679652 -0.437717 0.624928 1.17396 0.208573 0.280881 -0.413071 0.0172959 -0.32998 -0.226296 0.622449 -0.0739555 -0.816048 0.998208 1.07939 0.645156 0.0788623 0.132657 0.550149 0.708134 -0.100856 0.322478
23 0.48033 -0.431472 0.493183 -0.593915 -0.284809 -0.134093 0.16485 0.216255 0.153718 0.495351 0.765018 -0.503292 -0.13075 0.364332 0.219291 -0.152146 -0.978575 -0.9336 0.348621 0.148343 0.0768371 -0.110542 0.0741842 -0.0092622 0.822137 -0.146225 0.202875 1.00962 0.974161 0.757239 -0.0157489 0.515534
24 0.563445 -0.441643 0.526729 -0.759992 -0.332975 -0.162879 0.00510977 0.406597 0.173619 0.456908 0.767581 -0.363583 -0.0989141 0.127889 0.15776 -0.248176 -0.994201 -0.879564 0.291691 0.078183 0.0985546 -0.0891089 0.0775762 0.083276 0.833919 -0.0155516 0.328704 1.02821 1.06774 0.907648 -0.219753 0.60928
26 0.595919 -0.529187 0.777112 -0.828203 -0.307418 -0.200105 -0.0367363 0.558896 0.23136 0.407025 0.772944 -0.332834 -0.111475 0.0347537 0.0856626 -0.303048 -1.01718 -0.801579 0.289764 0.014298 0.113101 -0.0846254 0.0334019 0.132886 0.850941 0.0780444 0.414129 1.05889 1.05769 0.992962 -0.394264 0.6424
25 0.524238 -0.46443 0.584256 -0.738371 -0.30286 -0.194384 -0.0208473 0.428062 0.178987 0.353161 0.68356 -0.279346 -0.0539069 0.0831277 0.12698 -0.25467 -0.907035 -0.707302 0.260319 0.0652177 0.122954 -0.0649347 0.0315428 0.139419 0.748633 0.0466879 0.345462 0.909641 0.939662 0.844098 -0.257466 0.496638
187 0.0221772 0.108765 1.27291 -0.526662 0.936534 -0.464853 0.156293 0.160647 0.636625 0.394138 0.27541 -0.427606 0.64391 1.08241 -0.39381 -0.91207 -0.762424 0.162909 0.315609 0.607661 0.0910982 0.00708925 -0.482516 0.414934 0.461119 0.0911402 -0.0818418 0.168876 -0.215488 1.07797 0.206522 0.196477
186 0.00373485 0.174656 1.34944 -0.554157 0.973252 -0.483096 0.205809 0.16107 0.631751 0.419823 0.280033 -0.488356 0.703717 1.12865 -0.4493 -0.890889 -0.871558 0.117782 0.382902 0.650952 0.144281 0.0496675 -0.463 0.481443 0.548619 0.0888531 0.00863737 0.262524 -0.200457 1.1538 0.22266 0.165544
188 0.0427337 0.0315814 1.41067 -0.565088 1.03873 -0.463664 0.175182 0.185784 0.654502 0.388713 0.345058 -0.484957 0.735954 1.19523 -0.379875 -1.03013 -0.7729 0.133748 0.299368 0.689123 0.127273 -0.0620258 -0.576506 0.438672 0.422316 0.0927732 -0.0437144 0.232727 -0.162246 1.17068 0.198292 0.212435
189 0.147159 -0.201546 1.29571 -0.462788 1.0127 -0.33017 0.089558 0.163262 0.46205 0.389993 0.53497 -0.407901 0.79464 0.965445 -0.0479004 -1.07694 -0.629753 0.0154086 0.139732 0.519047 0.0992457 -0.154443 -0.645386 0.319959 0.130334 -0.01193 0.0108671 0.226996 0.00661367 1.1438 0.213537 0.248097
191 0.164704 -0.379093 1.19131 -0.484789 1.13575 -0.243793 -0.00749451 0.143663 0.30309 0.40593 0.613393 -0.489032 0.885708 0.867193 0.279055 -1.15345 -0.619556 -0.0925695 -0.0383557 0.421104 0.0952816 -0.240506 -0.717722 0.28785 -0.0557757 -0.146172 0.116677 0.327793 0.0970541 1.17967 0.206035 0.415598
192 0.158615 -0.420154 0.734035 -0.456702 1.07623 -0.0497828 -0.0814922 0.0839491 0.00682633 0.447533 0.562111 -0.567645 0.94063 0.744007 0.65604 -1.05691 -0.725984 -0.267455 -0.219487 0.32636 0.0846872 -0.144747 -0.751987 0.334738 0.00585232 -0.308104 0.265377 0.387359 0.313796 1.13506 0.270189 0.538502
194 0.128413 -0.350788 0.587017 -0.440735 1.04668 0.0234327 -0.10634 0.0240393 -0.136235 0.462466 0.513824 -0.615501 0.915763 0.723495 0.759565 -0.965892 -0.763902 -0.281565 -0.294147 0.265005 0.0436303 -0.0967906 -0.721408 0.434996 0.0791878 -0.448781 0.279341 0.435228 0.342694 1.11992 0.335248 0.617405
193 0.136498 -0.355376 0.58873 -0.395602 0.904954 -0.0135864 -0.081347 0.0726479 -0.0407914 0.397365 0.444825 -0.518528 0.804555 0.659101 0.599493 -0.88918 -0.632789 -0.232673 -0.222368 0.278114 0.0415242 -0.128401 -0.615531 0.3596 0.0101162 -0.294482 0.227062 0.331171 0.235781 0.969661 0.261936 0.482399
147 0.734439 -0.695271 0.577926 -0.517544 0.431855 -0.869052 -0.141661 0.368019 0.384284 -0.163717 0.0118143 -0.153723 0.0102526 0.851703 -0.545245 0.206214 -0.553942 0.360675 0.111172 -0.0132859 0.918143 -0.00318292 -0.715802 0.866261 0.565274 -0.736924 0.604054 0.523083 0.706529 -0.225799 -0.131273 0.336396
148 0.530147 -0.65359 0.468124 -0.51044 0.392311 -0.787593 -0.0808686 0.279393 0.258483 -0.0633545 -0.0255142 -0.181155 0.0552811 0.789131 -0.560941 0.0732319 -0.556611 0.280923 0.0473124 -0.0198576 0.924062 0.033277 -0.646123 0.885405 0.557264 -0.761186 0.438947 0.417948 0.703968 -0.291119 -0.162984 0.382279
149 0.523653 -0.794276 0.502607 -0.525904 0.400997 -0.816964 -0.0574457 0.246449 0.273608 0.00127322 -0.0565378 -0.197053 0.0467449 0.935257 -0.656051 0.0209993 -0.65557 0.277404 0.0108392 -0.0784763 1.01166 0.123477 -0.646868 0.990482 0.63249 -0.871588 0.46294 0.402815 0.850284 -0.331494 -0.178447 0.461224
150 0.156787 -0.830756 0.279899 -0.40348 0.196221 -0.632431 0.00914344 0.0438946 0.111754 0.171155 -0.0860971 -0.235152 0.0968103 1.0292 -0.733585 -0.143361 -0.708637 0.221255 -0.0225753 -0.0475852 1.04567 0.218342 -0.534063 1.0208 0.64602 -0.835321 0.387456 0.284927 1.0162 -0.440141 -0.149143 0.661741
152 -0.0285119 -0.927142 0.107006 -0.341534 0.0637788 -0.522934 0.066832 -0.129326 0.122251 0.282383 -0.0241574 -0.240844 0.214207 1.17119 -0.75474 -0.276115 -0.794827 0.138012 -0.0274482 -0.0198406 1.09265 0.382016 -0.529463 1.06211 0.56804 -0.880705 0.35597 0.213207 1.17553 -0.439908 -0.0923109 0.768399
151 0.00299597 -0.811913 0.142721 -0.334511 0.112242 -0.519334 0.0603682 -0.0543698 0.075257 0.288376 -0.0514501 -0.260756 0.165982 1.02464 -0.679333 -0.26388 -0.756726 0.157796 -0.0102954 -0.042828 0.974362 0.277132 -0.485136 1.01237 0.591702 -0.84589 0.31846 0.192643 1.0453 -0.395576 -0.0762637 0.704699
138 0.687308 -0.190531 0.0239762 -0.257213 -0.225338 -0.222606 -0.354338 0.00823409 0.611604 7.71191e-05 0.513059 -0.17871 0.0448818 0.918267 -0.229582 0.539856 -0.64585 0.431545 0.654914 0.456568 0.0539483 -0.0364786 -0.369534 0.639295 0.917642 -0.510013 1.50007 1.41127 0.676505 0.00969932 -0.182509 0.582674
140 0.765507 -0.146504 -0.000782533 -0.151043 -0.131802 -0.32378 -0.407487 0.120302 0.525085 -0.0394953 0.416499 -0.140978 0.0719786 0.916022 -0.20297 0.491546 -0.606812 0.364795 0.593702 0.365537 0.168607 -0.0942052 -0.474996 0.725349 0.841718 -0.397748 1.45245 1.2178 0.594426 0.0755799 -0.0855351 0.483073
139 0.650867 -0.100509 -0.0773368 -0.179511 -0.163917 -0.223676 -0.352508 0.0576256 0.484782 0.000799132 0.410415 -0.156491 0.0682507 0.815065 -0.210649 0.413563 -0.615545 0.32163 0.554026 0.379463 0.114786 -0.0626434 -0.41133 0.652634 0.811928 -0.414332 1.32116 1.18383 0.576265 0.047001 -0.120742 0.475464
141 1.02605 -0.285407 0.283431 -0.225904 0.0920036 -0.505158 -0.491998 0.288865 0.522208 -0.220843 0.18255 -0.0587744 -0.0203499 0.881761 -0.207587 0.581338 -0.447732 0.455888 0.432015 0.20875 0.417282 -0.14659 -0.589555 0.692311 0.625571 -0.374543 1.29383 1.04324 0.544086 0.0946917 0.0302568 0.323555
143 1.13346 -0.473693 0.628905 -0.244774 0.275738 -0.719979 -0.442557 0.428919 0.587403 -0.295537 0.149713 -0.0987229 -0.0173297 1.00086 -0.169386 0.579437 -0.506593 0.360352 0.424499 0.183862 0.602371 -0.172536 -0.772764 0.739182 0.660263 -0.349606 1.21961 0.98968 0.552626 0.166734 0.0169165 0.223486
144 1.15313 -0.579273 0.724341 -0.308062 0.405179 -0.829899 -0.389834 0.552702 0.573964 -0.367248 0.0723431 -0.0900394 -0.0157289 0.987699 -0.181007 0.557619 -0.590423 0.386056 0.307217 0.131349 0.773624 -0.124336 -0.826214 0.777899 0.624561 -0.444901 1.1088 0.95207 0.617397 0.0748783 0.00708219 0.219352
146 1.08031 -0.651681 0.70951 -0.383387 0.451509 -0.867498 -0.313466 0.506345 0.556604 -0.301986 0.0498388 -0.114882 -0.0446719 0.923742 -0.303695 0.467318 -0.568142 0.375533 0.25944 0.0433581 0.811458 -0.0924355 -0.783346 0.766057 0.597005 -0.532174 0.903442 0.809572 0.578992 -0.0200837 -0.0527018 0.225195
145 1.05654 -0.544072 0.646265 -0.313992 0.377211 -0.773342 -0.331752 0.471058 0.537772 -0.298911 0.0533642 -0.0870465 -0.0497826 0.800657 -0.204827 0.483088 -0.477869 0.364909 0.284607 0.0638798 0.672371 -0.127262 -0.70856 0.641329 0.528583 -0.431326 0.897771 0.781189 0.472611 0.0160304 -0.0225248 0.162458
106 -0.45475 -0.0273511 0.83544 -0.236743 -0.60415 -0.310234 0.171192 0.743947 -0.107263 -0.611682 0.136174 0.036851 -0.0708196 1.00167 0.230718 -0.268088 -0.45145 0.0533663 0.240388 0.946332 -0.452661 -0.64484 -1.02635 0.394746 1.02432 -0.529452 -0.0574028 0.898572 1.20815 0.100357 -0.872843 0.616202
105 -0.432723 -0.0379717 0.914313 -0.282681 -0.5549 -0.335297 0.225907 0.754539 -0.0583322 -0.619458 0.198026 0.0339621 0.035152 1.10205 0.310045 -0.249588 -0.510713 0.018977 0.235076 0.900012 -0.429161 -0.618494 -1.07969 0.489464 1.0903 -0.517381 -0.00759147 0.923334 1.26155 0.156335 -0.843765 0.634911
107 -0.48219 -0.0192208 0.788538 -0.167987 -0.585715 -0.342909 0.167797 0.682211 -0.0944292 -0.609887 0.147171 0.0560827 -0.0815682 1.06064 0.240867 -0.290601 -0.455843 0.0568823 0.327007 1.0222 -0.392114 -0.649291 -1.07305 0.472371 1.10687 -0.490088 -0.024904 0.949383 1.23863 0.186385 -0.822969 0.605181
108 -0.462847 -0.0274308 0.512269 -0.00839957 -0.479524 -0.291769 0.0956724 0.525397 -0.140292 -0.435831 0.152823 0.052162 -0.144358 1.03159 0.236142 -0.284076 -0.517957 -0.0187855 0.495687 1.0631 -0.202913 -0.531572 -1.09731 0.448452 1.09861 -0.343286 0.0434969 0.902437 1.13684 0.284505 -0.679256 0.504618
109 -0.45505 -0.0401079 0.398677 0.0455992 -0.384129 -0.26503 0.103851 0.404918 -0.158637 -0.340588 0.127388 0.128521 -0.149104 0.894525 0.157136 -0.279651 -0.42828 -0.0294865 0.469624 1.02441 -0.0695625 -0.472069 -1.02417 0.410156 1.00322 -0.276188 0.0387095 0.749385 1.04489 0.2709 -0.55012 0.419434
110 -0.500514 -0.178171 0.609926 0.0549937 -0.437812 -0.327578 0.106352 0.512885 -0.126042 -0.346161 0.128352 0.129528 -0.168392 1.02643 0.185924 -0.3168 -0.465066 -0.0714375 0.508618 1.13149 -0.0577646 -0.511428 -1.14776 0.442468 1.06502 -0.310698 0.0354179 0.817311 1.12627 0.322923 -0.628321 0.417682
31 0.0322551 -0.499945 1.07427 -0.0577317 -0.0691687 -0.201768 -0.412977 0.787327 -0.108891 0.347062 0.173872 -0.283978 -0.115763 -0.28316 -0.000269448 -0.27019 -0.915467 -0.472538 0.645708 -0.124173 0.232948 0.0248631 -0.0935226 0.466019 0.590365 0.424468 0.571722 0.714009 0.630905 0.720818 -0.999948 0.377583
32 0.0363102 -0.514449 1.11055 -0.0436528 -0.00501251 -0.171738 -0.531783 0.881119 -0.162701 0.410823 0.186159 -0.397545 -0.0595283 -0.203828 0.0281231 -0.225337 -1.06155 -0.601706 0.72336 -0.078944 0.272979 0.0649768 -0.12426 0.554929 0.647922 0.353313 0.638212 0.754744 0.755225 0.771972 -1.07441 0.458808
33 -0.169297 -0.344536 0.968458 0.228865 0.0823655 -0.170066 -0.628877 0.885047 -0.332678 0.428232 0.118707 -0.530725 0.0605812 -0.0531565 0.186031 -0.108228 -1.184 -0.737659 0.871451 0.0626719 0.251019 0.0922948 -0.145615 0.652352 0.729468 0.318478 0.550312 0.656092 0.755012 0.726642 -1.08759 0.339149
35 -0.201537 -0.244784 0.887444 0.239521 0.171526 -0.162684 -0.753103 0.879925 -0.401659 0.426284 0.103636 -0.500978 0.15099 0.0536196 0.262305 -0.0365074 -1.20371 -0.821316 0.928999 0.17077 0.182094 0.162519 0.0480441 0.667005 0.63694 0.193459 0.578093 0.597637 0.812187 0.754 -1.03863 0.270245
213 0.495869 -0.687212 1.46076 0.797066 0.495467 0.107218 0.240024 0.129142 -0.357718 -0.0811718 0.943456 -0.0914234 0.135539 1.4647 0.847835 -0.30683 -0.793961 -0.0174509 -0.0121097 -0.211105 0.049724 0.562789 0.196487 0.55026 1.05006 0.610805 0.417993 0.608327 0.497731 0.0860884 0.247308 0.119932
214 0.410063 -0.610467 1.3197 0.611497 0.46772 0.031929 0.181211 0.12872 -0.28247 -0.115293 0.814749 -0.0374935 0.137802 1.22978 0.671594 -0.22122 -0.566995 -0.0318835 -0.0547448 -0.174679 0.0937884 0.419347 0.168055 0.568385 0.873398 0.50907 0.260325 0.498669 0.397386 0.0895479 0.245495 0.0881984
215 0.449246 -0.739151 1.57194 0.686084 0.535763 0.0366473 0.181989 0.118208 -0.26029 -0.0957391 0.959892 -0.0179858 0.211272 1.44268 0.741677 -0.256193 -0.66633 -0.0529567 -0.0526807 -0.146394 0.14171 0.45225 0.113569 0.672238 1.03856 0.527825 0.275166 0.609024 0.521831 0.137435 0.244732 0.12457
216 0.432323 -0.618938 1.46556 0.670162 0.604851 0.0493647 0.140382 0.142449 -0.246535 -0.117019 0.834725 0.0694769 0.236323 1.23297 0.783012 -0.190013 -0.50494 0.0304787 -0.0490057 -0.0523014 0.2265 0.470358 -0.0222753 0.676566 0.94633 0.489409 0.0880375 0.596134 0.422379 0.111333 0.284566 0.214683
217 0.324379 -0.450809 1.21326 0.508803 0.541195 0.0533344 0.103993 0.119905 -0.153408 -0.0937717 0.638069 0.0733787 0.204942 0.950603 0.692701 -0.124479 -0.380379 0.0405585 0.0121578 0.0276955 0.251504 0.386533 -0.113701 0.57159 0.762003 0.323703 0.0524669 0.517385 0.352767 0.0714168 0.226356 0.278475
218 0.341212 -0.443422 1.46636 0.545058 0.706647 0.0773118 0.0861528 0.139869 -0.0562356 -0.0966012 0.663662 0.166003 0.359398 0.964201 0.89923 -0.0679604 -0.30499 0.0977832 0.0426888 0.180838 0.550595 0.415329 -0.401822 0.787719 0.90145 0.301244 -0.169555 0.63156 0.413497 0.160736 0.246763 0.473299
184 0.101647 0.424582 0.909401 -0.592176 0.7108 -0.405457 0.274178 0.0829772 0.231715 0.452154 0.14201 -0.407387 0.546859 0.876354 -0.469524 -0.33452 -0.852232 0.147576 0.326801 0.529953 0.228822 0.236631 -0.163471 0.683904 0.5788 0.0493329 0.190903 0.460796 -0.104803 0.892777 0.284881 0.0609355
183 0.127938 0.524636 0.97034 -0.687405 0.77719 -0.433592 0.34816 0.0821548 0.243958 0.528348 0.173143 -0.502896 0.559119 1.00291 -0.600529 -0.323335 -0.985426 0.153991 0.402213 0.582984 0.26741 0.327164 -0.142915 0.811675 0.711919 0.111861 0.270572 0.620731 -0.160867 1.02549 0.312942 0.0394939
185 0.0652806 0.389961 1.06606 -0.686066 0.880604 -0.508541 0.289272 0.0964082 0.324818 0.51545 0.188838 -0.490145 0.602399 1.03921 -0.571741 -0.453577 -0.931183 0.155123 0.385043 0.571615 0.237646 0.214638 -0.221721 0.733434 0.646022 0.107647 0.168237 0.476106 -0.138381 1.04545 0.31487 0.0655721
182 0.108756 0.480626 0.786777 -0.658078 0.626002 -0.462068 0.324802 0.0508948 0.0800781 0.458082 0.184302 -0.45612 0.618443 0.829008 -0.523981 -0.143463 -0.989087 0.101094 0.402712 0.452252 0.349382 0.389717 -0.0778316 0.880178 0.737242 0.0994169 0.346867 0.721218 -0.00946212 0.948303 0.260629 -0.0486426
181 0.0872968 0.276459 0.578195 -0.484169 0.389013 -0.354051 0.200215 0.0495468 0.0169851 0.284938 0.181694 -0.35346 0.477117 0.617574 -0.342839 -0.0609795 -0.793421 0.0329058 0.337161 0.318951 0.289768 0.321676 -0.0285132 0.725053 0.576365 0.105504 0.311089 0.621735 0.0368755 0.69209 0.147831 -0.0736999
180 0.113644 0.430027 0.831689 -0.678174 0.620451 -0.470834 0.326023 0.0257746 0.0700087 0.43163 0.127827 -0.45775 0.611624 0.800316 -0.526935 -0.104462 -0.990248 0.079454 0.426292 0.413503 0.329537 0.409924 -0.00908372 0.913207 0.766603 0.149509 0.369961 0.790879 -0.0513967 0.983033 0.252444 -0.102738
14 -0.440132 -1.0191 1.13526 0.124217 -0.467491 -0.489031 0.852261 -0.329657 -0.284405 0.0671365 0.624707 -0.833786 -0.0187059 1.10814 -0.221895 -0.116935 0.0153066 -1.02955 0.415454 0.499096 0.706192 -0.0727848 -0.29606 0.439281 0.769162 -0.503189 0.573966 0.766819 0.332119 0.0108631 0.164811 0.0646611
12 -0.435729 -0.988562 1.16998 0.111536 -0.398023 -0.490873 0.721276 -0.257975 -0.188327 0.0653992 0.580715 -0.732871 -0.00135908 0.992858 -0.219196 -0.0419726 0.0256594 -0.933662 0.364917 0.531377 0.712162 -0.0743849 -0.388122 0.372309 0.620109 -0.458451 0.592949 0.74146 0.364088 0.0531765 0.178283 0.0854773
11 -0.431639 -1.02823 1.42166 0.10134 -0.294824 -0.607448 0.510683 -0.173251 -0.0681662 0.0645643 0.637682 -0.688065 -0.129718 0.858162 -0.210238 0.075381 0.0986437 -0.860111 0.301808 0.602442 0.900406 -0.0681401 -0.622164 0.410439 0.311799 -0.446395 0.808154 0.763445 0.519871 0.12872 0.256088 0.215074
9 -0.440868 -1.12261 1.58187 0.146093 -0.250907 -0.61846 0.347233 -0.0992589 0.101358 0.0707207 0.567962 -0.637854 -0.248669 0.70781 -0.084751 0.148206 0.141794 -0.78404 0.325652 0.736977 0.9547 -0.0388282 -0.819206 0.349697 0.149209 -0.385696 0.952078 0.695122 0.583245 0.115418 0.286935 0.311175
15 -0.357352 -0.965397 1.02834 0.119231 -0.42281 -0.430454 0.811008 -0.283022 -0.21282 0.0890647 0.588925 -0.812782 0.0699593 1.08006 -0.164134 -0.131754 -0.0703155 -0.956673 0.389234 0.455787 0.603193 -0.080645 -0.251169 0.387225 0.785347 -0.453543 0.50854 0.757208 0.341117 0.0653966 0.110958 0.0620495
34 -0.188986 -0.284298 0.759215 0.234905 0.112676 -0.157238 -0.635764 0.783403 -0.34656 0.406038 0.0826346 -0.491367 0.0750515 -0.0358951 0.168902 -0.0438779 -1.0848 -0.687493 0.827976 0.0763762 0.205005 0.116894 -0.0420644 0.593244 0.624373 0.23574 0.532212 0.579537 0.720533 0.648699 -0.973323 0.273301
36 -0.289489 -0.185126 0.814259 0.195994 0.261091 -0.152453 -0.803293 0.870194 -0.415401 0.421227 0.0246025 -0.415309 0.347877 0.270324 0.325365 0.147811 -1.04797 -0.861358 0.989177 0.448448 0.0353837 0.316932 0.269095 0.642808 0.504781 -0.0992599 0.645454 0.434406 0.783886 0.738258 -0.856776 0.0516412
37 -0.237085 -0.107415 0.676031 0.151619 0.240729 -0.142228 -0.71457 0.740422 -0.310629 0.33333 0.0113283 -0.296773 0.437249 0.397503 0.344545 0.159852 -0.90008 -0.787181 0.857541 0.528475 0.0133334 0.357259 0.295951 0.603535 0.437627 -0.20904 0.579682 0.307177 0.673312 0.665434 -0.634603 -0.0450241
38 -0.225252 -0.0425914 0.70569 0.133139 0.263653 -0.11843 -0.737215 0.656232 -0.288788 0.30086 -0.00299483 -0.241886 0.567711 0.6421 0.391486 0.22443 -0.933256 -0.790751 0.873379 0.728271 0.0546332 0.500905 0.34596 0.658766 0.546213 -0.430807 0.791912 0.25903 0.711597 0.731146 -0.553036 -0.066463
239 -0.360058 -0.0411936 0.882771 0.0179335 0.24936 0.0725334 -0.158171 0.291841 -0.0926598 -0.789253 0.244674 -0.191911 1.079 0.786935 0.109386 -0.381421 -0.920526 -0.381989 -0.125092 0.37845 0.406839 0.492115 -0.134037 0.713 0.338244 -0.00952135 0.705396 -0.135936 0.512347 -0.28409 -0.448182 0.970605
237 -0.47517 0.0502779 0.869128 0.0271469 0.245888 0.16012 -0.223945 0.316561 -0.122715 -0.91278 0.26068 -0.190162 1.28807 0.891862 0.163323 -0.362486 -1.07775 -0.459118 -0.121324 0.379115 0.408716 0.550891 -0.169837 0.775734 0.394122 0.0597074 0.794314 -0.184075 0.579612 -0.317968 -0.512263 1.15656
240 -0.274291 -0.282611 1.01812 -0.0447969 0.212493 -0.0181085 -0.075369 0.310715 -0.000256233 -0.701419 0.256062 -0.165067 0.921251 0.787503 0.0561477 -0.293567 -0.820948 -0.0793001 -0.290752 0.354834 0.25228 0.395846 -0.115676 0.6817 0.231792 -0.23687 0.65895 0.0542842 0.547725 -0.158697 -0.315435 0.769961
241 -0.0971931 -0.366876 0.924721 -0.0473112 0.151378 -0.110775 0.0241192 0.22161 0.135668 -0.415144 0.243089 -0.217053 0.647397 0.826478 0.115938 -0.214915 -0.765513 -0.0372932 -0.170623 0.333958 0.205104 0.245572 -0.21792 0.598042 0.31219 -0.273739 0.573627 0.320435 0.523806 0.10059 -0.228176 0.489486
242 -0.241309 -0.500611 1.14454 -0.0857698 0.226953 -0.097382 -0.0265073 0.30234 0.0685191 -0.749307 0.284443 -0.113802 0.795722 0.886429 0.0384032 -0.179319 -0.819927 0.236739 -0.454605 0.390836 0.120173 0.279683 -0.108667 0.687746 0.117972 -0.432058 0.702507 0.320384 0.660165 -0.0139181 -0.271466 0.678041
124 -0.122144 -0.234926 0.106438 0.295649 0.845991 -0.325578 -0.340084 -0.492857 0.450833 -0.588853 -0.221696 -0.776894 0.174642 1.09923 0.343612 -0.219852 -0.546942 -0.577881 0.412554 0.501435 0.299183 0.122471 -0.496129 -0.0225351 1.08861 -0.235713 0.899474 0.892362 -0.0833622 -0.322526 -0.404299 0.230059
123 -0.124738 -0.304429 0.25249 0.296866 0.908347 -0.403465 -0.34116 -0.490147 0.50901 -0.610521 -0.231269 -0.816594 0.186658 1.15387 0.359496 -0.24617 -0.594249 -0.629351 0.461858 0.551737 0.340905 0.159931 -0.538638 -0.0198492 1.14969 -0.212416 0.955074 0.928218 -0.0701758 -0.340248 -0.436049 0.2165
125 -0.104081 -0.372802 0.23398 0.281169 0.931702 -0.368335 -0.309209 -0.550386 0.55682 -0.626467 -0.188021 -0.903184 0.130906 1.20968 0.407514 -0.207369 -0.610421 -0.575079 0.422757 0.475021 0.290122 0.168122 -0.47669 -0.00589066 1.10436 -0.218352 0.986852 0.883679 -0.0671246 -0.330119 -0.505925 0.243221
126 0.0811994 -0.521225 0.411624 0.11473 0.847035 -0.365648 -0.113854 -0.491567 0.653461 -0.545688 -0.143501 -1.00404 -0.063088 1.20463 0.341808 -0.0860638 -0.647004 -0.46594 0.334581 0.285234 0.0928417 0.242295 -0.315648 -0.0397529 0.90523 -0.246423 0.92291 0.798476 0.00834764 -0.246677 -0.642743 0.296726
127 0.180059 -0.515103 0.354756 0.0664865 0.722191 -0.295664 -0.00322847 -0.489985 0.682041 -0.461926 -0.0681125 -0.962585 -0.1511 1.1087 0.276324 0.0155208 -0.594529 -0.315253 0.294662 0.165504 -0.0232801 0.313542 -0.16662 -0.038292 0.716028 -0.241005 0.89384 0.686501 -0.00161498 -0.24957 -0.655671 0.345648
5 -0.177357 -1.06532 1.67969 0.232224 -0.116329 -0.565775 0.00693288 0.19316 0.61927 -0.0819398 0.362074 -0.68904 -0.249307 0.641871 0.405379 0.144524 -0.100843 -0.744236 0.477572 0.566937 0.705296 0.0808707 -0.833999 0.311636 0.0380384 -0.259234 1.03094 0.277799 0.474881 0.0535713 0.229185 0.433178
4 -0.116575 -0.866988 1.4565 0.202161 -0.0253729 -0.496252 0.00822202 0.229123 0.62529 -0.11344 0.276891 -0.545776 -0.201224 0.589894 0.375125 0.0661293 -0.190658 -0.649069 0.439391 0.408445 0.549957 0.137745 -0.698933 0.299649 0.0293992 -0.178045 0.826887 0.195105 0.426346 -0.023515 0.149109 0.445113
3 -0.122902 -0.963247 1.62603 0.22457 -0.0496948 -0.56707 -0.0333337 0.292682 0.774101 -0.128574 0.268315 -0.615386 -0.22581 0.68663 0.47099 0.0252142 -0.285806 -0.697748 0.533194 0.354449 0.560546 0.175627 -0.718387 0.317164 0.0136827 -0.210811 0.909336 0.113654 0.499543 -0.0459423 0.104192 0.511892
74 -0.0767695 -0.422124 0.893531 0.227803 -0.410712 -0.446806 0.163961 0.0113335 0.706875 0.55033 0.0923596 -0.493216 1.16675 0.327893 0.221858 -0.41124 -0.67634 -0.0983621 0.0800517 -0.0442665 -0.170527 -0.331361 -0.471319 -0.0640132 1.18392 -0.226873 0.917009 -0.0855987 0.528076 0.582096 -0.144196 -0.0210502
75 0.0302906 -0.537489 0.978278 0.199126 -0.451609 -0.371994 0.135343 -0.00844178 0.837293 0.656982 0.256988 -0.469145 1.08639 0.44604 0.310096 -0.404438 -0.712529 -0.0566454 0.0575719 0.012611 -0.242728 -0.153403 -0.476542 -0.184721 1.32553 -0.367483 0.95152 -0.116683 0.641203 0.503101 -0.0925863 -0.181474
77 0.154298 -0.643133 1.16331 0.152407 -0.43946 -0.374439 0.127812 -0.00857603 0.967569 0.7358 0.443713 -0.431794 0.966038 0.502332 0.363925 -0.354631 -0.764137 -0.0831191 0.00897595 0.055222 -0.253686 0.00720003 -0.471612 -0.323537 1.40499 -0.45376 0.968515 -0.17881 0.726285 0.431733 -0.0322422 -0.286751
78 0.239275 -0.741559 1.43081 0.127793 -0.400513 -0.405047 0.171947 0.0334525 1.04524 0.690264 0.637284 -0.393225 0.782755 0.698383 0.409296 -0.391242 -0.809835 -0.10865 0.00109235 0.132435 -0.152362 0.177012 -0.515442 -0.444921 1.37212 -0.467154 0.9305 -0.140478 0.762266 0.385931 -0.0861487 -0.35743
79 0.21827 -0.621872 1.31528 0.0896945 -0.312372 -0.386296 0.145075 0.0767147 0.936806 0.592684 0.565247 -0.331633 0.650712 0.62605 0.344672 -0.322158 -0.754748 -0.0912265 -0.0254979 0.0976378 -0.0902261 0.175264 -0.435289 -0.416406 1.15095 -0.41728 0.802573 -0.145383 0.6887 0.30153 -0.111903 -0.318771
76 0.00731002 -0.49575 0.89053 0.158067 -0.364492 -0.373576 0.111984 -0.00707466 0.724327 0.581365 0.238827 -0.394777 0.959902 0.432056 0.274236 -0.369947 -0.686139 -0.0786458 0.0872945 0.062976 -0.208101 -0.106171 -0.433038 -0.0828563 1.21997 -0.321875 0.857767 -0.0709835 0.613282 0.45268 -0.0629644 -0.14348
177 0.0805724 -0.331598 0.858786 -0.371106 0.262023 -0.84118 0.243607 -0.312988 0.0535118 0.0415912 0.128148 -0.0444173 0.557225 0.423381 -0.180397 0.00229978 -0.913262 -0.104571 0.490155 -0.295949 0.213891 0.360828 -0.0812618 0.748672 1.07301 0.120804 0.371081 0.803375 0.273522 0.892974 0.0745776 -0.134511
179 0.136919 0.0918689 0.702867 -0.502861 0.441524 -0.658222 0.28028 -0.209682 0.0346624 0.243676 0.131959 -0.249493 0.568239 0.51431 -0.361058 0.00982758 -0.916875 -0.0411198 0.47319 -0.0318657 0.247803 0.41925 -0.00514891 0.809556 0.938096 0.135506 0.372085 0.851156 0.0977423 0.945743 0.156928 -0.200995
178 0.114352 -0.158834 0.759149 -0.359295 0.31931 -0.670314 0.185462 -0.198119 0.0672119 0.080076 0.10575 -0.158584 0.53141 0.414487 -0.178919 -0.00590944 -0.864128 -0.143046 0.421538 -0.152984 0.196658 0.328291 -0.0437179 0.655464 0.908993 0.0777785 0.371262 0.736851 0.220072 0.823065 0.0429414 -0.124686
20 0.321346 -0.507757 0.618831 -0.402771 -0.200705 -0.172488 0.259249 0.0669364 0.0998564 0.456503 0.680237 -0.603712 -0.101102 0.496405 0.205168 -0.0967669 -0.782681 -0.868225 0.358032 0.181053 0.0925973 -0.0858563 0.0398347 -0.0112942 0.74158 -0.266628 0.249453 0.932695 0.806751 0.559155 0.0572371 0.412548
21 0.443314 -0.459061 0.536356 -0.520954 -0.247898 -0.126572 0.209617 0.151794 0.155168 0.54778 0.807123 -0.597094 -0.161232 0.441911 0.270315 -0.101659 -0.985476 -0.973969 0.375748 0.164684 0.0557137 -0.116911 0.093744 -0.0668387 0.838766 -0.222055 0.236601 1.07082 0.991052 0.730127 0.0173219 0.564573
22 0.425119 -0.404916 0.445205 -0.489147 -0.22202 -0.106628 0.213433 0.125833 0.118334 0.518515 0.745588 -0.547513 -0.151577 0.412572 0.249135 -0.107497 -0.8906 -0.925342 0.333137 0.146647 0.0585008 -0.101326 0.0715843 -0.0827639 0.767018 -0.188116 0.22639 1.00636 0.929743 0.660638 0.0435507 0.499703
18 0.0621906 -0.670389 0.78431 -0.185992 -0.242754 -0.267037 0.41307 -0.0626366 0.00581531 0.276368 0.598512 -0.653369 0.0288008 0.743478 0.0554685 -0.129587 -0.567402 -0.792131 0.350528 0.277402 0.322766 -0.0742252 -0.127396 0.196514 0.730934 -0.305154 0.395414 0.802103 0.582133 0.345638 0.0540312 0.27509
17 -0.200246 -0.833159 0.923235 -0.00526765 -0.391298 -0.370773 0.702573 -0.228153 -0.182373 0.161246 0.60328 -0.777072 0.0550003 0.946722 -0.0612316 -0.129884 -0.287841 -0.969155 0.409818 0.344756 0.453235 -0.0806631 -0.12819 0.286146 0.802971 -0.41233 0.436514 0.764929 0.457548 0.165755 0.107456 0.140443
19 0.179045 -0.434905 0.722862 -0.230392 -0.061783 -0.209988 0.187599 0.113658 0.153665 0.246401 0.524504 -0.521304 0.171354 0.700988 0.197596 -0.181969 -0.835357 -0.591151 0.293163 0.252337 0.219609 0.0233157 -0.160462 0.274643 0.726066 -0.193941 0.383371 0.774118 0.655553 0.468406 -0.0551712 0.364344
197 0.0363052 -0.146164 -0.205476 -0.341338 0.600487 0.349233 -0.0982123 -0.162637 -0.608251 0.41802 0.351909 -0.656486 0.814391 0.595788 0.904459 -0.608104 -1.07244 -0.367198 -0.202589 0.30784 0.0571704 0.216002 -0.537964 0.746366 0.747436 -0.816206 0.613305 0.661561 0.602503 0.864016 0.425693 0.675293
195 0.0701115 -0.23991 0.134897 -0.421637 0.818106 0.168056 -0.115759 -0.0696364 -0.395428 0.450588 0.42874 -0.641001 0.891821 0.635404 0.891598 -0.822832 -0.937794 -0.333095 -0.274541 0.272919 0.0394093 0.0945031 -0.660712 0.631201 0.439603 -0.665311 0.470451 0.511772 0.525345 0.968684 0.395414 0.670196
129 0.353615 -0.555421 0.561946 -0.127001 0.368368 -0.256194 0.264924 -0.431771 0.814597 -0.35278 0.116614 -1.08101 -0.18176 1.27209 0.0935685 0.103599 -0.861372 -0.161921 0.33524 0.00110895 -0.242483 0.509528 0.0331351 -0.00864966 0.588924 -0.32625 0.998093 0.822689 0.149899 -0.133948 -0.813689 0.482036
130 0.302344 -0.478073 0.459472 -0.150062 0.286103 -0.226519 0.259181 -0.437472 0.758481 -0.316443 0.139711 -1.0108 -0.198369 1.14112 0.0360715 0.128324 -0.820413 -0.114509 0.368026 -0.031107 -0.243291 0.486626 0.0638078 0.0370577 0.559737 -0.27955 0.933733 0.800619 0.171203 -0.124194 -0.765859 0.484984
131 0.394476 -0.50751 0.569844 -0.171131 0.27764 -0.236347 0.299538 -0.443125 0.823157 -0.301207 0.220799 -1.1003 -0.236735 1.24668 0.0442007 0.153532 -0.909656 -0.120877 0.421168 0.000432551 -0.259296 0.516817 0.0590822 0.0538208 0.642876 -0.31314 1.04821 0.901394 0.221621 -0.0698563 -0.829237 0.540192
128 0.142501 -0.518604 0.390691 0.046651 0.698161 -0.334091 0.033752 -0.536319 0.745263 -0.511811 -0.0563678 -1.05856 -0.172067 1.18645 0.238254 0.0107661 -0.680971 -0.345578 0.348201 0.135486 -0.04248 0.359771 -0.150308 -0.0414558 0.752386 -0.243184 0.952069 0.740274 0.0286897 -0.273396 -0.740248 0.397334
132 0.282085 -0.38929 0.464568 -0.290011 -0.0574108 -0.0563047 0.206225 -0.374902 0.795485 -0.141486 0.440323 -0.743786 -0.0398929 1.03402 -0.0387866 0.229637 -0.808285 0.0516223 0.510678 0.229003 -0.335801 0.378805 0.111614 0.0381143 0.596701 -0.437083 1.05619 1.09269 0.415855 -0.112685 -0.694593 0.579003
133 0.200972 -0.31498 0.426307 -0.284711 -0.103868 -0.000223945 0.189184 -0.36018 0.740332 -0.145723 0.432901 -0.601249 0.0364429 0.93629 -0.0371288 0.21065 -0.716042 0.0897415 0.497575 0.326633 -0.314361 0.291929 0.0515005 0.0689284 0.568021 -0.418084 1.00022 1.04227 0.46815 -0.087847 -0.607146 0.539008
134 0.218775 -0.360842 0.442613 -0.357245 -0.219721 0.0498176 0.184327 -0.33023 0.737435 -0.0476783 0.558019 -0.58638 0.0928994 0.977637 -0.0561392 0.263651 -0.808013 0.0844397 0.577093 0.466751 -0.321655 0.258995 0.0508898 0.119824 0.679842 -0.475115 1.10082 1.26139 0.610662 -0.0395216 -0.60167 0.603281
275 -0.00529475 -0.211155 0.806084 -1.04341 -0.399956 0.116743 -0.0644775 0.233164 0.583235 -0.334362 -0.0460107 -0.845764 0.214393 0.674228 0.403274 -0.60014 -1.03661 0.153209 0.392226 0.587314 0.651329 -0.0136914 -0.0361571 1.00023 0.730935 0.086441 0.158899 0.405322 -0.0849936 -0.09594 -0.384995 -0.252635
274 0.0210956 -0.242728 0.778007 -0.872257 -0.334616 0.134637 -0.0557804 0.218783 0.497144 -0.285876 -0.0612439 -0.70776 0.182772 0.659288 0.349983 -0.493966 -0.826721 0.128627 0.299995 0.519597 0.503685 0.0045787 -0.0274969 0.83149 0.557838 0.0562914 0.173292 0.345555 -0.0421539 -0.0695721 -0.269051 -0.227656
273 0.0522004 -0.361703 0.898161 -0.866216 -0.381997 0.117055 -0.0824349 0.226032 0.545058 -0.323897 -0.0199883 -0.785444 0.224975 0.779969 0.375868 -0.546601 -0.925512 0.107392 0.370552 0.607984 0.538829 -0.0267557 -0.0486861 0.937342 0.605899 0.0830055 0.222895 0.397828 -0.00217215 -0.0368949 -0.265757 -0.255565
276 -0.0301687 -0.105231 0.651317 -1.04291 -0.384026 0.13993 -0.0556564 0.234862 0.537376 -0.402686 -0.0187887 -0.876134 0.176041 0.570759 0.416062 -0.603253 -1.13959 0.195959 0.462876 0.52015 0.731443 0.0235122 -0.0176525 1.10973 0.858234 0.00566243 0.19113 0.516513 -0.162257 -0.0440535 -0.4741 -0.25045
277 -0.040107 -0.0558114 0.476342 -0.985515 -0.322414 0.0979343 -0.0480566 0.167456 0.472802 -0.328693 0.0143908 -0.870552 0.158851 0.471959 0.396993 -0.596079 -1.19307 0.156483 0.48058 0.429472 0.738617 0.025931 -0.0286058 1.11304 0.895581 -0.0267325 0.163122 0.555839 -0.205107 -0.0104238 -0.495216 -0.248863
50 0.67111 -0.197904 1.02657 -0.135076 -0.236631 -0.0238589 -0.235546 0.486898 -0.0176585 0.197954 0.28805 -0.321978 0.518262 0.738748 0.059646 -0.353657 -0.981642 -0.281674 -0.19071 0.503149 0.125202 0.637759 -0.158619 0.755375 0.632926 -0.783207 0.0591651 0.556872 -0.401257 0.418605 -0.235518 0.0808873
49 0.469791 -0.138278 0.983576 -0.0970299 -0.135739 -0.0408608 -0.217136 0.384576 -0.00391448 0.0973353 0.218476 -0.240421 0.534078 0.653471 0.063496 -0.201298 -0.826982 -0.133483 -0.077072 0.428647 0.1936 0.54526 -0.0993101 0.62587 0.605166 -0.667233 0.103008 0.442352 -0.26223 0.340321 -0.176719 0.141331
48 0.557548 -0.0942494 1.35645 -0.108049 -0.284844 -0.0121539 -0.338555 0.419295 -0.11565 0.140158 0.223015 -0.172757 0.651754 0.735059 0.0142921 -0.171541 -0.951833 -0.0600771 -0.128009 0.539656 0.303805 0.761141 -0.0394749 0.640489 0.730384 -0.94094 0.113936 0.492063 -0.422829 0.393977 -0.177953 0.26418
47 0.297042 -0.00253022 1.61588 -0.0966102 -0.245666 -0.00289266 -0.418466 0.369246 -0.176408 0.145625 0.156989 0.0419316 0.747573 0.820842 -0.040245 -0.00621077 -0.927793 0.0190291 0.0571671 0.628501 0.469936 0.855281 0.0736389 0.552865 0.773229 -0.974293 0.355007 0.470206 -0.297116 0.452959 -0.138963 0.429463
45 0.119639 0.0643681 1.44351 -0.0668585 -0.283133 0.0871072 -0.419363 0.275266 -0.258299 0.127369 0.0770617 0.131095 0.710991 0.77289 0.0230278 0.0396237 -0.908687 -0.0264683 0.167089 0.672481 0.475918 0.857641 0.131553 0.498108 0.73839 -0.944622 0.493151 0.436554 -0.192903 0.456766 -0.188997 0.438031
46 0.219621 0.0130846 1.41004 -0.129425 -0.222747 0.0330412 -0.317887 0.292468 -0.150003 0.103607 0.179392 0.0368329 0.649884 0.701346 0.00120805 -0.0416179 -0.815442 0.0599404 0.0659097 0.525652 0.43713 0.721103 0.0404738 0.477645 0.67556 -0.803033 0.327027 0.417563 -0.208571 0.383433 -0.109277 0.404791
212 0.504939 -0.619365 1.33719 0.790803 0.360173 0.181458 0.420148 0.101757 -0.329938 -0.00297888 0.783525 -0.298526 -0.00178664 1.27198 0.963223 -0.356684 -0.936378 -0.00993636 0.152961 -0.0898777 0.132182 0.637218 0.0500753 0.348748 0.973395 0.597699 0.655015 0.625715 0.479078 0.0681025 0.243001 0.116819
211 0.425394 -0.520239 1.01061 0.680571 0.301403 0.151015 0.347822 0.0775856 -0.287425 0.00493857 0.631876 -0.24117 -0.0635321 1.06313 0.822409 -0.304038 -0.778382 -0.0109804 0.167457 -0.0768455 0.0794154 0.529012 0.0510339 0.26993 0.771835 0.504886 0.591507 0.494844 0.384659 0.0335927 0.185952 0.0700355
219 0.315659 -0.25185 1.44266 0.440541 0.773252 0.0585013 0.0430577 0.231593 0.0586388 -0.0775226 0.538044 0.1937 0.493175 0.888847 0.94746 -0.0494306 -0.288839 0.0889905 0.155642 0.366851 0.798539 0.466565 -0.721816 0.855447 0.913633 0.133658 -0.276783 0.721796 0.469813 0.200586 0.245446 0.661919
220 0.297242 -0.198497 1.36667 0.390483 0.75863 0.0600332 0.0211882 0.22309 0.137093 -0.0357737 0.408601 0.185612 0.490217 0.729169 0.900684 -0.00622355 -0.254487 0.0958567 0.140725 0.419404 0.807965 0.44093 -0.740022 0.814395 0.796789 0.0555281 -0.336421 0.68297 0.394804 0.177353 0.223586 0.662706
221 0.288176 -0.222209 1.41326 0.398698 0.779357 0.070466 0.0883748 0.266891 0.108897 -0.0539306 0.444548 0.208179 0.517398 0.825116 0.872216 0.031284 -0.285224 0.0138166 0.12833 0.409381 0.818579 0.440412 -0.779102 0.773166 0.80105 0.125924 -0.33346 0.707848 0.445449 0.157745 0.226693 0.674125
65 -0.157355 -0.426072 -0.374841 -0.0319145 -0.235989 0.326874 0.203221 0.288662 0.491366 0.209667 0.42696 -0.944166 1.08695 0.957838 0.193874 -0.538645 -0.741837 -0.8008 0.0681305 0.721453 0.955136 -0.112123 -0.555541 0.282803 0.215283 0.140044 0.622299 0.728189 0.0500106 0.709099 -0.635247 0.0602272
63 -0.0743459 -0.511858 -0.280501 -0.103354 -0.252262 0.374554 0.236542 0.26364 0.618612 0.125286 0.463987 -0.951059 1.05368 0.976624 0.17645 -0.575394 -0.671051 -0.893269 0.0425566 0.792271 0.878189 -0.00273269 -0.515823 0.306483 0.0789515 0.0916968 0.589359 0.756859 -0.0127442 0.793831 -0.598635 -0.0516467
62 0.063622 -0.539698 -0.329315 -0.111332 -0.194268 0.301771 0.162418 0.321668 0.563103 0.112278 0.451951 -0.869392 0.824327 0.994891 0.2278 -0.573409 -0.745238 -0.938874 -0.0320961 0.873415 0.661455 0.216695 -0.503684 0.502985 0.0828453 -0.055204 0.514875 0.909503 -0.0140625 0.837152 -0.520932 -0.227407
60 0.214404 -0.549739 -0.284224 -0.113004 -0.230302 0.188642 0.137443 0.389712 0.554408 0.0838583 0.41998 -0.773772 0.621402 0.916101 0.195143 -0.617874 -0.826386 -0.939373 -0.121288 0.860511 0.385813 0.349648 -0.468088 0.618423 0.0251688 -0.133451 0.413833 0.912118 -0.0621454 0.83509 -0.499564 -0.357969
59 0.503058 -0.601584 -0.265108 -0.0926161 -0.239254 0.0648232 0.0411996 0.483556 0.504769 0.195833 0.310463 -0.662358 0.361592 0.937515 0.136537 -0.759716 -0.957905 -0.943216 -0.207031 0.81629 0.143653 0.434423 -0.484052 0.799433 0.108701 -0.290129 0.371282 0.993897 -0.0775 0.783477 -0.477302 -0.427374
58 0.4669 -0.437454 -0.1743 -0.0522798 -0.168713 0.0512328 -0.0197246 0.430817 0.320318 0.177819 0.233307 -0.562361 0.258715 0.837285 0.136453 -0.738125 -0.965878 -0.821541 -0.151292 0.728434 0.000458212 0.422873 -0.401601 0.810958 0.154754 -0.288733 0.295648 0.874213 -0.0773473 0.658991 -0.408385 -0.377625
57 0.631061 -0.498175 -0.148647 -0.0799334 -0.214191 -0.0195208 0.0183744 0.533902 0.386985 0.28366 0.275818 -0.572451 0.221756 0.909785 0.119576 -0.842386 -1.05976 -0.916612 -0.233662 0.756456 -0.0622818 0.457592 -0.543641 0.92367 0.198707 -0.375015 0.306778 0.930877 -0.0952021 0.710232 -0.418309 -0.415059
56 0.820647 -0.453025 0.136642 -0.13523 -0.258431 -0.0572529 -0.0318201 0.616294 0.218624 0.3881 0.266391 -0.576769 0.14474 0.953587 0.0782975 -0.861373 -1.19378 -0.947419 -0.259127 0.624866 -0.172372 0.469649 -0.552672 1.00346 0.464146 -0.608225 0.249167 0.959557 -0.131324 0.591523 -0.395744 -0.257537
55 0.765152 -0.418959 0.136851 -0.127027 -0.243576 -0.0744494 -0.00650623 0.551459 0.253153 0.382406 0.267969 -0.501155 0.101185 0.799354 0.0602089 -0.796916 -1.0252 -0.859483 -0.198076 0.528426 -0.172557 0.405354 -0.533544 0.852221 0.387474 -0.524318 0.214821 0.807608 -0.183052 0.455068 -0.382345 -0.249068
54 0.829807 -0.436531 0.268761 -0.162959 -0.262212 -0.0643401 -0.065733 0.574691 0.214697 0.43415 0.313726 -0.493378 0.173593 0.925187 0.089558 -0.865251 -1.1682 -0.883486 -0.225494 0.557826 -0.150061 0.471078 -0.568203 0.989178 0.514071 -0.6156 0.215443 0.898206 -0.211124 0.545905 -0.401018 -0.245534
43 -0.096951 0.308047 1.23029 -0.0347576 -0.197949 0.152695 -0.532472 0.262069 -0.351972 0.150703 -0.0741343 0.350239 0.727398 0.855676 0.050393 0.0766784 -0.993782 -0.153845 0.356679 0.856619 0.448565 0.890013 0.213393 0.544288 0.780112 -0.919107 0.763862 0.389082 -0.133682 0.582968 -0.220338 0.362436
42 -0.0900925 0.283108 1.08971 -0.0247231 -0.17907 0.176971 -0.625973 0.325628 -0.370793 0.181709 -0.0964804 0.357684 0.771462 0.887687 0.134014 0.169976 -1.00108 -0.290076 0.478524 0.965852 0.345565 0.903985 0.300752 0.560279 0.814389 -0.933368 0.882497 0.36339 0.02054 0.664687 -0.243376 0.237011
44 -0.045996 0.245924 1.3013 -0.0404363 -0.209316 0.117559 -0.515008 0.266065 -0.289636 0.127635 -0.00957827 0.320286 0.769514 0.918041 0.0629759 0.057101 -1.05052 -0.157584 0.333303 0.870519 0.465865 0.89529 0.0938985 0.573346 0.866343 -0.989249 0.749524 0.470655 -0.136459 0.568441 -0.223733 0.421744
156 0.00886093 -0.560217 0.0995156 -0.079323 -0.0521131 0.0573395 0.14598 -0.539048 0.740393 0.189996 0.42452 -0.00738803 0.708102 1.14109 -0.316645 -0.593056 -0.949714 0.00668039 0.41219 0.371239 0.526264 0.758783 -0.645854 0.770841 0.0343597 -0.350568 0.315664 0.128729 1.26314 0.00501554 -0.206326 0.434272
158 0.101985 -0.332354 0.356603 -0.110612 -0.000763431 0.20599 0.191014 -0.553676 0.887321 0.058913 0.608162 0.00481864 0.894967 1.10385 -0.167973 -0.708687 -1.02843 -0.0690263 0.567447 0.488028 0.300352 0.785572 -0.680283 0.748457 -0.111555 -0.0989168 0.335523 0.0675766 1.23472 0.149189 -0.240047 0.272007
157 0.0477507 -0.316005 0.271381 -0.0853457 -0.00917602 0.160745 0.15466 -0.453366 0.721292 0.0712115 0.486199 -0.0218737 0.750287 0.985181 -0.124418 -0.582919 -0.899211 -0.0479577 0.436431 0.420074 0.298453 0.647135 -0.582372 0.663581 -0.00259002 -0.158399 0.296392 0.124372 1.07047 0.119011 -0.200554 0.294175
159 0.142868 -0.250349 0.442965 -0.133912 0.0189739 0.209235 0.189284 -0.550919 0.909202 0.0226781 0.726249 -0.00317216 0.963253 1.04891 -0.0508838 -0.744259 -1.12165 -0.11002 0.634022 0.551243 0.232876 0.745396 -0.700372 0.743882 -0.0894884 0.00855855 0.339128 0.117773 1.19461 0.268863 -0.31885 0.180859
161 0.112431 -0.183067 0.592363 -0.181332 0.0529042 0.199271 0.180479 -0.623137 0.917326 0.0409955 0.852043 0.1258 0.973634 1.03529 -0.0543972 -0.759646 -1.20279 -0.144234 0.80929 0.533106 0.157288 0.791057 -0.726505 0.688701 -0.141069 0.171767 0.260245 0.0664977 1.263 0.286736 -0.30792 0.0949287
160 0.137027 -0.153626 0.428481 -0.11872 0.0434317 0.239378 0.154434 -0.543081 0.81049 0.0317258 0.664543 0.0667285 0.882031 0.892251 -0.08609 -0.673495 -1.00965 -0.0927609 0.604735 0.471164 0.16083 0.67569 -0.586487 0.623642 -0.145236 0.0789085 0.250847 0.0494242 1.06158 0.225925 -0.265398 0.121587
252 0.123402 -0.418745 0.45292 0.586676 0.321573 -0.0288286 1.07188 0.288415 0.6389 -0.263069 -0.455946 -0.558511 0.621947 1.00742 -0.326587 -0.28296 -0.69642 -0.297513 -0.694115 0.900065 -0.0823926 -0.149025 -0.601093 1.01199 0.437585 -0.48687 0.62976 0.157639 0.346852 0.195688 -0.140857 0.164008
253 0.192429 -0.377301 0.38052 0.546071 0.293065 -0.0293012 1.00128 0.248376 0.628138 -0.176475 -0.381878 -0.559512 0.611007 0.892933 -0.31675 -0.255764 -0.642703 -0.406784 -0.510929 0.86844 0.0307224 -0.077679 -0.682899 0.953549 0.570413 -0.379769 0.560832 0.15279 0.322719 0.217484 -0.179534 0.196399
254 0.280092 -0.496909 0.458473 0.694645 0.367394 -0.0352198 1.16374 0.248918 0.752058 -0.203674 -0.469673 -0.656703 0.664433 0.950374 -0.411171 -0.205802 -0.602876 -0.520691 -0.53654 1.06832 0.105529 -0.142132 -0.809293 1.07292 0.789994 -0.360865 0.565959 0.132058 0.327238 0.296669 -0.162668 0.250867
135 0.307098 -0.246526 0.196759 -0.352959 -0.301958 0.0761003 0.00641182 -0.299867 0.744753 -0.0363204 0.629047 -0.404773 0.0844505 0.916995 -0.126966 0.379062 -0.73861 0.24586 0.669085 0.562841 -0.281348 0.135919 -0.0314155 0.260547 0.741225 -0.50101 1.26789 1.37942 0.654164 -0.0419517 -0.472332 0.590175
51 0.793732 -0.259445 0.673611 -0.151628 -0.249757 -0.0120087 -0.172634 0.562484 0.0545151 0.274745 0.331306 -0.458872 0.403677 0.768374 0.084641 -0.5267 -1.05573 -0.508534 -0.237312 0.511145 0.0265766 0.539763 -0.340637 0.836421 0.644573 -0.715046 0.0592974 0.666976 -0.378554 0.430037 -0.284857 -0.0603649
53 0.807176 -0.34831 0.4283 -0.16446 -0.257537 -0.0208517 -0.0998416 0.597433 0.108717 0.359815 0.33494 -0.51562 0.283179 0.836118 0.105194 -0.699088 -1.10398 -0.739408 -0.238742 0.503952 -0.0591891 0.518272 -0.421614 0.892485 0.568334 -0.64876 0.133605 0.785474 -0.302971 0.482159 -0.363319 -0.150008
164 -0.0212249 -0.132094 0.610981 -0.295552 0.0380843 -0.100733 0.060013 -0.550681 0.657693 0.122084 0.899802 0.243708 0.773479 0.843918 0.0495262 -0.571865 -1.28872 0.0177592 0.908595 0.398043 0.160202 0.633827 -0.708179 0.632077 0.0455164 0.40685 0.14342 0.0646007 1.17671 0.298456 -0.261588 -0.0293047
165 -0.106152 -0.245625 0.560409 -0.404117 -0.0266288 -0.428536 -0.0116493 -0.501406 0.302114 0.236182 0.953925 0.394592 0.6618 0.663529 0.163322 -0.445749 -1.46754 -0.0550654 0.97836 0.220641 0.207267 0.542993 -0.764689 0.606135 0.378349 0.688692 0.0245047 0.0703227 1.0713 0.407095 -0.105602 -0.115955
167 -0.166903 -0.469436 0.589968 -0.439017 -0.00360512 -0.765169 0.0342334 -0.442857 0.0908662 0.26627 0.914791 0.49653 0.567218 0.605841 0.199613 -0.325231 -1.50337 -0.108372 0.905298 0.0943298 0.239031 0.450715 -0.734304 0.540366 0.617917 0.746902 0.0235742 0.18136 0.975654 0.439304 0.0500429 -0.120429
166 -0.127208 -0.340283 0.550959 -0.407281 0.000324968 -0.633503 -0.0147389 -0.369441 0.0933421 0.234488 0.840147 0.392272 0.492313 0.543276 0.217041 -0.301525 -1.3787 -0.0750736 0.849314 0.105598 0.219668 0.392267 -0.693647 0.52023 0.551267 0.675264 0.0509279 0.14005 0.930813 0.402506 -0.000804419 -0.111707
101 -0.184661 -0.0243771 0.829919 -0.590155 -0.416082 -0.256173 0.483723 0.526519 -0.0381433 -0.358984 0.547735 -0.0035196 0.600389 0.934553 0.413133 -0.0140399 -0.317739 0.231767 0.179273 0.138443 -0.0589992 -0.178925 -0.810615 0.716736 0.718348 -0.0315405 0.125282 0.289958 0.829351 0.0141622 -0.252713 0.428282
102 -0.284422 -0.0251227 0.828231 -0.406525 -0.409815 -0.281521 0.341353 0.603087 -0.00143386 -0.435423 0.319765 0.0304991 0.25594 0.926182 0.312207 -0.151309 -0.435517 0.0620284 0.173426 0.490594 -0.222901 -0.325745 -0.809315 0.504836 0.816034 -0.284532 0.066122 0.581513 0.956349 0.0489178 -0.545953 0.505178
103 -0.29089 -0.0145845 0.695331 -0.318776 -0.350658 -0.256333 0.274027 0.544405 -0.0652284 -0.41772 0.215606 0.0563671 0.106901 0.78388 0.258643 -0.137134 -0.344114 0.084841 0.152347 0.505941 -0.262743 -0.342621 -0.715425 0.406864 0.703808 -0.337513 0.010476 0.546751 0.84924 0.0536936 -0.512657 0.467155
104 -0.370068 -0.00768892 0.851055 -0.383669 -0.522742 -0.315994 0.275093 0.715434 -0.0839538 -0.563837 0.258838 0.0563777 0.124411 1.02721 0.325189 -0.211592 -0.446011 0.0788271 0.236289 0.708155 -0.349025 -0.514683 -0.992277 0.469338 0.996483 -0.433021 0.00963976 0.771683 1.12829 0.0875402 -0.712413 0.610976
61 0.111194 -0.497543 -0.230342 -0.0815873 -0.17079 0.20386 0.153873 0.294899 0.530266 0.0680592 0.405088 -0.781715 0.678867 0.911005 0.181826 -0.517275 -0.697887 -0.869001 -0.0916616 0.778703 0.46356 0.247751 -0.447614 0.447375 0.0555979 -0.131158 0.461808 0.850188 -0.0222318 0.744391 -0.4807 -0.238119
176 0.0292809 -0.550725 0.890971 -0.270114 0.253857 -0.973318 0.243733 -0.354486 -0.0131133 0.058269 0.140281 0.067861 0.481225 0.390862 -0.0808606 -0.00685153 -0.914779 -0.183943 0.518068 -0.419893 0.168 0.352108 -0.0962985 0.653179 1.18954 0.167115 0.347851 0.768439 0.286341 0.881783 0.0726806 -0.108454
155 -0.136028 -0.838489 -0.00272925 -0.13571 -0.0780551 -0.176761 0.137461 -0.374127 0.444483 0.333323 0.151872 -0.0981112 0.527501 1.30802 -0.513624 -0.427255 -0.935779 0.0715955 0.147274 0.204972 0.866612 0.654373 -0.600195 0.911061 0.339951 -0.667799 0.409672 0.214925 1.31988 -0.197489 -0.08109 0.756116
153 -0.146724 -0.921171 0.0457754 -0.181269 -0.0751126 -0.293208 0.116941 -0.244203 0.269034 0.329274 0.0388156 -0.150176 0.358098 1.2475 -0.593194 -0.346892 -0.811171 0.137025 0.0478565 0.12129 0.936869 0.53502 -0.530058 0.933899 0.433539 -0.74232 0.378739 0.229012 1.15433 -0.258516 -0.0392531 0.755007
154 -0.146306 -0.781957 -0.0152277 -0.138764 -0.0501218 -0.222129 0.119165 -0.26546 0.291219 0.284602 0.062432 -0.128259 0.378507 1.13046 -0.46251 -0.332283 -0.786456 0.109596 0.0297235 0.153148 0.776947 0.52887 -0.490002 0.786726 0.354587 -0.649908 0.3869 0.213174 1.07171 -0.175874 -0.0667797 0.679088
227 0.113973 0.0398368 0.635938 0.211994 0.192344 0.243091 0.287615 0.802959 0.0453703 0.0603679 0.133581 0.0386072 0.866933 1.28827 0.188025 0.477067 -0.904935 -1.35447 0.0217459 0.170864 0.601898 0.532113 -0.999522 -0.0071049 0.337221 0.00895569 0.0576587 0.931193 0.522211 -0.183401 0.177961 0.59219
225 0.197399 0.00435266 0.701069 0.226961 0.238382 0.205907 0.281601 0.767513 0.0656083 0.0996467 0.135139 0.0386548 0.790712 1.20048 0.222013 0.413599 -0.837846 -1.19004 -0.00158328 0.234996 0.658072 0.505975 -1.02445 0.0285086 0.379668 -0.0221101 -0.0279105 0.91875 0.512818 -0.179247 0.196502 0.56206
228 -0.0365496 0.0834103 0.554484 0.225549 0.0574129 0.29221 0.252672 0.650281 0.123762 -0.0798514 0.055338 0.162773 0.941979 1.23908 0.169164 0.405679 -0.903058 -1.41962 0.0709885 0.151745 0.530483 0.529498 -0.896449 0.0145954 0.267506 0.102202 0.258078 0.897719 0.484463 -0.113795 0.0753568 0.690264
226 0.151413 0.0181779 0.518102 0.171322 0.188245 0.153906 0.271463 0.669358 0.043312 0.0840003 0.109727 0.0180708 0.69373 1.04834 0.127818 0.353397 -0.769322 -1.04546 -0.0122256 0.174629 0.508245 0.419658 -0.863622 0.0422147 0.312065 -0.00296877 0.0156796 0.752898 0.427111 -0.142509 0.155192 0.470844
72 -0.125674 -0.385645 0.732911 0.291989 -0.378785 -0.471385 0.206487 0.0620514 0.646494 0.532263 0.0234769 -0.603608 1.21589 0.358704 0.194268 -0.469382 -0.762876 -0.123747 0.124199 -0.00225217 0.067386 -0.4556 -0.574916 -0.0708635 1.09393 -0.138641 0.919352 -0.013302 0.469816 0.604111 -0.286824 0.0426619
73 -0.0799241 -0.394517 0.788201 0.21989 -0.37079 -0.429249 0.1459 0.0213769 0.646363 0.504727 0.0450866 -0.479985 1.08208 0.272555 0.184202 -0.360713 -0.618301 -0.0972395 0.0770315 -0.0568259 -0.13255 -0.370233 -0.452239 -0.0527605 1.08071 -0.194975 0.823604 -0.0579818 0.463374 0.554236 -0.166739 -0.019586
232 -0.439236 0.106132 0.512287 0.195138 -0.0798166 0.327158 0.0395785 0.257002 0.225721 -0.483861 0.0139901 0.145942 0.974854 0.979134 0.223007 0.216725 -0.98156 -1.28628 0.179646 0.0955029 0.379726 0.520297 -0.491628 0.144042 0.150212 0.219611 0.561444 0.511761 0.329487 -0.0449478 -0.210566 0.879127
231 -0.377201 0.08947 0.578622 0.240269 -0.0734648 0.37787 0.114894 0.382918 0.221542 -0.394275 -0.0144969 0.212433 1.10125 1.1905 0.170378 0.283881 -1.06055 -1.54246 0.167641 0.134178 0.402702 0.577835 -0.696379 0.148309 0.179321 0.194879 0.587482 0.707178 0.427074 -0.0511788 -0.17736 0.970041
230 -0.200735 0.0951301 0.536458 0.218552 0.00295817 0.314464 0.211805 0.540524 0.173776 -0.245147 0.0262075 0.223897 1.04723 1.21099 0.192068 0.334341 -1.02625 -1.46904 0.100633 0.175363 0.426322 0.586952 -0.777121 0.0806871 0.186707 0.136019 0.423512 0.814244 0.417702 -0.0941325 -0.0593626 0.81971
233 -0.493926 0.0994086 0.54859 0.207857 -0.0612963 0.341395 0.0276133 0.259033 0.142336 -0.593045 0.00743765 0.175547 1.11126 0.951023 0.195668 0.131288 -0.989901 -1.18167 0.119781 0.135648 0.373829 0.531832 -0.473417 0.274953 0.163968 0.238436 0.609022 0.368806 0.381613 -0.111199 -0.243347 1.00773
234 -0.497347 0.138366 0.713633 0.12103 0.13233 0.229483 -0.109099 0.290888 -0.0235097 -0.768202 0.129796 -0.0848697 1.13981 0.846106 0.220028 -0.131999 -1.01017 -0.813475 0.0145517 0.214185 0.435994 0.500732 -0.29777 0.490629 0.299308 0.213055 0.654409 -0.0433345 0.446649 -0.25871 -0.420008 1.10619
236 -0.486757 0.0401716 0.84987 0.0844963 0.191424 0.171733 -0.146782 0.260118 -0.0489861 -0.892477 0.21801 -0.178473 1.21179 0.907554 0.171205 -0.275795 -1.07476 -0.62713 -0.0497685 0.34526 0.451115 0.516262 -0.232249 0.666684 0.411042 0.130072 0.791867 -0.0985677 0.564012 -0.306998 -0.485266 1.15728
203 0.00893377 -0.318807 -0.0757489 0.0476195 0.233953 0.406496 0.215825 -0.0186168 -0.648368 0.112767 0.263445 -0.552096 0.544975 0.516372 0.801497 -0.267284 -1.16071 -0.141516 -0.105892 0.0798184 0.272693 0.423803 -0.312924 0.565824 0.994952 -0.497317 0.665635 0.635321 0.524858 0.249056 0.517867 0.729995
204 0.188516 -0.354582 0.302879 0.287415 0.231158 0.363534 0.302096 0.0286293 -0.505208 0.0682202 0.33067 -0.547452 0.268956 0.575245 0.937871 -0.284209 -1.06693 -0.0468229 0.0534792 0.0916125 0.309543 0.546765 -0.248998 0.402204 0.872137 -0.146129 0.715343 0.556813 0.451927 0.152781 0.425264 0.547753
205 0.307556 -0.381989 0.656443 0.495253 0.243302 0.275793 0.402933 0.0445512 -0.286287 0.0397262 0.401904 -0.519736 0.129143 0.733508 0.936368 -0.310158 -0.968229 0.0103102 0.20624 0.0837682 0.278392 0.625112 -0.22317 0.266957 0.823223 0.108387 0.751895 0.53 0.432597 0.137784 0.256318 0.413384
206 0.3402 -0.380329 0.678037 0.599579 0.263991 0.30492 0.454187 0.0503939 -0.329073 0.0752929 0.387278 -0.548725 0.032663 0.723036 1.05671 -0.336464 -0.969573 0.0181461 0.245018 0.0909168 0.273485 0.680921 -0.235135 0.21554 0.826141 0.18844 0.839925 0.530573 0.423623 0.10792 0.294254 0.412025
207 0.52722 -0.389858 0.989365 0.833754 0.263576 0.305557 0.615867 0.0688331 -0.199961 0.0592687 0.489249 -0.610761 -0.101768 0.950069 1.22477 -0.428514 -1.06709 0.0848311 0.436319 0.144519 0.317715 0.859885 -0.246947 0.141948 0.911225 0.447695 1.05464 0.650042 0.478684 0.0789793 0.146338 0.352489
209 0.561797 -0.437795 1.08223 0.934644 0.271586 0.322341 0.626216 0.0870484 -0.234469 0.0515356 0.556041 -0.607039 -0.14932 1.03796 1.29056 -0.424322 -1.10791 0.0809761 0.4428 0.0834888 0.299163 0.88725 -0.204201 0.115915 0.917385 0.589818 1.03036 0.643014 0.462964 0.0539937 0.177472 0.304729
208 0.535018 -0.409185 1.02829 0.89523 0.28207 0.320535 0.602113 0.0666909 -0.216116 0.0805561 0.499864 -0.52847 -0.180895 0.926703 1.19316 -0.400133 -0.969389 0.114032 0.391065 0.098822 0.26652 0.821069 -0.189847 0.074321 0.812241 0.522989 0.947358 0.555905 0.442285 0.078914 0.185141 0.246548
210 0.526805 -0.533885 1.1826 0.90539 0.348082 0.231712 0.519431 0.0574958 -0.325486 0.0200966 0.704981 -0.41917 -0.145966 1.19344 1.09835 -0.401065 -0.970729 0.033488 0.261838 -0.0797179 0.119863 0.773581 0.0122473 0.178392 0.869397 0.6026 0.84202 0.584666 0.435892 0.0350733 0.223461 0.157247
298 0.00971328 -0.398572 1.36625 0.026964 0.203472 -0.668206 -0.228476 0.418731 0.970345 -0.241989 0.272982 -0.558678 -0.030201 0.792252 0.609721 -0.347887 -0.849235 -0.671468 0.433505 -0.502527 0.299471 0.346074 -0.469577 0.425729 -0.037562 -0.234736 0.339 -0.00696297 0.385174 -0.164669 -0.215798 0.586392
299 0.0456358 -0.478265 1.46321 0.0670888 0.185549 -0.734719 -0.235628 0.483308 1.05917 -0.290449 0.250893 -0.574026 -0.0664757 0.904511 0.625018 -0.313685 -0.885389 -0.704438 0.469849 -0.492327 0.321126 0.365217 -0.455011 0.4279 0.0168089 -0.29419 0.428007 -0.0287478 0.414089 -0.171182 -0.230806 0.677619
297 0.131617 -0.435993 1.5961 -0.0231899 0.305755 -0.78896 -0.241719 0.550056 1.04475 -0.249594 0.320787 -0.679908 0.0213848 0.874697 0.591815 -0.297726 -1.05615 -0.752439 0.378966 -0.667045 0.21301 0.283501 -0.620488 0.489689 -0.046936 -0.312102 0.207868 0.0532113 0.380222 -0.182989 -0.158292 0.588979
0 -0.0248362 -0.734147 1.69034 0.211423 0.0600596 -0.723478 -0.191786 0.408549 1.17066 -0.285975 0.183134 -0.571885 -0.248075 0.988541 0.692479 -0.231611 -0.673881 -0.789637 0.61058 -0.209126 0.46216 0.429889 -0.496601 0.370856 -0.0369203 -0.318406 0.71386 -0.0875293 0.476675 -0.154446 -0.183111 0.741529
1 -0.0261749 -0.68755 1.507 0.207989 0.0388731 -0.611934 -0.147027 0.396032 1.01252 -0.279212 0.167763 -0.537827 -0.21785 0.878967 0.606788 -0.179366 -0.561685 -0.686414 0.537003 -0.122479 0.418657 0.388366 -0.398443 0.313182 0.0113502 -0.237926 0.677333 -0.0983366 0.408487 -0.153931 -0.175659 0.684313
2 -0.0492779 -0.745349 1.56877 0.243575 0.023073 -0.63041 -0.111173 0.338629 0.983907 -0.246525 0.203119 -0.551315 -0.235702 0.868842 0.608566 -0.130741 -0.489337 -0.721388 0.559167 -0.0107786 0.480933 0.361145 -0.491715 0.319972 0.0568735 -0.253929 0.773424 -0.00032694 0.458202 -0.135174 -0.123831 0.680334
84 0.223996 0.202716 1.19226 0.139446 0.078684 0.0234214 0.141715 -0.196202 0.842251 -0.2025 0.132648 0.00082817 0.0965139 1.07265 0.119358 -0.11392 -0.450274 -0.437369 -0.562241 0.362793 0.798725 0.031858 -0.0091404 -0.00424761 1.15038 0.457985 0.887934 0.129343 1.00073 1.00191 -0.581905 0.443062
85 0.199253 0.253291 1.05659 0.105888 0.118768 0.0513782 0.0893807 -0.186344 0.73518 -0.206975 0.108977 0.0509428 0.0496292 0.94529 0.108252 -0.125965 -0.385788 -0.421175 -0.535573 0.317879 0.722544 0.0146929 0.0377943 -0.0468533 1.01726 0.428724 0.803908 0.127534 0.913243 0.921562 -0.536024 0.433836
83 0.237172 -0.0906778 1.30081 0.146465 -0.0894425 -0.136101 0.139813 -0.0915274 0.887094 0.13761 0.303885 -0.0942146 0.256473 0.855233 0.224504 -0.157859 -0.49849 -0.308844 -0.396152 0.280299 0.395159 0.075234 -0.163966 -0.316209 1.15237 0.117394 0.862495 -0.0280319 0.84046 0.730215 -0.405469 0.140288
82 0.19037 -0.28871 1.18724 0.0953359 -0.111822 -0.216724 0.14917 -0.0188883 0.770261 0.245015 0.364428 -0.19101 0.344672 0.715708 0.249825 -0.226806 -0.541544 -0.212651 -0.203456 0.187532 0.22108 0.0993011 -0.243986 -0.240381 0.967378 -0.0538269 0.700447 0.00448231 0.650321 0.47947 -0.256657 -0.0093395
81 0.249408 -0.517297 1.40031 0.0816625 -0.240256 -0.330944 0.185891 0.0141283 0.929363 0.451868 0.506592 -0.259746 0.505477 0.734774 0.302809 -0.281365 -0.684228 -0.181823 -0.142521 0.182625 0.0514738 0.158548 -0.377228 -0.390876 1.1606 -0.237192 0.841957 -0.0911229 0.757338 0.462732 -0.182686 -0.178243
169 -0.113821 -0.730259 0.597448 -0.366939 0.0512513 -1.04627 0.160766 -0.171866 -0.289932 0.176172 0.494046 0.383253 0.410998 0.452566 0.262478 -0.0682034 -1.2148 -0.29612 0.524086 -0.162941 0.191467 0.186619 -0.488387 0.446719 1.0509 0.530821 0.0797152 0.481909 0.485511 0.534951 0.195719 0.0325543
170 -0.152439 -0.918157 0.750617 -0.375346 0.0836015 -1.25226 0.208735 -0.168067 -0.315182 0.226091 0.608683 0.400103 0.435577 0.542704 0.346865 -0.0512815 -1.38464 -0.339558 0.545418 -0.204543 0.197865 0.171794 -0.545187 0.49104 1.31126 0.560738 0.120921 0.579653 0.561265 0.61376 0.23812 0.0874834
168 -0.134209 -0.756737 0.618541 -0.429575 0.0380878 -1.123 0.116771 -0.293529 -0.244303 0.23866 0.692184 0.529882 0.4551 0.502902 0.304785 -0.104664 -1.45782 -0.257339 0.713092 -0.120674 0.202234 0.251891 -0.625335 0.472888 1.04679 0.654997 0.043846 0.416332 0.681467 0.559179 0.16562 0.00907882
245 -0.222385 -0.744377 1.11413 -0.0598958 0.193491 -0.131114 0.207997 0.287366 0.199729 -0.795119 0.224762 -0.170956 0.673377 1.10102 0.0299422 -0.0880753 -0.928393 0.574538 -0.770556 0.495585 -0.103415 0.108052 -0.074521 0.784857 -0.00491951 -0.752677 0.768542 0.599995 0.764487 0.110581 -0.21866 0.509331
243 -0.229362 -0.687392 1.20482 -0.12157 0.191408 -0.109691 0.0457396 0.309862 0.129468 -0.809913 0.265671 -0.15253 0.719945 1.032 0.0453026 -0.112964 -0.883853 0.520231 -0.658169 0.471707 -0.00578959 0.19561 -0.112921 0.8125 0.0399164 -0.68985 0.750875 0.560671 0.765329 0.120333 -0.252976 0.575342
80 0.253032 -0.683195 1.47667 0.0825278 -0.310732 -0.398209 0.170241 0.059205 1.01621 0.616968 0.644941 -0.367566 0.725372 0.741725 0.396772 -0.365959 -0.869926 -0.13924 -0.0162729 0.166117 -0.0809584 0.205541 -0.492108 -0.414503 1.34341 -0.403005 0.915331 -0.120732 0.808912 0.415572 -0.126517 -0.297273
100 -0.136099 -0.0731866 0.755262 -0.557445 -0.338144 -0.188081 0.462024 0.432998 0.0216319 -0.317021 0.592335 -0.0559715 0.663079 0.868641 0.416384 -0.0322873 -0.377108 0.197164 0.181154 0.0351955 0.0360555 -0.0844344 -0.69901 0.755708 0.656912 0.0340789 0.179309 0.22121 0.742412 0.0296827 -0.147156 0.384129
99 -0.117099 -0.0384014 0.906368 -0.705413 -0.414571 -0.246979 0.557579 0.534583 -0.0318059 -0.335839 0.728718 -0.0862592 0.858244 1.05547 0.47975 0.0872573 -0.315095 0.297019 0.133478 -0.0701507 0.0746374 -0.0679487 -0.821762 1.01439 0.707541 0.112946 0.212281 0.17141 0.742449 0.0467609 -0.0606287 0.408935
98 -0.00781247 -0.0863325 0.888935 -0.754451 -0.45778 -0.194053 0.581932 0.492837 -0.0233476 -0.306022 0.864328 -0.171205 1.05121 1.1106 0.511738 0.136674 -0.348985 0.301701 0.124708 -0.242839 0.216444 0.0130803 -0.858536 1.1682 0.73836 0.227814 0.28419 0.0791767 0.686463 0.131544 0.111524 0.362064
96 0.04718 0.039217 0.795744 -0.602785 -0.480074 -0.192666 0.40005 0.407531 0.0170653 -0.398081 0.834647 -0.209557 0.991458 1.17924 0.442902 0.242922 -0.358482 0.269355 -0.0140101 -0.274013 0.274284 0.0102044 -0.875365 1.17328 0.768988 0.355946 0.240467 0.108518 0.682884 0.277187 0.0760107 0.375594
97 -0.00766225 -0.0365931 0.767478 -0.592644 -0.34364 -0.173936 0.419374 0.383338 -0.00232076 -0.242305 0.681377 -0.123235 0.833468 0.922017 0.391593 0.134257 -0.288033 0.287902 0.0547631 -0.173235 0.164458 0.0298468 -0.691593 0.970596 0.578751 0.166499 0.201645 0.0666149 0.546788 0.127864 0.0970219 0.284059
86 0.219602 0.264579 1.02848 0.14842 0.083502 0.0390615 0.0864383 -0.210329 0.76424 -0.267665 0.150863 0.00088614 0.0550919 1.01749 0.142908 -0.0724499 -0.435421 -0.486613 -0.524507 0.336997 0.841436 0.0402339 -0.041993 0.0242263 1.1367 0.494957 0.869427 0.15376 0.916054 0.941684 -0.553235 0.48465
279 -0.160561 -0.00935463 0.619501 -0.789529 -0.161023 -0.0240557 0.0410382 0.153064 0.476656 -0.338536 0.204061 -0.851635 0.0878971 0.326466 0.479015 -0.548312 -1.23662 0.130322 0.487259 0.237008 0.857892 0.0152256 0.00241327 1.16168 1.04047 -0.110151 0.208482 0.765187 -0.190708 0.00181901 -0.638555 -0.0170193
278 -0.0970215 -0.0762282 0.583449 -0.886874 -0.27697 0.0263307 0.011698 0.179065 0.477418 -0.319256 0.138492 -0.914709 0.171232 0.489101 0.48498 -0.565927 -1.28279 0.0922646 0.510872 0.379936 0.816495 0.0297962 -0.0388161 1.18892 1.03593 -0.0676034 0.246571 0.696707 -0.154554 0.00966077 -0.590857 -0.106948
190 0.161341 -0.296772 1.12568 -0.374627 0.874366 -0.252421 0.0226387 0.150946 0.375917 0.281936 0.532138 -0.401023 0.707833 0.800187 0.0869821 -0.980902 -0.536615 -0.0423149 0.0496062 0.408166 0.135536 -0.181618 -0.604729 0.254784 0.0476482 -0.0653799 0.103063 0.265811 0.0843274 0.986247 0.127878 0.309924
229 -0.137716 0.0762105 0.471272 0.18863 0.0206382 0.236091 0.167317 0.511199 0.169362 -0.146398 0.0132965 0.155952 0.906867 1.07425 0.131623 0.291075 -0.88201 -1.29348 0.0841527 0.133694 0.419093 0.478251 -0.70413 0.0571181 0.209019 0.0863801 0.345504 0.735362 0.377529 -0.0786415 -0.0368623 0.699905
201 -0.0143322 -0.278787 -0.222055 -0.0821805 0.266139 0.424723 0.12125 -0.100276 -0.714401 0.175025 0.258586 -0.572344 0.618927 0.458698 0.826381 -0.308631 -1.22811 -0.252351 -0.130226 0.149052 0.273553 0.397251 -0.354027 0.675298 1.03076 -0.667704 0.693028 0.635028 0.627896 0.379351 0.523814 0.773963
202 -0.0610519 -0.299954 -0.187493 -0.0439391 0.214866 0.335577 0.155162 -0.0500885 -0.628445 0.133432 0.205345 -0.536221 0.56282 0.435231 0.696612 -0.243031 -1.12882 -0.178633 -0.0941851 0.115026 0.279648 0.338265 -0.292408 0.584818 0.962424 -0.555139 0.630028 0.610305 0.493142 0.276652 0.515198 0.685617
171 -0.0770499 -0.900682 0.799595 -0.352321 0.120227 -1.22109 0.24718 -0.198148 -0.278978 0.166209 0.518252 0.369324 0.438402 0.577442 0.266392 -0.0532828 -1.27557 -0.342374 0.517961 -0.236822 0.190302 0.218604 -0.467968 0.460707 1.30378 0.476882 0.181673 0.59744 0.461054 0.637757 0.192294 0.0843906
172 -0.118828 -0.890164 0.781852 -0.321745 0.123465 -1.24254 0.234422 -0.221882 -0.26557 0.148894 0.426835 0.332867 0.423857 0.57552 0.183746 0.00506852 -1.19505 -0.333501 0.511978 -0.285369 0.162537 0.180837 -0.381748 0.465061 1.3415 0.388825 0.217627 0.631514 0.435773 0.6885 0.194457 0.0718316
173 -0.0992006 -0.916356 0.922201 -0.302571 0.135327 -1.23904 0.25609 -0.187892 -0.208009 0.129321 0.401803 0.27351 0.47329 0.60433 0.191428 -0.00813643 -1.22575 -0.311452 0.496764 -0.278121 0.180665 0.222625 -0.379336 0.541096 1.37959 0.373631 0.266074 0.68988 0.431851 0.718571 0.147028 0.104458
121 -0.151625 -0.166216 0.265448 0.296397 0.63229 -0.400115 -0.193979 -0.261883 0.263193 -0.395734 -0.175469 -0.41785 0.274749 0.870266 0.144811 -0.342799 -0.499008 -0.598439 0.362323 0.556965 0.383088 0.122997 -0.520139 0.015455 0.919604 -0.192828 0.754243 0.750839 -0.00932072 -0.260451 -0.204738 0.126676
122 -0.20157 -0.139475 0.224209 0.367202 0.728304 -0.451777 -0.247704 -0.32569 0.283183 -0.421959 -0.192115 -0.499515 0.255733 1.01862 0.178739 -0.420048 -0.536396 -0.68973 0.456693 0.657033 0.461166 0.127159 -0.628006 -0.0278693 1.05747 -0.175351 0.882459 0.897611 -0.0154528 -0.334046 -0.267554 0.149324
87 0.222311 0.39378 0.672136 0.210551 -0.00748042 0.0341729 -0.0346096 -0.26526 0.644212 -0.447229 0.238315 -0.141827 0.00850149 0.984041 0.115947 -0.0304826 -0.468634 -0.480686 -0.472912 0.224162 0.985491 -0.0898777 -0.236609 0.179197 1.19308 0.590776 0.72163 0.184259 0.845016 0.886587 -0.446305 0.486558
39 -0.204153 0.062253 0.692324 0.0452814 0.181544 -0.0379928 -0.727114 0.582456 -0.314409 0.279992 -0.0601361 -0.0285391 0.634399 0.73668 0.342301 0.231202 -0.897926 -0.649899 0.803017 0.882735 0.0705367 0.679828 0.404953 0.638931 0.576998 -0.607765 0.86185 0.208628 0.551227 0.770497 -0.442944 -0.0787059
40 -0.114645 0.114149 0.536323 0.00919605 0.107085 0.0131749 -0.592548 0.43322 -0.233372 0.206443 -0.062125 0.0180112 0.589271 0.651145 0.266892 0.175911 -0.806017 -0.526609 0.673502 0.810398 0.0648945 0.618369 0.331512 0.552892 0.514869 -0.567686 0.797295 0.152829 0.395014 0.64795 -0.32757 -0.0636095
41 -0.12728 0.205187 0.742659 0.0207424 0.0662356 0.0552381 -0.65015 0.466616 -0.296033 0.228841 -0.0733776 0.134501 0.69841 0.787302 0.243986 0.206388 -0.896365 -0.50359 0.650719 0.968916 0.12724 0.785475 0.355946 0.599815 0.65381 -0.760588 0.911308 0.211009 0.27989 0.714965 -0.369524 -0.0259023
119 -0.207353 0.0544676 0.442294 0.553787 0.333949 -0.685783 0.120725 0.17702 -0.0960135 0.103044 -0.0879103 -0.0323506 0.360443 0.745105 -0.263907 -0.805585 -0.334517 -0.810981 0.374334 0.941711 0.607728 0.0700668 -0.875305 0.0474914 0.783133 -0.0324559 0.667188 0.837524 0.271828 -0.16749 -0.0663793 0.0643549
117 -0.167237 0.0148659 0.587834 0.527157 0.109687 -0.663324 0.174439 0.361954 -0.14805 0.255389 0.0345818 0.0588651 0.298507 0.640291 -0.317026 -0.858352 -0.325524 -0.699355 0.39718 0.96821 0.586675 0.0245091 -0.893942 0.161466 0.68862 -0.00949718 0.525733 0.745422 0.402546 -0.0383398 -0.0891863 0.0336185
118 -0.164393 0.0511089 0.462632 0.480369 0.200067 -0.603345 0.137996 0.228582 -0.0959761 0.144072 -0.0241343 -0.018744 0.351912 0.643769 -0.252671 -0.741132 -0.308122 -0.696221 0.347458 0.850674 0.557605 0.0564506 -0.786331 0.0705577 0.660592 -0.0188004 0.583599 0.715065 0.284538 -0.0753195 -0.086523 0.0710915
116 -0.148579 0.0050152 0.675192 0.521915 -0.0706158 -0.659286 0.176635 0.532071 -0.208747 0.303428 0.0827832 0.205414 0.140589 0.649628 -0.286484 -0.85978 -0.297231 -0.666555 0.423146 1.08538 0.538803 -0.0396688 -0.979973 0.240247 0.702889 0.0506656 0.419864 0.728022 0.555706 0.082753 -0.0712387 0.0372576
115 -0.116377 -0.0602617 0.641038 0.445117 -0.155115 -0.57255 0.178173 0.50053 -0.218092 0.364556 0.115457 0.189583 0.0940255 0.556083 -0.285541 -0.751678 -0.221499 -0.55718 0.373043 0.953148 0.451301 -0.068336 -0.831176 0.295193 0.636843 0.0585822 0.318081 0.624444 0.543049 0.147191 -0.020442 -0.0047773
114 -0.226502 -0.107634 0.745179 0.445188 -0.168359 -0.568614 0.185372 0.601596 -0.230501 0.285066 0.110617 0.239123 -0.00664261 0.701197 -0.222057 -0.77011 -0.257983 -0.498025 0.48341 1.15946 0.451722 -0.171906 -1.07943 0.310821 0.770504 0.0418838 0.265177 0.700717 0.724077 0.206236 -0.162405 0.09179
280 -0.138827 0.0262261 0.567575 -0.620885 -0.104774 -0.0533736 0.0502664 0.13719 0.366671 -0.29861 0.258458 -0.717519 0.137887 0.267823 0.458082 -0.449589 -1.04748 0.112124 0.397401 0.160387 0.723591 -0.00201268 0.0367315 1.0143 0.893599 -0.0905968 0.155092 0.634614 -0.17562 0.0305383 -0.55334 0.0430516
281 -0.194671 0.00466186 0.772668 -0.549781 -0.03984 -0.105808 0.0609897 0.13882 0.412097 -0.289644 0.309471 -0.668008 0.0860989 0.248981 0.462436 -0.461438 -0.974363 0.124959 0.380576 0.0958991 0.762583 -0.00738549 0.0672997 0.98463 0.8678 -0.102989 0.186222 0.65913 -0.139897 0.0264255 -0.601194 0.0819789
249 -0.0899145 -0.513369 0.551216 0.322269 0.179977 0.0102034 0.887728 0.30733 0.592902 -0.485317 -0.321579 -0.489969 0.640717 1.34745 -0.133745 -0.222534 -0.900762 0.117307 -0.870857 0.794146 -0.182991 -0.100586 -0.320247 0.92399 0.120609 -0.659686 0.741313 0.293711 0.565341 0.0592047 -0.166156 0.253406
248 -0.17656 -0.580688 0.744103 0.102513 0.173525 -0.0379371 0.607059 0.27331 0.46381 -0.616825 -0.0819051 -0.387577 0.597038 1.25017 0.0129405 -0.124969 -0.943268 0.34977 -0.863621 0.658357 -0.165245 -0.0811079 -0.160396 0.835396 -3.70559e-05 -0.707878 0.721726 0.428566 0.57981 0.0607384 -0.13227 0.273047
251 -0.0125048 -0.457307 0.510757 0.407342 0.217876 0.0320407 0.981745 0.350661 0.630614 -0.410704 -0.40781 -0.549206 0.658831 1.3122 -0.13544 -0.288964 -0.894169 -0.0233138 -0.87977 0.869894 -0.22753 -0.146266 -0.410233 0.991884 0.209847 -0.669935 0.733009 0.250028 0.510995 0.159931 -0.191222 0.189233
250 -0.0404081 -0.450307 0.513333 0.321337 0.196511 0.0571765 0.862544 0.315504 0.570311 -0.425673 -0.342799 -0.499369 0.648295 1.27819 -0.105759 -0.259464 -0.817654 0.030036 -0.838571 0.791115 -0.178343 -0.124287 -0.34722 0.905525 0.121528 -0.61567 0.680253 0.265794 0.514596 0.10437 -0.144538 0.210575
163 0.00828379 -0.145656 0.545876 -0.263709 0.0231608 0.0237468 0.120948 -0.54383 0.648902 0.103474 0.814552 0.190382 0.794439 0.823991 0.00720135 -0.565062 -1.15672 0.00151354 0.802255 0.377227 0.144384 0.648319 -0.685318 0.639276 -0.0343755 0.328407 0.144824 0.0377577 1.12844 0.271375 -0.259363 -0.00501801
162 0.0533222 -0.133591 0.595397 -0.206916 0.0350376 0.0408352 0.136555 -0.568792 0.73436 0.118706 0.886659 0.159121 0.869542 0.903638 0.0112043 -0.646351 -1.26382 -0.0721118 0.846304 0.441613 0.145978 0.699882 -0.74485 0.682798 0.0050186 0.325201 0.189838 0.103531 1.21744 0.334382 -0.292369 0.00588924
238 -0.366709 0.0325859 0.786672 -0.0148654 0.259588 0.0926441 -0.203654 0.248489 -0.113649 -0.784638 0.246083 -0.192305 1.05776 0.736623 0.122656 -0.375468 -0.886798 -0.358234 -0.0907573 0.334825 0.380422 0.478145 -0.141121 0.704234 0.367158 0.0229986 0.660586 -0.183319 0.505317 -0.291212 -0.407625 0.99318
16 -0.272713 -0.783367 0.819922 0.063415 -0.360486 -0.358372 0.694539 -0.261511 -0.215111 0.0979806 0.536003 -0.719611 0.056784 0.91167 -0.120341 -0.149914 -0.136501 -0.858198 0.38048 0.339288 0.502155 -0.0776704 -0.175877 0.320121 0.706352 -0.38292 0.405187 0.667021 0.328188 0.0846485 0.118188 0.063074
13 -0.390944 -0.896041 0.967461 0.118382 -0.43308 -0.446729 0.769103 -0.281787 -0.269189 0.0617182 0.533038 -0.730356 -0.0319312 0.948856 -0.235417 -0.0768038 0.0897751 -0.908907 0.3484 0.478268 0.625398 -0.079375 -0.263958 0.327514 0.631366 -0.463341 0.505226 0.659288 0.299495 0.00689914 0.157675 0.039878
198 -0.0363776 -0.165142 -0.34416 -0.222077 0.332624 0.395607 -0.0405499 -0.163154 -0.70097 0.301461 0.272376 -0.580948 0.735617 0.487247 0.862538 -0.417862 -1.10871 -0.332239 -0.153768 0.250019 0.144047 0.338565 -0.432976 0.793835 0.943639 -0.813899 0.693008 0.609611 0.659309 0.615392 0.410728 0.679662
196 0.0580049 -0.187608 -0.0213254 -0.356991 0.660923 0.262733 -0.09547 -0.0872233 -0.464984 0.368977 0.351881 -0.594861 0.847594 0.605136 0.854104 -0.66099 -0.9278 -0.285716 -0.241709 0.274959 0.0187354 0.138462 -0.58343 0.653871 0.560483 -0.699663 0.49964 0.515234 0.512589 0.884472 0.348502 0.608311
284 -0.384445 0.062878 1.41366 -0.131583 0.366084 -0.368858 0.0423825 0.174541 0.4213 -0.282384 0.581239 -0.597051 -0.0187093 0.396403 0.566088 -0.436575 -0.762721 -5.00628e-05 0.183872 -0.107628 0.722713 -0.159927 0.223504 0.91763 0.889765 -0.323145 0.202691 0.805527 0.0839511 -0.00806621 -0.665228 0.304584
285 -0.455789 0.102028 1.66414 -0.0326121 0.539984 -0.52007 0.0420031 0.276026 0.422579 -0.289806 0.709396 -0.604309 0.033531 0.45726 0.59991 -0.478312 -0.737518 -0.0548648 0.0701296 -0.194257 0.641758 -0.203673 0.275942 0.919641 0.928748 -0.395403 0.148688 0.839941 0.174894 -0.00714528 -0.651573 0.332119
287 -0.398907 0.119718 1.53565 -0.105287 0.591603 -0.633091 -0.0757891 0.43359 0.383182 -0.266106 0.696205 -0.592647 0.133231 0.496015 0.482079 -0.417439 -0.780577 -0.229469 -0.0304397 -0.273525 0.408718 -0.186723 0.20421 0.766173 0.738686 -0.270571 -0.0671701 0.653721 0.255589 0.0538147 -0.462023 0.230607
282 -0.323873 0.00674934 1.2231 -0.246158 0.241059 -0.254331 0.0474987 0.176836 0.423888 -0.296515 0.474914 -0.595399 0.00124289 0.24765 0.524205 -0.429122 -0.749464 0.0838903 0.190839 -0.0650361 0.759115 -0.105462 0.162696 0.9042 0.826165 -0.248541 0.16276 0.713129 -0.0203743 -0.0386792 -0.656149 0.219638
283 -0.338413 0.00718968 1.28064 -0.0763866 0.312044 -0.334151 0.0722079 0.140864 0.359326 -0.270207 0.485476 -0.476741 -0.00286001 0.262189 0.503277 -0.329317 -0.617829 0.0437397 0.118062 -0.134272 0.673872 -0.124296 0.153206 0.784654 0.781262 -0.302736 0.175151 0.668922 0.0620738 -0.00429648 -0.559776 0.258868
10 -0.384666 -0.946246 1.38463 0.110497 -0.230945 -0.587593 0.352548 -0.0806334 0.0716429 0.053526 0.545839 -0.572616 -0.218183 0.71126 -0.157083 0.108705 0.0807655 -0.717604 0.26903 0.597489 0.877907 -0.0413761 -0.666908 0.378193 0.191353 -0.357197 0.798486 0.668095 0.550038 0.114593 0.216462 0.296416
295 0.161868 -0.244917 1.52008 -0.168431 0.482022 -0.727087 -0.170499 0.64483 0.673851 -0.202935 0.459776 -0.655966 0.347535 0.661315 0.36036 -0.207245 -1.08306 -0.563639 0.146543 -0.589566 0.0776814 0.0902567 -0.58172 0.601425 0.111121 -0.208021 -0.153335 0.208145 0.286449 -0.00379698 -0.0912262 0.270494
296 0.181754 -0.342826 1.63514 -0.137599 0.456971 -0.787578 -0.204272 0.677875 0.830095 -0.20785 0.443121 -0.733024 0.303476 0.816958 0.44325 -0.258696 -1.15081 -0.710967 0.256967 -0.685882 0.142467 0.180238 -0.736388 0.577066 0.0479701 -0.270995 -0.0583128 0.160663 0.331957 -0.0816279 -0.124505 0.433303
294 0.162346 -0.276638 1.77774 -0.192052 0.55567 -0.820958 -0.129922 0.796522 0.677679 -0.18975 0.483061 -0.757923 0.442845 0.685013 0.391199 -0.203333 -1.15551 -0.683299 0.0987683 -0.656014 0.0803601 0.0294489 -0.704675 0.630888 0.164947 -0.224227 -0.238657 0.217568 0.301212 0.023291 -0.0576974 0.30899
293 0.151763 -0.271874 1.90025 -0.264791 0.621343 -0.841996 -0.0864622 0.912453 0.51312 -0.207484 0.492554 -0.815273 0.611364 0.659621 0.310413 -0.181363 -1.19086 -0.583908 -0.0124517 -0.575344 0.0701173 -0.0381365 -0.634764 0.738686 0.351405 -0.17969 -0.382051 0.262059 0.295956 0.0982031 -0.00738315 0.169827
292 0.0711516 -0.206218 1.70921 -0.251398 0.588748 -0.764378 -0.0440837 0.829434 0.382832 -0.196197 0.463867 -0.708748 0.546072 0.537305 0.259088 -0.169527 -0.998309 -0.448077 -0.0563035 -0.438039 0.0613441 -0.0643095 -0.47942 0.685942 0.405948 -0.172201 -0.37444 0.26829 0.226328 0.157558 -0.0271301 0.117492
291 -0.00762624 -0.157396 1.84136 -0.307078 0.664482 -0.831159 -0.0375756 0.935646 0.332261 -0.216129 0.563301 -0.815021 0.655452 0.590003 0.248916 -0.197655 -1.16307 -0.570939 -0.0829929 -0.472844 0.0429493 -0.115329 -0.496915 0.816694 0.535779 -0.179483 -0.469681 0.385502 0.345145 0.167864 -0.0469834 0.073218
88 0.194102 0.39157 0.568755 0.187601 -0.0342832 0.00569601 -0.065132 -0.221056 0.514513 -0.49646 0.251409 -0.146457 -0.0335746 0.901728 0.0980446 -0.0370234 -0.44918 -0.403288 -0.409775 0.175318 0.9729 -0.100541 -0.253778 0.26298 1.1445 0.590046 0.614725 0.19893 0.787701 0.78377 -0.385282 0.46575
255 0.400032 -0.641651 0.557597 0.727431 0.439832 -0.110637 1.06431 0.130897 0.650143 -0.0722427 -0.351471 -0.666792 0.673006 0.715314 -0.507431 0.0176928 -0.491364 -0.616037 -0.368231 1.02208 0.35205 -0.201598 -0.78832 1.0088 1.0672 -0.100213 0.415458 0.154255 0.259474 0.375195 -0.165186 0.362219
259 0.362897 -0.724683 0.558083 0.62512 0.460715 -0.0517887 0.616095 -0.184161 0.24127 -0.11736 -0.225701 -0.642145 0.553339 0.552353 -0.401231 0.265345 -0.297556 -0.395865 -0.227474 0.781436 0.548248 -0.492232 -0.335302 0.856733 1.08373 0.0835274 0.244927 0.125419 0.250507 0.367159 0.0533866 0.452599
52 0.71022 -0.270059 0.507054 -0.137313 -0.205139 -0.0339086 -0.108141 0.50927 0.083374 0.271815 0.281111 -0.455565 0.322567 0.753795 0.0913566 -0.547707 -0.997511 -0.527115 -0.191617 0.487674 0.00236677 0.45385 -0.33904 0.78879 0.607042 -0.604506 0.128985 0.657924 -0.272935 0.438691 -0.286927 -0.0837156
64 -0.0696242 -0.425682 -0.311639 -0.0648877 -0.222326 0.325266 0.203986 0.269857 0.491202 0.146373 0.380513 -0.859064 0.940646 0.862131 0.154503 -0.486892 -0.627278 -0.768196 0.0168622 0.690261 0.819536 -0.064136 -0.461189 0.238101 0.139371 0.0936028 0.543232 0.659178 7.9755e-05 0.65987 -0.571183 0.0220339
66 -0.142661 -0.450949 -0.0243945 0.0433066 -0.248552 0.142587 0.241418 0.316637 0.502724 0.217781 0.283638 -0.847561 1.07756 0.787582 0.115222 -0.499176 -0.707727 -0.633149 0.1035 0.510463 0.868589 -0.21905 -0.529959 0.207324 0.264899 0.157296 0.593962 0.464331 0.0672706 0.594823 -0.609878 0.160179
68 -0.208293 -0.444765 0.0513847 0.175308 -0.249758 -0.0667188 0.231056 0.316171 0.401532 0.305949 0.125755 -0.796661 1.12087 0.654178 0.0684409 -0.51032 -0.743757 -0.482387 0.137682 0.339664 0.766569 -0.416997 -0.580062 0.130821 0.311143 0.165587 0.596754 0.303002 0.110086 0.528101 -0.598795 0.155322
69 -0.230814 -0.347312 0.392612 0.306195 -0.290861 -0.3652 0.25084 0.257185 0.406408 0.354343 -0.0232545 -0.741891 1.19888 0.492678 0.110894 -0.511678 -0.853266 -0.306894 0.195936 0.142749 0.462228 -0.599838 -0.608576 0.0229934 0.621496 0.0723395 0.757121 0.137207 0.24976 0.591813 -0.549495 0.203284
71 -0.213401 -0.389368 0.512475 0.314906 -0.362258 -0.431523 0.241678 0.221696 0.501852 0.432851 -0.0211431 -0.689902 1.28799 0.432041 0.10586 -0.527544 -0.830938 -0.235964 0.212994 0.0964266 0.370578 -0.632425 -0.619648 -0.0260987 0.802613 0.0306595 0.866674 0.117037 0.310761 0.640532 -0.48585 0.187266
70 -0.257407 -0.273696 0.378361 0.314411 -0.25204 -0.436334 0.225216 0.228949 0.314051 0.305246 -0.0874724 -0.654725 1.14079 0.446622 0.090268 -0.529657 -0.855691 -0.199253 0.239055 0.0704953 0.418533 -0.640801 -0.589032 0.0514992 0.618028 0.0735838 0.716042 0.12052 0.248489 0.555527 -0.532108 0.238808
256 0.355885 -0.589136 0.511457 0.619303 0.432633 -0.094561 0.869447 0.0394552 0.521813 -0.0746795 -0.314846 -0.576834 0.568497 0.589151 -0.4764 0.0855549 -0.345816 -0.461595 -0.286594 0.905554 0.358405 -0.210288 -0.643389 0.87047 0.966505 -0.0763279 0.293343 0.10056 0.225117 0.332281 -0.120606 0.348056
175 0.00598726 -0.547542 0.800523 -0.194092 0.178684 -0.845741 0.20275 -0.291979 0.0156624 0.00801536 0.125902 0.0543818 0.440692 0.406763 -0.0156743 -0.00661152 -0.817564 -0.164851 0.412873 -0.323242 0.143461 0.284993 -0.166467 0.59358 1.06744 0.121503 0.312967 0.641946 0.294461 0.715198 0.0526482 -0.0126105
174 -0.0213921 -0.719526 0.854927 -0.258528 0.182719 -1.09751 0.257899 -0.313232 -0.102977 0.0402138 0.214051 0.153445 0.458798 0.458514 0.0311983 0.00220171 -1.00192 -0.212461 0.508906 -0.403076 0.174558 0.286882 -0.203828 0.589243 1.26272 0.256975 0.312031 0.693336 0.311918 0.776362 0.121156 -0.0189973
137 0.359642 -0.163814 0.0487305 -0.314688 -0.315434 -0.00701826 -0.153998 -0.187354 0.645387 0.050922 0.62812 -0.294381 0.12831 0.919017 -0.159684 0.375973 -0.754373 0.266328 0.648902 0.568514 -0.117279 0.0795864 -0.176865 0.440161 0.831864 -0.479061 1.32066 1.395 0.686024 -0.00607486 -0.342196 0.610176
136 0.255 -0.162113 0.0638217 -0.32235 -0.264907 0.0454902 -0.0558303 -0.22784 0.586072 0.0222607 0.56858 -0.314829 0.0466237 0.771435 -0.135045 0.346836 -0.660615 0.203294 0.586968 0.472354 -0.191039 0.100704 -0.050805 0.282829 0.701391 -0.402957 1.11038 1.21271 0.593181 -0.0512999 -0.349368 0.526639
244 -0.195153 -0.610721 0.993787 -0.0990363 0.157321 -0.11849 0.13908 0.264435 0.111414 -0.684794 0.187681 -0.119303 0.594673 0.898186 0.0153538 -0.106704 -0.765025 0.490036 -0.666251 0.402244 -0.0368182 0.116802 -0.0827401 0.690247 0.0233876 -0.646628 0.645935 0.488235 0.680498 0.127762 -0.20034 0.481669
288 -0.285528 0.0772612 1.76692 -0.214014 0.738548 -0.881463 -0.106542 0.77487 0.387852 -0.279368 0.717101 -0.724198 0.379874 0.592236 0.341956 -0.374228 -1.03402 -0.47648 -0.0958793 -0.418932 0.184499 -0.164213 -0.0519136 0.808287 0.707301 -0.265333 -0.290358 0.570598 0.323476 0.152011 -0.231098 0.131586
290 -0.173866 -0.0286728 1.81612 -0.228137 0.691037 -0.933714 -0.109717 0.906463 0.381105 -0.250995 0.702731 -0.824755 0.485614 0.674756 0.31856 -0.296183 -1.1184 -0.567252 -0.0836222 -0.436455 0.145617 -0.14256 -0.23815 0.858303 0.667279 -0.230885 -0.341927 0.532451 0.423259 0.171124 -0.142991 0.0729542
289 -0.240583 0.0316843 1.64246 -0.188954 0.663833 -0.82975 -0.0988498 0.75356 0.349957 -0.251767 0.69061 -0.696555 0.346964 0.583757 0.346277 -0.350099 -0.917197 -0.493645 -0.0784947 -0.419192 0.131654 -0.151232 -0.0582436 0.734218 0.610195 -0.215677 -0.330075 0.493888 0.344585 0.107311 -0.140766 0.0773047
262 0.160799 -1.0163 0.489849 0.453913 0.091167 0.244895 0.0238137 -0.392944 -0.0720181 -0.018946 -0.189078 -0.809458 0.651994 0.739333 -0.0336091 -0.0156531 -0.456287 -0.231571 -0.0509234 0.515597 0.522835 -0.83445 0.237556 1.11314 0.729478 0.0542657 0.46403 0.406478 0.267819 0.415575 0.198518 0.158459
113 -0.350254 -0.228014 0.696785 0.295335 -0.262139 -0.475368 0.122584 0.551612 -0.228612 0.124121 0.109498 0.266185 -0.105688 0.772993 -0.109986 -0.579998 -0.296317 -0.343079 0.566534 1.16813 0.304714 -0.276767 -1.12435 0.349634 0.817483 -0.0212862 0.0896357 0.661584 0.807062 0.291568 -0.319905 0.168829
112 -0.337996 -0.258432 0.612637 0.1329 -0.273136 -0.332791 0.114317 0.410302 -0.169918 0.00851074 0.154788 0.171541 -0.173282 0.668117 -0.00869071 -0.397473 -0.284217 -0.168566 0.483749 0.911385 0.147305 -0.308297 -0.913983 0.283978 0.729017 -0.0881796 0.0111202 0.542307 0.734814 0.290992 -0.390949 0.198135
111 -0.459874 -0.175142 0.559371 0.179964 -0.363262 -0.300662 0.108334 0.478109 -0.230842 -0.0875645 0.146934 0.208976 -0.207875 0.835195 0.0500648 -0.436434 -0.346828 -0.194184 0.584715 1.17144 0.110202 -0.371986 -1.09541 0.363884 0.945124 -0.131538 0.0130212 0.705039 0.966278 0.37744 -0.508382 0.270187
224 0.253497 -0.00478109 0.827715 0.280699 0.476024 0.192372 0.203779 0.66251 0.0503002 0.0394567 0.193474 0.0874331 0.695586 1.03429 0.445843 0.316911 -0.586143 -0.787812 0.0142291 0.275727 0.744731 0.469176 -0.979876 0.255283 0.487096 0.0178014 -0.207784 0.843545 0.468759 -0.0688364 0.251416 0.584997
67 -0.118801 -0.407594 0.0119138 0.0413607 -0.193146 0.0472127 0.206708 0.287452 0.416603 0.217332 0.23903 -0.777079 0.946046 0.710993 0.111536 -0.436244 -0.689686 -0.544698 0.0858702 0.439775 0.749041 -0.234435 -0.502927 0.226328 0.253044 0.131449 0.536895 0.433236 0.064332 0.499135 -0.550855 0.129084
200 -0.0283427 -0.187252 -0.322021 -0.192525 0.235516 0.394101 0.0267719 -0.121988 -0.646849 0.24424 0.289423 -0.563392 0.630824 0.507686 0.767482 -0.368866 -1.13764 -0.277555 -0.0899107 0.198139 0.190085 0.359075 -0.402717 0.741589 0.973196 -0.751786 0.662428 0.608178 0.692863 0.474232 0.427744 0.6905
199 -0.0221377 -0.186056 -0.309717 -0.1881 0.23943 0.353737 0.0165789 -0.175508 -0.606279 0.256679 0.278143 -0.569837 0.594569 0.482199 0.732042 -0.337047 -1.06652 -0.297549 -0.0633084 0.208731 0.134395 0.300482 -0.373937 0.732446 0.925331 -0.742442 0.599689 0.596831 0.629224 0.495977 0.394944 0.613246
142 0.959916 -0.348522 0.412722 -0.192229 0.155306 -0.57898 -0.410564 0.335116 0.460945 -0.240121 0.0942843 -0.0578565 -0.0089571 0.778444 -0.122578 0.5386 -0.396049 0.348317 0.345894 0.115607 0.4478 -0.136794 -0.564502 0.595382 0.521894 -0.293142 1.05762 0.830251 0.441602 0.11435 0.0468418 0.17488
264 0.0994595 -1.39961 0.899814 0.332991 -0.125534 0.410421 -0.306674 -0.321768 0.161861 -0.0584317 -0.206897 -0.876149 0.684919 1.08551 0.258239 -0.324967 -0.600902 -0.0917447 0.230071 0.680381 0.352914 -0.745522 0.359142 1.22086 0.532356 0.1401 0.660459 0.506778 0.357628 0.371685 0.244924 -0.149846
266 0.0386974 -1.38041 0.977988 0.155786 -0.23575 0.417009 -0.409292 -0.26059 0.266164 -0.0950344 -0.191982 -0.856018 0.57817 1.16579 0.365446 -0.402287 -0.631027 0.00685423 0.366895 0.685113 0.269267 -0.62468 0.333601 1.12739 0.417977 0.144447 0.676602 0.532739 0.372602 0.285531 0.220879 -0.224655
265 0.0315162 -1.22145 0.780868 0.208641 -0.192971 0.398357 -0.360768 -0.276992 0.17935 -0.0201622 -0.200742 -0.745119 0.595259 1.02654 0.280623 -0.37331 -0.541744 0.0110942 0.286754 0.616417 0.259018 -0.581378 0.319414 1.07099 0.392117 0.145649 0.596029 0.43954 0.28398 0.277171 0.240393 -0.205494
267 0.0530556 -1.33378 1.32107 -0.219237 -0.341668 0.407425 -0.413568 -0.0836428 0.511565 -0.28152 -0.101084 -0.780324 0.421094 1.17868 0.420283 -0.555113 -0.661169 0.0995332 0.439978 0.757424 0.20357 -0.368744 0.251091 0.975576 0.184392 0.236589 0.545669 0.413705 0.284114 0.205378 0.105392 -0.355497
269 0.0554706 -1.26347 1.45129 -0.412351 -0.398578 0.314523 -0.378431 0.0213194 0.63407 -0.339757 -0.0322933 -0.794071 0.367727 1.18084 0.44194 -0.587351 -0.724344 0.0887036 0.514634 0.771369 0.245811 -0.302336 0.159718 0.89378 0.160742 0.195869 0.483103 0.407271 0.274945 0.197587 0.0489342 -0.364089
268 0.0481893 -1.16663 1.2451 -0.263885 -0.3414 0.334251 -0.349598 -0.0289156 0.536193 -0.254346 -0.0647351 -0.683465 0.351164 1.03576 0.366664 -0.512375 -0.627698 0.133816 0.428833 0.669572 0.175124 -0.279181 0.215165 0.792973 0.131675 0.183363 0.480936 0.349585 0.255361 0.187032 0.0411219 -0.324337
235 -0.446906 0.0670566 0.719056 0.0602486 0.147361 0.174319 -0.126055 0.235659 -0.0368582 -0.74958 0.165858 -0.130258 1.04885 0.757976 0.162752 -0.180534 -0.915305 -0.570667 -0.0157743 0.268245 0.393388 0.44714 -0.213076 0.527335 0.314307 0.130187 0.647555 -0.0939666 0.462398 -0.263518 -0.427928 1.00021
271 0.0822529 -0.718464 1.14095 -0.559753 -0.29635 0.112287 -0.143281 0.135261 0.564832 -0.317785 0.016933 -0.648735 0.230662 0.832197 0.341749 -0.447627 -0.648669 0.0604579 0.386824 0.572223 0.288126 -0.0749942 0.00884054 0.705777 0.233843 0.123234 0.291823 0.309548 0.166332 0.0758612 -0.0612964 -0.248992
272 0.0977378 -0.649464 1.20848 -0.809771 -0.395095 0.197799 -0.182898 0.175372 0.67067 -0.397294 -0.0131136 -0.775594 0.234756 0.928774 0.384303 -0.586588 -0.817158 0.132809 0.432418 0.67533 0.370673 -0.0525571 0.00138497 0.847927 0.328563 0.185573 0.267597 0.331874 0.0855775 0.0466045 -0.160091 -0.336223
270 0.0899911 -0.979503 1.36999 -0.554217 -0.35161 0.233678 -0.267 0.0995562 0.647401 -0.34689 0.0197538 -0.703132 0.312626 1.02785 0.37022 -0.57486 -0.733621 0.125073 0.448675 0.699959 0.264682 -0.143356 0.0851225 0.828642 0.197781 0.189556 0.351367 0.345787 0.201575 0.123256 -0.0413061 -0.333509
94 0.179132 0.242719 0.423214 -0.139469 -0.418409 -0.133154 -0.00326324 0.0768441 0.0298525 -0.476511 0.620629 -0.386833 0.68 1.04341 0.22127 0.235769 -0.381923 0.0736782 -0.262229 -0.21408 0.43212 -0.0360654 -0.736464 0.954397 0.879537 0.507413 0.00331674 0.0861978 0.488909 0.588609 -0.0552302 0.274968
95 0.185494 0.296601 0.472972 -0.266523 -0.490477 -0.129138 0.103141 0.186087 0.0603867 -0.483695 0.722075 -0.32683 0.753069 1.20032 0.28924 0.285307 -0.403295 0.143297 -0.223918 -0.300038 0.467269 -0.00658855 -0.835487 1.07621 0.990438 0.543767 0.0361326 0.118213 0.576048 0.585956 -0.0177036 0.340103
222 0.258417 -0.0407745 0.995939 0.324537 0.602796 0.1626 0.106344 0.47118 0.0794458 0.0317631 0.261189 0.156401 0.634456 0.889041 0.641328 0.183057 -0.431943 -0.427269 0.104371 0.349462 0.772934 0.464262 -0.920594 0.445802 0.604927 0.00291685 -0.299409 0.776342 0.438993 0.00651756 0.253463 0.643499
120 -0.205029 -0.071735 0.298569 0.421103 0.607121 -0.536203 -0.146916 -0.167562 0.171718 -0.289453 -0.176374 -0.313496 0.321178 0.878768 0.0125281 -0.508753 -0.435071 -0.764807 0.448216 0.753819 0.510059 0.113356 -0.692621 -0.0581133 0.979251 -0.125473 0.805305 0.845462 0.00394818 -0.305507 -0.186333 0.0860537
247 -0.15446 -0.573068 0.728089 -0.0204646 0.139275 -0.0577476 0.411683 0.192218 0.348982 -0.561984 0.0474029 -0.326881 0.552377 1.07028 0.0230914 -0.0672428 -0.868056 0.415106 -0.713213 0.488565 -0.0803966 -0.0426579 -0.102183 0.702372 0.0202204 -0.654297 0.643372 0.421115 0.567113 0.0406538 -0.103576 0.296431
246 -0.211878 -0.628678 0.871896 -0.00447606 0.179662 -0.0781815 0.421975 0.247651 0.298169 -0.714516 0.073281 -0.298738 0.648445 1.18593 0.0116834 -0.0760778 -0.955355 0.465672 -0.812585 0.537397 -0.109381 -0.0163901 -0.102268 0.813003 -0.010641 -0.716146 0.739168 0.514361 0.689852 0.0683515 -0.176926 0.390978
286 -0.385265 0.0851777 1.37714 -0.0433149 0.49586 -0.478736 0.0170166 0.271889 0.37314 -0.234112 0.619329 -0.524229 0.0386462 0.428938 0.466151 -0.38004 -0.649848 -0.0922367 0.0341946 -0.200942 0.471633 -0.155294 0.235547 0.713453 0.71393 -0.268844 0.0876955 0.649679 0.179675 -4.93317e-05 -0.510785 0.277727
223 0.195547 -0.0790344 0.849846 0.18753 0.408614 0.0343398 0.0986506 0.405775 0.0934944 0.0043103 0.259024 -0.00155814 0.514934 0.802327 0.421722 0.0927849 -0.484676 -0.420932 0.0729758 0.297521 0.583664 0.332677 -0.731821 0.414473 0.559331 -0.012106 -0.0909296 0.667608 0.386367 0.058305 0.134903 0.48094
