300 16
48 0.48452 0.213147 -0.0606353 -1.01765 0.509999 0.213109 0.131918 -0.0516272 -1.09416 -0.984362 -0.107842 1.21292 0.66634 -1.26055 1.41346 0.407423
50 0.54099 0.285547 -0.115239 -0.914784 0.592288 0.222344 0.203026 -0.0140196 -1.03603 -1.0858 -0.0981806 1.08193 0.788276 -1.31999 1.61199 0.232913
51 0.57887 0.412576 -0.222658 -0.829073 0.670741 0.191365 0.420374 -0.0267539 -1.24892 -1.07447 0.0575384 0.632414 0.838273 -1.17347 1.63857 0.0415305
52 0.594411 0.398887 -0.187114 -0.594428 0.730767 0.225387 0.542785 -0.00948398 -1.13126 -1.05758 0.0302964 0.493252 0.741324 -1.07823 1.38403 -0.0632997
53 0.685647 0.545505 -0.165863 -0.689344 0.751586 0.356623 0.749457 0.131913 -1.20858 -1.07258 0.144076 0.583626 0.726939 -1.06432 1.41823 -0.086012
150 0.200402 -0.500506 1.5937 -0.44758 0.126988 -0.523493 1.78587 0.535626 -0.463425 -0.133072 0.263778 1.40903 0.637643 -0.85803 -0.463342 0.438605
151 0.193328 -0.595989 1.47239 -0.381199 0.154519 -0.390166 1.59362 0.48348 -0.327889 0.0936424 0.338971 1.44301 0.670034 -0.912221 -0.5616 0.394299
152 0.258998 -0.668113 1.53849 -0.44227 0.178633 -0.374635 1.49747 0.412576 -0.446682 0.103481 0.368074 1.54608 0.835512 -0.912847 -0.553176 0.443308
153 0.288818 -0.55793 1.25023 -0.554615 0.218181 -0.135352 1.05493 0.343479 -0.355329 0.0803484 0.442052 1.68058 1.07162 -0.966 -0.362344 0.375389
155 0.426494 -0.503152 1.05573 -0.739925 0.344769 0.0230857 0.840453 0.289901 -0.372085 0.00769168 0.509228 1.81876 1.17657 -1.02663 -0.160306 0.372321
154 0.280856 -0.415809 0.953749 -0.470875 0.294911 -0.0308348 0.77074 0.293682 -0.34505 0.115869 0.392662 1.52599 1.02575 -0.930194 -0.21347 0.30867
165 -0.169902 0.3777 -0.671563 -0.118892 -0.227049 -0.550773 1.37986 0.559566 0.116322 -0.337287 0.508664 1.55445 0.656769 -2.01979 -0.258851 0.449604
167 -0.172188 0.412318 -0.587965 -0.0469944 -0.450172 -0.640431 1.49791 0.519844 0.24538 -0.404068 0.485907 1.57082 0.561624 -2.15096 -0.285492 0.482806
168 -0.0152779 0.509298 -0.264413 -0.147928 -0.550031 -0.630752 1.49063 0.312865 0.372665 -0.569964 0.489142 1.47044 0.573186 -1.97017 -0.324255 0.393923
170 -0.0394456 0.523633 -0.193019 -0.154035 -0.648156 -0.465571 1.56008 0.280136 0.45077 -0.670414 0.415108 1.32393 0.585972 -1.86067 -0.333011 0.327696
171 0.0346002 0.421864 0.184214 -0.147591 -0.601697 -0.194421 1.7468 0.225103 0.339535 -0.92757 0.125426 1.12572 0.683955 -1.50011 -0.406612 0.228965
6 1.07966 0.639786 0.640681 -0.635058 1.27353 -0.355254 1.94882 1.00515 -0.348269 -0.927664 0.712911 0.532265 -0.284223 -0.909306 -0.363496 0.327193
5 0.935453 0.604247 0.557046 -0.528858 1.11719 -0.302578 1.65333 0.912728 -0.362572 -0.799156 0.62471 0.510565 -0.108783 -0.821911 -0.317873 0.268001
8 0.937905 0.528312 0.658628 -0.699325 1.25939 -0.283268 1.91598 0.919724 -0.319148 -0.92731 0.74801 0.423029 -0.257032 -0.733544 -0.355716 0.295264
7 0.991022 0.523862 0.540696 -0.554882 1.10928 -0.223957 1.7764 0.86537 -0.253197 -0.926428 0.636083 0.336348 -0.352893 -0.789265 -0.37312 0.304474
73 0.700713 0.799631 -0.100626 -0.167879 0.584099 -0.135911 1.14127 0.0939425 -0.318079 0.41036 0.524061 0.932963 -0.0778119 -0.565885 0.238094 0.768014
74 0.978789 0.968172 -0.115854 -0.168255 0.660689 -0.143511 1.27709 0.109472 -0.297775 0.683829 0.7399 1.04096 -0.139209 -0.836874 0.292715 1.02831
72 0.987741 1.05072 -0.140133 -0.313022 0.592574 -0.305488 1.35944 0.0581171 -0.473021 0.555456 0.697647 1.215 -0.156391 -0.638355 0.204849 0.931359
75 0.854506 0.721443 0.0820286 0.215012 0.722993 0.127598 1.28654 0.240097 -0.282684 0.627288 0.949551 0.983206 -0.0779613 -1.38526 0.669901 1.2474
77 0.854641 0.605027 0.189452 0.384628 0.765885 0.196845 1.28749 0.405162 -0.285421 0.554649 0.943635 0.99079 0.0669533 -1.63499 0.869378 1.33775
69 0.839318 1.08593 -0.169668 -0.317703 0.350811 -0.440558 1.4928 -0.0208442 -0.696677 0.444466 0.810758 1.7077 -0.00387772 -0.579337 0.0862354 0.924515
68 0.560982 0.908766 -0.0980175 -0.231734 0.189519 -0.27288 1.46044 0.00615549 -0.781451 0.201009 0.807885 1.65853 0.0686309 -0.446729 0.20595 0.891908
67 0.313491 0.750922 -0.0451312 -0.177425 0.127337 -0.174113 1.30088 0.0852839 -0.673146 -0.0339349 0.704604 1.44794 0.0964215 -0.430979 0.207874 0.702634
66 0.170621 0.940529 0.0048858 -0.161851 -0.0316663 0.00627969 1.43719 0.0513257 -0.866706 -0.159345 0.909728 1.74586 0.138533 -0.401129 0.286538 0.827083
256 0.346183 -0.221593 -0.278238 -0.254187 1.04311 0.370721 0.745353 1.41649 -0.019612 -0.180777 -0.175135 1.18373 0.647579 -0.985506 0.459832 0.561706
255 0.420617 -0.300069 -0.335517 -0.540988 1.26401 0.405079 0.786496 1.53816 0.0763761 -0.153679 -0.0881507 1.08266 0.748874 -0.914378 0.43315 0.645671
254 0.510501 -0.172008 -0.207615 -0.927445 1.46816 0.339305 0.892833 1.47134 0.158363 -0.20845 0.171766 0.917534 0.768145 -0.714106 0.459327 0.617462
253 0.546061 -0.0681967 -0.0853812 -0.970617 1.34214 0.256903 0.894756 1.29176 0.0908611 -0.233947 0.21859 0.871332 0.753223 -0.65561 0.369687 0.531236
252 0.640545 -0.00577251 0.0100043 -1.14766 1.59268 0.288535 1.02678 1.29014 0.21196 -0.283181 0.31405 0.869479 0.739311 -0.627209 0.419164 0.635582
257 0.385882 -0.301249 -0.437177 -0.100202 1.03074 0.464948 0.619456 1.5998 -0.0292806 -0.155283 -0.236326 1.40454 0.756168 -1.2353 0.541634 0.712526
258 0.430481 -0.271243 -0.437388 0.149092 0.892898 0.45918 0.418184 1.70562 -0.164452 -0.31509 -0.308524 1.46913 0.877396 -1.32427 0.59694 0.775737
127 0.277426 0.730664 0.926645 -1.0894 0.655147 -0.674037 -0.0576756 1.0951 -0.925765 -0.363552 0.941421 0.866044 0.215346 -1.19716 0.338727 0.522108
126 0.309014 0.835652 1.04219 -1.2453 0.76862 -0.751397 -0.0378497 1.26304 -1.07717 -0.376846 1.1619 0.937191 0.204753 -1.26375 0.4514 0.581859
128 0.326756 0.801059 1.04962 -1.20768 0.655116 -0.693692 -0.0698526 1.25097 -0.994261 -0.494776 0.877914 0.912924 0.219646 -1.45536 0.340015 0.544833
22 -0.288583 0.477304 -0.067974 -0.258311 1.23985 -0.71049 1.43535 -0.224319 -0.68732 -0.330989 0.0914694 1.15062 -0.0306462 -0.521346 0.903937 0.232212
23 -0.21206 0.537088 -0.136841 -0.308986 1.45222 -0.799872 1.68592 -0.210948 -0.858409 -0.32135 0.0687347 1.29339 -0.020335 -0.66405 1.13916 0.248713
24 -0.0763362 0.523952 -0.334292 -0.379999 1.49782 -0.665598 1.84789 -0.265107 -0.939709 -0.0983086 0.0592856 1.14158 0.0146981 -0.591168 1.16845 0.223852
26 0.0893962 0.379469 -0.5245 -0.38747 1.49214 -0.548465 1.99782 -0.255753 -0.93516 0.0511308 -0.0921058 0.98459 0.109825 -0.70233 1.15741 0.15832
25 0.00788999 0.409072 -0.314435 -0.294971 1.21132 -0.521969 1.61799 -0.257187 -0.82528 -0.0929739 -0.0448941 0.889956 0.0310967 -0.518057 1.00008 0.201846
21 -0.284846 0.556745 -0.0512912 -0.325191 1.39847 -0.802855 1.58764 -0.161819 -0.824866 -0.457504 0.158796 1.28119 0.0141598 -0.528797 0.998569 0.258682
20 -0.352188 0.554094 0.121651 -0.554902 1.36898 -0.788566 1.52618 0.0229987 -0.649184 -0.499798 0.313123 1.10781 0.0181465 -0.4256 0.652728 0.175634
11 0.547992 0.527652 0.675808 -0.878296 1.36082 -0.532718 1.9521 0.866943 -0.409338 -0.812817 0.763103 0.402235 -0.125018 -0.438502 -0.255941 0.154084
9 0.78377 0.579149 0.654683 -0.74932 1.31215 -0.38911 2.02841 0.944136 -0.391712 -0.913917 0.804645 0.458056 -0.203645 -0.545432 -0.280135 0.203613
10 0.565084 0.465526 0.64398 -0.758908 1.26239 -0.410579 1.79511 0.793105 -0.375029 -0.766368 0.709423 0.415895 -0.106745 -0.391944 -0.239327 0.180857
96 1.0743 -0.255815 0.940423 -0.0891861 1.15748 -0.633555 1.07555 -0.0139512 -0.919836 -0.673787 -0.766646 1.57122 -0.224056 -0.766065 0.417027 -0.856626
95 1.02685 -0.125084 0.856948 -0.085388 1.2085 -0.396643 0.970249 0.142609 -0.689404 -0.439951 -0.93787 1.46208 -0.34592 -0.916029 0.552652 -0.795835
97 0.991821 -0.323237 0.891932 -0.120649 1.00805 -0.617974 0.896812 -0.0775866 -0.86971 -0.684683 -0.601718 1.43904 -0.158631 -0.564809 0.262003 -0.779697
98 1.09437 -0.329949 0.987857 -0.174836 1.11848 -0.728473 1.06013 -0.0381284 -1.00922 -0.757664 -0.634149 1.58127 -0.201849 -0.751204 0.298149 -0.852559
99 1.08325 -0.275761 0.976828 -0.202914 1.16162 -0.85365 1.06045 0.0371289 -0.997906 -0.840641 -0.456464 1.58665 -0.225013 -0.772819 0.320679 -0.918979
101 0.850793 -0.286925 0.995727 -0.201842 1.13344 -0.763591 0.898627 0.284312 -0.932992 -0.784684 -0.260026 1.49138 -0.145723 -0.740125 0.368612 -1.0861
102 0.453173 -0.114106 0.70887 -0.227225 1.08388 -0.42185 0.680304 0.673772 -0.773983 -0.506745 -0.0620077 1.43839 0.0382432 -0.736862 0.524799 -1.26696
103 0.295423 0.0100566 0.573306 -0.210768 0.945297 -0.303457 0.617012 0.794348 -0.676776 -0.392827 0.0636739 1.33133 0.131024 -0.65236 0.467377 -1.1255
104 0.304066 -0.0180299 0.636975 -0.245586 1.07444 -0.274892 0.563088 0.944552 -0.73007 -0.43768 0.0554118 1.68312 0.162571 -0.818501 0.568242 -1.29348
147 0.342513 -0.198303 1.78765 -0.498222 0.12839 -0.625837 2.01892 0.479814 -0.411188 -0.431165 -0.158897 1.11134 0.204041 -0.424609 0.099424 0.485014
146 0.472703 0.176497 1.79564 -0.455391 0.301647 -0.551144 1.93995 0.526483 -0.446984 -0.624646 -0.360803 0.97969 0.0829289 -0.203667 0.654842 0.539401
145 0.446799 0.278033 1.51289 -0.335107 0.315834 -0.401413 1.6686 0.481267 -0.398963 -0.649852 -0.372094 0.809979 0.048373 -0.167735 0.69297 0.464349
144 0.6037 0.570251 1.82545 -0.370769 0.383009 -0.447416 1.7651 0.600664 -0.491337 -0.762903 -0.565578 0.872715 -0.0570831 -0.254556 0.945399 0.540464
148 0.203595 -0.247807 1.41496 -0.380044 0.0911517 -0.494553 1.70268 0.405356 -0.306257 -0.326308 0.0181436 0.92158 0.222951 -0.369687 -0.107248 0.405182
149 0.289192 -0.424124 1.68565 -0.402744 0.0596854 -0.599108 1.9389 0.492144 -0.416714 -0.217068 0.0569892 1.1632 0.318758 -0.517783 -0.228394 0.430655
83 0.802636 0.673121 0.0504767 0.934166 0.407475 -0.0922959 1.66398 1.576 -0.559162 0.328621 0.567877 0.59472 0.115343 -1.20072 0.707903 0.620074
81 0.804854 0.628444 0.220284 0.984845 0.378345 0.03754 1.52187 1.3773 -0.509141 0.358007 0.734687 0.531692 0.105851 -1.4293 0.77601 0.960872
82 0.735561 0.520292 0.0993794 0.923943 0.357367 0.0218842 1.36242 1.30503 -0.502831 0.420886 0.63938 0.517779 0.0520597 -1.22014 0.679999 0.832739
214 0.331151 0.0227629 -0.160147 0.464925 0.0726811 -0.171584 0.456556 0.735418 -0.535709 -1.23219 -0.24848 0.905114 -0.327975 -1.55171 0.749927 0.0651657
213 0.272591 0.0149357 -0.163897 0.582393 -0.0541824 -0.264937 0.567992 1.00605 -0.707049 -1.45081 -0.286047 1.08556 -0.49377 -1.86063 1.00274 0.122916
215 0.487748 0.0534516 -0.149236 0.677573 0.142533 -0.140941 0.572541 0.852331 -0.588252 -1.49523 -0.297984 0.899328 -0.368578 -1.82778 0.964403 0.071336
216 0.732381 0.176727 -0.0616259 0.712246 0.406616 -0.0469245 0.692425 0.617808 -0.52407 -1.57967 -0.337811 0.725181 -0.223337 -1.89438 0.922486 0.127971
173 0.0404275 0.47363 0.324281 -0.168934 -0.488523 -0.125655 1.93592 0.293601 0.252336 -1.04515 -0.0143455 0.947213 0.678774 -1.3495 -0.338687 0.156948
172 0.0317677 0.390537 0.18923 -0.190075 -0.500975 -0.0692362 1.55301 0.200497 0.274524 -0.845339 0.0381372 0.88292 0.637732 -1.21624 -0.374251 0.190576
202 -0.35469 0.733363 0.205865 -0.0903688 -0.211745 -0.566384 0.895613 0.58201 -0.960629 -0.503691 -0.146534 1.17983 0.19844 -0.825939 0.46883 -0.412957
201 -0.336506 0.97365 0.156337 -0.273697 -0.270569 -0.64357 1.00604 0.547553 -0.711648 -0.604392 -0.165363 1.33822 0.303202 -0.733977 0.589734 -0.54455
203 -0.465421 0.863685 0.123595 -0.0935808 -0.387786 -0.666557 0.888893 0.73651 -1.06688 -0.562348 -0.126253 1.45363 0.231881 -0.949413 0.56581 -0.486463
204 -0.494394 0.645558 0.0638521 0.0846921 -0.503626 -0.644772 0.80936 0.820521 -1.31186 -0.613609 -0.0920357 1.47857 0.176577 -1.25025 0.543536 -0.435566
205 -0.381645 0.415165 0.0248904 0.170483 -0.440845 -0.50154 0.569841 0.846348 -1.19818 -0.562666 -0.0335152 1.37896 0.0967478 -1.20617 0.42767 -0.26978
206 -0.31667 0.287886 0.0856966 0.283145 -0.532545 -0.541776 0.614347 1.04854 -1.36449 -0.767005 -0.0376933 1.51926 -0.0218203 -1.46874 0.515428 -0.317298
100 0.889267 -0.342249 0.886718 -0.151135 1.02692 -0.655742 0.850636 0.100622 -0.781212 -0.676938 -0.354885 1.3906 -0.177212 -0.701411 0.294234 -0.840493
105 0.0973206 0.0701645 0.656598 -0.301001 0.989053 -0.113618 0.410477 1.19692 -0.644728 -0.369567 0.114223 1.83859 0.287212 -0.902464 0.59469 -1.44884
212 0.224576 0.00590166 -0.132097 0.511655 -0.167523 -0.321822 0.641384 1.16126 -0.75031 -1.37053 -0.16441 1.25106 -0.467958 -1.73235 0.823947 0.0234986
211 0.0691332 -0.057076 -0.115834 0.378353 -0.199098 -0.270301 0.579539 1.03696 -0.710762 -1.1363 -0.156953 1.19845 -0.400625 -1.49089 0.661665 0.0607104
191 0.226445 0.599224 -0.295983 -0.262921 0.501433 -0.89317 1.15077 0.560996 0.633778 -0.243926 -0.0905223 1.23845 1.48509 -0.608607 1.17841 -0.0555338
190 0.180446 0.632442 -0.300613 -0.307113 0.412306 -0.669693 1.05834 0.547443 0.544818 -0.360923 -0.187429 1.09425 1.28011 -0.503733 0.987189 -0.0441889
189 0.196604 0.715406 -0.472139 -0.466448 0.511977 -0.570464 1.22407 0.772587 0.529171 -0.507502 -0.449371 0.969443 1.65489 -0.597093 0.798847 0.0203859
188 0.27241 0.931176 -0.575118 -0.754285 0.502937 -0.24709 1.43269 1.01372 0.292862 -0.703127 -0.697609 0.934524 1.67615 -0.60672 0.546615 0.0741201
186 0.190763 0.92532 -0.502571 -0.771331 0.60672 -0.0106201 1.47588 1.02143 0.0674618 -0.805122 -0.765448 0.879224 1.56266 -0.662854 0.197564 0.286806
198 0.148201 1.42701 0.185318 -0.827587 0.198086 -0.886533 1.53092 0.468071 0.318842 -0.528087 -0.0689313 1.60781 0.756415 -0.288238 0.890225 -0.543675
199 0.160959 1.29807 0.183105 -0.781672 0.146137 -0.563787 1.42321 0.420649 0.0569147 -0.517081 -0.0831475 1.30398 0.466903 -0.201332 0.595418 -0.46191
197 0.264904 1.36991 0.189962 -0.797477 0.217397 -1.01162 1.4753 0.373528 0.543114 -0.408063 0.0678412 1.65713 0.854089 -0.22541 1.03627 -0.542703
195 0.250913 1.04865 0.0607165 -0.506974 0.283637 -1.12332 1.25138 0.322426 0.712406 -0.203404 0.0860905 1.586 1.02738 -0.269134 1.24557 -0.3468
200 -0.0479671 1.38488 0.21264 -0.742429 -0.062565 -0.673022 1.42005 0.453395 -0.0749071 -0.610553 -0.165348 1.50857 0.48077 -0.323778 0.733043 -0.607354
42 0.387787 0.280326 -0.307271 -1.26065 0.581441 -0.155678 0.618008 -0.00999689 -1.29629 -0.668525 -0.440299 2.01266 -0.111918 -0.993415 0.115246 0.894483
43 0.302882 0.233704 -0.300226 -1.27651 0.579979 -0.100197 0.548984 -0.0346824 -1.36287 -0.605674 -0.451078 2.03587 -0.158281 -1.01755 0.147186 0.91752
44 0.354135 0.273002 -0.278638 -1.34438 0.562738 -0.0633679 0.548354 -0.00928528 -1.3656 -0.768362 -0.499564 2.08501 -0.104569 -1.097 0.163169 1.0305
45 0.279069 0.242654 -0.177442 -1.26797 0.457646 0.0527622 0.312865 0.0204079 -1.28509 -0.841445 -0.405076 1.88485 0.136694 -1.10663 0.574647 0.879491
4 0.730464 0.625711 0.454667 -0.367198 0.970263 -0.316663 1.32925 0.836999 -0.404598 -0.640321 0.427601 0.739267 0.123791 -0.795873 -0.132353 0.203399
3 0.747159 0.79819 0.499859 -0.30948 1.14736 -0.449751 1.17419 0.9335 -0.528106 -0.592196 0.512277 0.806953 0.248669 -0.773597 -0.418863 0.024796
232 1.484 -0.081133 0.583268 0.476661 0.994888 0.330067 0.721662 0.107739 -0.399729 -0.450724 0.913079 1.12145 0.916622 -1.01206 0.355613 -0.58757
233 1.70781 -0.02756 0.840615 0.478246 1.22161 0.193575 0.868251 0.329779 -0.327004 -0.29159 0.778096 1.08814 0.927554 -1.08297 0.377695 -0.471355
234 1.64821 -0.106709 0.945579 0.340882 1.2055 0.0318509 0.768761 0.303146 0.127763 0.00667064 0.49731 1.02198 0.719424 -1.01823 0.219819 -0.12846
235 1.5717 -0.117619 0.952759 0.274882 1.11911 -0.0632804 0.781128 0.33382 0.158716 0.0689063 0.312648 0.929887 0.637293 -0.933705 0.23296 -0.0429815
236 1.69626 -0.118314 1.13805 0.2795 1.37545 -0.116554 0.821999 0.472086 0.402582 0.211115 0.187748 1.00407 0.582655 -1.04663 0.136484 0.0818713
207 -0.163211 0.0399674 -0.0179782 0.384752 -0.402551 -0.500703 0.719011 1.21424 -1.2176 -0.982724 -0.046832 1.5475 -0.235983 -1.55585 0.482834 -0.160892
182 0.146056 0.675472 0.0972777 -0.136131 0.369972 0.225891 1.69196 0.857635 -0.301167 -0.972993 -1.07602 0.738091 1.06214 -0.859349 -0.155276 0.945331
183 0.154079 0.878253 -0.143697 -0.435861 0.373229 0.279407 1.57124 0.951852 -0.145058 -0.917643 -1.05942 0.858122 1.30997 -0.734567 -0.193203 0.851852
185 0.160741 0.905969 -0.341565 -0.5884 0.334817 0.246595 1.44746 0.988045 -0.0541293 -0.891146 -0.971807 0.859166 1.42451 -0.674987 -0.18535 0.752604
184 0.14605 0.810816 -0.257023 -0.447493 0.362247 0.264505 1.31352 0.89191 -0.125246 -0.853251 -0.943001 0.790427 1.2179 -0.663762 -0.228532 0.77859
209 -0.00903653 -0.103972 -0.0282152 0.432324 -0.359899 -0.467739 0.761648 1.30598 -1.06787 -1.14884 -0.062252 1.53056 -0.361476 -1.66053 0.535128 -0.0183061
210 0.104518 -0.0692801 -0.097577 0.46416 -0.247234 -0.360784 0.653552 1.24347 -0.921099 -1.32388 -0.182924 1.38495 -0.479432 -1.69943 0.71447 0.0545281
65 0.00682496 1.13678 0.100357 -0.129561 0.0208617 0.251349 1.53985 0.126568 -1.01842 -0.467529 1.0992 1.86281 0.105666 -0.535393 0.470167 0.836561
63 -0.0525267 1.14453 0.180421 -0.15826 0.0212332 0.246466 1.59056 0.196414 -1.0692 -0.606439 1.18346 1.93982 0.108081 -0.500408 0.539464 0.840608
62 -0.0225446 1.23091 0.100827 -0.193065 0.11937 0.375548 1.46846 0.185045 -1.07685 -0.623064 1.10966 1.84022 0.0834709 -0.581303 0.57712 0.682289
61 0.0179769 1.14268 0.0649529 -0.178144 0.13033 0.357892 1.305 0.178952 -0.882209 -0.490743 0.945284 1.46669 0.0356649 -0.450729 0.491493 0.633275
60 0.125289 1.15695 0.0533927 -0.245843 0.225113 0.464436 1.37552 0.137226 -1.03855 -0.547791 0.984201 1.51542 0.0920193 -0.487651 0.625146 0.526082
64 -0.102734 0.988485 0.062688 -0.099688 -0.00778357 0.22075 1.25681 0.115858 -0.940681 -0.429417 1.01369 1.64464 0.0920661 -0.373072 0.452851 0.709134
2 0.697482 1.05441 0.381312 -0.0812941 1.2615 -0.67055 0.652391 1.00426 -0.7602 -0.342466 0.632259 1.06793 0.702273 -0.933069 -0.76609 -0.166576
0 0.666964 1.03982 0.333163 0.0623696 1.20208 -0.746235 0.504518 0.968757 -0.758398 -0.211756 0.625076 1.2668 0.818179 -0.979547 -0.778785 -0.237566
299 0.658185 1.11223 0.271179 0.0982243 1.35489 -0.831856 0.442486 1.09496 -0.83659 -0.106933 0.797167 1.38027 0.877665 -1.03897 -0.960253 -0.219613
157 0.462393 -0.476196 0.747951 -1.06115 0.53148 0.140558 0.607139 0.198746 -0.208191 0.00429979 0.585837 1.78313 1.16533 -0.982471 0.0773206 0.184713
158 0.480003 -0.467043 0.691679 -1.08697 0.524592 0.176926 0.625539 0.189551 -0.197804 -0.0282233 0.630303 1.87987 1.18271 -1.03654 0.0788244 0.18559
156 0.377612 -0.572628 0.886412 -1.07185 0.443259 0.109148 0.660836 0.202241 -0.282762 0.0895113 0.610915 1.88378 1.27595 -1.05521 -0.028998 0.222491
159 0.300629 -0.139897 0.226793 -0.80337 0.475142 0.0543126 0.781342 0.364888 -0.225647 -0.164077 0.510836 1.51077 0.905687 -1.10269 0.134938 0.0746568
161 0.0295164 -0.022268 -0.318944 -0.576533 0.238863 -0.0452729 1.00627 0.414899 -0.143701 -0.0928221 0.456028 1.44881 0.846075 -1.42341 -0.00077174 0.157521
49 0.406365 0.180358 -0.0720487 -0.849284 0.421089 0.171635 0.153273 -0.00941091 -0.928193 -0.900433 -0.0709295 0.947099 0.582567 -1.08786 1.30945 0.351412
107 0.0130009 0.170822 0.599858 -0.23046 0.925016 0.00844895 0.497173 1.38877 -0.571057 -0.378342 0.142178 2.12385 0.562309 -0.938797 0.651599 -1.45113
108 -0.2841 0.222976 0.654751 -0.142054 0.81619 0.0795176 0.687437 1.56793 -0.478277 -0.264931 0.152833 2.14647 0.625061 -0.878064 0.593286 -1.35046
109 -0.351348 0.181165 0.575574 -0.0102787 0.682517 0.0318732 0.669104 1.32948 -0.364614 -0.247073 0.1438 1.96787 0.554835 -0.658534 0.501725 -1.19683
110 -0.480342 0.242809 0.622358 0.0449712 0.710417 0.0326121 0.981182 1.51984 -0.347046 -0.297872 0.0918283 2.06937 0.585336 -0.723691 0.53926 -1.19655
221 0.876862 0.293808 -0.0645505 0.497964 0.823028 0.460874 1.0435 -0.00863697 -0.0852564 -1.86352 -0.345992 1.11316 -0.0185238 -1.62832 0.358204 0.346727
220 0.761522 0.141763 -0.0219682 0.517867 0.621303 0.372516 0.835246 0.0478916 -0.160316 -1.55251 -0.356479 0.73815 -0.0189878 -1.43389 0.422092 0.130113
219 0.860156 0.238759 -0.0725293 0.613479 0.757949 0.322789 0.933087 0.163444 -0.231519 -1.71574 -0.31152 0.908714 0.0175842 -1.67961 0.546126 0.216051
222 0.756108 0.454214 -0.265111 0.459386 0.885865 0.703156 1.01548 -0.0810975 0.0166598 -1.90501 -0.0490984 1.25156 0.078992 -1.52527 0.112838 0.383688
224 0.698266 0.44142 -0.226554 0.396088 0.801755 0.64008 0.937782 -0.00196376 -0.0172448 -1.6269 0.167376 1.26023 0.193475 -1.37287 0.09371 0.205055
251 0.635646 0.16804 0.152267 -1.14901 1.76377 0.130144 0.94998 1.18317 0.215149 -0.340339 0.388534 0.716214 0.994151 -0.656548 0.491131 0.62634
249 0.658778 0.239453 0.153636 -1.03905 1.78242 0.105139 0.969722 1.10856 0.326926 -0.403046 0.418717 0.634767 1.10064 -0.677634 0.523356 0.658953
250 0.56064 0.239875 0.145145 -0.917697 1.46424 0.0837857 0.837756 0.91861 0.168587 -0.34553 0.294241 0.553876 0.829273 -0.550142 0.317545 0.540794
33 1.56349 0.223778 -0.558218 -0.384052 0.00064358 -0.49992 1.2659 -0.270284 -0.316784 0.101157 -0.204106 1.18213 0.878798 -1.37758 0.660401 -0.320487
35 1.58971 0.293784 -0.517543 -0.467064 -0.115154 -0.542353 1.16297 -0.242387 -0.28273 -0.0741297 -0.299319 1.33199 0.78332 -1.33509 0.571972 -0.228899
34 1.58119 0.244575 -0.41948 -0.409316 -0.200453 -0.527546 1.10182 -0.239283 -0.252643 0.0609813 -0.228926 1.19443 0.862726 -1.36332 0.623128 -0.337779
93 0.949923 0.0591325 0.66296 0.0720555 1.20566 -0.106798 1.00086 0.556052 -0.410066 0.0404438 -0.999721 1.20214 -0.509119 -1.00116 0.798878 -0.801396
265 1.16002 0.64347 0.575805 0.416662 0.778816 -0.413011 0.250508 0.778121 -0.578742 -1.24983 -0.0441742 1.42811 1.10233 -0.0665664 0.543097 0.869719
266 1.22688 0.721224 0.639514 0.42204 0.913862 -0.471274 0.314845 0.870882 -0.62045 -1.32175 -0.0231641 1.48507 1.14059 -0.0413983 0.558061 0.897118
267 1.28999 0.873439 0.715263 0.416587 0.865445 -0.489635 0.254082 0.756619 -0.534871 -1.37139 0.038812 1.40925 1.144 0.0404358 0.716489 0.786508
268 1.24347 0.902482 0.652059 0.357325 0.770509 -0.451683 0.141669 0.670154 -0.484936 -1.28634 0.0686646 1.17346 1.06764 0.109625 0.573202 0.729341
84 0.851671 0.596616 0.0115281 0.87538 0.463447 -0.127438 1.65694 1.58717 -0.448518 0.35103 0.297647 0.548151 -0.0271133 -0.878417 0.70024 0.283993
76 0.781531 0.607868 0.150151 0.313258 0.674319 0.145323 1.1421 0.266155 -0.202457 0.570409 0.818496 0.866176 0.0188623 -1.47233 0.761284 1.16026
78 0.715026 0.437887 0.269302 0.672883 0.634678 0.238205 1.35326 0.595468 -0.301087 0.514862 0.988502 0.835149 0.130693 -1.72575 0.926177 1.26977
79 0.64024 0.372832 0.219834 0.69486 0.527316 0.263539 1.23448 0.646959 -0.35707 0.492691 0.916919 0.755278 0.125773 -1.63936 0.877135 1.197
80 0.699111 0.422423 0.254908 0.888526 0.50651 0.230771 1.34838 0.977662 -0.414865 0.490451 0.898831 0.681463 0.0801818 -1.62156 0.928956 1.17919
137 0.916338 1.2565 1.54473 -0.54487 0.038821 -0.479894 0.581766 0.486772 -0.410923 -0.694303 -0.685066 0.722754 -0.273395 -1.73426 0.542459 0.693876
138 0.888556 1.3178 1.68762 -0.450596 0.202952 -0.328304 0.666487 0.488278 -0.442449 -0.713907 -0.710718 0.775071 -0.270493 -1.41748 0.745695 0.688676
135 0.796447 1.16046 1.34289 -0.729192 -0.0484574 -0.66594 0.397865 0.609075 -0.532571 -0.647099 -0.547265 0.573718 -0.254731 -1.78492 0.30748 0.665017
134 0.876465 1.02502 1.13887 -0.864558 0.0324255 -0.81148 0.476143 0.769447 -0.560817 -0.656482 -0.400811 0.504201 -0.213528 -1.78654 0.174386 0.687716
132 0.748148 0.88783 0.979025 -0.966557 0.0559384 -0.938319 0.393199 0.927022 -0.681157 -0.606165 -0.301375 0.597434 -0.104152 -1.87802 0.0977903 0.67111
133 0.754112 0.793304 0.905546 -0.77225 -0.0032472 -0.785682 0.412151 0.70969 -0.54715 -0.577503 -0.283712 0.438448 -0.162118 -1.56129 0.0401322 0.592108
166 -0.142381 0.398401 -0.50406 -0.0755473 -0.343449 -0.566224 1.29772 0.486546 0.170933 -0.402897 0.384869 1.36569 0.52047 -1.85504 -0.243191 0.426368
218 0.881012 0.155405 -0.0297955 0.701393 0.479823 0.148272 0.742214 0.488023 -0.479252 -1.62167 -0.399119 0.747731 -0.0945044 -1.8153 0.812528 0.0523987
27 0.430386 0.337425 -0.686872 -0.41436 1.54363 -0.4868 2.30085 -0.259528 -0.93551 0.216858 -0.125749 0.958258 0.285168 -0.876554 1.26839 0.0167766
29 0.673869 0.194761 -0.802256 -0.399922 1.20636 -0.364267 2.17112 -0.256455 -0.840934 0.311494 -0.114424 0.790662 0.47728 -0.941923 1.13077 -0.18156
28 0.41091 0.290534 -0.644066 -0.419301 1.27827 -0.2586 1.9981 -0.128994 -0.864728 0.195517 -0.0962123 0.776142 0.28412 -0.760076 1.00872 -0.0135545
196 0.238101 0.996574 0.0313813 -0.54809 0.230665 -0.928775 1.15476 0.310009 0.532444 -0.26791 0.0332318 1.42933 0.876401 -0.279963 0.973018 -0.35241
280 1.09388 1.29901 0.0288538 0.107016 0.205752 -1.10604 1.11057 1.2557 -0.658234 -1.07941 0.0598011 0.677978 0.562645 -0.688993 -0.368826 -0.530419
279 1.21991 1.32384 0.0918224 0.126509 0.219737 -1.16088 1.23897 1.31449 -0.722746 -1.19173 0.0502096 0.737535 0.552626 -0.691471 -0.405894 -0.557278
278 1.2491 1.17003 0.327202 0.138969 0.34989 -1.15802 1.14892 1.21018 -0.627868 -1.10778 0.00944341 0.726205 0.576488 -0.652455 -0.493769 -0.464397
276 1.2356 1.13834 0.398609 0.115257 0.329617 -1.11803 1.09798 1.2252 -0.624731 -1.10905 0.0292056 0.635735 0.538338 -0.585161 -0.536729 -0.38255
277 1.14034 1.02456 0.397901 0.0629477 0.328926 -1.02887 1.00512 1.08807 -0.547751 -0.921824 0.0179682 0.54787 0.445079 -0.54482 -0.509461 -0.340117
163 -0.198079 0.197974 -0.604857 -0.26066 -0.00292969 -0.179983 1.09496 0.499799 -0.022799 -0.199267 0.403342 1.36801 0.71301 -1.6523 -0.113265 0.230063
162 -0.153924 0.243456 -0.622357 -0.277879 0.0512003 -0.25865 1.22778 0.508291 -0.0331744 -0.218623 0.500125 1.50347 0.743146 -1.77273 -0.120507 0.210039
164 -0.145594 0.215074 -0.672 -0.184612 -0.0333488 -0.359608 1.23444 0.596586 -0.0138161 -0.205849 0.433885 1.53121 0.744524 -1.89898 -0.0891546 0.332245
111 -0.697429 0.304203 0.697471 0.232271 0.620652 -0.154139 1.45173 1.55132 -0.262521 -0.183654 0.0792946 1.89531 0.521693 -0.595551 0.47514 -0.788804
113 -0.686786 0.327091 0.667546 0.226954 0.610177 -0.178257 1.5699 1.42875 -0.275452 -0.171334 0.112729 1.78717 0.438413 -0.495549 0.399093 -0.600566
112 -0.679603 0.205563 0.569686 0.240451 0.559253 -0.178001 1.4071 1.37553 -0.231489 -0.197915 0.0640252 1.60198 0.443392 -0.517364 0.434325 -0.687635
106 0.0237625 0.108056 0.543423 -0.246858 0.84783 0.00203177 0.337094 1.21016 -0.557029 -0.294463 0.100161 1.83476 0.4196 -0.90625 0.534795 -1.28945
47 0.356507 0.213803 -0.140605 -1.23276 0.444613 0.125971 0.147946 -0.0216405 -1.17307 -0.857673 -0.324287 1.72557 0.241697 -1.06123 0.759663 0.763028
46 0.235767 0.152793 -0.15657 -1.05131 0.392648 0.0757964 0.198505 -0.0123543 -1.04334 -0.670758 -0.339104 1.51408 0.111655 -0.880231 0.502278 0.735634
298 0.644398 1.01107 0.226749 0.070206 1.23872 -0.800772 0.394132 0.944673 -0.797994 -0.105042 0.723448 1.23724 0.805018 -0.848801 -0.828829 -0.245606
297 0.689011 1.11849 0.286865 0.110359 1.43214 -0.939413 0.424564 1.12949 -0.871481 -0.046095 0.728942 1.55663 0.867612 -1.03141 -1.03157 -0.25877
1 0.617076 1.01839 0.344983 -0.0297747 1.11275 -0.622791 0.513318 0.898199 -0.708269 -0.295235 0.529981 1.04362 0.687914 -0.850628 -0.715238 -0.182245
286 0.724473 1.08912 -0.229583 0.0572393 0.748815 -0.694173 1.20133 1.2954 -0.736419 -1.03535 0.118341 0.692999 0.283754 -0.269953 0.317451 0.0472056
287 0.561497 1.05098 -0.227151 0.0184663 0.780375 -0.790385 1.16725 1.32506 -0.744753 -0.941278 0.00615169 0.72368 0.26448 -0.254919 0.259928 0.0830276
285 0.804392 1.34009 -0.312986 0.0941237 0.683612 -0.766807 1.22181 1.45278 -0.802642 -1.1752 0.153217 0.712592 0.328496 -0.280991 0.332422 -0.0590424
296 0.38556 1.0004 0.075771 0.226205 1.40874 -1.12459 0.388995 1.15062 -0.796783 -0.00349924 0.366907 1.59693 0.621099 -0.778557 -0.925628 -0.0719324
295 0.352285 0.859241 0.0817566 0.185494 1.24546 -0.983669 0.360322 1.00967 -0.627733 -0.00504353 0.277367 1.3087 0.513265 -0.552321 -0.804757 -0.0533305
139 0.72919 1.06627 1.58298 -0.34285 0.298558 -0.208524 0.788743 0.50344 -0.431463 -0.617508 -0.686831 0.695963 -0.212389 -0.994444 0.746741 0.580727
140 0.833828 1.16786 1.73509 -0.386488 0.34217 -0.285523 0.854734 0.547403 -0.473757 -0.702958 -0.786082 0.729864 -0.234033 -1.01962 0.879078 0.607974
141 0.727364 0.96189 1.71208 -0.284787 0.45535 -0.220763 1.30503 0.643725 -0.537294 -0.730723 -0.760744 0.75293 -0.164612 -0.54918 1.0332 0.582205
143 0.683346 0.837869 1.88803 -0.389357 0.525698 -0.328249 1.50835 0.606249 -0.5091 -0.740105 -0.725623 0.792194 -0.181141 -0.351006 1.09019 0.567703
114 -0.542849 0.439806 0.653981 0.136235 0.585106 -0.247994 1.4955 1.25433 -0.270806 -0.0519593 0.174551 1.66413 0.435258 -0.372076 0.335458 -0.473699
37 1.03644 0.335266 -0.462297 -0.47748 0.105708 -0.455212 0.892652 -0.0765226 -0.375947 -0.317227 -0.30805 1.19581 0.370331 -0.912961 0.239845 0.0655264
38 1.17555 0.35627 -0.551242 -0.694688 0.0726531 -0.521376 0.926935 -0.221746 -0.53601 -0.370305 -0.445553 1.47242 0.266672 -0.982675 0.173084 0.229273
36 1.3399 0.322822 -0.494008 -0.596113 -0.0522442 -0.521209 0.98158 -0.195851 -0.378589 -0.20915 -0.379619 1.41668 0.557813 -1.16478 0.342049 -0.00833766
39 0.896759 0.37638 -0.490258 -0.862112 0.264634 -0.430385 0.896865 -0.0511493 -0.756241 -0.48404 -0.44898 1.63585 0.166644 -0.981535 0.135202 0.456694
241 0.39834 0.212434 0.583878 -0.325289 1.18459 -0.217657 0.562467 0.721776 0.536028 0.290337 -0.340465 1.2284 0.250425 -0.989455 0.140691 0.806191
242 0.53325 0.195955 0.73274 -0.374355 1.45017 -0.23639 0.688597 0.85534 0.647008 0.335406 -0.372304 1.32634 0.348938 -1.07867 0.17426 0.919554
243 0.352178 0.274155 0.395152 -0.473616 1.49913 -0.25384 0.721118 0.968383 0.371231 -0.0571093 -0.0435384 0.953702 0.698067 -0.957855 0.352932 0.708182
244 0.363978 0.253875 0.327898 -0.433898 1.32743 -0.269495 0.799249 0.840398 0.175184 -0.241968 0.105024 0.753693 0.693981 -0.823449 0.336258 0.516289
245 0.336414 0.234718 0.288339 -0.608326 1.58103 -0.235366 0.739442 1.03571 0.245873 -0.356771 0.197542 0.680963 0.896442 -0.92726 0.434101 0.598399
246 0.443183 0.316195 0.249557 -0.795052 1.81344 -0.244264 0.952083 1.12659 0.249318 -0.568716 0.377225 0.600768 1.20875 -0.973463 0.625598 0.629225
248 0.50885 0.293659 0.263477 -0.887002 1.85907 -0.146918 0.928858 1.16214 0.290262 -0.530939 0.455801 0.514963 1.22165 -0.86692 0.631252 0.611457
223 0.617608 0.412057 -0.277333 0.401539 0.788219 0.621592 0.86595 -0.0180901 -0.0141318 -1.66534 0.0476372 1.24448 0.124478 -1.37418 0.0948597 0.302374
169 -0.0726368 0.3794 -0.205152 -0.14148 -0.542645 -0.536717 1.23564 0.236379 0.342939 -0.499599 0.420349 1.35192 0.45167 -1.80283 -0.331977 0.293135
18 -0.342268 0.618335 0.28904 -0.837914 1.41393 -0.783787 1.56815 0.32994 -0.548347 -0.641892 0.380096 0.975012 0.0651987 -0.478527 0.320458 0.0935787
17 -0.394583 0.663759 0.559473 -1.08776 1.58546 -0.809504 1.85482 0.602206 -0.510504 -0.860135 0.514612 0.942459 0.160207 -0.525927 0.168192 0.067293
19 -0.169458 0.516799 0.229074 -0.539664 1.13864 -0.597993 1.32906 0.26619 -0.484267 -0.467538 0.251037 0.90231 0.110929 -0.394993 0.401854 0.0996177
15 -0.388325 0.661965 0.585553 -1.18553 1.64623 -0.849276 1.91777 0.706417 -0.487098 -0.871679 0.537248 0.944028 0.180745 -0.549928 0.0954796 0.00884158
131 0.691518 0.80128 1.11439 -1.1361 0.217777 -0.966488 0.0948372 1.06647 -0.773602 -0.608863 0.0276374 0.593053 -0.034424 -1.89267 0.149372 0.641192
130 0.452829 0.652946 0.995783 -1.0586 0.372221 -0.764736 -0.048489 0.991098 -0.754425 -0.480737 0.225537 0.658172 -0.0110449 -1.55451 0.189402 0.53208
129 0.543636 0.735335 1.13282 -1.20056 0.42929 -0.856137 -0.00206014 1.16703 -0.842829 -0.549513 0.323589 0.763071 0.0278484 -1.71883 0.210056 0.585551
192 0.401704 0.650778 -0.124192 -0.103769 0.493959 -1.30948 1.28719 0.474685 0.796111 -0.0277922 0.179425 1.73565 1.49464 -0.657307 1.57706 -0.199281
194 0.340519 0.703375 -0.00230962 -0.135012 0.378059 -1.40827 1.23586 0.389128 0.785212 -0.0254961 0.249435 1.82579 1.35447 -0.609066 1.61717 -0.202634
193 0.344713 0.588722 0.00945295 -0.065849 0.390279 -1.26888 1.16858 0.405246 0.742286 0.0176051 0.292526 1.6769 1.2726 -0.622009 1.46387 -0.188395
119 0.0504468 0.974457 0.640783 -0.35438 0.746763 -0.65258 1.50384 0.822155 -0.590708 0.0757368 0.384471 1.20658 0.145733 -0.0627594 0.21126 0.47287
120 0.253414 1.00231 0.652028 -0.547327 0.748788 -0.810639 1.1263 0.83948 -0.760424 0.0354699 0.660471 0.942233 0.109957 -0.11489 0.296848 0.691621
122 0.25225 1.02013 0.737837 -0.817623 0.792325 -0.86759 0.729839 0.993784 -0.927466 -0.13483 0.857823 0.800549 0.148996 -0.395737 0.378262 0.744221
117 -0.100767 0.866911 0.648903 -0.169887 0.701997 -0.53303 1.60497 0.887351 -0.502678 0.155874 0.30716 1.2976 0.189632 -0.0185468 0.228761 0.20905
118 0.00901131 0.926587 0.563573 -0.253911 0.649606 -0.599244 1.45427 0.767753 -0.543788 0.163587 0.313242 1.15403 0.184126 -0.00245003 0.154998 0.400022
121 0.255876 0.911467 0.503819 -0.54036 0.751075 -0.754657 0.95518 0.765455 -0.722547 -0.110106 0.59638 0.828665 0.0850538 -0.240334 0.323506 0.703243
275 1.23568 1.10802 0.454325 0.117902 0.582349 -0.885831 0.899992 1.12167 -0.56018 -1.11054 0.0765358 0.70613 0.577411 -0.395331 -0.176944 -0.0831491
273 1.35531 1.19137 0.535054 0.202951 0.744441 -0.661636 0.590107 0.966873 -0.526928 -1.18647 0.0979806 0.912291 0.759774 -0.242669 0.264212 0.269045
274 0.916613 0.883932 0.344659 0.0844087 0.647144 -0.559056 0.736773 0.832355 -0.473802 -0.848446 0.0653173 0.873341 0.542317 -0.373008 0.216852 0.203988
264 1.14963 0.571333 0.530807 0.431014 0.806695 -0.35678 0.33465 0.939324 -0.529136 -1.20301 -0.0378346 1.57529 1.11475 -0.215172 0.643975 0.940791
261 0.728949 0.0242711 -0.0949031 0.350394 0.759057 0.143087 0.187242 1.39981 -0.334129 -0.683321 -0.202248 1.32578 0.911118 -0.713189 0.44699 0.872955
260 0.507212 -0.237339 -0.405278 0.238838 0.800918 0.357282 0.30101 1.631 -0.218955 -0.366645 -0.280114 1.53249 0.893944 -1.22918 0.561143 0.85735
160 0.239198 0.145703 -0.00893409 -0.452567 0.357505 -0.129296 0.908722 0.460771 -0.247501 -0.233408 0.30888 1.22856 0.687538 -1.07898 0.123989 0.160984
226 0.800046 0.26904 -0.206153 0.385017 0.928337 0.868203 0.621739 0.0354936 -0.231676 -1.22241 0.687738 1.52032 0.537793 -1.29339 0.0704177 -0.181349
227 0.976371 0.317544 -0.173859 0.35704 1.06491 0.869434 0.737032 0.219167 -0.414395 -1.23178 0.807435 1.55257 0.6412 -1.26025 0.126899 -0.306837
225 0.845099 0.327122 -0.246343 0.365787 0.98761 0.86151 0.703493 0.0713615 -0.219494 -1.3125 0.609446 1.52659 0.503101 -1.30497 0.070554 -0.0773227
54 0.745086 0.76521 -0.151949 -0.477794 0.804038 0.594376 1.10372 0.112342 -1.40464 -1.04556 0.242023 0.599046 0.603675 -0.645733 1.27246 -0.106789
55 0.725392 0.721416 -0.136624 -0.327596 0.751345 0.580785 1.22231 0.112225 -1.26114 -0.920638 0.309918 0.493215 0.51549 -0.44298 1.06539 -0.233639
57 0.748428 1.04436 -0.0891177 -0.332462 0.854843 0.715399 1.49975 0.271454 -1.48485 -0.989367 0.480638 0.755753 0.383072 -0.384654 1.10892 -0.104862
59 0.402588 0.964763 -0.0469584 -0.232185 0.574609 0.608727 1.46817 0.211329 -1.19553 -0.689804 0.579578 0.971331 0.163532 -0.311182 0.844966 0.105136
262 0.751943 0.263703 0.118102 0.25482 0.728335 -0.064349 0.340341 1.0708 -0.346164 -0.730115 -0.0955715 1.17048 0.817114 -0.513783 0.415261 0.67207
263 0.88588 0.307803 0.161112 0.384361 0.774909 -0.113399 0.306482 1.13276 -0.429996 -0.879469 -0.16631 1.36822 0.974014 -0.405884 0.474194 0.841709
178 0.309188 0.444011 0.545761 0.283533 0.339145 0.118527 2.33601 0.528609 -0.213135 -1.09394 -0.94478 0.356593 0.514507 -0.93842 -0.153264 0.6878
177 0.260626 0.50086 0.544084 0.13768 0.292711 0.121656 2.47065 0.648354 -0.222561 -1.25549 -0.944808 0.465904 0.652055 -1.10671 -0.179399 0.708366
179 0.212935 0.484184 0.394296 0.115912 0.343523 0.128591 2.24788 0.659704 -0.210147 -1.15342 -0.970924 0.443489 0.712526 -0.971965 -0.188649 0.793291
180 0.140245 0.491672 0.267317 0.0125819 0.273127 0.254216 1.88216 0.741454 -0.255948 -1.05037 -1.08865 0.613933 0.910853 -0.84248 -0.176767 0.871068
92 0.911361 0.276009 0.4937 0.205363 1.18377 0.0400403 1.20024 0.944583 -0.233607 0.386032 -0.87325 1.02186 -0.543686 -1.03581 0.922439 -0.704278
71 0.925076 1.17578 -0.210513 -0.354412 0.507593 -0.431096 1.51964 0.0640554 -0.629315 0.585356 0.814178 1.5736 -0.0796729 -0.603804 0.181537 0.949679
70 0.758738 0.952294 -0.1428 -0.326798 0.302243 -0.392992 1.24147 -0.0455277 -0.632813 0.46638 0.674864 1.52302 0.00711308 -0.554791 0.133096 0.838994
288 0.0908563 0.656346 -0.06056 0.159412 1.18235 -0.945127 1.0579 1.13065 -0.695114 -0.52017 -0.496861 1.00646 0.0477871 -0.316496 0.0463715 0.407775
290 -0.0999304 0.547378 -0.109538 0.222713 1.43728 -1.12283 1.00908 1.21544 -0.664515 -0.393273 -0.679203 1.22466 0.0112961 -0.470464 -0.0852298 0.539968
289 -0.0446084 0.570531 -0.0281928 0.159207 1.20553 -0.960741 0.991968 1.05779 -0.632048 -0.401862 -0.53043 1.07661 0.055321 -0.351386 0.00664759 0.438104
90 0.847318 0.290185 0.318737 0.361045 0.990383 0.0414636 1.2131 1.12293 -0.219172 0.466076 -0.682474 0.893116 -0.431822 -0.950715 0.93378 -0.623033
89 0.931069 0.376204 0.182108 0.590619 0.754802 -0.110466 1.55471 1.50413 -0.331749 0.513291 -0.32874 0.79348 -0.254458 -0.887509 0.914791 -0.426689
88 0.829671 0.443446 0.116439 0.665447 0.649209 -0.158451 1.57649 1.59682 -0.281084 0.543655 -0.131235 0.733138 -0.184969 -0.75881 0.869995 -0.269201
87 0.950434 0.50755 0.126215 0.78285 0.752148 -0.170768 1.80537 1.80545 -0.373955 0.545951 -0.161387 0.812001 -0.262474 -0.892349 1.00055 -0.311725
94 0.897154 -0.0237683 0.653997 -0.040844 1.05683 -0.265289 0.860323 0.261581 -0.505539 -0.182317 -0.821162 1.2683 -0.298928 -0.890663 0.583187 -0.70975
259 0.391453 -0.227323 -0.432909 0.242171 0.710199 0.415282 0.344894 1.48095 -0.169887 -0.317624 -0.248037 1.33786 0.78992 -1.17908 0.494674 0.732492
91 0.708034 0.220306 0.446313 0.0665535 1.04459 0.0571893 0.971478 0.798012 -0.157607 0.246429 -0.724722 0.917839 -0.406221 -0.906724 0.766939 -0.554881
229 1.11983 0.0784941 0.116677 0.380217 0.992751 0.634728 0.738847 0.252149 -0.487752 -0.759054 0.84044 1.11231 0.701675 -0.885007 0.306131 -0.512764
230 1.39139 0.068659 0.271982 0.495958 1.12428 0.696956 0.789296 0.239875 -0.549749 -0.820398 1.00577 1.21221 0.859671 -1.04218 0.253758 -0.65852
231 1.52332 -0.0280294 0.533914 0.475659 1.09301 0.399029 0.775151 0.225769 -0.468997 -0.564471 0.981687 1.23136 0.928735 -1.12718 0.377244 -0.555206
228 1.04644 0.154558 -0.00446433 0.348367 1.03522 0.789534 0.653782 0.183864 -0.538943 -0.961266 0.908096 1.34974 0.712646 -1.08269 0.242071 -0.461173
239 1.32485 0.00326475 1.20566 -0.0332462 1.45776 -0.344941 0.935148 0.786404 0.734726 0.466944 -0.295015 1.33353 0.35612 -1.18705 0.115765 0.671802
238 1.17521 -0.0430515 1.03242 -0.0742173 1.28804 -0.245047 0.833017 0.709978 0.531415 0.334049 -0.16364 1.04531 0.3079 -0.943181 0.104106 0.499682
237 1.60816 -0.0857723 1.25334 0.0194071 1.50124 -0.27047 0.939141 0.745569 0.624262 0.389301 -0.151938 1.20635 0.372425 -1.18043 0.130438 0.449901
240 0.806632 0.146847 0.916632 -0.217553 1.41025 -0.298252 0.790461 0.842987 0.746333 0.453878 -0.39973 1.34589 0.216777 -1.09763 0.0709507 0.904861
142 0.664694 0.829595 1.68292 -0.303736 0.428658 -0.269537 1.19979 0.550049 -0.449453 -0.61113 -0.652558 0.660009 -0.14391 -0.388315 0.949084 0.539647
283 0.969816 1.35478 -0.293859 0.125364 0.365458 -0.707494 1.1095 1.32008 -0.663131 -1.1402 0.245932 0.56501 0.366175 -0.391175 0.234562 -0.200071
284 0.918732 1.44074 -0.409009 0.161116 0.373093 -0.802915 1.24777 1.5058 -0.710635 -1.23831 0.1752 0.654093 0.398837 -0.382864 0.233451 -0.227794
282 1.07199 1.49334 -0.340125 0.183484 0.355537 -0.927169 1.25248 1.47202 -0.744758 -1.29729 0.171327 0.684642 0.404151 -0.465771 0.0967864 -0.357623
116 -0.373752 0.627062 0.679916 -0.00932109 0.602064 -0.365488 1.54245 1.00317 -0.338826 0.062362 0.197716 1.38597 0.238724 -0.105567 0.225468 -0.151566
115 -0.238728 0.428394 0.482913 0.050542 0.552118 -0.247778 1.21562 0.969146 -0.319282 -0.189946 0.120347 1.3199 0.336367 -0.427486 0.316031 -0.239736
41 0.680737 0.328453 -0.484856 -1.08316 0.343444 -0.326577 0.722012 -0.156056 -1.03104 -0.567999 -0.481487 1.86137 -0.0168712 -1.00506 0.0527377 0.695552
40 0.59507 0.388535 -0.353233 -0.829924 0.360203 -0.36921 0.82069 0.00615083 -0.815304 -0.503985 -0.326574 1.5046 0.018759 -0.848138 0.0912223 0.465734
58 0.505487 0.868423 -0.063287 -0.239687 0.674465 0.497761 1.3603 0.276301 -1.11313 -0.680654 0.372556 0.849774 0.216637 -0.3242 0.814341 0.00347188
86 0.870717 0.542134 -0.00180134 0.737389 0.546255 -0.216441 1.65883 1.64431 -0.443366 0.390012 0.0815056 0.681038 -0.0726653 -0.795383 0.796494 -0.0442339
85 0.770409 0.505765 -0.0325088 0.767798 0.395159 -0.141893 1.52245 1.46568 -0.439493 0.426669 0.223951 0.499215 -0.0373182 -0.709081 0.674757 0.135576
187 0.180237 0.822742 -0.557799 -0.737335 0.553058 -0.0303391 1.31347 0.980588 0.212974 -0.697211 -0.736243 0.726621 1.49318 -0.523064 0.276583 0.110138
208 0.00470975 -0.130894 0.0515296 0.407545 -0.299205 -0.485058 0.721674 1.20724 -1.06155 -0.98879 0.0261749 1.50553 -0.249697 -1.5516 0.43785 -0.0685144
14 -0.0893715 0.676424 0.721458 -1.13853 1.6009 -0.787658 2.06786 0.8456 -0.513095 -0.899899 0.652393 0.739163 0.132976 -0.443847 -0.0326046 -0.0169935
13 0.0173057 0.537742 0.636359 -0.963347 1.42779 -0.664292 1.78505 0.79708 -0.383018 -0.660854 0.542076 0.497082 0.121945 -0.311123 -0.08158 0.0494713
12 0.224222 0.646378 0.78114 -1.01742 1.56432 -0.682564 2.14585 0.941908 -0.429651 -0.91162 0.709252 0.574578 0.0662591 -0.358477 -0.159364 0.137312
136 0.788389 1.10451 1.34856 -0.526995 -0.00255299 -0.462442 0.478513 0.449162 -0.339561 -0.597268 -0.620599 0.583911 -0.212251 -1.51656 0.432463 0.563661
181 0.110881 0.502526 0.197923 -0.0449264 0.249345 0.155693 1.59905 0.681881 -0.192747 -0.916552 -0.893436 0.599309 0.951342 -0.793987 -0.129647 0.802843
269 1.32687 1.0523 0.718847 0.364442 0.88253 -0.49583 0.363368 0.799646 -0.572294 -1.319 0.0457565 1.31063 1.0596 -0.0882739 0.666685 0.688559
32 1.38254 0.106201 -0.635879 -0.318182 0.435446 -0.48167 1.61068 -0.167536 -0.466543 0.296975 -0.0286547 0.882281 0.819906 -1.28079 0.962197 -0.447272
30 1.0797 0.158566 -0.697965 -0.34678 0.765185 -0.484708 1.79881 -0.233755 -0.58406 0.26368 -0.0236784 0.828235 0.736411 -1.10757 0.959308 -0.391863
31 1.23359 0.109323 -0.626346 -0.29371 0.567315 -0.454336 1.60214 -0.0981225 -0.482352 0.277688 0.0462727 0.782435 0.84803 -1.23902 0.884713 -0.452596
174 0.165457 0.410984 0.449946 0.0346537 -0.267529 -0.0518415 2.21134 0.368285 0.162572 -1.10516 -0.319541 0.637198 0.616332 -1.18524 -0.293482 0.258564
175 0.221555 0.446291 0.458903 -0.00773199 0.0518001 0.0251687 2.04503 0.479477 -0.00116244 -1.00177 -0.499441 0.438299 0.560591 -0.914165 -0.155849 0.336758
56 0.786896 0.943129 -0.0829781 -0.421378 0.896389 0.656655 1.40039 0.200811 -1.42189 -1.02456 0.346567 0.639713 0.539752 -0.501902 1.26793 -0.226277
272 1.48395 1.3042 0.592051 0.282246 0.914242 -0.647341 0.520448 1.01608 -0.536299 -1.33927 0.109597 1.14095 0.9409 -0.192899 0.470012 0.431416
281 1.13076 1.34372 -0.126926 0.15745 0.262278 -1.05009 1.09771 1.36427 -0.731067 -1.16192 0.0888598 0.665017 0.485391 -0.503206 -0.22782 -0.544228
125 0.238046 0.943664 0.932282 -1.11517 0.745336 -0.813166 0.182942 1.19938 -1.12947 -0.373662 1.26461 0.935545 0.295791 -0.909622 0.560361 0.726629
124 0.201878 0.805307 0.735435 -0.890057 0.672524 -0.766548 0.335995 0.986617 -0.965321 -0.279418 1.05875 0.771952 0.222462 -0.637016 0.412454 0.615457
123 0.238987 0.947053 0.807487 -0.963047 0.767192 -0.83798 0.461472 1.06515 -1.01827 -0.244912 1.11167 0.836899 0.200875 -0.584088 0.485973 0.711944
293 -0.150191 0.673437 -0.123724 0.368535 1.479 -1.32277 0.625814 1.08856 -0.787647 -0.161211 -0.463812 1.65235 0.192989 -0.687361 -0.468768 0.442124
294 0.170167 0.775185 0.0914226 0.277483 1.45123 -1.11416 0.530444 1.1001 -0.733189 -0.0458861 -0.00980464 1.60421 0.451216 -0.685171 -0.684017 0.123464
292 -0.304963 0.510256 -0.0467281 0.334492 1.33607 -1.14403 0.654977 1.01663 -0.634143 -0.10911 -0.561576 1.37287 0.0272688 -0.599255 -0.348782 0.509539
291 -0.215074 0.622016 -0.105737 0.309929 1.4856 -1.20114 0.731372 1.11216 -0.671536 -0.235346 -0.6007 1.45325 0.0535409 -0.608373 -0.25511 0.540526
271 1.39415 1.1576 0.552343 0.310693 0.800259 -0.487397 0.311362 0.885994 -0.482931 -1.22208 0.09762 1.08036 0.959143 -0.0506733 0.544635 0.532575
270 1.45059 1.21325 0.626286 0.280782 0.86636 -0.497446 0.382546 0.914035 -0.522082 -1.32843 0.0918975 1.2398 1.00528 -0.111804 0.660936 0.598815
247 0.391621 0.220299 0.188333 -0.726975 1.72715 -0.177929 0.801389 1.08314 0.285803 -0.452059 0.31268 0.418867 1.13541 -0.834559 0.554486 0.637978
16 -0.465636 0.564916 0.564981 -1.13475 1.53265 -0.823771 1.74331 0.533333 -0.406711 -0.816024 0.497798 0.921718 0.120689 -0.541062 0.0793473 0.0203864
217 0.774471 0.163904 -0.0166495 0.724408 0.422751 0.0596301 0.670174 0.470195 -0.466362 -1.46167 -0.335251 0.640522 -0.146997 -1.69466 0.831393 0.0640562
176 0.216723 0.488833 0.50171 0.119403 0.106162 0.0303121 2.33105 0.498437 -0.0399694 -1.19463 -0.733193 0.496744 0.61487 -1.06778 -0.213409 0.505117
