300 16
208 -0.318872 -0.641108 0.680678 0.00739881 -0.872398 0.743275 0.537967 0.202404 -1.32144 0.0566992 0.204437 -0.425922 0.144058 -0.298247 0.0286133 1.51207
207 -0.364465 -0.768748 0.841534 -0.0117264 -1.03395 0.834684 0.628989 0.245532 -1.66218 0.0500435 0.289923 -0.482439 0.190316 -0.422038 -0.0440717 1.86354
209 -0.323482 -0.896374 0.768153 0.156753 -1.01166 0.934016 0.672903 0.256196 -1.35107 0.109342 0.176002 -0.66447 0.18725 -0.395877 0.11466 1.79817
210 -0.307979 -1.00612 0.629732 0.482046 -1.02798 0.973913 0.738498 0.217134 -0.854967 0.145552 0.00172446 -0.734985 0.171384 -0.392071 0.301778 1.59457
212 -0.181871 -0.976239 0.291806 0.788323 -1.03782 0.992183 0.783369 0.077956 -0.472453 0.261463 -0.320567 -0.655419 0.216673 -0.597803 0.481959 1.51417
211 -0.175966 -0.837942 0.34521 0.608053 -0.924052 0.862816 0.697883 0.120463 -0.596594 0.216711 -0.165873 -0.613965 0.21017 -0.427059 0.353657 1.33633
213 -0.017279 -0.974736 -0.00946236 1.13227 -1.11348 1.02874 0.803898 0.024912 -0.149409 0.258384 -0.617186 -0.674524 0.24513 -0.796419 0.625917 1.51136
215 0.110661 -0.948603 -0.201077 1.31632 -1.21654 1.03141 0.828471 0.0467996 0.0432217 0.175528 -0.78246 -0.527702 0.272495 -1.07763 0.608181 1.66146
204 -0.400813 -0.620239 0.574534 -0.0410728 -1.09931 0.562152 0.164648 0.181187 -1.93571 -0.0929741 0.569488 -0.378918 0.17458 -0.843489 -0.355103 1.70775
203 -0.402626 -0.45312 0.177472 0.119802 -1.03414 0.432474 -0.189452 0.0781009 -1.86658 -0.045963 0.565628 -0.336197 0.22214 -1.07432 -0.375902 1.61637
201 -0.443371 -0.296895 -0.0608464 0.28054 -1.03964 0.322732 -0.520305 0.0403265 -1.90814 -0.150013 0.581414 -0.25941 0.432264 -1.28895 -0.348052 1.61212
200 -0.416458 -0.121994 -0.29031 0.524481 -0.855873 0.157189 -0.912626 -0.058825 -2.02445 -0.193914 0.524475 -0.126768 0.715798 -1.42328 -0.23776 1.68076
199 -0.29207 -0.0688414 -0.317762 0.537603 -0.594309 0.0241229 -0.878718 -0.0611561 -1.60361 -0.211792 0.400428 -0.0623805 0.706032 -1.09276 -0.248195 1.30728
198 -0.171518 -0.186144 -0.300734 0.564079 -0.589972 0.00294709 -1.11211 -0.0166963 -1.89685 -0.273522 0.520711 0.00647688 0.904527 -1.30684 -0.225131 1.46986
197 0.247679 -0.255002 -0.435784 0.705359 -0.337447 -0.105619 -1.15143 -0.0589815 -1.77296 -0.172253 0.399691 0.210812 1.12888 -1.07729 -0.0351208 1.62647
196 0.403928 -0.323918 -0.391744 0.5681 -0.139777 -0.139786 -1.05978 -0.0574688 -1.52571 -0.0753414 0.324498 0.272524 1.12021 -0.924331 0.00747666 1.46437
160 0.269992 -0.152546 0.280995 -0.264562 -1.40013 0.42566 0.761161 -0.682875 -0.885789 0.0760683 -0.939931 -0.205023 0.775593 -1.07839 0.915984 0.977797
161 0.304955 -0.171413 0.163049 -0.236729 -1.34886 0.467852 0.730842 -0.692811 -1.09035 0.0929404 -0.943488 -0.127157 0.793002 -1.08139 0.971597 1.0871
162 0.353102 -0.0834599 -0.00122548 -0.347727 -1.11691 0.343274 0.707244 -0.574076 -1.02924 0.193781 -0.809074 -0.231178 0.516944 -1.16726 1.12673 1.09944
163 0.319689 0.103898 -0.127486 -0.34912 -0.821205 0.28472 0.625384 -0.501637 -0.983396 0.279684 -0.673868 -0.216972 0.320584 -1.03843 1.04904 0.996215
236 0.384879 -0.389755 0.681321 0.75073 -1.11551 -0.168647 -0.162079 -1.05673 -0.620118 0.505697 -1.14529 1.13283 -0.297946 -1.0337 -0.567568 1.72889
234 0.38136 -0.503363 0.626636 0.556164 -0.909325 -0.359194 -0.366329 -1.05777 -0.671094 0.469632 -0.925181 1.1127 -0.297469 -1.10401 -0.326377 1.66837
235 0.401287 -0.341147 0.659392 0.685632 -0.937832 -0.156445 -0.166545 -0.993891 -0.601848 0.472249 -1.06421 1.07623 -0.312475 -0.958072 -0.506007 1.43968
237 0.149517 -0.376955 0.653629 0.603711 -1.09172 -0.00533007 -0.138018 -1.0395 -0.438095 0.422512 -1.34099 1.17514 -0.258147 -0.887431 -0.692462 1.77036
239 0.0523417 -0.302024 0.563468 0.498106 -1.09544 0.13835 -0.0566236 -0.886123 -0.285264 0.367598 -1.34754 1.0846 -0.133369 -0.738765 -0.630835 1.8216
240 0.0751569 -0.341638 0.444731 0.40816 -1.02429 0.269291 -0.0130856 -0.611971 -0.17075 0.372229 -1.20795 1.04222 -0.113875 -0.289012 -0.408608 1.78861
102 0.450036 0.615532 0.567234 -1.04829 -0.161814 0.0789901 -0.252255 0.202887 -0.652325 -0.0658274 -0.555351 0.601332 1.35551 -0.839194 -0.684896 2.09005
104 0.280373 0.604849 0.525696 -0.922987 -0.138792 -0.210163 -0.0596139 0.0613501 -0.719494 0.0123727 -0.662616 0.569077 1.45774 -0.556881 -0.375487 1.9838
101 0.509833 0.54956 0.369933 -1.04918 -0.361056 0.254148 -0.354107 0.460121 -0.731833 -0.174311 -0.4987 0.536405 1.14202 -0.970652 -0.811499 1.94431
99 0.558795 0.469707 0.250072 -0.892477 -0.534559 0.411858 -0.377742 0.581134 -0.751625 -0.132732 -0.500611 0.569762 0.997728 -1.15245 -0.86123 1.85438
98 0.583736 0.459687 0.139601 -0.774794 -0.65017 0.53537 -0.396924 0.723893 -0.922909 -0.132674 -0.561855 0.482025 0.892788 -1.0739 -0.798756 1.6702
100 0.484923 0.395094 0.327969 -0.854252 -0.418425 0.272731 -0.359029 0.464246 -0.620059 -0.153514 -0.370575 0.510592 0.91103 -0.95994 -0.731272 1.68206
77 -0.177026 0.396815 -0.435614 0.70718 -0.150371 0.701518 0.27192 0.742449 -1.29456 0.453724 -1.29518 -0.0514923 0.0148224 -0.182865 -0.404463 1.48976
75 0.0471949 0.566585 -0.313205 0.559533 -0.1302 0.577918 0.413676 0.463337 -1.0871 0.686266 -1.35382 -0.142116 0.148861 -0.0603842 -0.528106 1.5744
74 0.419625 0.76519 -0.119752 0.195267 -0.260374 0.324489 0.721573 -0.0964255 -0.807617 1.00678 -1.32069 -0.16343 0.452227 -0.112006 -0.609659 1.92116
72 0.532303 0.938038 -0.11257 0.160415 -0.179354 0.333635 0.90805 -0.178695 -0.728254 1.20101 -1.53291 -0.180248 0.573032 -0.0666506 -0.803747 1.96913
73 0.440552 0.793793 -0.161318 0.14011 -0.178639 0.283184 0.765721 -0.130907 -0.647569 0.930467 -1.36397 -0.18398 0.42855 -0.072833 -0.595477 1.87404
287 -0.648991 -0.613983 -0.203954 -0.182252 -0.702215 1.24495 -0.287724 0.61223 -0.595041 1.42422 -0.12588 0.83717 0.374967 -1.34231 -0.219678 1.21414
286 -0.679107 -0.494811 -0.193381 -0.157283 -0.605495 1.05265 -0.177497 0.573051 -0.472419 1.26661 -0.157065 0.738987 0.319836 -1.16937 -0.194717 1.11165
288 -0.503861 -0.518158 -0.304722 -0.141381 -0.899768 1.17639 -0.328187 0.600385 -0.583919 1.57178 -0.176855 0.690138 0.213294 -1.3226 -0.368706 1.33241
289 -0.365193 -0.515308 -0.320474 -0.104513 -0.80717 1.10131 -0.301136 0.571437 -0.521328 1.50576 -0.179057 0.571813 0.133036 -1.17558 -0.398317 1.20292
285 -0.802091 -0.602381 -0.160074 -0.282394 -0.519802 1.25702 -0.137818 0.652225 -0.709738 1.27401 -0.147442 1.13954 0.578306 -1.32241 -0.0790866 1.33101
151 -0.670401 0.665396 0.267906 0.473038 -0.434504 0.436126 0.534412 -0.156688 -0.493733 -0.218691 -0.168701 0.192755 -0.125038 -0.625187 -1.11575 2.05961
150 -0.676472 0.613982 0.165493 0.48077 -0.472191 0.437285 0.577914 -0.113148 -0.479686 -0.225929 -0.179843 0.172704 -0.173301 -0.648003 -1.20212 2.31159
149 -0.494474 0.476087 -0.147636 0.5137 -0.491056 0.395816 0.486613 0.0211365 -0.186571 -0.302606 -0.079212 0.178911 -0.323198 -0.485751 -1.33277 2.58948
147 -0.397581 0.358104 -0.307786 0.476882 -0.531754 0.376983 0.345516 0.0660478 -0.00635248 -0.321128 0.0467026 0.156817 -0.351778 -0.259282 -1.24642 2.72614
146 -0.353854 0.186049 -0.483962 0.341356 -0.625507 0.366434 0.170596 0.112854 0.00559374 -0.263084 0.064353 0.223388 -0.213437 -0.0215258 -1.02409 2.6967
144 -0.366341 0.172746 -0.362664 0.398073 -0.782324 0.375162 0.0397541 0.0648313 0.0526497 -0.279649 0.176578 0.303786 -0.0593037 0.337286 -0.740096 2.58711
145 -0.329658 0.165382 -0.41988 0.325714 -0.61915 0.348557 0.11221 0.108173 0.0576404 -0.239781 0.136691 0.198445 -0.203647 0.124499 -0.838356 2.40741
129 0.00975697 0.774318 0.294795 0.471034 -1.47425 0.243007 -0.0473948 -0.691046 -0.0544685 -0.0389431 0.485105 0.96017 0.711711 -0.8644 0.342045 1.86619
130 -0.0183395 0.662774 0.249319 0.422712 -1.37468 0.255689 -0.0970007 -0.59169 -0.0978997 -0.0127545 0.458776 0.905011 0.690957 -0.771981 0.337924 1.76014
131 -0.189701 0.757349 0.298889 0.426509 -1.4814 0.324163 -0.150695 -0.628232 -0.238695 -0.0306641 0.403758 0.890438 0.678076 -0.47267 0.423636 1.65009
78 -0.394585 0.121409 -0.532256 0.987656 -0.181422 0.943041 -0.0222695 1.01374 -1.53219 0.209389 -1.23757 -0.0158837 -0.188584 -0.300225 -0.290373 1.58084
80 -0.502981 0.0408769 -0.564664 1.09319 -0.122522 1.03476 -0.106203 1.12385 -1.57338 0.226676 -1.18789 -0.0468047 -0.198883 -0.305002 -0.211577 1.77937
81 -0.424898 0.097166 -0.609059 1.12001 -0.183928 1.08042 -0.310422 1.04381 -1.3776 0.321068 -1.10467 -0.259369 -0.220823 -0.271995 -0.0625421 1.80373
79 -0.377496 0.0244449 -0.514468 0.90406 -0.190754 0.913656 -0.107366 0.972742 -1.4272 0.0947486 -1.03346 -0.0202071 -0.18026 -0.288746 -0.158674 1.44172
76 -0.00146277 0.332212 -0.304579 0.507516 -0.22802 0.536615 0.28723 0.419088 -0.998125 0.509823 -0.999748 -0.00460061 0.126968 -0.18943 -0.290227 1.39889
187 0.67321 -0.0820269 -0.954416 1.07571 -0.103431 -0.0299101 0.114089 -0.179857 -1.08573 -0.195551 -0.394261 0.822536 1.18707 -0.469995 0.342671 1.1162
186 0.65548 -0.0483216 -1.08451 1.24827 -0.050274 -0.0303794 0.145996 -0.256488 -1.11295 -0.244058 -0.46664 0.997024 1.25309 -0.548682 0.376513 1.3672
188 0.920948 -0.145601 -1.06344 1.13831 -0.266502 -0.00232762 0.116148 -0.261914 -1.35319 -0.157773 -0.435017 0.916962 1.34117 -0.549403 0.356522 1.17132
185 0.399444 0.0191763 -1.05874 1.2913 0.0702644 -0.0165795 0.225452 -0.159619 -0.854149 -0.350695 -0.522599 1.08452 1.01454 -0.438691 0.411828 1.46449
183 0.333933 0.0495114 -1.05828 1.3789 0.207888 0.0300903 0.269708 -0.0583575 -0.691417 -0.413521 -0.517185 1.17122 0.85585 -0.317343 0.401525 1.58714
182 0.326096 0.147395 -1.06346 1.48106 0.189298 0.173346 0.446657 0.0592733 -0.505729 -0.38333 -0.666572 1.43463 0.605503 -0.22061 0.635381 1.88305
181 0.295946 0.154085 -0.8437 1.21424 0.133832 0.161801 0.31736 0.0350049 -0.460223 -0.25544 -0.559651 1.17738 0.518649 -0.213428 0.438776 1.52749
180 0.309752 0.176712 -1.0003 1.4722 0.194026 0.168736 0.43224 0.0867717 -0.488442 -0.373516 -0.590188 1.45521 0.583125 -0.260764 0.638145 1.83865
184 0.282573 -0.0232015 -1.00674 1.19501 0.104389 -0.0222632 0.293971 -0.168439 -0.710728 -0.306993 -0.489409 0.993338 0.917457 -0.446518 0.381324 1.48354
115 -0.318624 0.12426 -0.0902953 -0.265774 -0.305515 -0.355263 0.820914 0.63614 -0.812173 -0.441824 -0.444999 0.267291 0.806681 -0.46736 0.698061 1.50524
114 -0.468306 0.153089 -0.0886917 -0.306178 -0.386098 -0.515434 0.962228 0.674718 -0.957702 -0.519891 -0.612639 0.334998 0.996305 -0.663229 0.890767 1.79825
113 -0.557637 0.245001 -0.0753266 -0.28998 -0.338696 -0.599026 0.965706 0.495172 -0.951462 -0.352918 -0.799756 0.388435 1.15177 -0.553324 0.89793 1.87591
112 -0.419672 0.2444 -0.0112688 -0.280782 -0.240148 -0.528611 0.677235 0.271026 -0.776016 -0.251532 -0.696168 0.318067 0.926535 -0.453772 0.699205 1.43584
2 0.542899 -0.220723 -0.856369 0.00227825 -0.887462 0.881712 0.962555 0.903265 0.0856523 0.71977 0.625473 0.0240251 0.668416 -0.236357 -0.163325 2.18714
3 0.419173 -0.0933857 -0.879115 -0.119221 -0.87072 0.939991 0.965828 0.955286 0.315263 0.832367 0.49416 0.123356 0.851038 -0.122371 -0.101438 2.08997
5 0.419874 0.00824894 -0.719103 -0.190041 -0.919335 0.986193 0.802897 0.890728 0.427472 0.993884 0.260093 0.276092 1.02489 -0.193325 -0.0596249 2.07126
4 0.369958 -0.0140216 -0.740524 -0.118756 -0.791152 0.909914 0.720134 0.836253 0.369198 0.847657 0.315567 0.257168 0.852683 -0.122294 -0.0768772 1.84029
6 0.341131 0.12296 -0.58239 -0.221201 -0.919851 0.93981 0.569704 0.975831 0.551932 1.19011 0.0244331 0.231091 1.20396 -0.215153 0.136658 2.05823
1 0.537233 -0.300816 -0.785313 0.0356145 -0.804064 0.679971 0.963541 0.85219 0.020392 0.593228 0.63394 -0.0908874 0.555777 -0.233487 -0.0932549 1.9419
0 0.573474 -0.293865 -0.808246 0.0741157 -0.821533 0.680277 1.03854 0.876799 -0.0429615 0.681668 0.737692 -0.0772028 0.597452 -0.275004 -0.142681 2.32357
225 0.201091 -0.642744 -0.407078 -0.102626 0.110044 -0.536814 -0.718683 -0.56078 -0.00733745 0.193892 -0.168177 0.704526 -0.212073 -1.14818 0.873899 2.45221
224 0.0812635 -0.320282 -0.538935 0.194629 0.23949 -0.181868 -0.366489 -0.275867 0.371718 -0.17478 -0.421784 0.54762 -0.0627481 -1.17671 0.751206 2.47972
223 0.0317732 -0.22898 -0.505543 0.225937 0.274827 -0.114807 -0.222587 -0.17463 0.3344 -0.177308 -0.376007 0.499421 -0.0523049 -1.02562 0.63381 2.22117
222 0.0730746 -0.372249 -0.651104 0.427401 0.207239 -0.0156818 -0.213922 -0.212656 0.503312 -0.282949 -0.639355 0.504205 -0.0528333 -1.29821 0.794104 2.60778
202 -0.322676 -0.290713 0.0424081 0.181334 -0.818758 0.2845 -0.305252 0.0597107 -1.48383 -0.0400534 0.465664 -0.282765 0.243623 -0.999867 -0.289565 1.2214
10 0.509704 0.0674949 -0.123225 0.0136215 -0.784567 0.462454 0.208765 0.96387 0.345889 0.951287 -0.562871 0.00778192 1.22569 -0.447381 0.65816 1.51246
9 0.50089 0.143116 -0.156555 -0.0113163 -0.867038 0.577478 0.297012 1.01078 0.408691 1.16464 -0.453925 0.006543 1.34366 -0.414275 0.593333 1.67854
11 0.621986 0.0185888 -0.0211515 0.0922551 -0.916293 0.439433 0.202167 1.0551 0.28236 1.09154 -0.763362 -0.0357944 1.40915 -0.476904 0.764659 1.53871
12 0.717359 -0.00605982 0.0175033 0.284491 -1.00982 0.185712 0.124492 0.99084 0.194752 1.06046 -1.04206 -0.0779923 1.43052 -0.44762 0.982514 1.61094
13 0.690384 -0.0597232 0.0572342 0.395588 -1.00719 0.111495 0.0932502 0.908352 0.0553803 0.899447 -1.0677 -0.152636 1.33542 -0.411751 0.93073 1.46182
14 0.708478 -0.109431 -0.00550158 0.418964 -1.22035 0.110259 0.117216 0.875266 -0.00460996 0.972144 -1.18703 -0.0746771 1.32551 -0.392356 0.971444 1.46429
238 0.0758202 -0.285314 0.553998 0.528386 -1.00299 0.0102381 -0.116794 -0.904341 -0.241883 0.369484 -1.23034 1.0025 -0.200166 -0.785157 -0.604021 1.62059
242 0.0866189 -0.402526 0.388075 0.391631 -0.855916 0.46972 -0.0274312 -0.315378 0.0213415 0.401276 -1.2822 1.09731 -0.0592606 0.228628 -0.203003 1.82398
243 0.188813 -0.538812 0.358278 0.250808 -0.769645 0.762541 0.0219609 0.0457356 -0.0412413 0.397048 -1.46066 1.1926 -0.0464004 0.634471 -0.0566132 1.9572
241 0.0828996 -0.261534 0.161791 0.363034 -0.830627 0.330864 -0.0166071 -0.282444 -0.223155 0.331506 -0.877496 0.807634 0.00444843 -0.079913 -0.125049 1.51281
245 0.251062 -0.58712 0.310853 0.159415 -0.749738 0.903093 0.170879 0.18593 -0.205879 0.364852 -1.37993 1.16007 -0.0311975 0.683581 -0.0430595 1.9709
246 0.36951 -0.737729 0.273463 0.121114 -0.777237 1.02776 0.253083 0.293674 -0.445589 0.440867 -1.45933 1.15889 -0.129015 0.674711 -0.084768 1.74548
248 0.530572 -0.809188 0.231302 0.120795 -0.860487 1.12034 0.461301 0.35681 -0.890107 0.530131 -1.43336 1.08379 -0.133579 0.575303 -0.243274 1.51183
148 -0.358614 0.31197 -0.172356 0.443904 -0.450579 0.365455 0.424935 0.0732974 -0.0780176 -0.252175 -0.00441369 0.0913537 -0.325962 -0.332432 -1.18272 2.42413
263 -0.111213 -0.861747 -0.851577 0.781289 -0.971126 -0.102999 0.986938 -0.320927 -1.30067 -0.22661 -0.438408 0.400844 0.345533 -0.438908 -0.364063 1.27072
261 -0.253684 -0.875202 -0.762503 0.664265 -0.895057 -0.0258026 1.08572 -0.571538 -1.21044 -0.231981 -0.531002 0.54284 0.287152 -0.420756 -0.278563 1.263
260 -0.596573 -0.605523 -0.545829 0.472292 -0.856911 0.115096 1.14501 -0.933877 -1.35201 0.0330072 -0.681991 0.800439 0.36369 -0.548608 -0.14273 1.12031
259 -0.581731 -0.516558 -0.415339 0.370247 -0.732817 0.137109 1.05056 -0.929402 -1.26038 0.166937 -0.660174 0.788293 0.315876 -0.535765 -0.0708849 1.05433
262 -0.192275 -0.704029 -0.626877 0.597093 -0.789756 -0.0389933 0.821102 -0.412717 -1.02069 -0.145036 -0.418568 0.393798 0.288327 -0.402639 -0.238784 1.01175
58 0.217039 0.0684923 -0.921646 0.242395 -0.45547 0.987974 -0.0227805 -0.607169 -0.932883 0.978193 -0.427667 0.529024 0.484454 -0.442217 0.0118622 0.992022
59 0.099595 0.209398 -1.27222 0.223216 -0.373121 0.975765 -0.162416 -0.767716 -1.11216 1.18702 -0.692038 0.534089 0.63874 -0.613118 0.00238827 0.987451
60 -0.11383 0.331677 -1.40728 0.107186 -0.370423 0.966944 -0.300589 -0.782963 -1.15283 1.11905 -0.911374 0.514324 0.767377 -0.793568 -0.0133195 0.935206
62 -0.177595 0.452378 -1.47147 0.095237 -0.217837 0.893097 -0.320442 -0.828535 -1.09381 1.15541 -1.13227 0.503262 0.871668 -0.810674 -0.0804493 1.0782
61 -0.122266 0.366522 -1.23548 0.0739858 -0.27181 0.823353 -0.2845 -0.724248 -0.992326 1.02483 -0.875427 0.397006 0.684821 -0.67223 -0.041111 0.867525
108 -0.364743 0.645151 0.246418 -0.51478 -0.280509 -0.658204 0.58125 -0.0939746 -0.914234 0.125011 -1.00153 0.570621 1.74502 -0.144502 0.519896 2.01306
109 -0.390469 0.573735 0.285338 -0.411648 -0.18754 -0.651359 0.566423 -0.0860635 -0.734755 0.0615072 -0.884993 0.488981 1.49379 -0.112817 0.50769 1.63445
110 -0.479528 0.59185 0.208992 -0.446977 -0.201138 -0.727346 0.713686 -0.0123097 -0.936519 0.0135597 -1.01947 0.485083 1.53283 -0.246565 0.626969 1.80757
111 -0.551854 0.369926 -0.00616687 -0.335931 -0.28082 -0.709839 0.832129 0.311978 -0.932432 -0.235293 -0.887431 0.426257 1.25862 -0.447972 0.856471 1.77761
88 0.30647 0.190592 -0.428519 0.697797 -0.563409 1.00652 -0.726921 -0.097635 -0.800541 0.445167 -0.781035 -1.19568 0.59591 -0.295199 0.0326958 1.86379
87 0.299525 0.198302 -0.456871 0.784894 -0.610219 1.11432 -0.677757 0.00493048 -0.918792 0.474267 -0.834231 -1.22943 0.577664 -0.270804 -0.0168429 2.0819
89 0.348213 0.171789 -0.444793 0.683688 -0.653639 1.03629 -0.64131 0.0391801 -0.936731 0.443297 -0.828312 -1.15225 0.596139 -0.282307 -0.00376958 1.87878
90 0.340781 0.1605 -0.397474 0.503132 -0.570464 0.865275 -0.430283 0.101931 -0.958117 0.403499 -0.728267 -0.739298 0.539974 -0.380001 -0.0153634 1.55883
269 0.0128721 -0.787035 -1.154 1.16645 -0.920026 -0.722429 0.79776 0.00338104 -1.25621 0.369756 -0.32022 -0.219303 0.295717 -0.834957 -0.251651 1.4877
268 -0.0238611 -0.802024 -0.877223 1.02515 -0.832714 -0.590294 0.673275 0.041827 -1.12236 0.195789 -0.260227 -0.176137 0.341559 -0.703944 -0.304851 1.2537
267 0.066929 -0.935 -1.14152 1.23292 -0.921437 -0.730369 0.850132 0.0596009 -1.38859 0.15826 -0.270717 -0.134413 0.365095 -0.789376 -0.429806 1.54921
266 0.107361 -1.04667 -0.981575 1.14894 -0.90271 -0.551553 0.925166 0.0840072 -1.34948 -0.170582 -0.314408 0.052505 0.491752 -0.628216 -0.625062 1.54578
270 -0.00712386 -0.576705 -1.16402 1.09805 -1.04199 -0.611255 0.752891 -0.0471387 -1.26537 0.553387 -0.358324 -0.13282 0.0672044 -0.822491 -0.0297444 1.40169
271 -0.0392812 -0.404676 -0.980986 0.789814 -0.993681 -0.419149 0.625288 -0.0664135 -1.08057 0.564231 -0.329434 -0.0105197 0.0576872 -0.595382 0.0902834 1.15416
272 -0.0423719 -0.379269 -1.23382 0.921034 -1.17586 -0.470859 0.759055 -0.125764 -1.19959 0.773553 -0.290329 -0.00578521 -0.105526 -0.700005 0.237921 1.2773
273 -0.0926231 -0.239499 -1.3975 0.736496 -1.36966 -0.394067 0.691637 -0.149335 -1.34141 1.12918 -0.352007 0.313933 -0.368233 -0.628651 0.493694 1.30189
118 0.15692 -0.21342 -0.104568 0.0713707 -0.687773 0.017842 1.01671 0.517371 -0.359819 -0.5096 0.072373 0.112308 0.48773 -0.786107 0.435961 1.61408
119 0.245554 -0.213669 0.0246852 0.217591 -0.902657 0.0790452 1.15881 0.52442 -0.255098 -0.572934 0.113947 0.152581 0.469938 -0.891455 0.395043 1.7344
117 0.00280065 -0.146417 -0.076308 -0.0737697 -0.620849 -0.111822 1.05088 0.66726 -0.461242 -0.59447 -0.013539 0.144172 0.550059 -0.732452 0.548094 1.61101
120 0.455882 -0.22501 0.0587722 0.407351 -1.14516 0.120134 1.13586 0.323129 -0.0458793 -0.56287 0.379449 0.225585 0.359015 -0.996012 0.294557 1.78561
121 0.404175 -0.169466 0.0106959 0.42684 -1.02215 0.175125 0.952083 0.290557 -0.0522096 -0.426863 0.250449 0.116534 0.216978 -0.875626 0.209229 1.53995
122 0.507742 -0.112177 0.144339 0.577629 -1.21472 0.155736 1.00996 0.204135 0.0536904 -0.536305 0.347806 0.255211 0.239048 -1.07212 0.245382 1.67656
227 0.27609 -0.657338 -0.311023 -0.11534 -0.148048 -0.576047 -0.758732 -0.653166 -0.204112 0.308995 -0.0671557 0.677286 -0.153155 -1.11351 0.885336 2.36799
226 0.174394 -0.546934 -0.421282 -0.0871666 0.0877932 -0.433207 -0.584953 -0.497714 -0.0649739 0.174509 -0.0910282 0.545892 -0.140964 -1.02012 0.880663 2.14447
228 0.355436 -0.78075 -0.00467628 -0.125211 -0.420419 -0.626745 -0.778713 -0.854039 -0.576091 0.537654 -0.128684 0.709934 -0.168247 -1.06609 0.711083 2.10191
230 0.46116 -0.706218 0.260568 -0.0848716 -0.636337 -0.640821 -0.77451 -0.871138 -0.72426 0.593312 -0.225958 0.83959 -0.137385 -1.16682 0.566393 1.91293
231 0.381501 -0.721848 0.40742 0.119137 -0.769603 -0.59567 -0.667005 -0.999847 -0.782855 0.590442 -0.428696 0.988318 -0.193934 -1.15866 0.260502 1.87694
52 0.77049 -0.157302 -0.714669 0.567374 -0.235088 1.38606 0.403473 -0.803993 -0.677803 1.06508 0.178975 1.02964 0.140112 -0.00123612 0.240396 1.50833
53 0.833924 -0.123534 -0.749493 0.562282 -0.311201 1.51872 0.489028 -0.899554 -0.827921 1.20478 0.217074 1.08401 0.228365 -0.0386881 0.218744 1.65337
51 0.878921 -0.142421 -0.826523 0.482332 -0.213405 1.64197 0.535553 -0.918942 -0.846596 1.07137 0.176145 1.14836 0.263374 0.0181899 0.217404 1.76342
167 0.132778 0.680249 -0.361964 -0.412598 -0.294563 0.293603 0.259116 -0.0939342 -1.20509 0.614678 -0.6801 -0.0129222 -0.299282 -1.39439 1.22589 1.37576
168 0.0607665 0.968775 -0.271756 -0.299387 -0.253193 0.451426 0.0843955 0.112554 -1.09768 0.799782 -0.658369 0.0602443 -0.423038 -1.43288 1.12514 1.54877
165 0.24105 0.449219 -0.271544 -0.466896 -0.482664 0.26417 0.466057 -0.298045 -1.22921 0.448258 -0.730834 -0.121613 -0.121572 -1.34721 1.28191 1.32414
164 0.288037 0.23592 -0.154811 -0.467796 -0.788515 0.282747 0.651255 -0.490196 -1.14506 0.325105 -0.770445 -0.216322 0.193226 -1.26653 1.25069 1.19148
50 0.828365 0.0262601 -0.908544 0.274075 -0.221004 1.7629 0.554799 -0.984563 -0.880264 0.87396 0.160796 1.03256 0.371969 -0.0135292 0.17114 1.90679
48 0.813751 0.0260867 -0.944255 0.195871 -0.223381 1.71274 0.526282 -0.905313 -0.931558 0.753192 0.17297 0.828046 0.429759 -0.0126336 0.289958 1.71897
47 0.746795 0.138787 -0.939863 -0.13895 -0.338543 1.69229 0.595263 -0.799075 -1.12441 0.491801 0.150761 0.423604 0.591167 -0.03579 0.381803 1.48321
49 0.694462 -0.034146 -0.806224 0.252415 -0.106734 1.48009 0.410593 -0.842834 -0.708948 0.744199 0.149934 0.835508 0.339013 0.0284454 0.156913 1.50567
192 1.12875 -0.437479 -0.671295 0.702872 -0.279129 -0.178583 -0.5455 -0.119161 -1.44656 0.0993161 0.0786249 0.555267 1.30351 -0.486591 0.0857537 1.21692
193 0.872386 -0.427011 -0.494341 0.570517 -0.204953 -0.142034 -0.711785 -0.105773 -1.33255 0.0732953 0.186291 0.46349 1.15272 -0.556725 0.093179 1.21466
194 0.899803 -0.475208 -0.504565 0.580504 -0.137681 -0.116017 -0.89 -0.0861017 -1.48067 0.0957199 0.209694 0.480946 1.25242 -0.691763 0.0279401 1.52143
191 1.28694 -0.356839 -0.957519 0.930537 -0.373635 -0.0709588 -0.189245 -0.197319 -1.33047 0.0372194 -0.131862 0.7698 1.3421 -0.492267 0.248805 1.07037
116 -0.271552 0.0229217 -0.134197 -0.204188 -0.470796 -0.328815 0.880206 0.724319 -0.777201 -0.556353 -0.406342 0.263297 0.815323 -0.603091 0.723037 1.64469
27 -0.310486 -0.272545 -0.583043 -0.068231 -1.06358 -0.51333 -0.135811 0.554748 -0.673123 0.889979 -0.270427 0.844615 0.503012 -0.418883 -0.443617 1.40777
29 -0.20112 -0.223135 -0.665234 -0.304322 -0.929244 -0.849699 0.0160546 0.747571 -0.646105 0.962477 -0.186365 1.11828 0.340958 -0.526526 -0.447028 1.7332
30 -0.179268 -0.204096 -0.78106 -0.403527 -0.971326 -0.953907 -0.00595856 0.943811 -0.694109 0.942313 -0.213771 1.26041 0.286946 -0.544483 -0.431506 1.83672
31 -0.13933 -0.226833 -0.678408 -0.368512 -0.875011 -0.879751 -0.0312287 0.854454 -0.525691 0.844207 -0.155321 1.08179 0.2232 -0.463535 -0.37833 1.68122
32 -0.0878536 -0.193236 -0.832708 -0.389978 -0.967553 -1.01615 -0.118175 1.12296 -0.585424 0.817137 -0.308838 1.2688 0.111113 -0.404786 -0.325193 1.88659
107 -0.10699 0.683157 0.421459 -0.645736 -0.170507 -0.512622 0.380576 -0.185836 -0.878898 0.210213 -0.895669 0.562757 1.78768 -0.178607 0.180683 2.13561
105 0.0855235 0.640903 0.456801 -0.728025 -0.156807 -0.351571 0.231244 -0.114223 -0.826019 0.163309 -0.830773 0.517884 1.73349 -0.256444 -0.0194488 2.0619
103 0.320943 0.517633 0.509022 -0.877724 -0.0927003 -0.090575 -0.155941 0.119593 -0.582313 -0.0202267 -0.519929 0.495869 1.22906 -0.589494 -0.459535 1.8809
265 0.13519 -0.897622 -0.854881 0.924365 -0.868757 -0.344019 0.776968 0.0698715 -1.18225 -0.184652 -0.301598 0.139195 0.408164 -0.448238 -0.536731 1.3683
264 0.0912311 -1.0434 -1.00923 1.00771 -0.964257 -0.377101 0.918621 -0.0205295 -1.27935 -0.297889 -0.318684 0.174607 0.38975 -0.475393 -0.546327 1.44049
189 1.31271 -0.213924 -1.06244 1.10379 -0.421577 -0.0900324 -0.0288354 -0.243466 -1.41409 -0.00980255 -0.323213 0.82997 1.41556 -0.445168 0.327083 1.007
190 1.0349 -0.295757 -0.762527 0.725046 -0.397172 -0.0531623 -0.0662116 -0.174058 -1.18742 0.0958043 -0.177222 0.587195 1.0596 -0.408028 0.194413 0.877575
292 0.0441083 -0.201474 -0.305876 0.0262427 -1.09174 0.728176 -0.0924365 0.417412 -0.503699 1.17332 0.0642208 0.359051 0.179527 -0.868328 -0.279469 1.31381
293 0.128573 -0.194189 -0.352259 0.109592 -1.12821 0.717047 -0.00519193 0.428223 -0.517625 1.09057 0.0884006 0.330883 0.233152 -0.869654 -0.271651 1.50972
291 -0.0562939 -0.299461 -0.30313 -0.0347753 -1.09197 0.842271 -0.220825 0.425388 -0.465307 1.31853 0.0471823 0.469025 0.139598 -1.05619 -0.367823 1.30198
290 -0.314492 -0.511992 -0.29914 -0.0844031 -0.973456 1.12559 -0.300981 0.616662 -0.578494 1.52231 -0.224659 0.60892 0.170446 -1.23168 -0.339672 1.50609
86 0.209914 0.207252 -0.422508 0.846907 -0.594592 1.0899 -0.598976 0.207163 -0.994563 0.552751 -0.923161 -1.15569 0.313161 -0.146836 -0.0894475 1.91117
84 -0.0135726 0.10947 -0.522273 1.0476 -0.456914 1.07378 -0.495281 0.565941 -1.11202 0.545403 -0.971739 -0.877305 0.171663 -0.219719 -0.00992742 1.86739
83 -0.21571 0.175447 -0.575634 1.07252 -0.187787 1.07672 -0.442855 0.822272 -1.22437 0.480017 -1.03462 -0.647378 -0.104628 -0.184219 0.00613344 1.82935
82 -0.352476 0.138348 -0.475166 1.02278 -0.0749289 0.968628 -0.322366 0.897338 -1.16163 0.37911 -0.93819 -0.426234 -0.229707 -0.159509 -0.00151909 1.61276
249 0.508215 -0.759493 0.157294 0.169917 -0.995884 1.04077 0.712894 0.215312 -1.33288 0.747925 -1.29309 0.971487 -0.141693 0.340315 -0.380991 1.10874
250 0.4579 -0.603246 -0.0285425 0.273208 -0.901964 0.782549 0.659636 0.0578321 -1.36705 0.713473 -1.02327 0.796068 -0.100029 0.18628 -0.30639 0.800113
251 0.411265 -0.625298 0.0074045 0.266762 -1.02208 0.878932 0.861164 0.044468 -1.65915 0.825665 -1.24034 0.937639 -0.0473531 0.0996474 -0.456073 0.975963
252 0.147354 -0.39851 -0.0180271 0.419746 -1.00066 0.613916 0.954 -0.222931 -1.90837 0.912555 -0.969841 0.8889 0.139852 -0.38915 -0.535096 0.935699
217 0.173512 -0.536287 -0.392248 1.11357 -0.80853 0.621092 0.498587 -0.0222243 0.277478 -0.0632855 -0.75893 -0.273431 0.195088 -0.980517 0.536934 1.40613
218 0.14263 -0.616492 -0.500146 1.12087 -0.648051 0.639499 0.46718 -0.0813328 0.507939 -0.169694 -0.866445 -0.271859 0.192314 -1.1451 0.598781 1.75227
219 0.156765 -0.421646 -0.610099 0.836056 -0.272766 0.348044 0.192332 -0.105128 0.659477 -0.270719 -0.839259 -0.00670966 0.102776 -1.24922 0.687516 2.0339
221 0.0927851 -0.313186 -0.616041 0.646292 0.0256241 0.152251 0.0949223 -0.141444 0.662958 -0.361553 -0.726818 0.191273 0.0329227 -1.26573 0.652768 2.37411
220 0.0968508 -0.272005 -0.538438 0.705032 -0.0964854 0.232455 0.168519 -0.0859987 0.649768 -0.339323 -0.773985 0.0530947 0.117027 -1.15627 0.583332 1.98315
284 -0.799587 -0.628332 -0.106154 -0.477698 -0.374109 1.08308 -0.0284413 0.605401 -0.877936 1.15103 -0.0284628 1.44287 0.701557 -1.28851 0.0687542 1.3639
283 -0.614497 -0.548106 -0.0896754 -0.45506 -0.281148 0.932788 -0.0460777 0.554041 -0.740571 1.0109 -0.0354873 1.30497 0.612669 -1.11207 0.0361889 1.15492
106 0.0256753 0.601878 0.358515 -0.597396 -0.0868137 -0.371259 0.276132 -0.150109 -0.770401 0.195227 -0.741554 0.46254 1.66529 -0.101059 0.0997188 1.91484
299 0.676316 -0.350614 -0.713655 0.159186 -0.860143 0.529808 0.972236 0.816073 -0.0107947 0.649158 0.729361 -0.155079 0.478172 -0.302034 -0.199298 2.2128
297 0.665562 -0.302605 -0.519381 0.196438 -0.773306 0.436926 0.811594 0.621388 -0.151546 0.679251 0.663404 -0.162683 0.446022 -0.384595 -0.136446 2.10965
296 0.523671 -0.262171 -0.471141 0.278782 -0.933026 0.441586 0.702032 0.540219 -0.243715 0.635074 0.432186 -0.0560728 0.391822 -0.408907 -0.191076 1.89115
294 0.362013 -0.184864 -0.379667 0.199161 -1.05713 0.521678 0.304048 0.356586 -0.37543 0.806204 0.241387 0.203371 0.309312 -0.671287 -0.201006 1.70883
258 -0.675959 -0.539261 -0.378937 0.455332 -0.804167 0.205843 1.22656 -1.09365 -1.46548 0.331681 -0.81812 0.965091 0.404552 -0.731113 -0.19659 1.14208
247 0.454274 -0.689848 0.267984 0.0948169 -0.693491 1.02542 0.307691 0.314913 -0.592567 0.453267 -1.29183 1.04144 -0.0412509 0.536834 -0.0666181 1.49703
170 0.0354598 1.02088 -0.23545 -0.187441 -0.314622 0.596331 -0.0508164 0.272477 -1.0246 0.95615 -0.781405 0.113544 -0.477441 -1.51328 0.981144 1.61515
171 0.0529346 1.06835 -0.171779 0.0312629 -0.258311 0.697479 -0.127417 0.324633 -0.813397 0.947501 -0.829462 0.226403 -0.348504 -1.36676 0.799909 1.61656
169 0.0216712 0.855507 -0.263367 -0.13932 -0.166714 0.509077 -0.0453904 0.134873 -0.995764 0.839862 -0.688918 0.151283 -0.375206 -1.30179 0.931129 1.41167
33 0.074241 -0.087446 -0.84954 -0.246856 -0.902092 -0.712871 -0.120195 1.26523 -0.627253 0.460961 -0.42472 1.1831 -0.148366 -0.305593 -0.151734 1.76652
244 0.108388 -0.432197 0.296262 0.219922 -0.611355 0.623876 0.0258022 0.00892367 -0.021999 0.294797 -1.16458 1.06846 0.0277754 0.573204 -0.00285473 1.77756
85 0.133061 0.130559 -0.454924 0.757267 -0.534449 0.945187 -0.402705 0.31143 -0.886041 0.502026 -0.761303 -0.920312 0.210972 -0.094363 -0.0529456 1.53783
56 0.721625 -0.165624 -0.731602 0.61761 -0.401709 1.34722 0.214568 -0.773303 -0.866585 1.36564 0.0381435 0.96596 0.307616 -0.127928 0.206324 1.46408
55 0.705209 -0.190523 -0.539811 0.532321 -0.334004 1.22767 0.305281 -0.701137 -0.820324 1.24282 0.0574317 0.869125 0.190005 -0.0205943 0.244726 1.29678
57 0.374984 0.0384324 -1.01633 0.331427 -0.425096 1.12513 -0.107846 -0.786733 -0.993767 1.25305 -0.358499 0.665792 0.491875 -0.349804 0.126558 1.14296
295 0.279689 -0.118137 -0.396861 0.289541 -0.958432 0.461 0.358785 0.278835 -0.579419 0.663063 -0.00343298 0.262824 0.393088 -0.596334 -0.0730138 1.79387
214 0.0564283 -0.840014 -0.0639703 1.11797 -1.04554 0.976041 0.694876 -0.0205285 -0.016639 0.20679 -0.633038 -0.523999 0.245417 -0.845696 0.557933 1.34518
216 0.193511 -0.706423 -0.411964 1.2496 -0.992685 0.811775 0.630869 -0.0502728 0.386251 -0.0382762 -0.840976 -0.43157 0.220393 -1.06179 0.700459 1.6011
142 -0.332246 0.0819036 -0.0518001 0.47261 -0.845768 0.471628 -0.161871 0.0509185 -0.2132 -0.350522 0.12674 0.206729 0.179608 0.815344 -0.130717 2.31621
141 -0.294725 0.056823 0.0362228 0.60226 -1.05627 0.583122 -0.192639 0.0121846 -0.410098 -0.37032 0.0641122 0.352499 0.263966 0.979913 0.0881353 2.49837
140 -0.447168 0.183551 0.150619 0.696233 -1.34427 0.739725 -0.215441 0.0841251 -0.808925 -0.324864 0.107276 0.391491 0.321338 1.05427 0.375385 2.16316
139 -0.28802 0.18414 0.195976 0.688581 -1.32695 0.698624 -0.182258 0.0845679 -0.849648 -0.225565 -0.0157008 0.382464 0.32984 0.889131 0.465572 1.91972
138 -0.385672 0.277713 0.245684 0.761795 -1.56851 0.824678 -0.201441 0.0765099 -1.02232 -0.219073 0.016877 0.495414 0.379419 1.02402 0.563177 2.03781
137 -0.35477 0.438137 0.264279 0.702477 -1.55298 0.869061 -0.221332 -0.0931398 -1.04622 -0.187022 0.0364871 0.604688 0.407043 0.843837 0.691221 1.73904
136 -0.366086 0.451114 0.170924 0.646612 -1.502 0.670571 -0.136487 -0.213782 -1.00185 -0.0760595 0.0513942 0.602471 0.43074 0.530224 0.597791 1.46182
128 0.132155 0.708272 0.284765 0.554744 -1.44443 0.204246 0.0829893 -0.646624 0.154483 0.0582888 0.569287 0.899963 0.651498 -1.07405 0.245393 1.81766
132 -0.404475 0.750367 0.21285 0.561398 -1.61292 0.560537 -0.20677 -0.489913 -0.815917 -0.0764946 0.253214 0.824988 0.615394 0.0661169 0.628708 1.60024
166 0.171398 0.5231 -0.333162 -0.358529 -0.327142 0.231103 0.319512 -0.180178 -1.09346 0.515322 -0.537126 -0.055646 -0.200478 -1.15246 1.07495 1.20185
159 0.192169 -0.103426 0.36454 -0.215743 -1.65204 0.529007 0.789622 -0.7139 -1.12595 0.0416455 -1.00794 -0.148657 0.894605 -1.1561 0.901399 1.08276
229 0.330322 -0.554958 0.106666 -0.102166 -0.477758 -0.54026 -0.666356 -0.69748 -0.497829 0.48731 -0.132371 0.682159 -0.101021 -0.903336 0.527883 1.5841
71 0.502879 0.764805 0.0249501 0.409557 -0.392883 0.400437 0.898977 -0.294685 -0.629624 1.4112 -1.32868 -0.302362 0.762638 -0.039048 -0.887011 1.91456
70 0.482969 0.646655 0.0174487 0.373884 -0.29278 0.321659 0.705774 -0.272854 -0.533615 1.26376 -1.07776 -0.260346 0.65597 0.00233985 -0.792111 1.45967
69 0.527347 0.779627 -0.0414952 0.401328 -0.416828 0.364593 0.849868 -0.359268 -0.674249 1.49039 -1.24782 -0.265418 0.762611 -0.0736609 -0.907715 1.65394
64 -0.101905 0.459569 -0.977202 0.102328 -0.257307 0.669115 -0.0466682 -0.554245 -0.818406 0.942516 -1.08087 0.330142 0.773144 -0.565635 -0.264372 1.04733
63 -0.0956592 0.509894 -1.15835 0.155304 -0.32097 0.854369 -0.103026 -0.714433 -0.926497 1.10668 -1.17808 0.364978 0.8367 -0.64656 -0.233619 1.04537
65 0.0275865 0.560749 -0.91798 0.149455 -0.293966 0.674258 0.0386549 -0.598438 -0.833135 1.13476 -1.14822 0.242254 0.84108 -0.441913 -0.398441 1.11416
172 0.0233514 0.94203 -0.060286 0.00385067 -0.276594 0.609551 -0.126314 0.385007 -0.65876 0.844898 -0.755892 0.137056 -0.380693 -1.21062 0.685044 1.30158
173 0.0660753 1.07982 -0.128267 0.0911983 -0.418152 0.722138 -0.155984 0.48442 -0.686164 1.02781 -0.95514 0.238315 -0.395055 -1.38425 0.770217 1.61458
174 0.11788 1.10591 -0.178095 0.273194 -0.318267 0.728349 -0.10684 0.536031 -0.681587 0.868243 -0.999321 0.370249 -0.432576 -1.32567 0.846139 1.60214
23 -0.445955 -0.709154 -0.752043 0.885155 -1.71205 0.29309 -0.627695 0.172508 -0.983923 0.797277 -0.665026 0.647121 0.764142 -0.204501 -0.165827 1.13831
24 -0.493751 -0.645814 -0.731654 0.769419 -1.62783 0.171752 -0.514451 0.225692 -1.03414 0.784556 -0.551651 0.693787 0.8207 -0.191761 -0.283967 1.2396
22 -0.425635 -0.705879 -0.745774 0.844971 -1.64008 0.262043 -0.638291 0.228506 -0.852352 0.699421 -0.623647 0.576459 0.723065 -0.257301 -0.0873333 0.935192
25 -0.470558 -0.550724 -0.59771 0.610684 -1.35692 0.0276545 -0.431688 0.278713 -0.953219 0.756669 -0.361173 0.612953 0.704292 -0.0914593 -0.322225 1.02587
26 -0.510794 -0.583078 -0.653363 0.543319 -1.38717 -0.00513838 -0.458975 0.326442 -0.933004 0.816782 -0.381147 0.658882 0.759545 -0.143091 -0.384705 1.14959
275 -0.070995 -0.260312 -1.34675 0.613859 -1.36373 -0.295719 0.698858 -0.111088 -1.44642 1.20903 -0.273358 0.545478 -0.258535 -0.546842 0.536462 1.18848
15 0.534359 -0.123177 -0.0806929 0.484404 -1.19729 0.0923459 0.032159 0.764893 -0.105514 0.912778 -1.12955 -0.0733414 1.17263 -0.260895 0.819545 1.34357
17 0.300092 -0.29231 -0.243417 0.543683 -1.3778 0.139936 -0.0626201 0.564295 -0.32756 0.912953 -1.00534 0.0737616 1.05827 -0.203483 0.62069 1.13645
16 0.377445 -0.199605 -0.16566 0.446327 -1.14641 0.137457 0.0630579 0.558095 -0.213011 0.814554 -0.880524 0.0440065 0.949614 -0.19056 0.589412 1.13507
38 0.351674 0.144594 -1.17549 -0.279838 -0.82761 0.11071 0.110329 1.22191 -1.07693 0.081162 -0.479951 0.785037 -0.331085 -0.0696149 0.321322 1.534
37 0.304909 0.0889041 -0.96017 -0.165483 -0.745632 0.11037 0.113122 1.0851 -0.923227 0.0338936 -0.472026 0.719877 -0.297716 -0.100621 0.345011 1.42123
36 0.259358 0.0510725 -1.02894 -0.178449 -0.857311 -0.228206 -0.0117875 1.36847 -0.917929 0.131498 -0.677965 1.06318 -0.368291 -0.192045 0.169027 1.77875
39 0.565171 0.281867 -1.10642 -0.423313 -0.84667 0.678416 0.435483 0.620792 -1.43937 0.141446 -0.119374 0.243276 0.107432 0.0788122 0.534132 1.19678
41 0.652086 0.337041 -0.985401 -0.39062 -0.904139 1.1863 0.640909 0.166744 -1.71945 0.384459 0.061646 -0.125027 0.536948 -0.149583 0.662513 1.34716
40 0.516216 0.301178 -0.917463 -0.352744 -0.754801 0.775231 0.463663 0.275456 -1.35434 0.304989 -0.0282584 0.0181231 0.337083 -0.0854708 0.552317 1.14532
153 -0.73443 0.687016 0.506313 0.40876 -0.82905 0.547912 0.783584 -0.268385 -0.675936 -0.331433 -0.383501 0.140524 0.0297378 -0.725953 -0.888913 1.8042
154 -0.531275 0.56626 0.368725 0.361877 -0.861288 0.463055 0.670241 -0.24984 -0.757025 -0.248485 -0.384611 0.128053 0.117484 -0.573357 -0.601996 1.36259
155 -0.619103 0.608535 0.473252 0.333179 -1.13715 0.568248 0.789551 -0.382784 -0.864632 -0.277458 -0.555066 0.174453 0.243475 -0.705505 -0.525141 1.30437
156 -0.363525 0.281776 0.517287 0.166501 -1.59401 0.601776 0.844982 -0.567047 -1.14394 -0.154706 -0.877454 0.205985 0.641586 -0.966684 0.263441 0.987774
282 -0.598175 -0.596649 -0.0859948 -0.509863 -0.212975 0.936813 0.0664681 0.589558 -1.06805 1.00847 -0.00416751 1.51999 0.678677 -1.0304 0.21627 1.24443
281 -0.258376 -0.611177 -0.263634 -0.556155 -0.337624 0.530729 0.336348 0.479857 -1.392 0.911762 0.0931405 1.51111 0.518143 -0.764207 0.357841 1.05002
279 -0.0819957 -0.557385 -0.500119 -0.439358 -0.484856 0.204841 0.542319 0.40625 -1.77294 0.940573 0.104678 1.65202 0.517656 -0.547746 0.556385 1.13868
280 -0.117806 -0.553245 -0.292655 -0.413426 -0.317238 0.299155 0.383529 0.32116 -1.43407 0.685889 0.00666367 1.39726 0.484075 -0.50853 0.359732 0.872016
44 0.666851 0.308398 -0.892452 -0.332845 -0.696503 1.44443 0.666341 -0.318691 -1.49718 0.346801 0.211315 -0.12955 0.741716 -0.156586 0.597129 1.41611
43 0.647303 0.286068 -0.912258 -0.353128 -0.72953 1.23835 0.649991 -0.210109 -1.54804 0.377138 0.226681 -0.154583 0.660734 -0.144685 0.617273 1.26764
42 0.713633 0.343138 -1.01248 -0.396185 -0.911286 1.38618 0.735839 -0.0612644 -1.75136 0.481827 0.188814 -0.135984 0.65265 -0.143554 0.747777 1.44367
232 0.484321 -0.56258 0.514123 0.2385 -0.698217 -0.463173 -0.462509 -0.893263 -0.624045 0.521469 -0.481242 0.897276 -0.178583 -1.01999 0.0893292 1.53821
233 0.520774 -0.601453 0.583965 0.317616 -0.817371 -0.426146 -0.553478 -0.995584 -0.805192 0.560813 -0.64327 1.0722 -0.261397 -1.12498 -0.0244745 1.75789
127 0.22206 0.614008 0.233101 0.515836 -1.29749 0.21624 0.182539 -0.561805 0.238558 0.0213948 0.513088 0.765157 0.566862 -1.08029 0.133822 1.65352
126 0.354647 0.635971 0.26773 0.711524 -1.45263 0.244016 0.338952 -0.539972 0.268187 0.0388592 0.496449 0.764479 0.515686 -1.20201 0.169372 1.7942
125 0.45471 0.399103 0.227035 0.881669 -1.57552 0.213227 0.562839 -0.331996 0.311147 -0.145069 0.578914 0.653421 0.409556 -1.21661 0.223049 1.77534
45 0.713088 0.272536 -0.903258 -0.277649 -0.535509 1.59032 0.671258 -0.512607 -1.35798 0.367444 0.179119 0.0254735 0.697555 -0.0977024 0.566557 1.41789
253 0.0271679 -0.343734 -0.111872 0.403711 -0.942363 0.42222 1.03406 -0.378351 -1.90751 0.88556 -0.721659 0.727611 0.20589 -0.528601 -0.519734 0.704963
28 -0.270966 -0.252618 -0.613699 -0.153353 -0.908684 -0.629183 -0.103796 0.596141 -0.626854 0.855322 -0.249185 0.941333 0.362318 -0.391873 -0.492829 1.45995
35 0.162101 -0.041397 -0.999941 -0.206443 -0.889852 -0.56274 -0.0865848 1.37426 -0.774047 0.373915 -0.515965 1.1645 -0.337977 -0.203758 0.0618748 1.75928
8 0.410514 0.104957 -0.384776 -0.183641 -0.853406 0.822251 0.422234 1.00522 0.501809 1.18904 -0.178099 0.228233 1.28779 -0.28301 0.307201 1.95446
7 0.362217 0.106235 -0.483222 -0.193452 -0.758282 0.799215 0.483818 0.844848 0.503142 1.05655 0.0805882 0.172196 1.06904 -0.217564 0.138678 1.79017
255 -0.4653 -0.297961 -0.167975 0.425219 -0.828355 0.314975 1.25699 -0.817566 -1.7949 0.789806 -0.890182 0.981627 0.363343 -0.66146 -0.35273 0.916604
257 -0.591517 -0.457541 -0.2445 0.525048 -0.855464 0.241025 1.32848 -0.978348 -1.68634 0.623724 -0.864176 0.952429 0.401697 -0.731736 -0.271716 1.04611
256 -0.482787 -0.307892 -0.182317 0.433519 -0.767538 0.255169 1.08707 -0.809315 -1.49621 0.647389 -0.678937 0.84719 0.331173 -0.655915 -0.231159 0.807307
21 -0.427963 -0.715694 -0.811402 0.961921 -1.8241 0.313666 -0.600724 0.193744 -0.980407 0.845818 -0.709012 0.619868 0.765813 -0.236456 -0.0808047 1.16018
20 -0.317717 -0.661666 -0.728703 0.861335 -1.67919 0.394792 -0.490491 0.207688 -0.924679 0.841302 -0.729465 0.513112 0.679389 -0.284942 0.0242788 1.04377
134 -0.477932 0.779934 0.244241 0.649668 -1.77883 0.690638 -0.200771 -0.486434 -1.00766 -0.0437945 0.166329 0.873654 0.645443 0.18313 0.7009 1.64882
135 -0.465195 0.616285 0.186894 0.700034 -1.70717 0.789835 -0.136149 -0.339138 -1.22481 -0.104177 0.0393952 0.773587 0.556865 0.438912 0.696562 1.72286
96 0.595074 0.326033 0.0547293 -0.632945 -0.732831 0.681315 -0.339525 0.761993 -1.09566 -0.111186 -0.664608 0.30285 0.859479 -1.09333 -0.688909 1.36461
95 0.650948 0.15105 -0.111814 -0.200947 -0.82288 0.894601 -0.211697 0.806453 -1.45307 0.0491248 -0.806095 -0.0281256 0.831468 -0.999136 -0.366625 1.05201
97 0.456522 0.368877 0.0925907 -0.555843 -0.57026 0.446994 -0.288075 0.567252 -0.755025 -0.137852 -0.468494 0.332849 0.713671 -0.910113 -0.66006 1.26093
34 0.0806856 -0.0855778 -0.761883 -0.160558 -0.734602 -0.501038 -0.0859741 1.1332 -0.585813 0.334738 -0.385198 0.97349 -0.273973 -0.205244 -0.040917 1.38
274 -0.0806974 -0.229871 -1.31691 0.713841 -1.34115 -0.335308 0.733341 -0.193461 -1.27196 1.10047 -0.343524 0.367482 -0.358643 -0.593969 0.426678 1.22281
91 0.253656 0.0384954 -0.311355 0.303395 -0.70723 0.676775 -0.0780502 0.211647 -0.993375 0.379689 -0.629292 -0.104 0.509998 -0.522228 0.0270886 1.35334
92 0.407768 0.12271 -0.342699 0.295851 -0.708907 0.828832 -0.258247 0.378691 -1.15234 0.331556 -0.712236 -0.349482 0.580203 -0.583376 -0.0520841 1.31083
93 0.555033 0.13223 -0.213787 0.0434911 -0.792868 0.95089 -0.283257 0.715236 -1.46118 0.131473 -0.842901 -0.185178 0.752509 -0.850499 -0.194698 1.07308
152 -0.751521 0.768398 0.382233 0.509178 -0.595179 0.482064 0.672093 -0.241543 -0.617502 -0.280696 -0.287633 0.219584 -0.0845981 -0.684931 -1.19654 2.11821
177 0.22928 0.652696 -0.580583 0.853222 0.0570623 0.378623 0.133115 0.370949 -0.400254 0.156706 -0.778302 0.894367 -0.0154031 -0.720295 0.805547 1.27864
176 0.216589 0.89303 -0.330259 0.552355 -0.129531 0.543191 -0.00394396 0.484316 -0.519982 0.579898 -0.888593 0.621712 -0.312657 -1.05508 0.849251 1.31975
175 0.142762 0.806766 -0.177533 0.260419 -0.384342 0.640164 -0.0975758 0.449114 -0.586566 0.727435 -0.807258 0.286575 -0.334203 -1.03984 0.712966 1.23101
179 0.297434 0.387656 -0.803692 1.16564 0.0739345 0.253062 0.29841 0.193915 -0.413024 -0.108478 -0.709902 1.19005 0.280807 -0.381521 0.685751 1.5937
178 0.189628 0.341683 -0.614789 0.820344 -0.0195309 0.263937 0.245044 0.175942 -0.362066 0.00248147 -0.631141 0.837649 0.16546 -0.485618 0.663955 1.25734
133 -0.406074 0.66958 0.262911 0.511743 -1.48062 0.584728 -0.144241 -0.440522 -0.808316 -0.104582 0.120826 0.699545 0.574101 0.080471 0.561746 1.43309
195 0.501865 -0.389985 -0.438396 0.646256 -0.192434 -0.153185 -1.0417 -0.0329794 -1.48909 -0.0935344 0.304101 0.344934 1.15774 -0.869992 -0.00334987 1.47172
68 0.438875 0.719332 -0.275329 0.502483 -0.597734 0.506673 0.656449 -0.47411 -0.814787 1.56811 -1.2233 -0.117647 0.84959 -0.154009 -0.872448 1.56746
67 0.411112 0.747209 -0.344767 0.466953 -0.607768 0.5201 0.608982 -0.412884 -0.708161 1.46871 -1.12093 -0.142901 0.739431 -0.0626956 -0.713847 1.35596
66 0.304864 0.682048 -0.586618 0.394931 -0.581181 0.62498 0.457644 -0.486412 -0.800929 1.47882 -1.21526 -0.0129806 0.803972 -0.210713 -0.640529 1.30236
206 -0.369923 -0.692995 0.705735 0.0188637 -1.09262 0.821897 0.468482 0.314561 -1.82297 -0.0371272 0.414415 -0.46452 0.0823517 -0.578069 -0.123652 1.82193
205 -0.332558 -0.524601 0.558056 -0.0305358 -0.902621 0.607309 0.273084 0.239029 -1.64564 -0.0668282 0.334445 -0.296472 0.163335 -0.615912 -0.234497 1.55667
254 -0.131516 -0.333399 -0.0622531 0.434564 -1.09705 0.525841 1.15034 -0.499194 -2.0328 0.945539 -0.89804 0.94138 0.230373 -0.565742 -0.521906 0.888241
143 -0.331789 0.0692372 -0.185245 0.506129 -0.86192 0.529021 -0.143253 0.0854737 -0.119008 -0.385746 0.12569 0.245233 0.0725515 0.794125 -0.352556 2.59891
19 -0.23361 -0.576074 -0.585958 0.727813 -1.47087 0.37353 -0.275627 0.165094 -0.849746 0.759807 -0.634058 0.429652 0.554181 -0.305535 0.0824409 0.928129
157 -0.200671 0.114859 0.40085 0.110563 -1.51334 0.597941 0.814901 -0.514374 -1.10992 0.0270279 -0.890763 0.23706 0.736699 -0.889917 0.419052 0.847403
158 -0.142261 0.144641 0.460334 0.0869526 -1.622 0.658318 0.837207 -0.612968 -1.11939 -0.0608402 -0.919522 0.129704 0.778179 -0.933234 0.499084 0.933895
54 0.829134 -0.239965 -0.704025 0.674904 -0.400442 1.46502 0.321305 -0.826567 -0.859916 1.36138 0.139817 1.08943 0.194892 -0.068327 0.239322 1.61029
298 0.624477 -0.251271 -0.502745 0.143845 -0.621339 0.330151 0.754032 0.632765 -0.0142123 0.58535 0.645306 -0.175277 0.395351 -0.282103 -0.165881 1.85484
124 0.374664 0.237813 0.176704 0.772431 -1.31317 0.206008 0.569571 -0.175863 0.223341 -0.135604 0.368198 0.336899 0.268565 -0.871181 0.153487 1.45921
18 -0.207867 -0.57256 -0.616856 0.780401 -1.65831 0.342712 -0.321885 0.285633 -0.772559 0.907801 -0.81893 0.38993 0.745808 -0.256917 0.206154 1.03481
46 0.615918 0.198005 -0.859177 -0.186545 -0.369849 1.42174 0.495007 -0.605917 -1.1217 0.383202 0.161637 0.169382 0.556092 -0.0769867 0.460787 1.23929
278 -0.0285112 -0.483605 -0.773717 -0.126925 -0.82524 -0.0464834 0.7244 0.245898 -1.83257 1.00047 0.00434489 1.39184 0.27352 -0.50453 0.645555 1.09742
277 -0.0452402 -0.372787 -0.752103 0.00495314 -0.745193 -0.0372034 0.603824 0.146905 -1.47932 0.983056 -0.0342935 1.0643 0.159424 -0.387288 0.527923 0.912015
123 0.451681 0.233155 0.228184 0.863694 -1.49429 0.208618 0.666843 -0.233837 0.268583 -0.171522 0.479291 0.451631 0.349436 -1.14585 0.22295 1.72543
94 0.557229 0.112139 -0.21962 -0.00899476 -0.768522 0.866874 -0.1786 0.726397 -1.42005 0.107299 -0.799646 -0.124347 0.734787 -0.851191 -0.245898 0.962531
276 -0.0525823 -0.333992 -0.990582 0.178977 -0.964204 -0.202127 0.66036 0.127611 -1.42642 1.10241 -0.076825 0.911216 -0.044375 -0.486925 0.595654 0.985148
