300 32
202 -0.100871 -0.0805064 0.381643 0.951711 0.372967 0.361993 -0.195305 0.0620628 0.0140921 0.250562 -0.0452553 0.321795 -0.263805 -0.661728 0.26656 0.0205958 -0.252871 -0.316263 0.554504 -0.338421 -0.613659 0.0193022 0.466437 -0.38449 0.315336 1.1457 -0.222562 1.24456 0.0251365 0.0157061 0.401495 0.523923
203 -0.0543097 0.00931688 0.351541 0.997454 0.482769 0.387264 -0.188913 0.0756222 0.11649 0.269275 -0.0580355 0.404616 -0.284902 -0.770476 0.361357 0.0797092 -0.317467 -0.383761 0.59051 -0.367562 -0.788887 0.0663718 0.523607 -0.391884 0.318384 1.30206 -0.238048 1.32715 0.0743289 -0.0184695 0.390001 0.572149
201 -0.12001 -0.07109 0.445992 1.04369 0.398999 0.487363 -0.273323 0.0839775 -0.0480709 0.167871 -0.122008 0.34908 -0.244411 -0.729332 0.315255 0.00532945 -0.296583 -0.410422 0.592318 -0.39911 -0.696021 -0.00297189 0.51428 -0.408429 0.354038 1.35077 -0.214425 1.466 -0.00922852 0.0748136 0.451029 0.616776
200 -0.130026 -0.247196 0.448481 1.26993 0.306153 0.39995 -0.358854 -0.00461481 -0.364185 0.119107 -0.124193 0.207661 -0.158694 -0.421998 0.239739 -0.043733 -0.241145 -0.49782 0.64536 -0.476742 -0.397513 0.0931018 0.419158 -0.500798 0.268865 1.17506 -0.193635 1.48456 -0.103673 0.127705 0.483209 0.560182
198 -0.112233 -0.413314 0.45466 1.39666 0.253202 0.3867 -0.51109 -0.0474477 -0.544021 0.0504915 -0.143858 0.144559 -0.17802 -0.252531 0.283597 -0.00582857 -0.220453 -0.573011 0.711044 -0.55419 -0.235284 0.148912 0.33518 -0.554626 0.236381 1.08119 -0.183847 1.56687 -0.172689 0.201964 0.490462 0.511558
199 -0.0979007 -0.29029 0.390949 1.15288 0.240767 0.345529 -0.351875 -0.0150007 -0.398896 0.131743 -0.159063 0.175803 -0.15448 -0.305153 0.1889 -0.0477117 -0.241388 -0.454909 0.581348 -0.44265 -0.29304 0.125828 0.339298 -0.494436 0.256015 0.965202 -0.171644 1.34954 -0.11594 0.133781 0.450972 0.478819
260 -0.426791 -0.771142 -0.140752 0.412954 0.425887 -0.916518 0.591119 -0.494051 0.0369031 0.208329 0.0417781 -0.418106 0.302131 0.714682 -0.308125 -0.378293 -0.0457153 -0.483737 0.191389 -0.635579 -0.203841 -0.617227 0.588352 -0.722687 0.704718 0.942162 -0.747241 0.806673 0.36682 0.369637 0.320572 0.604065
259 -0.319926 -0.682737 -0.0935532 0.354826 0.341576 -0.79737 0.551097 -0.463362 0.0130521 0.132033 0.00499546 -0.365578 0.252285 0.607231 -0.303132 -0.338452 -0.00513126 -0.336097 0.205817 -0.605755 -0.25308 -0.498468 0.479582 -0.651304 0.666987 0.90393 -0.707143 0.800181 0.327203 0.340169 0.29525 0.542419
258 -0.273798 -0.725483 -0.0871438 0.403909 0.359684 -0.784646 0.553786 -0.544927 -0.0761567 0.039648 0.0125061 -0.435768 0.288259 0.679804 -0.321606 -0.376389 -0.0528891 -0.323953 0.297502 -0.696953 -0.301042 -0.42688 0.379037 -0.745705 0.739265 1.06937 -0.789875 0.871691 0.305927 0.276126 0.374796 0.543327
176 -0.179868 0.157706 0.467015 0.416771 0.0845073 -0.514703 0.415946 -0.783059 -0.181482 0.748931 1.0757 0.384532 -1.00197 0.111908 -0.48475 0.269 -0.309477 -0.420971 0.71751 0.155409 0.331829 0.0458197 0.816488 -0.957665 0.0137319 0.447763 -0.413918 0.890903 0.187876 -0.527393 0.220642 0.676554
175 -0.170569 0.164415 0.475014 0.394802 0.077381 -0.488244 0.36979 -0.749594 -0.224578 0.759792 1.07725 0.379313 -0.970257 0.0905735 -0.495749 0.227787 -0.34576 -0.35477 0.680229 0.152728 0.38806 0.00396914 0.798827 -0.917089 -0.00578759 0.506493 -0.364355 0.832686 0.167782 -0.492056 0.201487 0.64796
174 -0.246886 0.117386 0.525056 0.487875 0.113698 -0.543468 0.354982 -0.843561 -0.22819 0.852299 1.13356 0.372273 -1.02086 0.0140412 -0.49527 0.22938 -0.307456 -0.397347 0.684229 0.0683183 0.481994 0.016964 0.858734 -0.913464 -0.00460875 0.601592 -0.352165 0.734865 0.176676 -0.481783 0.218128 0.724146
177 -0.105115 0.22628 0.409132 0.292927 -0.0411134 -0.424786 0.382967 -0.797457 -0.017702 0.495611 1.01954 0.463639 -0.99577 0.197432 -0.367457 0.357037 -0.284109 -0.43869 0.693065 0.314064 0.111034 0.126854 0.757498 -1.00787 0.0164832 0.190513 -0.5156 1.11008 0.306946 -0.652465 0.180213 0.531194
178 -0.0908685 0.243233 0.385124 0.215917 -0.0962444 -0.372752 0.359449 -0.770024 0.0779295 0.428071 0.880881 0.463179 -0.87079 0.21755 -0.325124 0.358208 -0.258752 -0.421498 0.646811 0.325014 0.0779777 0.132484 0.724892 -0.938271 0.00811835 0.103154 -0.528236 1.02818 0.342652 -0.631729 0.174324 0.461648
238 -0.133513 0.246268 0.0420224 -0.136909 -0.0100487 -0.532514 -0.0640532 0.692471 -0.183554 0.176083 -0.279548 -0.178232 -0.329886 -0.462955 -0.182928 -0.0686693 -0.74447 -0.774916 0.445008 -0.309942 0.293432 0.516648 -0.0786711 -0.212872 0.0622282 0.528804 -1.11151 0.933957 0.911183 0.479055 0.507344 0.28474
239 -0.201016 0.220568 -0.00216868 -0.0944257 -0.0172095 -0.603195 -0.0331156 0.671495 -0.188208 0.201057 -0.327018 -0.137149 -0.36712 -0.45449 -0.176739 -0.0567714 -0.744622 -0.818289 0.449237 -0.323391 0.266878 0.546203 -0.0739216 -0.228371 0.095106 0.586559 -1.20452 0.946773 0.960197 0.450104 0.51652 0.215074
237 -0.10592 0.29119 0.128297 -0.213707 -0.0387974 -0.503364 -0.046693 0.646621 -0.140318 0.277873 -0.272402 -0.274676 -0.345463 -0.484363 -0.243887 -0.179418 -0.879908 -0.85496 0.457636 -0.322834 0.364109 0.450023 -0.153148 -0.176253 0.140732 0.654187 -1.21802 1.00887 0.948683 0.504329 0.460377 0.322724
236 0.0663834 0.281705 0.262319 -0.296849 -0.119009 -0.285742 0.000423231 0.485522 -0.124082 0.411966 -0.240597 -0.371272 -0.287603 -0.390882 -0.427186 -0.407805 -0.997813 -0.833941 0.42775 -0.32014 0.453134 0.220505 -0.126923 -0.0954819 0.349557 0.866971 -1.23274 1.17849 0.850578 0.387078 0.315542 0.314344
235 0.10045 0.268188 0.203869 -0.268083 -0.161289 -0.206543 0.0401928 0.346474 -0.0545679 0.409632 -0.235812 -0.369364 -0.227738 -0.329732 -0.38821 -0.418635 -0.915744 -0.734952 0.361973 -0.284733 0.424398 0.123833 -0.120162 -0.0626696 0.33685 0.855197 -1.10112 1.00146 0.73273 0.307635 0.199541 0.268704
234 0.0852275 0.34442 0.196851 -0.2464 -0.178002 -0.194615 0.0745919 0.325928 -0.0340027 0.547493 -0.303675 -0.367696 -0.257951 -0.344566 -0.477819 -0.474507 -1.01403 -0.834506 0.412474 -0.335918 0.452101 0.0785373 -0.15633 -0.0127358 0.462887 1.01944 -1.23011 1.22885 0.80962 0.235415 0.200251 0.280506
233 0.0269062 0.381998 0.0897034 -0.191531 -0.219631 -0.149852 0.0783559 0.16558 -0.0258217 0.571067 -0.38162 -0.362411 -0.138457 -0.201167 -0.574465 -0.46981 -0.943967 -0.810045 0.28423 -0.312647 0.45213 -0.0873728 -0.083963 -0.0233331 0.60897 1.15282 -1.22995 1.27978 0.750858 -0.0258341 0.080549 0.162324
169 -0.804903 -0.0577432 0.433964 0.827897 0.510538 -0.57214 0.100603 -0.297082 -0.0966753 0.762998 0.5675 0.0129713 -0.400439 -0.19526 -0.285476 -0.11142 -0.0724292 -0.5771 0.528381 -0.573146 0.569895 0.252049 0.633409 -0.647431 0.274915 1.04966 -0.222301 0.0976068 0.446201 0.0649472 0.411682 0.766804
168 -0.986064 -0.0312795 0.501892 0.889652 0.672627 -0.632029 0.0846463 -0.248942 -0.0728345 0.737321 0.61688 -0.0429519 -0.491963 -0.185131 -0.274398 -0.082994 -0.0547058 -0.642151 0.624922 -0.703295 0.645491 0.294432 0.676561 -0.713158 0.31886 1.14508 -0.295451 0.113484 0.572748 0.0913874 0.531591 0.923638
170 -0.941269 -0.0396148 0.49328 0.866544 0.590696 -0.650898 0.0965951 -0.358769 -0.0681618 0.854906 0.69407 0.00417118 -0.484063 -0.213052 -0.325234 -0.124494 -0.0509699 -0.597946 0.614235 -0.620673 0.683976 0.257268 0.723629 -0.749827 0.299979 1.1125 -0.247278 0.106827 0.478316 0.0517057 0.517447 0.905811
171 -0.537861 -0.00430569 0.364282 0.778952 0.380123 -0.639748 0.221174 -0.570052 -0.233619 1.01964 0.74384 0.181115 -0.620824 -0.182613 -0.385823 -0.0315043 -0.127413 -0.483413 0.566114 -0.333301 0.564521 0.143576 0.774986 -0.731582 0.171341 0.932574 -0.248047 0.281283 0.217141 -0.139877 0.260028 0.719657
193 0.234751 -0.602156 0.519032 0.969785 0.263944 0.230925 -0.332988 -0.110949 -0.497414 0.0111971 -0.116941 0.075594 -0.118321 -0.0530889 0.146596 -0.0123161 -0.0448578 -0.386886 0.471584 -0.567474 0.10172 0.397323 0.353293 -0.585868 0.420029 0.501215 -0.535759 1.45632 0.0285566 0.0964929 0.593212 0.484394
192 0.304403 -0.731401 0.617212 1.08049 0.30793 0.234428 -0.285191 -0.132487 -0.479139 0.0513334 -0.103395 0.11551 -0.119554 -0.0233769 0.0998855 -0.0472959 0.0234807 -0.517949 0.411617 -0.654496 0.152336 0.524968 0.539953 -0.765153 0.571499 0.474795 -0.78048 1.77832 0.0488407 0.0599238 0.725524 0.638917
194 0.204152 -0.700604 0.548726 1.1841 0.31543 0.178533 -0.445092 -0.169363 -0.577379 0.0778857 -0.118016 0.0769561 -0.155682 0.0113608 0.162481 -0.033579 -0.104308 -0.541114 0.589963 -0.626055 0.0861072 0.469981 0.438936 -0.745387 0.475567 0.617014 -0.597741 1.75853 0.0381898 0.122644 0.67767 0.583494
285 -0.173414 -0.0230518 -0.716767 0.225645 0.310189 -0.964053 0.810299 0.103386 0.519675 0.63044 0.196301 0.0602821 -0.453445 0.547687 0.480207 -0.224186 -0.858553 -0.622746 0.608892 -0.353629 -0.513965 0.20707 0.626066 -0.273763 0.636568 0.494156 -0.689988 0.502924 -0.215091 -0.174317 0.415523 0.913299
286 -0.0655237 -0.0296265 -0.563644 0.139234 0.289584 -0.830489 0.664994 0.211236 0.523637 0.527002 0.144348 0.124779 -0.401488 0.48923 0.387767 -0.188798 -0.797193 -0.531136 0.619262 -0.325917 -0.530054 0.115677 0.589661 -0.234131 0.551045 0.500301 -0.58586 0.447529 -0.182081 -0.150251 0.307473 0.780496
287 -0.0853072 -0.00955866 -0.632843 0.163913 0.308609 -0.862388 0.810404 0.204913 0.51718 0.64983 0.136797 0.164825 -0.523676 0.495096 0.412349 -0.234591 -0.894166 -0.518417 0.65558 -0.346633 -0.584495 0.105812 0.653084 -0.201553 0.643149 0.557036 -0.559062 0.501707 -0.220112 -0.157751 0.40866 0.811459
128 0.604315 -0.0746471 -0.453832 -0.552959 0.0668174 -0.224194 -0.189184 0.197815 0.550283 0.498404 -0.140849 -0.41835 -0.0923497 0.243444 -0.139642 -0.248574 -0.140645 -0.226911 0.348191 0.0937128 -0.0506978 0.822346 0.247468 -1.3919 -0.295521 1.06001 0.0212239 1.38555 0.578342 -0.295838 1.03221 0.367701
129 0.719332 0.0386812 -0.630706 -0.61651 -0.131964 -0.0200117 -0.221354 0.216282 0.585412 0.337462 -0.386921 -0.335812 -0.0754813 0.345351 -0.168888 -0.185874 -0.271819 -0.404035 0.561291 0.0404282 0.122077 0.811649 0.407692 -1.30839 -0.393728 1.18966 0.01902 1.35119 0.484626 -0.30045 0.967979 0.482994
130 0.635419 0.0586697 -0.498777 -0.563928 -0.179188 0.0270188 -0.186148 0.166158 0.500302 0.177921 -0.331417 -0.253163 -0.0740346 0.36365 -0.2022 -0.14331 -0.265211 -0.410552 0.534238 0.0544932 0.103098 0.708799 0.369632 -1.13459 -0.307077 1.04665 -0.0527546 1.19062 0.34354 -0.258862 0.783296 0.427938
131 0.711065 0.150556 -0.683433 -0.638039 -0.237219 0.127676 -0.193521 0.142946 0.526576 0.185226 -0.43663 -0.19169 -0.0690913 0.44852 -0.224124 -0.184664 -0.382926 -0.527701 0.666614 0.0260176 0.143574 0.758811 0.530133 -1.24322 -0.347288 1.22704 -0.0559419 1.33756 0.348015 -0.295376 0.832698 0.565538
232 -0.0292676 0.310245 -0.00370959 -0.0566045 -0.191382 -0.0668775 0.0566192 0.103055 -0.0041063 0.543615 -0.371739 -0.312172 -0.0984306 -0.133531 -0.453106 -0.389895 -0.762555 -0.686528 0.194195 -0.273018 0.313995 -0.134176 -0.0790932 -0.0232767 0.613896 1.0192 -1.04385 1.15678 0.563558 -0.130164 0.0546172 0.112412
231 -0.0594137 0.385132 -0.0328282 -0.0596737 -0.22503 -0.104527 0.0873758 0.0867465 -0.0318868 0.639489 -0.426583 -0.310195 -0.0441269 -0.139248 -0.568483 -0.376189 -0.797179 -0.711244 0.188475 -0.283621 0.445202 -0.14804 -0.0824818 0.00545765 0.657755 1.1193 -1.1498 1.20118 0.610634 -0.176214 0.0652276 0.0239755
230 -0.221426 0.429356 -0.190832 0.0965685 -0.240578 -0.121334 0.164337 -0.107272 0.0226773 0.80561 -0.482342 -0.24199 0.0260067 -0.0325962 -0.698664 -0.271746 -0.581521 -0.587946 0.135079 -0.175671 0.43917 -0.200328 0.117409 -0.0892435 0.593087 1.09794 -1.04578 1.09985 0.478979 -0.345776 0.0604386 -0.0866536
228 -0.463915 0.510207 -0.363166 0.341428 -0.271472 -0.219455 0.239927 -0.217957 0.0919229 1.1232 -0.497121 -0.180514 0.0946497 0.0204441 -0.868921 -0.132809 -0.397637 -0.476425 0.160671 -0.124231 0.534972 -0.2385 0.368544 -0.09347 0.481001 1.09165 -0.994791 1.00045 0.298581 -0.411904 0.0398423 -0.213384
48 -0.0843607 -0.108443 -0.751633 0.349906 0.165481 -0.333634 0.307471 0.340953 -0.18258 0.802589 0.807407 0.282087 0.465224 -0.043123 -0.0552565 -0.160725 -0.550132 -0.633793 -0.25598 0.179809 -0.23234 0.502381 0.23646 -1.28128 0.465414 0.496874 -0.759479 1.06994 0.315513 0.216974 -0.0447822 0.466611
49 -0.0823584 -0.161347 -0.795705 0.41421 0.214124 -0.297971 0.314224 0.321821 -0.199716 0.810268 0.797512 0.28892 0.551677 -0.0762655 -0.0375774 -0.187646 -0.527049 -0.65367 -0.329206 0.231705 -0.283037 0.46094 0.182796 -1.25899 0.474229 0.458935 -0.69816 0.982878 0.28819 0.187443 -0.029761 0.39648
47 0.0177946 -0.254678 -0.628361 0.0142271 0.0430172 -0.412837 0.327985 0.638713 -0.360291 0.723775 0.883269 0.31197 0.212367 0.0873229 -0.0135584 -0.00187782 -0.460469 -0.212659 0.0127073 -0.0962024 -0.174478 0.454016 0.191247 -1.32135 0.44543 0.324531 -0.819391 1.14381 0.313694 0.226316 -0.178618 0.392118
46 0.0368935 -0.260556 -0.588582 -0.0276785 0.0334989 -0.472467 0.308701 0.642573 -0.336821 0.740258 0.828169 0.275934 0.148876 0.0809053 -0.0537229 0.0293526 -0.453424 -0.106702 0.0770392 -0.187395 -0.195637 0.420029 0.199146 -1.24206 0.408031 0.230308 -0.783671 1.15212 0.328628 0.225624 -0.177284 0.375216
45 0.0623325 -0.34137 -0.607693 -0.0689223 0.00349761 -0.549179 0.279684 0.796422 -0.407657 0.775705 0.869046 0.362096 0.0576929 0.16081 -0.0583767 0.115266 -0.490231 -0.00697195 0.24714 -0.315143 -0.181278 0.501682 0.229135 -1.42805 0.453644 0.279543 -0.859023 1.31057 0.433264 0.2434 -0.148768 0.464051
55 -0.111162 -0.147934 -0.9989 0.570069 0.13149 -0.184467 0.357814 -0.0979512 0.631909 0.810422 0.761351 0.0891847 0.728153 -0.315863 -0.528585 -0.118518 -0.506045 -1.05552 -0.442122 0.0252767 -0.391457 0.529488 0.408941 -1.06304 0.14773 0.868179 -0.690275 0.825613 0.294224 0.120212 0.132228 0.417718
56 -0.124822 -0.126491 -0.961829 0.579525 0.166472 -0.196229 0.348783 -0.129772 0.592646 0.843049 0.712375 0.0816826 0.680649 -0.339082 -0.56276 -0.132926 -0.556061 -1.06852 -0.373954 0.019794 -0.407513 0.511929 0.436958 -1.07029 0.206523 0.949155 -0.73084 0.873097 0.288674 0.11839 0.160162 0.420603
57 -0.224939 0.0445836 -0.625012 0.326571 0.137326 -0.141547 0.412008 -0.0958492 0.36114 0.753417 0.41932 0.0232196 0.301329 -0.175234 -0.487642 -0.0400524 -0.429403 -0.912439 -0.205325 0.0495037 -0.469039 0.371766 0.38039 -0.971142 0.25663 0.878798 -0.665462 0.769411 0.223514 0.239513 0.324328 0.366873
59 -0.357848 0.306869 -0.358447 -0.0452466 0.117876 0.0706811 0.582334 -0.105988 0.313847 0.680643 0.145324 -0.0780354 0.0854481 -0.153351 -0.539198 0.1161 -0.376208 -1.06709 -0.222301 0.191245 -0.722531 0.148525 0.398194 -0.93965 0.361362 1.06957 -0.7667 0.536107 0.107142 0.466415 0.460177 0.332839
58 -0.266832 0.148199 -0.403499 0.204546 0.122724 -0.110696 0.420478 -0.0963991 0.190603 0.64979 0.226331 -0.025515 0.0514158 -0.0480705 -0.459126 -0.00069061 -0.375013 -0.82068 -0.0228066 0.0463121 -0.446013 0.26473 0.381741 -0.8577 0.334789 0.860167 -0.646924 0.722544 0.174422 0.284751 0.401193 0.341497
85 -0.0202463 0.0146858 -0.206526 0.770197 0.26593 -0.497332 0.171824 0.17448 0.339059 1.05192 -0.185789 -0.101864 0.0283549 -0.750234 -0.484582 -0.286682 -0.798543 0.645305 0.438291 -0.0224923 -0.0863231 0.544832 0.620336 -0.420022 0.36181 0.0935098 -0.4309 0.980465 0.424638 0.370728 0.351156 0.654607
86 -0.0124047 0.0650533 -0.136897 0.864374 0.378718 -0.586247 0.296706 0.123843 0.327634 1.13713 -0.114368 -0.14056 0.106873 -0.875885 -0.59551 -0.450484 -0.835721 0.737788 0.409508 -0.0386713 -0.102539 0.681479 0.787392 -0.413131 0.359311 0.104554 -0.442339 1.11913 0.487371 0.428182 0.29077 0.731489
84 0.0138221 -0.0834863 -0.353204 0.817144 0.256468 -0.578305 0.116299 0.181322 0.400403 1.24096 -0.28395 -0.114528 -0.0278834 -0.886653 -0.475745 -0.244759 -0.916439 0.784329 0.506884 0.0337315 -0.0962519 0.590195 0.631764 -0.463917 0.40545 0.0698108 -0.523353 1.08082 0.43714 0.372594 0.499072 0.747795
87 -0.028108 0.245251 0.074078 0.97296 0.487366 -0.589563 0.463958 0.0503459 0.231659 1.02313 0.0330779 -0.13687 0.212094 -0.851257 -0.651173 -0.587617 -0.760698 0.673636 0.345165 -0.114938 -0.0590815 0.827964 0.954078 -0.379517 0.338317 0.226769 -0.440545 1.2043 0.616356 0.450953 0.0391484 0.744198
89 -0.0427304 0.411526 0.0677559 1.14062 0.520476 -0.564727 0.609182 -0.0811904 0.131895 0.938768 0.140931 -0.137511 0.239401 -0.820882 -0.652181 -0.765206 -0.619626 0.473778 0.358516 -0.103536 -0.0489482 0.976961 1.00408 -0.368892 0.236354 0.371329 -0.490999 1.16227 0.630136 0.412043 -0.139954 0.810125
90 -0.0423706 0.543425 0.0685967 1.25695 0.503532 -0.442618 0.642163 -0.133189 0.101584 0.787774 0.224977 -0.122006 0.22157 -0.773151 -0.632599 -0.918546 -0.415073 0.250853 0.347023 -0.0541498 -0.110516 1.0952 0.945874 -0.254519 0.0799944 0.57843 -0.535126 0.990727 0.650499 0.330477 -0.33008 0.813358
92 -0.0950294 0.53395 -0.0553806 1.22871 0.367044 -0.375214 0.59668 -0.272725 -0.00960662 0.682599 0.245249 -0.0548931 0.143828 -0.537251 -0.56998 -0.858445 -0.267354 -0.0492439 0.390106 0.00340527 -0.0949568 1.04133 0.772484 -0.242529 -0.0121441 0.658669 -0.617491 0.781348 0.541815 0.199137 -0.289182 0.759896
93 -0.0888574 0.574097 -0.379768 1.25154 0.204237 -0.188298 0.478921 -0.318839 -0.15143 0.550033 0.298265 0.0273029 -0.0243283 -0.33226 -0.531153 -0.860426 -0.0342797 -0.450328 0.504932 0.170232 -0.190165 1.11862 0.496129 -0.214834 -0.131879 0.771113 -0.77088 0.549839 0.407427 0.00324518 -0.221153 0.774841
206 -0.0393782 0.29514 -0.108375 0.974589 0.850102 -0.240018 0.154617 -0.0142408 0.455293 0.615781 -0.0308605 0.442244 -0.271284 -0.521487 0.242282 0.24913 -0.529399 -0.548982 0.732046 -0.284154 -0.917013 0.335966 0.423014 -0.579051 0.0863392 1.00282 -0.198094 0.79452 0.296604 -0.083026 0.0857935 0.528481
207 0.0673114 0.455307 -0.265606 0.939716 0.968431 -0.40361 0.209097 -0.0359614 0.5638 0.639864 -0.0590741 0.519802 -0.292848 -0.499873 0.177302 0.250212 -0.683398 -0.636848 0.781246 -0.285266 -0.988482 0.417308 0.420596 -0.629426 -0.0212001 0.930426 -0.131055 0.564664 0.364272 -0.0911546 0.010876 0.570017
208 0.119185 0.463215 -0.305421 0.80815 0.913201 -0.475046 0.254191 -0.0518303 0.544666 0.594318 -0.0932694 0.499927 -0.249878 -0.394569 0.110047 0.21429 -0.686369 -0.663928 0.718361 -0.280473 -0.916759 0.37519 0.330824 -0.65229 -0.104343 0.792618 -0.0993164 0.416391 0.380653 -0.0781326 -0.00446563 0.513367
209 0.159743 0.510854 -0.328663 0.839728 0.999443 -0.494792 0.260612 -0.0786392 0.574379 0.580957 -0.114566 0.541409 -0.264205 -0.409028 0.154478 0.191139 -0.781228 -0.77477 0.799828 -0.336096 -1.00057 0.48644 0.364965 -0.725621 -0.119818 0.883401 -0.13315 0.490448 0.427499 -0.076991 0.0477473 0.584115
205 -0.119991 0.268725 -0.0959845 0.890173 0.722797 -0.262136 0.160722 -0.0263558 0.369524 0.67967 0.0058216 0.379655 -0.325253 -0.505109 0.231235 0.160419 -0.457136 -0.47767 0.591387 -0.253547 -0.778444 0.237751 0.422224 -0.43847 0.127176 0.898057 -0.205996 0.697663 0.237367 -0.0566594 0.127176 0.47793
39 -0.0914636 -0.661673 -0.723749 0.441155 -0.118253 -0.303806 -0.217861 0.699345 -0.324929 0.756148 0.283942 0.568289 -0.370199 0.517812 -0.0939402 0.352333 -0.218737 0.0499671 0.868794 -0.425762 0.142579 0.583641 0.0817528 -1.23722 0.272052 0.207416 -0.750448 0.513748 0.740936 -0.239347 0.440542 0.855075
41 -0.0210902 -0.549116 -0.73026 0.349558 -0.0673257 -0.440213 -0.105182 0.668782 -0.293875 0.769859 0.411521 0.490651 -0.257845 0.454055 -0.0672042 0.300271 -0.257144 0.0517708 0.762956 -0.507364 0.133125 0.56624 0.140354 -1.24628 0.344383 0.204016 -0.77129 0.752377 0.669695 -0.146587 0.286026 0.713419
40 -0.00494492 -0.540773 -0.705358 0.334278 -0.0291799 -0.350373 -0.13475 0.638751 -0.25012 0.63704 0.289596 0.467134 -0.272104 0.442989 -0.00986927 0.280437 -0.22024 0.0362858 0.765292 -0.463983 0.186986 0.519618 0.0903395 -1.14689 0.262866 0.160866 -0.726183 0.570404 0.67461 -0.190902 0.342139 0.735868
38 -0.165516 -0.711744 -0.614543 0.487824 -0.191787 -0.0806093 -0.335871 0.625192 -0.351728 0.696031 0.0973628 0.6332 -0.430729 0.539718 -0.115915 0.389388 -0.186582 -0.0496427 0.863762 -0.235218 0.0828558 0.62709 0.0886954 -1.1674 0.243458 0.317014 -0.769106 0.371343 0.748307 -0.292827 0.702429 1.05558
54 -0.0893031 -0.199858 -1.0768 0.636622 0.175151 -0.226355 0.357415 -0.0186565 0.585762 0.889767 0.833905 0.133685 0.797886 -0.345274 -0.516536 -0.158497 -0.588151 -1.09857 -0.485824 0.0389987 -0.397343 0.56397 0.426208 -1.18958 0.26075 0.912838 -0.728109 0.944922 0.335253 0.138948 0.097611 0.447176
53 -0.1044 -0.155923 -0.972949 0.592161 0.214401 -0.220795 0.28599 0.0188635 0.388456 0.818308 0.836059 0.169036 0.770906 -0.271503 -0.380561 -0.237362 -0.584831 -1.0099 -0.46852 0.133521 -0.314835 0.529939 0.365402 -1.17178 0.301935 0.771871 -0.728279 0.97369 0.318727 0.13042 0.0380428 0.455117
51 -0.110009 -0.138455 -0.923069 0.569821 0.246129 -0.259493 0.280074 0.103622 0.158262 0.836124 0.801911 0.215984 0.690789 -0.176609 -0.224615 -0.261713 -0.562702 -0.912688 -0.452171 0.282958 -0.259881 0.512256 0.305202 -1.23697 0.400256 0.651139 -0.688755 0.968773 0.285285 0.151522 0.00754469 0.433294
52 -0.0463748 -0.148372 -0.805305 0.475328 0.168933 -0.230149 0.252338 0.0649479 0.244676 0.701691 0.673386 0.164895 0.624594 -0.201064 -0.243324 -0.215409 -0.456919 -0.7918 -0.391684 0.156776 -0.251664 0.44221 0.29998 -1.01966 0.304093 0.582699 -0.579312 0.824982 0.248381 0.131939 0.0049291 0.350612
42 0.0234624 -0.440435 -0.598866 0.0796272 -0.0254606 -0.512955 0.100548 0.777564 -0.339276 0.732821 0.611194 0.412429 -0.130144 0.257756 -0.0650619 0.236186 -0.36662 0.0813051 0.520051 -0.441194 0.0274394 0.525048 0.190934 -1.25411 0.331099 0.208901 -0.780218 0.984369 0.592537 0.0870951 0.0375747 0.548896
69 -0.564996 0.465247 -0.218984 -0.495679 0.62803 -0.14149 0.101937 -0.480632 -0.451593 0.167297 -0.129064 0.11231 0.454668 0.313297 -0.812658 -0.196648 -0.42174 -0.845212 0.208896 0.273678 -0.240697 -0.00155336 0.158342 -0.194524 0.229465 0.837063 0.0225423 1.42176 0.525157 -0.0554384 1.20149 0.708066
68 -0.536729 0.57356 -0.175232 -0.529089 0.659078 -0.0197064 0.145022 -0.540999 -0.343601 0.227529 -0.11499 0.133782 0.259665 0.293177 -0.87049 -0.0931107 -0.409101 -0.927711 0.242263 0.329375 -0.408195 -0.00928411 -0.0137489 -0.422092 0.271022 1.07809 -0.0707219 1.36547 0.416937 0.113488 1.13687 0.574085
71 -0.556838 0.368387 -0.312542 -0.32996 0.528129 -0.282638 -0.00590079 -0.464128 -0.469748 0.141221 -0.175394 0.0295435 0.561524 0.365729 -0.705279 -0.250006 -0.432731 -0.700073 0.146308 0.210766 -0.0607182 0.0414161 0.282881 -0.127331 0.214127 0.669237 0.0459134 1.46449 0.565318 -0.180809 1.19088 0.763405
72 -0.632417 0.270827 -0.430834 0.00152749 0.450989 -0.525583 -0.0620524 -0.371075 -0.667726 0.202875 -0.292884 -0.150174 0.576442 0.310304 -0.544506 -0.269021 -0.468953 -0.333429 0.0590658 0.296331 0.0481664 0.108495 0.412135 0.012611 0.286899 0.411596 0.0156278 1.47634 0.601306 -0.232501 1.19835 0.814483
73 -0.625901 0.205539 -0.444178 0.187167 0.381585 -0.595516 -0.0631128 -0.278232 -0.657968 0.225535 -0.298176 -0.230142 0.520926 0.282388 -0.463646 -0.258808 -0.474871 -0.202918 0.0897812 0.252644 0.102854 0.140841 0.467529 -0.0231476 0.282345 0.331584 -0.0520213 1.40756 0.573639 -0.225566 1.09357 0.780328
74 -0.659315 0.204732 -0.480157 0.294543 0.375572 -0.625808 -0.0786386 -0.28739 -0.665252 0.311241 -0.277158 -0.279755 0.449077 0.28721 -0.452906 -0.241702 -0.541655 -0.130276 0.10995 0.28312 0.117502 0.181036 0.46995 -0.0748653 0.317933 0.335692 -0.0605309 1.43056 0.547218 -0.219818 1.116 0.804169
75 -0.590546 0.0949646 -0.572896 0.490552 0.282508 -0.693303 -0.165562 -0.147421 -0.538802 0.517016 -0.32237 -0.381442 0.294657 0.121803 -0.372099 -0.224294 -0.621125 0.142327 0.157671 0.36993 0.129507 0.209366 0.457815 -0.166341 0.378347 0.254171 -0.149687 1.40154 0.549218 -0.212417 1.04163 0.775961
76 -0.508342 0.0663521 -0.571803 0.473597 0.227238 -0.661418 -0.174376 -0.112142 -0.39677 0.528568 -0.27705 -0.371629 0.233766 -0.0196788 -0.280177 -0.168222 -0.631462 0.218061 0.146903 0.36488 0.10677 0.199274 0.355695 -0.160255 0.361186 0.214283 -0.176948 1.21389 0.467565 -0.191693 0.898677 0.716193
224 -0.758957 0.462881 -0.796092 0.520466 -0.198551 -0.424776 0.43732 -0.478306 -0.089232 1.37437 -0.330476 0.222792 -0.227368 0.275079 -1.27047 -0.175118 -0.182317 -0.0227737 0.788311 -0.249933 0.465327 -0.195357 1.0267 -0.605628 -0.00684177 0.922065 -0.823209 0.654816 0.294719 -0.0262804 0.19092 -0.224014
223 -0.69902 0.409063 -0.71183 0.469484 -0.193312 -0.369095 0.406378 -0.435756 -0.121485 1.164 -0.264123 0.240919 -0.265462 0.225523 -1.11685 -0.227742 -0.185743 0.00081185 0.764514 -0.287888 0.370531 -0.173756 0.984541 -0.593825 -0.0219431 0.8344 -0.72268 0.582962 0.280284 0.000178812 0.237827 -0.122298
222 -0.738543 0.55606 -0.858731 0.557071 -0.199795 -0.472269 0.43698 -0.562341 -0.16455 1.3388 -0.335995 0.284204 -0.37791 0.275091 -1.37459 -0.336143 -0.233531 -0.0284098 0.981402 -0.355084 0.45981 -0.199674 1.14731 -0.719658 -0.0940936 1.01416 -0.855939 0.732027 0.357229 -0.00146727 0.267272 -0.180865
221 -0.572151 0.616822 -0.854018 0.373422 -0.180725 -0.357081 0.299357 -0.58671 -0.221555 1.16902 -0.341013 0.34998 -0.457546 0.115969 -1.4566 -0.470706 -0.273243 0.053885 1.01418 -0.442618 0.417298 -0.374288 1.04152 -0.829283 -0.244045 1.01624 -0.867662 0.569429 0.448104 0.107628 0.24508 -0.214268
30 -0.245033 -0.562768 0.454377 0.0633357 -0.610204 0.250767 -0.713685 -0.114186 0.0578608 0.737165 -0.0888678 0.0435464 -0.536674 0.301346 -0.526514 0.463097 -0.534416 -0.33843 0.632305 0.266928 -0.4088 1.08716 0.484831 -0.535324 0.389669 0.651343 -0.669639 0.647937 0.339412 0.895222 0.681004 0.631324
29 -0.262002 -0.469109 0.561928 0.0210969 -0.581446 0.171712 -0.842965 -0.371402 0.13122 0.705786 -0.0437494 -0.235201 -0.598519 0.293099 -0.72388 0.349071 -0.670687 -0.527579 0.654723 0.265227 -0.44687 1.12322 0.574056 -0.509696 0.542182 0.708733 -0.608269 0.87008 0.231906 1.01073 0.578822 0.426786
31 -0.250584 -0.5336 0.351408 0.0848034 -0.524791 0.335566 -0.589921 -0.00145091 0.0114563 0.72809 -0.0890848 0.181547 -0.529528 0.316703 -0.415631 0.449607 -0.448811 -0.29047 0.590879 0.200947 -0.359388 1.01437 0.450259 -0.531042 0.31143 0.657312 -0.679267 0.557339 0.401168 0.716424 0.806673 0.707467
32 -0.262302 -0.655392 0.334734 0.139987 -0.595999 0.401266 -0.650631 0.10049 -0.0423257 0.79931 -0.0784448 0.306348 -0.545256 0.382901 -0.377511 0.539617 -0.442642 -0.286908 0.651352 0.255753 -0.383027 1.08319 0.400232 -0.675602 0.290433 0.645641 -0.766106 0.501451 0.472939 0.643486 0.913711 0.878067
227 -0.819415 0.442084 -0.719921 0.644112 -0.176827 -0.436058 0.437323 -0.333729 0.0810722 1.53189 -0.315821 -0.0154052 -0.02321 0.216741 -1.04611 0.0540187 -0.153023 -0.190671 0.483857 -0.102445 0.538452 -0.0940251 0.817377 -0.389262 0.130657 0.969612 -0.817332 0.784896 0.173108 -0.209716 0.176701 -0.212774
226 -0.683927 0.384361 -0.600455 0.56794 -0.138548 -0.40344 0.399777 -0.32373 0.0691475 1.30384 -0.24955 0.0650657 -0.0730468 0.178309 -0.924671 0.0031952 -0.115606 -0.162068 0.46584 -0.115303 0.416888 -0.0556924 0.72483 -0.397601 0.101949 0.840957 -0.70567 0.689452 0.196736 -0.167873 0.163788 -0.18075
225 -0.814584 0.488293 -0.768935 0.604204 -0.163156 -0.449443 0.429507 -0.389622 0.0434065 1.48166 -0.352295 0.0916126 -0.14118 0.215778 -1.15872 -0.0789788 -0.167123 -0.127968 0.616188 -0.196632 0.513305 -0.170789 0.939687 -0.465466 0.0568021 0.966378 -0.834285 0.745409 0.240477 -0.114346 0.19176 -0.231626
70 -0.444959 0.279623 -0.256167 -0.245339 0.451727 -0.233513 0.0305976 -0.363315 -0.350527 0.142659 -0.104158 0.0624395 0.433279 0.315814 -0.586465 -0.206846 -0.386159 -0.63638 0.171963 0.108017 -0.0791526 0.0754359 0.242374 -0.127941 0.173479 0.613042 0.0105061 1.27194 0.542217 -0.129431 0.978603 0.646348
15 -0.636592 0.185259 -0.229094 0.991425 0.254741 -0.368246 -0.322096 -0.141063 0.118047 0.842256 -0.0534974 0.133611 -0.829453 0.743032 -0.752297 -0.417219 -0.816911 -0.608563 0.542715 -0.0766188 -0.716909 0.175972 -0.106408 -0.167336 0.423357 -0.295201 0.127872 1.28585 0.756727 -0.187175 0.496902 0.567056
16 -0.5445 0.17839 -0.23274 0.804272 0.234431 -0.341424 -0.264408 -0.145679 0.075065 0.675993 -0.0282902 0.0630719 -0.699467 0.626443 -0.634853 -0.378671 -0.726692 -0.507766 0.421059 -0.0693187 -0.606158 0.153607 -0.072924 -0.15024 0.424335 -0.220437 0.114407 1.13144 0.613214 -0.173299 0.457459 0.500396
17 -0.622551 0.183405 -0.275538 0.795057 0.261622 -0.377329 -0.417952 -0.255888 0.117392 0.777111 -0.0471822 0.0399142 -0.861281 0.791504 -0.779177 -0.431315 -0.813965 -0.644117 0.398551 0.00988777 -0.763543 0.208435 -0.0944658 -0.129448 0.644897 -0.309058 0.141164 1.33876 0.613417 -0.191709 0.441127 0.512908
18 -0.59034 0.102225 -0.227244 0.447081 0.234016 -0.379911 -0.688087 -0.475193 0.0919428 0.792685 0.0296817 -0.0420088 -0.966077 0.745453 -0.874767 -0.442043 -0.783592 -0.721914 0.244431 0.11148 -0.792876 0.3645 -0.00685144 -0.214946 0.885136 -0.208501 0.0902383 1.40619 0.416888 -0.122125 0.310998 0.352866
204 -0.0887492 0.139872 0.123119 0.955485 0.688643 0.051803 -0.0120496 0.00966659 0.313347 0.496158 -0.030326 0.411219 -0.300783 -0.646641 0.388031 0.18052 -0.397006 -0.384373 0.60348 -0.331016 -0.845954 0.17398 0.432067 -0.39514 0.217067 1.07921 -0.194485 0.955943 0.176697 -0.0601819 0.23462 0.535192
288 -0.0790439 -0.0464948 -0.463968 0.0372245 0.136278 -0.559139 0.878926 0.26798 0.358346 0.779939 -0.0510115 0.23786 -0.738504 0.333935 0.129488 -0.167511 -0.780817 -0.395944 0.618855 -0.379833 -0.617882 -0.019707 0.713258 -0.0811336 0.720289 0.677496 -0.241912 0.623609 -0.193904 -0.0664344 0.625009 0.539584
67 -0.542077 0.547582 -0.0799172 -0.550401 0.672682 0.0747173 0.145129 -0.49226 -0.282731 0.163878 -0.0544467 0.100906 0.186684 0.245483 -0.797189 -0.095849 -0.360641 -0.858974 0.225746 0.337242 -0.404821 -0.047723 -0.131184 -0.365267 0.286385 1.03778 -0.0516013 1.1457 0.290397 0.138403 1.00214 0.444776
66 -0.581517 0.61746 -0.0112226 -0.608978 0.629757 0.153367 0.25967 -0.505371 -0.280874 0.225219 -0.0933291 0.063352 0.103828 0.275238 -0.825693 -0.0245909 -0.362352 -0.968433 0.1634 0.412121 -0.569344 -0.0752709 -0.0952909 -0.519279 0.364396 1.12625 -0.203578 1.13519 0.234986 0.255495 1.03944 0.396501
290 -0.121948 -0.0344772 -0.483218 0.0171433 0.0692328 -0.463176 1.09861 0.297554 0.253099 1.00931 -0.151713 0.334967 -1.00198 0.279879 -0.0870542 -0.161899 -0.820637 -0.433629 0.650679 -0.43345 -0.690227 -0.0811273 0.829993 -0.0237992 0.845709 0.886238 -0.142896 0.826704 -0.182695 -0.036253 0.867177 0.453164
291 -0.0747655 -0.0292283 -0.390999 -0.0291021 0.0820139 -0.266966 1.152 0.233976 0.093758 1.0987 -0.265072 0.39477 -1.07552 0.153487 -0.216606 -0.153192 -0.673623 -0.342532 0.5991 -0.456831 -0.661861 -0.0985563 0.843858 0.0454578 0.859616 0.865149 0.019006 0.864132 -0.140883 0.0105264 1.02386 0.237793
292 -0.0759861 0.0184628 -0.337288 0.0470024 0.0790132 -0.215989 0.994717 0.132577 0.0408785 0.945266 -0.200274 0.350809 -0.948094 0.0883871 -0.223858 -0.137907 -0.521093 -0.282507 0.458494 -0.431416 -0.513497 -0.0479982 0.701855 0.0414617 0.729579 0.721773 0.0110727 0.752114 -0.093686 0.000972073 0.842505 0.189672
293 -0.0766368 0.0481946 -0.333961 0.0288321 0.101742 -0.113265 1.20413 0.0964707 -0.0795146 1.12318 -0.226631 0.413587 -1.14156 0.0924861 -0.325276 -0.180141 -0.526103 -0.270856 0.511719 -0.508587 -0.539767 0.0441856 0.869786 0.0769472 0.888094 0.77064 0.0624263 0.931059 -0.0602251 -0.0457645 1.16754 0.126691
289 -0.0963181 -0.0538854 -0.391122 -0.002116 0.0737791 -0.462269 0.872929 0.28769 0.303179 0.801313 -0.134435 0.268669 -0.762783 0.24524 -0.0118314 -0.145035 -0.747678 -0.370849 0.587914 -0.388866 -0.617521 -0.0574979 0.706405 -0.0813039 0.706193 0.767773 -0.159538 0.675808 -0.106861 0.0237717 0.667287 0.443176
153 -1.11805 0.0243776 0.359422 1.26312 -0.0803818 -0.963416 0.371075 -0.215167 0.217215 1.23633 -0.0384198 0.506286 -0.542488 0.487504 -0.91933 0.041117 -0.6883 -0.302165 0.131394 0.172167 0.0661847 0.41359 0.132636 -0.84696 0.610995 0.737522 0.168768 0.448209 0.471356 0.286232 0.386151 0.219763
155 -1.16767 0.053842 0.522303 1.10756 -0.0976445 -0.872384 0.292374 -0.171532 0.342868 0.952932 0.0440075 0.493094 -0.536629 0.429798 -0.896759 0.0780619 -0.618464 -0.268689 0.186704 0.0917687 0.0940573 0.479579 0.111485 -0.783846 0.629999 0.814595 0.184173 0.528092 0.518187 0.266891 0.479153 0.244068
156 -1.19118 0.119125 0.639363 0.576731 0.0431743 -0.511985 0.0834442 0.0105714 0.54391 0.0941659 0.284577 0.321928 -0.541134 0.244424 -0.728761 0.0679133 -0.45141 -0.293601 0.335993 -0.157709 0.208787 0.647512 0.0705414 -0.660014 0.734804 0.782481 0.0971996 0.621964 0.620953 0.197682 0.640166 0.335604
158 -1.0705 0.130561 0.574545 0.206751 0.190869 -0.288701 -0.0888318 0.0535898 0.55359 -0.375653 0.475363 0.169886 -0.540996 0.107545 -0.628877 0.033743 -0.378018 -0.42887 0.499372 -0.305776 0.230264 0.758259 0.194536 -0.661171 0.773011 0.82138 -0.133111 0.94991 0.691969 0.160897 0.823201 0.44803
152 -1.02878 0.0560847 0.151656 1.13093 -0.0720999 -0.839265 0.39291 -0.12693 0.0936938 1.1464 -0.136199 0.43008 -0.427578 0.489224 -0.831264 0.00379544 -0.644163 -0.336081 0.0275524 0.251435 0.0941923 0.450328 0.172227 -0.878801 0.558238 0.49674 0.109372 0.381873 0.418459 0.341112 0.242693 0.188613
91 -0.0766188 0.458219 0.109149 1.10715 0.439157 -0.422287 0.557115 -0.160631 0.0709718 0.716373 0.18897 -0.0997139 0.226012 -0.627947 -0.550289 -0.809162 -0.413802 0.20605 0.296135 -0.0544633 -0.0605351 0.969278 0.818835 -0.290311 0.118553 0.496565 -0.470742 0.925912 0.576174 0.304337 -0.273487 0.699614
120 0.286738 -0.363846 -0.368744 0.23449 0.466785 -0.700474 -0.0231388 -0.206748 0.147888 1.3235 0.520513 -0.431236 -0.0820374 0.00370582 -0.231932 -0.596519 -0.100009 -0.197256 0.30565 -0.0302562 -0.72444 0.720873 0.182956 -1.58427 0.105212 0.319333 -0.0283721 1.1586 0.0981549 -0.341789 0.692523 -0.248214
119 0.298122 -0.306214 -0.279096 0.187202 0.515081 -0.748692 0.0266341 -0.0937611 -0.0181325 1.40279 0.376096 -0.261731 -0.0446526 0.0247127 -0.281637 -0.487338 4.97794e-05 -0.145379 0.290991 0.0407946 -0.580494 0.599599 0.123198 -1.39588 0.2071 0.317504 -0.102505 1.12756 -0.0215956 -0.407059 0.594553 -0.316654
121 0.297025 -0.339071 -0.300289 0.177178 0.410293 -0.61119 -0.0364302 -0.17394 0.235841 1.16367 0.479679 -0.456833 -0.107515 -0.021141 -0.187475 -0.551438 -0.100388 -0.203015 0.289601 -0.0338819 -0.679174 0.682049 0.185131 -1.45683 0.0594769 0.304371 -0.00289638 1.03786 0.139116 -0.313722 0.687268 -0.191518
122 0.353594 -0.348501 -0.298647 0.160924 0.447551 -0.717243 0.00119715 -0.196717 0.265641 1.27291 0.482234 -0.486826 -0.140639 0.00690058 -0.223124 -0.595734 -0.109453 -0.225368 0.34519 -0.0359814 -0.70317 0.734481 0.210618 -1.54507 0.0536539 0.343774 -0.0174239 1.15872 0.139402 -0.318338 0.771238 -0.185351
123 0.538349 -0.341584 -0.367231 -0.0922874 0.383737 -0.581249 -0.118189 -0.0939492 0.488925 1.10144 0.362275 -0.587963 -0.0904816 0.0380975 -0.125444 -0.57036 -0.0726318 -0.199973 0.264105 0.023462 -0.61312 0.848459 0.0911937 -1.62542 -0.150196 0.482031 0.138418 1.14056 0.27009 -0.324097 0.878051 -0.101767
149 -0.982983 0.129555 -0.240517 0.919475 0.0103829 -0.795395 0.372546 0.150827 -0.0945156 0.941605 -0.200041 0.232515 -0.352199 0.525481 -1.04573 -0.09775 -0.766936 -0.50852 -0.090408 0.516786 0.22218 0.681972 0.521884 -1.19466 0.644457 0.26011 -0.125643 0.546262 0.491414 0.576587 0.027695 0.200948
147 -0.911513 0.2492 -0.449718 0.680732 0.00701706 -0.70232 0.284592 0.272765 -0.148128 0.704357 -0.10117 0.15031 -0.256553 0.528846 -1.08535 -0.221227 -0.755641 -0.515654 -0.194262 0.540593 0.294572 0.752495 0.641791 -1.08101 0.498191 0.125076 -0.0850791 0.567969 0.42547 0.727092 -0.110625 0.210827
150 -1.04335 0.110093 -0.00358408 1.05324 -0.0365505 -0.80845 0.398278 -0.0215732 -0.00571584 1.06349 -0.173684 0.313191 -0.400113 0.520392 -0.886158 -0.0108984 -0.676261 -0.438987 -0.0199423 0.374159 0.166419 0.525164 0.310353 -1.02303 0.609902 0.365366 0.0348216 0.431342 0.4447 0.403519 0.129239 0.181483
151 -0.960281 0.0474544 0.0669076 1.05091 -0.0491917 -0.764352 0.394605 -0.109415 0.0240611 1.05028 -0.153445 0.340383 -0.389626 0.463087 -0.757644 -0.00638444 -0.590629 -0.339056 0.0263394 0.27497 0.0895828 0.39385 0.207309 -0.822966 0.542995 0.339326 0.0399405 0.377488 0.414929 0.298516 0.153074 0.164485
195 0.0353289 -0.649817 0.51901 1.44927 0.292498 0.22029 -0.543446 -0.186901 -0.730329 0.108435 -0.112062 0.0504742 -0.183425 0.0355633 0.270506 0.00944177 -0.142112 -0.627807 0.764969 -0.676886 0.0513469 0.347414 0.312802 -0.712363 0.322006 0.886781 -0.406418 1.77025 -0.129571 0.167066 0.690857 0.51233
248 0.36063 -0.0792774 -0.0650237 0.0953504 -0.292773 -0.123044 0.675014 -0.33748 -0.192735 -0.294765 -0.243532 0.351456 -0.432709 0.140591 -0.341954 -0.125611 0.140574 -0.387475 0.944132 -0.664256 -0.574542 1.12099 -0.287505 -0.674021 0.547354 1.13385 -0.664175 1.29402 0.324428 0.129223 0.49442 -0.0560051
247 0.215105 -0.058281 -0.12647 0.129649 -0.231548 -0.185091 0.606346 -0.233332 -0.125945 -0.205923 -0.220511 0.318588 -0.434761 0.0936803 -0.258086 -0.0616809 0.110027 -0.416621 0.833465 -0.578107 -0.452135 0.966653 -0.209282 -0.591968 0.443013 0.979913 -0.60929 1.17837 0.363766 0.170826 0.386218 -0.0412365
249 0.510362 -0.0882959 0.0591633 0.120241 -0.317786 -0.0221669 0.649068 -0.390716 -0.266204 -0.351664 -0.244742 0.402855 -0.413282 0.159335 -0.409006 -0.175812 0.0967383 -0.369504 1.04046 -0.730918 -0.645483 1.22718 -0.286749 -0.72774 0.653366 1.28624 -0.709479 1.48598 0.289787 0.0926714 0.552202 -0.0134801
246 0.123425 -0.0349317 -0.166217 0.157104 -0.209347 -0.26918 0.612802 -0.15466 -0.158885 -0.250889 -0.234737 0.355809 -0.446372 0.0693503 -0.195348 -0.0346561 0.102153 -0.447043 0.816712 -0.589187 -0.420159 1.01407 -0.242206 -0.600194 0.427226 0.978359 -0.654577 1.14782 0.448999 0.170429 0.404018 -0.0592283
22 -0.459231 -0.204238 -0.0312947 0.0109212 0.0527097 -0.304056 -0.763294 -0.514475 0.0117207 0.676371 0.0916223 -0.117649 -0.832241 0.522737 -0.997767 -0.279748 -0.583528 -0.658427 0.0762833 0.250726 -0.681193 0.416363 0.134373 -0.333551 0.952175 0.0615173 -0.0288655 1.12293 -0.0637385 0.177595 0.138627 0.0939192
21 -0.551965 -0.129863 -0.131854 0.163456 0.132635 -0.392419 -0.787613 -0.552239 0.00687337 0.790259 0.0522342 -0.108875 -0.945143 0.643502 -1.02063 -0.381433 -0.664595 -0.718133 0.128723 0.213662 -0.756793 0.381288 0.124663 -0.337142 1.03798 -0.020992 -0.0192418 1.32918 0.0483108 0.066001 0.206164 0.171568
20 -0.59738 0.069135 -0.246576 0.270904 0.260184 -0.456728 -0.761318 -0.547138 0.0557175 0.837878 -0.00959102 -0.0394879 -1.06868 0.688036 -1.03812 -0.454349 -0.788654 -0.752455 0.165085 0.152422 -0.852157 0.410429 0.0305486 -0.213373 1.06648 -0.143604 0.0720514 1.48469 0.267607 -0.0697831 0.226337 0.286695
159 -1.1417 0.128953 0.605869 0.00503349 0.285686 -0.212503 -0.171197 0.124187 0.669078 -0.699657 0.620726 0.0940836 -0.578795 0.0448439 -0.644033 0.0252903 -0.346159 -0.528466 0.707802 -0.415801 0.227139 0.929459 0.269336 -0.761276 0.881648 0.942179 -0.266431 1.19595 0.863783 0.138215 1.00159 0.616752
161 -1.18365 0.148771 0.604377 0.0388504 0.408163 -0.203754 -0.157118 0.129056 0.676597 -0.706788 0.633553 -0.0251063 -0.553662 0.083021 -0.496707 0.0593242 -0.26082 -0.571882 0.699991 -0.459604 0.290242 0.848623 0.30402 -0.685997 0.780877 0.931966 -0.288165 1.03792 0.834782 0.151682 0.997001 0.667204
162 -1.19902 0.16054 0.487763 0.300714 0.511902 -0.387992 0.0258159 0.107715 0.496937 -0.403678 0.566597 -0.189537 -0.419011 0.129185 -0.217069 0.0484168 -0.109657 -0.643536 0.703225 -0.567415 0.3787 0.636266 0.361012 -0.687393 0.633864 0.86817 -0.397286 0.675221 0.7783 0.136038 0.878151 0.772178
164 -1.26929 0.149808 0.525398 0.433135 0.598258 -0.474476 0.0549393 0.105154 0.430718 -0.244639 0.567998 -0.259449 -0.395617 0.141116 -0.178915 -0.0164996 -0.0535548 -0.657057 0.695413 -0.617815 0.416456 0.578188 0.394855 -0.64464 0.593205 0.924898 -0.40651 0.569129 0.781939 0.144619 0.858378 0.928661
163 -1.02219 0.106679 0.429652 0.294733 0.464298 -0.330245 0.0265546 0.113373 0.441492 -0.291192 0.496796 -0.180006 -0.340412 0.113032 -0.139162 -0.00160325 -0.0699989 -0.543066 0.613511 -0.508808 0.308034 0.533716 0.319676 -0.577806 0.533263 0.761258 -0.356494 0.550473 0.653126 0.120583 0.754107 0.74501
102 -0.00337642 -0.166295 -0.610915 1.13292 -0.0888583 -1.05751 0.539219 0.108114 -0.345439 0.778105 0.148552 -0.235547 -0.455257 -0.0340003 -0.621371 0.261955 0.383733 -1.0684 0.93875 -0.000153466 -0.366942 0.44753 0.426129 -0.24039 -0.130968 0.710172 -0.465399 0.914578 -0.098632 0.0159041 0.085873 0.208929
104 0.04616 -0.29163 -0.538731 1.05919 -0.105148 -1.28424 0.559544 0.262839 -0.40457 0.903911 0.0696807 -0.231826 -0.527673 -0.0280611 -0.666971 0.470019 0.422591 -1.07894 1.06921 -0.105016 -0.31768 0.328177 0.497816 -0.345817 -0.00686277 0.681826 -0.47406 1.12356 -0.176081 0.0423596 0.168312 0.146
105 0.0204322 -0.332833 -0.519959 1.06497 -0.135794 -1.38143 0.629204 0.325589 -0.377343 0.993539 0.0490516 -0.266493 -0.57332 -0.0564424 -0.679119 0.530088 0.440429 -1.1299 1.12416 -0.140921 -0.319163 0.250584 0.556101 -0.391059 0.0709615 0.605996 -0.473416 1.15746 -0.24105 0.11104 0.244958 0.168888
103 0.00548637 -0.208698 -0.468111 0.942749 -0.0965526 -1.06025 0.480718 0.182533 -0.333826 0.734639 0.0973147 -0.198006 -0.43483 0.00480637 -0.532806 0.363474 0.377065 -0.931333 0.878217 -0.0814588 -0.284997 0.280758 0.421461 -0.24236 -0.0547875 0.548167 -0.370554 0.919573 -0.111585 0.0242581 0.135152 0.112585
101 -0.0966736 0.0593246 -0.75044 1.18041 -0.0246695 -0.721871 0.447488 -0.118621 -0.434261 0.712935 0.207356 -0.156 -0.36707 0.0457885 -0.600283 -0.0985208 0.283986 -0.961864 0.798122 0.123902 -0.395634 0.744323 0.316746 -0.224527 -0.242883 0.870723 -0.642662 0.664734 0.0239169 -0.137073 0.0385364 0.274389
229 -0.336519 0.399844 -0.285408 0.259522 -0.191673 -0.204632 0.215156 -0.162101 0.0737642 0.913664 -0.403885 -0.114239 0.0294842 0.0181264 -0.708678 -0.149566 -0.379283 -0.435939 0.147787 -0.133378 0.38345 -0.153225 0.282096 -0.139991 0.441728 0.915092 -0.822541 0.888316 0.267753 -0.334508 0.0649087 -0.132831
165 -1.21864 0.102701 0.509737 0.659601 0.660005 -0.495764 0.0297886 0.0518795 0.318097 0.0568712 0.555477 -0.236929 -0.412806 0.0683243 -0.170842 -0.0133626 -0.0233419 -0.623605 0.654379 -0.673395 0.470056 0.434466 0.410431 -0.652359 0.427537 0.922208 -0.38665 0.357885 0.763608 0.14394 0.731556 0.906075
166 -1.09543 0.0989365 0.451026 0.610046 0.610011 -0.512804 0.0434351 0.0223633 0.239845 0.152622 0.526123 -0.183783 -0.413103 0.0312519 -0.170074 -0.0201293 0.0224246 -0.568868 0.562352 -0.609911 0.472855 0.380721 0.429372 -0.566715 0.364994 0.834546 -0.345725 0.228271 0.666603 0.124603 0.626675 0.842995
167 -1.17145 0.0564778 0.494958 0.837616 0.706045 -0.602961 0.070285 -0.0710326 0.115589 0.406695 0.585196 -0.186228 -0.452055 -0.0622644 -0.201953 -0.123067 0.0146611 -0.657466 0.65879 -0.72099 0.543742 0.349396 0.545138 -0.682709 0.344915 1.03583 -0.380366 0.250393 0.737483 0.145674 0.657094 0.992985
28 -0.214048 -0.42659 0.521417 0.0474814 -0.534351 0.122671 -0.758502 -0.354662 0.123176 0.622499 -0.0312874 -0.248601 -0.514286 0.203202 -0.630938 0.320623 -0.623247 -0.472865 0.595385 0.23148 -0.409804 0.981107 0.509375 -0.44663 0.485604 0.637088 -0.529687 0.807191 0.135244 0.939358 0.441215 0.347714
27 -0.291971 -0.428965 0.492323 0.0561451 -0.518299 0.0407734 -0.817958 -0.480967 0.118327 0.6983 0.000372059 -0.346986 -0.614052 0.268681 -0.792926 0.228014 -0.673515 -0.573424 0.541569 0.269592 -0.500862 1.01527 0.550459 -0.512552 0.656921 0.640368 -0.507039 0.944512 0.0753375 0.969297 0.405445 0.254143
179 -0.1066 0.31397 0.435315 0.217809 -0.137326 -0.402906 0.37997 -0.845315 0.127285 0.394502 0.90756 0.4803 -0.880525 0.238326 -0.358998 0.400649 -0.243033 -0.468032 0.724825 0.36561 0.0296592 0.246635 0.867681 -1.02431 0.0285596 0.0745883 -0.627963 1.16392 0.359997 -0.724173 0.222808 0.398171
180 -0.125008 0.418336 0.449946 0.16084 -0.250875 -0.415625 0.423944 -0.84067 0.298269 0.222658 0.735905 0.538155 -0.588241 0.312067 -0.303965 0.44438 -0.110543 -0.502185 0.658205 0.350627 -0.0485239 0.400235 0.968092 -1.04998 0.0899135 -0.0233922 -0.693806 1.22924 0.375492 -0.788325 0.186293 0.194133
181 -0.152235 0.389675 0.435507 0.111269 -0.251012 -0.345188 0.346858 -0.714953 0.355544 0.145662 0.536377 0.433681 -0.392407 0.269777 -0.2668 0.383286 -0.0336653 -0.494453 0.52687 0.276207 -0.0317503 0.384421 0.931954 -0.895067 0.111795 0.0429262 -0.613662 1.0242 0.281388 -0.66171 0.18151 0.0700917
182 -0.218904 0.465918 0.439028 0.12587 -0.306383 -0.46363 0.426255 -0.777321 0.42706 0.178834 0.598261 0.498782 -0.404324 0.35201 -0.295257 0.423917 -0.0400534 -0.605625 0.648973 0.304585 -0.117409 0.543555 1.04784 -1.08379 0.174889 0.0458168 -0.735209 1.25668 0.350558 -0.775937 0.261757 0.104116
184 -0.357594 0.466527 0.378753 0.175049 -0.417275 -0.416618 0.385649 -0.682183 0.49137 0.123702 0.28248 0.413043 -0.00287552 0.474384 -0.257821 0.342883 0.00984794 -0.682836 0.398098 0.190777 -0.123455 0.665865 1.0102 -1.01758 0.240278 0.152508 -0.713024 1.1868 0.260301 -0.654155 0.38223 -0.0941166
183 -0.381545 0.492223 0.458504 0.208778 -0.396179 -0.465076 0.408775 -0.770012 0.555672 0.172519 0.364865 0.466253 -0.0387371 0.471186 -0.288059 0.431749 0.0330788 -0.729122 0.479462 0.229757 -0.163909 0.747467 1.16166 -1.13314 0.300135 0.149733 -0.824095 1.35656 0.32579 -0.741943 0.370528 -0.0342005
185 -0.362657 0.4423 0.465132 0.23777 -0.404305 -0.424454 0.40202 -0.717123 0.476553 0.104204 0.286008 0.475095 0.0149586 0.442702 -0.257866 0.411534 0.0755698 -0.700063 0.417557 0.169249 -0.108768 0.694577 1.10023 -1.06764 0.271178 0.141547 -0.824369 1.28615 0.256961 -0.70184 0.432065 -0.00607209
186 -0.243035 0.122219 0.511044 0.388395 -0.248985 -0.226586 0.310909 -0.499432 0.295177 0.0757545 0.141825 0.378802 0.0796407 0.322164 -0.134526 0.29525 0.0942476 -0.62869 0.251641 -0.0268048 -0.047061 0.6357 0.914047 -0.871601 0.398744 0.212094 -0.82284 1.28225 0.204953 -0.52392 0.508188 0.139759
187 -0.183764 0.0639195 0.459812 0.351362 -0.174331 -0.139484 0.241335 -0.400844 0.23852 0.0742336 0.0905089 0.281389 0.0520206 0.223959 -0.145967 0.207488 0.0988689 -0.53415 0.161532 -0.0586624 -0.0503852 0.547648 0.773987 -0.752654 0.384527 0.183496 -0.718438 1.1278 0.141999 -0.408008 0.49677 0.177096
196 -0.0276846 -0.56547 0.430038 1.40192 0.254485 0.177751 -0.523642 -0.190671 -0.724497 0.139082 -0.107084 0.0215298 -0.223585 0.0469719 0.26478 -0.00343883 -0.196702 -0.611913 0.760692 -0.624508 0.0306727 0.293069 0.259585 -0.680836 0.206517 0.863846 -0.284631 1.60255 -0.135083 0.163898 0.598003 0.481541
197 -0.0102467 -0.616651 0.525674 1.56108 0.279304 0.254697 -0.584063 -0.17382 -0.735873 0.0943547 -0.150496 0.0269117 -0.206991 -0.0267104 0.292118 0.00993112 -0.176839 -0.641454 0.810737 -0.704924 -0.0636519 0.307235 0.27583 -0.710185 0.290724 0.981637 -0.334686 1.76512 -0.132357 0.185046 0.630905 0.548383
26 -0.354468 -0.446622 0.328043 0.101741 -0.395925 -0.0848463 -0.896087 -0.532327 0.0910615 0.807937 0.0759356 -0.394366 -0.68065 0.372219 -0.963514 0.0459654 -0.632956 -0.625975 0.409202 0.334352 -0.612086 0.806568 0.448092 -0.492248 0.787119 0.446876 -0.323892 1.01836 -0.0583806 0.807169 0.284856 0.137628
126 0.562344 -0.149858 -0.413687 -0.466358 0.141552 -0.335312 -0.18504 0.200323 0.571181 0.62307 -0.0350454 -0.450126 -0.114215 0.135911 -0.167041 -0.331495 -0.109951 -0.155445 0.306969 0.0843437 -0.156077 0.852734 0.148809 -1.40879 -0.255938 0.918078 0.0361282 1.29321 0.59508 -0.267822 0.996503 0.301966
125 0.540964 -0.268483 -0.387301 -0.185395 0.281588 -0.492562 -0.0586872 0.00948442 0.523051 0.874631 0.253449 -0.54907 -0.0785838 0.0676225 -0.0952231 -0.461604 -0.0974367 -0.216051 0.25331 0.0397122 -0.404229 0.835262 0.147185 -1.49963 -0.200857 0.656259 0.116339 1.15602 0.37386 -0.255868 0.906523 0.0540845
124 0.471593 -0.309821 -0.351421 -0.077087 0.346506 -0.546742 -0.0446457 -0.0723054 0.455613 0.989185 0.341781 -0.505361 -0.0792641 0.017023 -0.0868095 -0.491704 -0.0954306 -0.212436 0.272977 -0.00929486 -0.540717 0.773094 0.110417 -1.51309 -0.135992 0.500596 0.0799366 1.08265 0.2965 -0.26673 0.847975 -0.0326216
251 0.43561 -0.10053 0.0573168 0.19452 -0.305892 -0.038608 0.692087 -0.488721 -0.392428 -0.39646 -0.181357 0.244586 -0.304585 0.25542 -0.465172 -0.232252 -0.0345373 -0.302317 1.06542 -0.771438 -0.761542 1.18575 -0.358138 -0.795287 0.755439 1.43258 -0.864434 1.43948 0.283028 0.039975 0.682556 0.0433961
252 0.406134 -0.14429 0.111142 0.179629 -0.229746 0.0162436 0.559523 -0.475721 -0.47725 -0.46741 -0.107178 0.0818311 -0.161776 0.272168 -0.45717 -0.268117 -0.193615 -0.172885 0.919194 -0.733717 -0.748704 0.979721 -0.4 -0.783525 0.817414 1.4108 -0.860196 1.22116 0.239737 -0.0545268 0.671344 0.0994266
254 0.294528 -0.257351 0.122609 0.299714 -0.108851 -0.0736939 0.387166 -0.505388 -0.531684 -0.334283 -0.0355927 -0.0863039 -0.0111387 0.36628 -0.388501 -0.280076 -0.314742 -0.0710123 0.765859 -0.674689 -0.710184 0.675966 -0.344881 -0.827061 0.814615 1.3762 -0.864971 1.08519 0.190006 -0.0988644 0.627812 0.212982
114 0.0319619 -0.0186122 -0.173003 0.229793 0.529568 -0.795835 0.22326 0.10439 -0.681364 1.48032 -0.00493921 0.329131 0.187671 0.285869 -0.533329 -0.105554 0.164775 -0.149445 0.398528 0.280467 -0.0476248 0.345156 0.15528 -0.967124 0.726345 0.489648 -0.605407 1.33701 -0.294507 -0.243624 0.464731 -0.343797
113 -0.030734 0.0634217 -0.222012 0.380719 0.408113 -0.866524 0.364407 0.127733 -0.684965 1.41448 -0.113038 0.297847 0.0862251 0.257705 -0.56501 0.0103544 0.163067 -0.3259 0.487386 0.212763 -0.0639279 0.307053 0.215245 -0.794055 0.694352 0.505278 -0.619683 1.18806 -0.34503 -0.0597439 0.411122 -0.252021
111 -0.0590029 0.00370811 -0.307082 0.52163 0.234775 -0.909966 0.45312 0.120942 -0.608342 1.31564 -0.133956 0.168267 -0.0579162 0.221243 -0.577101 0.112627 0.146363 -0.563639 0.623306 0.157525 -0.0896798 0.274829 0.322494 -0.730389 0.57132 0.483066 -0.600354 1.03699 -0.357222 0.11169 0.384583 -0.127089
110 -0.0791708 -0.0635232 -0.349968 0.69411 0.124805 -1.03223 0.51534 0.150867 -0.514575 1.23068 -0.0983186 0.0119443 -0.191854 0.124047 -0.592002 0.212196 0.201839 -0.702766 0.766954 0.0848458 -0.162227 0.251738 0.361604 -0.651147 0.430387 0.489247 -0.559463 1.02373 -0.337886 0.148579 0.364033 -0.0549053
108 -0.0643314 -0.146209 -0.371055 0.765598 0.0134219 -1.02579 0.49555 0.166828 -0.409835 1.06771 -0.0770539 -0.079356 -0.323231 0.0762382 -0.589735 0.250027 0.194424 -0.813765 0.857831 -0.0526515 -0.237957 0.206355 0.438162 -0.588608 0.325033 0.480852 -0.529293 0.961576 -0.281107 0.199128 0.342746 0.065311
107 -0.0251813 -0.272367 -0.459143 0.980563 -0.0607915 -1.30736 0.605568 0.260221 -0.378796 1.001 0.0249318 -0.197879 -0.509819 -0.0712993 -0.665702 0.467387 0.389562 -1.01398 1.04728 -0.114814 -0.286313 0.195536 0.558197 -0.396478 0.144939 0.534028 -0.490723 1.04064 -0.23664 0.123562 0.232047 0.17548
106 0.0275132 -0.289174 -0.440036 0.96553 -0.131777 -1.28567 0.59703 0.282466 -0.366121 0.927536 0.0304336 -0.214536 -0.512558 -0.0494667 -0.640492 0.51829 0.429558 -1.03301 1.05271 -0.148839 -0.269303 0.186668 0.506704 -0.384476 0.0954176 0.527972 -0.450845 1.06675 -0.264816 0.102162 0.239524 0.15888
24 -0.405244 -0.431615 0.238048 0.0371408 -0.272976 -0.19773 -0.927994 -0.608492 0.060725 0.791488 0.103992 -0.374834 -0.756889 0.454889 -1.07676 -0.132035 -0.644997 -0.670713 0.283337 0.310793 -0.67097 0.697507 0.360732 -0.498559 0.935403 0.403988 -0.280308 1.12763 -0.118791 0.598682 0.276792 0.0763985
25 -0.336729 -0.380491 0.266452 0.10855 -0.32695 -0.116201 -0.737851 -0.495623 0.0759539 0.732159 0.0891694 -0.319152 -0.589541 0.319701 -0.824969 0.00718749 -0.487396 -0.52709 0.307653 0.274486 -0.541668 0.696483 0.365181 -0.396019 0.683017 0.343067 -0.30057 0.839327 -0.0873685 0.642135 0.233101 0.0952911
298 -0.184678 0.50193 -0.302828 0.353028 0.37055 -0.258526 0.82025 -0.57415 -0.514931 0.844979 -0.0305159 0.433468 -0.64148 -0.0881311 -0.247772 -0.273943 0.139113 -0.0169529 0.449808 -0.586491 -0.0432314 0.80917 0.705434 -0.23338 0.526688 0.265603 -0.00910809 0.733067 0.0536387 -0.0729536 0.874485 0.0283306
297 -0.0785129 0.504915 -0.355817 0.234036 0.421385 -0.127437 1.08407 -0.620328 -0.531019 1.00673 -0.068503 0.542551 -0.887109 -0.105275 -0.332261 -0.302166 0.0773263 -0.00840009 0.603908 -0.699947 -0.133807 0.777396 0.846608 -0.145077 0.760838 0.408747 -0.0535947 0.870236 0.0274745 -0.163322 1.16505 -0.0477509
296 -0.0473754 0.286442 -0.317029 0.219877 0.3622 -0.0195129 1.13686 -0.330474 -0.396117 1.09539 -0.114842 0.449483 -1.00198 -0.0658979 -0.429484 -0.263964 -0.190098 -0.141412 0.568296 -0.622129 -0.310282 0.44131 0.831768 0.00436636 0.793912 0.518725 -0.0382468 0.947521 0.0335893 -0.155519 1.24857 0.00437306
294 -0.00681133 0.172022 -0.304346 0.102166 0.247363 -0.0202973 1.19233 -0.148238 -0.276287 1.12711 -0.161557 0.451821 -1.08281 0.0126292 -0.394218 -0.187645 -0.336549 -0.206495 0.505585 -0.548179 -0.426535 0.217792 0.815021 0.0516403 0.87479 0.635476 0.0226184 0.949822 -0.0217897 -0.132391 1.21505 -0.00160083
295 -0.00546142 0.201207 -0.257015 0.237709 0.282039 -0.00669964 1.00923 -0.230778 -0.326401 0.968282 -0.106102 0.40656 -0.888785 -0.0730488 -0.314475 -0.185975 -0.213752 -0.19055 0.475389 -0.523251 -0.291882 0.29073 0.667208 -0.00750814 0.699777 0.473623 -0.040999 0.800356 0.0278023 -0.154247 1.05999 0.0152069
65 -0.580281 0.645567 0.0610925 -0.516286 0.434051 0.188425 0.423272 -0.342656 -0.0807994 0.362206 -0.0971567 0.00754026 -0.129689 0.198353 -0.727034 0.106706 -0.359735 -1.0409 0.103011 0.404792 -0.733285 -0.0832442 0.0860504 -0.776585 0.458818 1.19964 -0.505413 0.799961 0.162407 0.477417 0.941053 0.364451
142 -0.180308 0.286134 -0.63096 -0.0218138 -0.0766733 -0.12526 0.147067 0.298081 -0.0563208 0.0694656 0.205041 -0.0477979 -0.316388 0.601234 -0.651479 -0.404514 -0.520653 -0.211676 0.00347531 0.347447 0.162027 0.71535 0.725719 -0.824991 0.0440326 0.540061 -0.390781 0.762583 0.271612 0.898007 0.157788 0.258344
141 -0.0131327 0.347975 -0.673784 -0.0798371 -0.171013 -0.0140804 0.186716 0.306661 -0.0487846 -0.00075588 0.221479 -0.029656 -0.438884 0.75011 -0.686927 -0.453114 -0.584136 -0.0976616 0.0451792 0.420301 0.225488 0.745151 0.896849 -0.969571 0.0145782 0.777728 -0.470829 0.946885 0.259941 1.06004 0.301061 0.271452
143 -0.308496 0.356699 -0.808094 0.017452 -0.0504064 -0.198986 0.147914 0.386285 -0.114907 0.0383846 0.236431 -0.0810034 -0.308624 0.70387 -0.896039 -0.510421 -0.688634 -0.299683 -0.0813744 0.454462 0.223078 0.865964 0.923329 -1.01712 0.136582 0.505519 -0.420605 0.921923 0.304404 1.10848 0.0733451 0.327142
144 -0.604944 0.381571 -0.93525 0.140463 0.0165958 -0.412918 0.106324 0.485846 -0.19822 0.211266 0.216605 -0.0925421 -0.24443 0.674042 -1.11133 -0.556053 -0.816743 -0.526275 -0.143297 0.507145 0.305925 1.01012 0.943605 -1.06942 0.205161 0.375699 -0.47795 0.95939 0.376147 1.20459 -0.0805255 0.359206
145 -0.587073 0.33006 -0.844924 0.19449 0.0664644 -0.442941 0.108278 0.450787 -0.208836 0.243053 0.157636 -0.0732207 -0.18766 0.572204 -1.03827 -0.471572 -0.716884 -0.499853 -0.150229 0.454074 0.265489 0.885696 0.860318 -0.992141 0.233692 0.238762 -0.384848 0.845326 0.332152 1.0026 -0.13436 0.302489
146 -0.653886 0.339081 -0.786618 0.280671 0.0846262 -0.501304 0.151635 0.446009 -0.205089 0.311129 0.119534 -0.0398394 -0.219184 0.572421 -1.08852 -0.436267 -0.801554 -0.534218 -0.205992 0.519337 0.318735 0.884384 0.84357 -1.04421 0.29041 0.212936 -0.317156 0.811737 0.393105 1.01395 -0.145194 0.285541
188 -0.0349311 -0.18052 0.632744 0.504297 -0.0777705 -0.0126685 0.221221 -0.350689 0.141306 0.0800868 0.0392162 0.317137 0.060812 0.122857 -0.0956789 0.173773 0.18365 -0.570415 0.0946955 -0.183817 -0.0379426 0.642419 0.825739 -0.829938 0.514481 0.205065 -0.897904 1.42571 0.11773 -0.392718 0.595843 0.333081
240 -0.478387 0.219511 -0.237124 0.118759 0.0327358 -0.862223 -0.0664768 0.782519 -0.174971 0.0927608 -0.301486 0.0857468 -0.47277 -0.484834 -0.0390849 0.231446 -0.618566 -0.842969 0.425067 -0.29359 0.226369 0.84984 -0.0235502 -0.341452 -0.0234369 0.506095 -1.22874 0.870481 1.11705 0.424067 0.665853 0.100687
242 -0.561095 0.181198 -0.348833 0.256176 0.0882902 -0.876246 0.0185068 0.707064 -0.162081 0.0492431 -0.338838 0.228834 -0.494623 -0.353999 -0.0221756 0.262923 -0.502289 -0.850347 0.461614 -0.25967 0.138083 0.901868 0.0457856 -0.437268 -0.0377785 0.533985 -1.13063 0.864676 1.12335 0.355159 0.671026 0.0998112
243 -0.516287 0.119563 -0.396 0.290832 0.0562118 -0.813569 0.121203 0.570564 -0.163636 0.0430366 -0.323302 0.305895 -0.518774 -0.267425 -0.0510434 0.262982 -0.415204 -0.731526 0.514051 -0.287303 0.0438411 0.912251 0.011672 -0.489587 0.0163504 0.618061 -1.05605 0.84378 1.05512 0.285447 0.654384 0.101559
244 -0.33695 0.0919859 -0.317951 0.213373 -0.000794823 -0.591029 0.236376 0.376195 -0.129992 -0.0991278 -0.261103 0.31277 -0.464252 -0.172506 -0.0592893 0.205192 -0.218902 -0.603019 0.506129 -0.297154 -0.0308702 0.814736 -0.0588172 -0.451847 0.062463 0.605719 -0.844804 0.772935 0.808085 0.220595 0.480728 0.044871
245 -0.314308 0.0886205 -0.379929 0.257399 0.00657747 -0.682073 0.305259 0.380906 -0.181032 -0.154128 -0.366908 0.379094 -0.518584 -0.231418 -0.000169606 0.228396 -0.184783 -0.642829 0.580429 -0.399625 -0.113569 0.93485 -0.127505 -0.484422 0.0690122 0.702697 -0.911413 0.851927 0.902637 0.242842 0.503412 -0.00287369
95 -0.127962 0.567284 -0.590257 1.35344 0.0907452 -0.135851 0.475786 -0.383211 -0.276122 0.592298 0.334291 0.0435987 -0.145305 -0.238385 -0.576022 -0.877273 0.101468 -0.701768 0.593235 0.221225 -0.290758 1.21174 0.435278 -0.210115 -0.209782 0.893424 -0.908459 0.447646 0.352031 -0.0862701 -0.175936 0.798107
94 -0.092658 0.512792 -0.474498 1.07736 0.0739423 -0.0925329 0.414854 -0.31867 -0.221965 0.475817 0.27694 0.0887352 -0.178455 -0.175225 -0.433213 -0.733238 0.110495 -0.65878 0.497273 0.176157 -0.2168 0.966138 0.360776 -0.202956 -0.133497 0.744379 -0.728178 0.38007 0.244372 -0.07475 -0.0944495 0.669094
271 -0.630592 0.214609 -0.251897 0.544853 0.217825 0.0169212 -0.247183 -0.249684 -0.278057 0.222994 0.585908 -0.566504 0.0337565 1.12102 0.147218 0.160632 -0.784066 -0.639314 0.421661 -0.0437819 0.345387 0.386712 0.201762 -0.964573 -0.121022 0.627618 -0.400708 0.89336 0.26856 -0.0430464 0.949614 -0.0248933
272 -0.629819 0.242904 -0.315639 0.574121 0.237319 0.030125 -0.222199 -0.275031 -0.331629 0.259295 0.606496 -0.600506 0.019515 1.24171 0.148968 0.149273 -0.857239 -0.703292 0.500023 -0.0834901 0.318955 0.442941 0.258971 -1.12385 -0.105105 0.710437 -0.475608 1.04464 0.329383 -0.0831293 1.05866 -0.0150812
273 -0.613726 0.22695 -0.351173 0.58154 0.271195 -0.0357193 -0.137397 -0.274044 -0.291332 0.331498 0.526532 -0.52587 -0.0143976 1.11004 0.124927 0.102176 -0.753734 -0.627877 0.52494 -0.0826389 0.255939 0.392259 0.259053 -1.01506 -0.084357 0.686021 -0.455669 0.974021 0.300817 -0.0757077 0.963277 0.0530852
274 -0.501399 0.231146 -0.348821 0.479096 0.2138 -0.0188745 -0.125589 -0.251762 -0.245052 0.286165 0.465511 -0.497434 -0.0212158 1.00458 0.156664 0.0751736 -0.698731 -0.533963 0.500238 -0.0873701 0.206073 0.382553 0.259838 -0.900066 -0.0520821 0.611271 -0.394407 0.897119 0.225084 -0.092186 0.851219 0.0626905
275 -0.528079 0.243485 -0.400211 0.518637 0.273352 -0.108026 -0.0022142 -0.291498 -0.213362 0.361548 0.461884 -0.446467 -0.0201386 0.966606 0.164325 0.0962227 -0.6697 -0.553261 0.508069 -0.101396 0.189216 0.385723 0.302074 -0.908046 -0.0129615 0.596757 -0.406337 0.886808 0.212719 -0.0986493 0.832729 0.145136
97 -0.146149 0.474759 -0.753689 1.19553 -0.0128192 -0.191619 0.384108 -0.334268 -0.333677 0.532189 0.237684 0.0299919 -0.227495 -0.0401117 -0.588943 -0.594547 0.180114 -0.943629 0.703077 0.23553 -0.396723 1.0391 0.258277 -0.172115 -0.257979 0.971907 -0.818966 0.343933 0.215448 -0.19369 -0.0154793 0.569064
98 -0.171735 0.374671 -0.796123 1.25637 -0.0226515 -0.328605 0.401044 -0.320982 -0.436239 0.629989 0.285791 -0.0250217 -0.313958 0.00868914 -0.612635 -0.527446 0.243317 -0.988955 0.748827 0.188558 -0.401844 0.997293 0.287078 -0.218819 -0.253675 0.986364 -0.79579 0.462168 0.160014 -0.188738 0.00158462 0.512881
99 -0.133464 0.215138 -0.746678 1.2281 -0.0189742 -0.49854 0.42698 -0.211539 -0.422841 0.654814 0.244933 -0.0739451 -0.324977 -0.00125317 -0.607198 -0.284119 0.262571 -0.981862 0.750818 0.164222 -0.424845 0.856147 0.27418 -0.212575 -0.264325 0.947724 -0.708831 0.498347 0.101214 -0.183001 0.0034442 0.354599
96 -0.166401 0.578358 -0.780095 1.36145 0.0313878 -0.157135 0.432889 -0.393265 -0.371302 0.564195 0.309995 0.0561886 -0.219111 -0.101214 -0.641032 -0.779001 0.222595 -0.975828 0.698867 0.265349 -0.376297 1.22681 0.332887 -0.186106 -0.272659 1.02043 -0.897413 0.406452 0.247891 -0.178987 -0.102894 0.666405
34 -0.253113 -0.603659 -0.011964 0.282515 -0.388572 0.239183 -0.402029 0.328845 -0.19947 0.702403 -0.111684 0.486213 -0.439721 0.383103 -0.21995 0.384629 -0.229267 -0.170037 0.55171 0.134447 -0.2063 0.766744 0.208592 -0.76667 0.165203 0.475624 -0.674653 0.382716 0.535211 0.178116 0.82276 0.898243
33 -0.331538 -0.682473 0.0455958 0.281335 -0.481259 0.277016 -0.452954 0.3011 -0.161912 0.797697 -0.0909795 0.513927 -0.519381 0.429924 -0.262495 0.491431 -0.290688 -0.191203 0.66663 0.195009 -0.277429 0.876808 0.271911 -0.861328 0.210979 0.575665 -0.814879 0.430012 0.602842 0.264896 0.936141 1.03977
35 -0.256893 -0.728264 -0.141485 0.364021 -0.37249 0.262222 -0.461561 0.460446 -0.298435 0.744725 -0.0713198 0.611446 -0.493028 0.473092 -0.190562 0.47257 -0.252817 -0.174943 0.686303 0.0959193 -0.219065 0.806959 0.201243 -0.95723 0.197659 0.513423 -0.80202 0.387385 0.672653 0.0556161 0.992779 1.11683
79 -0.143414 -0.193466 -0.72867 0.659387 0.0353607 -0.507762 -0.315076 0.102036 0.228976 1.11028 -0.413708 -0.460422 -0.25832 -0.525179 -0.244312 -0.0359382 -0.913996 0.498852 0.519412 0.410946 -0.0581024 0.262725 0.309331 -0.567411 0.53769 0.289747 -0.450629 1.12146 0.403051 -0.0272561 0.84656 0.739256
78 -0.229495 -0.136882 -0.716261 0.683275 0.0768086 -0.54629 -0.279717 0.0615898 0.181602 1.09874 -0.372353 -0.464856 -0.229012 -0.481399 -0.276977 -0.0502883 -0.86753 0.486083 0.487712 0.404034 -0.0175654 0.29106 0.351856 -0.53589 0.523185 0.281024 -0.414599 1.12327 0.396824 -0.0254596 0.843688 0.71786
80 -0.16611 -0.271711 -0.778635 0.718758 0.0113586 -0.549936 -0.341716 0.166076 0.307181 1.29321 -0.470889 -0.470673 -0.311877 -0.64964 -0.292808 -0.0736375 -0.983732 0.592734 0.5775 0.433847 -0.0631091 0.307836 0.317517 -0.634682 0.588945 0.271908 -0.512222 1.199 0.427443 0.0262898 0.882821 0.801147
77 -0.461629 0.0111908 -0.621256 0.577024 0.175921 -0.645769 -0.249725 -0.0730425 -0.245418 0.673297 -0.329971 -0.438192 0.0968755 -0.148546 -0.26679 -0.132792 -0.740729 0.339108 0.280181 0.399132 0.0727648 0.221531 0.34972 -0.28889 0.423105 0.250791 -0.265423 1.20399 0.480382 -0.164832 0.927398 0.749996
81 -0.109248 -0.257692 -0.725777 0.820665 0.0739155 -0.600712 -0.20735 0.234037 0.407561 1.43192 -0.459315 -0.270558 -0.322739 -0.753387 -0.356708 -0.0727089 -0.997524 0.625983 0.613056 0.261353 -0.116305 0.417929 0.403055 -0.685702 0.487949 0.204015 -0.611983 1.16367 0.430281 0.201822 0.79347 0.805525
82 -0.0930876 -0.240288 -0.621172 0.690497 0.068019 -0.505697 -0.186004 0.193484 0.38398 1.24686 -0.391609 -0.204896 -0.250725 -0.721385 -0.301218 -0.117117 -0.869299 0.622904 0.516662 0.202338 -0.0940813 0.409813 0.366193 -0.622701 0.405825 0.159222 -0.545633 1.02043 0.402727 0.197651 0.704336 0.731798
23 -0.512298 -0.25282 0.020368 0.10799 -0.024246 -0.309678 -0.873987 -0.573805 0.04656 0.831014 0.088666 -0.21554 -0.871819 0.550017 -1.07878 -0.296243 -0.642542 -0.673011 0.121732 0.281178 -0.75337 0.513333 0.208551 -0.380006 1.01903 0.131368 -0.0537908 1.20209 -0.058668 0.30446 0.166287 0.0809385
160 -0.997112 0.130291 0.495521 0.00148677 0.314032 -0.199118 -0.115593 0.106161 0.588477 -0.636905 0.557366 0.0514204 -0.538635 -0.00457141 -0.53555 0.0236553 -0.276229 -0.520981 0.645963 -0.438228 0.226742 0.819367 0.310587 -0.651126 0.77505 0.826625 -0.322886 1.09377 0.768151 0.101425 0.902322 0.57317
173 -0.392606 0.0214424 0.448628 0.617434 0.26973 -0.624752 0.273739 -0.678942 -0.245566 0.963769 0.868809 0.221994 -0.729927 -0.123325 -0.436925 0.0226284 -0.163708 -0.438107 0.598219 -0.202769 0.513833 0.0578045 0.806174 -0.821921 0.106752 0.821795 -0.250893 0.418177 0.155563 -0.248404 0.244451 0.691998
172 -0.462213 -0.0171484 0.327722 0.655867 0.305256 -0.604155 0.208483 -0.520147 -0.211488 0.90896 0.666386 0.126213 -0.570078 -0.13197 -0.380622 -0.0586636 -0.141098 -0.410429 0.530913 -0.262731 0.472503 0.145799 0.702281 -0.698678 0.178512 0.826993 -0.204847 0.331142 0.152484 -0.119163 0.280352 0.62028
117 0.104196 -0.170919 -0.199822 0.18511 0.494805 -0.711902 0.0986991 -0.0186939 -0.355562 1.32421 0.227703 0.00912268 0.104428 0.147467 -0.359185 -0.309445 0.0651977 -0.0793678 0.310735 0.141118 -0.328072 0.441418 0.130009 -1.13005 0.428737 0.379602 -0.276629 1.14813 -0.13453 -0.350623 0.464649 -0.358572
116 0.0813302 -0.0255791 -0.215654 0.214832 0.574145 -0.79837 0.165065 0.0672926 -0.610187 1.51802 0.0323272 0.236969 0.153322 0.259848 -0.521178 -0.228791 0.132547 -0.0799945 0.351696 0.268454 -0.133599 0.410919 0.129526 -1.03983 0.68454 0.473908 -0.506204 1.36606 -0.271292 -0.32314 0.522584 -0.398856
219 -0.353537 0.660957 -0.72221 0.250638 0.019691 -0.386538 0.168131 -0.558126 -0.272022 0.970407 -0.322333 0.344797 -0.554293 -0.00181838 -1.20465 -0.534909 -0.379138 -0.084225 0.872044 -0.489443 0.245841 -0.406733 0.763004 -0.818091 -0.236266 0.919454 -0.782896 0.474861 0.472401 0.161437 0.297991 -0.0962248
220 -0.385776 0.555483 -0.671628 0.337455 -0.0931167 -0.344726 0.206173 -0.482813 -0.198889 0.931503 -0.265463 0.27501 -0.43043 0.0309366 -1.14922 -0.430619 -0.305293 -0.0163635 0.776907 -0.35902 0.294106 -0.295164 0.727114 -0.669844 -0.206848 0.815047 -0.684975 0.452308 0.360737 0.130373 0.168556 -0.119363
279 -0.672476 0.298894 -1.14487 0.799443 0.492107 -1.1164 0.858581 -0.473734 0.268631 0.87208 0.277051 -0.0949108 -0.321064 0.331891 0.375229 -0.009764 -0.610592 -0.793608 0.410241 -0.341697 -0.0884943 0.660178 0.338246 -0.456112 0.644129 0.341686 -0.702387 0.713344 -0.218229 -0.0815953 0.661768 0.918545
278 -0.561614 0.269592 -0.953698 0.739485 0.455072 -0.924595 0.723892 -0.413741 0.173999 0.82544 0.226525 -0.0834655 -0.25151 0.322288 0.233258 -0.0054114 -0.532205 -0.685323 0.410489 -0.319219 -0.0958782 0.545143 0.315734 -0.512338 0.509888 0.399109 -0.625143 0.710404 -0.131538 -0.0589447 0.599483 0.748976
276 -0.50782 0.242224 -0.635848 0.656753 0.339206 -0.56567 0.373341 -0.3206 -0.0327997 0.671027 0.290715 -0.153434 -0.203751 0.495325 0.0369797 -0.00625182 -0.544532 -0.643427 0.474094 -0.223129 -0.0223702 0.497099 0.354699 -0.738839 0.313877 0.579201 -0.543247 0.89332 0.103159 -0.0452629 0.6671 0.489421
277 -0.442776 0.198975 -0.583628 0.634725 0.300115 -0.614996 0.422203 -0.264364 0.029824 0.712772 0.184012 -0.0281694 -0.243978 0.332567 -0.0770936 -0.0685387 -0.477312 -0.606025 0.485061 -0.230321 -0.110115 0.515618 0.399732 -0.676043 0.360173 0.562966 -0.549118 0.877981 0.110411 0.0284306 0.595771 0.531331
127 0.464705 -0.0862541 -0.385439 -0.406847 0.0611009 -0.22226 -0.167141 0.179686 0.465188 0.454767 -0.0970812 -0.390823 -0.117332 0.218248 -0.106314 -0.214524 -0.136658 -0.11696 0.233617 0.0813412 -0.028613 0.691185 0.15308 -1.13851 -0.227057 0.850645 0.0163647 1.12612 0.529456 -0.211302 0.87425 0.294412
218 -0.060344 0.748271 -0.647111 0.192066 0.2786 -0.40888 -0.0286119 -0.431386 -0.220817 0.872958 -0.317401 0.361636 -0.716031 -0.211019 -0.964015 -0.629466 -0.568566 -0.284583 0.733621 -0.558933 0.00554366 -0.534264 0.568346 -0.841828 -0.371303 0.911893 -0.657873 0.345616 0.621603 0.235241 0.389807 0.099714
216 0.0341568 0.773047 -0.625013 0.224941 0.430257 -0.426943 -0.0743724 -0.460959 -0.1903 0.875809 -0.30854 0.380025 -0.728947 -0.263479 -0.807585 -0.612418 -0.662801 -0.420894 0.682806 -0.581527 -0.100214 -0.546453 0.520814 -0.880793 -0.442695 0.955443 -0.623209 0.310208 0.670442 0.233396 0.397159 0.142288
215 0.249378 0.798689 -0.464609 0.17734 0.632715 -0.388253 -0.0885361 -0.354472 -0.0689421 0.713994 -0.336003 0.478232 -0.782562 -0.333407 -0.532289 -0.551787 -0.78413 -0.602948 0.644898 -0.652863 -0.367197 -0.405791 0.42396 -0.846851 -0.452119 0.962082 -0.490643 0.268741 0.75738 0.21546 0.491737 0.323244
213 0.300042 0.752849 -0.381673 0.290272 0.75697 -0.45225 -0.0413409 -0.263457 0.0910206 0.623694 -0.309837 0.485799 -0.642987 -0.343456 -0.314175 -0.452024 -0.877012 -0.748182 0.586636 -0.57782 -0.598898 -0.132925 0.342853 -0.798617 -0.419791 0.918837 -0.37587 0.315418 0.739022 0.18657 0.438398 0.431461
212 0.364816 0.669021 -0.308627 0.468698 0.92931 -0.460433 0.121957 -0.146325 0.357164 0.514692 -0.297899 0.568672 -0.505467 -0.377455 -0.0861545 -0.22466 -0.905573 -0.824716 0.738746 -0.550869 -0.873585 0.193949 0.342655 -0.79039 -0.294107 0.895401 -0.205755 0.42011 0.647672 0.0941869 0.3261 0.557245
210 0.249038 0.565771 -0.34427 0.74535 1.00342 -0.540871 0.247471 -0.110485 0.522591 0.551609 -0.224284 0.568787 -0.328541 -0.37748 0.0391092 0.00907097 -0.850824 -0.856131 0.784322 -0.459826 -0.993081 0.386412 0.349322 -0.729455 -0.18447 0.904226 -0.132752 0.413772 0.536271 0.00137307 0.215581 0.626445
253 0.298801 -0.166642 0.146964 0.229204 -0.140055 0.0726386 0.356032 -0.443567 -0.499422 -0.427451 -0.0300696 -0.0121867 -0.0669617 0.282069 -0.377398 -0.207178 -0.219755 -0.0874244 0.758473 -0.63318 -0.638379 0.711057 -0.337402 -0.748028 0.733831 1.27232 -0.772919 1.05148 0.175413 -0.100646 0.619199 0.130654
12 -0.694435 0.256314 -0.2494 1.43066 0.247406 -0.390057 0.0418979 0.18783 -0.0175116 1.01858 -0.136143 0.255158 -0.514681 0.606897 -0.429647 -0.310096 -0.572757 -0.48924 0.736677 -0.206043 -0.474082 0.114173 0.155069 -0.339859 -0.0920142 -0.242948 0.052068 1.10178 0.857495 0.0311058 0.545726 0.688621
11 -0.635731 0.291969 -0.291339 1.33707 0.222564 -0.411969 0.186397 0.195529 -0.099309 1.04816 -0.145613 0.255904 -0.362197 0.343431 -0.292436 -0.334782 -0.443877 -0.482013 0.611391 -0.213454 -0.369496 0.180315 0.252356 -0.415294 -0.0939538 -0.153125 -0.0407494 0.906644 0.626011 0.141484 0.459203 0.617381
10 -0.562955 0.267554 -0.31671 1.22447 0.163148 -0.398649 0.253972 0.187828 -0.15414 0.98894 -0.131874 0.215251 -0.318945 0.226305 -0.234356 -0.328037 -0.377314 -0.471966 0.593756 -0.238187 -0.314043 0.24139 0.28986 -0.486072 -0.0868784 -0.0522448 -0.0948315 0.85159 0.565343 0.182681 0.40541 0.553653
9 -0.584307 0.344022 -0.342402 1.26239 0.208975 -0.443272 0.337295 0.166386 -0.30228 1.11655 -0.176388 0.263295 -0.320258 0.11916 -0.21504 -0.415208 -0.338746 -0.453799 0.525373 -0.284106 -0.339714 0.28937 0.309909 -0.509968 -0.0709132 -0.112196 -0.0374492 0.837612 0.469117 0.227908 0.4453 0.529082
8 -0.610385 0.459692 -0.439712 1.21206 0.141218 -0.525343 0.558331 0.147454 -0.543455 1.2417 -0.269556 0.286002 -0.355003 -0.0786066 -0.169852 -0.568539 -0.298894 -0.465629 0.393297 -0.409988 -0.338104 0.479416 0.447855 -0.649746 -0.0095078 -0.102825 0.0310046 0.872097 0.216359 0.394105 0.478235 0.554494
241 -0.431062 0.161923 -0.263304 0.199089 0.0642008 -0.731326 -0.035428 0.623094 -0.141878 0.173908 -0.261436 0.120101 -0.379197 -0.335071 -0.024976 0.195857 -0.489038 -0.659709 0.34341 -0.213456 0.144095 0.653662 0.020087 -0.246755 -0.0224032 0.35276 -0.94675 0.666874 0.890911 0.283599 0.48438 0.114231
63 -0.535856 0.580619 0.050729 -0.454136 0.28016 0.192331 0.440414 -0.263348 -0.0215046 0.392458 -0.174346 -0.021989 -0.198652 0.149892 -0.668867 0.125029 -0.370081 -1.00417 0.0257804 0.342113 -0.780248 -0.102727 0.207486 -0.788131 0.534373 1.15305 -0.609916 0.687807 0.0999635 0.533754 0.823079 0.32097
62 -0.54173 0.5615 0.0323065 -0.43593 0.12005 0.22529 0.631567 -0.177542 0.140984 0.522814 -0.18494 -0.0834475 -0.286979 0.0545589 -0.687926 0.187641 -0.347804 -1.14894 -0.0586905 0.314213 -0.911411 -0.0330943 0.378463 -0.957358 0.56612 1.27902 -0.846473 0.575898 0.0457299 0.653583 0.730121 0.339034
64 -0.517731 0.532231 0.0907922 -0.403569 0.301271 0.156677 0.432687 -0.244878 -0.0265385 0.365568 -0.169734 -0.0201915 -0.191348 0.172568 -0.582179 0.127548 -0.332887 -0.887341 0.0842606 0.311893 -0.714934 -0.11392 0.158832 -0.689589 0.483911 1.03943 -0.532492 0.590543 0.0771327 0.457575 0.756043 0.288677
138 0.440085 0.390729 -0.56063 -0.207408 -0.259396 0.332135 0.10212 0.151224 0.134505 -0.154915 0.115967 0.0809541 -0.536227 0.739355 -0.471199 -0.315 -0.620285 -0.121135 0.280305 0.350557 0.28405 0.647921 1.00487 -1.0715 -0.0373873 1.21037 -0.496978 1.0136 0.0731351 0.808458 0.489997 0.32744
140 0.191151 0.420589 -0.598179 -0.132697 -0.245662 0.122417 0.144288 0.229644 0.0474782 -0.0778167 0.210973 -0.0149661 -0.521442 0.787484 -0.595156 -0.365978 -0.617951 -0.0965562 0.0997588 0.437806 0.279794 0.713205 0.984624 -1.04409 -0.012308 0.98817 -0.535037 0.973435 0.201339 1.00418 0.38827 0.274723
270 -0.752922 0.214865 -0.288193 0.586301 0.254921 -0.00781919 -0.255446 -0.279334 -0.337158 0.322878 0.670821 -0.642691 -0.0221814 1.31924 0.0787873 0.15779 -0.876437 -0.816929 0.468624 -0.0500346 0.350022 0.412212 0.220912 -1.20633 -0.149757 0.733165 -0.472024 1.04908 0.342226 -0.0379176 1.09096 -0.0312926
88 -0.0786829 0.289194 0.0851241 0.932606 0.487733 -0.550996 0.510298 -0.00535724 0.154457 0.900388 0.0954251 -0.107098 0.182164 -0.657659 -0.565276 -0.566926 -0.623431 0.411797 0.270065 -0.157742 -0.0836321 0.73987 0.869333 -0.35431 0.277506 0.276797 -0.359548 1.08088 0.542489 0.407824 -0.0145831 0.69197
299 -0.231071 0.700146 -0.338667 0.430024 0.411594 -0.348336 0.929213 -0.765678 -0.642472 1.0079 -0.0436742 0.503937 -0.772536 -0.083423 -0.333369 -0.365435 0.172559 -0.0268994 0.595563 -0.705259 0.0128263 1.07389 0.848388 -0.40333 0.617381 0.355099 -0.0836774 0.887945 0.087318 -0.0263152 1.05084 0.0796344
0 -0.299848 0.791106 -0.298109 0.503126 0.378052 -0.41713 0.852142 -0.765711 -0.723158 0.999913 -0.14267 0.546403 -0.734074 -0.088269 -0.211975 -0.380216 0.23983 -0.041988 0.547317 -0.782027 0.035182 1.18719 0.833806 -0.529089 0.608161 0.314882 0.0200884 0.97174 0.0979759 0.0920761 0.985902 0.122515
1 -0.291424 0.737174 -0.261043 0.478405 0.298465 -0.400671 0.732648 -0.626547 -0.619344 0.942534 -0.139863 0.46528 -0.653473 -0.115073 -0.169554 -0.372544 0.161457 -0.032843 0.43359 -0.666744 0.0124561 0.99255 0.72388 -0.476158 0.508697 0.199126 0.0597417 0.818664 0.0791015 0.161924 0.799224 0.140147
2 -0.385147 0.811724 -0.29228 0.607038 0.317683 -0.489141 0.807372 -0.590311 -0.726671 1.02754 -0.17446 0.50315 -0.680507 -0.0785383 -0.198837 -0.471545 0.108499 -0.114932 0.468697 -0.707755 -0.0306111 1.09245 0.772206 -0.61395 0.5473 0.250897 0.0412346 1.01209 0.0843573 0.235138 0.885889 0.21223
3 -0.587865 0.859391 -0.282418 0.944851 0.216163 -0.588257 0.723001 -0.351123 -0.876565 1.17153 -0.330727 0.483906 -0.574322 -0.19134 -0.115243 -0.652227 -0.00326435 -0.265403 0.330009 -0.685115 -0.111814 1.09565 0.679514 -0.753336 0.319247 -0.00429309 0.213598 1.02513 0.0728586 0.435487 0.70023 0.394885
4 -0.506004 0.711835 -0.290266 0.867993 0.152115 -0.502031 0.693282 -0.192824 -0.742057 1.02082 -0.289563 0.420126 -0.486976 -0.141986 -0.120601 -0.560502 -0.0296466 -0.315739 0.288117 -0.617905 -0.134965 0.877926 0.584398 -0.606051 0.249259 -0.00905234 0.160441 0.882551 0.0169489 0.399999 0.568976 0.358068
60 -0.469335 0.511273 -0.0297156 -0.343499 0.0689836 0.243088 0.669193 -0.115381 0.214827 0.568331 -0.102338 -0.11266 -0.233994 -0.0344597 -0.63571 0.158199 -0.338222 -1.11084 -0.077565 0.2493 -0.87076 0.0200251 0.416089 -0.979227 0.54408 1.24818 -0.889058 0.496406 0.0476887 0.607058 0.616276 0.302772
190 0.218825 -0.611257 0.633856 0.72048 0.249118 0.165526 0.00373735 -0.118464 -0.188476 0.0249077 -0.00706385 0.195033 -0.0368353 -0.0717347 -0.0379883 -0.0306854 0.113868 -0.445232 0.145839 -0.486178 0.0104044 0.575328 0.524751 -0.649031 0.673708 0.339268 -0.851203 1.50609 0.131791 -0.100086 0.623895 0.583422
189 0.186952 -0.507145 0.69231 0.70035 0.161806 0.127213 0.0504059 -0.212754 -0.106132 0.0371005 0.0204494 0.226337 -0.0169903 -0.00558594 -0.0366932 0.0549795 0.160887 -0.499693 0.151447 -0.421822 0.02703 0.616811 0.691206 -0.776042 0.618202 0.264392 -0.948314 1.6197 0.134439 -0.245811 0.68983 0.533266
191 0.331649 -0.742894 0.696983 0.921853 0.328456 0.245825 -0.14136 -0.164261 -0.330942 0.0689775 -0.075142 0.172282 -0.0875851 -0.0581645 0.0326361 -0.0497882 0.0993751 -0.474941 0.261907 -0.583388 0.0838517 0.645393 0.597961 -0.744132 0.681403 0.372407 -0.914469 1.77785 0.101641 -0.0517669 0.75972 0.660277
269 -0.811207 0.0584739 -0.199164 0.617965 0.288483 -0.0560204 -0.191063 -0.278168 -0.351135 0.302197 0.672252 -0.592156 0.00538449 1.38402 0.0492282 0.0833066 -0.901967 -0.978172 0.431752 -0.112636 0.299683 0.33697 0.156669 -1.30664 -0.151418 0.803716 -0.548698 1.03778 0.378741 0.0467136 1.04101 -0.0692288
267 -0.801207 -0.0134541 -0.179907 0.612578 0.245556 -0.0766685 -0.101993 -0.31191 -0.372711 0.289367 0.632227 -0.585032 0.0197483 1.38215 0.00980168 0.0591291 -0.821401 -0.957462 0.394049 -0.0841279 0.279716 0.205593 0.146106 -1.2667 -0.129072 0.754696 -0.565658 0.972212 0.330582 0.0987871 0.92151 -0.119349
268 -0.69949 0.048322 -0.162603 0.489467 0.20208 -0.0204764 -0.160139 -0.267653 -0.336774 0.234372 0.575791 -0.497102 -0.0351223 1.22853 -0.00993204 0.0764943 -0.758067 -0.862983 0.404981 -0.0793676 0.27934 0.271574 0.147 -1.15154 -0.112291 0.710589 -0.507794 0.922381 0.287781 0.0268836 0.884361 -0.089019
266 -0.716879 -0.280915 -0.159071 0.522259 0.30292 -0.393979 0.141829 -0.311083 -0.207641 0.286379 0.391822 -0.480405 0.0935181 1.11645 -0.0941698 -0.082816 -0.506343 -0.813016 0.291865 -0.255368 0.091275 -0.104191 0.271857 -1.02899 0.0904883 0.68875 -0.54997 0.741027 0.292306 0.193129 0.611105 0.0426166
112 -0.0742957 0.0608276 -0.232232 0.38641 0.302135 -0.77882 0.352052 0.100391 -0.56017 1.24142 -0.0861057 0.223901 0.0418181 0.229803 -0.477698 0.0318746 0.0840231 -0.376903 0.480653 0.172383 -0.0392194 0.282723 0.236437 -0.695489 0.555534 0.464649 -0.546941 0.986575 -0.273615 0.00640528 0.378224 -0.15792
44 0.0504288 -0.329073 -0.608734 -0.104051 -0.0145081 -0.591761 0.256424 0.828922 -0.371079 0.787399 0.852023 0.390794 -0.0781027 0.197591 -0.0773511 0.208192 -0.434313 0.0740954 0.331498 -0.436398 -0.112313 0.483317 0.26228 -1.37126 0.43589 0.252001 -0.879738 1.30942 0.463507 0.247141 -0.163607 0.440212
43 0.0580843 -0.352339 -0.530532 -0.0392479 -0.00924855 -0.552628 0.205308 0.763921 -0.349502 0.667118 0.752229 0.391154 -0.0716911 0.200943 -0.0232947 0.250387 -0.363804 0.0688791 0.371749 -0.460225 -0.0501687 0.431819 0.221201 -1.24385 0.349194 0.192676 -0.738494 1.08944 0.484707 0.173412 -0.140109 0.449257
217 -0.0543011 0.701384 -0.549261 0.17089 0.240659 -0.339615 -0.0442507 -0.409817 -0.22526 0.842899 -0.265753 0.277829 -0.68909 -0.232285 -0.839695 -0.555231 -0.54879 -0.283751 0.666408 -0.480489 0.0378645 -0.495803 0.466074 -0.781198 -0.306845 0.812946 -0.63039 0.356054 0.604085 0.220226 0.384771 0.120313
214 0.298128 0.686181 -0.337429 0.179625 0.619086 -0.35115 -0.0898593 -0.246016 -0.031796 0.567964 -0.27846 0.40657 -0.640751 -0.302483 -0.303685 -0.495893 -0.695665 -0.60699 0.493792 -0.5338 -0.418834 -0.260482 0.31672 -0.697759 -0.410299 0.840573 -0.382055 0.253598 0.643297 0.153725 0.420737 0.330531
109 -0.0986637 -0.0715836 -0.360553 0.682645 0.0324855 -0.918702 0.471747 0.110442 -0.401974 1.00832 -0.0636307 -0.0580726 -0.282738 0.0879946 -0.540585 0.205657 0.1463 -0.707362 0.744416 0.0138301 -0.181648 0.22456 0.376284 -0.561488 0.332714 0.451888 -0.513814 0.842256 -0.272488 0.188231 0.33141 0.0487952
135 0.543178 0.279572 -0.671546 -0.219974 -0.250005 0.48358 -0.00608871 0.00221501 0.213715 -0.0843571 -0.0728532 0.0744085 -0.406742 0.700973 -0.321109 -0.244781 -0.635665 -0.422257 0.612636 0.140061 0.252256 0.570661 0.849469 -1.04794 -0.146566 1.34836 -0.293261 1.04152 -0.00667478 0.341419 0.559568 0.427387
137 0.515699 0.36283 -0.604341 -0.205952 -0.290048 0.467406 0.0573726 0.0561398 0.150455 -0.109763 0.0482194 0.115477 -0.5031 0.769424 -0.402606 -0.262816 -0.649123 -0.302234 0.500253 0.2132 0.302017 0.601156 0.966611 -1.04004 -0.0610339 1.37129 -0.449135 1.07807 -0.00273455 0.550711 0.551026 0.416819
134 0.638966 0.268598 -0.791251 -0.354585 -0.277913 0.432139 -0.083192 -0.0152011 0.348618 0.0665746 -0.269301 -0.00357934 -0.241854 0.702785 -0.259934 -0.216112 -0.627877 -0.57934 0.737934 0.0309484 0.209901 0.645465 0.790212 -1.13652 -0.252186 1.39105 -0.178053 1.11157 0.0265622 0.0503742 0.618089 0.519872
133 0.520138 0.203039 -0.668699 -0.340547 -0.259137 0.3087 -0.0902803 0.0230457 0.314242 0.0908995 -0.269958 -0.0592803 -0.174146 0.566753 -0.247326 -0.191354 -0.519517 -0.491778 0.645282 0.0184202 0.206417 0.565032 0.62187 -1.01666 -0.252643 1.15962 -0.124781 1.00316 0.111378 -0.00569801 0.576483 0.42102
132 0.614004 0.207991 -0.75638 -0.42696 -0.286296 0.286876 -0.118579 0.0394766 0.423343 0.125103 -0.346418 -0.105901 -0.174079 0.595894 -0.302121 -0.196407 -0.554263 -0.607074 0.746148 0.0499817 0.17313 0.711376 0.686849 -1.21494 -0.289665 1.35078 -0.168448 1.23946 0.195953 -0.0473144 0.71788 0.540814
250 0.462764 -0.116862 0.0749808 0.0707842 -0.280187 -0.00880352 0.578538 -0.38949 -0.273191 -0.382503 -0.181946 0.267985 -0.319411 0.202004 -0.376585 -0.19682 0.0710168 -0.291383 0.92731 -0.662884 -0.626573 1.02529 -0.310411 -0.647 0.622854 1.17652 -0.651896 1.24275 0.235188 0.0596063 0.550842 -0.0398673
83 -0.0682859 -0.213745 -0.557854 0.749144 0.125728 -0.541485 -0.0975506 0.214188 0.42796 1.30818 -0.399067 -0.232746 -0.208455 -0.827112 -0.404514 -0.153967 -0.940848 0.691082 0.588115 0.1828 -0.117101 0.456764 0.461727 -0.603937 0.477495 0.171647 -0.547375 1.12906 0.405012 0.259768 0.701031 0.746692
154 -1.03144 0.0506742 0.450441 1.08084 -0.0929321 -0.791481 0.283843 -0.172034 0.275383 0.999884 -0.00494619 0.486537 -0.500161 0.427468 -0.832811 0.0270433 -0.595578 -0.236632 0.129406 0.0701551 0.0519856 0.426703 0.0927291 -0.729944 0.574096 0.731684 0.221734 0.418976 0.432114 0.258258 0.410672 0.190719
5 -0.585413 0.668861 -0.331976 1.04522 0.151418 -0.539239 0.674525 -0.102842 -0.81325 1.25161 -0.359504 0.420782 -0.524397 -0.157844 -0.154154 -0.648487 -0.13707 -0.382546 0.33344 -0.622445 -0.186253 0.847089 0.588523 -0.724061 0.190353 -0.0634114 0.165963 1.07613 0.0753437 0.450124 0.655672 0.457602
257 -0.018647 -0.529767 -0.0115746 0.337686 0.176056 -0.474535 0.482744 -0.552887 -0.323157 -0.139589 -0.0255989 -0.337793 0.164719 0.540464 -0.337706 -0.344724 -0.148849 -0.120401 0.456474 -0.73476 -0.50686 -0.0388009 -0.0241835 -0.726501 0.799822 1.22823 -0.826867 0.848074 0.239481 0.0449068 0.481491 0.42198
37 -0.153404 -0.597539 -0.498631 0.432511 -0.14127 -0.117543 -0.265714 0.55268 -0.322143 0.584409 0.117341 0.526559 -0.356533 0.408018 -0.102506 0.322787 -0.172876 0.0123512 0.713747 -0.234247 0.0274107 0.526553 0.0654619 -0.963396 0.226791 0.249056 -0.657028 0.338796 0.625838 -0.225436 0.547588 0.860508
36 -0.254266 -0.719656 -0.437118 0.461084 -0.297529 0.0369064 -0.377414 0.573999 -0.32407 0.736754 0.0484828 0.596663 -0.457104 0.531585 -0.137247 0.40414 -0.233302 -0.0249932 0.799461 -0.0974269 -0.0533522 0.643774 0.117175 -1.07471 0.188784 0.392898 -0.753587 0.320867 0.704597 -0.177648 0.782823 1.07906
61 -0.488832 0.547763 0.0461801 -0.403733 0.102743 0.257555 0.674268 -0.124183 0.157695 0.502958 -0.188005 -0.136575 -0.282469 0.0159342 -0.595664 0.193793 -0.297131 -1.07397 -0.0481692 0.25446 -0.901282 -0.039936 0.429691 -0.965381 0.552967 1.22548 -0.865924 0.460703 0.0331825 0.613276 0.665794 0.32501
50 -0.132165 -0.150168 -0.868462 0.489588 0.244719 -0.298141 0.290376 0.240771 -0.0965363 0.863019 0.870207 0.300459 0.66152 -0.0887258 -0.101543 -0.241109 -0.582743 -0.826958 -0.393123 0.290816 -0.279852 0.527228 0.263536 -1.31873 0.481548 0.588569 -0.7482 1.03858 0.316944 0.215017 -0.00179358 0.458168
211 0.287993 0.573245 -0.319896 0.555838 0.891411 -0.486308 0.187966 -0.0758931 0.43322 0.501044 -0.253606 0.522187 -0.365241 -0.335668 0.0457505 -0.0696785 -0.845841 -0.810497 0.681277 -0.440657 -0.893279 0.313724 0.293897 -0.692559 -0.225875 0.808907 -0.154995 0.369331 0.531828 0.0729889 0.253628 0.584197
7 -0.555057 0.396904 -0.422074 1.13279 0.108626 -0.468334 0.502047 0.132253 -0.514113 1.12037 -0.230558 0.281043 -0.314794 -0.0308593 -0.1664 -0.519241 -0.222973 -0.505006 0.311739 -0.34975 -0.330343 0.444964 0.35534 -0.559551 -0.0239099 -0.13651 0.0343057 0.749286 0.175894 0.379542 0.372406 0.473465
6 -0.64601 0.601473 -0.451246 1.23203 0.121166 -0.571774 0.677244 0.0899028 -0.757233 1.32829 -0.356969 0.361026 -0.445756 -0.126566 -0.148056 -0.678361 -0.206701 -0.530601 0.344789 -0.521614 -0.312824 0.655289 0.499672 -0.680934 0.0406158 -0.151245 0.100267 0.938711 0.123569 0.512415 0.547758 0.520292
19 -0.486601 0.0718459 -0.230812 0.235605 0.191162 -0.349382 -0.621175 -0.470572 0.0581519 0.702088 0.0467977 -0.0382462 -0.870494 0.63127 -0.845397 -0.398726 -0.644204 -0.658399 0.132163 0.129088 -0.696452 0.372055 0.0488317 -0.212659 0.890151 -0.120986 0.0318545 1.295 0.230617 -0.0719079 0.192537 0.231734
262 -0.537946 -0.766043 -0.161847 0.472888 0.447641 -0.982793 0.581024 -0.397507 0.00155652 0.307826 0.0135055 -0.387861 0.258522 0.741688 -0.269529 -0.338073 -0.0981884 -0.604637 0.205408 -0.593707 -0.177672 -0.657565 0.701552 -0.785103 0.649517 0.740263 -0.725168 0.73588 0.371813 0.422194 0.265036 0.551244
263 -0.596434 -0.830579 -0.197277 0.526256 0.488542 -0.996814 0.590611 -0.401597 -0.0144058 0.312605 0.0675935 -0.454616 0.308681 0.840185 -0.288365 -0.361038 -0.146007 -0.66797 0.235163 -0.61076 -0.145866 -0.631258 0.702884 -0.884238 0.607978 0.755951 -0.751528 0.785642 0.407743 0.457255 0.315183 0.539807
261 -0.537577 -0.783042 -0.194527 0.45132 0.4636 -0.968584 0.617559 -0.432556 0.0345156 0.285635 0.0296944 -0.40892 0.280268 0.722412 -0.309129 -0.357428 -0.105713 -0.593734 0.224596 -0.653133 -0.167362 -0.62889 0.705778 -0.826641 0.647208 0.830713 -0.775639 0.780299 0.393539 0.474882 0.289971 0.58125
264 -0.651772 -0.547477 -0.204881 0.537119 0.4195 -0.727124 0.422033 -0.329279 -0.0830645 0.350412 0.19965 -0.440339 0.167256 0.936348 -0.165934 -0.197913 -0.327502 -0.742266 0.264785 -0.441974 -0.0559765 -0.388022 0.508155 -0.912241 0.358063 0.662634 -0.649119 0.719844 0.303366 0.336778 0.432457 0.298708
284 -0.386446 0.0991607 -0.965558 0.452805 0.439116 -1.13706 0.855053 -0.151773 0.480296 0.715627 0.258733 -0.0134295 -0.435376 0.479436 0.514019 -0.172867 -0.86455 -0.736096 0.568428 -0.421445 -0.348009 0.427028 0.595647 -0.356604 0.68366 0.411828 -0.753469 0.578721 -0.220731 -0.139663 0.528391 1.00281
283 -0.402822 0.0916823 -0.916815 0.47053 0.41807 -1.02863 0.774647 -0.234363 0.381881 0.639842 0.265723 -0.0872939 -0.312269 0.331972 0.492624 -0.0987109 -0.688538 -0.68865 0.394853 -0.371768 -0.206492 0.421821 0.432278 -0.301458 0.566484 0.276584 -0.611691 0.480805 -0.221733 -0.0953009 0.459981 0.84123
282 -0.547113 0.182596 -1.09794 0.618312 0.499034 -1.18162 0.916329 -0.320283 0.398738 0.803496 0.315203 -0.0735263 -0.336342 0.373687 0.490094 -0.118767 -0.755579 -0.781071 0.454657 -0.417656 -0.212683 0.546203 0.461466 -0.384873 0.685119 0.319776 -0.741642 0.583449 -0.25128 -0.115275 0.563448 0.966135
281 -0.599017 0.261463 -1.13849 0.68762 0.523904 -1.12715 0.869515 -0.440968 0.301143 0.855523 0.275094 -0.106785 -0.30429 0.35064 0.438038 -0.00891285 -0.664347 -0.788937 0.439478 -0.378386 -0.110899 0.61997 0.344553 -0.427655 0.628952 0.312821 -0.695347 0.67694 -0.233468 -0.0753848 0.623886 0.884211
136 0.487084 0.247596 -0.557613 -0.164601 -0.20987 0.444886 -0.00826043 0.0329658 0.163774 -0.115615 0.00488588 0.0823002 -0.430355 0.687729 -0.27231 -0.199076 -0.601192 -0.332259 0.489035 0.140577 0.249681 0.533457 0.796098 -0.931585 -0.0952802 1.22886 -0.329049 0.94922 -0.0429008 0.41361 0.512448 0.381725
265 -0.542144 -0.299406 -0.186802 0.521173 0.329559 -0.539802 0.318511 -0.253218 -0.0908714 0.421508 0.221176 -0.264147 0.0239333 0.694272 -0.206507 -0.152859 -0.35286 -0.623038 0.287941 -0.295356 -0.0341908 -0.0866914 0.421304 -0.818637 0.280619 0.648064 -0.5465 0.706919 0.278232 0.229617 0.458153 0.251805
255 0.124966 -0.37014 0.0210229 0.318403 0.0548609 -0.283548 0.47174 -0.533583 -0.481252 -0.266063 0.0287029 -0.22569 0.0729243 0.491286 -0.431664 -0.326859 -0.294025 -0.0994794 0.673818 -0.73918 -0.651775 0.358716 -0.193168 -0.890882 0.849709 1.37244 -0.908959 0.976946 0.205325 -0.0727648 0.605905 0.366718
256 0.105075 -0.331712 0.0182152 0.309207 0.0612204 -0.293215 0.420249 -0.4893 -0.410885 -0.185141 0.00449845 -0.223475 0.0440032 0.42621 -0.333001 -0.268664 -0.25513 -0.0927056 0.5531 -0.654256 -0.575337 0.277774 -0.179108 -0.720575 0.761162 1.16256 -0.78943 0.858262 0.192301 -0.0502991 0.492746 0.318923
139 0.243573 0.37025 -0.467385 -0.0966848 -0.20373 0.201211 0.143756 0.159931 0.059009 -0.0879304 0.176971 0.0295881 -0.456399 0.696506 -0.448568 -0.295822 -0.562437 -0.0901619 0.182364 0.330833 0.243055 0.602387 0.858918 -0.946623 -0.00122934 0.983542 -0.50755 0.87928 0.145381 0.796686 0.437329 0.278011
280 -0.542137 0.251251 -0.995122 0.652803 0.463762 -0.967764 0.795775 -0.401501 0.253265 0.780694 0.242514 -0.0609804 -0.266469 0.311297 0.366016 0.00373559 -0.5065 -0.676689 0.362518 -0.299305 -0.104401 0.496079 0.279669 -0.386794 0.533666 0.271784 -0.559133 0.535747 -0.226645 -0.068298 0.532947 0.753456
13 -0.634991 0.256517 -0.256578 1.35739 0.260013 -0.335458 0.0705957 0.187954 0.0546322 0.938993 -0.138754 0.271852 -0.457444 0.625521 -0.385486 -0.348099 -0.589584 -0.507694 0.713146 -0.200042 -0.488009 0.0594473 0.0908013 -0.29671 -0.113864 -0.295502 0.0825706 1.03727 0.870362 0.0106982 0.547501 0.679271
14 -0.666274 0.257306 -0.220907 1.38371 0.26964 -0.294502 0.00461238 0.158738 0.0745906 0.918609 -0.117236 0.246703 -0.54425 0.671078 -0.444651 -0.356271 -0.629019 -0.506929 0.748247 -0.200999 -0.496719 0.093046 0.0881033 -0.289418 -0.0486621 -0.277749 0.0876962 1.12514 0.875561 -0.0266009 0.553883 0.703153
157 -1.00641 0.107993 0.517693 0.331575 0.138257 -0.356642 0.0064736 0.0320088 0.45901 -0.0962213 0.337543 0.185675 -0.46896 0.130524 -0.56698 0.037626 -0.345781 -0.33544 0.366819 -0.219454 0.2094 0.592957 0.135127 -0.563897 0.630332 0.70946 -0.0212387 0.608653 0.579526 0.158307 0.612876 0.389698
148 -0.832327 0.173794 -0.284984 0.714571 0.00756473 -0.716001 0.318385 0.139372 -0.119789 0.746516 -0.110232 0.166881 -0.307952 0.477678 -0.96487 -0.116869 -0.68856 -0.480016 -0.0915818 0.457861 0.230206 0.619693 0.557747 -1.02751 0.531921 0.166288 -0.0907134 0.544813 0.414502 0.540596 -0.026651 0.166539
118 0.135168 -0.189873 -0.261315 0.140736 0.388389 -0.596916 0.0741533 -0.0962618 -0.0758904 1.06221 0.272259 -0.203582 -0.0281993 0.0718256 -0.264688 -0.344659 -0.0296114 -0.102858 0.260433 0.0493647 -0.418432 0.485785 0.166408 -1.10636 0.228685 0.290402 -0.105361 0.945538 -0.00511819 -0.289144 0.487446 -0.222742
115 0.0374067 0.000440146 -0.160443 0.166871 0.51566 -0.707931 0.167745 0.0959875 -0.676311 1.37949 0.012759 0.321639 0.170701 0.257365 -0.504753 -0.104036 0.141868 -0.0829933 0.356317 0.255393 -0.0521548 0.326399 0.140598 -0.913896 0.696967 0.458347 -0.562141 1.29423 -0.27515 -0.287048 0.421941 -0.352884
100 -0.165693 0.0970167 -0.58166 0.947305 0.0329074 -0.590663 0.392438 -0.118439 -0.310455 0.671909 0.188457 -0.0533826 -0.275337 -0.0022591 -0.460397 -0.114937 0.102153 -0.68509 0.558947 0.081175 -0.26661 0.572206 0.263875 -0.222092 -0.14015 0.642447 -0.512951 0.507227 0.0613829 -0.08668 0.0801797 0.232171
