300 32
139 -0.118369 -0.0619126 0.341551 -0.224047 0.784961 0.648041 -0.264143 0.493073 0.0515787 -0.57225 0.559793 0.0647913 -0.0200923 0.199452 -0.228106 -0.0763848 -0.248397 -0.0990911 -1.04533 -0.628513 0.0322445 -0.477921 -0.131196 0.0458283 0.531157 0.934111 -0.352585 -0.780205 -0.0274672 -0.0475805 -0.698148 -0.18357
138 -0.176446 -0.167357 0.439599 -0.235399 1.01345 0.775343 -0.346138 0.623878 0.0912216 -0.649367 0.603664 0.137377 -0.0153193 0.240637 -0.301364 -0.0839353 -0.38189 -0.0934808 -1.25438 -0.755733 0.0396331 -0.625434 -0.201147 0.0202486 0.621222 1.18759 -0.523545 -0.970763 -0.0695675 -0.0159871 -0.871104 -0.145495
140 -0.00704618 -0.111478 0.316761 -0.190336 0.809168 0.725448 -0.328048 0.474726 0.0636272 -0.605392 0.698351 0.0446722 -0.137035 0.294318 -0.270391 -0.124151 -0.107604 -0.134825 -1.27888 -0.675959 0.0528019 -0.611121 -0.0902204 0.208278 0.613528 1.02575 -0.428038 -0.866399 0.0596126 -0.0286001 -0.785847 -0.252804
141 0.151111 -0.0061942 0.252771 -0.137234 0.554415 0.658269 -0.32212 0.286388 0.0454115 -0.768635 0.99031 -0.0505409 -0.249761 0.2452 -0.184827 -0.213166 0.188856 -0.202191 -1.35333 -0.781828 0.0425212 -0.693923 -0.00585275 0.270043 0.670397 0.908617 -0.367793 -0.77665 0.114158 -0.0573619 -0.842582 -0.341421
143 0.322175 0.116203 0.156019 -0.030879 0.346039 0.621357 -0.357155 0.147608 0.00568904 -0.86904 1.1428 -0.172699 -0.349903 0.196688 -0.17733 -0.205443 0.462404 -0.239482 -1.39662 -0.837557 0.113167 -0.811089 0.0259291 0.426122 0.74633 0.886519 -0.365176 -0.766685 0.281953 -0.129185 -0.858039 -0.4734
142 0.2148 0.0834282 0.175311 -0.0948925 0.415304 0.593443 -0.282013 0.178746 0.00389992 -0.770588 1.00961 -0.0853765 -0.302082 0.221309 -0.185232 -0.237467 0.26247 -0.200553 -1.24727 -0.73795 0.0999221 -0.691186 0.00647368 0.331594 0.597842 0.812446 -0.321509 -0.696632 0.236353 -0.0783839 -0.760286 -0.365441
153 0.494262 -0.00484007 -0.352027 0.234606 0.404533 0.28673 0.0012571 -0.0894964 -0.182814 -0.807521 0.368853 -0.135264 -0.347491 0.0186837 -0.492551 -0.0532458 0.356994 -0.270984 -0.45481 -0.502457 0.522128 -0.761875 0.0335717 0.189689 0.220038 1.27989 -0.784019 -0.377385 0.748122 0.283487 0.210708 -0.034609
154 0.365241 0.0485683 -0.193607 0.119982 0.297506 0.246627 -0.0179112 -0.0705961 -0.182879 -0.813563 0.400879 -0.162681 -0.144799 -0.00600082 -0.271237 -0.0979059 0.109159 -0.325793 -0.284519 -0.551561 0.390218 -0.78714 -0.00531773 0.0977566 0.156362 1.17901 -0.678898 -0.351726 0.364878 0.177855 0.0580894 -0.0509884
155 0.508327 0.0745474 -0.318921 0.180855 0.512977 0.331824 0.0271551 -0.0413777 -0.170656 -1.07568 0.447432 -0.0894333 -0.304418 0.143905 -0.453046 -0.194404 0.0838237 -0.339603 -0.304071 -0.558262 0.454261 -0.863796 0.135829 0.195852 0.125603 1.28302 -0.687588 -0.299664 0.469844 0.154276 0.158856 -0.0232246
156 0.598522 0.152003 -0.286976 0.241735 0.725762 0.321399 0.0365928 0.086262 -0.179848 -1.43593 0.563066 0.0472376 -0.184032 0.373342 -0.503123 -0.422986 -0.342031 -0.324855 -0.0616334 -0.694236 0.434108 -1.03156 0.287013 0.230436 -0.0250476 1.32131 -0.615699 -0.164527 0.0956445 -0.106334 0.0902587 -0.0680983
157 0.536995 0.160274 -0.260604 0.174453 0.653663 0.303655 0.0435176 0.0796839 -0.158122 -1.33575 0.516928 0.0538389 -0.189436 0.332975 -0.436103 -0.421661 -0.375965 -0.318111 -0.0461594 -0.653038 0.3825 -0.953519 0.25027 0.200022 -0.0705692 1.23375 -0.563722 -0.117756 0.0757012 -0.11725 0.0930208 -0.0289175
158 0.574224 0.147997 -0.248237 0.279663 0.755491 0.3378 0.0715856 0.0804433 -0.130272 -1.49945 0.560968 0.117402 -0.20289 0.368447 -0.494411 -0.455922 -0.471172 -0.354655 -0.0320418 -0.7594 0.397813 -1.03526 0.263749 0.267852 -0.0126491 1.28707 -0.605588 -0.126742 -0.0138352 -0.165542 0.050064 -0.048954
159 0.606925 0.138262 -0.217543 0.334761 0.692227 0.292432 0.00562653 0.094523 -0.151 -1.54543 0.616367 0.116948 -0.156719 0.360248 -0.496395 -0.445448 -0.480521 -0.287182 -0.0477568 -0.837803 0.406076 -1.00363 0.260432 0.31342 -0.0545864 1.35295 -0.611891 -0.123752 -0.0537655 -0.224564 0.0423682 -0.107155
161 0.665587 0.0606837 -0.150546 0.384235 0.756107 0.297784 0.0244816 0.120445 -0.0863323 -1.62514 0.63004 0.163762 -0.1957 0.354266 -0.519461 -0.488019 -0.572707 -0.272814 -0.044291 -0.928978 0.376038 -1.02348 0.266127 0.352266 -0.0415709 1.36529 -0.656693 -0.141153 -0.108832 -0.223502 0.00846849 -0.107091
162 0.634158 -0.0017623 -0.190396 0.371119 0.662861 0.226991 -0.00491251 0.0872402 -0.139031 -1.66888 0.648076 0.142305 -0.270233 0.263208 -0.52867 -0.409353 -0.499021 -0.239462 -0.173821 -0.94805 0.315 -1.01978 0.225857 0.34564 -0.0269432 1.36836 -0.645608 -0.133626 -0.0551533 -0.135047 -0.0702652 -0.0387045
22 0.282714 0.477273 0.581554 -0.392451 -0.331504 0.388095 -0.0402151 -0.0133983 -0.0843681 0.0850311 0.0692366 -0.576354 0.0677696 -0.588994 0.0107568 0.322882 -0.57328 -0.235938 0.318544 -0.344389 -0.102783 -0.822244 0.108313 0.818722 -0.0194808 0.854857 -0.765289 -0.879536 -0.272531 0.368028 -0.0768876 -0.280932
23 0.214689 0.590291 0.52062 -0.463508 -0.298573 0.413293 -0.035625 0.088631 -0.0824993 0.113845 -0.0276901 -0.503216 0.0733633 -0.65178 -0.0188068 0.131651 -0.591376 -0.257032 0.171435 -0.399434 0.0130894 -0.87604 0.0618055 0.836698 -0.0487137 0.994731 -0.92818 -0.96224 -0.266597 0.394447 -0.13663 -0.282813
24 0.239311 0.728535 0.408686 -0.459614 -0.281139 0.415408 -0.0401768 0.179205 -0.0780152 0.356415 -0.179326 -0.404388 0.0221357 -0.718819 0.0328624 -0.179499 -0.625727 -0.233163 -0.0145894 -0.483173 0.137874 -1.00693 -0.0184584 0.87525 -0.0696993 1.07825 -1.23411 -1.0331 -0.240014 0.411582 -0.125796 -0.238546
21 0.258912 0.490164 0.682683 -0.420689 -0.337222 0.459549 -0.0280041 -0.0260536 -0.12588 -0.0633123 0.0729726 -0.649303 0.102258 -0.600201 -0.0293921 0.423599 -0.60432 -0.252431 0.389032 -0.404732 -0.12413 -0.884876 0.115994 0.847176 0.0602226 0.961004 -0.746885 -0.937042 -0.250579 0.36228 -0.137839 -0.373688
20 0.394033 0.52044 0.792386 -0.296246 -0.429731 0.57662 -0.0702858 -0.103202 -0.205346 -0.292197 0.206874 -0.731991 0.140078 -0.48821 -0.0766936 0.676819 -0.554947 -0.344987 0.455302 -0.425183 -0.251532 -0.922281 0.128531 0.811292 0.107536 0.936054 -0.733755 -0.84759 -0.231722 0.365419 -0.051488 -0.449554
19 0.371195 0.413816 0.750575 -0.180602 -0.406908 0.551453 -0.0648334 -0.143657 -0.227172 -0.3565 0.227296 -0.666978 0.0903882 -0.396089 -0.0270499 0.654272 -0.461516 -0.315244 0.470797 -0.399181 -0.248993 -0.818679 0.118255 0.688995 0.165882 0.777483 -0.600021 -0.696173 -0.166318 0.314995 -0.0240846 -0.380288
18 0.475886 0.397103 0.869183 -0.171249 -0.508116 0.640468 -0.119834 -0.175556 -0.312101 -0.454184 0.343728 -0.840715 0.0956375 -0.451512 -0.0503898 0.842139 -0.492951 -0.339127 0.539683 -0.454655 -0.353316 -0.91576 0.0857928 0.784471 0.191348 0.894243 -0.701433 -0.742702 -0.102933 0.316377 -0.0420272 -0.437228
287 1.10437 -0.269444 0.222772 -0.833567 -0.154061 0.0717474 -0.343565 -0.134142 -0.253758 -1.05504 0.619266 -0.62866 0.717073 -0.286281 -0.309889 0.0977644 -0.0133309 -0.20055 -0.096855 -0.384403 -0.511839 -1.35253 -0.531053 -0.714969 0.21071 1.14106 -0.231794 -0.213805 -0.410585 -0.457415 -0.158941 -0.34036
286 0.97089 -0.234225 0.231371 -0.775111 -0.124384 0.111086 -0.314379 -0.161073 -0.304763 -1.01808 0.536448 -0.60052 0.619205 -0.235598 -0.237477 0.13377 0.026796 -0.179332 -0.0977287 -0.397956 -0.490946 -1.04894 -0.399408 -0.670648 0.209458 0.945356 -0.162828 -0.252311 -0.400857 -0.29841 -0.161562 -0.283831
285 1.00824 -0.227195 0.204501 -0.828348 -0.11411 0.16247 -0.338676 -0.28099 -0.314077 -1.22614 0.577238 -0.710573 0.677247 -0.211927 -0.291981 0.234526 0.0718635 -0.249302 -0.141259 -0.457052 -0.592684 -1.11527 -0.362092 -0.775184 0.233158 1.06074 -0.161201 -0.297022 -0.453274 -0.288036 -0.129589 -0.287146
98 -0.179907 0.448287 -0.0914464 -0.142685 0.475945 -0.135795 0.564537 -0.436311 -1.04441 -0.921709 0.0116028 -0.0760688 1.12802 -0.335783 -0.271794 0.419601 -0.143345 -0.449165 -0.156277 -0.0172282 0.556338 -0.846445 -0.550072 0.38782 0.303342 1.54333 -0.72421 0.0211872 0.522227 -0.0294497 -0.0806152 0.204828
97 -0.207258 0.380746 -0.127162 -0.097854 0.393869 -0.105602 0.457406 -0.403509 -0.938973 -0.719211 0.0318116 -0.0397263 1.01987 -0.242565 -0.182506 0.362482 -0.0508943 -0.339526 -0.142379 -0.00358453 0.394238 -0.759135 -0.454709 0.316144 0.264196 1.37926 -0.609822 -0.0229576 0.432879 -0.00566623 -0.0324466 0.152246
96 -0.299177 0.467288 -0.160184 -0.0363644 0.436665 -0.127415 0.437024 -0.498831 -1.04636 -0.842606 0.0809816 -0.0237003 1.12109 -0.24533 -0.153305 0.432929 0.0607549 -0.349876 -0.187548 -0.0363398 0.380588 -0.833415 -0.569031 0.355091 0.214932 1.63478 -0.689581 -0.053299 0.374433 -0.0147308 0.0318136 0.186348
99 0.0552229 0.44356 0.0674715 -0.339069 0.393342 -0.0174471 0.711423 -0.379928 -0.963954 -1.15466 -0.0405302 -0.240284 0.980778 -0.421595 -0.439078 0.352016 -0.458967 -0.568724 -0.145577 -0.130262 0.875614 -0.828515 -0.428589 0.364055 0.426753 1.44663 -0.789685 0.0302043 0.615197 -0.000661649 -0.323483 0.232488
101 0.104091 0.456454 0.125194 -0.367879 0.301942 0.0130347 0.627082 -0.317517 -0.775451 -1.18424 0.0689685 -0.234188 0.733472 -0.398732 -0.503465 0.239466 -0.568994 -0.540623 -0.108066 -0.171005 0.902831 -0.615215 -0.327081 0.296192 0.375176 1.2097 -0.652319 0.00548856 0.566791 -0.00314628 -0.332283 0.23405
100 0.0893838 0.354981 0.0725335 -0.325407 0.325476 0.0159338 0.598958 -0.255128 -0.735421 -1.0092 -0.0207954 -0.220735 0.738828 -0.38665 -0.381803 0.251225 -0.423729 -0.512653 -0.0772183 -0.131119 0.744882 -0.633475 -0.357923 0.257871 0.37586 1.12522 -0.632331 0.0315798 0.500903 -0.0184174 -0.307266 0.186514
54 0.610276 -0.347914 0.354247 0.103747 -0.214528 0.0916057 0.464856 -0.236413 -0.163057 -1.15691 0.74186 -0.0606108 -0.352657 0.0344458 0.818609 -0.00587998 -0.0319319 -0.689688 0.0458174 -0.557733 -0.499191 -1.11284 0.227927 0.0174076 0.398349 1.04721 -0.854747 -0.359038 -0.565337 1.0626 0.244058 0.0237537
55 0.575644 -0.358486 0.325145 0.112164 -0.117631 -0.0171033 0.441074 -0.259109 -0.110403 -0.983529 0.678328 -0.0644045 -0.375269 -0.0264923 0.679078 -0.0036985 -0.0238829 -0.544664 0.0865216 -0.49558 -0.448146 -0.944107 0.230081 0.0100852 0.328836 0.925926 -0.834391 -0.359763 -0.479414 0.940497 0.216637 0.0561417
53 0.460268 -0.248602 0.371124 0.0936787 -0.288312 0.196087 0.386553 -0.134129 -0.186725 -1.267 0.705059 -0.076898 -0.236879 0.0657128 0.851663 0.00252185 -0.0767054 -0.835669 0.0191915 -0.587677 -0.371442 -1.216 0.166709 -0.0527055 0.444203 1.0204 -0.592248 -0.266425 -0.548259 0.893346 0.238142 -0.00236188
56 0.702805 -0.382874 0.341001 0.143884 -0.111243 -0.0443529 0.538127 -0.316499 -0.105765 -1.02646 0.80947 -0.0586427 -0.45636 -0.0634472 0.805025 0.0169634 -0.0237635 -0.561671 0.112018 -0.581122 -0.538864 -1.07369 0.295538 0.0316352 0.349066 1.07231 -0.962778 -0.448522 -0.598849 1.06973 0.213829 0.0596601
57 0.741353 -0.418347 0.37372 0.155857 0.0160801 -0.117898 0.518472 -0.334466 -0.0897636 -0.896931 0.929332 -0.133543 -0.49382 -0.191153 0.77382 0.0192482 -0.105059 -0.493706 0.224723 -0.678123 -0.526588 -0.980001 0.284161 -0.00569883 0.3836 1.10327 -1.11464 -0.596882 -0.595921 1.07361 0.136763 0.0674736
58 0.719359 -0.351538 0.318252 0.141241 0.0954505 -0.157174 0.477922 -0.346145 -0.0542493 -0.656706 0.86696 -0.0685363 -0.435432 -0.287151 0.617699 0.0661302 -0.136842 -0.355587 0.280846 -0.626055 -0.461436 -0.806624 0.213868 -0.00337502 0.31863 0.990299 -1.02838 -0.574928 -0.522954 0.880882 0.0411444 0.0451489
59 0.795206 -0.414746 0.366922 0.191365 0.15447 -0.208687 0.580046 -0.402709 0.0246235 -0.654491 0.979101 -0.0511116 -0.524435 -0.31907 0.70892 0.0766846 -0.175622 -0.360306 0.333621 -0.699393 -0.502437 -0.903666 0.2291 -0.0375252 0.468053 1.10387 -1.1618 -0.692406 -0.611161 0.982049 0.0243256 -0.0096896
112 0.339798 0.40221 0.768742 -0.634432 -0.471136 -0.154132 -0.134024 -0.418931 0.0217974 -0.573936 0.299565 -0.636797 -0.28436 -0.073365 -0.110304 -0.234603 -0.0302419 -0.214887 -0.193284 -0.228345 0.89683 -0.496503 0.208263 -0.264877 0.666432 1.08459 -0.170033 -0.778993 0.0423826 0.277737 -0.0910074 -0.394513
113 0.394056 0.420844 0.899493 -0.689852 -0.520211 -0.112795 -0.20435 -0.496479 0.0792261 -0.692606 0.332027 -0.776132 -0.324668 -0.0595062 -0.0503392 -0.316579 0.0350808 -0.241159 -0.20374 -0.285697 1.04582 -0.60968 0.191854 -0.297845 0.812572 1.26845 -0.226987 -0.948968 0.0302042 0.328755 -0.163066 -0.491045
111 0.397878 0.582885 0.920765 -0.843996 -0.505711 -0.206814 -0.0700536 -0.473486 -0.0834503 -0.779337 0.403241 -0.749513 -0.330957 -0.105123 -0.170577 -0.230964 -0.170292 -0.290781 -0.302419 -0.304023 1.06134 -0.495153 0.293285 -0.26745 0.694626 1.32854 -0.195678 -0.909125 0.120064 0.344534 -0.0809399 -0.450572
114 0.396147 0.139572 0.826739 -0.605105 -0.495139 0.0381911 -0.32524 -0.477053 0.134737 -0.60799 0.260038 -0.834709 -0.254424 -0.120791 0.124498 -0.399288 0.202022 -0.207371 -0.0815242 -0.363364 1.00149 -0.745816 0.1308 -0.359176 0.866834 1.18523 -0.304325 -0.973193 -0.0244611 0.329625 -0.27627 -0.464873
254 -0.819835 0.393901 -0.504846 0.0209364 -0.209072 0.352758 0.300983 -0.0580725 0.279237 -0.925766 -0.256448 -0.683927 0.0131222 -0.0630132 -0.151085 -0.280944 -0.0605302 -0.439847 -0.111518 -0.378094 -0.435395 -0.783964 -0.806004 -0.384737 0.047273 0.836326 -0.946549 -0.774364 -0.434169 0.265506 -0.458797 -0.613928
255 -0.911163 0.524228 -0.614348 0.144994 -0.360192 0.386864 0.388036 0.0710769 0.221501 -0.728366 -0.309989 -0.602981 -0.0727544 -0.0774243 -0.165303 -0.170555 -0.0398874 -0.425991 0.0358665 -0.542004 -0.539892 -1.01154 -0.604862 -0.542019 0.05969 1.04834 -0.909729 -0.760813 -0.333781 0.367176 -0.567827 -0.601683
257 -0.800639 0.680917 -0.608259 0.122 -0.44655 0.373185 0.383362 0.0830809 0.166166 -0.713491 -0.167129 -0.446711 -0.218017 -0.113664 -0.14036 -0.0465661 0.0303511 -0.528206 0.0869521 -0.63633 -0.571524 -1.04438 -0.397438 -0.590479 0.0935737 1.20248 -0.80447 -0.7177 -0.180937 0.401589 -0.677281 -0.51204
256 -0.803923 0.48993 -0.530258 0.110235 -0.332163 0.312442 0.365707 0.0522807 0.201941 -0.612609 -0.230977 -0.494767 -0.118041 -0.0656577 -0.128336 -0.110174 -0.0108992 -0.391057 0.0762152 -0.479848 -0.535616 -0.88374 -0.498501 -0.469714 0.0525081 0.889307 -0.797469 -0.648097 -0.276007 0.320107 -0.491805 -0.480397
258 -0.771404 0.89003 -0.718598 0.169904 -0.564061 0.482464 0.405539 0.144983 0.139001 -0.646941 -0.184389 -0.302289 -0.350041 -0.0955211 -0.116486 0.0206379 0.123393 -0.658889 0.143802 -0.75207 -0.592624 -1.16094 -0.179123 -0.659802 0.0969056 1.40491 -0.770533 -0.718636 -0.0287163 0.442814 -0.84888 -0.597464
149 0.686852 0.134458 -0.290939 0.347572 0.156548 0.413253 -0.0989539 -0.215397 -0.240085 -0.94751 0.664237 -0.325552 -0.361536 -0.133762 -0.421278 0.101435 1.01627 -0.312859 -0.833395 -0.624659 0.37736 -0.819109 -0.0331537 0.435981 0.56078 1.31432 -0.767571 -0.558242 1.00086 0.325259 0.0743108 -0.164916
148 0.64344 0.118755 -0.215698 0.32226 0.126093 0.383886 -0.10522 -0.184731 -0.188482 -0.875189 0.643281 -0.306505 -0.345933 -0.0990274 -0.309114 0.064588 0.85752 -0.255428 -0.759553 -0.551541 0.242749 -0.711235 -0.0411855 0.409443 0.475144 1.06026 -0.601474 -0.472795 0.822611 0.261132 0.0148765 -0.190806
147 0.681263 0.173693 -0.183596 0.302117 0.0880339 0.438724 -0.163452 -0.22905 -0.200943 -1.04787 0.804861 -0.388156 -0.362798 -0.10128 -0.348275 0.0379244 0.956142 -0.310451 -0.961455 -0.678781 0.287106 -0.822144 0.00436806 0.512985 0.610977 1.15302 -0.572108 -0.543421 0.853549 0.20063 -0.146269 -0.267466
146 0.586374 0.268875 -0.0406495 0.244192 0.0413593 0.5171 -0.28161 -0.157623 -0.143172 -1.0327 1.11797 -0.385341 -0.362862 -0.0381544 -0.216203 -0.0504423 0.875166 -0.360989 -1.10576 -0.823099 0.224101 -0.908906 0.072911 0.569837 0.728599 1.01131 -0.45801 -0.594622 0.658887 0.00415639 -0.477735 -0.446153
145 0.478255 0.248027 0.00153041 0.165624 0.0189057 0.451517 -0.221358 -0.142476 -0.128499 -1.00084 1.01983 -0.329143 -0.370108 -0.0417454 -0.163821 -0.129642 0.696144 -0.294075 -0.980873 -0.707261 0.185641 -0.796905 0.0837399 0.47202 0.660756 0.849426 -0.337008 -0.507354 0.536684 0.00385451 -0.509939 -0.41823
144 0.475942 0.196491 0.125286 0.0807132 0.18009 0.572867 -0.293761 -0.0566015 -0.0725943 -1.02392 1.24212 -0.30406 -0.403954 0.0482217 -0.192149 -0.177131 0.709401 -0.302188 -1.35776 -0.866977 0.129488 -0.888892 0.0747897 0.532791 0.791802 0.933561 -0.3556 -0.678773 0.454852 -0.0391649 -0.76237 -0.484303
246 -0.0681288 -0.44015 -0.401249 -0.632454 0.392489 0.15145 0.265139 0.174177 0.118803 -0.816684 0.0197303 -0.650721 0.184771 0.201409 0.176392 -0.342263 0.142722 -0.774775 -0.47222 0.141937 0.324564 -0.483243 -1.01996 0.0663158 -0.237003 1.33666 -1.23681 -0.957759 0.0371022 0.37957 -0.109485 -0.897061
247 -0.0904604 -0.300627 -0.409175 -0.537908 0.313317 0.172153 0.250855 0.118678 0.160618 -0.803987 0.00825914 -0.587073 0.155865 0.175586 0.10175 -0.31801 0.126055 -0.713879 -0.471008 0.121395 0.236234 -0.398725 -0.936248 0.0685312 -0.202064 1.22517 -1.13499 -0.899677 -0.034299 0.292658 -0.132058 -0.782963
248 -0.20335 -0.279314 -0.514214 -0.596108 0.3076 0.199262 0.284098 0.0826125 0.2489 -0.951941 -0.0646827 -0.687791 0.182131 0.210614 0.0524534 -0.400886 0.172107 -0.772045 -0.55792 0.0904781 0.178015 -0.425956 -1.11728 0.0155202 -0.168443 1.31769 -1.28418 -1.02127 -0.131462 0.30946 -0.214793 -0.866898
249 -0.3026 -0.0862629 -0.452743 -0.436436 0.20858 0.256027 0.260688 0.000570055 0.264481 -1.05744 -0.0913778 -0.753457 0.175606 0.138125 -0.0627002 -0.471765 0.0958424 -0.673627 -0.539189 -0.0322569 0.0701836 -0.443432 -1.13376 -0.0667806 -0.139174 1.15163 -1.26745 -0.995876 -0.293473 0.234802 -0.276166 -0.781966
250 -0.295932 -0.0581986 -0.379527 -0.357656 0.156734 0.1969 0.178642 0.00881275 0.286174 -0.847763 -0.106395 -0.632497 0.164355 0.137228 -0.0756001 -0.38426 0.0677128 -0.584394 -0.413045 -0.0252161 0.0375881 -0.342734 -0.941923 -0.0483032 -0.117082 0.945519 -1.06254 -0.824176 -0.268422 0.137206 -0.182943 -0.67562
196 0.565146 0.653919 0.19439 -0.60269 -0.537386 0.620648 -0.291675 -0.012529 -0.110175 -0.605986 0.956102 -0.602889 0.540132 -0.168699 0.192958 -0.184672 -0.0792225 -0.329505 -0.111475 -0.801365 0.644535 -0.215524 -0.358409 0.123261 -0.447256 0.605888 -0.966821 -0.717463 -0.549862 -0.0132077 0.325319 -0.0137494
197 0.561916 0.680402 0.170882 -0.616198 -0.492053 0.653235 -0.259771 -0.0685072 -0.103926 -0.732133 0.966881 -0.649195 0.577288 -0.173553 0.17985 -0.147332 -0.11121 -0.37404 -0.088252 -0.854206 0.647796 -0.294614 -0.391383 0.106372 -0.403855 0.735881 -1.04192 -0.779121 -0.531986 0.0150584 0.348187 -0.0405048
195 0.667815 0.722871 0.213031 -0.64895 -0.582336 0.667395 -0.378012 -0.00138722 -0.100845 -0.671614 1.10457 -0.688886 0.645571 -0.171333 0.225036 -0.179533 -0.0749879 -0.42335 -0.112424 -0.942056 0.798711 -0.246088 -0.446301 0.0958201 -0.494731 0.730078 -1.13492 -0.837009 -0.646878 -0.0291294 0.399722 -0.00988608
194 0.733362 0.570849 0.332439 -0.509436 -0.670153 0.438951 -0.455238 0.214733 -0.0286803 -0.354305 1.193 -0.742244 0.626689 -0.166607 0.166139 -0.2413 0.0409313 -0.542741 -0.194075 -0.908966 0.793119 -0.161571 -0.487501 0.0625409 -0.564395 0.854677 -1.28155 -0.747756 -0.616735 -0.0788918 0.340546 0.130404
251 -0.480264 0.113254 -0.459743 -0.288541 0.0453252 0.28808 0.251513 -0.036064 0.335261 -1.02736 -0.151717 -0.766918 0.126342 0.0970958 -0.167413 -0.431285 0.0428487 -0.598311 -0.433886 -0.159883 -0.11481 -0.482462 -1.04979 -0.143815 -0.0985037 1.01792 -1.19442 -0.933134 -0.401753 0.165715 -0.292168 -0.69995
252 -0.636367 0.22738 -0.458303 -0.135178 -0.0829608 0.334866 0.272837 -0.0710225 0.296631 -1.02485 -0.211401 -0.740825 0.133425 0.00736368 -0.149391 -0.355844 -0.0295051 -0.514012 -0.263694 -0.240759 -0.222394 -0.644794 -0.969833 -0.250031 -0.00932589 0.905503 -1.08899 -0.824748 -0.433595 0.215131 -0.34984 -0.648624
152 0.578532 -0.0224597 -0.37882 0.261971 0.288633 0.332227 -0.0219049 -0.144949 -0.260061 -0.829466 0.400289 -0.21129 -0.377574 -0.0660029 -0.512284 0.0598175 0.693029 -0.247948 -0.617375 -0.51649 0.553443 -0.746822 -0.0247492 0.247757 0.306824 1.3604 -0.821983 -0.469141 0.97456 0.416939 0.271938 -0.0565732
151 0.46158 -0.0344 -0.322823 0.239231 0.250586 0.229962 -0.0106537 -0.112535 -0.212164 -0.677172 0.285232 -0.177179 -0.31506 -0.0644726 -0.460778 0.067985 0.615561 -0.198358 -0.530048 -0.417128 0.460193 -0.603879 -0.0051365 0.215336 0.251725 1.18831 -0.741762 -0.385493 0.874487 0.370147 0.219638 -0.0390947
150 0.670379 0.0083356 -0.374929 0.310658 0.27896 0.324116 -0.0475792 -0.194979 -0.252718 -0.816141 0.464718 -0.263287 -0.39784 -0.119598 -0.5161 0.115233 0.910983 -0.23951 -0.755078 -0.505226 0.513321 -0.746563 -0.0502438 0.345824 0.392197 1.41835 -0.858249 -0.548995 1.10106 0.421872 0.268491 -0.107802
168 0.121841 -0.358225 -0.073332 0.015949 -0.123223 -0.1252 0.207054 -0.277112 -0.283704 -1.03052 0.53045 -0.310988 -0.378308 -0.660343 0.170708 -0.0182533 0.167477 -0.0682022 -1.01377 -0.449473 0.0377541 -1.07812 -0.463676 -0.215873 -0.144422 1.27893 -0.495166 -0.28604 -0.153219 0.908896 -0.690973 0.349111
167 0.307505 -0.318874 -0.112048 0.110292 0.0966639 -0.0325564 0.151965 -0.155865 -0.227269 -1.30321 0.562565 -0.114325 -0.420095 -0.435374 -0.0493132 -0.167969 -0.0631689 -0.0218802 -0.743372 -0.517484 0.0377417 -0.956167 -0.230773 -0.0249243 -0.194118 1.11409 -0.467536 -0.106586 -0.14613 0.649624 -0.542335 0.250809
166 0.259214 -0.156762 -0.0608349 0.111501 0.135377 0.0501353 0.0724453 -0.103896 -0.210974 -1.12124 0.492998 -0.110777 -0.245379 -0.230272 -0.109431 -0.140116 -0.103613 -0.139962 -0.478199 -0.542853 0.108769 -0.84568 -0.13359 0.0219924 -0.0683108 1.02088 -0.461063 -0.141528 -0.0978552 0.380591 -0.349608 0.136688
165 0.423721 -0.23371 -0.166494 0.224424 0.339271 0.0658489 0.111602 -0.0693339 -0.200848 -1.47255 0.567725 0.0172185 -0.392332 -0.144962 -0.252243 -0.280132 -0.275295 -0.0461552 -0.480862 -0.687237 0.116198 -0.919338 -0.0346323 0.135164 -0.188817 1.08377 -0.515215 -0.0832934 -0.0976009 0.331034 -0.335544 0.141528
36 -0.14531 0.43104 0.359143 0.227947 -0.297547 0.463042 -0.230039 0.845872 -0.194949 0.0128186 0.241811 -0.0774005 0.255008 -0.629149 0.214012 -0.608409 -0.103494 -0.396815 0.0123464 -1.0381 -0.0506381 -0.91693 0.399251 -0.164238 -0.207698 1.56741 -0.584175 -0.236472 -0.545975 0.58603 0.597832 -0.58144
37 -0.17515 0.399123 0.295228 0.237364 -0.270592 0.378157 -0.207603 0.679402 -0.226872 -0.0366738 0.155245 -0.0279469 0.227671 -0.573704 0.156887 -0.410443 -0.062619 -0.35997 -0.0194262 -0.861945 0.0160766 -0.788887 0.332732 -0.181463 -0.202941 1.28531 -0.441646 -0.103331 -0.51119 0.498035 0.449575 -0.553583
35 -0.130492 0.441112 0.268085 0.189611 -0.232526 0.491605 -0.22224 1.0243 0.000730892 0.29147 0.167638 -0.0671463 0.317654 -0.522227 0.123673 -0.891695 -0.127415 -0.375273 0.0714515 -1.09903 -0.122585 -0.970457 0.454139 -0.0741231 -0.191939 1.73782 -0.802481 -0.501938 -0.444841 0.608514 0.807561 -0.463678
34 -0.124234 0.379205 0.204456 0.169224 -0.233835 0.445736 -0.158944 0.921262 -0.0051697 0.243057 0.153593 -0.0943984 0.231592 -0.457724 0.092764 -0.816542 -0.0986197 -0.34407 0.0510717 -0.994359 -0.119143 -0.91932 0.392469 -0.0402844 -0.162407 1.56029 -0.750724 -0.482005 -0.335324 0.583553 0.682624 -0.401091
33 -0.095896 0.53306 0.198105 0.145984 -0.186364 0.635806 -0.187539 1.01584 0.0195988 0.288527 0.151703 -0.0905741 0.313432 -0.419372 0.123826 -0.968793 -0.155801 -0.335612 -0.0347866 -1.14161 -0.0583946 -1.03978 0.412163 0.0419246 -0.10172 1.74189 -0.89585 -0.653774 -0.337227 0.704421 0.822915 -0.413782
215 0.286151 0.626169 -0.775814 0.192829 0.16578 0.146876 -0.322109 -0.638115 0.0942833 0.484182 -0.0395313 -0.329853 0.483012 0.332286 0.306228 0.700248 -0.526328 -0.11411 -0.122853 -1.28816 0.497393 -0.9228 -0.406814 -0.283545 0.136206 1.04949 -0.886563 -0.844146 -0.421182 -0.0910333 -0.387744 -0.0744158
214 0.229751 0.552743 -0.696965 0.152459 0.0727243 0.114447 -0.336221 -0.550115 0.109223 0.486448 -0.00399146 -0.349389 0.47975 0.310662 0.292195 0.674722 -0.43803 -0.183293 -0.0543496 -1.15203 0.383892 -0.792203 -0.340667 -0.200196 0.0984124 1.00037 -0.822692 -0.769386 -0.427349 -0.0657437 -0.398741 0.0311537
213 0.107297 0.547564 -0.643879 0.129207 0.11337 0.123952 -0.381083 -0.729444 0.28222 0.507484 0.0166038 -0.416347 0.529146 0.352567 0.239111 0.85553 -0.558928 -0.305187 -0.0656272 -1.23412 0.343755 -0.852886 -0.344437 -0.148637 0.11051 1.24248 -1.018 -0.890535 -0.570443 -0.0271334 -0.368286 0.034868
216 0.616001 0.632922 -0.812515 0.253229 0.203666 0.20084 -0.220506 -0.411541 -0.217622 0.310217 -0.012063 -0.207789 0.351905 0.271 0.301624 0.453651 -0.404965 0.0885623 -0.19425 -1.27459 0.705268 -1.10126 -0.43904 -0.398653 0.112789 0.780004 -0.73405 -0.788134 -0.290482 -0.164116 -0.344653 -0.209971
217 0.608001 0.565329 -0.69417 0.20806 0.207409 0.204445 -0.1266 -0.388596 -0.249558 0.234291 -0.0160697 -0.150864 0.292789 0.245635 0.290279 0.310697 -0.361956 0.164866 -0.16556 -1.09315 0.713106 -1.02194 -0.377062 -0.38218 0.0821823 0.570557 -0.586121 -0.708147 -0.210533 -0.16214 -0.242149 -0.262894
207 -0.60338 0.303636 0.00736289 -0.129759 0.126921 0.0185365 -0.060006 -0.8434 0.888448 -0.0287936 0.300893 -0.305587 0.267521 0.0998796 0.0633352 1.01526 -0.65579 -0.612685 -0.0506396 -0.874195 0.0839122 -0.833056 -0.0269818 0.00364666 0.00169715 1.42831 -1.09977 -0.592339 -0.595801 0.0128622 0.252384 0.101112
209 -0.560322 0.398761 -0.0477419 -0.0975257 0.0686848 0.0726963 -0.134752 -0.845184 0.829558 -0.0307141 0.269491 -0.364332 0.36695 0.112436 0.0807789 1.00744 -0.647011 -0.646897 -0.00949258 -0.956142 0.0974083 -0.88472 -0.057221 0.0461091 -0.0151706 1.51192 -1.11272 -0.722033 -0.650847 0.0431139 0.152227 0.061123
208 -0.583836 0.349182 -0.0271691 -0.106691 0.081267 0.00724269 -0.0847953 -0.797344 0.839952 0.00233399 0.259481 -0.302745 0.252332 0.122702 0.058322 0.962055 -0.600138 -0.573422 -0.026768 -0.821921 0.0735425 -0.776234 -0.00841711 -0.00467724 -0.01019 1.3122 -1.01034 -0.59682 -0.565979 0.0426078 0.187109 0.0823922
206 -0.641354 0.269075 0.118513 -0.286895 0.204834 0.0336673 -0.014444 -0.951488 0.962799 -0.238033 0.294011 -0.278661 0.206923 0.101981 0.0707724 1.04565 -0.73535 -0.549425 -0.0858034 -0.905934 0.00113791 -0.869531 0.00189628 -0.151989 0.0294621 1.4775 -1.11974 -0.569042 -0.547591 0.058407 0.37864 0.061097
205 -0.504154 0.216069 0.108058 -0.278878 0.224572 0.0639428 0.0185491 -0.861968 0.854336 -0.279415 0.33126 -0.230884 0.131443 0.058802 0.107029 0.931595 -0.652591 -0.478814 -0.112208 -0.884519 0.00178693 -0.857823 -0.0341731 -0.200888 0.021492 1.39193 -1.01246 -0.526749 -0.488053 0.0819654 0.364726 0.0134516
204 -0.520814 0.242892 0.0962673 -0.264797 0.205285 0.0919088 -0.00646274 -0.818193 0.79756 -0.317353 0.355933 -0.276053 0.146646 0.0467941 0.0841198 0.908126 -0.631824 -0.502863 -0.132246 -0.860913 0.0313483 -0.85879 -0.0624084 -0.187682 0.00287662 1.4001 -1.01162 -0.511897 -0.438042 0.0584141 0.342294 0.0503626
203 -0.224949 0.267143 0.0175604 -0.279463 0.12008 0.190576 -0.0405384 -0.614799 0.522875 -0.458302 0.392537 -0.318224 0.167442 0.0213502 0.12912 0.62754 -0.488903 -0.409771 -0.0845513 -0.787897 0.0969171 -0.801866 -0.133146 -0.164412 -0.0275421 1.21941 -0.911227 -0.523949 -0.357276 0.101172 0.222372 -0.0242058
202 -0.100999 0.285468 0.0132179 -0.243306 0.0391177 0.229242 -0.0452204 -0.455137 0.30068 -0.553084 0.428254 -0.379815 0.202544 -0.0583869 0.109861 0.46158 -0.371732 -0.450067 -0.0754642 -0.772115 0.15865 -0.79243 -0.185684 -0.137413 0.00511204 1.20371 -0.863619 -0.538722 -0.292417 0.134277 0.151025 -0.0484931
170 0.0804003 -0.426992 -0.0757481 0.0669353 -0.229353 -0.22007 0.219992 -0.314924 -0.227884 -0.91264 0.528896 -0.31586 -0.47596 -0.752698 0.187239 -0.0397124 0.216062 -0.0664186 -1.18962 -0.406455 0.0288913 -1.1213 -0.56119 -0.339358 -0.142165 1.43792 -0.538169 -0.287807 -0.2231 1.02088 -0.803554 0.404821
169 0.0857414 -0.403519 -0.0530578 0.034198 -0.207786 -0.161862 0.258916 -0.284711 -0.239127 -0.894335 0.53085 -0.299646 -0.417521 -0.734813 0.209158 0.0302629 0.21985 -0.0660974 -1.05723 -0.406007 -0.0397178 -1.06631 -0.461542 -0.272683 -0.14327 1.26132 -0.502269 -0.25075 -0.167734 1.0084 -0.74441 0.412664
175 -0.193927 -0.313849 0.127876 0.198914 -0.381381 -0.406241 -0.159024 -0.370086 -0.235493 -0.0111464 -0.00350932 -0.318607 -0.317271 -0.434442 -0.130255 -0.0828992 0.019315 -0.277862 -0.951601 -0.421907 0.254544 -0.820069 -0.732964 -0.448423 0.00817402 1.70304 -0.585452 -0.333684 -0.397681 0.401565 -0.815272 0.323136
176 -0.19235 -0.326997 0.177404 0.185789 -0.40413 -0.446711 -0.185661 -0.41406 -0.246746 -0.0294811 0.0067937 -0.358583 -0.349631 -0.433767 -0.127217 -0.0557445 0.0106763 -0.310157 -1.01849 -0.463727 0.295381 -0.865032 -0.804492 -0.477487 0.0246408 1.86466 -0.620868 -0.368518 -0.45193 0.441078 -0.872284 0.345705
174 -0.168801 -0.391782 0.169589 0.240555 -0.391141 -0.500561 -0.153178 -0.442523 -0.257863 -0.0920465 0.0743946 -0.362171 -0.420803 -0.526038 -0.128296 -0.0790943 0.0305717 -0.304133 -1.16401 -0.42757 0.275418 -0.91251 -0.794829 -0.50646 0.0203429 1.93993 -0.617169 -0.354328 -0.419036 0.533216 -0.926323 0.435366
177 -0.131224 -0.238468 0.203306 0.128015 -0.370127 -0.360105 -0.12647 -0.242594 -0.221656 -0.104284 0.0313689 -0.381746 -0.208477 -0.441669 -0.0865938 0.016358 0.0169446 -0.343598 -0.888877 -0.511953 0.27552 -0.801356 -0.692778 -0.34853 -0.0425616 1.69494 -0.575453 -0.281746 -0.417148 0.267457 -0.677795 0.363266
179 -0.0367382 -0.106023 0.276302 -0.0107156 -0.303327 -0.239372 0.0261793 -0.00347648 -0.179171 -0.360972 0.0587004 -0.407197 -0.0613062 -0.462162 -0.0485727 0.0871766 -0.011369 -0.410565 -0.830301 -0.596201 0.210242 -0.809106 -0.625944 -0.182427 -0.155262 1.5359 -0.525152 -0.229261 -0.470183 0.11659 -0.486916 0.369431
211 -0.346898 0.434792 -0.307429 0.0264833 0.0332996 0.0518578 -0.260192 -0.796605 0.636736 0.345972 0.0914958 -0.382538 0.488786 0.211021 0.123204 0.945916 -0.5408 -0.503951 0.0481614 -0.94731 0.123351 -0.684906 -0.0835112 0.0792728 0.00834123 1.30476 -0.949345 -0.746322 -0.634021 0.0399307 -0.0758338 0.127922
212 -0.179505 0.532429 -0.468309 0.043828 0.0207561 0.110277 -0.347721 -0.814346 0.507358 0.432614 0.0945906 -0.440036 0.549095 0.261221 0.199984 0.973232 -0.601967 -0.486987 0.0197534 -1.10791 0.231929 -0.779401 -0.182867 0.0404621 0.0294152 1.37566 -1.0471 -0.847307 -0.659454 0.00146097 -0.207417 0.137834
210 -0.393141 0.406261 -0.255749 -0.00532702 0.0791044 0.0350999 -0.236434 -0.817123 0.656074 0.250076 0.136041 -0.38715 0.467472 0.210059 0.113479 0.964673 -0.583052 -0.560909 0.0172555 -0.981326 0.121361 -0.797622 -0.101942 0.0579528 0.0571924 1.38703 -1.04654 -0.770754 -0.634548 0.0275986 -0.0475987 0.136724
46 -0.0900888 0.122141 0.372452 0.39376 -0.275654 0.345101 -0.130831 0.170155 -0.273396 -1.08287 0.596386 -0.099612 0.374166 -0.0782157 0.496337 0.122022 -0.352433 -1.02608 -0.167124 -0.631283 0.354423 -1.2253 0.0927957 -0.229463 0.509553 0.800397 0.327168 0.0947665 -0.586791 0.360568 -0.0651761 -0.45199
47 -0.0544306 0.115153 0.437213 0.367326 -0.357987 0.433012 -0.126211 0.236603 -0.323931 -1.25738 0.695799 -0.154532 0.409253 -0.0341304 0.668927 0.118617 -0.365197 -1.23667 -0.219094 -0.769378 0.400304 -1.51756 0.0753798 -0.270836 0.592164 0.969585 0.297119 -0.000771512 -0.640706 0.421958 -0.055345 -0.40118
45 -0.129809 0.216982 0.4382 0.436609 -0.355626 0.419723 -0.184829 0.211187 -0.342071 -1.10775 0.626612 -0.124476 0.400865 -0.252828 0.511622 0.158111 -0.286104 -1.07067 -0.222055 -0.761813 0.405617 -1.32975 0.129021 -0.254294 0.472629 0.969513 0.27512 0.131054 -0.689918 0.45707 -0.0679407 -0.622027
44 -0.158028 0.374662 0.45589 0.459326 -0.357171 0.416002 -0.248048 0.251698 -0.413465 -0.987332 0.593206 -0.15474 0.338093 -0.484775 0.430897 0.150834 -0.145811 -0.900596 -0.271096 -0.839516 0.37124 -1.23011 0.148088 -0.268693 0.308559 1.00311 0.241884 0.275065 -0.782208 0.577624 -0.0518964 -0.906279
42 -0.17464 0.46063 0.448337 0.379892 -0.297852 0.4127 -0.301805 0.279332 -0.514419 -0.829453 0.501802 -0.165146 0.333574 -0.65725 0.300495 0.151634 -0.0629835 -0.729355 -0.29518 -0.894214 0.339223 -1.15192 0.145072 -0.250856 0.168582 1.12162 0.0781766 0.342257 -0.811818 0.619646 -0.040163 -0.989959
43 -0.194052 0.387636 0.420853 0.404924 -0.270059 0.387242 -0.288324 0.281165 -0.439098 -0.850688 0.497443 -0.142044 0.329873 -0.528974 0.313288 0.100669 -0.103945 -0.747835 -0.252915 -0.789536 0.352709 -1.05144 0.163949 -0.243318 0.184337 0.964675 0.199053 0.322515 -0.739166 0.500294 -0.037424 -0.899219
41 -0.190413 0.531511 0.402243 0.271335 -0.331228 0.38103 -0.260862 0.499656 -0.51741 -0.455944 0.271083 -0.0635194 0.209017 -0.675037 0.243849 -0.0658541 0.0121836 -0.559912 -0.22786 -0.92862 0.205891 -0.949711 0.22347 -0.212205 -0.111086 1.10663 -0.0836391 0.296772 -0.70414 0.591505 0.112094 -0.898613
75 -0.116055 0.273127 -0.1798 -0.33824 -0.241471 0.093632 -0.872953 -0.0824707 -0.714565 -1.0852 0.328012 -0.0796628 0.65114 -0.158794 0.913402 -0.569032 -0.664038 -0.441688 0.14092 -0.808766 0.596985 -0.862202 -0.300108 0.0710047 0.158039 1.55208 -0.314426 0.234619 0.310129 -0.333126 -0.373 -0.0230447
74 0.0525675 0.13567 -0.195036 -0.357988 -0.118695 0.0713448 -0.756895 -0.142634 -0.768383 -1.20177 0.290889 -0.0807753 0.68262 -0.182791 0.804366 -0.711324 -0.716558 -0.372952 0.131997 -0.780127 0.411903 -0.81549 -0.328868 0.240794 0.13164 1.36913 -0.3596 0.205211 0.200605 -0.298699 -0.361289 -0.0305843
77 -0.197867 0.269652 -0.252778 -0.271678 -0.285031 0.164165 -0.890507 -0.0295718 -0.601051 -1.1232 0.373869 -0.0809432 0.498343 -0.133173 0.923224 -0.433492 -0.542239 -0.404281 0.199063 -0.792548 0.679446 -0.848199 -0.340295 0.0135053 0.193903 1.63718 -0.292465 0.254555 0.459329 -0.398549 -0.295448 -0.101072
76 -0.105949 0.24037 -0.198407 -0.275187 -0.190133 0.127647 -0.765357 -0.0427114 -0.634925 -1.0056 0.286149 -0.0300977 0.507055 -0.118992 0.778707 -0.474107 -0.610531 -0.366387 0.130203 -0.689485 0.567926 -0.746357 -0.276629 0.0466335 0.143344 1.36214 -0.23936 0.260632 0.337532 -0.301679 -0.316719 -0.0335945
72 0.160185 0.0826841 -0.138164 -0.413529 -0.0765476 0.0540901 -0.695253 -0.18298 -0.769997 -1.22453 0.316839 -0.127087 0.753842 -0.276573 0.74988 -0.764817 -0.70808 -0.376189 0.0502017 -0.898202 0.309974 -0.81729 -0.44455 0.24075 0.16589 1.40375 -0.47843 0.126759 0.0551223 -0.208459 -0.451349 -0.0305399
201 0.232837 0.444388 -0.0105343 -0.421367 -0.122804 0.488684 -0.0663593 -0.31219 0.165504 -0.737242 0.635813 -0.49918 0.317039 -0.0738413 0.15103 0.252326 -0.302068 -0.34974 -0.0537488 -0.78421 0.301767 -0.588903 -0.264089 -0.0932214 -0.176932 0.947785 -0.845187 -0.601616 -0.367021 0.094653 0.232804 -0.045757
60 0.846418 -0.341535 0.38099 0.154453 0.214531 -0.221831 0.50379 -0.39207 0.0206142 -0.615139 0.920688 0.137717 -0.39314 -0.483569 0.521654 0.0123096 -0.227852 -0.26716 0.412342 -0.729117 -0.478142 -0.713854 0.0252078 -0.0627096 0.559096 1.19956 -1.21409 -0.629127 -0.661727 0.836717 -0.0857105 -0.167197
61 0.724898 -0.301494 0.33845 0.148097 0.185113 -0.217134 0.45302 -0.341667 0.0412756 -0.525883 0.826971 0.174968 -0.320238 -0.417212 0.452106 0.019714 -0.243644 -0.24193 0.396619 -0.630858 -0.416192 -0.591225 0.00390845 -0.0658948 0.524257 1.02991 -1.03726 -0.484488 -0.566013 0.673914 -0.0427175 -0.152967
62 0.80392 -0.312605 0.390802 0.155623 0.248642 -0.220154 0.45044 -0.372873 0.0591969 -0.519557 0.820021 0.274331 -0.295876 -0.551615 0.449107 -0.0331859 -0.289812 -0.18483 0.44852 -0.697816 -0.407252 -0.652112 -0.118849 -0.0835663 0.662921 1.21606 -1.20575 -0.530283 -0.667193 0.705484 -0.116065 -0.281322
63 0.84749 -0.136487 0.410582 0.0849106 0.242423 -0.0994497 0.327156 -0.327708 0.0458588 -0.582147 0.649267 0.511744 -0.0823117 -0.696199 0.291727 -0.17539 -0.284955 -0.0758587 0.491598 -0.703728 -0.324495 -0.478536 -0.410214 -0.169056 0.784171 1.264 -1.20698 -0.360573 -0.693409 0.515949 -0.246393 -0.490655
64 0.767515 -0.0531608 0.393248 -0.0231918 0.228768 -0.0290672 0.241644 -0.288059 0.0381641 -0.632475 0.514254 0.596587 0.0500935 -0.719085 0.201214 -0.239267 -0.324152 -0.0897701 0.456808 -0.729241 -0.280369 -0.360711 -0.537209 -0.179359 0.801452 1.30244 -1.16985 -0.284826 -0.681128 0.42185 -0.265416 -0.534047
65 0.762156 0.0243503 0.420599 -0.0485139 0.221751 0.0197453 0.145326 -0.291036 -0.0514552 -0.746476 0.515925 0.652023 0.207986 -0.807132 0.212206 -0.299245 -0.388824 -0.0998746 0.537022 -0.835731 -0.248196 -0.464402 -0.692645 -0.167476 0.87393 1.51084 -1.26875 -0.232412 -0.671259 0.326815 -0.311333 -0.58813
218 0.792974 0.587902 -0.778777 0.267501 0.274946 0.304568 -0.069684 -0.348057 -0.427557 0.0857158 0.0785462 -0.169853 0.282038 0.157136 0.324669 0.211915 -0.340404 0.209129 -0.277181 -1.3318 0.900359 -1.37668 -0.474373 -0.482878 0.0821263 0.743221 -0.675135 -0.803328 -0.196335 -0.182137 -0.259304 -0.346966
219 0.740062 0.500685 -0.74955 0.213059 0.311624 0.38939 -0.0407905 -0.443447 -0.4569 0.044062 0.0652728 -0.226184 0.296705 0.146879 0.291719 0.159104 -0.33892 0.298882 -0.304737 -1.29006 1.018 -1.49877 -0.456933 -0.497406 0.0222467 0.652127 -0.584586 -0.762625 -0.190626 -0.211979 -0.180478 -0.454327
221 0.678618 0.249351 -0.535994 0.140339 0.361192 0.496516 0.0648346 -0.497367 -0.563342 -0.255931 0.204569 -0.290354 0.284177 0.0567537 0.238812 -0.0601735 -0.235041 0.394541 -0.321813 -1.22472 1.08741 -1.55342 -0.413188 -0.451724 -0.0765807 0.628751 -0.536674 -0.748707 -0.102422 -0.140522 -0.0168213 -0.476953
220 0.618668 0.302515 -0.550902 0.151467 0.312724 0.387079 0.0289525 -0.392541 -0.469761 -0.161141 0.16725 -0.24302 0.244478 0.105227 0.246479 0.0089821 -0.234229 0.314949 -0.28507 -1.04928 0.91644 -1.34179 -0.391609 -0.423117 -0.0757177 0.490492 -0.467266 -0.614513 -0.144589 -0.107663 -0.0513582 -0.388729
222 0.394009 -0.103696 -0.325932 0.02397 0.393945 0.628171 0.224025 -0.638301 -0.706877 -0.590821 0.292836 -0.441073 0.27118 -0.0271763 0.185604 -0.321489 -0.0417484 0.543623 -0.287445 -1.04183 1.15433 -1.61663 -0.377074 -0.410958 -0.233248 0.633024 -0.453968 -0.690236 -0.0193677 -0.0118922 0.160187 -0.606139
224 0.236832 -0.346603 -0.160867 -0.0821029 0.361399 0.731112 0.233131 -0.734166 -0.770974 -0.795385 0.353374 -0.595643 0.263055 -0.0616825 0.136643 -0.44315 0.130128 0.621939 -0.22786 -0.964007 1.16097 -1.6802 -0.353626 -0.404412 -0.237502 0.655036 -0.419128 -0.653462 0.0634087 0.11037 0.275971 -0.659084
223 0.217652 -0.262373 -0.198016 -0.0584075 0.357668 0.611517 0.197961 -0.618758 -0.672363 -0.652941 0.264369 -0.453031 0.223086 -0.0305936 0.133214 -0.356205 0.0238375 0.50333 -0.208176 -0.847172 1.03242 -1.44756 -0.315417 -0.336717 -0.220779 0.575574 -0.352333 -0.574791 0.0316583 0.0420204 0.192915 -0.547194
171 -0.035422 -0.476422 0.0376828 0.153936 -0.286205 -0.351148 0.108315 -0.403428 -0.215551 -0.67282 0.338386 -0.335067 -0.508903 -0.699552 0.0659547 -0.0182067 0.129825 -0.116678 -1.28793 -0.373238 0.103209 -1.05958 -0.655515 -0.453923 -0.0316422 1.59347 -0.527724 -0.300813 -0.318414 0.92125 -0.915259 0.466101
172 -0.0811939 -0.391713 0.0448416 0.163536 -0.277116 -0.367427 0.0872502 -0.386141 -0.189072 -0.497568 0.260317 -0.296192 -0.411023 -0.576011 0.0406895 0.00160652 0.0785777 -0.174812 -1.14814 -0.345934 0.0968073 -0.924188 -0.629632 -0.439763 -0.00940052 1.52242 -0.540589 -0.323221 -0.320999 0.737193 -0.777913 0.461278
186 0.555286 -0.0432636 0.335441 0.345942 0.0376835 0.00586713 0.0259395 0.951874 0.0595539 0.0543879 0.644107 -0.600908 0.326364 -0.30476 -0.00114401 0.0843626 0.161589 -0.807863 -0.671159 -0.996838 0.334378 -0.518051 -0.583809 -0.106487 -0.481697 1.36964 -0.790096 -0.0893218 -0.34065 -0.307664 -0.140456 0.466685
185 0.452458 0.0218751 0.345086 0.25912 0.0193611 0.0295945 0.131842 0.884847 0.0712245 -0.165605 0.516257 -0.611982 0.306768 -0.333191 -0.00208549 0.126204 0.166626 -0.763781 -0.766963 -0.942073 0.286066 -0.584881 -0.626114 -0.0481696 -0.525397 1.28218 -0.65583 -0.0473007 -0.407737 -0.289948 -0.144599 0.532696
183 0.300898 -0.00509712 0.396612 0.146705 -0.00849533 -0.067968 0.217307 0.750993 0.055845 -0.274187 0.329951 -0.514303 0.241685 -0.393216 0.0456202 0.177588 0.104128 -0.67241 -0.817916 -0.816875 0.2319 -0.675254 -0.598961 -0.00292393 -0.420961 1.29141 -0.494776 0.00289372 -0.485983 -0.241145 -0.169549 0.482264
187 0.488805 0.0375637 0.244221 0.273911 -0.0461119 0.0320235 -0.0444903 0.765027 0.00307262 0.0749007 0.625192 -0.533258 0.326363 -0.218971 0.00075889 0.00528002 0.157355 -0.669128 -0.503081 -0.840498 0.350463 -0.343447 -0.498776 -0.0993988 -0.455427 1.11154 -0.734791 -0.106952 -0.244316 -0.267179 -0.0965547 0.392568
188 0.65327 -0.00270531 0.323373 0.358631 -0.0929906 0.0191492 -0.125172 0.976308 0.00648109 0.137042 0.815535 -0.649508 0.394526 -0.199278 0.018971 0.0180609 0.214422 -0.807832 -0.68169 -1.00086 0.480751 -0.372413 -0.603267 -0.107012 -0.556532 1.34343 -0.879409 -0.124234 -0.306478 -0.310394 -0.117595 0.453885
230 -0.165938 -0.28767 0.0395959 -0.261532 0.279099 0.550342 -0.098717 -0.514019 -0.78862 -1.06843 0.558944 -0.814367 0.275877 0.262859 0.10093 -0.199808 0.194161 0.111272 0.00028618 -0.401014 0.806055 -1.46967 -0.202575 -0.156492 0.141504 0.678254 -0.378553 -0.476712 0.0287077 0.683532 0.11483 -0.313111
228 -0.0768944 -0.282702 -0.0515589 -0.266092 0.243047 0.606875 0.0503255 -0.5804 -0.88818 -1.0918 0.609282 -0.892555 0.361081 0.100924 0.0489977 -0.366767 0.18837 0.323941 -0.0946341 -0.596999 0.873765 -1.52603 -0.237277 -0.318945 0.0661123 0.685289 -0.435962 -0.442962 0.0792824 0.512942 0.247537 -0.401265
227 0.008131 -0.362732 -0.0688791 -0.216648 0.284565 0.646748 0.120091 -0.612661 -0.850421 -1.01813 0.49963 -0.790759 0.325236 -0.00260833 0.0821075 -0.460809 0.184163 0.489165 -0.120761 -0.70101 0.929433 -1.56196 -0.282092 -0.331815 -0.109665 0.679924 -0.415662 -0.496477 0.111599 0.357352 0.28677 -0.504023
226 0.0382222 -0.270114 -0.0147404 -0.141057 0.238489 0.514361 0.140179 -0.494577 -0.662061 -0.810748 0.397942 -0.603337 0.226745 -0.0204324 0.0529132 -0.393743 0.155429 0.387162 -0.11497 -0.558002 0.771735 -1.25635 -0.232672 -0.276322 -0.101184 0.565005 -0.351662 -0.445523 0.0962288 0.265895 0.246585 -0.447677
225 0.0679574 -0.378146 -0.0423429 -0.157286 0.271675 0.67724 0.204726 -0.668127 -0.820308 -0.920143 0.453058 -0.737315 0.272914 -0.0379301 0.0881349 -0.50712 0.181655 0.537296 -0.20277 -0.773598 1.00745 -1.60871 -0.298471 -0.338885 -0.191211 0.711004 -0.468756 -0.590149 0.102134 0.244179 0.312844 -0.628838
291 0.827959 -0.233435 0.315955 -0.463368 -0.0778912 -0.514901 -0.119831 0.229376 0.118197 -0.359547 0.859516 -0.178301 0.477203 -0.358396 -0.320954 -0.17071 0.144465 -0.150887 0.219011 -0.16544 -0.0629055 -1.42389 -0.456729 -0.700108 0.0299407 1.34862 -0.577327 -0.14571 -0.231841 -0.478056 -0.343492 -0.655912
292 0.64996 -0.196837 0.296502 -0.333956 -0.0162987 -0.535423 -0.0604657 0.203837 0.130794 -0.302843 0.771092 -0.076275 0.374329 -0.317787 -0.300731 -0.108404 0.190797 -0.0975812 0.244705 -0.0462121 -0.058478 -1.14034 -0.346374 -0.60422 -0.0394602 1.09988 -0.500557 -0.105073 -0.175616 -0.438352 -0.30318 -0.572266
293 0.659767 -0.173663 0.398759 -0.291158 -0.0282329 -0.611273 -0.0266441 0.321886 0.166635 -0.249105 0.906508 -0.0904739 0.366305 -0.434579 -0.286626 -0.134393 0.300362 -0.123681 0.285695 -0.0538532 -0.0456731 -1.30817 -0.341594 -0.682332 -0.0514311 1.33341 -0.651515 -0.169157 -0.120528 -0.449874 -0.391573 -0.651469
294 0.434955 -0.0564177 0.477904 -0.118212 0.100859 -0.547256 -0.0259994 0.416212 0.0462051 -0.25605 0.950312 -0.0202127 0.38501 -0.488669 -0.120083 -0.0950188 0.43748 -0.0782463 0.2724 -0.115405 -0.149383 -1.26032 -0.129014 -0.679655 -0.0802568 1.47924 -0.835018 -0.237754 0.0842857 -0.357203 -0.387133 -0.541304
296 0.248888 0.0399008 0.555185 0.0274358 0.110774 -0.501926 0.0076569 0.512533 -0.0275518 -0.189719 0.945913 0.034262 0.360475 -0.589346 -0.0765035 -0.0954119 0.554662 -0.0530546 0.315905 -0.157415 -0.265838 -1.14529 0.0142843 -0.667212 -0.0808537 1.53714 -0.987865 -0.280347 0.271623 -0.283169 -0.396679 -0.36148
297 0.118826 0.0910898 0.516438 0.133238 0.13428 -0.410979 -0.0290156 0.57644 -0.116559 -0.184147 0.893926 -0.0175785 0.423246 -0.610314 0.0226937 -0.00286114 0.610407 -0.069358 0.26755 -0.232726 -0.359166 -1.12452 0.227852 -0.576793 -0.0741869 1.50335 -1.07091 -0.284566 0.380639 -0.286407 -0.366504 -0.115675
298 0.112349 0.0780342 0.421856 0.132546 0.0868693 -0.267433 -0.0192873 0.451345 -0.122889 -0.245305 0.728496 -0.0654598 0.340059 -0.494771 0.0276712 0.00136246 0.470973 -0.0800592 0.166044 -0.269472 -0.294906 -0.904918 0.146614 -0.452925 -0.0571572 1.19843 -0.892061 -0.249869 0.328175 -0.216963 -0.273047 0.00475688
299 0.0431605 0.0801863 0.479645 0.169976 0.0967041 -0.303123 -0.0352941 0.5506 -0.198254 -0.235765 0.77216 -0.0184626 0.435826 -0.57459 0.0879729 0.0565123 0.528767 -0.119728 0.241162 -0.345249 -0.365425 -1.08913 0.279122 -0.475236 -0.0150662 1.37481 -1.07219 -0.313688 0.416485 -0.286615 -0.339911 0.122535
192 0.767295 0.472994 0.344885 -0.329927 -0.58041 0.284899 -0.47506 0.384538 0.0116959 -0.0760227 1.17018 -0.727397 0.555648 -0.136979 0.10836 -0.182694 0.0913061 -0.565639 -0.307072 -0.954925 0.829259 -0.119273 -0.47824 0.0183801 -0.506376 0.930138 -1.27405 -0.67988 -0.551491 -0.150198 0.255534 0.183423
193 0.656731 0.54495 0.288954 -0.445454 -0.599545 0.377194 -0.450113 0.217554 -0.0100673 -0.203747 1.07031 -0.658979 0.560151 -0.122574 0.117531 -0.206241 0.0486209 -0.484311 -0.156891 -0.810909 0.754946 -0.133352 -0.449432 0.0459327 -0.505929 0.767803 -1.18823 -0.699871 -0.530945 -0.0854768 0.33282 0.133016
191 0.826383 0.296644 0.358415 -0.0737807 -0.499667 0.0997752 -0.415543 0.654773 0.0354709 0.135112 1.16406 -0.718827 0.536267 -0.108114 0.0588492 -0.144639 0.138872 -0.692984 -0.428261 -0.976261 0.778861 -0.128463 -0.519128 -0.0172805 -0.545864 1.09622 -1.24017 -0.50789 -0.416633 -0.301926 0.12908 0.307645
189 0.71344 0.172999 0.308053 0.131754 -0.2967 0.0664368 -0.299229 0.799366 0.0287387 0.182576 0.990144 -0.670217 0.483797 -0.151957 0.0294221 -0.0787862 0.116941 -0.74659 -0.552247 -1.03921 0.630468 -0.20998 -0.536802 -0.0901142 -0.527376 1.20734 -1.10469 -0.382884 -0.351796 -0.278749 -0.0297444 0.351956
29 0.167056 0.751552 0.150149 -0.0768547 -0.177013 0.606913 -0.120929 0.566234 -0.0336461 0.382091 -0.0431156 -0.0953414 0.166099 -0.285999 -0.000955398 -0.761655 -0.359474 -0.213277 -0.255468 -0.741699 0.144034 -1.03531 -0.00567968 0.504004 -0.0195955 1.12929 -1.16689 -0.824104 -0.0869591 0.577126 0.335814 -0.150351
27 0.187757 0.839743 0.199128 -0.224909 -0.187805 0.516663 -0.0939096 0.40821 -0.0739661 0.454349 -0.183413 -0.162259 0.0875734 -0.435973 0.0241871 -0.629769 -0.484229 -0.178896 -0.248957 -0.590036 0.205147 -1.02443 -0.0717196 0.685788 -0.0340186 1.06393 -1.26588 -0.928474 -0.0953586 0.50134 0.122106 -0.138793
26 0.263183 0.842372 0.364683 -0.426189 -0.21488 0.456771 -0.0918023 0.289986 -0.0764573 0.483 -0.247107 -0.297611 0.0293614 -0.651181 0.0444568 -0.406781 -0.633924 -0.212699 -0.126376 -0.560501 0.207825 -1.06496 -0.0566528 0.843627 -0.0754477 1.08046 -1.40089 -1.03335 -0.208252 0.438962 -0.0650279 -0.217273
25 0.230615 0.761714 0.354134 -0.425667 -0.246809 0.41176 -0.0366382 0.185346 -0.0682431 0.427614 -0.243295 -0.366769 -0.0170323 -0.648267 0.1025 -0.256739 -0.591763 -0.252855 -0.0417325 -0.488652 0.167747 -1.00578 -0.0341646 0.854276 -0.0896972 1.01789 -1.29715 -1.01927 -0.245273 0.432719 -0.126707 -0.23896
10 0.250913 0.0916134 -0.0922181 0.266555 -0.528421 0.440915 -0.0733403 -0.0262489 -0.22256 0.0111049 0.574971 -0.964829 0.148481 -0.122126 -0.299252 0.833989 0.157842 -0.568204 -0.0752968 -0.540909 -0.0662841 -1.16255 0.248718 0.458853 0.181623 0.64998 -1.23252 -0.492225 0.572121 0.0628608 -0.176563 0.294783
9 0.172721 0.125439 -0.189543 0.29336 -0.554248 0.417524 -0.0563695 -0.011872 -0.254115 -0.0763289 0.56487 -0.998077 0.270112 -0.0953151 -0.411008 0.896583 0.141517 -0.707486 -0.0380089 -0.60114 -0.0232032 -1.36318 0.369035 0.47998 0.141563 0.677077 -1.34118 -0.467177 0.55396 -0.00855236 -0.224251 0.454713
11 0.376748 0.11626 0.0530671 0.273554 -0.630706 0.52768 -0.0899452 -0.0697648 -0.287381 -0.047122 0.660673 -1.07148 0.117041 -0.161892 -0.26266 0.922328 0.202969 -0.575284 -0.0439072 -0.611645 -0.19628 -1.19532 0.147199 0.498665 0.19142 0.685068 -1.32315 -0.540174 0.572929 0.101827 -0.17895 0.211443
8 -0.0611627 0.127326 -0.34538 0.277761 -0.39216 0.327048 0.0565709 0.0711945 -0.273508 -0.209532 0.446615 -0.868851 0.417887 -0.0267211 -0.568714 0.726808 0.0974274 -0.840335 0.023821 -0.647628 0.181285 -1.53334 0.522484 0.382509 0.059105 0.757323 -1.32177 -0.385712 0.470015 -0.14917 -0.269539 0.643543
6 -0.270892 0.185654 -0.451318 0.332401 -0.329989 0.166723 0.032128 0.191071 -0.268017 -0.233153 0.382443 -0.713246 0.558942 -0.0756589 -0.621877 0.628727 0.099787 -0.929707 0.0626432 -0.709643 0.305737 -1.72582 0.629905 0.289473 0.0253195 0.901682 -1.40596 -0.390518 0.426342 -0.26994 -0.314587 0.799603
7 -0.195832 0.123186 -0.362453 0.246617 -0.234443 0.169046 0.0613657 0.141989 -0.234737 -0.230698 0.305364 -0.622138 0.443891 -0.035882 -0.503641 0.518624 0.0680419 -0.731889 0.0684682 -0.529741 0.20348 -1.34175 0.498695 0.266285 -0.00303942 0.670469 -1.09987 -0.291344 0.355011 -0.201706 -0.241785 0.619985
31 0.0276452 0.536968 0.0748372 0.0730836 -0.12653 0.545881 -0.0870032 0.743016 0.0262469 0.340838 0.109173 -0.0646785 0.210419 -0.153119 0.0139423 -0.832832 -0.150817 -0.234808 -0.168879 -0.831464 0.0909381 -0.914859 0.163881 0.255242 0.00436741 1.27301 -0.873813 -0.673473 -0.0273176 0.605184 0.55769 -0.173013
30 0.032561 0.70506 0.118406 0.0374733 -0.18659 0.642613 -0.0796284 0.697717 0.0121213 0.368286 0.0540545 -0.0902731 0.211589 -0.221194 -0.0356762 -0.8452 -0.27028 -0.245333 -0.16555 -0.820535 0.0828057 -1.0001 0.163893 0.393389 0.0135531 1.33764 -1.03146 -0.802078 -0.0378296 0.650062 0.547262 -0.191117
32 -0.023975 0.626587 0.11985 0.113847 -0.18283 0.643048 -0.121259 0.9035 0.0486552 0.408106 0.152949 -0.0536161 0.308984 -0.238645 0.0119371 -1.00706 -0.158807 -0.272922 -0.131817 -1.00655 0.021237 -1.04196 0.252059 0.226477 -0.0170315 1.5426 -0.939677 -0.725816 -0.122718 0.711829 0.718199 -0.285455
103 0.167614 0.557022 0.390182 -0.565988 0.0483186 0.0538637 0.404792 -0.214912 -0.492656 -1.3794 0.34655 -0.379022 0.120075 -0.390973 -0.535571 0.0189525 -0.814233 -0.532416 -0.214657 -0.412322 0.920675 -0.24145 -0.0241097 0.101733 0.291496 0.990495 -0.536472 -0.203894 0.413894 0.104326 -0.394265 0.0634158
102 0.16832 0.569876 0.338234 -0.539643 0.110091 0.0992386 0.515244 -0.196813 -0.580685 -1.43335 0.299548 -0.39645 0.246445 -0.471728 -0.581756 0.118794 -0.798212 -0.574056 -0.233654 -0.417718 0.993851 -0.388265 -0.0921683 0.163988 0.323624 1.13573 -0.628641 -0.184281 0.449693 0.0785121 -0.445384 0.127389
104 0.154558 0.691826 0.475413 -0.614838 0.0199691 0.0428977 0.405205 -0.171883 -0.525335 -1.43664 0.462597 -0.463891 0.0360027 -0.44787 -0.530873 -0.0141468 -0.834182 -0.580146 -0.389876 -0.478898 0.917947 -0.256257 0.0684704 0.0932136 0.302643 1.11222 -0.557796 -0.327922 0.403066 0.147569 -0.395314 0.0426239
263 -0.559954 1.11596 -0.444988 0.0736257 -0.498501 0.321992 0.272702 -0.0971391 0.236033 -0.708761 0.625777 -0.353441 -0.416795 -0.354198 -0.108761 -0.194263 0.0285725 -1.18973 0.273889 -0.726501 -0.308232 -0.637138 -0.175988 -0.340829 0.208144 1.27283 -0.594936 -0.661992 0.255842 0.264123 -0.85918 -0.186508
264 -0.52334 0.987739 -0.252902 0.0856442 -0.425409 0.116421 0.304409 -0.139378 0.266609 -0.583529 0.862803 -0.502831 -0.364745 -0.44555 -0.234478 -0.395652 -0.0107286 -1.34389 0.269442 -0.780684 -0.159948 -0.315176 -0.3294 -0.177159 0.286827 1.23825 -0.64957 -0.603949 0.460214 0.230468 -0.755445 -0.00361824
266 -0.495692 0.724741 -0.0756309 0.0981744 -0.378911 -0.0527042 0.24566 -0.122084 0.297411 -0.466888 0.895588 -0.609415 -0.20872 -0.43856 -0.296554 -0.423107 -0.022091 -1.33273 0.217595 -0.823822 -0.0469543 -0.104522 -0.362531 -0.144396 0.336082 1.19361 -0.673497 -0.551554 0.532923 0.14257 -0.619549 0.216717
267 -0.422077 0.461534 0.105886 0.142505 -0.318287 -0.236534 0.318705 -0.149829 0.224039 -0.430039 0.923809 -0.79585 -0.0352691 -0.427101 -0.399923 -0.421865 -0.067251 -1.22502 0.148454 -0.986028 0.0165086 0.00537137 -0.448168 -0.139835 0.380677 1.24365 -0.775382 -0.552651 0.624272 0.101303 -0.436093 0.361033
269 -0.404256 0.208573 0.198791 0.143568 -0.208098 -0.288909 0.326209 -0.231136 0.0819332 -0.479724 0.813458 -0.870462 0.134876 -0.367737 -0.506782 -0.32994 -0.0711204 -1.09117 0.0996667 -1.08544 0.054863 -0.020866 -0.500994 -0.187981 0.39023 1.22116 -0.858291 -0.587839 0.624934 0.13167 -0.282246 0.403198
268 -0.423525 0.30813 0.152235 0.186867 -0.27446 -0.311643 0.309249 -0.16367 0.179606 -0.360375 0.840089 -0.841825 0.0418924 -0.394666 -0.442738 -0.404815 -0.0855109 -1.15403 0.155266 -1.00259 0.0555138 0.0563389 -0.484502 -0.114159 0.41636 1.21655 -0.795906 -0.523913 0.67412 0.106666 -0.362683 0.402966
235 -0.473026 -0.295688 0.329707 0.0392209 0.249228 0.376237 -0.426869 -0.3105 -0.256859 -0.435654 0.107936 -0.336788 0.0313544 0.483667 0.456082 0.258684 0.122741 -0.508301 0.410177 -0.196203 0.698276 -1.33513 -0.243693 0.354384 0.0537258 0.785291 -0.450514 -0.809293 -0.262518 0.859762 -0.243525 -0.243522
234 -0.464184 -0.340474 0.327167 -0.00583845 0.254654 0.432816 -0.41862 -0.429243 -0.403193 -0.549366 0.191667 -0.424377 0.0272967 0.519538 0.433939 0.249732 0.174606 -0.471142 0.399457 -0.238701 0.782721 -1.49332 -0.245882 0.35729 0.094412 0.880821 -0.479862 -0.869159 -0.273049 0.998606 -0.270638 -0.253865
236 -0.455692 -0.325391 0.363585 0.147739 0.235878 0.359706 -0.445683 -0.22561 -0.254506 -0.500963 0.108205 -0.40877 0.0221985 0.384078 0.514507 0.323291 0.0734292 -0.608803 0.415134 -0.278027 0.713189 -1.37374 -0.350847 0.34118 0.0477765 0.93927 -0.580127 -0.887033 -0.227463 0.908532 -0.211388 -0.351602
233 -0.437771 -0.317399 0.257601 -0.133388 0.228777 0.447284 -0.396109 -0.51737 -0.471891 -0.721558 0.325289 -0.504444 0.128711 0.507477 0.332015 0.157181 0.182109 -0.299238 0.343969 -0.248646 0.787654 -1.49488 -0.175787 0.238174 0.131757 0.826026 -0.433 -0.789017 -0.229331 0.961083 -0.218764 -0.207361
232 -0.351901 -0.25448 0.189645 -0.132238 0.206516 0.386514 -0.300635 -0.429098 -0.471158 -0.702462 0.329322 -0.509422 0.130596 0.412012 0.234976 0.110451 0.13494 -0.198671 0.237832 -0.240985 0.72089 -1.32294 -0.163878 0.148099 0.131675 0.750077 -0.382415 -0.639126 -0.168249 0.804741 -0.159243 -0.222631
231 -0.38883 -0.334301 0.124295 -0.19549 0.263958 0.472547 -0.254573 -0.491875 -0.64599 -0.835505 0.415361 -0.671646 0.218433 0.434713 0.197696 0.00208288 0.156068 -0.0740437 0.200237 -0.309829 0.838739 -1.48925 -0.214932 0.0773269 0.153108 0.753119 -0.418683 -0.643112 -0.128135 0.894631 -0.0542433 -0.244583
295 0.279442 0.0142697 0.469934 -0.0316496 0.106448 -0.481446 0.020169 0.429399 0.00945923 -0.159142 0.856211 0.00166991 0.316005 -0.47413 -0.0656593 -0.105639 0.412508 -0.0749568 0.258473 -0.149428 -0.174637 -1.03647 -0.0416355 -0.575897 -0.0591558 1.38544 -0.843781 -0.279732 0.159798 -0.216582 -0.358822 -0.388245
290 1.01157 -0.266907 0.287362 -0.63886 -0.172381 -0.314927 -0.232091 0.124781 -0.0111535 -0.621514 0.764603 -0.40686 0.570213 -0.341619 -0.355034 -0.130485 0.0281505 -0.12505 0.0770967 -0.183948 -0.211778 -1.53292 -0.579126 -0.664685 0.0676916 1.26922 -0.429609 -0.107339 -0.2966 -0.582914 -0.255074 -0.55156
289 1.02223 -0.27923 0.213756 -0.669456 -0.161223 -0.207604 -0.261857 0.0511905 -0.0317075 -0.610301 0.613061 -0.394952 0.597085 -0.242987 -0.322745 -0.130059 -0.0909969 -0.122601 0.0460796 -0.16438 -0.260082 -1.40543 -0.588467 -0.564783 0.126308 1.07987 -0.336964 -0.0321888 -0.300269 -0.60397 -0.207499 -0.446642
288 1.1592 -0.306269 0.263338 -0.810679 -0.181928 -0.155935 -0.331444 -0.0359921 -0.0788374 -0.778998 0.676329 -0.541509 0.662697 -0.251318 -0.354358 -0.067851 -0.108032 -0.145654 -0.0349512 -0.261007 -0.333745 -1.55141 -0.60698 -0.654216 0.190692 1.28383 -0.358097 -0.122667 -0.374614 -0.605972 -0.258408 -0.421475
136 -0.258357 -0.12789 0.508595 -0.266318 1.04236 0.707115 -0.292241 0.625982 0.0537165 -0.599398 0.411314 0.143958 0.230906 0.0173795 -0.212226 0.00156243 -0.599512 -0.0132976 -0.780668 -0.720355 0.0997649 -0.578529 -0.374623 -0.246774 0.482615 1.17333 -0.54474 -0.933039 -0.208488 0.062187 -0.735266 -0.0307333
135 -0.279617 -0.0975706 0.575969 -0.282117 1.13643 0.791705 -0.310103 0.676609 0.00553167 -0.754938 0.462049 0.136379 0.269213 -0.0631467 -0.219717 0.0596012 -0.619059 0.0122418 -0.789333 -0.863237 0.153911 -0.640428 -0.446901 -0.341739 0.513065 1.27091 -0.565627 -1.03988 -0.18969 0.058576 -0.826466 0.0234433
137 -0.257739 -0.139875 0.516861 -0.306262 1.12801 0.784119 -0.31819 0.666677 0.0562911 -0.675916 0.521535 0.141612 0.165581 0.131957 -0.264811 -0.0292965 -0.567921 -0.0561067 -1.04877 -0.754564 0.0659142 -0.59851 -0.349559 -0.151594 0.587107 1.23894 -0.538166 -1.00265 -0.190474 0.0327741 -0.853866 -0.0594938
270 -0.402746 0.0262111 0.228143 0.0851307 -0.195395 -0.347763 0.374546 -0.230372 -0.0369812 -0.519989 0.683669 -0.817539 0.253765 -0.334424 -0.562798 -0.241797 -0.0809481 -0.943803 0.0563489 -1.02324 0.00913141 0.0383567 -0.488511 -0.263249 0.290621 1.08179 -0.832369 -0.539498 0.608345 0.113253 -0.177717 0.488078
271 -0.404583 -0.0972564 0.258787 0.0521253 -0.109742 -0.346403 0.363375 -0.29731 -0.117889 -0.501921 0.601019 -0.755522 0.317072 -0.282221 -0.589412 -0.219878 -0.0187193 -0.845054 -0.0002686 -0.992603 -0.0468737 0.0363826 -0.474594 -0.297915 0.259676 0.983543 -0.770273 -0.546871 0.572841 0.12064 -0.0672316 0.501753
272 -0.397897 -0.1566 0.267874 0.0111539 -0.112725 -0.359002 0.389302 -0.343964 -0.210383 -0.627278 0.628085 -0.827767 0.413771 -0.334362 -0.671147 -0.179532 -0.0177176 -0.916457 0.00771989 -1.06648 -0.0851238 0.00361363 -0.529691 -0.394438 0.22995 1.11181 -0.838712 -0.600179 0.587606 0.102209 -0.100082 0.543142
0 -0.156753 0.154932 0.194349 0.314007 0.0427892 -0.273193 -0.00143108 0.497173 -0.292032 -0.278654 0.565628 -0.108898 0.614265 -0.461531 -0.136177 0.23342 0.401936 -0.319075 0.211432 -0.500327 -0.165087 -1.39226 0.477837 -0.284628 -0.03145 1.24699 -1.23097 -0.278738 0.467933 -0.393448 -0.330129 0.517171
200 0.498512 0.576849 0.0358495 -0.51709 -0.306964 0.662851 -0.146769 -0.0948483 -0.0779917 -0.886777 0.834165 -0.609748 0.452014 -0.186803 0.176136 -0.0256984 -0.165891 -0.369861 -0.0947849 -0.825806 0.524876 -0.451724 -0.384966 -0.0100682 -0.315874 0.846696 -0.928733 -0.72667 -0.428076 0.0949927 0.224736 -0.046736
198 0.577365 0.637533 0.0651039 -0.579293 -0.385391 0.724719 -0.187262 -0.0751612 -0.0546391 -0.808046 0.905169 -0.610526 0.512982 -0.186055 0.205396 -0.041679 -0.14891 -0.308593 -0.0716737 -0.832267 0.566601 -0.356611 -0.377419 0.0527511 -0.411522 0.705079 -0.935115 -0.729772 -0.497956 0.0454794 0.299028 -0.0689881
199 0.489852 0.526866 0.0181177 -0.47805 -0.266361 0.603267 -0.118343 -0.0543167 -0.0715917 -0.781583 0.806841 -0.52951 0.428178 -0.137752 0.176605 -0.0285497 -0.137505 -0.304205 -0.0557446 -0.752333 0.46115 -0.392324 -0.329469 -0.00641156 -0.314496 0.737744 -0.815576 -0.618678 -0.402056 0.104486 0.235047 -0.0555
110 0.245321 0.693294 0.781477 -0.810182 -0.325211 -0.234191 0.101801 -0.311752 -0.218464 -0.918847 0.451078 -0.62011 -0.27401 -0.183775 -0.27607 -0.16098 -0.364628 -0.341197 -0.406036 -0.371198 0.958503 -0.391491 0.274973 -0.196898 0.487 1.31164 -0.244385 -0.712923 0.215979 0.30042 -0.104345 -0.311761
108 0.210689 0.789831 0.730403 -0.825559 -0.213034 -0.182338 0.197581 -0.264511 -0.402272 -1.17153 0.574615 -0.603576 -0.240617 -0.285334 -0.333985 -0.132416 -0.589156 -0.427977 -0.488195 -0.462948 0.951356 -0.295807 0.312445 -0.126164 0.336169 1.29217 -0.31855 -0.603538 0.278434 0.249747 -0.154328 -0.215088
107 0.159795 0.908161 0.676512 -0.831732 -0.0168554 -0.117127 0.346186 -0.15511 -0.561596 -1.48956 0.635103 -0.560009 -0.151805 -0.459284 -0.415664 -0.0592244 -0.844996 -0.582455 -0.57564 -0.586531 0.91317 -0.274845 0.310401 -0.011363 0.221793 1.34702 -0.480375 -0.510607 0.323929 0.233076 -0.281689 -0.106708
105 0.116163 0.88929 0.604618 -0.790888 0.0234374 -0.0631069 0.387781 -0.136254 -0.58847 -1.5854 0.628573 -0.555152 -0.100993 -0.482221 -0.506225 -0.0479549 -0.895022 -0.591692 -0.513802 -0.572658 0.906996 -0.209246 0.250517 0.0407149 0.174285 1.25929 -0.556127 -0.421025 0.364884 0.187282 -0.336042 -0.036805
106 0.101312 0.83247 0.559746 -0.73448 0.0422481 -0.0566942 0.30659 -0.11953 -0.557349 -1.47432 0.618089 -0.480991 -0.13179 -0.419964 -0.37983 -0.0654893 -0.781419 -0.517828 -0.538661 -0.540319 0.775231 -0.233468 0.275718 0.0233338 0.137178 1.19252 -0.459571 -0.426213 0.289184 0.155456 -0.283389 -0.0829137
94 -0.476314 0.497207 -0.297278 0.150218 0.339894 -0.121396 0.0649801 -0.609147 -0.893044 -0.894327 0.306476 0.0508915 0.901706 -0.0836155 -0.0300462 0.501928 0.2349 -0.133509 -0.266238 -0.115563 0.213202 -0.674826 -0.574396 0.300432 0.0492254 1.64584 -0.580112 -0.23153 0.0487237 -0.0419962 0.323756 0.216012
93 -0.531647 0.586572 -0.385861 0.216144 0.278728 -0.177691 -0.0632471 -0.596306 -0.872061 -0.869864 0.376892 0.0532417 0.942337 -0.071728 -0.0110825 0.533061 0.240433 -0.106066 -0.252756 -0.155566 0.286497 -0.675229 -0.594508 0.304413 -0.0427556 1.78408 -0.538017 -0.264412 -0.00661915 -0.133099 0.381288 0.295813
95 -0.483967 0.512328 -0.287865 0.135194 0.420384 -0.120752 0.193782 -0.577804 -1.00484 -0.869282 0.211181 0.0400762 1.05782 -0.137427 -0.0677605 0.503666 0.174024 -0.194025 -0.253519 -0.0506845 0.298512 -0.762363 -0.574033 0.390429 0.0723713 1.61382 -0.629383 -0.148024 0.185684 -0.0655193 0.246441 0.243602
92 -0.479105 0.519829 -0.537211 0.309411 0.104553 -0.192687 -0.256473 -0.59963 -0.59017 -0.760413 0.562108 0.0630373 0.660935 -0.0798115 -0.00716495 0.588599 0.331533 -0.0656631 -0.261088 -0.299296 0.256824 -0.649742 -0.574064 0.206404 -0.232114 1.95949 -0.472532 -0.468104 -0.156413 -0.100856 0.462437 0.225881
91 -0.455816 0.42875 -0.539833 0.298232 -0.00940416 -0.257342 -0.300288 -0.442938 -0.333629 -0.54416 0.525842 0.125297 0.498403 -0.0768796 -0.0292123 0.514768 0.30168 -0.0624787 -0.156003 -0.213247 0.244142 -0.437697 -0.523904 0.199529 -0.308308 1.69981 -0.26702 -0.404646 -0.121933 -0.166519 0.427684 0.168239
1 -0.164997 0.144627 0.190332 0.299762 -0.0408862 -0.238434 0.00543498 0.441969 -0.332524 -0.287549 0.482955 -0.157463 0.60474 -0.415115 -0.106959 0.245919 0.32049 -0.356975 0.191547 -0.544325 -0.157378 -1.3035 0.45365 -0.25926 0.0387755 1.11294 -1.16285 -0.322666 0.447354 -0.365513 -0.33924 0.598252
2 -0.234084 0.158635 0.0985854 0.353902 -0.0726782 -0.2607 -0.0311957 0.491344 -0.371894 -0.259544 0.481743 -0.182749 0.663807 -0.401175 -0.163819 0.288349 0.336308 -0.449771 0.192668 -0.614894 -0.10033 -1.4646 0.55442 -0.217416 -0.00589375 1.19019 -1.28061 -0.291522 0.480962 -0.441952 -0.355503 0.734557
3 -0.361394 0.194284 -0.220543 0.428306 -0.14269 -0.109865 0.00331595 0.390195 -0.359908 -0.241907 0.375789 -0.378252 0.688415 -0.226986 -0.439212 0.387103 0.19159 -0.734042 0.133263 -0.733451 0.173352 -1.6661 0.620796 0.0519008 0.00922094 1.01866 -1.35454 -0.293302 0.477307 -0.407869 -0.323605 0.874082
4 -0.319932 0.158 -0.280738 0.381672 -0.212511 0.00351757 0.0299892 0.245539 -0.343903 -0.22543 0.312609 -0.454606 0.600878 -0.143764 -0.489404 0.418684 0.0740436 -0.797552 0.0798004 -0.723324 0.228942 -1.54406 0.550192 0.138641 -0.00297325 0.8692 -1.23019 -0.252031 0.377122 -0.34005 -0.288127 0.763873
68 0.586575 0.0171107 0.283852 -0.180426 0.0999469 0.0374016 -0.13786 -0.225955 -0.257292 -0.914537 0.418005 0.56178 0.424828 -0.682357 0.401641 -0.479441 -0.490285 -0.0908816 0.461843 -0.797884 -0.134554 -0.452475 -0.69343 -0.0445912 0.651039 1.36408 -0.943674 0.0101068 -0.484435 0.12705 -0.365935 -0.458744
69 0.44302 -0.0250479 0.0881911 -0.277588 0.00917838 0.0110916 -0.326812 -0.209507 -0.451223 -1.04953 0.330803 0.308525 0.531494 -0.513807 0.541364 -0.646319 -0.601627 -0.1801 0.2715 -0.765177 0.0177672 -0.53612 -0.567433 0.144373 0.428485 1.26948 -0.702657 0.137486 -0.231732 -0.0180689 -0.389847 -0.254417
70 0.306619 -0.0322525 -0.00706056 -0.276212 0.00220876 0.0284244 -0.393562 -0.188874 -0.445646 -0.990118 0.302511 0.108414 0.553343 -0.398012 0.535271 -0.560892 -0.572357 -0.218264 0.172009 -0.72974 0.0626142 -0.529774 -0.491012 0.15005 0.309122 1.15353 -0.570326 0.125984 -0.120554 -0.0815447 -0.346027 -0.120759
71 0.2842 0.00292701 -0.0484138 -0.372124 -0.0645869 0.0391702 -0.579957 -0.216217 -0.694228 -1.27421 0.306891 0.0130869 0.715811 -0.387634 0.730513 -0.765988 -0.710166 -0.271841 0.150638 -0.832771 0.211274 -0.723439 -0.485904 0.232228 0.270627 1.36453 -0.549315 0.154266 -0.0259576 -0.13317 -0.440581 -0.0704689
67 0.566932 0.0094102 0.260409 -0.124153 0.117533 0.0197144 -0.00860808 -0.21434 -0.174492 -0.81154 0.383143 0.497824 0.31059 -0.618448 0.298043 -0.421782 -0.366989 -0.123219 0.392668 -0.720975 -0.117274 -0.436066 -0.635955 -0.0898889 0.643225 1.28973 -0.901259 -0.0631401 -0.43874 0.175206 -0.328505 -0.462589
180 0.0771593 -0.005422 0.358704 -0.0703188 -0.236949 -0.17523 0.169674 0.357688 -0.0721284 -0.461396 0.0946631 -0.42945 0.110061 -0.446284 0.0139253 0.229186 0.031054 -0.498657 -0.874773 -0.704152 0.18981 -0.780835 -0.602028 -0.0667342 -0.308366 1.39808 -0.416088 -0.124331 -0.559612 -0.0657583 -0.333451 0.462346
182 0.14318 0.0206745 0.332865 -0.058841 -0.213944 -0.126819 0.20002 0.465335 -0.0209714 -0.449392 0.137595 -0.445593 0.149964 -0.457704 0.0147002 0.206381 0.0639871 -0.560497 -0.815708 -0.735203 0.165514 -0.706983 -0.601825 -0.031145 -0.335874 1.33305 -0.439142 -0.119955 -0.544569 -0.114031 -0.252709 0.486108
178 -0.00964071 -0.0528883 0.14598 -0.00316213 -0.229664 -0.0916526 -0.0671716 -0.111993 -0.182081 -0.367091 0.163817 -0.371538 -0.0238431 -0.336822 -0.0183298 0.0219877 -0.0294823 -0.358787 -0.551848 -0.544064 0.212593 -0.751674 -0.491245 -0.178409 -0.0249492 1.36295 -0.546495 -0.336846 -0.292382 0.169663 -0.40938 0.175276
118 0.321431 -0.087328 0.160752 -0.456021 -0.00191342 0.21867 -0.121385 -0.0958525 -0.0930018 -0.404957 -0.0653486 -0.702699 0.134196 -0.115419 0.304816 -0.196615 0.151667 -0.334703 -0.0745303 -0.644536 0.384475 -0.648377 -0.102187 -0.456188 0.587856 1.00002 -0.593397 -0.568318 -0.234655 0.272348 -0.357562 -0.130568
119 0.382472 -0.254841 0.0756384 -0.609967 0.0570065 0.304848 -0.0978378 -0.0304098 -0.150131 -0.34163 -0.32085 -0.918741 0.225902 -0.0798648 0.493056 -0.286607 0.293162 -0.4104 -0.0665509 -0.848124 0.428803 -0.667054 -0.112002 -0.725292 0.837655 1.13527 -0.735908 -0.572859 -0.404738 0.32987 -0.560004 -0.0594194
120 0.483365 -0.309576 -0.0748982 -0.693719 0.200301 0.301963 -0.03959 0.039057 -0.175152 -0.255592 -0.52413 -0.991444 0.326432 -0.049431 0.610386 -0.289442 0.314932 -0.489951 -0.0426632 -0.980897 0.330034 -0.654618 -0.161021 -0.879663 0.944716 1.23953 -0.906197 -0.545089 -0.525969 0.363194 -0.647499 -0.0165587
121 0.421731 -0.325673 -0.129909 -0.663818 0.207721 0.272286 0.000751603 0.0318878 -0.185755 -0.178629 -0.521974 -0.918878 0.306639 -0.0468659 0.572392 -0.238751 0.297997 -0.43436 -0.0226032 -0.87175 0.309308 -0.542095 -0.186411 -0.815579 0.82641 1.09153 -0.809926 -0.460523 -0.455143 0.339986 -0.600158 -0.024095
122 0.48419 -0.362482 -0.199874 -0.728527 0.307242 0.374852 -0.0102864 0.105957 -0.239546 -0.243185 -0.496994 -1.07705 0.390817 -0.0964985 0.668201 -0.201487 0.34467 -0.542126 -0.0394528 -1.08624 0.355468 -0.75274 -0.205863 -0.951204 0.923831 1.36568 -0.952901 -0.576658 -0.543084 0.383346 -0.735875 0.0088913
123 0.528432 -0.316129 -0.207341 -0.760525 0.332043 0.409539 -0.0452753 0.115896 -0.335943 -0.382877 -0.423707 -1.05478 0.430396 -0.0773393 0.721888 -0.166209 0.357698 -0.510037 -0.00183683 -1.07019 0.35435 -0.732199 -0.248208 -0.983362 0.869808 1.34169 -0.862554 -0.591948 -0.54259 0.436248 -0.729234 0.0165373
124 0.43043 -0.239129 -0.189669 -0.624283 0.302774 0.351216 -0.0217666 0.115484 -0.322003 -0.341801 -0.316766 -0.902106 0.360913 -0.117295 0.61249 -0.0968928 0.303642 -0.385955 -0.00918714 -0.914403 0.274613 -0.589893 -0.211849 -0.827016 0.70139 1.10993 -0.637309 -0.5239 -0.426334 0.418186 -0.633284 0.0324797
164 0.583016 -0.108396 -0.147789 0.328655 0.559311 0.185605 0.0101177 0.0392652 -0.155716 -1.64594 0.637774 0.0933028 -0.295496 0.121598 -0.440502 -0.375641 -0.412829 -0.159177 -0.241673 -0.865029 0.23004 -0.931554 0.105586 0.263682 -0.108734 1.24558 -0.645034 -0.119863 -0.101909 0.000670433 -0.15731 0.0168667
163 0.546951 -0.0628228 -0.16018 0.335359 0.561983 0.219738 -0.00191861 0.0536396 -0.137644 -1.56411 0.548751 0.105097 -0.260386 0.19096 -0.412621 -0.379625 -0.471197 -0.154857 -0.135635 -0.820621 0.247812 -0.845781 0.159837 0.291724 -0.0729811 1.11481 -0.588547 -0.10425 -0.0562803 -0.0617291 -0.0764473 -0.0416553
241 -0.229265 -0.476005 0.140081 0.272432 0.401429 0.143601 -0.157811 0.205447 -0.0619053 -0.314928 -0.16849 -0.616585 0.0070135 -0.0107348 0.521467 0.285123 -0.317907 -0.79036 0.184991 -0.267362 0.72971 -1.13982 -0.651021 0.11787 -0.115493 0.904601 -0.909627 -0.906166 0.116717 0.644361 0.300598 -0.759656
240 -0.365363 -0.531295 0.222412 0.355926 0.432035 0.171649 -0.252321 0.20405 -0.12796 -0.359411 -0.187054 -0.664871 0.000405582 0.0703106 0.640293 0.375501 -0.300479 -0.894289 0.33119 -0.303491 0.839767 -1.31204 -0.689202 0.168905 -0.066938 1.01446 -0.952009 -1.01109 0.0571548 0.78639 0.285532 -0.842293
242 -0.259078 -0.486204 0.0966958 0.21017 0.432032 0.203419 -0.159597 0.224526 -0.0598239 -0.442031 -0.142758 -0.641332 0.0120782 0.042103 0.536527 0.258684 -0.302898 -0.858462 0.188658 -0.212325 0.728383 -1.15497 -0.7001 0.15669 -0.0913777 0.962318 -0.954739 -0.955051 0.0603691 0.692 0.258851 -0.858893
239 -0.371477 -0.471256 0.3744 0.405078 0.326762 0.194981 -0.305218 0.120089 -0.201703 -0.391945 -0.10183 -0.619816 -0.00493541 0.0698996 0.651517 0.422455 -0.279111 -0.844458 0.363838 -0.400871 0.795411 -1.3476 -0.598557 0.214983 0.00769745 1.00375 -0.864201 -0.973774 -0.0453935 0.837476 0.183245 -0.704738
109 0.147824 0.684714 0.645918 -0.698306 -0.236898 -0.204349 0.139233 -0.260509 -0.300094 -0.875023 0.485912 -0.544195 -0.244609 -0.204027 -0.279527 -0.102509 -0.436863 -0.373118 -0.415906 -0.373322 0.843046 -0.247977 0.277906 -0.119127 0.334348 1.12383 -0.232179 -0.581702 0.238688 0.245461 -0.0933444 -0.211653
116 0.45164 0.034096 0.82042 -0.627871 -0.422539 0.171515 -0.43558 -0.449703 0.136347 -0.637895 0.175678 -0.962014 -0.214039 -0.130057 0.26169 -0.431675 0.306103 -0.225182 -0.0424047 -0.460248 0.963046 -0.813111 0.0860315 -0.397929 0.986744 1.17568 -0.387775 -1.02056 -0.120738 0.356325 -0.387585 -0.462846
115 0.325561 0.0456499 0.664309 -0.511061 -0.376728 0.129058 -0.327655 -0.399902 0.0778311 -0.56372 0.183699 -0.797787 -0.16178 -0.13348 0.169759 -0.35443 0.208395 -0.16833 -0.0269964 -0.364531 0.849883 -0.709254 0.0491461 -0.300277 0.758278 0.951019 -0.299603 -0.846855 -0.0542454 0.282638 -0.289658 -0.407215
12 0.59457 0.133285 0.3078 0.298682 -0.724467 0.596814 -0.176657 -0.153206 -0.37404 -0.0757027 0.697733 -1.15549 0.0797102 -0.239899 -0.0813713 0.952752 0.191863 -0.479803 -0.0108369 -0.641436 -0.389 -1.12234 0.000686872 0.521752 0.267053 0.719955 -1.32179 -0.574904 0.528909 0.164854 -0.101737 0.0484746
13 0.55526 0.127106 0.419582 0.237867 -0.654444 0.558341 -0.177741 -0.18908 -0.357524 -0.0656605 0.563448 -1.02973 0.0255492 -0.246233 -0.00618391 0.833447 0.123198 -0.395728 0.0654357 -0.525617 -0.355294 -0.959805 -0.0568278 0.498293 0.227426 0.576129 -1.10404 -0.524085 0.425569 0.223306 -0.0738962 -0.0556427
14 0.594615 0.173225 0.498156 0.196899 -0.665014 0.642465 -0.180567 -0.209092 -0.409733 -0.128433 0.596231 -1.08096 0.0298775 -0.312879 0.0126971 0.895408 0.0576063 -0.436661 0.13088 -0.64116 -0.385908 -1.0291 -0.0647739 0.540997 0.24522 0.692186 -1.14707 -0.558741 0.400218 0.23828 -0.0731111 -0.171999
274 -0.173697 -0.329048 0.223935 -0.155545 -0.0310889 -0.203354 0.29143 -0.413563 -0.399415 -0.735725 0.456965 -0.654137 0.517217 -0.266818 -0.596675 -0.00657174 0.0607157 -0.741768 0.00503 -0.865286 -0.280625 -0.0934094 -0.381683 -0.528578 0.095204 0.993576 -0.702061 -0.631936 0.316315 0.105567 0.045938 0.48146
273 -0.2954 -0.363477 0.25684 -0.118082 -0.0537868 -0.291586 0.337744 -0.432779 -0.409025 -0.746821 0.499134 -0.687509 0.56438 -0.290474 -0.662505 -0.0207898 0.0363411 -0.824568 -0.019113 -0.991558 -0.233434 -0.107422 -0.457313 -0.524864 0.121652 1.12757 -0.85147 -0.65424 0.393077 0.11931 0.032168 0.548754
190 0.741927 0.15652 0.34541 0.0646147 -0.352769 0.0276835 -0.330697 0.671229 0.0165013 0.209842 1.01969 -0.635214 0.448688 -0.0887172 0.0410955 -0.108792 0.0991754 -0.640804 -0.437076 -0.918728 0.634897 -0.166561 -0.435329 -0.0372588 -0.456263 0.999819 -1.0472 -0.40189 -0.370861 -0.232966 0.0456313 0.257186
262 -0.556307 1.05556 -0.515362 0.0806763 -0.48111 0.327892 0.310146 -0.0810097 0.255626 -0.615825 0.439001 -0.26715 -0.440704 -0.281574 -0.074478 -0.150979 0.0572727 -1.0243 0.265092 -0.55563 -0.365458 -0.61601 -0.186759 -0.376651 0.133228 1.02635 -0.474771 -0.56746 0.174717 0.30337 -0.823674 -0.249422
261 -0.635897 1.1174 -0.591086 0.0829137 -0.549062 0.384059 0.36363 -0.0379782 0.243857 -0.652275 0.324957 -0.275249 -0.494268 -0.245198 -0.0954619 -0.129855 0.100258 -1.02865 0.236975 -0.648126 -0.458641 -0.754983 -0.173996 -0.495804 0.111549 1.24804 -0.570834 -0.663366 0.130729 0.375095 -0.894542 -0.378393
260 -0.707171 1.02955 -0.702688 0.131382 -0.595095 0.495338 0.41159 0.091775 0.173946 -0.64239 -0.0161555 -0.256761 -0.452525 -0.122901 -0.0842377 0.00340784 0.11536 -0.804243 0.191093 -0.760239 -0.589587 -1.05414 -0.135284 -0.642872 0.0949156 1.39647 -0.67501 -0.687555 0.0299948 0.426628 -0.887122 -0.51618
259 -0.666224 0.878556 -0.656202 0.121801 -0.561568 0.431149 0.378056 0.0951775 0.14274 -0.565049 -0.10429 -0.245405 -0.390375 -0.125967 -0.117664 0.0233653 0.101446 -0.675607 0.113673 -0.686182 -0.543153 -0.981053 -0.109787 -0.613426 0.0796614 1.29068 -0.649444 -0.660089 0.00305529 0.403146 -0.822946 -0.497023
265 -0.449386 0.762105 -0.170912 0.0536583 -0.362581 0.0753481 0.193133 -0.129716 0.247453 -0.477169 0.743724 -0.429794 -0.275963 -0.360896 -0.153538 -0.34949 -0.0114896 -1.13151 0.215782 -0.617064 -0.104971 -0.209925 -0.267314 -0.119913 0.239795 0.971553 -0.496682 -0.472823 0.385626 0.167207 -0.602537 0.0582875
16 0.544433 0.234638 0.70631 0.113782 -0.615799 0.607031 -0.142853 -0.252838 -0.440644 -0.344272 0.496332 -1.00121 0.0213669 -0.309303 0.0494875 0.898382 -0.165497 -0.376564 0.306209 -0.55145 -0.435053 -0.915478 -0.0705125 0.556189 0.266002 0.703445 -0.872404 -0.51256 0.211101 0.240091 -0.053753 -0.323077
15 0.688278 0.235576 0.760413 0.140128 -0.727014 0.672842 -0.19542 -0.277524 -0.485076 -0.38017 0.592671 -1.14565 -0.00494344 -0.36705 0.0503366 0.936085 -0.09599 -0.39756 0.265647 -0.621107 -0.49143 -0.996018 -0.126654 0.604424 0.291736 0.794868 -1.03649 -0.615405 0.278162 0.291611 -0.0354164 -0.304964
17 0.574993 0.294529 0.784265 0.0353262 -0.641038 0.687449 -0.159033 -0.260069 -0.427342 -0.406322 0.509125 -1.04466 0.0541423 -0.372399 0.0125959 0.901909 -0.23434 -0.406425 0.335193 -0.612169 -0.425758 -0.994794 -0.0610247 0.6325 0.294566 0.796254 -0.875544 -0.609967 0.148876 0.300041 -0.0553992 -0.390011
275 -0.184793 -0.365671 0.234488 -0.200257 -0.0173467 -0.186244 0.306966 -0.492966 -0.51483 -0.908371 0.532569 -0.704637 0.618812 -0.319363 -0.681347 0.011944 0.114626 -0.844205 0.00695757 -0.980056 -0.328562 -0.123349 -0.444384 -0.607203 0.130196 1.16739 -0.797656 -0.716222 0.339394 0.135026 0.032673 0.548183
276 0.113582 -0.332994 0.199129 -0.395821 -0.0394462 -0.0181773 0.127823 -0.528353 -0.560712 -0.970998 0.443276 -0.684807 0.621868 -0.244535 -0.51213 0.135674 0.196216 -0.755467 -0.0114822 -0.712013 -0.534929 -0.219456 -0.356319 -0.688522 0.0828302 1.09513 -0.590742 -0.707532 0.0559766 0.109559 0.0843297 0.371904
277 0.226081 -0.265619 0.155415 -0.413449 -0.0131122 0.0866037 0.0468892 -0.520611 -0.546493 -1.0087 0.410887 -0.636672 0.544892 -0.212042 -0.424438 0.190069 0.210078 -0.65201 -0.0694415 -0.613683 -0.538085 -0.287965 -0.289895 -0.623418 0.0742227 1.06393 -0.517368 -0.664582 -0.0706109 0.0828331 0.0863613 0.2906
39 -0.189453 0.555788 0.408085 0.217718 -0.347847 0.442987 -0.28926 0.622586 -0.488713 -0.271867 0.213987 -0.0433001 0.23384 -0.777089 0.192082 -0.203294 0.0228389 -0.466422 -0.154372 -0.998151 0.145618 -0.86641 0.253191 -0.191162 -0.236168 1.23494 -0.298256 0.186485 -0.702658 0.603279 0.291956 -0.868117
40 -0.188745 0.489953 0.35486 0.184183 -0.30439 0.411787 -0.248986 0.440697 -0.495826 -0.41833 0.24712 -0.0718781 0.183213 -0.653454 0.185913 -0.0730466 0.00199403 -0.456204 -0.203256 -0.853016 0.21159 -0.814139 0.195904 -0.167285 -0.139392 0.946321 -0.108331 0.229016 -0.669454 0.551732 0.128259 -0.835519
283 0.733862 -0.128323 0.162011 -0.698141 -0.0272648 0.254885 -0.206967 -0.377481 -0.379904 -1.27504 0.486259 -0.736585 0.64143 -0.184986 -0.245555 0.371242 0.187011 -0.335086 -0.169888 -0.553274 -0.560445 -0.786247 -0.206904 -0.755075 0.237255 0.95782 -0.157602 -0.411436 -0.405939 -0.101662 -0.0702578 -0.138498
284 0.915492 -0.142129 0.193134 -0.815262 -0.0695359 0.272625 -0.265932 -0.440754 -0.396237 -1.41239 0.589008 -0.820037 0.730524 -0.222147 -0.306036 0.408929 0.213536 -0.323178 -0.189033 -0.575716 -0.661208 -0.991757 -0.228316 -0.843863 0.261115 1.08769 -0.163787 -0.449151 -0.522825 -0.147256 -0.0474965 -0.249399
282 0.771077 -0.150223 0.134023 -0.769578 0.00520215 0.26182 -0.236921 -0.514685 -0.439045 -1.37745 0.50917 -0.829382 0.721151 -0.200001 -0.274537 0.455026 0.287636 -0.424101 -0.202623 -0.610513 -0.667539 -0.813638 -0.179523 -0.874108 0.221394 1.12712 -0.198019 -0.566693 -0.487651 -0.00965826 -0.00552375 -0.130417
281 0.596759 -0.209723 0.11836 -0.69586 -0.0232975 0.226306 -0.152003 -0.636387 -0.460094 -1.28626 0.452519 -0.843168 0.726017 -0.186847 -0.335697 0.41689 0.360206 -0.618052 -0.181866 -0.591348 -0.753789 -0.595113 -0.187448 -0.891271 0.179783 1.27327 -0.332138 -0.737293 -0.432656 0.0961111 0.0442384 0.00530657
280 0.538847 -0.200051 0.116565 -0.670652 0.0046999 0.187511 -0.176135 -0.568064 -0.439164 -1.08493 0.389031 -0.752658 0.67285 -0.166892 -0.313846 0.428657 0.345261 -0.550691 -0.191007 -0.501898 -0.683866 -0.547525 -0.129969 -0.809645 0.176874 1.19228 -0.292665 -0.691748 -0.382018 0.0653846 0.0378551 0.0266808
279 0.479316 -0.237515 0.131234 -0.665393 -0.0140825 0.186139 -0.104798 -0.623017 -0.51029 -1.18671 0.44222 -0.80409 0.736369 -0.185784 -0.41208 0.37558 0.360909 -0.673529 -0.190011 -0.638455 -0.738621 -0.500615 -0.187415 -0.887302 0.131529 1.26255 -0.372361 -0.772024 -0.345212 0.0793317 0.0692765 0.108816
88 -0.356758 0.270873 -0.662815 0.374132 -0.196691 -0.344208 -0.274519 -0.263124 -0.00256837 -0.341194 0.640894 0.158873 0.328028 -0.110751 0.0255595 0.581402 0.345547 -0.255659 -0.135778 -0.24804 0.24205 -0.579905 -0.532233 0.078359 -0.511969 2.17782 -0.251522 -0.563043 -0.0346011 -0.160647 0.3807 -0.0467866
87 -0.286305 0.293919 -0.769781 0.342556 -0.268781 -0.264396 -0.342662 -0.218442 0.0990147 -0.423902 0.727233 0.143539 0.284783 -0.12092 0.0768558 0.592464 0.383998 -0.347431 -0.119924 -0.362596 0.33844 -0.714647 -0.59449 0.028318 -0.469065 2.43656 -0.277413 -0.566278 -0.0162284 -0.242646 0.338087 -0.172777
89 -0.412561 0.428021 -0.737668 0.410757 -0.167092 -0.354309 -0.354449 -0.365784 -0.139241 -0.466535 0.725531 0.165116 0.467057 -0.104425 0.00135225 0.667613 0.334059 -0.224166 -0.160466 -0.317773 0.270381 -0.66907 -0.589024 0.130804 -0.538148 2.36286 -0.298713 -0.630128 -0.135635 -0.153841 0.464446 0.00725018
86 -0.226358 0.15044 -0.80706 0.301197 -0.384397 -0.231449 -0.356271 -0.118238 0.299896 -0.390416 0.725967 0.216224 0.157313 -0.125307 0.222965 0.605188 0.440353 -0.367167 0.0301071 -0.354005 0.320057 -0.672074 -0.589734 0.0159792 -0.358165 2.36443 -0.15695 -0.380839 0.137155 -0.325382 0.278732 -0.324083
85 -0.150668 0.0998892 -0.648221 0.200841 -0.321972 -0.15177 -0.251447 -0.0887758 0.293196 -0.334038 0.590556 0.139176 0.116456 -0.122414 0.24138 0.496502 0.377604 -0.332043 0.0509076 -0.295149 0.297763 -0.600637 -0.511255 -0.00537196 -0.262689 2.0443 -0.179828 -0.302232 0.141593 -0.268074 0.200647 -0.341654
84 -0.187466 0.0846033 -0.69758 0.218137 -0.404254 -0.124127 -0.353996 -0.0987941 0.31649 -0.431705 0.691584 0.151233 0.116531 -0.16764 0.344655 0.567348 0.43972 -0.363314 0.0942901 -0.347234 0.394218 -0.667114 -0.536469 0.00247781 -0.215494 2.21123 -0.157125 -0.19273 0.251064 -0.367997 0.215698 -0.396479
79 -0.263758 0.188972 -0.231678 -0.15522 -0.307703 0.211996 -0.754333 0.020909 -0.262067 -0.932675 0.362019 -0.0730853 0.269235 -0.15742 0.773693 -0.186673 -0.285592 -0.307771 0.211395 -0.595691 0.623609 -0.661526 -0.316839 -0.0262598 0.211173 1.40808 -0.220167 0.289926 0.509896 -0.370404 -0.18015 -0.161137
78 -0.261008 0.209241 -0.250929 -0.21997 -0.339223 0.240463 -0.901142 -0.014638 -0.401631 -1.0924 0.377399 -0.066069 0.371162 -0.186068 0.951829 -0.266649 -0.416305 -0.397779 0.264679 -0.725594 0.68174 -0.764975 -0.348644 -0.00699055 0.251584 1.58471 -0.220148 0.350208 0.557407 -0.417879 -0.224461 -0.15192
80 -0.286469 0.208058 -0.29353 -0.136752 -0.408018 0.272611 -0.765472 0.00588018 -0.17702 -1.04311 0.480172 -0.0718508 0.185466 -0.190049 0.809779 -0.0362315 -0.216988 -0.381202 0.242835 -0.62604 0.695644 -0.754535 -0.400823 -0.0483221 0.269798 1.62078 -0.21749 0.350216 0.599761 -0.455099 -0.135088 -0.263122
73 0.122414 0.0952644 -0.120188 -0.323206 -0.111655 0.0494754 -0.622184 -0.156514 -0.709709 -1.09575 0.257177 -0.0720424 0.671566 -0.213254 0.678805 -0.664296 -0.656094 -0.312762 0.0515534 -0.718981 0.317074 -0.690371 -0.336448 0.2177 0.138927 1.16155 -0.349277 0.190272 0.0841129 -0.204878 -0.372853 -0.0212114
237 -0.40989 -0.426611 0.399219 0.374334 0.329527 0.281806 -0.40791 0.0338951 -0.24608 -0.39383 -0.103528 -0.500553 -0.00204433 0.184495 0.628492 0.413934 -0.14194 -0.707949 0.427365 -0.372698 0.789342 -1.41212 -0.475256 0.281421 0.0263279 0.905252 -0.697198 -0.933044 -0.116588 0.885136 0.0714646 -0.600252
129 -0.0485125 0.247048 0.395087 -0.268903 0.439073 0.726253 -0.200353 0.216641 -0.429596 -1.12958 0.676161 -0.482295 0.356952 -0.794405 0.262234 0.309906 -0.0656809 0.0685521 0.0376509 -1.28523 0.361784 -0.49312 -0.420463 -0.783143 0.302383 0.756641 -0.178101 -0.839215 0.0668182 0.168605 -0.516071 0.342534
128 0.133234 0.081586 0.212158 -0.41003 0.401656 0.631028 -0.167622 0.223814 -0.453075 -0.984207 0.320438 -0.605701 0.355224 -0.592474 0.382523 0.174181 0.041817 -0.0219958 0.104082 -1.10432 0.304862 -0.388584 -0.361964 -0.82391 0.364007 0.659797 -0.212227 -0.679988 -0.0695993 0.212135 -0.521906 0.276372
126 0.338324 -0.147925 -0.0307988 -0.562053 0.328202 0.45803 -0.0743884 0.130856 -0.386773 -0.608563 -0.0541781 -0.761186 0.37 -0.242097 0.505841 -0.0179101 0.228288 -0.249055 0.0441179 -0.927912 0.269772 -0.551616 -0.258179 -0.82326 0.543143 0.884898 -0.47592 -0.553541 -0.305469 0.295059 -0.563738 0.0837372
125 0.490524 -0.259502 -0.221336 -0.693056 0.367245 0.39642 -0.00984953 0.163499 -0.344933 -0.401943 -0.342814 -0.975949 0.435517 -0.151797 0.674143 -0.0565938 0.32734 -0.428504 0.0329795 -1.01865 0.2757 -0.628333 -0.25012 -0.948045 0.758222 1.18662 -0.71995 -0.558464 -0.479524 0.394891 -0.707331 0.0816533
173 -0.0560073 -0.421734 0.0356527 0.20109 -0.330501 -0.407942 0.0587842 -0.412182 -0.26517 -0.45765 0.271398 -0.350757 -0.431934 -0.611793 0.0249697 -0.0448311 0.0947601 -0.193625 -1.23994 -0.458138 0.14851 -1.0718 -0.701117 -0.489397 0.0164828 1.77056 -0.637685 -0.367215 -0.354828 0.805552 -0.89086 0.471948
90 -0.498179 0.49812 -0.660084 0.39201 -0.0247461 -0.30758 -0.344335 -0.499085 -0.359887 -0.602543 0.648481 0.167344 0.573623 -0.114535 -0.0433054 0.648583 0.353998 -0.167745 -0.210837 -0.304785 0.273745 -0.609902 -0.623168 0.196573 -0.408438 2.16757 -0.339173 -0.515031 -0.122063 -0.174782 0.475486 0.185872
5 -0.358209 0.205856 -0.370307 0.404421 -0.221045 -0.00462299 0.0630049 0.307419 -0.364151 -0.259234 0.363129 -0.538807 0.713029 -0.160432 -0.597943 0.517074 0.0959219 -0.920594 0.115803 -0.784072 0.250265 -1.80931 0.662769 0.176804 -0.00507891 1.05462 -1.42916 -0.295051 0.453912 -0.40198 -0.323172 0.896681
238 -0.323811 -0.402031 0.339067 0.361796 0.309501 0.222321 -0.313507 0.102215 -0.190119 -0.288982 -0.131923 -0.498524 -0.0018975 0.109203 0.601411 0.372568 -0.223351 -0.67259 0.372081 -0.337392 0.732145 -1.16259 -0.49107 0.221898 0.00695995 0.772404 -0.701466 -0.864613 -0.0821039 0.726359 0.145134 -0.585294
243 -0.17384 -0.538475 -0.108256 -0.138796 0.448328 0.113962 0.0686306 0.202998 0.0139338 -0.410977 -0.0921122 -0.613124 0.100441 0.0983478 0.392429 0.0638713 -0.0856643 -0.822692 -0.0334985 -0.000518351 0.594555 -0.810294 -0.795157 0.136328 -0.188442 1.08 -1.00501 -0.916934 0.160578 0.547415 0.189932 -0.899153
117 0.423664 -0.153995 0.475138 -0.601526 -0.214884 0.237409 -0.286446 -0.267578 0.0424529 -0.496467 -0.0421353 -0.886411 -0.00871748 -0.117554 0.376239 -0.383917 0.291829 -0.275018 -0.0420198 -0.6151 0.691483 -0.707031 -0.00426109 -0.534825 0.908963 1.03265 -0.512755 -0.783254 -0.244793 0.335591 -0.447323 -0.274788
66 0.755885 -0.018648 0.359842 -0.126844 0.214871 0.0394252 0.0189419 -0.253976 -0.144571 -0.859579 0.467246 0.68892 0.322341 -0.802984 0.252299 -0.455096 -0.433305 -0.0334979 0.45216 -0.836725 -0.159614 -0.403788 -0.743327 -0.106245 0.780211 1.49229 -1.13745 -0.128345 -0.588993 0.236016 -0.361006 -0.553569
38 -0.230629 0.471311 0.377729 0.22305 -0.299603 0.429097 -0.247231 0.71465 -0.336093 -0.117001 0.16719 -0.0389208 0.252034 -0.681745 0.199971 -0.433359 -0.0380357 -0.442685 -0.0420829 -0.985337 0.037256 -0.8918 0.335465 -0.211576 -0.21241 1.4107 -0.411366 -0.0837273 -0.595536 0.592315 0.445867 -0.709311
184 0.333114 -0.0293911 0.291 0.185239 0.041203 -0.0353772 0.119988 0.641559 0.0548497 -0.138825 0.422067 -0.467726 0.254669 -0.319868 0.0139317 0.118724 0.139538 -0.612681 -0.589275 -0.738693 0.193787 -0.549608 -0.505255 -0.0521592 -0.357555 1.09319 -0.535887 -0.0634045 -0.30669 -0.221129 -0.117186 0.428738
245 -0.0863469 -0.501638 -0.295098 -0.406298 0.457759 0.144523 0.133933 0.194474 0.0865938 -0.662158 -0.0302291 -0.595642 0.156555 0.182895 0.300667 -0.154245 0.0460995 -0.833446 -0.313678 0.108251 0.486981 -0.637458 -0.919774 0.125067 -0.241449 1.24132 -1.11826 -0.957723 0.0902249 0.460225 0.0727494 -0.91731
48 0.0506902 -0.00461224 0.425645 0.27921 -0.366071 0.3904 -0.0148014 0.197308 -0.281323 -1.24561 0.647585 -0.0526361 0.277577 0.0360221 0.818566 0.06167 -0.349417 -1.17495 -0.105716 -0.688201 0.22592 -1.48892 0.0713476 -0.22765 0.627994 0.869936 0.173625 0.0246781 -0.549728 0.456014 0.0531168 -0.239326
132 -0.239458 0.157444 0.523529 -0.239754 0.767594 0.777966 -0.260525 0.389881 -0.247205 -0.988594 0.616468 -0.21363 0.352985 -0.554655 0.0259797 0.257758 -0.324524 0.105605 -0.234587 -1.11825 0.285055 -0.444063 -0.455447 -0.607995 0.36061 0.809457 -0.257706 -0.917812 0.0101018 0.107139 -0.656187 0.277851
131 -0.104421 0.262883 0.463854 -0.251887 0.494985 0.745047 -0.25686 0.283812 -0.393263 -1.16658 0.700749 -0.399448 0.358235 -0.754053 0.199271 0.313883 -0.143227 0.0565532 0.0206649 -1.26874 0.338593 -0.519777 -0.409747 -0.706678 0.288326 0.747117 -0.208996 -0.865174 0.0464873 0.12107 -0.552372 0.323133
134 -0.278912 -0.0107157 0.562291 -0.246865 0.933898 0.718079 -0.258717 0.544292 -0.0612455 -0.761226 0.52343 0.0010323 0.318264 -0.272981 -0.0847186 0.13418 -0.514747 0.0604522 -0.495228 -0.945748 0.175823 -0.474846 -0.439348 -0.431259 0.457597 0.970849 -0.41291 -0.935247 -0.114874 0.067489 -0.749969 0.120023
133 -0.2145 0.0864385 0.52588 -0.205956 0.729422 0.662898 -0.219838 0.420325 -0.0954767 -0.806686 0.530809 -0.122531 0.30215 -0.371642 -0.0447487 0.186159 -0.407711 0.0479491 -0.338111 -0.942736 0.226997 -0.419758 -0.409685 -0.454269 0.387032 0.860885 -0.343595 -0.852267 -0.0435375 0.0493837 -0.641733 0.1529
253 -0.656733 0.264026 -0.414799 -0.0251103 -0.119714 0.319391 0.279578 -0.0746801 0.263377 -0.832028 -0.255591 -0.635063 0.0551592 -0.00311283 -0.118589 -0.262575 -0.0572368 -0.38643 -0.139263 -0.258201 -0.291342 -0.633819 -0.760946 -0.274767 0.0253437 0.673081 -0.861849 -0.715486 -0.357292 0.234033 -0.371211 -0.570361
82 -0.199078 0.0479779 -0.419955 -0.0446159 -0.384714 0.189364 -0.516251 -0.0741274 0.18953 -0.711941 0.580655 0.0265875 0.0473755 -0.173393 0.570313 0.331397 0.213714 -0.264444 0.26598 -0.424758 0.573967 -0.56912 -0.433564 0.0270325 0.224639 1.62232 -0.114824 0.243116 0.551985 -0.499474 0.0298655 -0.362103
83 -0.237 0.0177762 -0.564851 0.0777088 -0.487892 0.118418 -0.470191 -0.094062 0.350172 -0.692359 0.690107 0.0756855 0.0325831 -0.196742 0.566507 0.470407 0.357156 -0.401979 0.289975 -0.433478 0.550101 -0.678687 -0.56268 -0.0136223 0.166183 2.01515 -0.143075 0.159278 0.518269 -0.537972 0.101839 -0.481684
81 -0.222277 0.0887105 -0.457648 -0.0913747 -0.462967 0.208138 -0.621672 -0.0377119 0.176683 -0.916439 0.605456 0.0144004 0.0526965 -0.230346 0.721219 0.24787 0.118837 -0.362668 0.328953 -0.532813 0.623709 -0.657773 -0.505128 -0.0288767 0.257332 1.77057 -0.174 0.289879 0.59429 -0.547916 -0.0425449 -0.365967
50 0.184823 -0.070826 0.396046 0.133359 -0.321619 0.348817 0.0955442 0.100619 -0.265927 -1.26378 0.629521 -0.112729 0.0952267 0.101412 0.840816 0.0017396 -0.27023 -1.06605 -0.055242 -0.682304 0.0221421 -1.41477 0.069796 -0.184295 0.534929 0.929814 -0.0742751 -0.0933014 -0.533145 0.539907 0.12044 -0.13431
130 -0.0559799 0.242308 0.395682 -0.303505 0.429339 0.685098 -0.216819 0.204278 -0.402582 -1.09705 0.596887 -0.478969 0.359508 -0.76305 0.237221 0.313577 -0.0848952 0.0743 0.0677941 -1.1949 0.331701 -0.430229 -0.407147 -0.749025 0.274009 0.681411 -0.155973 -0.801286 0.0306865 0.136891 -0.49182 0.34877
127 0.219774 -0.0387312 0.0433769 -0.435442 0.278849 0.38719 -0.0656529 0.100894 -0.329827 -0.644034 0.0845253 -0.599595 0.317237 -0.302369 0.365581 0.0382951 0.138657 -0.168708 0.0401226 -0.83397 0.24788 -0.482061 -0.26977 -0.668483 0.415597 0.791205 -0.385266 -0.499976 -0.204012 0.2333 -0.47656 0.109522
160 0.633514 0.123783 -0.173646 0.370233 0.723719 0.294567 0.00389487 0.11211 -0.109314 -1.58029 0.595034 0.167487 -0.162351 0.400351 -0.527351 -0.451675 -0.568301 -0.263609 -0.0203288 -0.862297 0.390848 -0.987168 0.273759 0.328628 -0.0271101 1.28696 -0.561841 -0.111472 -0.0912465 -0.254697 0.0411072 -0.0837053
181 0.0809036 0.0139685 0.318398 -0.134452 -0.230798 -0.136781 0.202265 0.411837 -0.0384154 -0.477158 0.0540083 -0.369195 0.117153 -0.444002 0.035355 0.219171 0.0144406 -0.443139 -0.799332 -0.647882 0.163909 -0.665139 -0.550534 -0.00574644 -0.314435 1.23506 -0.360572 -0.0621931 -0.556578 -0.0899213 -0.261331 0.436413
244 -0.0806242 -0.384656 -0.209293 -0.329809 0.351628 0.124631 0.131325 0.120014 0.0387752 -0.532188 -0.030978 -0.50102 0.13027 0.119442 0.275393 -0.0898209 0.0219089 -0.667718 -0.181376 0.0371391 0.401221 -0.572609 -0.723133 0.0924752 -0.148469 1.02436 -0.891659 -0.768982 0.0769189 0.410758 0.0586904 -0.763426
28 0.158315 0.682077 0.131755 -0.0963329 -0.155127 0.510811 -0.0766286 0.441534 -0.04524 0.363736 -0.0805052 -0.100112 0.106913 -0.27704 0.00933112 -0.584667 -0.365512 -0.152277 -0.190174 -0.595666 0.115343 -0.818619 0.00723705 0.488032 -0.028244 0.9027 -1.01077 -0.738626 -0.0678322 0.460375 0.276197 -0.144277
229 -0.0861777 -0.231 0.00633307 -0.237527 0.221841 0.499586 -0.0416846 -0.45242 -0.763895 -1.00006 0.549466 -0.767654 0.305659 0.166037 0.0763214 -0.206119 0.144301 0.158398 -0.0529481 -0.455349 0.709121 -1.29975 -0.207448 -0.214063 0.127573 0.639917 -0.340011 -0.357844 0.0650404 0.538308 0.170106 -0.265552
278 0.26592 -0.291408 0.1696 -0.515931 -0.0259096 0.106118 -0.00445316 -0.592233 -0.553431 -1.07646 0.435905 -0.752547 0.661823 -0.199818 -0.44607 0.252352 0.279068 -0.69486 -0.0811458 -0.626104 -0.622034 -0.336323 -0.283767 -0.764467 0.105831 1.12575 -0.484764 -0.727995 -0.146509 0.100665 0.0795559 0.271482
51 0.310766 -0.180977 0.389079 0.151551 -0.327187 0.288094 0.271637 0.00578613 -0.23798 -1.28455 0.635397 -0.025235 -0.0774658 0.1511 0.945962 -0.0287866 -0.207152 -1.02425 -0.0179841 -0.624734 -0.20463 -1.33789 0.129238 -0.0904465 0.521286 0.930597 -0.307242 -0.147763 -0.534557 0.737478 0.219384 -0.0233825
52 0.318968 -0.122498 0.317846 0.0442683 -0.236673 0.213331 0.27315 -0.0624416 -0.220404 -1.08634 0.577353 -0.0779717 -0.121124 0.0459712 0.723911 -0.00759564 -0.132391 -0.731293 0.0181501 -0.561836 -0.211667 -1.07371 0.0797011 -0.0622923 0.374675 0.841891 -0.422836 -0.215951 -0.473088 0.682484 0.161587 -0.0424115
49 0.0680454 -0.028357 0.329446 0.135018 -0.281848 0.339285 0.0383997 0.110643 -0.231638 -1.03986 0.50218 -0.107879 0.158362 0.0812917 0.71783 0.0434066 -0.270941 -0.965274 -0.0324596 -0.583531 0.0975599 -1.25172 0.0430847 -0.163391 0.474875 0.75454 0.0463261 -0.037876 -0.41103 0.361961 0.0699083 -0.0984158
