300 4
123 -0.900321 -0.085821 -1.13447 2.94102
125 -0.828024 -0.0381881 -1.16781 3.01766
124 -0.800059 -0.0496675 -1.12259 2.88825
126 -0.79992 0.0679534 -1.02453 2.80675
145 -0.838271 1.2361 -2.46726 0.433823
144 -0.88058 1.25226 -2.66839 0.639019
146 -0.849455 1.45008 -2.80975 0.598268
143 -0.81182 0.980142 -2.58919 1.05493
298 -1.83234 -0.364202 -1.58776 1.42953
297 -1.92845 -0.38471 -1.81345 1.72236
299 -2.07708 -0.325784 -1.75804 1.58679
0 -1.63006 0.023591 -1.96218 1.26007
2 -1.10693 0.26711 -2.22107 1.05271
1 -1.14288 0.460041 -2.02177 1.25811
152 -1.4539 1.65059 -2.15288 0.564038
151 -1.16022 1.49626 -1.98564 0.476794
150 -1.16824 1.58468 -2.28569 0.575
149 -1.00031 1.63889 -2.63704 0.554582
147 -0.922792 1.56756 -2.79875 0.583026
148 -0.69974 1.40915 -2.36138 0.51846
211 -1.48084 -0.372979 -1.24156 2.43623
212 -1.75281 -0.537317 -1.52215 2.64312
210 -1.60997 -0.348751 -1.51131 2.69527
209 -0.841487 -0.453484 -1.90333 2.22861
208 -0.670844 -0.24624 -1.76898 1.85214
271 -1.11122 0.428217 -1.42082 1.14104
272 -1.25655 0.52807 -1.29755 1.34857
270 -1.22227 0.119731 -1.57004 1.11953
269 -1.26242 -0.293119 -2.12191 1.18664
268 -1.22033 -0.478611 -2.12613 1.20686
267 -1.34318 -0.356802 -2.29227 1.25826
236 -1.95017 1.1892 -1.02127 1.58227
235 -1.61669 1.06187 -0.939762 1.2784
234 -1.74444 1.03417 -1.05293 1.38249
237 -2.23033 1.14062 -1.01285 1.75462
238 -1.87788 0.969891 -0.884816 1.52491
239 -2.17097 0.951638 -1.02236 1.6223
108 -0.0764392 1.43579 -1.80491 1.61535
107 0.349629 1.10936 -2.17994 1.75421
109 -0.484631 1.64309 -1.5492 1.49929
110 -0.496842 1.69071 -1.57331 1.7644
38 0.151657 0.821238 -2.01762 2.59713
37 0.147493 0.794684 -1.70544 2.19709
36 0.105563 0.892144 -1.71896 2.19923
35 -0.117838 1.32916 -1.75117 2.05623
33 -0.09192 1.33716 -1.74009 2.04501
273 -1.31362 1.15144 -0.954459 1.81648
275 -1.46367 1.5067 -0.942241 2.17219
276 -1.64953 1.73791 -0.843941 2.63609
274 -1.24488 1.25135 -0.938468 1.80188
84 -1.78253 0.723059 -1.62838 0.701087
86 -1.51609 0.949139 -1.96798 0.465236
85 -1.61258 0.937788 -1.74111 0.557189
83 -2.14756 0.267793 -1.42587 1.44984
81 -2.12196 0.0716562 -1.36431 1.87644
80 -2.17378 0.145397 -1.34496 2.03692
78 -2.11977 0.304404 -1.24394 2.04624
77 -2.05309 0.617056 -1.18397 2.21694
103 0.423786 0.357873 -2.45135 1.63075
104 0.453967 0.535043 -2.92275 2.05942
207 -0.666097 -0.517114 -2.09591 2.06882
206 -0.316586 -1.03447 -2.58209 2.22369
204 -0.485877 -1.1646 -2.84188 2.57062
205 -0.314072 -0.933584 -2.45835 2.1301
213 -1.67571 -0.6403 -1.63734 2.34697
135 -0.0805048 1.46736 -2.19888 1.4522
137 -0.0115399 1.33287 -2.42737 1.38877
134 -0.07358 1.44124 -1.93596 1.62605
136 -0.0617612 1.30418 -2.00057 1.30876
32 -0.237861 1.14432 -1.67884 1.91954
31 -0.234345 1.00797 -1.49952 1.72072
30 -0.205291 1.0925 -1.61426 1.79857
29 -0.170848 1.10722 -1.72741 1.88483
105 0.48441 0.774262 -2.58447 1.8481
106 0.425023 0.72797 -2.16539 1.5958
102 0.369309 0.362118 -2.91763 1.83173
251 -2.84361 0.875546 -2.11191 1.00997
252 -2.76188 1.14273 -2.07063 0.95543
249 -2.7092 0.740536 -2.00236 1.02959
248 -2.564 0.458174 -1.86805 0.967113
246 -2.30404 0.189116 -1.76296 1.01538
245 -2.1918 -0.0960942 -1.53243 1.23326
57 0.17499 -0.293412 -2.48876 2.30167
56 0.125779 -0.375816 -2.72894 1.93362
55 0.102247 -0.388431 -2.69057 1.72632
54 0.033756 -0.45374 -2.95082 1.81987
53 0.0178435 -0.363138 -2.99416 1.62317
139 -0.0159677 1.12401 -2.4545 1.13371
138 -0.0230227 1.31954 -2.67403 1.31895
140 -0.153248 1.16202 -2.69541 1.21639
82 -2.0455 0.0530848 -1.28498 1.63791
165 -1.25554 1.35478 -2.44612 0.474778
167 -1.14664 1.27747 -2.47641 0.492052
168 -1.00195 1.35126 -2.30336 0.57386
169 -0.894074 1.16088 -2.07013 0.665549
170 -1.07527 1.49597 -2.58773 0.684383
291 -0.981446 0.0634662 -1.66487 2.96091
293 -1.0357 0.0964415 -1.41054 2.60944
294 -1.49409 -0.26194 -1.44789 1.8746
296 -1.80576 -0.367245 -1.67693 1.97123
295 -1.54706 -0.283921 -1.5509 1.76745
220 -1.63465 -0.851899 -2.45391 0.95122
221 -1.81268 -0.909994 -2.7916 1.25693
219 -1.82188 -0.974603 -2.78812 1.24176
222 -1.78035 -0.747634 -2.56494 1.10612
223 -1.45263 -0.524685 -1.97775 0.861571
224 -1.8302 -0.674073 -2.47723 1.15551
265 -1.38223 -0.458867 -2.06976 1.12903
264 -1.53376 -0.444755 -2.25916 1.12471
266 -1.40259 -0.507786 -2.23601 1.24749
161 -1.55625 1.80873 -1.74554 0.941817
162 -1.43963 1.65832 -1.85985 0.703796
163 -1.16526 1.29021 -1.75965 0.661747
164 -1.33382 1.44507 -2.16773 0.637429
166 -1.07665 1.16979 -2.14709 0.33441
117 -1.99869 0.351201 -1.03045 1.86018
119 -1.62318 0.0747076 -0.939085 1.9362
118 -1.73468 0.158837 -0.943027 1.75766
116 -2.35006 0.601351 -1.07337 1.96501
114 -2.36815 0.771753 -1.0753 1.8449
79 -1.85441 0.179129 -1.18536 1.83202
263 -1.73702 -0.328739 -2.36358 0.900382
261 -1.8275 -0.211028 -2.25405 0.784659
262 -1.4988 -0.266432 -1.9912 0.850298
260 -1.89874 0.186606 -2.2364 0.622362
11 -0.0607086 0.30336 -2.73549 0.973293
9 -0.0171122 0.320955 -2.79317 1.00568
8 -0.00307603 0.60272 -3.07297 1.09877
6 -0.0828763 0.747112 -3.15952 1.05774
12 -0.294288 0.330547 -2.33643 0.935314
59 0.166123 -0.156586 -2.30805 2.45763
58 0.209087 -0.148593 -2.09642 2.12035
258 -2.1583 0.450519 -2.38688 0.672434
259 -1.80154 0.398896 -2.00152 0.533592
171 -1.20472 1.2744 -2.59325 0.401886
172 -1.00407 1.04305 -2.43226 0.287927
173 -1.12808 0.798985 -2.70378 0.32098
174 -1.34346 0.469412 -2.99326 0.239931
175 -1.23007 0.19703 -3.00513 0.311294
183 -1.20005 0.992828 -2.17328 0.545355
182 -1.39994 0.551876 -2.59665 0.368089
185 -1.21213 1.34814 -2.04763 0.574185
229 -1.73541 -0.293989 -1.64743 1.09113
230 -1.88476 -0.128862 -1.53016 1.15677
231 -1.87543 0.464638 -1.26816 1.22558
232 -1.68897 0.550996 -1.10011 1.14674
233 -1.80541 0.817016 -1.11356 1.21844
96 -0.304003 -0.0412259 -3.50972 1.17347
97 -0.297495 -0.0997911 -3.08944 1.08762
98 -0.311793 -0.0665912 -3.21921 1.18946
99 -0.101781 -0.0975332 -2.97987 1.34198
184 -1.04581 0.999415 -2.05134 0.427081
180 -1.38958 0.275259 -2.8585 0.385957
179 -1.36009 0.0107775 -3.00803 0.386007
177 -1.31793 -0.0130292 -3.21989 0.417944
292 -0.885712 0.123102 -1.42815 2.54324
290 -0.884102 0.0566963 -1.60105 3.34329
225 -2.00921 -0.738536 -2.54905 1.30299
227 -1.91025 -0.617219 -2.18572 1.21558
228 -1.85819 -0.316656 -1.96024 1.10398
255 -2.31149 1.05746 -2.18009 0.864398
256 -1.67985 0.905381 -1.88375 0.789375
257 -2.12652 0.79082 -2.36978 0.74124
4 -0.386737 0.86934 -2.64951 0.850291
3 -0.570462 0.764292 -2.76843 0.954881
132 -0.217746 1.34373 -1.77799 1.86366
133 -0.105219 1.29398 -1.74847 1.65894
113 -2.01048 0.953613 -1.04337 1.75083
112 -1.52954 1.11898 -1.11921 1.50545
111 -1.25198 1.39858 -1.13121 1.5627
87 -0.980665 1.15686 -2.18644 0.474786
89 -0.82786 1.25329 -2.46327 0.55587
88 -0.733007 1.18345 -2.07869 0.462269
90 -0.44946 1.11496 -3.03555 0.789863
92 -0.373756 0.962827 -3.13612 0.80061
93 -0.321843 0.48243 -3.31988 0.850439
94 -0.356986 0.324367 -3.11269 0.773045
278 -1.6692 1.67889 -0.956595 2.82094
277 -1.52463 1.55912 -0.737111 2.37254
279 -1.66488 1.69114 -0.881273 2.91418
281 -1.59303 1.49545 -0.885897 2.86976
280 -1.37142 1.5491 -0.755822 2.7133
247 -2.18932 0.223227 -1.66459 0.890928
157 -1.94303 1.80734 -1.33757 1.1254
158 -1.9905 1.90181 -1.56758 1.2458
156 -2.04318 1.93308 -1.58579 1.21114
243 -2.23553 -0.163087 -1.49569 1.46102
244 -2.00489 -0.204824 -1.44907 1.22682
40 0.261803 0.754199 -1.6363 2.47218
39 0.244463 0.734481 -1.9153 2.67739
41 0.26026 0.86369 -1.98171 2.88943
42 0.146699 0.910261 -1.90323 2.80716
181 -1.3393 0.268033 -2.61478 0.349398
197 -1.18003 -0.577636 -1.46435 2.32934
198 -1.17284 -0.918276 -1.63164 2.63729
199 -1.09936 -0.860238 -1.5876 2.37631
196 -1.16838 -0.0256042 -1.29783 1.8131
192 -1.15613 1.07108 -1.77329 1.79834
191 -1.19718 1.89588 -1.68001 1.62052
189 -1.27971 2.26042 -1.69963 1.7371
190 -1.04262 1.72763 -1.48359 1.34277
188 -1.39266 2.49665 -1.89104 1.82346
187 -1.19286 2.20834 -1.62626 1.45238
186 -1.28288 2.22615 -1.89845 1.40981
155 -1.9318 1.69444 -1.89965 0.99198
153 -1.74747 1.7407 -2.04046 0.701413
47 0.0930738 1.12521 -1.89769 2.90392
48 0.177152 0.67908 -1.93338 2.264
50 0.283996 0.187459 -2.17412 1.86518
286 -0.886548 0.259479 -1.1092 2.78138
285 -0.987212 0.478267 -1.01649 2.82313
287 -1.08556 0.212972 -1.38473 3.27194
288 -0.854671 0.0414575 -1.63995 3.52077
16 -0.831634 1.12316 -1.73478 0.739891
17 -1.07926 1.37718 -2.04078 0.865893
18 -0.963692 1.67508 -1.8922 1.09281
20 -0.731003 1.62072 -1.77574 1.00062
19 -0.868595 1.41637 -1.71183 0.905193
21 -0.407934 1.65243 -1.90667 1.31126
10 -0.0374175 0.161288 -2.47227 0.942679
14 -0.768929 0.766728 -2.24168 0.855533
13 -0.616542 0.490568 -2.18706 0.89128
34 -0.107814 1.25285 -1.63183 1.93002
226 -1.83214 -0.670498 -2.19492 1.07872
284 -1.17373 0.916914 -0.931262 2.67919
282 -1.47332 1.21148 -1.03158 2.885
283 -1.18028 0.961768 -0.770437 2.50789
76 -1.85941 0.621523 -1.05591 1.96022
75 -1.73129 0.812117 -1.10096 2.00422
115 -2.14264 0.612841 -0.921616 1.58648
218 -1.65193 -0.985818 -2.51924 1.41729
15 -0.857783 1.08375 -2.10886 0.785589
242 -2.23016 0.267416 -1.2749 1.50409
240 -2.32446 0.507281 -1.1253 1.59166
241 -2.09027 0.295651 -1.06437 1.40279
122 -0.95101 -0.0564642 -1.14064 2.70574
120 -1.06293 -0.0678342 -1.05178 2.43513
121 -0.860405 -0.0522165 -1.0308 2.31374
200 -0.984094 -1.05836 -1.93418 2.56176
201 -0.747553 -1.14324 -2.35248 2.48261
202 -0.583122 -1.12902 -2.36369 2.37351
23 -0.12062 1.68757 -1.84242 1.43932
22 -0.230119 1.68498 -1.83213 1.26778
24 -0.0382375 1.58811 -1.705 1.67456
5 -0.257512 0.84834 -2.93729 0.884142
51 0.0311004 -0.227673 -2.88144 1.52559
60 0.06161 0.176811 -1.65761 2.32983
195 -1.2607 -0.250444 -1.54187 2.2359
250 -2.42662 0.702706 -1.84011 0.812201
100 -0.0996803 -0.0650547 -2.7444 1.15795
95 -0.408783 0.206609 -3.5239 1.02887
142 -0.625197 0.89166 -2.23229 1.16436
141 -0.452501 0.915349 -2.63105 1.14672
61 -0.178124 0.422945 -1.32583 2.24088
62 -0.268037 0.459646 -1.61735 2.50678
63 -0.37396 0.742834 -1.52456 2.40769
64 -0.556063 0.794987 -1.62095 2.01996
25 0.0621514 1.25751 -1.47044 1.54941
26 0.0182199 1.38532 -1.7512 1.77938
27 -0.171184 1.1784 -1.8282 1.8921
43 0.0607684 0.76882 -1.4143 2.29662
44 0.0569728 1.06359 -1.74148 2.82593
45 0.0376634 1.12699 -1.98411 3.0032
72 -0.758347 1.62175 -1.44687 2.22892
74 -1.02176 1.27828 -1.12732 1.9721
73 -0.811135 1.36811 -1.26508 2.01281
154 -1.81577 1.65823 -1.8198 0.788691
176 -1.39488 0.193264 -3.28337 0.346424
159 -1.82964 2.00437 -1.59825 1.17858
160 -1.58356 1.73512 -1.44635 1.00175
194 -1.18639 0.326817 -1.75804 2.0659
91 -0.350887 1.05232 -2.91161 0.798558
28 -0.116476 1.03978 -1.5939 1.84267
203 -0.583364 -1.22551 -2.74705 2.65969
7 0.000496031 0.616281 -2.77499 0.881609
216 -1.547 -0.996162 -2.06496 1.44074
217 -1.38865 -0.756667 -1.94058 1.23937
65 -0.295185 0.994804 -1.55822 2.06722
66 -0.314352 1.49117 -1.67844 2.04997
68 -0.356397 1.67913 -1.6087 2.09193
67 -0.189423 1.26753 -1.43235 1.77059
101 0.115482 -0.0321934 -2.95895 1.37807
69 -0.403663 1.8846 -1.68017 2.31864
70 -0.407837 1.88781 -1.63579 2.16096
71 -0.600605 1.8603 -1.57478 2.37035
128 -0.837422 0.254936 -1.05305 2.68848
127 -0.702595 0.127312 -0.866082 2.43806
129 -0.929787 0.526101 -1.40423 2.59085
289 -0.743518 0.00112837 -1.44658 3.17058
46 0.0772859 1.06788 -1.7849 2.74761
254 -2.59632 1.09225 -2.01507 0.949158
253 -2.38216 1.04489 -1.69912 0.909024
215 -1.61196 -0.799403 -1.69653 1.96373
214 -1.43817 -0.48689 -1.52484 1.92983
52 -0.0331419 -0.348404 -2.72813 1.25363
131 -0.541877 0.754152 -1.33834 2.11321
130 -0.849576 0.490752 -1.26245 2.1326
193 -1.15601 0.84965 -1.86663 1.6768
178 -1.10525 -0.0909706 -2.50894 0.389355
49 0.179464 0.565709 -1.70267 1.97209
