300 4
158 -1.32962 -0.54315 -0.0240706 2.39988
157 -1.15832 -0.390198 0.0530409 2.21886
156 -1.0532 -0.405704 0.280311 2.50349
256 0.380291 0.456601 -1.92438 2.55931
257 0.52913 0.494424 -2.16978 3.06659
258 0.646806 0.398811 -2.15981 3.08761
260 0.670746 0.292781 -2.01884 2.81207
261 0.712263 0.174114 -2.00006 2.71937
263 0.697281 0.0654448 -2.0859 2.77494
142 -0.914264 -0.400146 0.343369 2.55952
141 -1.27099 -0.318235 0.336581 2.78953
143 -1.02381 -0.30654 0.46707 2.87703
168 -1.37609 -1.76124 0.0235784 2.42183
169 -1.14781 -1.55504 0.0515925 2.04909
167 -1.37453 -1.50954 -0.203291 2.12988
32 -0.980031 0.519875 -0.762133 2.69735
33 -0.911798 0.507591 -0.896461 2.51172
34 -0.869088 0.483901 -0.788089 2.2565
35 -0.899768 0.48959 -0.975794 2.29528
36 -0.841961 0.314778 -1.05901 2.07158
37 -0.710284 0.0669143 -1.09109 2.01556
38 -0.593247 -0.0967045 -1.44908 1.84387
269 0.763113 -0.390045 -1.89991 2.60667
267 0.737385 -0.198662 -1.92286 2.44227
266 0.636799 -0.0805653 -2.0335 2.53678
265 0.450078 0.0370453 -1.95627 2.41874
264 0.603355 0.0221039 -2.07428 2.62806
92 0.152014 -1.72319 -0.91143 2.01234
90 0.311474 -1.78839 -0.970152 2.00712
89 0.265 -1.76456 -0.883431 1.93293
87 0.121167 -1.86898 -0.770646 1.8526
86 -0.204902 -2.09991 -0.702703 1.94473
85 -0.396066 -1.86214 -0.591416 1.70637
236 0.904342 -1.67275 -0.880983 2.55709
234 0.484558 -1.66277 -1.15557 2.03611
233 -0.182747 -1.79278 -1.64903 2.1243
235 0.798874 -1.47584 -0.793129 2.37379
277 0.496636 -0.364297 -0.192698 2.18086
278 0.725144 -0.412583 -0.356199 2.37921
279 0.818661 -0.61312 -0.688775 2.39693
281 0.755414 -0.730468 -0.904253 2.08521
282 0.670614 -1.01567 -1.73302 2.13291
284 0.544086 -1.03872 -1.99055 2.38515
231 -0.391877 -1.88289 -1.8421 2.12912
230 -0.469473 -1.87055 -1.76068 2.20701
232 -0.390192 -1.67817 -1.724 1.97133
40 -0.29024 -0.0466709 -1.49356 1.67251
41 -0.303723 0.295321 -1.71391 2.16909
42 -0.34008 0.471923 -1.55534 2.36093
43 -0.192749 0.472512 -1.3934 2.25265
44 -0.116208 0.669883 -1.43533 2.66811
283 0.481333 -0.848393 -1.54261 1.85966
280 0.629309 -0.531877 -0.708093 2.09467
145 -0.645912 -0.165606 0.526568 2.91927
146 -0.721696 -0.135829 0.570387 3.29118
147 -0.518826 -0.171233 0.660222 3.14593
149 -0.431069 -0.243233 0.52916 3.27352
148 -0.406766 -0.1758 0.582329 2.91398
144 -0.786352 -0.17314 0.502734 3.19763
295 0.313458 -1.46025 -1.88477 2.01299
296 0.407918 -1.41556 -1.96101 2.29933
297 0.385267 -1.22782 -1.74605 2.18867
298 0.440944 -1.09787 -1.58384 2.02816
299 0.405224 -1.13612 -1.71103 2.217
0 0.496701 -0.896048 -1.50067 2.03651
2 0.248323 -0.847528 -1.23505 1.89437
3 0.120359 -0.842198 -1.15035 1.62098
4 0.218108 -0.684715 -0.987328 1.40476
67 -1.09011 -1.52812 -1.10255 1.60991
66 -1.27752 -1.38218 -1.40953 1.76621
65 -1.42721 -0.927954 -1.76317 1.78073
63 -1.41532 -0.536325 -2.15703 2.06905
64 -1.20225 -0.64762 -1.82822 1.7512
1 0.357523 -0.738346 -1.18027 1.72292
93 -0.140911 -1.73695 -0.889153 1.85768
91 0.210866 -1.6071 -0.875816 1.71066
88 0.264041 -1.65516 -0.796609 1.7775
140 -1.60021 -0.441539 0.261482 2.85407
138 -1.71416 -0.415706 0.207746 2.8689
139 -1.46082 -0.320035 0.165289 2.45094
137 -1.8802 -0.378119 0.0346271 3.09215
24 -1.6692 0.745075 -1.12266 3.09155
26 -1.48018 0.737546 -0.936605 3.12433
23 -1.69986 0.634952 -1.17025 2.85782
25 -1.37376 0.83373 -0.924718 2.91986
21 -1.8725 0.507943 -1.27678 2.81834
12 -2.05 -0.882353 -1.24595 2.42355
11 -1.58614 -1.00368 -1.02953 2.27226
9 -1.24987 -1.02749 -0.911761 2.02758
8 -0.782215 -1.04556 -0.886453 1.84914
7 -0.596419 -0.985936 -0.808476 1.52597
10 -1.08091 -0.849409 -0.725498 1.97092
287 -0.119867 -1.3265 -2.58953 2.25735
285 0.115379 -1.25565 -2.2897 2.20638
286 -0.170282 -1.07604 -2.22902 2.02138
209 1.45113 -0.45367 -0.677549 2.80394
208 1.30452 -0.333527 -0.598859 2.57566
207 1.40315 -0.132491 -0.65219 2.954
206 1.11277 0.185403 -0.373471 3.19568
205 0.818331 0.209124 -0.257891 2.75884
84 -0.582087 -2.16907 -0.647749 1.89026
83 -1.04562 -2.18979 -0.66292 2.23453
60 -1.37566 -0.0381452 -2.15697 2.25133
61 -1.20079 -0.133086 -1.9431 2.04551
59 -1.27083 0.166103 -2.03751 2.37909
58 -1.07354 0.246866 -1.76542 2.28319
57 -1.21328 0.190682 -1.79552 2.43008
56 -0.742532 0.449941 -1.22307 2.67171
249 0.118164 0.126009 -1.22901 2.23896
251 0.00478609 0.289312 -1.59015 2.4117
248 0.31056 -0.424523 -0.871943 2.66732
247 0.382521 -0.566672 -0.555008 2.46065
246 0.511869 -0.555129 -0.591744 2.62984
113 0.831206 -0.201213 0.0312193 3.04193
112 0.70842 0.0356631 -0.0711702 2.76025
111 0.864745 0.0778673 -0.331316 2.96139
110 0.648519 0.261679 -0.524222 2.70014
109 0.584271 0.228862 -0.656454 2.20006
223 0.577405 -1.60602 -1.39919 2.08727
224 0.604514 -1.74257 -1.68494 2.37124
222 0.615555 -1.81241 -1.28841 2.22236
221 0.580235 -2.03829 -0.821233 2.26548
220 0.425286 -1.7656 -0.56017 1.95871
219 0.533598 -2.08948 -0.568943 2.31807
218 0.531566 -2.20296 -0.0238669 2.69414
204 0.977686 0.319888 -0.272969 3.27674
203 0.6746 0.304662 -0.111816 3.2538
201 0.440922 0.154819 0.0177563 3.02557
200 0.0846202 -0.0493283 0.302491 3.07874
202 0.48781 0.189785 -0.0898868 2.77888
294 0.0838267 -1.60988 -2.20957 2.29011
293 -0.109048 -1.57219 -2.40634 2.24501
292 -0.217886 -1.34092 -2.08859 1.82007
291 -0.311166 -1.42931 -2.33845 2.05694
268 0.642668 -0.215892 -1.66516 2.1458
270 0.68897 -0.270283 -1.47339 2.39707
272 0.490225 -0.246085 -1.12042 2.19738
271 0.463449 -0.274983 -1.17299 2.05129
197 -0.486171 -0.351062 0.63951 3.10132
195 -0.55805 -0.426449 0.633112 2.92206
196 -0.372669 -0.334233 0.640115 2.59477
194 -0.848047 -0.595008 0.361066 2.83891
216 0.487784 -2.2563 0.103199 2.89186
217 0.447706 -2.04988 0.044316 2.5988
215 0.732229 -1.92271 -0.105479 2.75754
213 0.756056 -1.65626 -0.196559 2.67065
211 1.12875 -0.733412 -0.492728 2.20172
210 1.37512 -0.819839 -0.630888 2.70618
212 1.18648 -1.03179 -0.466282 2.43354
214 0.654576 -1.51372 -0.103128 2.26319
255 0.327971 0.492296 -2.08413 2.93658
254 0.161591 0.327716 -1.89053 2.64141
262 0.604329 0.145142 -1.71819 2.4192
259 0.621414 0.343997 -1.8399 2.64921
6 -0.500255 -0.937723 -0.961858 1.59547
50 -0.180717 0.975946 -0.726427 3.53257
49 -0.160754 0.90035 -0.668387 3.01586
48 -0.108793 0.975689 -0.799629 3.29928
47 -0.0735401 0.880193 -0.944591 2.96299
46 -0.0921035 0.763079 -0.996842 2.51539
45 -0.0864474 0.870304 -1.24614 2.80263
176 -0.990718 -1.86585 0.640578 2.89674
177 -0.890292 -1.78895 0.67357 3.04577
175 -0.987465 -1.62057 0.410116 2.40686
174 -1.14567 -1.9037 0.420934 2.71069
173 -1.21021 -1.91135 0.299996 2.70705
171 -1.19801 -1.87617 0.264391 2.62815
170 -1.30416 -1.88176 0.0967664 2.52708
5 -0.0155397 -0.867655 -0.993936 1.52895
179 -0.646167 -1.81496 0.711851 2.89227
180 -0.333635 -1.98993 0.55469 2.849
245 0.990473 -0.951054 -0.49932 2.93781
243 1.27763 -1.25283 -0.612186 3.20293
244 1.01588 -0.941735 -0.466925 2.84176
199 0.0425852 -0.0945532 0.496924 2.59341
198 -0.144669 -0.219221 0.538956 3.06621
276 0.635355 -0.345727 -0.33014 2.30858
226 0.293796 -1.28399 -1.58103 2.13124
227 0.0117047 -1.35213 -1.58777 2.1698
228 -0.506657 -1.6792 -1.60905 2.06413
229 -0.424611 -1.52763 -1.5816 1.7969
20 -2.18369 0.0538503 -1.38292 2.62743
19 -1.81182 -0.270085 -1.23778 2.19333
18 -2.08591 -0.387203 -1.35655 2.36556
17 -2.21248 -0.632101 -1.40958 2.50432
77 -1.47843 -0.478324 -0.507101 2.26475
78 -1.64378 -0.953041 -0.52926 2.08935
80 -1.64308 -1.47978 -0.599208 2.13292
79 -1.53931 -1.06645 -0.512841 1.94711
76 -1.13477 -0.252782 -0.453499 1.99805
191 -1.3743 -1.05055 -0.133419 2.32944
189 -1.26245 -1.07693 -0.214785 2.13362
190 -1.28924 -0.99411 -0.0959259 2.11618
192 -0.941603 -0.687766 0.224163 2.32551
16 -1.88947 -0.68031 -1.20382 1.96352
15 -2.29129 -0.808144 -1.47628 2.47572
162 -1.44415 -0.966919 -0.32955 1.87132
161 -1.37576 -0.682658 -0.217612 1.92198
159 -1.35418 -0.56525 -0.135373 2.16639
163 -1.33307 -0.965428 -0.262527 1.67785
153 -0.523432 -0.514033 0.383773 3.00105
152 -0.31772 -0.400008 0.378301 2.87786
155 -0.620873 -0.546062 0.336701 2.89744
154 -0.503004 -0.445356 0.30915 2.63018
250 0.0190395 0.17554 -1.21106 2.13949
252 0.0211615 0.359685 -1.75877 2.45157
253 0.0787001 0.317402 -1.66045 2.42898
288 -0.4176 -1.3413 -2.60858 2.20593
39 -0.531912 0.0593758 -1.79498 2.07805
225 0.439168 -1.47142 -1.69622 2.42923
108 0.406817 0.332037 -0.896368 2.45049
242 1.27062 -1.37231 -0.59904 3.26195
241 1.19065 -1.28713 -0.380045 2.8143
240 1.29409 -1.47914 -0.575636 3.09084
27 -1.45831 0.723455 -0.794731 3.18984
28 -1.09421 0.580463 -0.599085 2.76227
29 -1.28838 0.612821 -0.653262 3.00748
160 -1.20324 -0.479457 -0.179914 1.78601
98 -0.855181 -2.29038 -1.34389 2.32113
96 -0.680758 -2.49746 -1.22009 2.57576
97 -0.696732 -2.20127 -0.96934 2.1306
99 -0.934878 -1.70274 -1.61747 1.95912
188 -1.06287 -1.10932 -0.377564 2.12952
187 -0.745613 -1.09456 -0.578908 1.93045
62 -1.47753 -0.153694 -2.30638 2.39534
184 -0.332205 -1.31939 -0.327848 2.12757
183 -0.249671 -1.59203 -0.0835852 2.23352
185 -0.386212 -1.4325 -0.552746 2.35197
186 -0.771621 -1.22517 -0.617704 2.00306
54 -0.472533 0.786248 -0.76098 2.9838
120 0.103758 -1.02692 0.43013 2.93712
119 0.327662 -0.89369 0.486357 2.94671
117 0.525383 -0.817646 0.527933 3.11871
71 -0.796035 -2.11794 -0.745941 2.1215
70 -0.743221 -2.13808 -0.661837 2.03858
69 -1.07818 -2.12448 -0.92998 2.01803
68 -1.21767 -1.85974 -1.26954 1.87928
239 1.2384 -1.56696 -0.576158 2.76595
237 1.08769 -1.67025 -0.697033 2.94351
238 1.13717 -1.55531 -0.492295 2.6409
72 -0.731635 -1.4137 -0.663301 1.98364
73 -0.751592 -0.826719 -0.652052 2.14715
118 0.372213 -0.818348 0.524858 2.77342
121 0.0497661 -0.994558 0.497229 2.68553
165 -1.39082 -1.35451 -0.319529 1.9613
166 -1.16813 -1.22713 -0.194085 1.71814
129 -0.274342 0.11435 0.247479 3.18583
128 0.0273767 -0.080937 0.390857 3.24786
127 0.159117 -0.118367 0.393065 2.93019
126 0.227442 -0.221476 0.622754 3.2746
123 0.295932 -0.674693 0.673206 3.40606
124 0.266534 -0.579698 0.664445 3.02879
125 0.249286 -0.619324 0.650331 3.23158
13 -1.93678 -0.868875 -1.16838 2.20775
14 -2.27399 -0.975996 -1.35791 2.48326
94 -0.211075 -1.58532 -0.789103 1.96263
95 -0.576733 -2.1895 -0.933991 2.19425
75 -1.32855 -0.369004 -0.567538 2.31528
74 -1.16304 -0.472716 -0.60067 2.23894
131 -0.783737 0.353205 0.19468 3.20475
132 -1.52751 0.134734 -0.0458742 3.17735
134 -1.70794 0.110932 -0.0320069 3.1551
130 -0.393092 0.203113 0.140028 2.88535
133 -1.48289 0.153991 -0.119443 2.87153
135 -1.75777 -0.221665 -0.0308671 2.90543
136 -1.72156 -0.267472 0.0367968 2.65093
107 -0.00867394 0.419773 -1.3813 2.23894
105 -0.441888 0.131586 -1.75068 2.06759
106 -0.295444 0.243576 -1.54426 1.98277
82 -1.10441 -1.99149 -0.626343 2.05157
290 -0.488685 -1.3717 -2.66949 2.16369
122 0.178615 -0.844194 0.601315 2.99155
151 -0.301845 -0.289982 0.251452 2.61395
150 -0.332937 -0.267773 0.403101 3.05398
181 -0.288416 -1.75705 0.491569 2.40888
182 -0.250608 -1.94442 0.354305 2.73121
116 0.797288 -0.628699 0.400821 3.20651
114 0.8607 -0.50211 0.338341 3.19514
178 -0.674999 -1.60735 0.643967 2.67252
101 -1.00495 -1.34321 -1.88049 2.00242
102 -0.974547 -0.68344 -2.03855 1.91897
104 -0.815383 -0.173293 -2.13021 2.04874
103 -0.824546 -0.400191 -1.89382 1.80922
164 -1.3254 -1.10897 -0.327807 1.86223
55 -0.600133 0.145139 -0.987923 2.60455
53 -0.321591 0.958509 -0.655745 3.23074
52 -0.160876 0.999206 -0.654992 3.03792
273 0.297829 -0.155158 -0.537313 2.30522
274 0.205685 -0.110423 -0.366 2.16054
275 0.403218 -0.149794 -0.356467 2.391
22 -1.43233 0.498478 -0.943011 2.30669
30 -0.978383 0.558652 -0.694282 2.78548
172 -0.995983 -1.60259 0.193328 2.17959
81 -1.42076 -1.86164 -0.623172 2.15838
51 -0.230639 1.03287 -0.671952 3.55048
193 -0.838549 -0.55035 0.321351 2.42978
31 -0.88417 0.365031 -0.588219 2.37222
289 -0.374215 -1.12266 -2.28278 1.94877
100 -0.803666 -1.37135 -1.62326 1.77302
115 0.753352 -0.549442 0.356658 2.87117
