300 32
160 -0.567259 0.261844 -0.177342 0.125875 0.573167 0.182538 0.346541 0.659324 -0.125979 -0.674997 -0.200809 0.265833 -0.324013 -0.304231 -0.202868 -0.246598 0.842277 -0.250019 -0.0808246 0.108469 0.041464 0.0402983 0.543715 0.169096 0.243471 0.450959 0.0832941 -1.13822 0.255174 -0.433392 -0.173876 0.186092
159 -0.605245 0.27934 -0.300314 0.150291 0.618422 0.114285 0.467995 0.731272 -0.221564 -0.79892 -0.11867 0.313095 -0.393524 -0.320727 -0.210285 -0.263843 0.954832 -0.329699 -0.14523 0.127543 0.0158006 0.173821 0.593455 0.250416 0.321258 0.486156 0.143984 -1.36235 0.281843 -0.502834 -0.191051 0.247346
161 -0.714541 0.329377 -0.214345 0.178817 0.76555 0.231027 0.459012 0.819665 -0.214508 -0.824295 -0.183382 0.367829 -0.376197 -0.379748 -0.252356 -0.293945 1.05402 -0.300992 -0.20933 0.112665 0.0240479 0.0925363 0.732128 0.221271 0.304327 0.62095 0.110833 -1.38158 0.241388 -0.568002 -0.214916 0.280138
233 0.0490473 0.189508 0.10398 0.459598 0.170567 -0.317725 0.372944 0.692207 0.947493 -0.628907 0.0034029 0.087989 -0.702222 -1.0042 0.178732 -0.0569266 0.664109 1.08832 0.20554 0.189951 0.713423 -0.229179 1.01213 1.04605 -0.104346 0.377875 0.364521 -0.780507 0.800235 -0.106878 0.0916967 0.033034
231 -2.55954e-05 0.169729 0.152885 0.47469 0.292491 -0.250433 0.301719 0.862557 1.10105 -0.768512 0.00609379 0.109124 -0.676948 -0.983217 0.219128 -0.106736 0.684527 1.21237 0.17907 0.290646 0.789937 -0.223087 1.07982 1.05327 -0.174 0.330142 0.335371 -0.699513 0.811283 -0.130111 0.190022 0.0171762
232 0.0418627 0.0975104 0.0877 0.468168 0.20925 -0.308378 0.256525 0.705051 0.949668 -0.669667 0.00753515 0.0769871 -0.673923 -0.962441 0.190949 -0.141113 0.682509 1.07892 0.20423 0.202604 0.718775 -0.244333 1.01135 1.03905 -0.0927936 0.360198 0.333443 -0.761996 0.766131 -0.115041 0.155299 -0.0144409
230 0.00849786 0.22157 0.153449 0.304952 0.394874 -0.09263 0.213293 0.905595 1.06368 -0.767178 -0.0194391 0.0966652 -0.455429 -0.879261 0.208388 -0.20391 0.567319 1.15256 0.0458085 0.312381 0.758416 -0.189636 0.961232 0.908736 -0.246306 0.256201 0.367583 -0.705726 0.681909 -0.0708439 0.233855 0.0234813
169 -0.077914 -0.258042 0.653355 -0.0198712 0.785122 0.248532 0.464026 0.169775 0.206493 -0.320022 -0.498223 0.611109 0.212338 -1.00778 -0.550761 -0.696693 0.83676 -0.109904 -0.043874 0.371055 0.372833 -0.787586 0.693291 -0.440823 -0.0899909 0.69204 0.400622 -1.07011 0.464986 -0.206755 -0.287093 0.0248156
170 -0.112728 -0.323338 0.738472 -0.0156995 0.932478 0.269609 0.411232 0.294083 0.36739 -0.300026 -0.559536 0.68285 0.315895 -1.20903 -0.658903 -0.817373 0.86434 -0.0256148 0.0441258 0.491463 0.509037 -0.879861 0.642215 -0.472622 -0.0985764 0.636501 0.454781 -1.18616 0.507134 -0.151132 -0.304216 0.0370207
171 -0.124622 -0.320788 0.633885 -0.012449 0.879218 0.198047 0.297135 0.317139 0.479054 -0.237327 -0.59792 0.626392 0.482186 -1.11802 -0.709922 -0.875674 0.770262 0.0493619 0.136707 0.498536 0.607773 -0.807052 0.416624 -0.452744 -0.125151 0.454809 0.38614 -1.07424 0.437225 -0.0168769 -0.345208 0.0671113
173 -0.196763 -0.363488 0.547683 -0.0203129 0.903377 0.16251 0.226144 0.46759 0.552068 -0.253493 -0.746239 0.581832 0.571438 -1.14315 -0.822541 -0.916885 0.741858 0.106321 0.250614 0.480678 0.696119 -0.836285 0.346225 -0.403472 -0.141571 0.354873 0.364218 -1.17431 0.502416 -0.00818026 -0.328574 0.0794563
172 -0.171291 -0.40718 0.581006 -0.033079 0.896782 0.178816 0.230682 0.362196 0.584303 -0.240994 -0.66144 0.609003 0.609954 -1.11014 -0.733279 -0.859789 0.691217 0.0776908 0.251456 0.459017 0.59553 -0.803568 0.304526 -0.489031 -0.174091 0.334223 0.339885 -1.03222 0.39845 0.0189178 -0.323012 0.057507
40 -0.0640388 0.0600764 0.37907 0.192432 0.122049 -0.27928 -0.174257 0.854235 -0.888645 0.0450947 -0.802934 0.207113 0.111122 -0.950119 -0.524717 -0.540486 0.537726 0.164517 -0.616105 0.455325 1.05182 -0.30237 0.341118 0.422747 0.425567 -0.0432368 0.240546 -0.669336 0.33864 0.152626 0.0207953 0.20635
41 -0.0231788 0.06297 0.45237 0.177169 0.0746336 -0.282742 -0.0800169 0.79052 -1.02334 0.111073 -0.867221 0.155102 0.100383 -0.936102 -0.646528 -0.63444 0.555242 0.181842 -0.629037 0.549712 1.20599 -0.281686 0.383931 0.474297 0.571403 -0.113811 0.258028 -0.644176 0.367129 0.149081 -0.00716847 0.260375
39 -0.0549874 -0.00786274 0.442304 0.223892 0.156379 -0.374417 -0.233246 1.04571 -1.06175 0.0867811 -0.947037 0.294713 0.13219 -1.1238 -0.502698 -0.56614 0.547732 0.148895 -0.720548 0.485915 1.13319 -0.37588 0.35357 0.497705 0.341486 -0.0854735 0.226255 -0.7001 0.321423 0.176756 0.112673 0.200457
38 -0.116647 0.0343123 0.4671 0.240182 0.207578 -0.374962 -0.386169 1.153 -1.08554 0.0475987 -1.03259 0.346473 0.0801241 -1.22832 -0.342131 -0.513158 0.512468 0.117559 -0.729847 0.48858 1.0297 -0.376245 0.364974 0.589803 0.189456 -0.00638989 0.242038 -0.821295 0.24967 0.206458 0.115289 0.163432
37 -0.0875951 0.00373022 0.382079 0.197193 0.181632 -0.336971 -0.36225 1.01638 -0.948373 0.0665836 -0.924388 0.292897 0.0707047 -1.06683 -0.279154 -0.419831 0.421395 0.138617 -0.603402 0.42547 0.883122 -0.28967 0.320778 0.514542 0.157522 0.0106537 0.210022 -0.716101 0.21469 0.146499 0.0749495 0.149913
90 -0.489792 -0.212001 0.190284 -0.183848 -0.303713 -0.404233 -0.540821 0.772355 0.116693 0.664346 -0.119088 -0.48501 -0.0331 -0.681601 -0.267905 -0.822877 0.347387 0.255009 -0.569805 0.430875 0.313113 -0.566116 0.685999 0.731771 0.47256 0.346621 0.279565 -1.28905 0.230639 -0.642346 -0.600957 0.0146305
91 -0.487102 -0.178118 0.233489 -0.185992 -0.254409 -0.431596 -0.554547 0.749691 0.114033 0.612466 -0.0304466 -0.482651 -0.0268425 -0.588356 -0.222568 -0.735111 0.307377 0.215392 -0.560185 0.389181 0.219803 -0.502377 0.585426 0.667966 0.440804 0.332451 0.266596 -1.20695 0.216878 -0.548219 -0.60381 -0.0120343
92 -0.629187 -0.135158 0.41724 -0.190644 -0.331026 -0.389182 -0.509824 0.690663 0.178158 0.703977 -0.0425487 -0.491931 -0.0195836 -0.540478 -0.316191 -0.814965 0.32049 0.318012 -0.637254 0.414423 0.176975 -0.58781 0.613584 0.752771 0.486625 0.317263 0.308452 -1.29993 0.237918 -0.655344 -0.523454 -0.114979
89 -0.296831 -0.257364 -0.109164 -0.140319 -0.334756 -0.438753 -0.441978 0.684361 0.108269 0.665418 -0.355083 -0.413944 -0.0622629 -0.759153 -0.230315 -0.797923 0.391528 0.136381 -0.31932 0.407318 0.560313 -0.528525 0.706382 0.666178 0.445206 0.337861 0.121266 -1.11773 0.279637 -0.640564 -0.464813 0.0692655
93 -0.694033 0.104715 0.576895 -0.0998877 -0.396961 -0.132267 -0.290264 0.253438 0.395539 0.702563 -0.193275 -0.332513 -0.00649147 -0.471067 -0.493575 -0.690672 0.35426 0.552302 -0.547131 0.325956 0.291701 -0.617954 0.486783 0.723321 0.49645 0.330872 0.285999 -1.1964 0.29064 -0.742397 -0.118777 -0.342059
43 0.127337 0.237673 0.512221 0.00290149 0.0272578 -0.0914824 0.367904 0.335598 -0.91027 0.0492391 -0.784583 -0.19212 -0.0149213 -0.430065 -0.906923 -0.637171 0.489007 0.312314 -0.198409 0.690204 1.32447 -0.142465 0.42068 0.5407 1.00422 -0.213927 0.260973 -0.692059 0.551794 0.0430698 -0.255223 0.335614
42 0.114247 0.204976 0.516054 0.0583776 0.0482735 -0.20622 0.28138 0.515214 -0.993825 0.0547162 -0.889972 -0.0868439 0.0145973 -0.681665 -0.953528 -0.707425 0.597381 0.297656 -0.373987 0.716186 1.44644 -0.230538 0.48896 0.584154 0.957584 -0.232171 0.284931 -0.757823 0.58178 0.0675734 -0.179261 0.33226
36 -0.18646 0.0283964 0.415153 0.193269 0.274804 -0.302639 -0.515765 1.2007 -0.975485 0.023298 -1.10201 0.309448 0.00852667 -1.19792 -0.209931 -0.466542 0.446172 0.157163 -0.649326 0.53051 0.931043 -0.338357 0.406016 0.625314 0.132568 0.11353 0.298308 -0.886528 0.283965 0.159013 0.124539 0.111852
148 -0.0541921 -0.252221 -0.29193 -0.15193 0.0991241 -0.115607 -0.180405 -0.404917 0.244571 -0.355859 -0.146819 -0.24332 -0.0968346 -0.507143 -0.074828 -0.151645 0.507393 0.275888 -0.127361 0.943445 0.571232 0.0979583 0.0849778 0.676166 0.397576 0.0566141 0.76629 -1.64964 0.524531 0.239597 -0.479918 -0.28688
147 -0.232556 -0.220513 -0.165306 -0.0269431 0.155487 -0.133655 -0.418247 -0.362259 0.210247 -0.39564 -0.18848 -0.296545 -0.145496 -0.655936 -0.0579118 -0.219964 0.607282 0.325281 -0.249071 1.0392 0.753877 0.0624899 0.11046 0.735538 0.573952 0.144516 0.849651 -1.76753 0.533698 0.280722 -0.553643 -0.390208
146 -0.375893 -0.110069 -0.113251 0.0751803 0.195381 -0.0670658 -0.731648 -0.317008 0.222662 -0.450392 -0.134782 -0.321891 -0.280429 -0.685022 0.0434874 -0.223762 0.595279 0.254536 -0.320791 1.00812 0.769095 0.178896 0.0804947 0.791477 0.765884 0.186117 0.870293 -1.7909 0.519744 0.277929 -0.550054 -0.434409
144 -0.522152 -0.0578073 0.0440165 0.252654 0.208387 -0.0762761 -0.977714 -0.229053 0.166538 -0.456018 -0.0685936 -0.333376 -0.387182 -0.746769 0.0887999 -0.287787 0.688302 0.196334 -0.382533 0.904921 0.817446 0.246622 0.113285 0.757844 0.956287 0.225539 0.846732 -1.71101 0.493122 0.26878 -0.528432 -0.495012
145 -0.40378 -0.0774148 -0.0283615 0.149236 0.198654 -0.0814879 -0.799069 -0.267213 0.156809 -0.42126 -0.0667552 -0.293066 -0.306434 -0.652465 0.0727356 -0.23619 0.590676 0.168159 -0.327941 0.869712 0.718535 0.233734 0.0784002 0.685707 0.786804 0.184611 0.781976 -1.58123 0.471166 0.254525 -0.497397 -0.421541
215 -0.051063 -0.0259802 0.0794283 -0.160516 0.58155 0.237183 0.417936 0.743282 -0.406708 -0.160195 -0.227124 0.0214457 0.623975 -0.490109 -0.81408 -0.433173 -0.522618 0.580653 -0.231801 -0.445747 0.937899 -0.142348 0.831657 0.701659 0.452044 1.0343 0.675849 -1.4021 0.393538 0.00635373 0.420697 0.0224785
214 -0.0505549 -0.0846962 0.0602945 -0.130459 0.59214 0.136873 0.338459 0.762807 -0.267413 -0.0692427 -0.115096 0.0993301 0.570113 -0.381284 -0.655692 -0.376736 -0.488415 0.551488 -0.195356 -0.347329 0.780413 -0.153588 0.720523 0.672565 0.504636 0.93831 0.479755 -1.22676 0.272502 -0.00677647 0.540886 -0.11592
213 -0.134661 -0.0651912 0.075287 -0.165352 0.686049 0.177462 0.357302 0.883652 -0.252187 -0.0750181 -0.184418 0.106825 0.603715 -0.434904 -0.809291 -0.518918 -0.450633 0.600015 -0.216923 -0.332001 0.906199 -0.238404 0.819089 0.789963 0.558048 1.0499 0.549122 -1.4378 0.37455 0.00343804 0.565451 -0.143971
212 -0.205384 -0.0819664 -0.0384155 -0.14188 0.750359 0.0874324 0.223899 1.12323 -0.0263971 0.0563594 0.0138514 0.189394 0.576955 -0.197114 -0.653747 -0.462389 -0.374645 0.58375 -0.0817111 -0.245586 0.753519 -0.338402 0.665163 0.749474 0.790935 1.00185 0.126712 -1.3109 0.18762 0.113697 0.795606 -0.338091
210 -0.235209 -0.0476791 -0.124583 -0.113714 0.758823 0.103913 0.13551 1.18995 0.00333959 0.0825221 0.0317093 0.168511 0.462113 -0.205474 -0.572181 -0.391322 -0.18138 0.524298 0.0310969 -0.137974 0.740558 -0.452676 0.562175 0.713218 0.920589 0.923943 -0.142081 -1.39367 0.149162 0.133896 0.752421 -0.363549
211 -0.165788 -0.0576737 -0.0707102 -0.09304 0.621547 0.102144 0.155204 0.945691 0.00241333 0.0531491 0.0262924 0.123464 0.430351 -0.175228 -0.509918 -0.312601 -0.245418 0.433973 0.0134323 -0.176145 0.618164 -0.326052 0.504944 0.585229 0.696094 0.755261 -0.0193717 -1.08954 0.140325 0.0889464 0.641975 -0.262196
53 -0.00263088 0.0213879 -0.167494 0.233465 0.382943 1.11909 -0.22746 1.05161 0.304414 0.00254064 -0.134585 -0.719782 -0.34073 -0.384954 -0.621328 -1.18262 0.715319 0.416594 -0.147122 0.135627 0.592962 -0.257583 0.231563 0.0686081 0.127022 0.560292 0.0126445 -1.33887 0.162076 -0.357176 -0.667494 -0.0525006
52 -0.0451825 0.0641648 -0.122228 0.232756 0.360966 0.854864 -0.215265 0.86533 0.219339 -0.031742 -0.218771 -0.561475 -0.282024 -0.374586 -0.605721 -0.99942 0.709353 0.36909 -0.0938714 0.163225 0.605469 -0.311928 0.287879 0.148841 0.204705 0.447145 0.0813283 -1.21061 0.216222 -0.314154 -0.551523 -0.0130241
51 -0.0660309 0.0678367 -0.116528 0.21255 0.379936 0.88035 -0.255702 0.917417 0.251613 -0.00977418 -0.22723 -0.604405 -0.293547 -0.370894 -0.609502 -1.00373 0.695082 0.391853 -0.0843222 0.206697 0.597572 -0.33733 0.336307 0.163837 0.215593 0.439736 0.110515 -1.23789 0.235619 -0.290333 -0.56028 -0.0258689
50 -0.23278 0.223113 -0.0192445 0.119247 0.371175 0.623126 -0.231267 0.913481 0.103951 -0.119513 -0.40108 -0.39485 -0.220426 -0.432059 -0.588685 -0.791001 0.654551 0.3543 -0.0070646 0.278664 0.69471 -0.400295 0.449213 0.347802 0.34221 0.323138 0.200701 -1.15507 0.398392 -0.237715 -0.415714 0.0641919
29 -0.83562 0.702543 0.0258861 -0.604759 0.421891 0.0585589 -0.308434 1.35404 -0.268223 -0.171494 -1.12985 -0.152484 0.110995 -0.176459 -0.111581 -0.796104 0.205393 0.329977 -0.245656 0.625164 0.656267 0.113425 0.780744 0.909713 -0.156563 0.469983 0.142471 -0.571132 0.514085 -0.0295418 0.129743 -0.17884
30 -0.853878 0.458168 0.124109 -0.412145 0.531154 0.0212252 -0.660307 1.47096 -0.431832 -0.10364 -1.24866 -0.0565189 -0.0122675 -0.475435 -0.0284712 -0.682146 0.183203 0.400676 -0.310289 0.622793 0.630946 0.0524806 0.609625 0.866388 -0.00174996 0.47615 0.163921 -0.566185 0.319972 0.0551464 0.0797677 -0.0952988
31 -0.782741 0.310109 0.0833509 -0.293043 0.475547 -0.00656205 -0.692312 1.32819 -0.449561 -0.103366 -1.17605 -0.0130551 -0.0790514 -0.516025 0.0653396 -0.531674 0.15071 0.40436 -0.258128 0.580813 0.522423 0.0198011 0.426583 0.731876 0.0243792 0.494494 0.124999 -0.51699 0.22179 0.083433 0.0254889 -0.0270678
32 -0.73737 0.231771 0.203985 -0.227585 0.523603 -0.0675545 -0.784212 1.49006 -0.673556 -0.0873053 -1.29684 0.0951053 -0.0751971 -0.749612 0.0514305 -0.54403 0.173295 0.397618 -0.39401 0.632149 0.651009 -0.0370247 0.435435 0.802448 0.0108372 0.481329 0.202843 -0.651868 0.221355 0.111564 0.0291195 -0.0121793
279 -1.00085 0.65561 -0.236019 0.078658 0.375087 0.0583617 0.212155 0.773267 -0.0675306 -0.348522 -0.68014 -0.16748 -0.0863708 0.0815495 -0.391265 -0.255406 0.782514 0.396612 0.180785 0.354129 0.253601 -0.565736 0.365782 0.392278 0.13743 0.287699 0.387385 -1.15085 0.197981 0.516434 -0.479577 -0.00815861
280 -0.707191 0.434727 -0.119197 0.0894637 0.291855 0.0914219 0.0966367 0.65704 -0.0130773 -0.261008 -0.528871 -0.166541 -0.0827541 -0.13498 -0.322978 -0.328417 0.680387 0.349829 0.119629 0.325175 0.409126 -0.526891 0.374108 0.320796 0.197228 0.225468 0.373184 -0.972581 0.315023 0.261472 -0.380434 0.0579449
281 -0.861988 0.410303 -0.180473 0.285911 0.217537 -0.054302 0.300805 0.654543 0.00116733 -0.266136 -0.516135 -0.241887 -0.0769473 -0.014764 -0.219381 -0.401856 0.855285 0.512349 0.141005 0.506938 0.430898 -0.657579 0.325716 0.138151 0.250886 0.205691 0.57385 -0.984635 0.327324 0.529159 -0.531857 0.14934
282 -0.773957 0.268255 -0.129358 0.463315 0.0511606 -0.194522 0.434638 0.532979 0.0690769 -0.185284 -0.447879 -0.288066 -0.0653606 -0.0996962 -0.084198 -0.582193 0.974271 0.686904 0.175481 0.693846 0.71969 -0.872392 0.300071 -0.0605658 0.308238 0.155901 0.823354 -0.919241 0.497374 0.610707 -0.611351 0.289863
284 -0.764244 0.108733 -0.0986036 0.4873 -0.0642023 -0.217814 0.411021 0.412548 0.0597576 -0.229838 -0.39648 -0.345715 -0.0596196 -0.191025 0.00478908 -0.687658 0.974006 0.669731 0.20368 0.723093 0.793377 -1.03426 0.339267 -0.0821356 0.329366 0.209012 0.883065 -0.888254 0.58483 0.562951 -0.595135 0.316713
283 -0.70923 0.184964 -0.128667 0.479084 -0.0160896 -0.209371 0.399762 0.449747 0.0862087 -0.168052 -0.349695 -0.332728 -0.0569491 -0.0940548 -0.037149 -0.535602 0.875049 0.664175 0.18403 0.648792 0.667468 -0.895415 0.31846 -0.0686857 0.306286 0.144648 0.781633 -0.85193 0.478182 0.574001 -0.556379 0.28964
88 -0.184614 -0.169576 -0.159393 -0.0865464 -0.225286 -0.251774 -0.31487 0.488026 0.0967825 0.430728 -0.425388 -0.242218 -0.0740767 -0.692058 -0.221169 -0.614983 0.371587 0.135371 -0.125598 0.328372 0.612858 -0.455203 0.590254 0.519804 0.381582 0.270848 0.110136 -0.954394 0.327521 -0.505578 -0.274181 0.0691956
87 -0.0789565 -0.302039 -0.325388 -0.0881641 -0.353837 -0.414498 -0.34504 0.592998 0.0795084 0.698713 -0.583379 -0.278648 -0.103669 -0.913574 -0.250693 -0.826438 0.422029 0.0909965 -0.139555 0.359338 0.80757 -0.532729 0.725043 0.60596 0.407756 0.395856 0.0310056 -1.08453 0.372037 -0.657264 -0.336536 0.129844
86 0.0812554 -0.387428 -0.648956 -0.0488443 -0.402227 -0.406779 -0.345187 0.54326 0.145955 0.687849 -0.824881 -0.220938 -0.140739 -1.07172 -0.248015 -0.869714 0.471773 0.0857116 0.0771347 0.372886 1.02922 -0.525213 0.81698 0.600297 0.450036 0.389675 -0.0963754 -1.00926 0.408822 -0.775269 -0.241078 0.190229
84 0.118608 -0.39691 -0.687179 -0.0192719 -0.407075 -0.419254 -0.364134 0.511353 0.109792 0.646865 -0.939444 -0.189876 -0.132555 -1.17383 -0.281403 -0.804621 0.468346 0.0918556 0.135938 0.375727 1.12515 -0.538409 0.850289 0.626842 0.500249 0.378239 -0.139499 -0.996636 0.471034 -0.857928 -0.196655 0.219724
193 0.540065 0.247868 -0.361223 -0.0129774 0.31721 0.760089 -0.278317 0.651503 0.222207 -0.141663 -0.193273 0.291045 -0.17235 -0.105461 0.0871516 -0.484586 0.951581 0.257431 0.487221 0.59171 0.661932 -0.222036 0.492726 0.383323 0.345181 0.241318 0.882203 -1.00124 0.351093 -0.875057 -0.0297013 0.63013
194 0.599186 0.231034 -0.403795 -0.0311786 0.37791 0.859539 -0.355978 0.643731 0.206519 -0.181606 -0.187214 0.296638 -0.177365 -0.156361 0.100423 -0.573786 1.08269 0.204013 0.547276 0.635661 0.68467 -0.221136 0.490375 0.422896 0.432412 0.274116 0.93183 -1.10813 0.365402 -0.923966 -0.0570053 0.682799
192 0.526357 0.257462 -0.35105 -0.0105729 0.33023 0.812435 -0.325287 0.728935 0.270822 -0.174883 -0.246121 0.291774 -0.147295 -0.0642266 0.0461663 -0.468858 0.961128 0.287785 0.547978 0.653445 0.7215 -0.257552 0.478107 0.417045 0.411929 0.235259 0.967802 -1.07941 0.40204 -0.949648 -0.0266849 0.650047
60 -0.241737 -0.00279511 -0.513786 0.246886 0.182209 1.13978 -0.518465 1.48626 0.268143 0.0964508 -0.0339278 -0.758646 -0.444785 -0.137885 -0.92403 -1.3398 0.49154 0.395093 -0.42809 0.403341 -0.021729 -0.363584 0.567201 0.23283 0.0643066 0.474134 0.20407 -1.21914 0.493078 -0.278779 -0.652556 0.408236
61 -0.220404 0.0658023 -0.437673 0.204267 0.105252 0.850088 -0.427099 1.17431 0.205797 0.0766241 -0.018981 -0.605126 -0.390335 -0.0634085 -0.716919 -1.04554 0.378074 0.323165 -0.382165 0.325462 -0.0965753 -0.294194 0.51326 0.256369 0.0229263 0.314977 0.161471 -0.880549 0.375416 -0.25023 -0.559408 0.339971
62 -0.238503 0.141339 -0.533655 0.253057 0.129929 0.915009 -0.459736 1.27385 0.205591 0.0917748 -0.00485664 -0.645148 -0.429137 -0.0500089 -0.881613 -1.11758 0.438336 0.405504 -0.406867 0.313787 -0.134017 -0.359783 0.630213 0.290052 0.0308384 0.347611 0.228492 -0.971826 0.439336 -0.217828 -0.625215 0.392403
33 -0.53212 0.126141 0.317951 -0.0108586 0.440451 -0.166701 -0.798258 1.47064 -0.83888 -0.0509146 -1.30203 0.186024 -0.0593748 -1.02524 0.0207982 -0.455678 0.276476 0.305006 -0.490191 0.620036 0.778386 -0.198055 0.381842 0.742702 0.0770448 0.37266 0.261604 -0.816217 0.202132 0.171378 0.0553928 0.0645569
285 -0.72589 -0.105097 0.0524106 0.383655 -0.183837 -0.18944 0.300689 0.215316 0.130915 -0.299273 -0.373968 -0.273973 -0.0753448 -0.276273 0.0952438 -0.678921 0.92793 0.548113 0.267944 0.626878 0.852021 -1.06541 0.318044 -0.0317304 0.218674 0.291998 0.818403 -0.753256 0.613325 0.424349 -0.481532 0.240803
286 -0.689573 -0.165409 0.108078 0.276513 -0.197907 -0.131985 0.178304 0.161633 0.146179 -0.346969 -0.363798 -0.22331 -0.0675956 -0.337621 0.11172 -0.657618 0.885786 0.435545 0.29629 0.525136 0.837021 -1.03354 0.315467 0.0215033 0.178064 0.317377 0.69491 -0.735563 0.635511 0.276462 -0.414566 0.206414
287 -0.752706 -0.295266 0.14382 0.239392 -0.321239 -0.0937467 0.212112 0.0405421 0.189044 -0.446483 -0.387882 -0.292088 -0.124427 -0.437263 0.158243 -0.747481 0.936116 0.405528 0.378803 0.552635 0.917545 -1.26433 0.359742 0.036732 0.178922 0.386231 0.777248 -0.787402 0.778357 0.143703 -0.441768 0.144145
47 0.0687709 0.287422 0.425243 -0.0576231 0.141683 0.0296936 0.326214 0.361234 -0.687319 -0.0368066 -0.752476 -0.267992 -0.0826459 -0.310225 -0.826231 -0.602103 0.368438 0.292245 -0.0189441 0.677379 1.11701 -0.0988418 0.562925 0.523887 0.889042 -0.167276 0.308977 -0.682386 0.567771 0.0151538 -0.39017 0.339442
46 0.0849105 0.260528 0.427752 -0.0473106 0.0922107 -0.0059827 0.321502 0.291166 -0.659438 -0.0293722 -0.697737 -0.228282 -0.0782984 -0.291032 -0.750444 -0.54746 0.350132 0.260437 -0.0375203 0.646779 1.06421 -0.0939179 0.495515 0.497665 0.849643 -0.152302 0.296405 -0.624685 0.520148 0.0283743 -0.346561 0.309755
45 0.0678532 0.316094 0.481865 -0.0750201 0.10458 -0.00430611 0.380028 0.381837 -0.761637 -0.00839091 -0.803869 -0.29756 -0.0895257 -0.37493 -0.940431 -0.669065 0.474724 0.334221 -0.0548329 0.715437 1.29149 -0.126461 0.535787 0.591242 1.03682 -0.203264 0.310687 -0.779083 0.629546 0.0115633 -0.372855 0.354732
44 0.116162 0.262348 0.553161 -0.0274366 0.0727836 -0.0831726 0.35659 0.442338 -0.938259 0.0240806 -0.872164 -0.194815 -0.031363 -0.536135 -1.00304 -0.709966 0.511755 0.326283 -0.220619 0.754992 1.43747 -0.171286 0.563114 0.609703 1.06199 -0.20973 0.326585 -0.833614 0.628899 0.0526983 -0.304815 0.382214
218 0.0177475 0.17446 0.262315 -0.209843 0.39835 0.492293 0.471781 0.565125 -0.573344 -0.479528 -0.452671 -0.220385 0.587089 -0.870808 -0.691452 -0.275612 -0.389162 0.49908 -0.389364 -0.470738 1.02702 0.0457809 0.957528 0.495236 0.103326 0.927046 0.91866 -1.1923 0.41253 -0.00676502 -0.0104278 0.413566
219 -0.0515923 0.301184 0.361431 -0.169329 0.40483 0.609969 0.4105 0.660485 -0.525787 -0.625642 -0.536958 -0.302747 0.511672 -1.05537 -0.554199 -0.216049 -0.310827 0.544179 -0.450563 -0.402408 1.09739 0.127603 1.01413 0.497 0.0011547 0.793874 1.02188 -1.07779 0.501798 -0.00370161 -0.13478 0.561525
220 -0.081118 0.315683 0.376022 -0.138788 0.349851 0.540552 0.328528 0.611143 -0.436225 -0.590987 -0.477761 -0.25827 0.48428 -0.945169 -0.414072 -0.163226 -0.253759 0.499528 -0.430263 -0.339899 0.973053 0.142869 0.848478 0.355167 -0.0731684 0.618732 0.912363 -0.82446 0.418604 0.000639869 -0.12417 0.538598
221 0.00435699 0.437668 0.402625 -0.128314 0.397989 0.615845 0.391037 0.755745 -0.201892 -0.702844 -0.435047 -0.288824 0.49892 -1.05221 -0.362131 -0.22096 -0.236949 0.692793 -0.46031 -0.22688 1.08637 0.109265 0.951657 0.464994 -0.240034 0.633099 1.08333 -0.884567 0.535814 -0.0101328 -0.110418 0.603552
216 -0.00640146 0.0757334 0.198134 -0.205601 0.477257 0.418328 0.467086 0.66496 -0.565447 -0.347563 -0.387841 -0.120866 0.615087 -0.738868 -0.747518 -0.356344 -0.490403 0.527152 -0.356148 -0.488687 1.00821 -0.00126269 0.946545 0.589246 0.273491 0.984381 0.803795 -1.27569 0.39713 -0.0128889 0.201694 0.265477
217 0.0534484 0.118431 0.257713 -0.201299 0.39891 0.398722 0.420094 0.526185 -0.537934 -0.406071 -0.387202 -0.156488 0.551982 -0.772368 -0.631975 -0.272003 -0.396754 0.480028 -0.320998 -0.421153 0.959111 0.0306168 0.895347 0.494463 0.131705 0.880926 0.837674 -1.1278 0.402642 0.0229812 0.0348741 0.35947
242 -0.769598 1.5388 0.163711 -0.035728 0.0792998 0.404588 0.434184 0.64485 0.461918 0.200097 -0.501867 0.0281469 -0.794678 -0.662727 -0.390045 0.504149 0.356879 0.147344 0.336084 0.273158 0.477498 -0.694174 0.173591 0.748344 0.342622 0.699689 0.107275 -0.830482 1.05581 -0.3351 -1.04347 0.0402205
240 -0.747941 1.46076 0.154504 -0.0339171 0.0730001 0.35723 0.432853 0.614135 0.492961 0.119656 -0.554127 0.0124656 -0.77189 -0.724308 -0.33646 0.443201 0.329078 0.200581 0.364684 0.224289 0.492125 -0.697691 0.231446 0.700316 0.300519 0.624381 0.173911 -0.800019 1.03894 -0.33045 -0.978663 0.0364656
241 -0.659538 1.32989 0.185677 -0.0473448 0.0792223 0.329281 0.395874 0.544064 0.39881 0.146522 -0.469519 -0.000852167 -0.716194 -0.637608 -0.338859 0.410847 0.271925 0.170252 0.293452 0.228664 0.441701 -0.615636 0.186444 0.649416 0.301268 0.560954 0.1308 -0.746585 0.951126 -0.306375 -0.889654 0.0544564
243 -0.763103 1.39838 0.117521 -0.0672735 0.20262 0.541974 0.24355 0.757702 0.419949 0.214895 -0.535151 -0.0168877 -0.658139 -0.638347 -0.482265 0.327704 0.423453 0.157744 0.249591 0.257846 0.543175 -0.685248 0.249504 0.731564 0.37586 0.674881 0.0944426 -0.859175 0.984469 -0.351129 -0.955462 0.0571224
244 -0.640877 1.19871 0.079444 -0.0265883 0.187965 0.493752 0.197077 0.661911 0.384945 0.214941 -0.407691 0.0310219 -0.546123 -0.515399 -0.409555 0.314046 0.369746 0.119894 0.200408 0.227545 0.483066 -0.580473 0.181437 0.672872 0.350172 0.603576 0.0477684 -0.747388 0.795181 -0.293235 -0.80946 0.0414116
14 -0.618783 0.0182949 0.47222 -0.359297 0.103724 0.422646 -0.38172 0.787966 0.025764 0.00231829 -0.00824598 -0.145507 -0.398735 -0.220814 -0.797689 -0.604948 0.428046 0.0152335 0.152059 0.452709 0.661723 -0.701561 0.62638 1.10867 -0.0680889 -0.438673 -0.099343 -0.568216 0.0995003 -0.0858621 -0.342809 0.00368433
12 -0.534368 0.10479 0.447477 -0.292447 -0.022449 0.316473 -0.366297 0.985286 -0.200572 -0.0061593 0.103487 -0.068568 -0.34319 -0.079226 -0.728272 -0.498022 0.718443 0.0807712 0.29485 0.364598 0.754242 -0.814256 0.518337 0.912662 0.0307284 -0.346018 -0.106508 -0.629657 0.274615 0.100618 -0.23608 0.041867
11 -0.423193 0.0986553 0.4975 -0.253731 -0.178462 0.244264 -0.327419 1.13156 -0.437044 0.0164454 0.234188 0.050788 -0.359103 0.03179 -0.740316 -0.437378 1.07943 0.151593 0.428297 0.299702 0.929467 -1.01076 0.533679 0.841398 0.152194 -0.253571 -0.140058 -0.81531 0.44792 0.282937 -0.162265 0.0910585
13 -0.519635 0.173355 0.328483 -0.217793 0.111909 0.307124 -0.323384 0.840718 -0.048099 -0.0287548 -0.141211 -0.126509 -0.294834 -0.216509 -0.629366 -0.463597 0.550586 0.0922931 0.191495 0.349316 0.665332 -0.668374 0.543794 0.821043 0.0534625 -0.178492 -0.0117282 -0.6838 0.267653 -0.0285708 -0.244116 0.000602521
150 -0.0559112 -0.356882 -0.496461 -0.24115 0.0205867 -0.22784 0.188808 -0.32645 0.314778 -0.412108 -0.172363 -0.210286 -0.0913673 -0.642781 -0.135449 -0.182265 0.640379 0.35798 0.0657589 1.0377 0.621227 -0.0191393 0.187188 0.727924 0.376126 -0.0165892 0.884772 -2.21357 0.788237 0.215444 -0.599238 -0.192158
149 -0.0841132 -0.261356 -0.365344 -0.165284 0.133341 -0.158074 -0.127013 -0.364113 0.270125 -0.388824 -0.156616 -0.247107 -0.111155 -0.620723 -0.0780195 -0.206905 0.648656 0.343742 -0.0663797 1.10538 0.675934 -0.00209313 0.145411 0.700517 0.431435 0.0227852 0.876953 -1.94257 0.658455 0.269595 -0.58767 -0.22755
143 -0.728285 0.125263 0.154577 0.310421 0.305781 -0.0295134 -1.16406 -0.00930348 0.147808 -0.449984 -0.0188443 -0.259702 -0.377109 -0.712878 -0.0151353 -0.294942 0.704768 0.138956 -0.257201 0.706718 0.808401 0.230269 0.20337 0.612609 1.01978 0.116231 0.636772 -1.49133 0.490854 0.194031 -0.447142 -0.419827
142 -0.668464 0.112245 0.159698 0.307555 0.252521 -0.0180191 -1.06276 0.0368282 0.149029 -0.38727 -0.0134307 -0.204537 -0.318306 -0.662939 0.0017864 -0.264798 0.600455 0.122454 -0.16719 0.562923 0.699232 0.196066 0.220876 0.518933 0.900133 0.103256 0.497564 -1.28479 0.424151 0.126344 -0.364813 -0.384521
257 0.159944 0.357529 0.119717 0.195512 0.815158 0.175876 -0.779159 0.352821 -0.060764 -0.0314695 -0.288914 0.53751 -0.635225 0.347943 -0.806891 -0.426881 -0.150457 -0.0799967 0.563922 -0.0772744 0.918684 -1.11175 0.69471 0.626009 -0.168092 -0.0254269 0.263602 -1.38123 0.735297 -0.8562 -0.156582 -0.0146648
258 0.142964 0.336818 0.0934633 0.203415 0.851405 0.143651 -0.843032 0.420913 -0.0319991 -0.0233205 -0.327833 0.529763 -0.622217 0.358494 -0.82047 -0.474828 -0.204929 -0.0272579 0.616117 0.00266522 1.00649 -1.19452 0.748726 0.69517 -0.15865 -0.139943 0.45437 -1.50187 0.783065 -0.844848 -0.199292 -0.0119622
259 0.174001 0.263635 0.115838 0.152267 0.809438 0.0481629 -0.738559 0.267757 -0.054655 0.0655784 -0.291838 0.484011 -0.550075 0.29703 -0.694926 -0.346733 -0.195222 0.00629817 0.505281 -0.0700691 0.803095 -0.987983 0.656115 0.551283 -0.256278 -0.13004 0.408503 -1.24732 0.611841 -0.716572 -0.180753 -0.0993818
260 0.11886 0.317566 0.106397 0.135245 0.996676 0.0435744 -0.78372 0.304119 -0.0588987 0.055512 -0.393234 0.468559 -0.580652 0.222172 -0.786006 -0.375193 -0.119718 0.0192573 0.545831 -0.124788 0.877729 -1.08857 0.754246 0.560158 -0.310231 -0.124454 0.481148 -1.41353 0.639687 -0.770132 -0.204435 -0.137531
27 -0.841599 0.864706 0.0165584 -0.737064 0.395067 0.0913962 -0.152427 1.41637 -0.188712 -0.187732 -1.15304 -0.228175 0.205107 -0.0660828 -0.229857 -0.975747 0.280631 0.313884 -0.266229 0.637661 0.731018 0.112173 0.959518 0.975102 -0.200463 0.416853 0.194419 -0.654347 0.65434 -0.0877551 0.144983 -0.217354
28 -0.77222 0.738181 0.028923 -0.650605 0.341888 0.109251 -0.139336 1.21218 -0.142251 -0.150971 -0.98635 -0.229968 0.138111 -0.0510924 -0.222612 -0.810816 0.213179 0.255847 -0.227237 0.545462 0.61236 0.077957 0.835316 0.886338 -0.141548 0.333788 0.122856 -0.537212 0.510675 -0.0783557 0.121089 -0.186494
261 -0.00547756 0.362904 0.16459 0.0844851 1.14808 0.0598263 -0.810479 0.392288 -0.0238177 0.0704534 -0.501105 0.401331 -0.508243 0.119555 -0.764375 -0.322142 -0.0399575 0.0436279 0.473084 -0.201102 0.762459 -0.971789 0.74793 0.431731 -0.348353 -0.0636178 0.488043 -1.2561 0.526228 -0.678721 -0.25301 -0.194239
262 -0.126225 0.341053 0.20568 0.00898165 1.24863 0.018839 -0.734253 0.312372 -0.0313124 0.0747809 -0.534193 0.315848 -0.410074 -0.0499435 -0.68142 -0.209363 0.102206 0.0886554 0.441067 -0.248391 0.641425 -0.772376 0.651885 0.286688 -0.363918 -0.0202953 0.509576 -1.18838 0.406621 -0.566435 -0.227037 -0.239666
270 -0.875484 0.84514 -0.140925 -0.370861 1.09516 -0.56079 -0.354993 0.195466 -0.110429 -0.0408296 -0.921526 -0.161569 -0.0271952 -0.440172 -0.620551 0.0687414 0.915487 0.435547 0.463187 -0.370074 0.293305 -0.166802 0.272369 0.40913 -0.562468 0.434502 0.0110944 -1.67757 0.23492 -0.050204 -0.155171 -0.141819
269 -0.699764 0.636913 0.0437651 -0.254591 1.16052 -0.454812 -0.470082 0.196335 -0.0611967 0.00866266 -0.873573 -0.118633 -0.0455932 -0.408497 -0.63945 0.0024415 0.758822 0.343495 0.334089 -0.381007 0.378564 -0.240588 0.348265 0.243731 -0.584295 0.300278 0.223475 -1.45341 0.246891 -0.0959618 -0.209009 -0.24845
268 -0.609888 0.528649 0.141313 -0.240509 1.18187 -0.444185 -0.493628 0.141629 -0.0725028 0.0279258 -0.796747 -0.0783574 0.00229961 -0.373822 -0.564853 0.0174884 0.674615 0.258185 0.265324 -0.402666 0.375305 -0.220423 0.323426 0.111469 -0.528222 0.235847 0.281543 -1.29244 0.258484 -0.0748809 -0.20302 -0.270024
267 -0.655333 0.587977 0.184266 -0.220065 1.35278 -0.408053 -0.620416 0.21729 -0.0501014 0.025904 -0.847401 -0.0357294 -0.0889915 -0.434926 -0.591317 -0.00978869 0.680696 0.259503 0.286327 -0.452452 0.39881 -0.303989 0.423734 0.156704 -0.58153 0.236669 0.365682 -1.37026 0.272958 -0.154771 -0.263488 -0.331869
18 -0.91803 0.285552 0.343808 -0.57779 0.316362 0.561286 -0.181485 0.717051 0.268021 0.0493401 -0.307642 -0.309838 -0.412732 -0.293184 -0.917898 -0.94072 0.152195 0.0241645 -0.0665421 0.546785 0.755859 -0.504066 1.00849 1.48148 -0.324996 -0.581088 0.0378693 -0.801212 0.147071 -0.372297 -0.496112 -0.237065
20 -0.90924 0.502094 0.249004 -0.712574 0.282479 0.42701 0.0184373 0.807586 0.210829 0.0863646 -0.462106 -0.366351 -0.271564 -0.0907561 -0.80465 -1.05481 0.0684314 0.0420055 -0.21697 0.561672 0.706907 -0.313428 1.11332 1.48522 -0.459845 -0.508696 0.144173 -0.736102 0.256345 -0.381218 -0.364791 -0.334919
19 -0.895801 0.347492 0.328955 -0.584016 0.235303 0.425585 -0.0989148 0.713359 0.222413 0.0851136 -0.323371 -0.328527 -0.328526 -0.181278 -0.748032 -0.91767 0.0788657 0.00155652 -0.161791 0.495771 0.64894 -0.368848 0.945737 1.37907 -0.387973 -0.55127 0.0243343 -0.580765 0.124892 -0.330455 -0.426761 -0.256931
4 -0.339351 0.420011 0.079505 -0.0440398 -0.213016 -0.0564362 -0.230395 1.44774 -0.420955 0.140608 -0.381001 -0.133259 -0.204506 0.0012586 -0.400285 -0.011841 0.972215 0.185604 0.400801 0.486156 1.44191 -0.971313 -0.0051528 0.295146 -0.27043 0.115101 -0.0480163 -0.364928 0.772772 0.103621 -0.31481 0.0124284
3 -0.453643 0.511708 0.0750001 -0.0129961 -0.189879 -0.0451141 -0.277014 1.67163 -0.407444 0.140456 -0.495523 -0.130854 -0.201809 -0.037464 -0.451763 -0.0205273 1.00215 0.16598 0.352058 0.538054 1.58885 -1.05687 -0.00838697 0.264469 -0.346849 0.16943 -0.0176092 -0.395765 0.835359 0.00632268 -0.35319 -0.0087252
5 -0.396087 0.458183 0.182169 -0.0530222 -0.211263 0.0379882 -0.315345 1.66044 -0.467336 0.134331 -0.295415 -0.0795529 -0.239163 -0.00160078 -0.460467 -0.0356554 1.10538 0.180632 0.462482 0.493047 1.53744 -1.06761 0.0950935 0.351749 -0.189455 0.0840207 -0.123247 -0.386029 0.829416 0.172912 -0.342104 0.0545336
6 -0.363781 0.329374 0.311314 -0.13066 -0.150835 0.105247 -0.363009 1.52508 -0.496374 0.0429371 -0.0693223 0.0153143 -0.228441 0.00287617 -0.50602 -0.208961 1.08358 0.147012 0.436925 0.367269 1.2757 -1.00993 0.251493 0.473242 0.00596922 -0.0313356 -0.144889 -0.529487 0.671224 0.286941 -0.244808 0.058977
7 -0.38705 0.276717 0.423751 -0.165867 -0.115907 0.17139 -0.390419 1.49028 -0.505338 -0.00270712 0.106444 0.0616356 -0.207604 0.102669 -0.511272 -0.243969 1.0832 0.181577 0.446671 0.263415 1.08157 -0.980643 0.337743 0.474868 0.134105 -0.152145 -0.203713 -0.507094 0.560395 0.42401 -0.195765 0.0719585
8 -0.376884 0.226782 0.393635 -0.178713 -0.170035 0.162482 -0.363819 1.49166 -0.517885 0.0138095 0.134202 0.0788366 -0.253604 0.0738338 -0.580437 -0.283333 1.1441 0.162006 0.488111 0.283369 1.11612 -1.02983 0.387195 0.597944 0.141913 -0.118055 -0.216959 -0.652726 0.593735 0.38955 -0.157105 0.0922088
105 -1.35371 0.686 0.0684395 -0.523424 0.623897 0.793118 -0.136915 0.264853 0.593041 -0.502598 -0.677067 -0.375475 -0.135007 -0.496974 -0.140763 -0.290369 0.475999 0.184701 -0.0200296 -0.0312498 0.544568 -0.392235 0.677216 0.0333322 0.855902 0.487486 0.434118 -0.457465 0.585175 -0.353016 0.229388 0.161867
107 -1.27993 0.672551 0.0599706 -0.499853 0.620642 0.733048 -0.148474 0.316669 0.542708 -0.512636 -0.716664 -0.324772 -0.105526 -0.4798 -0.119474 -0.301791 0.477413 0.198033 0.0460681 -0.0202851 0.538616 -0.410261 0.624281 0.0757006 0.799089 0.449471 0.416042 -0.429254 0.531397 -0.318941 0.177762 0.165842
106 -1.1588 0.572688 0.0319067 -0.419913 0.573769 0.664612 -0.160624 0.343862 0.453814 -0.508238 -0.625932 -0.31875 -0.0893759 -0.404759 -0.128687 -0.252894 0.45743 0.132314 0.0192784 -0.0147173 0.43661 -0.374169 0.54765 0.0185507 0.73204 0.408926 0.386224 -0.329178 0.469838 -0.278283 0.146415 0.168516
104 -1.32307 0.727339 0.199029 -0.653947 0.49916 0.832087 -0.0969109 -0.227379 0.621986 -0.183711 -0.870586 -0.269725 -0.177358 -0.576305 -0.153559 -0.304274 0.476026 0.316479 -0.0531565 0.0305499 0.5959 -0.471455 0.655179 -0.0129811 0.881416 0.476271 0.386177 -0.632142 0.576182 -0.57049 0.441694 -0.0178349
103 -1.04773 0.61553 0.216259 -0.492299 0.283703 0.632932 -0.111957 -0.265339 0.508544 -0.0425302 -0.711509 -0.185824 -0.197686 -0.502524 -0.159588 -0.224649 0.394232 0.336576 -0.03894 0.0632589 0.492042 -0.456532 0.496 0.0485449 0.667357 0.336309 0.308604 -0.60671 0.488367 -0.548087 0.359826 -0.0817438
102 -1.20967 0.710825 0.273407 -0.575827 0.358322 0.794046 -0.127755 -0.395002 0.610275 0.0737162 -0.842669 -0.18583 -0.251325 -0.650932 -0.209906 -0.275477 0.467446 0.452675 -0.0818327 0.0862024 0.611922 -0.550258 0.594581 0.0432105 0.793458 0.441276 0.339687 -0.78752 0.54878 -0.685842 0.504744 -0.16248
101 -0.970794 0.679917 0.354343 -0.52309 0.147445 0.71439 -0.0345188 -0.590044 0.575242 0.378697 -0.905295 -0.0757145 -0.241362 -0.733836 -0.25691 -0.301057 0.509363 0.518536 -0.0891822 0.274185 0.73453 -0.665697 0.556255 0.145362 0.628358 0.418589 0.289664 -1.10807 0.625234 -0.827626 0.553977 -0.306412
99 -0.906895 0.589367 0.531155 -0.403507 -0.0060067 0.55665 -0.0422684 -0.559241 0.537354 0.561696 -0.776517 -0.0085871 -0.218376 -0.600921 -0.36322 -0.416764 0.481001 0.570378 -0.154964 0.302173 0.661644 -0.707932 0.47497 0.282291 0.561648 0.367594 0.25854 -1.11987 0.542727 -0.86473 0.532808 -0.475244
100 -0.830355 0.627266 0.406002 -0.435225 0.0450976 0.594085 0.000168867 -0.562321 0.459175 0.492345 -0.766594 -0.00690969 -0.235228 -0.615986 -0.311658 -0.265171 0.439915 0.522601 -0.106956 0.260975 0.635692 -0.630246 0.433016 0.160437 0.525387 0.373116 0.197794 -1.03518 0.543587 -0.769487 0.505788 -0.372791
81 0.0424103 -0.50982 -0.763064 -0.0454221 -0.168214 -0.439816 -0.523099 0.484548 0.237548 0.121096 -1.04751 -0.258741 0.0582964 -1.21596 -0.110982 -0.540173 0.312928 0.191875 0.287067 0.378511 0.92656 -0.366846 0.902879 0.771282 0.755452 0.117856 -0.263382 -0.813259 0.406422 -0.916618 -0.269782 0.157884
83 0.106184 -0.500998 -0.798321 -0.0200877 -0.291859 -0.449114 -0.478372 0.460111 0.20544 0.393306 -1.00829 -0.225177 -0.0309565 -1.24587 -0.207791 -0.70571 0.391957 0.126565 0.209434 0.387517 1.04566 -0.474936 0.881711 0.682633 0.625314 0.242589 -0.214931 -0.871401 0.406714 -0.905613 -0.241471 0.198689
82 0.0649055 -0.468725 -0.717584 -0.0214146 -0.210802 -0.417817 -0.497082 0.445471 0.195496 0.278796 -0.955216 -0.212808 0.0378792 -1.10881 -0.134983 -0.534046 0.276763 0.132216 0.23627 0.31951 0.838294 -0.349465 0.795491 0.654286 0.612313 0.168525 -0.251045 -0.694811 0.347561 -0.852485 -0.217259 0.142148
85 0.107963 -0.348613 -0.591278 -0.00398999 -0.345495 -0.335172 -0.25561 0.386252 0.0499208 0.536139 -0.791769 -0.16349 -0.115485 -0.970009 -0.196377 -0.69697 0.406914 0.0622699 0.108416 0.348924 0.939754 -0.423947 0.651406 0.5006 0.426307 0.280405 -0.104461 -0.837445 0.353085 -0.631482 -0.136671 0.182904
201 0.226029 0.370635 -0.471347 0.0444579 0.242976 0.555513 0.0566697 0.347459 -0.291156 -0.533702 0.121362 -0.106252 0.000984555 -1.34195 -0.0814166 0.0176966 0.712729 -0.0183485 0.216293 0.099181 1.0047 -1.02342 0.146079 0.514418 1.21931 0.200784 -0.661403 -1.49031 0.269666 0.0243 0.0666207 0.315914
202 0.20613 0.3236 -0.448339 0.0900371 0.183569 0.478833 0.0569083 0.304939 -0.285214 -0.469071 0.109271 -0.0757865 -0.0206494 -1.14149 -0.0535919 0.0756347 0.598503 -0.0185405 0.179118 0.0657162 0.879758 -0.909385 0.113678 0.436017 1.07167 0.165571 -0.633862 -1.29171 0.243921 0.0501121 0.0745628 0.257727
203 0.210314 0.326489 -0.446057 0.10693 0.174096 0.527938 0.0930631 0.354271 -0.318233 -0.425163 0.138697 -0.080364 0.0420806 -1.31139 -0.11844 0.106166 0.650365 0.0571431 0.224231 0.0110805 1.03412 -1.07136 0.127262 0.511813 1.31697 0.218209 -0.764494 -1.56501 0.284221 0.0607199 0.10767 0.225181
129 -0.139736 0.676918 0.74127 -0.351247 0.627598 0.927677 -1.4101 0.311017 0.401737 0.0948925 0.292537 0.243284 0.470442 -0.811117 -0.313676 -0.517265 0.258033 0.0544727 0.0314774 0.168858 0.52832 -0.104853 0.61266 0.65381 0.779926 0.165959 0.361354 -0.913005 0.639479 0.280812 -0.419888 0.180232
128 0.0636601 0.430841 0.727756 -0.239228 0.526312 1.0706 -1.27694 0.184793 0.50526 0.12703 0.506134 0.23732 0.34831 -0.788166 -0.216115 -0.48076 0.10041 -0.0650971 0.137544 0.123748 0.600867 -0.196549 0.695319 0.812211 0.703016 0.361794 0.596033 -1.07393 0.744893 0.239099 -0.434562 0.156057
126 0.24486 0.175706 0.681297 -0.11994 0.395865 1.08339 -1.04414 0.141795 0.495919 0.19854 0.572572 0.130333 0.18282 -0.700919 -0.199441 -0.38391 0.0400793 -0.18619 0.198664 0.0425323 0.721712 -0.343834 0.750081 0.874046 0.593648 0.519538 0.786175 -1.05021 0.796151 0.218318 -0.402249 0.12309
131 -0.238946 0.70335 0.666804 -0.299608 0.5618 0.797787 -1.27678 0.331751 0.367554 0.0191644 0.148261 0.150287 0.394064 -0.76972 -0.39175 -0.425436 0.353216 0.116249 0.0389925 0.162273 0.497611 -0.163523 0.573744 0.541592 0.762573 0.0794385 0.250687 -0.861062 0.563112 0.25022 -0.314006 0.126222
132 -0.558307 0.834944 0.750102 -0.136282 0.7685 0.630446 -1.47958 0.614986 0.274028 -0.0195804 -0.0450696 0.0470058 0.362488 -0.906491 -0.586075 -0.476827 0.6434 0.240059 0.032977 0.0585891 0.599985 -0.258598 0.629163 0.343649 0.900308 -0.0649157 0.105165 -0.684161 0.501607 0.190301 -0.309278 0.113123
134 -0.770255 0.890941 0.771387 0.0638604 0.889685 0.516879 -1.48381 0.770809 0.182226 -0.0487743 -0.103347 -0.0610973 0.26997 -0.905137 -0.671321 -0.447444 0.798786 0.321578 0.0434172 -0.0264401 0.653907 -0.293047 0.630863 0.175396 0.962344 -0.108803 -0.00070946 -0.564408 0.392578 0.11961 -0.225773 0.071777
135 -0.917021 0.825634 0.729911 0.197262 0.889736 0.424939 -1.44393 0.879393 0.126323 -0.101162 -0.143069 -0.133606 0.0772804 -0.863105 -0.574496 -0.378363 0.887627 0.285402 0.0782072 -0.00853489 0.686318 -0.266072 0.562428 0.0600782 0.97805 -0.106892 -0.0691369 -0.455416 0.316018 0.0189954 -0.18424 -0.00743591
136 -0.974203 0.740467 0.614162 0.23477 0.794591 0.308925 -1.21157 0.926803 0.0537356 -0.140896 -0.199624 -0.183173 0.0109908 -0.740982 -0.534763 -0.320817 0.839333 0.249996 0.0807837 -0.0103013 0.670823 -0.266655 0.466103 0.0199914 0.871755 -0.0649238 -0.0935715 -0.378466 0.243747 -0.0515425 -0.123266 -0.0529614
9 -0.420888 0.148579 0.501311 -0.226627 -0.168824 0.212356 -0.398639 1.37833 -0.513797 -0.0291541 0.265604 0.0704651 -0.304445 0.0369506 -0.669335 -0.357191 1.18222 0.139655 0.472983 0.267648 1.00037 -1.07716 0.448844 0.731251 0.209076 -0.233847 -0.216524 -0.741015 0.502796 0.401624 -0.131399 0.0983195
119 -0.304269 0.0522891 0.341872 0.222759 0.32475 0.695298 -0.366181 0.99423 0.759391 -0.120692 -0.318923 -0.662647 -0.267976 -0.389443 -0.189038 0.108415 0.596133 -0.291978 0.462231 -0.0624863 0.369658 -1.0185 0.48459 0.315393 0.475241 0.248334 0.592371 -0.850889 0.398712 0.4596 0.398094 -0.181983
118 -0.324567 0.0854561 0.308763 0.171332 0.289042 0.654705 -0.334814 1.03187 0.703717 -0.157013 -0.382304 -0.639182 -0.217657 -0.38541 -0.149708 0.115447 0.546148 -0.260772 0.40852 -0.109466 0.289207 -0.928105 0.447833 0.253508 0.433727 0.252579 0.453711 -0.728317 0.32294 0.438365 0.417571 -0.180132
117 -0.39201 0.130423 0.376882 0.208339 0.360822 0.766897 -0.462641 1.25607 0.818544 -0.220301 -0.512566 -0.719551 -0.262099 -0.430353 -0.179222 0.120112 0.672535 -0.289613 0.444394 -0.103123 0.31507 -1.0796 0.504025 0.313134 0.562789 0.208118 0.542417 -0.963538 0.451465 0.532304 0.480033 -0.187762
120 -0.00688945 -0.176252 0.400983 0.254603 0.271501 0.785165 -0.340713 0.682808 0.788885 0.0418598 0.000995015 -0.683434 -0.362877 -0.45855 -0.24764 0.139267 0.450006 -0.46414 0.558973 -0.0841865 0.532005 -1.1926 0.598681 0.412044 0.356106 0.470708 0.812867 -0.913 0.438427 0.498962 0.337176 -0.249457
121 0.116697 -0.259372 0.330616 0.263409 0.194238 0.705411 -0.264464 0.428858 0.675516 0.0864955 0.111771 -0.588391 -0.347435 -0.462726 -0.270794 0.093529 0.374562 -0.425855 0.535948 -0.00913437 0.618806 -1.07153 0.613238 0.471594 0.321328 0.483653 0.860959 -0.922599 0.435636 0.372079 0.222502 -0.188317
122 0.178709 -0.309098 0.441664 0.240766 0.187684 0.803839 -0.379679 0.40001 0.687795 0.130731 0.207222 -0.5613 -0.341945 -0.519775 -0.289651 0.0492951 0.3249 -0.444621 0.536999 -0.0200392 0.733452 -1.09973 0.727585 0.558609 0.362088 0.560832 0.956642 -1.05955 0.560075 0.45318 0.151322 -0.187953
109 -0.766977 0.445349 0.0633793 -0.105311 0.394805 0.490396 -0.283443 0.727419 0.352557 -0.405075 -0.511257 -0.238113 -0.0907842 -0.370711 -0.230788 -0.261264 0.493279 0.0901623 0.0839749 0.114294 0.47566 -0.441625 0.450396 0.282406 0.508946 0.253041 0.266084 -0.658398 0.47234 -0.0916927 0.0817227 0.0692446
110 -0.821166 0.498314 0.0955647 -0.0221314 0.386973 0.588115 -0.369673 0.90557 0.455009 -0.543374 -0.516675 -0.319882 -0.0799577 -0.313118 -0.126622 -0.212943 0.541421 -0.0142758 0.11575 0.0944796 0.381201 -0.550108 0.408835 0.228408 0.588865 0.151272 0.241585 -0.685185 0.524848 0.0893891 0.209676 0.0653327
111 -0.737786 0.493636 0.157042 0.190184 0.311855 0.652506 -0.544128 1.17895 0.619089 -0.648333 -0.630538 -0.419582 -0.108443 -0.331949 -0.0720048 -0.170533 0.649931 -0.179322 0.194317 0.125153 0.278167 -0.697348 0.370176 0.254231 0.683376 0.0395974 0.246723 -0.941087 0.636206 0.305577 0.384134 -0.00356283
108 -1.07518 0.597576 0.0391974 -0.289551 0.522784 0.648945 -0.263707 0.660726 0.455318 -0.520456 -0.603585 -0.298179 -0.0758902 -0.395673 -0.18133 -0.261534 0.509023 0.108391 0.0458138 0.0493702 0.471603 -0.43302 0.520863 0.173926 0.646539 0.334888 0.31829 -0.484316 0.506865 -0.146356 0.118863 0.113804
293 -1.24852 -0.19598 0.0140381 -0.105 0.0308401 0.0926643 -0.237454 0.391033 0.306879 -0.964925 -0.408945 -0.0813941 -0.195222 -0.637748 0.0235643 -0.76584 0.417933 -0.0901168 0.426626 0.273664 0.960316 -1.47759 0.118345 0.327316 -0.233082 0.299941 0.81943 -0.3439 0.820375 -0.658313 -0.388258 -0.411313
294 -1.20974 0.119799 -0.110814 -0.041233 0.21375 0.179599 -0.296943 0.784547 0.313586 -0.837777 -0.497428 -0.0223622 -0.153781 -0.535271 -0.0788411 -0.455022 0.28236 -0.0735582 0.309166 0.266991 0.907565 -1.13312 0.0295876 0.328758 -0.310411 0.245025 0.689646 -0.261966 0.646615 -0.676769 -0.341485 -0.403074
296 -1.16236 0.301753 -0.122557 -0.0209541 0.26311 0.218974 -0.340465 1.06829 0.237399 -0.705428 -0.582784 -0.00761083 -0.104998 -0.422059 -0.181091 -0.286896 0.355867 -0.0224227 0.235345 0.307871 0.973666 -0.980407 -0.00362481 0.286565 -0.341879 0.236426 0.637266 -0.3041 0.564826 -0.642135 -0.356176 -0.313109
291 -1.16401 -0.317577 0.0889264 -0.077258 -0.136971 0.055493 -0.164284 0.287509 0.249791 -0.957933 -0.400879 -0.178367 -0.229914 -0.65333 0.115947 -0.811861 0.505414 -0.0756544 0.441643 0.295021 0.9656 -1.55571 0.149665 0.307513 -0.176796 0.359327 0.78375 -0.444959 0.85844 -0.572943 -0.384075 -0.368728
292 -1.09437 -0.168785 0.00953573 -0.113646 -0.0172077 0.0847701 -0.198066 0.335389 0.239611 -0.87823 -0.406907 -0.106371 -0.174501 -0.595228 0.0430463 -0.698418 0.387366 -0.0995313 0.354762 0.21423 0.823972 -1.32152 0.122432 0.304666 -0.164543 0.29484 0.706552 -0.339439 0.749397 -0.574641 -0.32897 -0.343021
290 -0.932281 -0.465369 0.266331 -0.0548084 -0.385282 0.00274848 -0.0104545 -0.018141 0.194401 -0.72839 -0.39926 -0.250361 -0.215956 -0.659335 0.181094 -0.84968 0.807052 0.116855 0.548061 0.424676 1.05407 -1.58987 0.349958 0.199563 0.00250761 0.474681 0.749398 -0.730184 1.00606 -0.370988 -0.394071 -0.128834
208 -0.0691646 -0.00916613 -0.249749 -0.0519094 0.566932 0.19858 0.181272 0.901188 -0.117646 0.0504578 0.163654 0.0923905 0.331582 -0.482168 -0.324719 -0.130036 -0.0653358 0.445818 0.107381 -0.141537 0.777656 -0.55645 0.403498 0.572587 1.17397 0.797673 -0.542505 -1.46188 0.0821203 0.208691 0.639523 -0.303602
207 -0.0477379 0.0563135 -0.261675 -0.0256184 0.49647 0.278086 0.135572 0.868598 -0.142435 -0.0159268 0.119477 0.0122996 0.287721 -0.658094 -0.283174 -0.0960976 0.0856072 0.417053 0.15869 -0.126331 0.886654 -0.705706 0.388437 0.61513 1.27306 0.735765 -0.598855 -1.60761 0.138729 0.199776 0.55239 -0.214369
206 0.0936067 0.143401 -0.290207 0.0699073 0.28246 0.361492 0.133785 0.545783 -0.197372 -0.149648 0.0989328 -0.0307095 0.191784 -0.969359 -0.174176 0.0593423 0.34903 0.290313 0.160736 -0.0800044 0.882389 -0.8169 0.257288 0.488441 1.24584 0.45525 -0.646523 -1.53528 0.176186 0.0875278 0.310697 -0.0373789
204 0.167284 0.277419 -0.372672 0.0989533 0.244179 0.43907 0.120834 0.449673 -0.289224 -0.25449 0.124291 -0.0864074 0.141431 -1.21555 -0.124686 0.100062 0.509052 0.212946 0.186191 -0.0718405 1.01477 -0.95487 0.209506 0.49182 1.33528 0.343466 -0.748785 -1.6146 0.25382 0.063241 0.215192 0.0980473
235 -0.199194 0.619789 0.0851132 0.306266 0.0523694 -0.120736 0.464229 0.496885 0.581665 -0.295287 -0.191859 0.125674 -0.68454 -0.783782 -0.0422636 0.254682 0.429786 0.540835 0.279386 0.0582198 0.495236 -0.358624 0.552301 0.714247 0.0378352 0.428203 0.291537 -0.6913 0.803509 -0.144819 -0.355628 0.0934927
234 -0.186983 0.609735 0.0818991 0.370877 0.0398254 -0.191406 0.490448 0.60107 0.706314 -0.384799 -0.194867 0.116424 -0.773113 -0.894221 0.0290274 0.260757 0.508881 0.680341 0.323048 0.0866123 0.58539 -0.356469 0.648531 0.860948 0.0290284 0.455715 0.312446 -0.695593 0.881659 -0.143053 -0.27288 0.117264
236 -0.357121 0.88693 0.149966 0.275979 0.0118099 -0.115004 0.580492 0.571303 0.634935 -0.27331 -0.316975 0.134107 -0.810045 -0.924042 -0.0819421 0.390461 0.431925 0.471456 0.375054 0.045335 0.544142 -0.512338 0.516893 0.736397 0.0322541 0.508276 0.354016 -0.796076 0.997792 -0.19209 -0.572699 0.128649
228 -0.0600418 0.348624 0.205635 0.252497 0.489118 0.0374615 0.157671 0.996404 1.07993 -0.806777 -0.0119335 0.103745 -0.33948 -0.795991 0.186145 -0.161048 0.458285 1.13838 -0.043413 0.34923 0.788478 -0.184543 0.891425 0.779617 -0.283719 0.21331 0.430014 -0.563141 0.60445 -0.0329857 0.255579 0.05771
16 -0.691553 0.0277903 0.387578 -0.425819 0.21546 0.461246 -0.283858 0.575978 0.213026 0.0266596 -0.102076 -0.236693 -0.372664 -0.283144 -0.816858 -0.696346 0.173345 -0.00195122 0.0488885 0.497789 0.618645 -0.523322 0.731086 1.20185 -0.177654 -0.497184 -0.0291219 -0.570221 0.0329008 -0.236173 -0.392652 -0.0954727
17 -0.84974 0.0880224 0.432942 -0.48358 0.280403 0.566128 -0.31812 0.643327 0.267978 0.024106 -0.14067 -0.295308 -0.414487 -0.3307 -0.888333 -0.829865 0.140436 -0.00132678 -0.0165187 0.539367 0.71858 -0.559775 0.88435 1.4452 -0.221313 -0.605882 -0.0357255 -0.716964 0.0425016 -0.312096 -0.480002 -0.159296
69 -0.364233 0.559464 -0.2858 0.25062 0.224004 0.431425 -0.547522 1.23101 0.166095 -0.414816 -0.623447 -0.170729 -0.239992 -0.309406 -0.644506 -0.517035 0.508062 0.336587 0.121426 0.273135 0.159652 -0.453551 0.889545 0.813167 0.300446 -0.0722641 0.251734 -0.635011 0.234266 -0.270392 -0.273771 0.0861449
70 -0.379972 0.452931 -0.111761 0.162728 0.23809 0.338299 -0.491605 1.11736 0.167983 -0.481884 -0.734223 -0.106781 -0.163393 -0.451346 -0.505629 -0.457164 0.512528 0.211149 0.173798 0.328918 0.317396 -0.36631 0.751134 0.77929 0.340248 -0.0526821 0.190006 -0.653096 0.239889 -0.310109 -0.15549 0.0389022
71 -0.431603 0.399581 -0.13905 0.131429 0.271367 0.347179 -0.530012 1.16102 0.168293 -0.473176 -0.772677 -0.180419 -0.152543 -0.543344 -0.499068 -0.469804 0.546636 0.261954 0.189122 0.322352 0.445925 -0.432604 0.809515 0.800609 0.417477 2.83643e-06 0.191682 -0.814166 0.330296 -0.367922 -0.193891 0.0799696
72 -0.337766 0.218263 -0.232794 0.102914 0.206462 0.176265 -0.557113 1.0142 0.17831 -0.524101 -0.829861 -0.215344 -0.114577 -0.677963 -0.325153 -0.377198 0.456707 0.180854 0.245131 0.305478 0.411036 -0.305258 0.804195 0.764241 0.465085 -0.0450073 0.0907952 -0.713593 0.263195 -0.466178 -0.192121 0.0985827
256 0.0568398 0.348005 0.10399 0.174076 0.61918 0.186723 -0.645942 0.351036 -0.0200546 -0.0737961 -0.240848 0.42526 -0.539278 0.240537 -0.654877 -0.423945 -0.0685869 -0.0635206 0.46623 -0.00208548 0.781653 -0.950921 0.583665 0.587727 -0.0846201 0.0349857 0.182076 -1.16801 0.669827 -0.728226 -0.172202 0.0252678
255 0.0156982 0.426106 0.105779 0.193914 0.656065 0.231862 -0.652894 0.409415 -0.0807194 -0.0854683 -0.278233 0.429581 -0.534351 0.236675 -0.676551 -0.409258 0.0270647 -0.0969132 0.45643 -0.048106 0.785796 -0.937554 0.618749 0.534822 -0.0690916 0.139242 0.0995624 -1.16769 0.685288 -0.699554 -0.149626 0.0289801
151 -0.0128914 -0.2961 -0.44896 -0.216347 -0.0340645 -0.19661 0.331338 -0.251646 0.220728 -0.361468 -0.127649 -0.161363 -0.0887153 -0.527434 -0.133339 -0.192243 0.608221 0.320781 0.0976631 0.833362 0.485524 -0.0263834 0.214097 0.572923 0.289544 -0.0351 0.785698 -1.99971 0.769767 0.149739 -0.477662 -0.0574989
152 0.0409368 -0.303507 -0.51256 -0.239475 -0.0421117 -0.242097 0.347482 -0.269785 0.225679 -0.359224 -0.133988 -0.118707 -0.140644 -0.625492 -0.195442 -0.256817 0.638865 0.316274 0.180052 0.835524 0.589201 -0.0880156 0.322062 0.679692 0.309204 -0.0233824 0.8422 -2.24008 0.893179 0.0704179 -0.503779 -0.0357328
289 -0.711584 -0.49335 0.300747 -0.0278136 -0.445882 -0.0370417 0.0541873 -0.147258 0.170719 -0.508278 -0.373199 -0.234853 -0.204398 -0.630518 0.176948 -0.722474 0.813834 0.155991 0.465219 0.451775 0.94331 -1.37664 0.373334 0.135864 0.0758593 0.473403 0.635904 -0.772151 0.911555 -0.248039 -0.33223 -0.0425491
288 -0.843621 -0.539363 0.289767 0.0157708 -0.500335 -0.0555531 0.0438895 -0.12907 0.203771 -0.633114 -0.398055 -0.290351 -0.17901 -0.663722 0.258815 -0.839469 0.862926 0.192065 0.524628 0.477269 1.06963 -1.55091 0.370228 0.124925 0.0634278 0.488789 0.732473 -0.76903 0.971931 -0.188345 -0.376572 -0.0267805
227 -0.134478 0.515531 0.274062 0.0200543 0.592929 0.304567 0.135878 1.1001 1.04827 -0.861008 -0.0869731 0.0554618 -0.0307258 -0.733072 0.142396 -0.247587 0.298293 1.12787 -0.188647 0.410195 0.908945 -0.168793 0.803833 0.671925 -0.411364 0.224984 0.627556 -0.534369 0.532992 -0.0241043 0.235222 0.122734
165 -0.424862 -0.000769036 0.440035 0.0547604 0.819254 0.441355 0.552757 0.387674 -0.0451346 -0.636616 -0.38545 0.517927 -0.0232328 -0.809663 -0.369808 -0.417041 1.07568 -0.265624 -0.242275 0.255281 0.151147 -0.461514 0.958058 -0.279019 0.0501082 0.910104 0.257907 -1.09618 0.404053 -0.429203 -0.302531 0.102985
164 -0.655056 0.199583 0.112034 0.152325 0.783771 0.391895 0.444478 0.599027 -0.154481 -0.745017 -0.328062 0.409535 -0.172022 -0.535575 -0.301901 -0.30556 1.07657 -0.315852 -0.237248 0.135891 0.0388188 -0.188428 0.840233 -0.0989748 0.143824 0.809924 0.139463 -1.08145 0.25986 -0.525629 -0.23596 0.174976
162 -0.672707 0.245441 0.0335318 0.16323 0.830943 0.382689 0.443037 0.725588 -0.191895 -0.852583 -0.280124 0.433411 -0.237178 -0.518573 -0.255466 -0.285795 1.08204 -0.343931 -0.23793 0.120684 0.056127 -0.0613228 0.833063 0.0157125 0.233469 0.749744 0.14433 -1.19092 0.22839 -0.578273 -0.19171 0.215684
167 -0.307393 -0.121886 0.591416 0.00648644 0.855934 0.414299 0.601782 0.271062 -0.011236 -0.593268 -0.43579 0.593206 0.0630102 -0.983895 -0.474846 -0.547267 1.10629 -0.272199 -0.20931 0.332401 0.180435 -0.676799 0.977159 -0.412698 -0.0431504 1.00131 0.306223 -1.19339 0.486513 -0.412836 -0.360244 0.0511203
168 -0.123365 -0.281667 0.715711 -0.00592781 0.87446 0.321788 0.539365 0.196533 0.254355 -0.403025 -0.544875 0.668738 0.26617 -1.15775 -0.580964 -0.75755 0.96933 -0.138121 -0.0886675 0.455181 0.369211 -0.844675 0.804652 -0.500932 -0.0626983 0.802195 0.44332 -1.20019 0.531328 -0.232087 -0.295091 0.0323342
48 -0.231401 0.312963 0.221667 -0.030507 0.278404 0.246653 -0.00112747 0.698085 -0.230063 -0.118132 -0.650871 -0.215624 -0.119259 -0.446307 -0.682533 -0.599427 0.5337 0.324824 0.0213318 0.49091 0.94339 -0.356781 0.550101 0.525148 0.58688 0.105247 0.300901 -0.983011 0.537178 -0.138834 -0.329522 0.165769
49 -0.380339 0.32531 0.0953692 -0.00827411 0.354013 0.344871 -0.210543 0.838821 0.00952324 -0.183206 -0.566788 -0.203653 -0.142446 -0.522974 -0.57339 -0.569873 0.626458 0.322852 0.0349673 0.363333 0.844647 -0.47729 0.581046 0.543774 0.409473 0.265099 0.335103 -1.16642 0.560576 -0.201787 -0.277742 0.100697
209 -0.161018 -0.00291478 -0.177199 -0.0957272 0.683184 0.191022 0.128169 1.05777 -0.0516752 0.0238415 0.0948695 0.131009 0.391773 -0.381755 -0.457932 -0.26656 -0.0670946 0.491827 0.0830786 -0.138258 0.825842 -0.530009 0.515245 0.669608 1.11309 0.868892 -0.363831 -1.50433 0.119224 0.190116 0.695587 -0.31231
177 -0.194205 -0.0969786 -0.123457 0.168734 0.113908 -0.0827481 -0.171614 0.535603 0.46173 -0.497082 -0.877126 -0.271261 0.788911 0.00393069 -1.21377 -0.202233 0.491341 0.386749 0.511854 0.183484 0.598461 -0.431505 0.00458504 0.0181814 0.103697 -0.114343 0.331304 -1.2317 0.816517 -0.0402596 0.220588 0.533615
178 -0.221134 -0.019986 -0.169108 0.15319 0.0299824 -0.0834734 -0.189735 0.502282 0.413855 -0.450391 -0.819861 -0.342861 0.686644 0.0774652 -1.09951 -0.0768373 0.430271 0.39052 0.495806 0.0989851 0.56338 -0.421486 -0.043329 0.076807 0.083009 -0.110647 0.313897 -1.15394 0.774201 -0.0143636 0.230392 0.494502
179 -0.327357 0.033811 -0.229973 0.173446 0.046336 -0.0137754 -0.271396 0.647681 0.501347 -0.535613 -0.895078 -0.398202 0.767868 0.100884 -1.25414 -0.0672141 0.471682 0.430696 0.538843 0.151194 0.630228 -0.430408 -0.0376768 0.156312 0.245945 -0.165289 0.343523 -1.31995 0.871213 -0.0397999 0.260504 0.565736
180 -0.277917 0.0887072 -0.273335 0.107468 -0.010774 0.022879 -0.27253 0.613242 0.470126 -0.524197 -0.799959 -0.476304 0.882992 0.238889 -1.37309 0.0608223 0.519224 0.433908 0.553026 0.1463 0.743671 -0.385526 -0.0736486 0.308882 0.354535 -0.137668 0.494374 -1.38493 0.912536 -0.10598 0.350267 0.607528
181 -0.302085 0.165785 -0.275867 0.11178 -0.0188956 0.123068 -0.296059 0.57459 0.408955 -0.503896 -0.65449 -0.458716 0.743483 0.256992 -1.2026 0.124628 0.432124 0.344766 0.481396 0.102975 0.648869 -0.352698 -0.0518325 0.375999 0.433507 -0.142736 0.441385 -1.26502 0.777189 -0.0868439 0.307873 0.544671
182 -0.314777 0.225428 -0.329686 0.124904 -0.0251093 0.214745 -0.308936 0.623943 0.524951 -0.541969 -0.713805 -0.51138 0.816812 0.343716 -1.2889 0.174892 0.493371 0.41398 0.548298 0.176105 0.741974 -0.301351 -0.0909125 0.443958 0.546397 -0.144681 0.581023 -1.40356 0.833821 -0.177949 0.357651 0.586343
183 -0.310634 0.281984 -0.309368 0.0142442 -0.0223827 0.474638 -0.304883 0.693563 0.496333 -0.527147 -0.570104 -0.43034 0.810691 0.320071 -1.17478 0.244435 0.516791 0.297547 0.463853 0.2591 0.828842 -0.268557 -0.141986 0.569614 0.821113 -0.0703393 0.662748 -1.36945 0.706595 -0.275773 0.344124 0.483178
239 -0.648023 1.30045 0.18331 0.0512428 -0.0210231 0.16081 0.509483 0.568493 0.494044 -0.0364219 -0.552556 0.0299484 -0.807723 -0.821452 -0.277742 0.439264 0.354213 0.210187 0.417222 0.164586 0.505058 -0.674963 0.340647 0.672103 0.27945 0.577371 0.313189 -0.927093 1.10429 -0.309814 -0.873507 0.12808
137 -0.99335 0.751526 0.614856 0.264574 0.78364 0.290743 -1.37069 0.793825 0.127582 -0.158579 -0.121214 -0.184381 -0.0331448 -0.785852 -0.499024 -0.366382 0.850013 0.239427 0.0762769 0.0565205 0.699756 -0.193353 0.506411 0.11985 0.970934 -0.0804168 -0.00352407 -0.543833 0.301845 -0.0302422 -0.1991 -0.0997777
123 0.308445 -0.261013 0.553293 0.176547 0.204342 0.961515 -0.635812 0.23975 0.641213 0.16655 0.470182 -0.327298 -0.178175 -0.563682 -0.245132 -0.0955573 0.113551 -0.427805 0.435197 -0.0449246 0.797964 -0.814471 0.761932 0.684902 0.429712 0.640966 1.0356 -1.02811 0.640884 0.368759 -0.0876529 -0.0720486
124 0.277609 -0.14183 0.488129 0.0898935 0.174308 0.849053 -0.652433 0.150128 0.526951 0.131215 0.435923 -0.155752 -0.105328 -0.448842 -0.162269 -0.0959824 0.0957698 -0.354667 0.338435 -0.0309804 0.662954 -0.542111 0.646635 0.628715 0.407241 0.493852 0.806077 -0.894619 0.599475 0.270878 -0.145377 -0.0246075
125 0.312446 -0.129485 0.594436 0.0602125 0.243719 1.03496 -0.833945 0.120816 0.599969 0.226484 0.552623 -0.102423 -0.0149096 -0.594029 -0.200075 -0.20989 0.0780231 -0.360485 0.35767 -0.00855122 0.779036 -0.565313 0.765429 0.764609 0.485612 0.603108 0.952501 -1.09909 0.753064 0.34085 -0.283393 0.0194322
127 0.0866068 0.267108 0.562556 -0.2063 0.414405 0.910207 -1.00704 0.0952294 0.401588 0.112318 0.478294 0.215545 0.275965 -0.607656 -0.132696 -0.394336 0.0778601 -0.139374 0.149654 0.0958908 0.574058 -0.129182 0.588209 0.713132 0.557459 0.364153 0.599711 -0.92839 0.675067 0.157108 -0.376958 0.141249
141 -0.818875 0.180007 0.233408 0.421091 0.298955 -0.0246592 -1.28259 0.0432325 0.149704 -0.431597 0.0503801 -0.247868 -0.407361 -0.72651 -0.0202035 -0.284379 0.742775 0.125387 -0.158955 0.613324 0.809422 0.24453 0.243554 0.490407 1.10788 0.0456746 0.48208 -1.3749 0.430482 0.156728 -0.427072 -0.423687
140 -0.94348 0.372821 0.365069 0.40409 0.467237 0.0880831 -1.3498 0.314871 0.139143 -0.352297 -0.00721004 -0.205078 -0.316492 -0.765221 -0.183291 -0.306966 0.78914 0.142144 -0.0507167 0.418767 0.795908 0.0682793 0.362103 0.331528 1.05978 -0.026761 0.332858 -1.06521 0.412832 0.0437565 -0.325791 -0.302687
55 -0.00499015 -0.05799 -0.197769 0.238224 0.276468 1.02474 -0.260882 0.939502 0.272132 0.0626109 -0.0352476 -0.682574 -0.296824 -0.280947 -0.557845 -1.07336 0.559641 0.355691 -0.209258 0.0884506 0.407999 -0.238546 0.128868 0.0271717 0.0592825 0.46881 -0.0108133 -1.13574 0.107191 -0.283715 -0.589652 -0.0380604
56 -0.0394987 -0.0694693 -0.242124 0.278539 0.320775 1.2089 -0.28635 1.13844 0.317981 0.0869065 -0.0763007 -0.793181 -0.37716 -0.318507 -0.681744 -1.32827 0.655601 0.389664 -0.273004 0.15102 0.467745 -0.213318 0.16267 0.0207028 0.046901 0.608922 -0.0510887 -1.40884 0.201395 -0.322803 -0.710575 -0.00350798
54 -0.0224336 -0.0322054 -0.193246 0.275939 0.363946 1.17643 -0.278281 1.09178 0.311174 0.050874 -0.104098 -0.772906 -0.372086 -0.363508 -0.660677 -1.27324 0.711618 0.380484 -0.194528 0.118954 0.544822 -0.27369 0.185165 0.068385 0.0926477 0.554542 -0.0230812 -1.35003 0.149967 -0.385714 -0.666283 -0.0504885
57 -0.151427 -0.108227 -0.297909 0.231097 0.269575 1.18847 -0.345007 1.26028 0.304987 0.0655386 -0.0319858 -0.7948 -0.389045 -0.316681 -0.728273 -1.33027 0.611857 0.378266 -0.307214 0.235324 0.349225 -0.216276 0.224378 0.0607893 0.059614 0.582939 0.0235146 -1.35628 0.283991 -0.325292 -0.691776 0.0973585
58 -0.159521 -0.0053074 -0.31406 0.218593 0.221782 0.959739 -0.36462 1.14071 0.236047 0.092423 0.00307161 -0.63805 -0.343388 -0.145932 -0.650083 -1.08663 0.464578 0.298849 -0.292262 0.222046 0.100274 -0.192749 0.29941 0.0933397 0.0608497 0.475035 0.0396884 -1.06527 0.265867 -0.278272 -0.591839 0.178768
59 -0.198832 -0.102573 -0.431373 0.271175 0.206916 1.16319 -0.470522 1.35703 0.303525 0.0959105 0.00335035 -0.777293 -0.433832 -0.161932 -0.820856 -1.38991 0.506138 0.373786 -0.437482 0.362487 0.0848419 -0.25391 0.414508 0.12429 0.0382813 0.538775 0.074566 -1.29478 0.400619 -0.292262 -0.678619 0.305104
254 0.000734762 0.556198 0.10275 0.242565 0.500918 0.441707 -0.574774 0.487418 -0.13289 -0.150853 -0.340408 0.36043 -0.541374 0.10813 -0.68691 -0.353578 0.35721 -0.236778 0.361609 -0.161272 0.759136 -0.827451 0.647689 0.421393 -0.0773961 0.527982 -0.20841 -1.07045 0.716911 -0.691686 -0.164103 0.0648223
252 -0.116414 0.703368 0.149422 0.21731 0.44099 0.610479 -0.478309 0.554978 -0.200445 -0.168112 -0.423934 0.270318 -0.451359 -0.0391415 -0.686531 -0.212137 0.581893 -0.268975 0.244328 -0.242786 0.700954 -0.690014 0.663778 0.268541 -0.00102461 0.851829 -0.424839 -1.00791 0.79023 -0.659568 -0.166207 0.159447
251 -0.160696 0.787914 0.149082 0.211086 0.374857 0.67014 -0.433454 0.641644 -0.224204 -0.0815201 -0.461987 0.258703 -0.478151 -0.0938176 -0.657387 -0.190548 0.671991 -0.294708 0.142297 -0.2592 0.609696 -0.601296 0.710708 0.306332 -0.00196733 0.982489 -0.525693 -1.00881 0.880501 -0.630468 -0.236219 0.21829
249 -0.176602 0.867901 0.129089 0.164012 0.260625 0.772963 -0.374776 0.704331 -0.145197 0.0615809 -0.396912 0.203417 -0.444527 -0.135345 -0.641219 -0.0374898 0.733394 -0.264752 0.09377 -0.267461 0.60947 -0.592521 0.651982 0.307124 -0.00537682 1.06804 -0.588246 -1.013 1.02647 -0.647048 -0.31569 0.292767
21 -0.865313 0.714084 0.1478 -0.820604 0.229259 0.335356 0.0942672 0.903136 0.145823 0.0742101 -0.675917 -0.423958 -0.125046 0.0199801 -0.66664 -1.10553 0.125455 0.11745 -0.258687 0.539642 0.723973 -0.160805 1.16932 1.37942 -0.439932 -0.262033 0.185928 -0.766335 0.433743 -0.365066 -0.206636 -0.356781
23 -0.801731 0.97277 0.0838169 -0.855583 0.257968 0.26198 0.187852 1.09051 0.132677 -0.0115567 -0.77617 -0.422041 0.0831793 0.182142 -0.541357 -1.10164 0.229338 0.168965 -0.243769 0.529451 0.671643 -0.00743904 1.16936 1.17341 -0.404205 -0.00209957 0.184058 -0.639057 0.63694 -0.313225 0.0374975 -0.359759
24 -0.838126 1.10829 0.0152672 -0.923696 0.272605 0.248581 0.175606 1.2979 0.0569289 -0.110478 -0.91817 -0.400856 0.18624 0.190684 -0.502752 -1.13978 0.304691 0.207005 -0.270266 0.579362 0.710946 0.0452653 1.23018 1.1365 -0.333617 0.184913 0.191322 -0.683288 0.736771 -0.284717 0.128925 -0.302319
25 -0.721875 1.01848 0.0100945 -0.789502 0.280188 0.156378 0.154215 1.18176 0.00119368 -0.142495 -0.858172 -0.302157 0.247528 0.162875 -0.367256 -0.946116 0.28314 0.204893 -0.209823 0.489065 0.613157 0.114689 1.03408 0.897918 -0.285104 0.282919 0.163489 -0.560773 0.689079 -0.200581 0.148328 -0.261445
26 -0.841593 1.11303 0.00931966 -0.909748 0.329671 0.167225 0.129009 1.36007 0.0251222 -0.149738 -1.02835 -0.383513 0.250867 0.153611 -0.414765 -1.14159 0.321085 0.274445 -0.252034 0.604417 0.761646 0.0884268 1.19317 1.09877 -0.313155 0.316686 0.217232 -0.713815 0.808946 -0.245794 0.186384 -0.319428
34 -0.386046 0.0718294 0.361963 0.0733633 0.356609 -0.197079 -0.726548 1.32277 -0.842497 -0.00367687 -1.13411 0.226147 -0.061864 -1.02247 0.0159783 -0.390482 0.306485 0.225318 -0.518972 0.536672 0.716889 -0.204708 0.32629 0.631511 0.0536387 0.268131 0.273584 -0.742773 0.187905 0.158957 0.0812673 0.042646
35 -0.319043 0.0451499 0.403799 0.119494 0.375764 -0.264045 -0.776759 1.40952 -0.950963 0.00816341 -1.24412 0.319626 -0.0275342 -1.21105 -0.039057 -0.454245 0.328316 0.239519 -0.596737 0.566039 0.825564 -0.232184 0.371393 0.719204 0.0143523 0.263915 0.299223 -0.878909 0.225784 0.159391 0.107687 0.0642088
225 -0.113236 0.582724 0.335776 -0.0461111 0.656873 0.485659 0.070326 1.12132 0.919274 -0.839746 -0.110921 -0.0218996 0.137496 -0.819463 0.0273974 -0.262902 0.13543 1.09769 -0.331638 0.374477 0.997534 -0.172943 0.805448 0.599575 -0.438133 0.283972 0.811498 -0.585667 0.527386 -0.0215207 0.184743 0.250168
226 -0.12976 0.49188 0.235057 -0.00126177 0.606621 0.361789 0.0805761 1.06521 0.94769 -0.828357 -0.0668133 0.0455819 0.0767906 -0.639886 0.0831071 -0.233203 0.213451 1.03291 -0.241063 0.393575 0.852113 -0.169313 0.657833 0.541334 -0.375582 0.166384 0.621804 -0.494109 0.421366 -0.00398323 0.224174 0.136621
224 -0.00120513 0.580962 0.375358 -0.0553228 0.549708 0.485494 0.214188 1.01908 0.503695 -0.778778 -0.171965 -0.105418 0.376618 -0.900609 -0.0904778 -0.230238 -0.0534901 0.944411 -0.46624 0.182744 1.04916 -0.0328922 0.82566 0.49658 -0.425221 0.381193 0.980954 -0.629157 0.537899 0.00190979 0.0653626 0.441048
223 -0.00289554 0.463386 0.29871 -0.0930509 0.418017 0.412761 0.227787 0.782857 0.269613 -0.618309 -0.157796 -0.119767 0.345506 -0.718957 -0.135431 -0.194335 -0.0864019 0.74201 -0.375341 0.115738 0.871655 -0.0119669 0.726102 0.454723 -0.283483 0.344762 0.827241 -0.562485 0.479364 -0.000541288 0.0409551 0.392967
222 0.0179773 0.495061 0.37261 -0.0798868 0.446901 0.535412 0.31445 0.815154 0.125724 -0.734548 -0.24795 -0.191421 0.418106 -0.975004 -0.196539 -0.174592 -0.161366 0.790163 -0.424283 -0.0151032 1.06204 0.0356058 0.916103 0.471838 -0.297174 0.483564 1.03667 -0.747837 0.570266 -0.0136487 -0.0384889 0.53634
272 -0.885945 0.801801 -0.233515 -0.304186 0.853745 -0.399776 -0.263641 0.303747 -0.0942931 -0.0917307 -0.878106 -0.144379 -0.0179459 -0.395229 -0.626785 0.0331347 0.857374 0.434284 0.457142 -0.254557 0.25468 -0.187977 0.258251 0.513261 -0.442458 0.479689 -0.00782067 -1.63554 0.160271 -0.0432045 -0.125797 -0.0747737
271 -0.774298 0.761869 -0.169566 -0.318263 0.883287 -0.432666 -0.274975 0.202076 -0.0844543 -0.0250976 -0.801076 -0.157536 -0.0258787 -0.389195 -0.584182 0.058833 0.786274 0.400507 0.396885 -0.296992 0.241965 -0.161788 0.232018 0.418678 -0.467565 0.44303 -0.0234786 -1.51426 0.186514 -0.0403697 -0.161883 -0.0735517
133 -0.640875 0.82472 0.723427 -0.0706704 0.789063 0.525396 -1.3698 0.693894 0.24173 -0.00340882 -0.074609 -0.0138791 0.329828 -0.887663 -0.644197 -0.457177 0.685328 0.287571 0.0140209 0.0180594 0.575492 -0.287167 0.61554 0.239933 0.893891 -0.0793867 0.0152776 -0.568072 0.416603 0.199248 -0.215126 0.101348
229 -0.0886518 0.25364 0.154706 0.200202 0.384871 0.0160655 0.132955 0.843664 0.887316 -0.654769 -0.0248992 0.0553936 -0.309049 -0.656192 0.179947 -0.167297 0.436922 0.943657 -0.0230842 0.316549 0.668535 -0.174145 0.759841 0.692485 -0.219311 0.165561 0.305824 -0.523416 0.521425 -0.0294554 0.207234 -0.00558206
237 -0.532552 1.17747 0.180964 0.18146 -0.0470795 0.0424431 0.603466 0.553859 0.543856 -0.139808 -0.456317 0.106416 -0.855345 -0.889647 -0.17766 0.482157 0.407869 0.300628 0.430429 0.0652634 0.536689 -0.665087 0.429184 0.665903 0.192 0.576073 0.321229 -0.886865 1.1378 -0.255503 -0.811454 0.141422
238 -0.527974 1.11502 0.139093 0.118081 -0.0108599 0.0943778 0.496489 0.493006 0.40623 -0.0584603 -0.43339 0.0786033 -0.729593 -0.737672 -0.230765 0.41334 0.335545 0.186547 0.394552 0.0899691 0.438061 -0.61205 0.295935 0.56618 0.241914 0.496461 0.268876 -0.797951 0.983198 -0.226976 -0.776545 0.131497
195 0.554275 0.252965 -0.414072 -0.0653849 0.446365 0.817281 -0.356877 0.676715 0.183535 -0.232132 -0.125285 0.21631 -0.238892 -0.244502 0.140165 -0.50611 1.01358 0.160515 0.524282 0.593464 0.628164 -0.282492 0.426205 0.342356 0.409717 0.265288 0.754174 -0.971253 0.325864 -0.785389 -0.0623222 0.667009
197 0.476563 0.232461 -0.397097 -0.106573 0.470272 0.77306 -0.316084 0.615674 0.0745899 -0.307522 -0.102638 0.130371 -0.18925 -0.33017 0.141285 -0.459881 0.945413 0.052157 0.52042 0.527753 0.590744 -0.295169 0.3051 0.322853 0.438276 0.294194 0.605965 -0.905181 0.243823 -0.594213 -0.0419869 0.620013
196 0.430195 0.193933 -0.354083 -0.0924882 0.441176 0.707403 -0.343579 0.593087 0.107282 -0.257468 -0.133354 0.138751 -0.175847 -0.259217 0.101614 -0.432953 0.878254 0.0733642 0.476316 0.522577 0.54467 -0.221554 0.353426 0.302004 0.386823 0.267903 0.666905 -0.877755 0.270236 -0.591867 -0.049107 0.558082
198 0.237919 0.343631 -0.474723 -0.0872651 0.411204 0.708963 -0.175103 0.536834 -0.0506239 -0.484652 -0.0314451 0.000365161 -0.140665 -0.74973 0.0760853 -0.204092 0.842735 -0.0632086 0.379181 0.314534 0.707584 -0.603896 0.194896 0.424544 0.723642 0.244646 -0.0015808 -1.0167 0.22307 -0.29143 0.00121323 0.502467
199 0.0765098 0.369087 -0.447242 -0.0655352 0.3455 0.613423 -0.102539 0.479405 -0.121643 -0.526537 -0.0206572 -0.0512824 -0.0923413 -0.906613 -0.0258946 -0.115385 0.753245 -0.089531 0.302725 0.225261 0.769474 -0.74461 0.165806 0.463149 0.834119 0.198827 -0.283105 -1.09017 0.220837 -0.0856134 0.0189996 0.403903
22 -0.720777 0.707276 0.0984213 -0.705395 0.185258 0.221385 0.12877 0.832506 0.105937 0.0291804 -0.610188 -0.357151 -0.0103776 0.105784 -0.493517 -0.898203 0.147044 0.146314 -0.237137 0.453098 0.603031 -0.0975813 0.946624 1.02863 -0.372952 -0.12456 0.169351 -0.578507 0.455939 -0.285133 -0.0387306 -0.326672
191 0.345249 0.291632 -0.328862 -0.0335376 0.23431 0.822313 -0.26751 0.664764 0.257909 -0.223075 -0.244078 0.234832 0.00893348 0.0365635 -0.0498787 -0.302022 0.865608 0.225422 0.4549 0.562904 0.668179 -0.176572 0.282826 0.452287 0.504543 0.168187 0.856718 -1.00374 0.35043 -0.867026 0.0464306 0.546396
205 0.130124 0.199136 -0.252106 0.0805743 0.19377 0.341425 0.0830909 0.388046 -0.239021 -0.170504 0.10952 -0.0520427 0.138574 -0.973497 -0.12021 0.0897654 0.361372 0.183321 0.173373 -0.0708827 0.845291 -0.75426 0.16724 0.426608 1.10673 0.299454 -0.580257 -1.33992 0.181074 0.073957 0.192808 0.0399149
116 -0.606125 0.283418 0.350132 0.273915 0.366974 0.769503 -0.508946 1.50055 0.862905 -0.433006 -0.6974 -0.737128 -0.231022 -0.406303 -0.0666524 0.0687337 0.786229 -0.331425 0.359068 -0.0723337 0.255629 -1.06469 0.449361 0.236872 0.694449 0.094105 0.428517 -0.986172 0.529757 0.593138 0.601355 -0.191004
115 -0.582337 0.305426 0.286977 0.257447 0.353804 0.691865 -0.519768 1.34165 0.760812 -0.436098 -0.660955 -0.560423 -0.184756 -0.338345 -0.0479243 0.00513607 0.700835 -0.247851 0.271707 -0.0365961 0.200128 -0.894409 0.399431 0.197934 0.624831 0.0540682 0.313807 -0.903834 0.506309 0.47673 0.506455 -0.137055
114 -0.703156 0.393571 0.329427 0.313635 0.374891 0.774037 -0.602399 1.48732 0.831954 -0.598102 -0.796882 -0.610981 -0.23915 -0.386666 -0.0266425 -0.0142376 0.776234 -0.291814 0.290895 0.00316008 0.234807 -0.962227 0.4536 0.243676 0.753991 0.0302456 0.334736 -1.08238 0.626697 0.521873 0.580268 -0.165498
176 -0.262058 -0.107486 0.120126 0.0761768 0.372948 0.0504483 -0.0624817 0.524516 0.463531 -0.381683 -0.755992 0.0146895 0.664093 -0.319731 -0.88501 -0.327471 0.513466 0.266941 0.392849 0.236215 0.560021 -0.481861 0.0664382 -0.13664 0.039322 0.0151035 0.314227 -1.0301 0.566044 0.0193978 0.0515054 0.331366
77 -0.203117 -0.32546 -0.595908 -0.105216 0.136836 -0.236325 -0.729661 0.726009 0.283022 -0.580639 -1.05261 -0.409764 0.0694369 -1.14193 0.0134694 -0.272185 0.25642 0.208673 0.347707 0.253217 0.561232 -0.190884 0.997033 0.912904 0.843427 -0.117766 -0.126156 -0.832802 0.352313 -0.895507 -0.305733 0.167287
75 -0.269218 -0.249007 -0.508725 -0.107823 0.239803 -0.196615 -0.728265 0.815608 0.252844 -0.756583 -1.0509 -0.426948 0.0422374 -1.12061 -0.00757134 -0.18244 0.276623 0.232556 0.386495 0.250405 0.520323 -0.151588 1.02111 0.959849 0.809027 -0.121876 -0.0514316 -0.868011 0.379613 -0.843677 -0.315783 0.177207
76 -0.25182 -0.205992 -0.459857 -0.0842879 0.157149 -0.170922 -0.629304 0.719954 0.218999 -0.608543 -0.903128 -0.379139 0.00772444 -1.00748 0.0085339 -0.184335 0.252388 0.191137 0.332054 0.216099 0.484195 -0.161135 0.882137 0.829752 0.678343 -0.057635 -0.00377315 -0.78837 0.338136 -0.768519 -0.244966 0.156457
74 -0.287915 -0.0535363 -0.406938 -0.0246686 0.19296 -0.0609069 -0.649243 0.899065 0.220847 -0.577455 -0.958209 -0.314531 -0.0173974 -0.949105 -0.104016 -0.303037 0.351633 0.161337 0.307106 0.274325 0.478247 -0.209141 0.903187 0.8336 0.662532 -0.0900648 -0.0260176 -0.762477 0.299398 -0.702106 -0.22965 0.138759
78 -0.138437 -0.366272 -0.585739 -0.0898056 0.10186 -0.27285 -0.667896 0.652167 0.2743 -0.506189 -1.09239 -0.31698 0.123751 -1.16986 -0.00928719 -0.297678 0.257595 0.259571 0.320457 0.285845 0.693352 -0.268786 1.0138 0.888426 0.838651 -0.0665962 -0.192114 -0.837851 0.389739 -0.89233 -0.314318 0.146204
166 -0.354168 -0.0167622 0.47214 0.0427451 0.757376 0.441434 0.524496 0.299261 -0.0718906 -0.58137 -0.388305 0.513688 -0.0157344 -0.81622 -0.360958 -0.409106 1.05947 -0.282674 -0.190224 0.276352 0.149687 -0.566909 0.930736 -0.313847 0.0362153 0.935103 0.237345 -1.04644 0.451023 -0.416038 -0.306614 0.0837676
15 -0.745896 0.0285876 0.467773 -0.453494 0.182167 0.543374 -0.334042 0.652208 0.221077 0.01874 -0.0604707 -0.241604 -0.448005 -0.292822 -0.872024 -0.717801 0.27886 0.00646821 0.0841547 0.519235 0.686307 -0.643984 0.738928 1.28327 -0.169458 -0.514725 -0.0876487 -0.669036 0.0486403 -0.221927 -0.459386 -0.0691457
156 -0.076967 -0.00843165 -0.769405 -0.169855 -0.0447548 -0.202972 0.748729 0.148974 0.0299874 -0.470991 -0.0185346 0.103994 -0.372012 -0.454765 -0.338245 -0.333733 0.852646 -0.0596453 0.29252 0.259131 0.214075 -0.0597009 0.444597 0.619197 0.236379 0.0716604 0.515074 -2.24518 0.954004 -0.215709 -0.290626 0.279469
157 -0.0875628 -0.0209471 -0.633416 -0.115906 -0.00631267 -0.18514 0.527839 0.120374 0.0247312 -0.362835 0.0209271 0.062251 -0.31353 -0.380674 -0.227278 -0.284245 0.694704 -0.0894956 0.208987 0.245923 0.156507 -0.0171706 0.33097 0.496939 0.235098 0.0661654 0.365558 -1.74957 0.712125 -0.173296 -0.260427 0.207564
158 -0.254314 0.0672155 -0.613183 -0.0567678 0.107883 -0.106079 0.643623 0.252837 -0.0601578 -0.52413 0.0144546 0.138468 -0.387367 -0.345564 -0.215492 -0.292354 0.796524 -0.177954 0.126802 0.224278 0.0309035 0.101107 0.414621 0.427692 0.244952 0.168035 0.301959 -1.7022 0.624079 -0.256148 -0.252526 0.250507
155 0.086676 -0.0998179 -0.729196 -0.196 -0.157198 -0.225925 0.762683 0.0092524 0.0774455 -0.370235 0.0109604 0.0621078 -0.338671 -0.57003 -0.319729 -0.348261 0.758047 0.0235979 0.321709 0.320776 0.325625 -0.128175 0.442166 0.704162 0.204231 0.0337172 0.554874 -2.3212 1.02794 -0.147134 -0.290379 0.221066
153 0.0936792 -0.193197 -0.653707 -0.237645 -0.159917 -0.217344 0.614521 -0.115221 0.185193 -0.382876 -0.0293607 -0.00105414 -0.230658 -0.569788 -0.250203 -0.251266 0.677395 0.157459 0.262491 0.543819 0.396288 -0.0999442 0.356707 0.677068 0.215817 -0.043353 0.700227 -2.27077 0.96611 -0.0258628 -0.410184 0.133219
10 -0.35299 0.1102 0.411824 -0.19968 -0.204143 0.168339 -0.278983 1.00961 -0.42715 0.0152785 0.23313 0.051801 -0.318497 0.0739148 -0.62019 -0.314652 1.03756 0.139933 0.423088 0.18385 0.781793 -0.912292 0.414002 0.659313 0.157504 -0.199891 -0.154637 -0.714713 0.402023 0.322088 -0.0955195 0.0718376
80 -0.055357 -0.425629 -0.708209 -0.0895453 0.0147033 -0.379665 -0.67715 0.549577 0.305492 -0.273055 -1.11004 -0.287904 0.0932634 -1.22589 -0.0641651 -0.398924 0.27733 0.211126 0.311163 0.340246 0.779126 -0.327181 1.01731 0.884655 0.821069 -0.0279999 -0.235591 -0.799618 0.421918 -0.959229 -0.290655 0.155736
79 -0.121618 -0.372566 -0.601961 -0.0669067 0.00860631 -0.289471 -0.571448 0.504614 0.231347 -0.315627 -0.936466 -0.28763 0.0890541 -1.05003 -0.00571052 -0.335251 0.228242 0.185302 0.24907 0.289564 0.644389 -0.282765 0.874036 0.782858 0.738267 -0.0283115 -0.203494 -0.740927 0.361311 -0.794879 -0.292475 0.120693
190 0.139649 0.262932 -0.268488 -0.0116014 0.215693 0.726109 -0.258391 0.668787 0.237821 -0.259149 -0.289354 0.111799 0.0501221 0.0140926 -0.183126 -0.188792 0.653389 0.158142 0.369325 0.440222 0.6039 -0.198834 0.207773 0.421668 0.512124 0.12171 0.650583 -0.902148 0.337185 -0.635954 0.0750097 0.409118
189 0.155915 0.340534 -0.31397 -0.00810868 0.152688 0.871914 -0.308774 0.806119 0.323944 -0.349076 -0.363993 0.110337 0.166931 0.117409 -0.276292 -0.11969 0.76178 0.206849 0.411042 0.536487 0.725153 -0.171739 0.142422 0.563803 0.69746 0.113988 0.820185 -1.03597 0.35573 -0.812852 0.145935 0.499857
188 -0.0672828 0.341991 -0.307808 -0.0290114 0.0689693 0.842871 -0.280824 0.819416 0.38476 -0.467601 -0.37887 -0.079288 0.426778 0.218879 -0.510019 0.0852529 0.640865 0.185111 0.416402 0.467602 0.780514 -0.130936 -0.0262283 0.579118 0.86474 0.0980934 0.797058 -1.09337 0.389179 -0.649439 0.214199 0.431867
187 -0.137899 0.293894 -0.281533 -0.00330142 0.00387997 0.756547 -0.251463 0.74522 0.367805 -0.435031 -0.385133 -0.142564 0.442694 0.22968 -0.54295 0.150438 0.541804 0.159623 0.338792 0.368086 0.695638 -0.127218 -0.0689314 0.540683 0.850589 0.0724868 0.653021 -0.98158 0.344848 -0.526643 0.258198 0.369157
96 -0.855268 0.439878 0.691259 -0.0895124 -0.354311 0.251713 -0.0872375 -0.239332 0.546955 0.762071 -0.498592 -0.105474 -0.0401224 -0.432381 -0.599151 -0.642122 0.466181 0.649557 -0.370742 0.288914 0.437507 -0.71613 0.43455 0.673602 0.554266 0.267649 0.251616 -1.16923 0.369235 -0.860727 0.393208 -0.634719
98 -0.842474 0.517855 0.618388 -0.129038 -0.264914 0.305177 -0.0155151 -0.297401 0.5402 0.648362 -0.580685 -0.0522891 -0.0446381 -0.508024 -0.498245 -0.520357 0.478609 0.647287 -0.281483 0.27568 0.530057 -0.663345 0.407682 0.564289 0.540111 0.352401 0.255445 -1.13574 0.469199 -0.820977 0.402869 -0.56616
97 -0.795885 0.465451 0.569513 -0.0994473 -0.254788 0.269446 -0.0331396 -0.290869 0.527382 0.587998 -0.529107 -0.0589773 -0.0418619 -0.421671 -0.497069 -0.510342 0.467579 0.610755 -0.25684 0.2272 0.481895 -0.644671 0.418541 0.545838 0.477285 0.32553 0.230653 -1.10328 0.446145 -0.805225 0.396001 -0.573823
263 -0.235364 0.383592 0.280657 -0.0108595 1.43757 -0.0461703 -0.856002 0.314513 -0.0405919 0.0844984 -0.681936 0.332688 -0.420527 -0.174683 -0.752886 -0.191008 0.202551 0.102327 0.434102 -0.323296 0.68296 -0.815901 0.674206 0.263685 -0.410724 -0.0349226 0.560806 -1.24429 0.390079 -0.56734 -0.248013 -0.325045
130 -0.153718 0.619031 0.614624 -0.318561 0.503064 0.771016 -1.21819 0.256471 0.350264 0.0314704 0.169021 0.189525 0.416753 -0.716581 -0.297301 -0.416255 0.260238 0.0760131 0.0260126 0.147648 0.415203 -0.0987329 0.480059 0.517155 0.686149 0.0871662 0.294205 -0.825588 0.525716 0.270691 -0.311443 0.165759
186 -0.194654 0.361957 -0.323001 -0.0375023 0.0267599 0.764815 -0.271372 0.791952 0.447841 -0.516333 -0.441174 -0.206774 0.590358 0.280186 -0.713312 0.216099 0.541524 0.212807 0.410392 0.381498 0.748125 -0.15838 -0.0923524 0.576439 0.921763 0.0617507 0.724284 -1.16912 0.465983 -0.472893 0.304725 0.387818
185 -0.320129 0.35048 -0.350328 0.0031356 -0.061975 0.655444 -0.319997 0.728316 0.497181 -0.525689 -0.489484 -0.37485 0.714633 0.27912 -0.983959 0.283829 0.528307 0.241337 0.442785 0.308841 0.846491 -0.228346 -0.14215 0.629421 0.982494 0.0417475 0.691436 -1.35456 0.55245 -0.400278 0.336845 0.420939
184 -0.269583 0.279383 -0.296286 -8.05597e-05 -0.0592551 0.482931 -0.296223 0.608489 0.468333 -0.471059 -0.484859 -0.383514 0.727933 0.265497 -1.03746 0.268858 0.44983 0.268482 0.384846 0.239769 0.734748 -0.214387 -0.116216 0.572722 0.852938 -0.0177043 0.62011 -1.27507 0.579817 -0.334916 0.298858 0.405122
73 -0.337272 0.210791 -0.126372 0.0306322 0.237232 0.181983 -0.422554 0.840558 0.163514 -0.369798 -0.692935 -0.180177 -0.098574 -0.629395 -0.327298 -0.376283 0.473333 0.212875 0.175709 0.276167 0.530853 -0.367725 0.681889 0.65275 0.425176 0.0615069 0.14074 -0.839293 0.362515 -0.384782 -0.194206 0.0615487
112 -0.695175 0.465731 0.17867 0.248462 0.29121 0.610607 -0.539435 1.18184 0.619487 -0.68072 -0.576782 -0.403188 -0.133773 -0.294839 -0.0315402 -0.176956 0.616351 -0.226905 0.175179 0.121871 0.234738 -0.710124 0.363801 0.259934 0.614824 -0.0306766 0.213709 -0.911922 0.62378 0.337965 0.387692 -0.0266495
266 -0.484824 0.493838 0.317258 -0.113672 1.59608 -0.213465 -0.760176 0.292976 -0.0196991 0.0268072 -0.845413 0.163018 -0.225599 -0.34155 -0.727349 -0.0871262 0.506514 0.133615 0.342224 -0.447982 0.517366 -0.570065 0.599353 0.107673 -0.539562 0.105782 0.55488 -1.26325 0.289395 -0.356167 -0.292361 -0.430627
264 -0.37126 0.442622 0.334879 -0.0782846 1.60602 -0.126064 -0.874561 0.299222 -0.0281017 0.0416903 -0.77958 0.232152 -0.317768 -0.241574 -0.747552 -0.123719 0.376107 0.130124 0.382472 -0.427791 0.611722 -0.716083 0.676161 0.144776 -0.530046 0.010919 0.634727 -1.22053 0.337499 -0.469332 -0.281274 -0.43037
297 -1.07162 0.46526 -0.198144 0.0267493 0.189818 0.186537 -0.37169 1.34446 0.126319 -0.51553 -0.750147 -0.0396144 -0.0804997 -0.291365 -0.265032 -0.0545993 0.408659 0.0315822 0.163944 0.436156 1.14985 -0.871781 -0.109505 0.231312 -0.470258 0.218036 0.558113 -0.386708 0.605682 -0.672723 -0.385411 -0.264252
298 -0.886915 0.441647 -0.108153 -0.00830718 0.109482 0.0763294 -0.279007 1.16281 0.0211287 -0.385358 -0.653717 -0.0154091 -0.0838267 -0.196897 -0.208319 -0.0276825 0.400633 0.0412498 0.131774 0.383532 0.998995 -0.739731 -0.10199 0.183934 -0.392806 0.174927 0.40997 -0.312005 0.532 -0.496898 -0.332239 -0.189619
299 -0.943457 0.518246 -0.189849 0.0236106 0.0631823 0.027594 -0.319305 1.45019 0.00108428 -0.335503 -0.802993 -0.0672777 -0.114987 -0.228756 -0.308439 0.0299246 0.508498 0.0840863 0.166325 0.526374 1.3116 -0.894389 -0.167371 0.165071 -0.505884 0.266304 0.450304 -0.419834 0.711225 -0.576092 -0.410566 -0.172653
295 -1.02048 0.255227 -0.116404 -0.0251287 0.306664 0.262845 -0.327055 0.914122 0.229264 -0.628374 -0.476838 0.00359023 -0.0993895 -0.377274 -0.196164 -0.313828 0.26208 -0.0518867 0.197058 0.246852 0.804277 -0.847055 0.0764517 0.311023 -0.281749 0.156208 0.544039 -0.284019 0.50731 -0.591262 -0.282914 -0.324718
163 -0.600728 0.181875 0.0950272 0.150133 0.781528 0.349047 0.401287 0.578689 -0.1615 -0.718202 -0.264226 0.390044 -0.167542 -0.482541 -0.250019 -0.234733 0.978557 -0.297768 -0.241334 0.109115 0.0116721 -0.0933894 0.742994 -0.084165 0.15281 0.709906 0.121872 -0.968348 0.172487 -0.487281 -0.186497 0.170588
247 -0.296359 0.838373 0.0537558 0.0712014 0.150945 0.730162 -0.10784 0.716011 0.0220841 0.192755 -0.285038 0.0861879 -0.419666 -0.280843 -0.499301 0.0588403 0.678436 -0.115024 0.0243639 -0.096577 0.411633 -0.454847 0.508283 0.370498 0.11087 0.865518 -0.420964 -0.905494 0.939593 -0.481536 -0.433457 0.28537
246 -0.374517 0.981346 0.0445378 0.0858847 0.181009 0.75356 -0.0817672 0.777665 0.0720575 0.234575 -0.350873 0.106139 -0.434473 -0.309431 -0.526041 0.102947 0.641355 -0.120127 0.0390996 -0.0621817 0.450538 -0.48927 0.484345 0.453478 0.152074 0.912953 -0.425813 -0.918859 0.99938 -0.51948 -0.532847 0.29376
245 -0.613467 1.18962 0.06177 -0.0176243 0.188102 0.56304 0.150835 0.737058 0.299342 0.22096 -0.412001 0.0249395 -0.547792 -0.478948 -0.425429 0.241453 0.430313 0.0634038 0.142748 0.171628 0.466543 -0.550261 0.243009 0.647757 0.312251 0.655773 -0.0363641 -0.747904 0.848879 -0.35355 -0.771464 0.0854742
248 -0.277324 0.933155 0.0657139 0.126566 0.200578 0.837802 -0.186189 0.774147 -0.0189177 0.167743 -0.35633 0.153171 -0.448628 -0.234338 -0.556551 0.0454119 0.734938 -0.225278 0.0426737 -0.180824 0.491799 -0.521121 0.570346 0.371226 0.0423906 1.03549 -0.555663 -0.935918 1.05185 -0.610536 -0.434077 0.323534
1 -0.632204 0.522182 -0.0672293 0.0123435 -0.0410116 -0.0480404 -0.292291 1.56045 -0.204294 -0.0249994 -0.761661 -0.121223 -0.126817 -0.11445 -0.343008 0.0540328 0.725491 0.156644 0.230395 0.577811 1.46747 -0.889559 -0.131206 0.201379 -0.477396 0.254325 0.213004 -0.464715 0.747604 -0.371736 -0.400452 -0.0658852
0 -0.782396 0.620015 -0.124346 0.0351028 -0.0352541 -0.02927 -0.329342 1.69231 -0.167248 -0.0972598 -0.868009 -0.124251 -0.103306 -0.147357 -0.370558 0.0971627 0.758437 0.169021 0.2395 0.623281 1.59847 -0.958445 -0.1951 0.193122 -0.516451 0.263787 0.28134 -0.493768 0.800419 -0.467368 -0.41052 -0.13239
200 0.151107 0.381282 -0.49271 -0.0118218 0.306486 0.619225 -0.0522785 0.47101 -0.184978 -0.587045 0.00371192 -0.0566291 -0.0866002 -1.07531 -0.038907 -0.0660786 0.812199 -0.0455723 0.274724 0.222354 0.906844 -0.846193 0.155049 0.490628 0.987978 0.208537 -0.368332 -1.27779 0.277772 -0.0639429 -0.026931 0.415551
154 0.0821891 -0.110921 -0.598964 -0.194332 -0.164299 -0.178427 0.590464 -0.049909 0.1082 -0.307321 -0.0232729 0.0398097 -0.259433 -0.483959 -0.277497 -0.25535 0.622621 0.0815824 0.273118 0.307618 0.349746 -0.126366 0.359928 0.594632 0.201482 0.0017041 0.543886 -2.01741 0.891408 -0.132558 -0.273155 0.173809
63 -0.224408 0.433355 -0.742245 0.308589 0.0782671 0.67697 -0.494894 1.237 0.0741316 0.0199284 -0.133039 -0.469744 -0.436846 -0.00339513 -1.00594 -0.845885 0.393137 0.628317 -0.283745 0.237514 -0.256712 -0.551115 0.962285 0.546035 0.0472765 0.111172 0.463958 -0.745415 0.428973 -0.209973 -0.613556 0.312526
64 -0.194246 0.506718 -0.696559 0.295025 0.0926611 0.60542 -0.467082 1.20113 0.0826987 0.0130752 -0.148583 -0.422624 -0.381496 -0.0325225 -1.00508 -0.796394 0.376147 0.667696 -0.244163 0.194614 -0.207722 -0.581389 1.0131 0.586815 0.0713039 0.0900102 0.494518 -0.722629 0.423161 -0.181959 -0.575329 0.273864
65 -0.240435 0.575082 -0.816192 0.31352 0.13521 0.651759 -0.567709 1.37173 0.0827697 -0.0173237 -0.171997 -0.441152 -0.449326 0.00805328 -1.12126 -0.896655 0.452091 0.747805 -0.259687 0.241945 -0.197848 -0.66627 1.1529 0.70712 0.12101 0.0804541 0.590623 -0.797791 0.45068 -0.209773 -0.661872 0.318788
139 -0.84665 0.438065 0.364846 0.342233 0.448933 0.142214 -1.22501 0.434935 0.0880478 -0.258485 -0.0061057 -0.159638 -0.205026 -0.680394 -0.198847 -0.280879 0.699941 0.10236 -0.0184108 0.277784 0.684795 0.0245903 0.363787 0.251718 0.936172 -0.0631847 0.176416 -0.821392 0.325253 0.0299 -0.225274 -0.207734
138 -1.00306 0.613084 0.497762 0.352351 0.587567 0.199123 -1.33997 0.652972 0.121225 -0.232667 -0.05353 -0.183495 -0.162134 -0.727752 -0.333367 -0.332679 0.801734 0.166666 0.032555 0.152812 0.703684 -0.061562 0.436914 0.172394 0.979813 -0.0904844 0.0567664 -0.659133 0.312944 -0.0506781 -0.198239 -0.163571
95 -0.786355 0.282398 0.637831 -0.111915 -0.384295 0.0355172 -0.213427 0.0469154 0.468292 0.765071 -0.410247 -0.21807 -0.00199735 -0.481295 -0.530869 -0.664018 0.439744 0.613521 -0.455438 0.305756 0.41424 -0.690772 0.462374 0.716821 0.542211 0.322268 0.28641 -1.21405 0.38065 -0.838726 0.132821 -0.503265
275 -1.13015 1.03634 -0.418224 -0.252009 0.675449 0.0274551 -0.0742254 0.677111 -0.157562 -0.303966 -0.987371 -0.106764 -0.0971991 -0.138029 -0.648673 -0.0182621 0.789935 0.346835 0.427536 -0.0439729 0.00963788 -0.228906 0.252306 0.744947 -0.230833 0.556759 -0.0766044 -1.57467 0.0236521 0.186199 -0.222437 -0.12121
274 -0.998457 0.913839 -0.34606 -0.255948 0.597737 -0.0053316 -0.109024 0.506002 -0.128487 -0.238418 -0.843523 -0.114721 -0.0855181 -0.150936 -0.536159 -0.0021025 0.652474 0.310279 0.398767 -0.11979 -0.027483 -0.161129 0.217447 0.584971 -0.252316 0.484992 -0.0828093 -1.3158 0.0222018 0.132749 -0.120208 -0.0727814
273 -1.06223 0.985205 -0.373469 -0.310083 0.719076 -0.0984431 -0.157449 0.511724 -0.120907 -0.221285 -0.957227 -0.152742 -0.102724 -0.229398 -0.585862 0.0293662 0.763119 0.389116 0.466455 -0.156676 0.0155222 -0.1779 0.203046 0.642532 -0.352961 0.535217 -0.113621 -1.49023 0.0592125 0.0949757 -0.160842 -0.0953987
265 -0.423969 0.433545 0.329244 -0.0551924 1.42457 -0.0958916 -0.749853 0.298898 -0.00682012 0.00854802 -0.766219 0.187061 -0.247943 -0.305717 -0.674495 -0.0907802 0.439415 0.0917585 0.330984 -0.366194 0.549316 -0.60583 0.567297 0.110815 -0.431481 0.067921 0.529521 -1.101 0.292161 -0.349139 -0.252731 -0.386167
253 -0.0570314 0.577882 0.110556 0.210062 0.449186 0.447955 -0.472578 0.475299 -0.154431 -0.151682 -0.375591 0.273037 -0.446351 -0.0202142 -0.646108 -0.255756 0.475789 -0.221017 0.276213 -0.159713 0.683473 -0.701994 0.612877 0.356487 0.0119208 0.637487 -0.28301 -0.98968 0.720247 -0.602365 -0.15488 0.0987064
66 -0.309706 0.610185 -0.596491 0.250698 0.179257 0.536788 -0.484598 1.23209 0.0706546 -0.111722 -0.291657 -0.281518 -0.301507 -0.0597701 -0.954156 -0.678817 0.416219 0.632474 -0.125857 0.184326 -0.0912907 -0.600125 1.00939 0.708909 0.185859 0.00791001 0.512878 -0.680215 0.335664 -0.180342 -0.504926 0.198633
277 -0.983539 0.80369 -0.33451 -0.0581758 0.488791 0.180232 0.090986 0.758985 -0.153035 -0.388468 -0.789846 -0.0940923 -0.102603 0.157221 -0.48063 -0.0796847 0.659857 0.262745 0.21488 0.115734 -0.00354587 -0.302577 0.311931 0.556058 0.00110879 0.403946 0.143556 -1.21916 0.0171212 0.395799 -0.369794 -0.144895
276 -1.15452 0.934744 -0.351155 -0.138788 0.54817 0.17199 0.0422587 0.777045 -0.150861 -0.387779 -0.896081 -0.108979 -0.101768 0.0873919 -0.563248 -0.0973006 0.762632 0.361481 0.312084 0.0930724 -0.00264707 -0.335258 0.293672 0.612418 -0.067039 0.453702 0.10215 -1.43173 0.0133129 0.411864 -0.373934 -0.147189
278 -1.08198 0.824984 -0.335346 -0.0376973 0.485378 0.199651 0.142788 0.846789 -0.128756 -0.439642 -0.830124 -0.148036 -0.131017 0.129126 -0.509936 -0.174159 0.770014 0.332795 0.227936 0.211992 0.0822606 -0.399173 0.366155 0.574474 0.0412324 0.420055 0.215011 -1.3325 0.0996872 0.46016 -0.443096 -0.107679
94 -0.656064 0.219284 0.542089 -0.0545637 -0.350098 -0.00434976 -0.201474 0.0523293 0.431131 0.647612 -0.331124 -0.222365 -0.0263301 -0.395932 -0.514561 -0.580657 0.382448 0.554783 -0.406035 0.285267 0.340124 -0.582206 0.385143 0.630961 0.475453 0.281425 0.251555 -1.05499 0.327438 -0.702929 0.0612598 -0.414036
113 -0.68886 0.457804 0.229214 0.314273 0.326641 0.785908 -0.612764 1.43856 0.771021 -0.699677 -0.701572 -0.553541 -0.178541 -0.312717 0.00146252 -0.0973641 0.695393 -0.309427 0.247512 0.0535776 0.219565 -0.895592 0.426273 0.26554 0.738424 -0.0118443 0.28895 -0.985632 0.644118 0.468281 0.541911 -0.085557
174 -0.248773 -0.295963 0.38269 0.0373012 0.690547 0.124285 0.135743 0.462508 0.503418 -0.323895 -0.723265 0.357694 0.6418 -0.756312 -0.798261 -0.663711 0.635022 0.136896 0.303719 0.355785 0.58092 -0.667021 0.188532 -0.389284 -0.103753 0.209471 0.317362 -1.00407 0.448658 0.0210218 -0.196778 0.204571
67 -0.327094 0.537417 -0.398827 0.182689 0.232022 0.457182 -0.443049 1.10299 0.0786825 -0.146977 -0.344731 -0.20778 -0.23246 -0.0620451 -0.743037 -0.544766 0.385049 0.462858 -0.0608145 0.174583 0.0699418 -0.472132 0.788774 0.637541 0.172975 0.000774174 0.348393 -0.566142 0.235815 -0.168582 -0.340414 0.12679
68 -0.347978 0.615013 -0.431584 0.222257 0.22258 0.503721 -0.517779 1.26233 0.09671 -0.237029 -0.437032 -0.193705 -0.280995 -0.0945581 -0.851319 -0.611653 0.432629 0.505507 -0.0152669 0.201923 0.0645136 -0.557544 0.919476 0.754393 0.222555 -0.034323 0.385647 -0.613738 0.255207 -0.222208 -0.369391 0.141307
175 -0.303736 0.00535314 0.174527 0.0144849 0.424346 0.167391 -0.0518255 0.529482 0.32561 -0.278365 -0.563792 0.0841403 0.324038 -0.458781 -0.631441 -0.408595 0.509455 0.172963 0.242889 0.261164 0.537461 -0.512599 0.236381 0.0175431 0.0751393 0.163384 0.268034 -0.912689 0.459992 -0.0642839 -0.0983407 0.144605
250 -0.188744 0.74544 0.109548 0.150131 0.291809 0.657222 -0.352846 0.567516 -0.144919 -0.0622682 -0.397407 0.206679 -0.400681 -0.0668982 -0.57888 -0.127324 0.629572 -0.248696 0.107359 -0.232219 0.521856 -0.496243 0.606334 0.283891 -0.026257 0.865778 -0.483274 -0.856229 0.823243 -0.589214 -0.221054 0.227393
2 -0.611131 0.5579 -0.046728 0.00358856 -0.116389 -0.0451379 -0.325292 1.69624 -0.284595 0.029427 -0.772094 -0.113858 -0.143334 -0.0889102 -0.432878 0.0681431 0.854149 0.179879 0.29848 0.612851 1.63313 -1.04009 -0.142375 0.215855 -0.470259 0.276077 0.191673 -0.479005 0.854316 -0.297332 -0.420446 -0.0725965
