300 16
257 0.313213 -0.296378 -0.986611 -0.0407695 -0.427777 -0.425571 1.29582 -0.634918 1.50988 -0.549362 -1.13883 -1.37947 0.406242 -0.743898 1.18841 -1.22428
256 0.43826 -0.277212 -0.843117 -0.135004 -0.309965 -0.438884 1.22687 -0.641416 1.44024 -0.364858 -1.05952 -1.12157 0.317507 -0.648764 1.02965 -1.07333
255 0.481765 -0.202829 -0.866113 -0.237268 -0.320246 -0.419153 1.28118 -0.701045 1.56813 -0.37339 -1.12943 -1.27124 0.327116 -0.769426 1.27122 -1.19242
258 0.110495 -0.294867 -1.05327 0.210265 -0.510543 -0.425979 1.15358 -0.57905 1.35085 -0.679244 -0.962362 -1.47644 0.394757 -0.586015 0.897921 -1.19755
14 0.915221 -0.259261 0.453184 0.128019 0.283712 -0.751098 0.0937765 1.23254 0.112792 -0.377192 -0.503917 -0.926134 0.410284 -0.786003 2.53192 -1.14208
12 0.928967 -0.313341 0.464177 -0.0118469 0.402419 -0.761548 0.107429 1.0651 0.0604416 -0.416092 -0.536458 -1.15338 0.3615 -0.756398 2.46947 -1.17928
13 0.911402 -0.305482 0.468614 -0.0276503 0.397065 -0.676923 0.111095 0.998855 0.0854045 -0.443009 -0.511431 -1.10898 0.343427 -0.723137 2.45104 -1.07931
15 0.644781 -0.0911418 0.40205 0.210793 0.154341 -0.682298 -0.00431975 1.60897 0.178092 -0.0822912 -0.408823 -0.35011 0.274599 -0.846393 2.35973 -1.08832
21 -0.172675 -0.29968 -0.229996 0.253593 0.0835502 -0.0743153 -0.231847 1.35837 0.782917 0.481107 -0.384398 0.838601 0.00802284 -1.07909 2.25382 -0.589766
22 -0.321062 -0.352386 -0.256 0.248675 0.0751718 -0.0135487 -0.1443 0.989395 0.670629 0.450984 -0.343279 0.846755 -0.0839174 -0.918618 1.95821 -0.491657
23 -0.481049 -0.418719 -0.344331 0.208018 0.154184 0.0352116 -0.066229 0.998533 0.881888 0.48814 -0.338061 0.877083 -0.0712644 -1.00238 2.26476 -0.416528
20 0.0291878 -0.0616907 -0.0684465 0.449512 -0.117449 -0.305391 -0.237004 1.64823 0.51672 0.373287 -0.584695 0.5849 0.179437 -1.20284 2.34972 -0.885144
18 0.202431 0.01212 0.0250154 0.436756 -0.212728 -0.307977 -0.256742 1.62705 0.464046 0.331588 -0.632301 0.45206 0.259994 -1.11235 2.24151 -0.928417
19 0.00318854 -0.0692102 -0.0805174 0.413151 -0.204197 -0.187406 -0.228668 1.32608 0.485344 0.329328 -0.554207 0.54511 0.162478 -1.08936 2.01178 -0.782944
48 -0.346631 -0.186771 -0.205744 0.361227 -0.849206 0.0283141 -0.446335 0.197573 0.456678 -0.141277 -1.85101 -0.446283 -0.355973 -0.296601 1.57925 -0.963287
47 -0.342956 -0.0802998 -0.0438566 0.387834 -1.05492 -0.0129148 -0.33807 0.272186 0.630297 0.00384966 -1.73959 -0.584169 -0.406697 -0.358956 1.55256 -0.924448
46 -0.308498 -0.0405864 0.0213987 0.330921 -1.09312 -0.0341487 -0.270751 0.283052 0.679983 0.0379278 -1.64285 -0.618809 -0.447426 -0.34152 1.56123 -0.800762
45 -0.310555 -0.0533121 0.0963356 0.379502 -1.17291 -0.0108991 -0.0329415 0.274578 0.781279 0.144181 -1.60004 -0.731356 -0.476981 -0.442665 1.64552 -0.816035
44 -0.294734 0.0510763 0.407008 0.298834 -1.40779 -0.0773301 0.0164995 0.416436 0.902292 0.217148 -1.65936 -0.975549 -0.621209 -0.413838 1.59074 -0.740382
42 -0.306101 0.103756 0.434728 0.335962 -1.14968 -0.0292712 0.25034 0.340523 0.862196 0.254837 -1.37189 -0.975118 -0.60124 -0.574713 1.51474 -0.66948
84 -0.143953 -0.629745 -0.93985 0.478944 -1.955 0.127958 0.864736 0.0992533 0.585234 0.503516 -0.333794 -0.686369 0.48557 -1.76492 1.14598 -0.328879
86 -0.222831 -0.496175 -0.926738 0.724268 -2.11217 0.0486883 0.648915 -0.0113736 0.411666 0.222231 -0.353966 -0.87011 0.294741 -1.57649 1.00338 0.0501663
87 -0.25258 -0.29367 -0.760498 0.863433 -1.97156 -0.00160849 0.561155 -0.0729032 0.270003 -0.0739135 -0.33441 -1.06517 0.107212 -1.37596 1.11458 0.178263
89 -0.264455 -0.234128 -0.735121 0.905602 -1.92795 -0.00879136 0.479663 -0.10827 0.190751 -0.141645 -0.267089 -1.1305 -0.0272317 -1.30564 1.10257 0.158138
203 -0.81078 0.477759 -0.490639 0.664614 -0.456074 -0.0300209 0.715246 0.185333 -0.0403239 -0.389608 0.0780326 -0.541015 0.764446 -0.715829 2.01994 -1.21744
204 -1.04521 0.596005 -0.370572 0.826104 -0.430753 -0.0469893 0.687172 0.137524 -0.0454445 -0.314484 0.205557 -0.586968 1.1191 -0.657773 2.14976 -1.4783
206 -1.03394 0.671119 -0.431758 0.866588 -0.444879 -0.0945898 0.543218 0.295267 -0.0971091 -0.398628 0.399881 -0.458332 1.09719 -0.495184 2.01046 -1.58466
207 -0.537089 0.373534 -0.531175 1.07769 -0.739677 -0.223677 0.208718 0.344524 0.382817 -0.250898 0.697141 -3.45745e-05 0.637895 -0.47721 1.81768 -1.88726
209 -0.308612 0.253958 -0.667561 1.17438 -0.78182 -0.272211 0.0739811 0.358924 0.555918 -0.177318 0.723011 0.099714 0.460647 -0.506988 1.8045 -1.96672
208 -0.418766 0.272586 -0.624722 1.00806 -0.763794 -0.224517 0.0719577 0.383214 0.42082 -0.20068 0.673806 0.0749214 0.484431 -0.480206 1.75242 -1.77537
223 0.153961 -0.551823 0.167523 0.439519 -0.738365 -0.644352 1.22415 -1.09158 0.602391 0.630662 -0.551729 0.147555 -0.659152 -0.993194 1.34116 -1.06762
222 0.186465 -0.598947 0.13861 0.648517 -0.765293 -0.77273 1.40691 -1.1824 0.656938 0.635051 -0.643403 0.114387 -0.705722 -1.21913 1.5484 -1.24027
221 0.387586 -0.563359 0.0104903 0.997317 -0.312797 -1.05138 1.39423 -1.02276 0.660988 0.55239 -0.535987 0.215138 -0.632242 -1.17581 1.43122 -1.28335
219 0.522658 -0.437618 -0.142447 1.28549 -0.0444885 -1.14802 1.14512 -0.775685 0.669985 0.447127 -0.395553 0.255906 -0.342197 -1.22281 1.56307 -1.21363
224 0.0680453 -0.698363 0.0608404 0.503921 -0.94226 -0.592782 1.28031 -1.19635 0.71525 0.680466 -0.632449 0.0520092 -0.768474 -1.1396 1.5617 -1.09459
225 -0.123098 -0.666738 -0.101028 0.380503 -1.01715 -0.534406 0.969042 -1.32194 0.715773 0.701552 -0.438277 -0.054388 -0.708052 -0.840975 1.48157 -0.762895
254 0.752999 -0.0457238 -0.995273 -0.344659 -0.226668 -0.17576 1.38864 -0.625315 1.4772 0.000786692 -1.21986 -0.861914 0.104507 -0.597894 1.33462 -1.16153
253 0.753474 0.118823 -0.880251 -0.220304 -0.197226 -0.00808303 1.09691 -0.535907 1.11756 0.10562 -0.983813 -0.545082 0.00926326 -0.640021 1.26487 -0.968432
252 1.08278 0.226587 -1.1045 -0.32107 -0.138162 0.0480763 1.32514 -0.549234 1.28187 0.219654 -1.32389 -0.441312 -0.136818 -0.731106 1.58022 -1.1598
186 -0.38222 -0.16747 -0.551131 0.930179 0.259219 0.487127 1.47115 -1.07359 -0.883378 0.492273 -0.565653 -0.670798 -0.162518 -0.550183 1.65042 -0.704893
187 -0.325623 -0.21023 -0.510317 0.689226 0.260209 0.346393 1.37415 -0.94695 -0.871497 0.409408 -0.449789 -0.607388 -0.289055 -0.423688 1.64439 -0.588023
188 -0.345397 -0.195938 -0.468132 0.705295 0.429104 0.346211 1.45655 -1.00426 -0.972515 0.488728 -0.540979 -0.616019 -0.284538 -0.513397 1.98848 -0.625439
185 -0.204527 0.0282999 -0.56127 1.28949 0.175314 0.555103 1.26384 -1.1937 -0.568771 0.586577 -0.642571 -0.694076 0.143133 -0.775675 1.15509 -0.935258
66 0.022176 0.517516 -0.733751 -0.214193 -0.211148 -0.833018 -0.717592 -0.544341 0.475557 -0.200002 0.100734 -0.36359 -0.26299 -2.08847 1.78163 -0.904808
65 0.312689 0.678229 -0.267846 -0.373705 -0.201069 -0.779096 -0.622972 -0.619786 0.357205 0.0665718 0.193824 -0.742506 -0.410805 -1.88415 1.71202 -0.843777
67 -0.0679267 0.356039 -0.723505 -0.194368 -0.144521 -0.777763 -0.690884 -0.474875 0.470425 -0.301931 0.115694 -0.202399 -0.260725 -1.88693 1.52009 -0.770089
285 0.782333 -0.865254 -0.856424 0.0809577 0.064446 1.11682 -0.0860753 -0.646327 0.258948 0.0124688 -0.20497 -1.31079 0.766927 -1.51293 1.24932 -0.734739
287 0.927627 -0.729082 -1.02198 0.152075 -0.132229 1.07532 -0.0226641 -0.69109 0.0976635 -0.0633042 -0.204254 -1.13734 0.796794 -1.25523 1.44765 -0.878331
286 0.771982 -0.691593 -0.806396 0.123275 0.0501166 0.930357 -0.0323564 -0.594309 0.169696 -0.0151067 -0.187542 -1.09747 0.66705 -1.15525 1.12343 -0.689382
284 0.570069 -1.0716 -0.6678 0.160779 0.209081 1.22373 -0.101809 -0.617709 0.39809 0.0189723 -0.234848 -1.47879 0.70635 -1.8823 1.14389 -0.597617
283 0.354281 -1.05321 -0.534616 0.151707 0.176131 1.125 -0.0107895 -0.427687 0.404238 0.0529619 -0.231617 -1.33244 0.567036 -1.82092 1.07521 -0.481033
43 -0.280091 0.0773654 0.426777 0.24496 -1.24439 -0.054545 0.128706 0.325359 0.84611 0.22357 -1.3958 -0.957335 -0.602307 -0.508462 1.44902 -0.6886
132 0.714797 -0.567789 -0.871311 1.04476 -0.839963 0.900185 0.913579 0.780801 0.301543 0.598504 -0.00749216 -0.402666 -0.735755 -0.779058 1.8793 -0.260761
133 0.674465 -0.552648 -0.743926 0.915627 -0.807351 0.765283 0.878783 0.669773 0.368298 0.482228 0.0496216 -0.429678 -0.636079 -0.693447 1.79612 -0.0703287
134 0.867655 -0.495035 -0.771664 1.03279 -0.738131 0.652084 0.84116 0.544619 0.501389 0.362369 -0.111081 -0.412346 -0.508034 -0.622774 2.02473 0.0455352
131 0.40301 -0.57627 -0.759739 0.91954 -0.855088 1.05353 0.785109 0.743571 -0.0552497 0.789878 0.122701 -0.300542 -0.957425 -0.950863 1.73836 -0.621511
129 0.174943 -0.461201 -0.824737 0.912191 -0.740992 1.07843 0.793657 0.752014 -0.212499 0.870839 0.0416902 -0.286513 -1.07013 -1.01185 1.60782 -0.924121
251 1.24251 0.211174 -1.17784 -0.174557 -0.111466 0.3175 1.29838 -0.399717 1.08714 0.333786 -1.46317 -0.173081 -0.330525 -0.698917 1.74643 -1.12697
178 -0.633424 0.259005 -0.730164 1.10154 -0.0576101 -0.105097 1.02704 -0.672121 0.714843 0.319556 -0.819764 -0.204506 1.06929 -1.05197 1.27564 -0.414106
179 -0.540616 0.315047 -0.765325 1.29294 -0.0109519 -0.022639 1.11583 -0.850556 0.483107 0.413513 -0.865068 -0.244317 1.05337 -1.09499 1.16598 -0.58379
180 -0.308196 0.321986 -0.659528 1.5207 -0.040791 0.224687 1.10148 -1.16716 0.119518 0.553164 -0.967661 -0.538024 0.889248 -1.15743 1.00748 -0.844784
182 -0.199463 0.362393 -0.643402 1.54697 -0.020764 0.371702 1.21605 -1.23553 -0.182853 0.614423 -0.917897 -0.693354 0.702807 -1.18736 1.06356 -0.996122
183 -0.197215 0.205911 -0.539201 1.40972 -0.0232278 0.48197 1.16541 -1.09088 -0.34206 0.55978 -0.787464 -0.690261 0.402403 -0.9174 1.06242 -0.955729
156 -0.255961 0.355874 -0.894227 0.499222 0.539124 0.797238 -0.0842767 0.639351 -0.770552 -0.225592 -1.17481 -0.547289 0.547015 -1.74754 1.89488 -0.203481
155 -0.0363674 0.101047 -0.767268 0.40901 0.560231 0.689449 0.0211143 0.521524 -0.761102 -0.272873 -1.33284 -0.327726 0.662467 -1.88284 1.90486 -0.258759
158 -0.597267 0.488036 -0.897198 0.434412 0.395627 0.802633 -0.194819 0.627141 -0.788651 -0.149025 -1.09714 -0.636452 0.453549 -1.61427 1.9123 -0.163257
159 -1.05578 0.554146 -0.772186 0.474098 0.161131 0.752374 -0.409663 0.446995 -0.820782 -0.034345 -1.05379 -0.736157 0.277521 -1.44604 1.79485 -0.308082
153 0.158692 -0.112695 -0.768447 0.477087 0.54573 0.600246 0.110846 0.380896 -0.717354 -0.194394 -1.42302 -0.188618 0.713133 -1.74595 1.76938 -0.3891
189 -0.515227 -0.240196 -0.578272 0.380945 0.260321 0.122144 1.51587 -0.77369 -0.888705 0.176988 -0.511623 -0.4452 -0.343248 -0.531786 2.45324 -0.428616
191 -0.582212 -0.20249 -0.711467 0.268441 0.215743 -0.0497492 1.60748 -0.684016 -0.947194 -0.00500356 -0.456258 -0.286363 -0.448289 -0.580091 2.69281 -0.263584
192 -0.54951 -0.0775381 -0.861201 0.214228 -0.0153042 -0.165885 1.55617 -0.518365 -0.868482 -0.312499 -0.247437 -0.204876 -0.494576 -0.668942 2.64922 -0.107667
190 -0.524536 -0.231407 -0.580716 0.251801 0.297921 -0.00385823 1.50176 -0.682577 -0.879874 0.170157 -0.444672 -0.325601 -0.282934 -0.425323 2.31744 -0.326485
275 -0.362103 -0.890981 0.183094 1.66752 0.544958 -0.429639 0.023235 -0.117163 0.0324308 -0.00892104 -0.432212 -1.24041 -0.113954 -1.26497 1.36002 -0.234831
276 -0.204798 -0.985955 0.303496 1.46534 0.527044 -0.326881 -0.0317994 -0.235029 0.12898 0.13067 -0.244054 -1.27834 -0.0853169 -1.55805 1.2542 -0.211615
273 -0.513743 -0.872908 -0.201126 1.74037 0.467487 -0.389108 0.126662 0.109846 0.0644498 -0.258803 -0.55606 -1.25282 -0.105162 -1.02768 1.29062 -0.30335
278 -0.139553 -0.971345 0.243821 1.28567 0.506648 -0.190593 -0.021818 -0.348154 0.183847 0.198554 -0.201118 -1.23065 -0.0103484 -1.76361 1.21341 -0.240276
277 -0.091425 -0.866108 0.280795 1.21469 0.456717 -0.223049 0.0432614 -0.318222 0.145296 0.161772 -0.194686 -1.13137 -0.00520379 -1.51479 1.14581 -0.246962
7 0.0932131 0.175693 -0.0297563 -0.103632 -0.270072 -0.264881 0.0509875 0.224576 0.502216 0.0666765 -0.791633 -0.443063 0.0179504 -0.602054 1.67866 -0.574271
6 0.013244 0.690071 0.0151332 -0.446545 -0.423698 -0.357732 -0.142276 0.149944 0.884836 0.355352 -0.968278 -0.264374 -0.0592211 -0.734991 1.70891 -0.269272
5 -0.459558 0.905086 -0.2352 -0.344869 -0.814268 -0.171079 -0.0876593 -0.148235 1.15431 0.701333 -1.19888 -0.123037 -0.218699 -1.1721 1.91907 -0.233042
8 0.378957 0.257217 0.114993 -0.343202 -0.193919 -0.526398 -0.0595509 0.473439 0.590817 -0.0702113 -0.900725 -0.523411 0.115193 -0.495867 1.8914 -0.584538
210 0.0770872 0.034365 -0.606334 1.18407 -0.770072 -0.451301 0.144917 0.273121 0.733766 0.0340236 0.539532 0.233917 0.186601 -0.665028 1.7348 -1.84479
212 0.302595 -0.00633375 -0.486519 1.30608 -0.564229 -0.730374 0.29743 0.0850992 0.768839 0.228432 0.395698 0.274213 0.209739 -0.740906 1.64733 -1.76106
184 -0.136634 0.0886773 -0.540105 1.28481 0.0352259 0.450534 1.09495 -1.01665 -0.390026 0.459686 -0.710453 -0.662332 0.259666 -0.831419 1.03468 -0.910355
181 -0.21127 0.320007 -0.594885 1.53148 -0.0426208 0.240946 1.00736 -1.12896 -0.0674793 0.571842 -0.938573 -0.624023 0.751073 -1.20484 0.915847 -0.927171
237 -0.652893 -0.490307 0.00402677 0.254908 -0.015342 0.841776 0.76989 -0.236715 0.65874 0.0654148 -1.04164 -0.695137 -0.106352 -0.385081 1.43351 -0.707092
239 -0.614689 -0.768454 0.452272 0.633665 0.0276334 0.913155 1.08049 -0.139594 0.698021 0.0863017 -1.33868 -0.492204 -0.205446 -0.595266 1.35245 -0.701254
238 -0.557011 -0.503444 0.0363103 0.412828 -0.0388537 0.633076 0.780085 -0.175193 0.568578 0.119664 -1.01695 -0.610003 -0.097873 -0.573153 1.42638 -0.693853
240 -0.605882 -0.870148 0.397094 0.832284 -0.102466 0.859002 1.1807 -0.150079 0.721157 0.0851822 -1.41766 -0.487328 -0.167786 -0.802564 1.59028 -0.832333
242 -0.62613 -0.992329 0.53162 0.791806 0.0233028 1.0405 1.26654 -0.138865 0.82139 0.0450742 -1.71284 -0.377163 -0.244896 -0.757503 1.53123 -0.78414
241 -0.615793 -0.94505 0.525542 0.770868 -0.0099838 0.985037 1.17552 -0.118994 0.728387 0.0733727 -1.48653 -0.468623 -0.180472 -0.689634 1.4436 -0.727817
16 0.573648 -0.00489157 0.374595 0.176329 0.0521169 -0.579468 -0.0508522 1.50489 0.16955 -0.0689506 -0.392079 -0.266608 0.227927 -0.848726 2.17386 -1.04302
17 0.468558 -0.0366289 0.231152 0.33472 -0.0176848 -0.542563 -0.083758 1.56306 0.262892 0.0987038 -0.48951 -0.126647 0.298963 -1.01855 2.30295 -1.11729
113 -0.563855 -0.543745 -0.390033 -1.00608 0.166892 -0.389675 0.619731 0.30812 -1.05293 -0.183352 -0.463353 -0.829248 -0.626978 -2.02774 1.4649 -1.41056
112 -0.36005 -0.489683 -0.344567 -0.816418 0.104476 -0.370948 0.409063 0.156338 -0.784167 -0.0137428 -0.43843 -0.886412 -0.479841 -1.72995 1.3144 -1.10624
114 -0.738628 -0.13598 -0.202956 -0.959135 0.0940822 0.0422412 0.624625 0.212822 -0.737797 -0.344125 -0.459792 -0.234329 -0.472442 -2.04624 1.54396 -1.42895
111 -0.43829 -0.614322 -0.488572 -0.836436 0.0927576 -0.460321 0.574678 0.208259 -0.850465 -0.0624964 -0.560794 -1.02741 -0.615266 -1.89613 1.44681 -1.26526
81 -0.187345 -0.900947 -0.804065 0.0740663 -1.8676 0.262083 1.04091 0.0903647 0.8218 1.09343 -0.125508 -0.488768 0.591425 -1.58234 1.12805 -0.848867
83 -0.196379 -0.831839 -0.927524 0.325829 -1.93841 0.208426 0.955429 0.114457 0.726479 0.871172 -0.348043 -0.532285 0.590177 -1.72683 1.13433 -0.634003
80 -0.210974 -0.93103 -0.558004 -0.18172 -1.59527 0.225161 0.936179 0.122533 0.809455 1.10222 0.106999 -0.573888 0.436484 -1.34382 1.30992 -1.22423
78 -0.367157 -0.914607 -0.417505 -0.243426 -1.53145 0.216425 1.00258 0.0623151 0.80876 0.972788 0.296524 -0.644072 0.31391 -1.08468 1.43811 -1.44027
77 -0.471586 -0.825068 -0.136358 -0.521609 -1.44094 -0.0539283 0.94304 0.125063 0.736461 0.58708 0.359826 -0.630205 0.225261 -0.939473 1.43586 -1.4172
82 -0.176239 -0.844615 -0.77385 0.185828 -1.71082 0.2219 0.945439 0.146577 0.762513 0.96248 -0.19384 -0.381535 0.54571 -1.54986 1.07362 -0.762494
152 0.00632587 -0.395989 -0.49975 0.625094 0.548709 0.322139 0.0563829 0.0152011 -0.736332 -0.100429 -1.68956 0.225266 0.693489 -1.38967 1.56715 -0.521357
151 -0.111082 -0.520013 -0.425962 0.633274 0.381051 0.188419 0.233174 -0.145108 -0.494345 -0.0717158 -1.52234 0.307614 0.495264 -1.08767 1.32137 -0.644717
150 -0.130313 -0.682452 -0.386687 0.699248 0.407213 0.0874517 0.249715 -0.214354 -0.510789 -0.0143353 -1.70708 0.372158 0.599516 -1.21418 1.65582 -0.82245
149 -0.202175 -0.860512 -0.27244 0.811073 0.3727 -0.0276937 0.275473 -0.459371 -0.544535 0.0459127 -1.6923 0.66298 0.549992 -0.983041 1.70654 -0.985577
148 -0.206103 -0.749821 -0.183713 0.645968 0.303266 -0.00334013 0.181946 -0.350269 -0.423784 -0.00307446 -1.49041 0.568347 0.458453 -0.736114 1.43996 -0.818703
147 -0.207963 -0.811074 -0.0526271 0.766262 0.262141 -0.0159833 0.118418 -0.475755 -0.441904 0.0937727 -1.50171 0.699789 0.488194 -0.843793 1.78492 -1.06072
262 -0.319221 -0.203973 -1.14067 0.608762 -0.537929 -0.175371 0.80636 -0.285021 0.705039 -0.544348 -0.919392 -1.33759 0.317592 -0.269954 0.818766 -1.01764
261 -0.232976 -0.283219 -1.27318 0.559926 -0.689326 -0.246873 1.06525 -0.466291 1.00198 -0.690492 -1.07217 -1.54649 0.42569 -0.55607 1.00497 -1.31603
260 -0.0374541 -0.334963 -1.12919 0.387258 -0.645641 -0.351833 1.15961 -0.551272 1.21798 -0.645509 -1.01945 -1.55604 0.42655 -0.603665 1.04207 -1.3004
259 0.0139413 -0.3242 -0.964476 0.273938 -0.517999 -0.303589 1.00279 -0.466096 1.05523 -0.613121 -0.886482 -1.31743 0.329953 -0.530108 0.80551 -1.08995
211 0.223729 -0.0211714 -0.454956 1.0283 -0.626409 -0.466365 0.18291 0.220418 0.688633 0.141455 0.394612 0.299477 0.157575 -0.575202 1.4943 -1.5197
214 0.519405 -0.0714277 -0.141802 1.28401 -0.190407 -0.996783 0.529927 -0.0941945 0.737115 0.331646 0.0944769 0.291554 0.355538 -0.92279 1.48054 -1.44583
213 0.515515 -0.0648734 -0.287512 1.41631 -0.430424 -0.9309 0.449202 0.0142828 0.830818 0.28466 0.298169 0.287894 0.348373 -0.894034 1.73556 -1.68622
215 0.548405 -0.0987883 -0.162386 1.4565 -0.204869 -1.15558 0.623426 -0.0831181 0.801598 0.364965 0.047773 0.22338 0.331772 -1.0586 1.74248 -1.52012
216 0.675469 -0.283809 -0.118906 1.45377 0.0783587 -1.38501 0.9215 -0.435678 0.783263 0.356338 -0.176413 0.238563 0.0177441 -1.20332 1.65948 -1.34721
30 -1.3583 -0.296522 0.592804 -0.0343326 0.450847 0.42944 0.685908 0.00161364 1.13771 0.782842 -0.0812243 -0.459062 -0.397232 -1.57303 1.62611 -0.701349
29 -1.20198 -0.406122 0.309215 -0.0919487 0.468121 0.401435 0.757755 0.0383418 1.2027 0.596374 -0.0636009 -0.23607 -0.342594 -1.33567 1.83614 -0.513903
31 -1.17653 -0.184711 0.59792 -0.0161121 0.188181 0.365935 0.567384 -0.0283825 0.863087 0.661118 -0.163489 -0.668603 -0.366426 -1.54865 1.30268 -0.806927
32 -1.35992 -0.162603 0.917456 0.0287058 0.298419 0.504607 0.571899 0.0474481 0.938451 0.888127 -0.0468521 -0.68824 -0.507443 -1.62793 1.44489 -0.868237
128 -0.0923922 -0.405999 -0.988749 0.862582 -0.443384 1.12415 0.854347 0.756148 -0.268341 0.964134 -0.134939 -0.0746956 -0.778538 -1.17999 1.44697 -1.30905
126 -0.209179 -0.32113 -1.01684 0.814319 -0.191146 1.09539 0.91156 0.670281 -0.27649 1.02145 -0.335131 -0.0371334 -0.508945 -1.12666 1.32639 -1.55542
127 -0.120075 -0.376042 -0.868293 0.735994 -0.394198 0.982518 0.664897 0.613505 -0.130428 0.959176 -0.193485 -0.136594 -0.671999 -1.03989 1.35023 -1.30042
9 0.72411 -0.198008 0.167964 -0.121035 0.139654 -0.546817 0.026765 0.658416 0.174158 -0.420257 -0.761582 -0.795563 0.266818 -0.458933 2.35198 -1.0117
10 0.696485 -0.246792 0.133211 -0.149961 0.195628 -0.541515 0.0398175 0.59353 0.122865 -0.464155 -0.701211 -0.864746 0.250258 -0.429586 2.13561 -0.959302
11 0.869938 -0.335054 0.337936 -0.0463216 0.245979 -0.679627 0.0920185 0.786155 0.150748 -0.492365 -0.67801 -0.972227 0.343101 -0.468494 2.33082 -1.08411
135 0.986918 -0.506133 -0.961021 1.20272 -0.740407 0.551748 0.877301 0.5472 0.713408 0.359367 -0.223973 -0.432755 -0.262231 -0.437134 2.1704 0.270111
137 0.879187 -0.452149 -0.759804 1.25157 -0.648455 0.389587 0.702027 0.304192 0.702571 0.367144 -0.264756 -0.255789 -0.155955 -0.265582 2.22644 0.159344
136 0.823959 -0.352494 -0.849651 1.12967 -0.63908 0.313367 0.766252 0.372749 0.724954 0.277335 -0.308072 -0.41814 -0.0739511 -0.305052 2.03426 0.180737
138 0.636542 -0.398298 -0.414533 1.13624 -0.565537 0.274283 0.445926 0.0184352 0.527292 0.378352 -0.423534 -0.0765814 -0.0761733 -0.203799 2.07381 -0.121941
139 0.171548 -0.341777 -0.160726 0.730846 -0.34609 0.125135 0.345221 -0.225381 0.323831 0.260458 -0.486604 -0.0246457 0.0571163 -0.473392 1.84498 -0.558553
140 0.298821 -0.443522 0.126402 0.967473 -0.403256 0.257827 0.172511 -0.348047 0.274225 0.388003 -0.520452 0.262266 -0.0022356 -0.293167 2.20675 -0.678442
59 0.688268 0.382805 0.707002 -0.15638 -0.145327 0.220577 -0.0892021 -1.14107 -0.00495345 -0.0434427 -0.71848 -1.10652 -0.64793 -1.37081 2.18548 -0.578927
60 0.712685 0.481381 0.528633 -0.12749 -0.180888 -0.0413981 -0.0283004 -1.01108 0.0754459 0.181394 -0.275734 -1.22913 -0.648612 -1.62645 2.21002 -0.674402
62 0.738337 0.625729 0.391102 -0.34208 -0.216551 -0.335641 -0.216768 -1.00758 0.175965 0.220256 -0.0621733 -1.15448 -0.696149 -1.67251 2.10332 -0.655651
61 0.62122 0.472122 0.440281 -0.143519 -0.161271 -0.144553 -0.069543 -0.864431 0.169227 0.246934 -0.0604016 -1.11757 -0.587029 -1.5217 1.99846 -0.66156
63 0.395856 0.647985 0.0718423 -0.360682 -0.256089 -0.563901 -0.387001 -0.688752 0.304463 0.145359 0.111643 -0.908427 -0.513544 -1.71642 1.76017 -0.732108
64 0.309217 0.623596 0.00640005 -0.362346 -0.227699 -0.572677 -0.384063 -0.515071 0.326242 0.112479 0.136148 -0.735917 -0.384213 -1.49563 1.46285 -0.694231
39 -0.277375 0.103661 0.916864 0.381817 -0.612241 0.388349 0.257392 0.222511 0.606721 0.0581177 -0.515451 -1.32537 -0.760882 -0.774301 1.53568 -1.11618
38 -0.382121 0.084087 0.96882 0.382279 -0.387978 0.446658 0.264493 0.154979 0.547228 0.140409 -0.343726 -1.26014 -0.68666 -1.00725 1.57065 -1.16587
41 -0.28491 0.0696302 0.692125 0.339481 -0.768927 0.245737 0.265021 0.224374 0.702412 0.151991 -0.777411 -1.11917 -0.659039 -0.635192 1.41956 -0.862655
246 0.442043 -0.520019 -0.315926 0.501584 -0.113884 0.765197 1.08381 -0.293786 0.894944 0.0570901 -1.75102 0.0339728 -0.380865 -0.76138 1.50477 -0.677988
248 0.641471 -0.301703 -0.525741 0.282202 0.00694568 0.679238 1.0909 -0.321975 0.912734 0.129048 -1.67931 0.151224 -0.427694 -0.608963 1.43242 -0.686164
249 1.0268 0.0869466 -0.995797 0.052411 -0.107598 0.450197 1.19656 -0.394688 0.992577 0.281151 -1.56111 0.00316344 -0.338658 -0.69936 1.67558 -0.952014
250 1.13355 0.261134 -1.01628 -0.0851265 -0.0294528 0.354601 1.01592 -0.355332 0.923964 0.339285 -1.33634 0.0154966 -0.300272 -0.578369 1.4929 -0.897324
290 0.859786 -0.494653 -1.26728 0.396845 -0.517952 0.894975 -0.033198 -1.0112 0.218178 -0.138159 -0.231885 -0.623602 0.702115 -0.807103 1.79412 -1.22825
288 0.98446 -0.583718 -1.16908 0.267229 -0.281462 0.990219 -0.0704732 -0.931863 0.105911 -0.088936 -0.191102 -0.898306 0.780924 -0.966377 1.61183 -1.10968
289 0.834902 -0.396663 -1.1385 0.356531 -0.414013 0.840322 -0.0318733 -0.960468 0.158284 -0.135608 -0.172944 -0.588268 0.6507 -0.629383 1.59597 -1.08296
4 -0.511139 0.921052 -0.252134 -0.350414 -0.808223 -0.169658 -0.0685672 -0.188441 1.17145 0.712482 -1.16393 -0.144949 -0.23624 -1.08632 1.75219 -0.18755
3 -0.504756 1.13624 -0.24938 -0.311279 -0.994651 -0.144257 0.0290269 -0.220789 1.31888 0.713082 -1.2416 -0.131031 -0.215681 -1.34903 1.93891 -0.140706
104 -0.564683 -0.725962 -0.754469 0.325696 -0.150618 -0.765831 0.991541 0.421829 -0.0619787 0.373635 -0.839735 -1.16041 -0.255276 -0.590236 1.25515 -0.939168
105 -0.615416 -0.895631 -0.745508 0.233616 -0.055512 -1.00958 1.15822 0.531342 -0.129317 0.344867 -1.06386 -1.29069 -0.517874 -0.885416 1.25284 -1.1047
102 -0.428849 -0.399848 -0.805426 0.391244 -0.427696 -0.458399 0.78667 0.136148 0.135595 0.462212 -0.581774 -1.05053 -0.0487407 -0.488747 1.57209 -0.812441
103 -0.433375 -0.564393 -0.674752 0.379435 -0.275755 -0.537011 0.816972 0.215845 0.11864 0.325326 -0.76445 -0.931925 -0.160159 -0.682614 1.38912 -0.868562
162 -1.07719 0.343405 -0.14984 0.103764 -0.639303 0.879378 -0.779094 0.106543 -0.802476 0.308675 -0.828553 -0.780854 0.520573 -1.23943 1.79612 -0.618746
164 -0.89654 0.296799 0.0649437 0.0576865 -0.706408 0.961225 -0.732855 0.0343297 -0.706514 0.385234 -0.82336 -0.768343 0.850626 -1.2824 1.79328 -0.525567
165 -0.658982 0.164468 0.405668 0.0196258 -0.924542 0.99539 -0.55135 -0.0302781 -0.329352 0.411129 -0.624738 -0.761335 1.23667 -1.25595 1.89843 -0.377274
166 -0.373916 0.140929 0.434529 0.0658317 -0.840004 0.858963 -0.353485 -0.0852412 -0.0302008 0.318116 -0.585365 -0.654844 1.19665 -1.15355 1.73823 -0.224077
167 -0.451946 0.144364 0.483322 0.14664 -0.88913 0.888258 -0.29369 -0.124332 0.00215715 0.314863 -0.640573 -0.704592 1.34112 -1.14364 1.91807 -0.216829
193 -0.320283 0.0485393 -0.848266 0.224259 -0.058178 -0.108171 1.3438 -0.315181 -0.777027 -0.366376 -0.108893 -0.122567 -0.477844 -0.639863 2.30938 0.0332229
194 -0.337747 0.0585418 -0.886149 0.218769 -0.134578 -0.212441 1.36629 -0.207461 -0.774258 -0.477411 -0.0707631 -0.100126 -0.585896 -0.738252 2.50013 0.0554655
195 -0.015785 0.254119 -1.12507 0.209827 -0.394455 -0.308396 1.189 0.193286 -0.633811 -0.715126 0.0643558 -0.296284 -0.651209 -1.09874 2.33366 0.0659807
197 0.118677 0.296535 -1.26292 0.244323 -0.592902 -0.31751 1.06876 0.419702 -0.448 -0.83042 0.0931128 -0.358112 -0.657855 -1.24527 2.21798 0.0694998
244 -0.193039 -0.752365 0.179272 0.768081 -0.147329 0.820021 1.01617 -0.168786 0.768555 0.0444739 -1.59541 -0.120421 -0.364325 -0.723047 1.40742 -0.641265
245 -0.0308635 -0.803023 0.0771435 0.697118 -0.101329 0.951187 1.16989 -0.262609 0.881716 0.00738517 -1.78423 -0.0254062 -0.379191 -0.776984 1.471 -0.645801
247 0.397713 -0.392544 -0.335299 0.370481 -0.0475261 0.6146 0.952404 -0.276934 0.775985 0.0669727 -1.47413 0.0378403 -0.289117 -0.532664 1.18032 -0.617538
120 -0.0551738 -0.334315 -0.875946 0.614627 0.160746 0.973016 1.17172 0.644248 0.0263132 0.226589 -0.633657 0.124513 0.310078 -1.35744 1.28802 -1.67895
122 0.0211523 -0.308683 -0.894409 0.758912 0.204841 1.06576 1.19986 0.772465 0.0458102 0.360102 -0.669019 0.211314 0.306694 -1.18697 1.22548 -1.72794
123 -0.0134648 -0.330329 -1.04514 0.830729 0.12247 1.10574 1.17341 0.775364 -0.0752689 0.685814 -0.643844 0.105113 0.148574 -1.21126 1.23289 -1.78775
125 -0.0584727 -0.4168 -1.02832 0.834907 -0.0380131 1.12085 1.06659 0.762733 -0.136176 0.823659 -0.471031 0.07173 -0.225187 -1.08292 1.22356 -1.60705
124 0.00357238 -0.266338 -0.956412 0.687134 0.0445858 1.02779 0.955695 0.724143 -0.134185 0.681723 -0.494 0.080117 -0.0803741 -0.9795 1.04674 -1.51516
200 0.073405 0.279442 -1.05368 0.376396 -0.594682 -0.212544 0.742567 0.472891 -0.144322 -0.623797 -0.0146158 -0.470339 -0.360018 -1.2322 1.88657 -0.24057
198 0.134695 0.302226 -1.19344 0.288684 -0.606028 -0.305009 0.844756 0.536549 -0.281033 -0.829647 0.00808665 -0.432038 -0.505804 -1.31414 2.05929 -0.0996191
196 0.0983494 0.26454 -1.0446 0.173383 -0.498874 -0.296174 0.935641 0.342561 -0.411991 -0.700948 0.0463653 -0.326593 -0.604253 -1.13838 2.02054 0.0200757
34 -0.880009 0.0885727 0.959564 0.262017 -0.100279 0.401886 0.234894 0.15019 0.5317 0.560557 -0.157667 -0.98513 -0.546251 -1.3218 1.22961 -1.00387
35 -0.89266 0.0651372 1.08627 0.261102 -0.0661224 0.470786 0.309299 0.135784 0.67701 0.591176 -0.185725 -0.998793 -0.69085 -1.35019 1.41036 -1.08567
33 -1.09777 -0.0412118 0.898259 0.155881 0.0559272 0.469843 0.412809 0.101656 0.730161 0.690995 -0.0862051 -0.805419 -0.601969 -1.47502 1.42283 -0.984485
293 0.401614 -0.0317606 -1.06849 0.472339 -0.608937 0.901839 0.042176 -1.20521 0.775848 0.000128404 -0.19573 -0.324281 0.432856 -0.829726 1.39971 -1.0604
294 0.301184 0.498508 -0.835854 0.365581 -0.520752 0.880026 0.296174 -1.02155 1.10218 -0.0136685 -0.314408 -0.25157 0.333356 -1.28337 1.30776 -0.824139
295 0.129985 0.663189 -0.527114 0.253448 -0.471992 0.585437 0.48786 -0.689739 1.12987 -0.0213097 -0.435341 -0.279356 0.179277 -1.20197 1.11231 -0.620703
296 -0.00699806 1.00219 -0.388613 0.339056 -0.574324 0.51983 0.61411 -0.575523 1.49934 0.0672774 -0.65688 -0.160289 0.059283 -1.40921 1.16548 -0.501548
297 -0.0863067 1.20789 -0.240578 0.31072 -0.676828 0.384245 0.844735 -0.420099 1.59398 0.0756224 -0.77461 -0.0872235 -0.0523628 -1.6158 1.35951 -0.398438
282 0.178894 -1.04879 -0.410762 0.399269 0.225328 0.94027 0.0481146 -0.456086 0.503646 0.0687219 -0.328108 -1.42851 0.539421 -2.0521 1.20198 -0.457135
281 -0.04392 -1.10563 -0.143285 0.744998 0.387791 0.605708 0.00904143 -0.455037 0.41457 0.103269 -0.226293 -1.37952 0.337476 -1.9829 1.02417 -0.235464
279 -0.0564208 -1.01395 -0.00751945 0.878104 0.363988 0.324074 0.0846189 -0.385773 0.355257 0.103331 -0.257947 -1.24918 0.222712 -1.90672 1.14873 -0.243585
49 -0.335821 -0.281118 -0.308242 0.415099 -0.749222 0.0218547 -0.585404 0.1817 0.328601 -0.191345 -1.93813 -0.285122 -0.34528 -0.222008 1.51027 -1.04281
50 -0.378681 -0.357498 -0.223172 0.385126 -0.810927 0.0568309 -0.639589 0.144196 0.248116 -0.301269 -1.96886 -0.358777 -0.372352 -0.358366 1.68956 -1.15245
199 0.105175 0.252374 -1.0091 0.342719 -0.575245 -0.184032 0.712351 0.46064 -0.141283 -0.562408 -0.0572926 -0.450536 -0.373373 -1.16588 1.70985 -0.14066
201 -0.435484 0.468798 -0.778233 0.533034 -0.539313 -0.186532 0.757701 0.378731 -0.150358 -0.526944 0.211645 -0.378904 0.30417 -0.728162 1.71551 -0.627418
202 -0.640266 0.413779 -0.571459 0.611819 -0.448268 -0.0594825 0.605809 0.216632 -0.0673804 -0.370245 0.0733352 -0.438424 0.526874 -0.627504 1.75151 -0.928617
298 -0.133822 1.16045 -0.179092 0.236424 -0.577116 0.296285 0.755582 -0.29074 1.46629 0.115767 -0.815275 -0.128083 -0.0662524 -1.53311 1.38443 -0.357113
220 0.391311 -0.479133 0.0154603 1.03959 -0.100384 -0.985016 1.11303 -0.882277 0.537675 0.411702 -0.427327 0.264673 -0.457885 -0.935177 1.243 -1.05923
27 -1.10383 -0.58218 -0.0132243 -0.144514 0.591334 0.364329 0.698712 0.133891 1.31841 0.557816 -0.0366769 0.146028 -0.356465 -1.1192 2.20175 -0.312813
26 -0.904102 -0.687917 -0.405595 -0.110143 0.594901 0.297902 0.588842 0.368857 1.34154 0.48597 -0.0930979 0.554027 -0.210285 -0.945517 2.55914 -0.275993
25 -0.755934 -0.533986 -0.387893 -0.087957 0.416366 0.305721 0.477634 0.300193 1.11917 0.454671 -0.126496 0.375225 -0.178966 -0.863378 2.2438 -0.262527
51 -0.238764 -0.337528 -0.144929 0.199112 -0.728931 0.125702 -0.783761 -0.0228388 0.0854724 -0.56834 -1.98545 -0.473242 -0.508089 -0.471097 1.7702 -1.1753
53 -0.00658993 -0.215383 0.141117 0.189851 -0.552656 0.193474 -0.691543 -0.426473 -0.109799 -0.623695 -1.72891 -0.54499 -0.530802 -0.651244 1.77135 -1.08032
99 -0.343182 0.0884235 -1.02955 0.395446 -0.792491 -0.237022 0.638832 -0.0459097 0.144889 0.922259 -0.11804 -1.31143 0.201359 -0.177613 2.07341 -0.559902
98 -0.323824 0.287991 -1.17469 0.358917 -0.939826 -0.334862 0.43322 0.0125575 0.0161959 1.19913 0.103061 -1.47883 0.238232 -0.0907753 2.03267 -0.354692
97 -0.381581 0.290338 -1.02369 0.369285 -0.865783 -0.34947 0.407545 0.0573725 -0.0110905 1.19638 0.109681 -1.47077 0.254923 -0.15101 1.94873 -0.323092
96 -0.438955 0.358633 -1.09282 0.559921 -1.03602 -0.413173 0.40988 0.0458861 -0.0257137 1.19099 0.0276919 -1.63939 0.10116 -0.25699 2.10638 -0.31509
95 -0.614263 0.371254 -1.08371 0.810107 -1.35065 -0.353435 0.371517 0.113536 -0.0663157 0.919318 -0.148265 -1.65854 -0.0843946 -0.587862 1.89793 -0.155313
94 -0.491577 0.28317 -0.950091 0.839516 -1.23451 -0.312923 0.259504 0.127276 -0.0632081 0.708501 -0.237878 -1.4314 -0.191409 -0.671534 1.65392 -0.121684
93 -0.590895 0.297617 -0.96125 0.998523 -1.49295 -0.321238 0.304552 0.0777063 -0.0435878 0.600318 -0.24776 -1.60471 -0.197754 -0.887706 1.68607 -0.0386988
108 -0.48823 -0.73898 -0.644992 -0.257894 0.0223621 -0.792277 0.759386 0.384201 -0.521262 0.108607 -0.726015 -1.17448 -0.629863 -1.18154 1.10358 -1.02952
107 -0.590796 -0.839026 -0.715951 0.0604945 -0.0136951 -0.917204 1.01126 0.452258 -0.270446 0.270764 -0.911617 -1.25682 -0.529267 -1.00978 1.19143 -1.03506
106 -0.634989 -0.843125 -0.676342 0.234924 -0.0566111 -0.948374 1.097 0.51075 -0.0783648 0.397385 -1.01922 -1.24236 -0.463476 -0.834676 1.18233 -1.04375
110 -0.387445 -0.775328 -0.647291 -0.462277 0.0573713 -0.762757 0.752884 0.322658 -0.648012 0.0748332 -0.647038 -1.16083 -0.66796 -1.48389 1.20323 -1.1881
109 -0.438455 -0.655137 -0.593098 -0.286309 0.00756984 -0.655661 0.617632 0.306008 -0.519292 0.0549044 -0.566574 -0.984915 -0.557803 -1.15066 1.01644 -0.938425
115 -0.810066 -0.115229 -0.169409 -0.685936 0.0867745 0.0931503 0.635611 0.128006 -0.616679 -0.303899 -0.470334 -0.0981913 -0.447713 -1.83514 1.55967 -1.38859
116 -0.794572 -0.121651 -0.24842 -0.681522 0.131131 0.280875 0.705603 0.3058 -0.71474 -0.303373 -0.414419 -0.0150893 -0.447942 -1.97827 1.48955 -1.57803
69 -0.407925 0.150782 -0.941481 0.0411056 -0.196751 -0.807589 -0.465528 -0.382337 0.652792 -0.43421 -0.0739205 -0.10781 -0.248749 -1.97956 1.66024 -0.809835
71 -0.642799 0.0249171 -1.10175 0.0749993 -0.208241 -0.949013 -0.418756 -0.327102 0.666815 -0.588901 0.0172057 0.0350698 -0.202702 -1.96463 1.60591 -0.739131
72 -0.703414 -0.232858 -0.846168 -0.18946 -0.600894 -0.743783 -0.00362413 -0.231225 0.728698 -0.389548 0.233899 -0.074734 -0.149456 -1.51984 1.39375 -0.88553
73 -0.588694 -0.270642 -0.581756 -0.144526 -0.652174 -0.552761 0.162168 -0.202875 0.629763 -0.154933 0.192285 -0.196119 -0.0804618 -1.2027 1.22322 -0.841028
74 -0.67759 -0.542486 -0.420641 -0.458907 -1.04704 -0.56413 0.404981 -0.0647696 0.70399 -0.0316786 0.407052 -0.289809 -0.00133319 -1.12458 1.4282 -1.18434
52 -0.199051 -0.212641 0.0235763 0.128872 -0.593423 0.15756 -0.735852 -0.260523 -0.0967627 -0.582355 -1.78151 -0.481239 -0.468717 -0.512092 1.68318 -1.03216
130 0.176451 -0.431768 -0.691037 0.805212 -0.68642 0.954503 0.656314 0.673993 -0.217044 0.754179 0.0594346 -0.163733 -0.824842 -0.893557 1.2933 -0.75609
85 -0.15456 -0.588029 -0.817521 0.499751 -1.70542 0.120273 0.705965 0.0502626 0.478086 0.445793 -0.269053 -0.557707 0.363622 -1.33772 0.960863 -0.190262
88 -0.2683 -0.181387 -0.700098 0.809223 -1.726 -0.0382771 0.489275 -0.135938 0.208446 -0.227078 -0.271665 -1.11875 0.0114424 -1.19956 1.12889 0.127414
70 -0.576021 -0.00803447 -1.02748 0.070395 -0.124718 -0.821706 -0.390965 -0.322129 0.655152 -0.570054 -0.0319202 0.0672931 -0.207977 -1.83637 1.41225 -0.639375
299 -0.168116 1.29536 -0.137083 0.23354 -0.713201 0.223504 0.704561 -0.262938 1.59709 0.2102 -0.933832 -0.0881285 -0.132592 -1.57034 1.48073 -0.240071
0 -0.299926 1.24256 -0.152989 0.0519362 -0.933486 -0.00139061 0.502846 -0.062579 1.44101 0.438886 -1.07839 -0.128832 -0.264345 -1.52758 1.71903 -0.143638
1 -0.278615 1.15548 -0.140056 0.0486316 -0.879907 -0.00787141 0.405819 -0.053568 1.26538 0.449845 -0.950398 -0.0168755 -0.226297 -1.30539 1.55288 -0.120359
2 -0.436307 1.17364 -0.216424 -0.0596933 -0.885924 -0.0529563 0.313809 -0.107001 1.37304 0.519788 -1.09788 -0.0706167 -0.269526 -1.42645 1.79629 -0.136091
236 -0.814397 -0.1808 -0.506775 -0.329498 0.177688 0.981318 0.56507 -0.441558 0.664918 -0.0246938 -0.802795 -1.17219 -0.0115945 -0.150351 1.69581 -0.762814
235 -0.728195 -0.134458 -0.469084 -0.354584 0.115832 0.877534 0.496211 -0.433977 0.661579 -0.00840377 -0.721631 -1.16432 -0.0492808 -0.172358 1.67305 -0.694004
234 -0.910203 -0.229023 -0.694698 -0.517276 0.0652702 0.986548 0.498264 -0.680814 0.782398 -0.0334996 -0.599596 -1.30421 -0.10617 -0.0183025 1.94458 -0.681801
233 -0.948743 -0.312785 -0.677418 -0.434585 -0.0669697 0.868554 0.388317 -0.736278 0.833198 0.0449724 -0.543029 -1.2377 -0.181361 -0.077693 1.9678 -0.609373
218 0.574728 -0.336711 -0.16428 1.4022 0.0654624 -1.28321 0.952112 -0.496512 0.634028 0.343081 -0.297327 0.227352 -0.123705 -1.21231 1.64116 -1.2584
173 -0.805637 0.2732 -0.0357677 1.0278 -0.595966 0.0537201 0.5229 -0.388813 1.07598 0.25038 -0.710935 -0.266608 1.44937 -0.795541 1.93222 0.0638006
174 -0.909109 0.317953 -0.436386 1.16077 -0.393416 -0.112457 0.871419 -0.50449 1.32592 0.221782 -0.711435 -0.0995998 1.38523 -0.794466 1.92381 -0.0734322
175 -0.769039 0.338447 -0.505276 1.04931 -0.251277 -0.129063 0.793375 -0.468221 1.074 0.230713 -0.721324 0.00483913 1.13439 -0.747663 1.4474 -0.12197
176 -0.798523 0.357355 -0.564429 1.15077 -0.198094 -0.156081 1.00041 -0.590747 1.0888 0.292123 -0.782427 -0.0122255 1.26763 -0.963899 1.56806 -0.161087
177 -0.699908 0.346873 -0.732754 1.27499 -0.0427515 -0.0785505 1.13113 -0.788946 0.886317 0.395768 -0.85167 -0.115703 1.24777 -1.05445 1.37482 -0.396027
291 0.66428 -0.286154 -1.25975 0.448788 -0.5028 0.925349 -0.0359304 -1.24136 0.509271 -0.0380494 -0.148459 -0.467097 0.549616 -0.745047 1.51699 -1.20335
292 0.38439 -0.0403776 -1.001 0.408064 -0.4959 0.805828 0.044153 -1.12988 0.707796 0.0466429 -0.153157 -0.222065 0.448619 -0.733273 1.21548 -0.97833
146 -0.266039 -0.806511 0.383452 0.826774 0.0298404 0.0379046 -0.0594478 -0.687405 -0.287393 0.18589 -1.10757 0.836986 0.278913 -0.61347 2.13662 -1.29881
145 -0.282436 -0.71002 0.588928 0.78877 -0.0888081 0.0359705 -0.186158 -0.652589 -0.127617 0.225258 -0.875307 0.844524 0.148409 -0.530511 2.11259 -1.33051
163 -0.883289 0.340071 -0.0816086 0.0820985 -0.552277 0.72832 -0.689279 0.0845105 -0.714456 0.320246 -0.741785 -0.655138 0.537567 -1.14092 1.5229 -0.53895
168 -0.339209 0.17772 0.512461 0.391562 -0.930874 0.712702 -0.0366595 -0.181854 0.307263 0.234066 -0.685264 -0.765554 1.45066 -1.10088 2.0287 -0.0684283
169 -0.353972 0.235359 0.557443 0.504906 -0.821542 0.548027 0.102415 -0.176987 0.461213 0.225278 -0.662847 -0.728904 1.49423 -0.996626 2.01773 0.0411759
170 -0.422369 0.268101 0.502478 0.639925 -0.887426 0.486287 0.203789 -0.240203 0.600245 0.212952 -0.703546 -0.7137 1.61172 -0.987622 2.15958 0.0656227
280 -0.0758863 -0.885397 -0.0586497 0.645686 0.289722 0.406199 0.0621236 -0.392612 0.359841 0.126107 -0.227289 -1.09141 0.22471 -1.72945 0.995569 -0.215871
217 0.598004 -0.25454 -0.139045 1.32447 0.0768772 -1.29002 0.835812 -0.489129 0.660648 0.323226 -0.23313 0.206014 0.000725121 -1.13294 1.42228 -1.19616
58 0.652513 0.295432 0.738271 -0.0839539 -0.0913293 0.312586 -0.0546261 -1.07071 -0.110497 -0.136731 -0.689425 -0.922567 -0.605918 -1.12866 1.91463 -0.477134
57 0.679111 0.245595 0.831432 -0.0590666 -0.160682 0.429871 -0.150017 -1.15424 -0.205299 -0.161321 -0.864552 -1.06886 -0.650384 -1.18906 2.15711 -0.55404
56 0.443801 0.0819526 0.668902 0.119683 -0.21874 0.46322 -0.145048 -0.986222 -0.186969 -0.43038 -1.20059 -0.949097 -0.57623 -1.0565 2.08307 -0.680142
54 0.275387 -0.0386122 0.524048 0.0358984 -0.337112 0.380301 -0.458132 -0.743439 -0.185546 -0.574247 -1.33051 -0.742323 -0.652876 -0.704158 1.84003 -0.777223
92 -0.553064 0.11678 -0.828656 1.15558 -1.83226 -0.264731 0.340258 -0.15317 -0.0146362 0.066392 -0.263495 -1.70758 -0.285862 -1.08257 1.47879 0.13643
55 0.357356 0.0434421 0.626077 0.0702833 -0.153088 0.411925 -0.269305 -0.86197 -0.112996 -0.378922 -0.981758 -0.757273 -0.529984 -0.863358 1.76641 -0.654395
157 -0.342411 0.365922 -0.814791 0.442091 0.536261 0.72701 -0.0651726 0.575686 -0.713351 -0.184147 -1.07372 -0.465626 0.43356 -1.50299 1.68501 -0.119569
101 -0.309608 -0.102964 -1.00977 0.452234 -0.747894 -0.273105 0.723586 0.0217846 0.203769 0.730843 -0.20574 -1.1672 0.190458 -0.157164 2.01027 -0.667733
227 -0.373378 -0.79728 -0.363371 0.27181 -1.0606 -0.237867 0.651829 -1.4152 0.892066 0.619168 -0.414856 -0.330727 -0.648866 -0.571376 1.72413 -0.502772
226 -0.257157 -0.600501 -0.334859 0.337155 -1.02967 -0.301981 0.631606 -1.11112 0.793078 0.598894 -0.388346 -0.208538 -0.57286 -0.62847 1.47745 -0.521177
28 -0.944128 -0.503421 0.0597885 -0.061083 0.52221 0.290185 0.692306 -0.0537312 1.13157 0.457922 -0.115076 0.0223162 -0.292299 -1.10077 1.78703 -0.315507
144 -0.253848 -0.736114 0.611634 0.8729 -0.0950265 0.0591321 -0.167544 -0.741849 -0.121485 0.314019 -0.821918 0.828489 0.14777 -0.558787 2.3484 -1.39902
100 -0.194197 -0.0443594 -0.871179 0.384801 -0.637088 -0.125428 0.589665 -0.088219 0.277905 0.655897 -0.157067 -0.943808 0.171505 -0.218521 1.83101 -0.597633
263 -0.55414 -0.206911 -1.39876 0.899912 -0.658406 -0.108121 0.774076 -0.208692 0.665098 -0.651826 -1.0606 -1.5638 0.424686 -0.262081 0.903206 -1.13361
264 -0.805436 -0.206743 -1.4039 1.15301 -0.58657 0.140728 0.528458 -0.0169851 0.398353 -0.637297 -1.26182 -1.33911 0.40006 -0.258021 1.21188 -1.11695
265 -0.894596 -0.207886 -1.39262 1.20888 -0.49915 0.1237 0.443606 0.08292 0.287547 -0.660367 -1.29145 -1.24807 0.358857 -0.259387 1.18593 -1.0276
266 -0.854715 -0.23801 -1.41269 1.32853 -0.542511 0.103026 0.399162 0.197349 0.317146 -0.735023 -1.29298 -1.34665 0.363045 -0.23415 1.33672 -1.05882
272 -0.567509 -0.83595 -0.553216 1.68287 0.194426 -0.362665 0.19775 0.297527 0.0981393 -0.501882 -0.789519 -1.03837 -0.00932054 -0.901055 1.45783 -0.511305
270 -0.780501 -0.768858 -0.950981 1.80854 0.130296 -0.254406 0.208136 0.44979 0.0796888 -0.668301 -1.03245 -1.17442 0.0556998 -0.686347 1.46366 -0.611892
269 -0.769118 -0.640742 -1.05399 1.69234 -0.0620248 -0.189814 0.273133 0.381469 0.175347 -0.74741 -1.03183 -1.17657 0.0570672 -0.571117 1.51079 -0.709833
271 -0.605519 -0.691815 -0.792976 1.51177 0.0355092 -0.261705 0.263551 0.340433 0.132735 -0.537919 -0.834287 -0.941082 -0.0198131 -0.675718 1.27072 -0.59373
24 -0.749806 -0.609901 -0.406979 -0.0771905 0.434317 0.278071 0.407729 0.482247 1.19268 0.489531 -0.130105 0.63529 -0.209558 -0.889519 2.44163 -0.249505
68 -0.1502 0.420995 -0.864613 -0.150936 -0.193696 -0.941301 -0.788374 -0.542022 0.553 -0.355805 0.0867434 -0.208302 -0.288109 -2.15866 1.70599 -0.867826
141 0.0240578 -0.495464 0.540963 0.984692 -0.221463 0.151235 -0.103546 -0.566381 0.0934591 0.410302 -0.586462 0.603406 0.0592444 -0.434932 2.36421 -1.15579
143 -0.0318909 -0.594963 0.632211 0.94113 -0.205342 0.214842 -0.168374 -0.673031 -0.0733019 0.373013 -0.71026 0.752067 0.0827249 -0.41091 2.48215 -1.28661
40 -0.241971 0.0568113 0.647937 0.348469 -0.615371 0.305777 0.261799 0.134292 0.61233 0.125731 -0.550085 -1.09415 -0.555064 -0.694194 1.37084 -0.895555
36 -0.532848 0.0446635 1.06072 0.352268 -0.22855 0.494524 0.284971 0.184518 0.592727 0.272757 -0.139688 -1.19142 -0.72802 -1.12021 1.46085 -1.20128
154 0.0576519 -0.0369149 -0.678105 0.346561 0.512175 0.609764 -0.032847 0.480786 -0.716078 -0.249922 -1.24771 -0.303261 0.601816 -1.64309 1.66966 -0.270807
230 -0.640429 -0.86922 -0.559038 0.0918343 -0.977486 0.167945 0.284499 -1.29742 1.00304 0.436481 -0.282929 -0.671756 -0.542636 -0.394489 1.9461 -0.22635
228 -0.576119 -0.850379 -0.560026 0.21509 -1.00589 -0.0067517 0.347242 -1.3097 0.950497 0.544274 -0.348119 -0.568307 -0.563343 -0.504155 1.96477 -0.328433
229 -0.582542 -0.824339 -0.585873 0.101933 -0.983931 0.0684167 0.208715 -1.20891 0.926537 0.493321 -0.210483 -0.55969 -0.49286 -0.350635 1.89363 -0.172853
231 -0.766656 -0.566085 -0.698583 -0.152171 -0.501348 0.53855 0.329255 -1.00525 0.911745 0.203804 -0.418631 -0.957821 -0.350269 -0.203996 2.00981 -0.398033
37 -0.372575 0.069263 1.05331 0.314411 -0.280213 0.471688 0.256584 0.229468 0.524373 0.101459 -0.231545 -1.21033 -0.719011 -0.833139 1.36524 -1.13237
90 -0.496492 -0.00264303 -0.785461 1.13729 -1.95493 -0.111591 0.381413 -0.192493 0.0811874 -0.114349 -0.289183 -1.54524 -0.220526 -1.24061 1.31237 0.209909
142 -0.10664 -0.508883 0.633273 0.873475 -0.168945 0.221762 -0.173951 -0.618304 0.024986 0.377462 -0.576342 0.594746 0.0446854 -0.430031 2.32111 -1.16763
171 -0.659265 0.246665 0.216383 0.90607 -0.688214 0.182313 0.397323 -0.30844 0.829995 0.144451 -0.683767 -0.451701 1.47083 -0.772009 2.04867 0.124676
121 -0.0340277 -0.224058 -0.874384 0.667321 0.187823 1.01358 1.18702 0.713102 -0.00935689 0.223053 -0.592389 0.187648 0.346179 -1.2168 1.11511 -1.57995
267 -0.905514 -0.464303 -1.33394 1.61132 -0.318498 0.0382273 0.336459 0.325431 0.247866 -0.814446 -1.16309 -1.23653 0.256627 -0.405145 1.33237 -0.921047
160 -1.06809 0.54719 -0.758677 0.428239 0.118578 0.63251 -0.437137 0.33305 -0.825373 -0.00108055 -0.988084 -0.673678 0.160721 -1.23561 1.65873 -0.33582
161 -1.04962 0.485482 -0.516811 0.326029 -0.14411 0.700813 -0.530363 0.245704 -0.778774 0.110064 -0.918776 -0.746547 0.348819 -1.32691 1.77074 -0.516063
232 -0.720717 -0.385229 -0.623872 -0.284775 -0.277234 0.629351 0.290164 -0.781802 0.785972 0.0993761 -0.394025 -0.971605 -0.244664 -0.0878734 1.68124 -0.412573
268 -0.76355 -0.434429 -1.113 1.51829 -0.191241 0.0112755 0.264047 0.385095 0.16084 -0.742742 -1.11303 -1.02431 0.169508 -0.426974 1.37779 -0.788825
274 -0.351356 -0.85962 -0.0271079 1.49388 0.497465 -0.391562 0.090327 0.0200761 0.0317235 -0.150369 -0.432805 -1.15009 -0.110669 -1.00041 1.18417 -0.27912
79 -0.232374 -0.803743 -0.399491 -0.185678 -1.42797 0.178786 0.854773 0.0260894 0.735201 1.01382 0.234198 -0.506827 0.309986 -0.932508 1.11853 -1.06852
118 -0.382452 -0.153064 -0.465946 0.0173401 0.0510641 0.443338 0.747307 0.308897 -0.194269 -0.0729029 -0.429496 0.0143295 -0.0272876 -1.24307 1.17248 -1.1586
119 -0.321937 -0.241346 -0.666734 0.157817 0.161735 0.761221 1.04517 0.547085 -0.201972 0.0130384 -0.524494 0.193912 0.078847 -1.40428 1.14838 -1.52538
172 -0.618207 0.247624 0.107288 0.839768 -0.5914 0.0892812 0.429042 -0.313355 0.912019 0.190907 -0.60777 -0.281767 1.29328 -0.646319 1.77559 0.148312
91 -0.438663 0.0750552 -0.757505 1.13008 -1.75895 -0.213201 0.330979 -0.153869 0.0433119 -0.0808563 -0.275906 -1.50295 -0.322612 -1.17289 1.35015 0.0972088
76 -0.525501 -0.709128 -0.0780658 -0.479445 -1.19604 -0.185253 0.752962 0.0502339 0.63433 0.350507 0.388716 -0.511368 0.149207 -0.793798 1.31973 -1.29675
243 -0.248765 -0.944996 0.237274 0.846427 -0.0894343 1.01973 1.27532 -0.211331 0.859487 -0.0321839 -1.76981 -0.163641 -0.38444 -0.782606 1.57028 -0.709307
205 -1.09251 0.628904 -0.364081 0.794553 -0.399979 -0.0651737 0.513196 0.228795 -0.084118 -0.419715 0.377864 -0.465473 1.13034 -0.463917 1.87293 -1.52917
117 -0.602945 -0.135538 -0.453719 -0.325276 0.114877 0.456422 0.869491 0.351277 -0.439656 -0.178257 -0.43763 0.134319 -0.214655 -1.61572 1.23616 -1.40057
75 -0.585787 -0.704557 -0.1823 -0.518329 -1.2754 -0.363358 0.707234 0.0588414 0.695468 0.167548 0.442544 -0.459963 0.139295 -0.948898 1.49878 -1.40376
