300 32
293 -0.53189 0.0713091 -0.326965 -1.00205 0.170553 -0.000825166 0.104377 0.379979 0.501275 0.0875209 -1.06431 0.722596 0.62928 0.147413 0.140099 0.228763 -1.09722 0.0882705 0.355452 -0.210412 -0.471296 -0.572256 -0.762885 0.586502 1.06162 0.0910163 0.332347 0.430519 -0.797448 -0.289824 0.224546 -0.251305
294 -0.569942 0.0209854 -0.276303 -1.17471 0.193682 0.0705276 0.0865972 0.315129 0.456104 0.192894 -1.05057 0.746267 0.547539 0.228561 0.073766 0.204989 -1.20026 0.0954329 0.418235 -0.208534 -0.482876 -0.568504 -0.790564 0.4794 1.01718 0.0217971 0.368045 0.444923 -0.758459 -0.245119 0.251862 -0.160536
295 -0.673723 0.0666245 -0.234732 -1.2189 0.151426 0.0806514 0.0890878 0.21459 0.371264 0.227695 -0.950755 0.676772 0.469551 0.23082 0.0421725 0.150484 -1.12007 0.111103 0.404375 -0.199418 -0.489821 -0.548977 -0.743222 0.406305 0.895453 -0.026307 0.396756 0.427599 -0.689112 -0.208184 0.231999 -0.0907315
296 -0.789186 0.103467 -0.182906 -1.28246 0.156637 0.115236 0.112822 0.195767 0.333222 0.308657 -0.998498 0.670469 0.437635 0.249203 0.053206 0.198815 -1.09729 0.142602 0.415601 -0.257595 -0.540122 -0.537411 -0.769444 0.29664 0.859351 -0.0421668 0.45418 0.393592 -0.658578 -0.127428 0.259949 -0.114419
263 -0.378172 0.628861 0.700326 -0.0632465 -0.226395 -0.232443 0.0159475 0.0887772 0.0454812 0.439103 -0.0788959 -0.0248221 0.19291 0.0864392 -0.227386 0.0360071 -1.02803 0.346404 -0.194995 -0.331286 -0.382484 -0.770159 0.129526 -0.492601 1.31714 0.665276 0.147137 0.979154 -1.16011 -0.316103 -0.38209 -0.311275
264 -0.624672 0.526409 0.484532 -0.324041 -0.339879 -0.227031 -0.179539 -0.0788463 0.144719 0.356231 0.0508238 -0.0742338 0.143458 0.0334725 -0.355692 0.226211 -0.939545 0.369262 -0.282472 -0.172473 -0.652938 -0.79995 0.410607 -0.366466 1.18557 0.639508 0.307977 1.04891 -1.41606 -0.271566 -0.452077 -0.177501
266 -0.690059 0.429388 0.344166 -0.407818 -0.425712 -0.173045 -0.169137 -0.142508 0.215584 0.304129 0.0632691 -0.0337797 0.219938 0.0110352 -0.375268 0.382756 -0.848526 0.42837 -0.306474 -0.0987387 -0.735397 -0.764013 0.481821 -0.309927 1.10061 0.633058 0.397336 1.03807 -1.57339 -0.237932 -0.486922 -0.176513
265 -0.613895 0.42023 0.331441 -0.371697 -0.390106 -0.15338 -0.203664 -0.144843 0.137118 0.266151 0.0715612 -0.0512157 0.136455 -0.00935537 -0.347426 0.288076 -0.755192 0.3685 -0.297338 -0.0729579 -0.688491 -0.721187 0.487609 -0.268712 0.960697 0.595327 0.329904 0.965971 -1.37079 -0.228965 -0.447058 -0.130454
262 -0.323925 0.507006 0.608142 -0.0469104 -0.196448 -0.19833 0.029482 0.10008 0.0494473 0.366552 -0.102315 0.0106134 0.200434 0.0543717 -0.194904 0.0468495 -0.899131 0.304152 -0.154004 -0.326572 -0.342954 -0.630031 0.0734358 -0.39895 1.21859 0.529152 0.148131 0.839292 -1.05106 -0.287017 -0.314208 -0.276874
33 0.399508 0.256577 -0.297816 -0.22236 -0.035828 -0.298946 0.575147 -0.574623 0.0740108 0.535963 -1.10886 0.260605 -0.117172 -0.307433 0.390822 -0.47532 -0.313253 0.882914 0.384107 0.636977 -0.594286 0.516034 0.151231 -0.483621 1.37896 0.297539 0.30088 -0.122945 -1.52149 -0.185147 -0.292274 -0.708466
32 0.324357 0.219949 -0.264506 -0.215647 -0.125979 -0.291132 0.435709 -0.479625 0.0447449 0.436944 -1.04227 0.246833 0.0598045 -0.12152 0.352658 -0.42101 -0.164382 0.931691 0.356205 0.434684 -0.521323 0.558881 0.162629 -0.605609 1.33038 0.249312 0.324902 -0.220195 -1.37834 -0.289864 -0.308762 -0.612694
31 0.350161 0.16387 -0.19748 -0.149729 -0.108244 -0.273356 0.358114 -0.386268 -0.0060232 0.352503 -0.909146 0.155703 0.0679955 -0.106964 0.340294 -0.359954 -0.0762028 0.815014 0.29057 0.325753 -0.39356 0.506952 0.0998877 -0.568286 1.16364 0.212374 0.231047 -0.225832 -1.11079 -0.313364 -0.283843 -0.518426
30 0.38976 0.215434 -0.235275 -0.119572 -0.184683 -0.297319 0.28898 -0.374259 -0.059859 0.387046 -1.0864 0.185231 0.152684 -0.103185 0.370462 -0.37015 -0.088227 0.933201 0.287766 0.230424 -0.394523 0.516121 0.109459 -0.590341 1.23653 0.30212 0.287227 -0.287631 -1.19634 -0.375998 -0.299008 -0.529158
35 0.426462 0.30773 -0.348827 -0.29066 -0.00647221 -0.303194 0.696865 -0.663892 0.11763 0.710497 -1.14584 0.256742 -0.213245 -0.480456 0.359267 -0.496339 -0.49375 0.779301 0.412908 0.814343 -0.711949 0.419587 0.207088 -0.319065 1.34556 0.325712 0.261622 -0.068918 -1.6336 -0.114139 -0.253458 -0.758593
222 -0.242682 0.970291 -0.390692 -0.776716 -0.740189 0.430321 -0.488046 0.295809 -0.123278 0.516912 -0.398153 0.973045 0.362658 -0.0315668 0.370794 0.294004 -0.286936 -0.144661 -0.143733 -0.398439 -0.218756 -0.0656419 0.655462 -0.239762 1.08024 -0.234641 0.270439 0.207336 -1.50058 -0.11644 -0.0707112 0.164099
224 -0.274414 0.918181 -0.47417 -0.69018 -0.673249 0.295268 -0.392092 0.342515 -0.0227874 0.421265 -0.366626 0.815081 0.375669 0.0206032 0.389451 0.505492 -0.444599 -0.308561 0.0277807 -0.559937 -0.203299 0.0324839 0.471529 -0.255024 1.18374 -0.299451 0.0522627 0.138665 -1.46565 -0.0689174 -0.0304886 0.111025
225 -0.353693 0.975693 -0.537666 -0.684142 -0.693461 0.190539 -0.331502 0.366804 0.0164567 0.383663 -0.431119 0.649692 0.42586 0.0838387 0.459941 0.649139 -0.566796 -0.391556 0.152118 -0.779778 -0.242661 0.0928116 0.359024 -0.209247 1.38932 -0.312751 -0.172901 0.125901 -1.58752 -0.0178553 -0.019873 0.00589543
227 -0.368311 0.977914 -0.610624 -0.64633 -0.648169 0.0958328 -0.332482 0.36678 0.0272119 0.338293 -0.422805 0.462045 0.434305 0.145606 0.515875 0.718555 -0.60309 -0.502286 0.220337 -0.926042 -0.28683 0.148294 0.28843 -0.20424 1.38459 -0.35612 -0.307831 0.0718315 -1.58398 0.00833956 0.0704687 -0.0318401
226 -0.303916 0.819246 -0.47562 -0.556189 -0.553347 0.129621 -0.266269 0.377117 0.0725047 0.313736 -0.414145 0.552044 0.335577 0.0964795 0.411317 0.5836 -0.494883 -0.406677 0.154071 -0.689178 -0.246083 0.095006 0.261183 -0.190826 1.2351 -0.301011 -0.196547 0.100211 -1.36174 0.000905429 0.000122446 -0.0161387
194 0.119327 -0.406055 0.406672 -0.907884 -0.505781 0.0574689 -0.10918 -0.473899 0.389744 0.646202 -1.00668 -0.807849 0.0873467 -0.883078 0.872316 0.748433 -0.218242 0.929765 0.438428 -0.557712 -0.49823 -0.348492 -0.094233 0.0759589 1.53335 0.214258 0.322419 0.857931 -0.251846 -0.0827141 -0.591548 0.299704
195 0.0115003 -0.429611 0.391184 -1.03524 -0.501053 0.0845895 -0.0376872 -0.442 0.403652 0.664514 -0.992174 -0.653964 -0.0416827 -0.706237 0.751559 0.698175 -0.264756 0.863883 0.324032 -0.541224 -0.431397 -0.304735 0.0197439 -0.084565 1.48021 0.0830501 0.312314 0.812856 -0.134679 -0.111168 -0.514328 0.258394
197 -0.0545906 -0.412984 0.35886 -1.09419 -0.611865 0.0961862 -0.001151 -0.428745 0.322658 0.67682 -1.02102 -0.541817 -0.108001 -0.672806 0.690262 0.66004 -0.340349 0.855667 0.249326 -0.487932 -0.450158 -0.220005 0.0389361 -0.151902 1.55362 0.0127905 0.302241 0.767692 -0.0434612 -0.166837 -0.425418 0.187206
198 -0.0875509 -0.399095 0.458262 -1.0802 -0.828928 0.111405 0.10768 -0.382493 0.125015 0.496353 -0.939851 -0.246466 -0.164798 -0.66911 0.608437 0.519189 -0.623704 0.746044 0.116081 -0.383266 -0.573453 0.0284824 0.0531507 -0.14032 1.78837 -0.137009 0.349413 0.804039 -0.0729032 -0.233934 -0.283007 0.0459273
196 -0.04856 -0.338307 0.29912 -0.954503 -0.475718 0.0990408 -0.0377589 -0.403134 0.288459 0.595226 -0.868166 -0.459225 -0.102403 -0.536191 0.585465 0.570523 -0.248658 0.740494 0.22125 -0.433509 -0.356914 -0.192104 0.0497181 -0.128162 1.28614 0.0104356 0.247814 0.638387 -0.0201864 -0.114819 -0.352834 0.170325
178 -0.0279016 0.147451 -0.260856 -0.0410767 -0.114853 -0.0680022 -0.189607 0.254912 -0.0584535 0.260741 -0.917796 0.337095 0.159597 -0.392241 0.237319 0.481713 -0.175066 0.436315 0.284115 -0.00984416 -0.244464 -0.272898 -0.257894 0.122808 1.0927 -0.217584 0.365694 0.199685 -1.06789 -0.115742 -0.154926 -0.0613237
179 0.141237 0.113264 -0.347956 0.300412 -0.00440091 -0.0227447 -0.161509 0.490416 -0.0425915 0.311391 -0.985545 0.447313 0.148156 -0.51475 0.317162 0.698139 -0.0574386 0.403448 0.466947 -0.0533101 -0.423409 -0.303716 -0.323266 0.261844 1.23085 -0.433252 0.443738 0.192461 -1.09708 -0.401232 -0.100678 0.0405125
177 0.106046 0.0417548 -0.367171 0.0312994 -0.0148246 -0.27202 -0.295129 0.439749 0.0122744 0.337489 -1.02629 0.49051 -0.136187 -0.391908 0.147093 0.671573 -0.16221 0.51209 0.356981 0.076669 -0.134004 -0.276476 -0.379459 0.0777604 1.1343 -0.288043 0.558744 0.109841 -1.28042 0.10815 -0.195072 0.0325813
87 -0.548963 0.194365 0.117512 -0.436435 0.420559 -0.1511 -0.0865456 -0.0270368 0.426486 -0.105598 -0.41079 -0.083319 0.54574 -0.373376 0.766504 -0.57811 0.18368 0.338277 -0.148819 0.466987 0.0533236 -0.608025 -0.135482 -0.0447326 2.03745 -0.138871 0.325391 0.769567 -0.917543 1.02613 -0.21317 -0.0359794
88 -0.414511 0.132351 0.114702 -0.393654 0.310875 -0.109681 -0.0785047 -0.0531851 0.395694 -0.153967 -0.293682 -0.032051 0.407052 -0.259776 0.58509 -0.496712 0.158981 0.288969 -0.115142 0.336453 0.0338818 -0.538959 -0.146231 0.0260024 1.65561 -0.0938419 0.254627 0.643789 -0.763323 0.792217 -0.199897 0.0235173
89 -0.514128 0.160237 0.138745 -0.51674 0.390073 -0.155098 -0.142243 -0.181477 0.634017 -0.234557 -0.44208 0.0562474 0.390986 -0.334856 0.701412 -0.612436 0.219462 0.355257 -0.14797 0.427385 0.0614182 -0.727041 -0.246018 0.0738564 1.95746 -0.0940682 0.277778 0.821643 -1.03531 0.969764 -0.293391 -0.0015153
90 -0.441955 0.108794 0.183379 -0.447294 0.294204 -0.128669 -0.257705 -0.326714 0.776514 -0.393154 -0.433074 0.249245 0.258221 -0.224841 0.559016 -0.659582 0.21265 0.278131 -0.273315 0.324018 0.0797376 -0.767928 -0.388442 0.207369 1.67345 -0.0584555 0.121459 0.840989 -1.24177 0.694907 -0.386281 0.0440781
91 -0.340984 0.0788961 0.171875 -0.445801 0.166013 -0.103341 -0.266108 -0.322395 0.726405 -0.383625 -0.453324 0.330393 0.175913 -0.211158 0.40825 -0.477836 0.0733973 0.26176 -0.207621 0.194704 0.0697016 -0.689138 -0.453182 0.2463 1.34608 -0.0283648 0.0710412 0.705623 -1.16824 0.440256 -0.390448 0.0150979
92 -0.492137 0.0887153 0.100842 -0.570489 0.214211 -0.160138 -0.317574 -0.349881 0.814595 -0.431494 -0.483537 0.346671 0.179821 -0.193545 0.413523 -0.659349 0.137643 0.24251 -0.318597 0.258675 0.0704169 -0.791005 -0.546135 0.290847 1.47142 -0.0316125 -0.0222452 0.79204 -1.36011 0.503524 -0.491699 0.0482967
113 -0.0976748 0.524165 -0.231502 -1.11274 -0.327386 0.324058 0.166891 -0.159782 -0.61469 -0.286107 -0.793778 0.855421 0.784406 0.290987 0.267454 0.470903 0.416005 1.14326 -0.0566936 -0.359 0.250401 -0.361733 -0.175017 0.0299431 1.51878 -0.00507671 0.126127 0.261128 -0.187657 -0.0840542 0.0703931 -0.0556954
111 -0.12732 0.620878 -0.341846 -0.924806 -0.488141 0.264181 0.168742 -0.0906949 -0.545834 -0.373272 -0.621046 0.967487 0.668268 0.330534 0.351794 0.473706 0.350652 1.2956 -0.0501651 -0.23864 0.222866 -0.394722 -0.303006 0.0606085 1.54548 -0.0407294 0.118096 0.250715 -0.144239 -0.195671 -0.0326624 -0.159924
112 -0.079102 0.495641 -0.290123 -0.851184 -0.36292 0.255325 0.13929 -0.101495 -0.522101 -0.270233 -0.616114 0.79244 0.6659 0.27042 0.269238 0.441336 0.277222 1.03271 -0.0832015 -0.249964 0.219816 -0.293616 -0.200849 0.0179556 1.35962 -0.01946 0.0921735 0.252172 -0.212872 -0.119341 0.00419959 -0.13367
235 -0.177675 0.153455 -0.327134 -0.0634356 -0.436225 0.254194 -0.414094 -0.798911 -0.107714 -0.16891 -0.570557 0.11344 0.359807 -0.138794 -0.16223 0.192498 -0.336984 0.613739 0.203271 -0.671363 -0.0550223 -0.351812 0.307773 0.638676 1.27987 -0.506257 -0.140042 0.0099708 -0.778253 -0.0545087 0.465567 -0.562086
236 -0.253004 0.149049 -0.368589 -0.0688806 -0.528936 0.362577 -0.410799 -1.07454 -0.0433815 -0.253289 -0.635327 0.176296 0.385257 -0.196463 -0.243769 0.235471 -0.481222 0.777474 0.172098 -0.812789 -0.0535884 -0.466537 0.448046 0.791345 1.49872 -0.632281 -0.166674 -0.0141507 -0.820722 -0.0946857 0.488835 -0.778137
234 -0.259823 0.218 -0.388854 -0.0469743 -0.527026 0.286305 -0.586056 -0.851018 -0.106544 -0.178535 -0.585531 0.150395 0.421572 -0.0958043 -0.156483 0.236063 -0.385027 0.639466 0.293066 -0.870241 -0.157042 -0.359686 0.394492 0.734518 1.58295 -0.64854 -0.204101 -0.0177027 -1.00237 -0.0752705 0.641094 -0.591162
233 -0.245812 0.38546 -0.422917 -0.0449418 -0.549336 0.275879 -0.643802 -0.628125 -0.160566 -0.0280244 -0.484127 0.130803 0.476159 0.0292901 -0.0509421 0.276785 -0.432835 0.378669 0.349007 -0.916779 -0.186602 -0.240754 0.388594 0.569417 1.55146 -0.637039 -0.236407 -0.0694551 -1.14071 -0.0588331 0.724003 -0.505847
231 -0.31191 0.62719 -0.469338 -0.231115 -0.645393 0.189141 -0.609119 -0.286506 -0.112039 0.106223 -0.289134 0.162347 0.521063 0.0915134 0.148978 0.376005 -0.468815 0.0466182 0.337948 -0.986932 -0.250746 -0.0646642 0.393677 0.290834 1.45282 -0.578167 -0.230823 -0.115381 -1.28588 -0.0253152 0.588124 -0.325818
232 -0.254492 0.470575 -0.409017 -0.0894455 -0.539051 0.210627 -0.611283 -0.391823 -0.134577 0.0610501 -0.345491 0.127163 0.430225 0.0489023 0.0332327 0.251607 -0.38536 0.185794 0.293179 -0.846314 -0.207071 -0.105697 0.340888 0.375588 1.33994 -0.566467 -0.16972 -0.112564 -1.10924 -0.0378746 0.617914 -0.351368
207 -0.36127 -0.00594082 0.317834 -0.422313 -1.3087 0.610853 0.106143 -0.187512 -0.552496 -0.146999 -0.428239 0.487271 0.197535 -0.867418 0.28436 -0.578682 -0.541528 0.0466937 -0.112537 0.0528866 -0.695466 0.283801 -0.280857 0.401128 1.35713 -0.233025 0.419101 0.443497 -0.947736 0.309376 -0.114224 0.221127
206 -0.274269 -0.049936 0.487308 -0.424859 -1.37713 0.41941 0.137548 -0.202662 -0.538165 -0.0213982 -0.418855 0.466754 0.0760412 -0.881274 0.259263 -0.396805 -0.726015 0.098325 -0.149216 0.0282981 -0.772164 0.486146 -0.221266 0.403902 1.4458 -0.177071 0.373016 0.542979 -0.720062 0.0268853 -0.0469105 0.124024
204 -0.231118 -0.118118 0.607486 -0.458705 -1.39 0.226313 0.1656 -0.209482 -0.470517 0.0286303 -0.513928 0.454539 0.0689958 -0.856528 0.224816 -0.237988 -0.860243 0.246833 -0.119636 0.00415335 -0.871591 0.585203 -0.259917 0.400189 1.63149 -0.104977 0.351104 0.689237 -0.651956 -0.179006 -0.0525285 -0.0291653
205 -0.222324 -0.0653213 0.492621 -0.391527 -1.26817 0.301762 0.146758 -0.200293 -0.444568 -0.00925443 -0.401048 0.414394 0.105664 -0.774807 0.215653 -0.324904 -0.688645 0.169389 -0.142981 0.00137234 -0.733889 0.493116 -0.23845 0.336767 1.35344 -0.128558 0.304737 0.538845 -0.607004 -0.0395568 -0.0641055 0.0367864
203 -0.222715 -0.188253 0.604078 -0.516478 -1.31881 0.167568 0.187398 -0.232365 -0.464617 0.0622431 -0.587254 0.404922 0.0970971 -0.855233 0.262599 -0.17852 -0.913236 0.31788 -0.0764823 -0.0138447 -0.904318 0.552594 -0.251111 0.349201 1.71733 -0.11395 0.353164 0.696394 -0.585983 -0.223594 -0.031131 -0.102123
202 -0.149656 -0.188777 0.552129 -0.454827 -1.07286 0.106162 0.169619 -0.223853 -0.346541 0.0783208 -0.510091 0.257454 0.00694453 -0.66979 0.22187 -0.054908 -0.784042 0.351347 -0.0213967 -0.0287112 -0.782772 0.453619 -0.160197 0.248872 1.52152 -0.106103 0.326277 0.632314 -0.407704 -0.22694 -0.0525294 -0.0927814
201 -0.188563 -0.300304 0.608914 -0.664669 -1.14598 0.0869618 0.184068 -0.277516 -0.276743 0.164556 -0.622291 0.237136 -0.0527012 -0.717892 0.305892 0.0685199 -0.852238 0.417174 -0.00633338 -0.0942086 -0.782872 0.434553 -0.142731 0.202733 1.67275 -0.137356 0.341274 0.719004 -0.257747 -0.27978 -0.0534897 -0.0573869
290 -0.450533 0.0275553 -0.184355 -0.476239 0.301458 -0.194441 0.173019 0.757082 0.843826 -0.209611 -1.31494 0.656951 0.550655 -0.170344 0.391435 0.505882 -0.717533 0.0513093 0.0985198 -0.391362 -0.431089 -0.522892 -0.742364 0.546153 1.08259 0.298907 0.194407 0.158875 -0.876453 -0.10954 0.132634 -0.56993
289 -0.400798 0.0406179 -0.140333 -0.355783 0.260481 -0.19126 0.11973 0.710158 0.775883 -0.228986 -1.23614 0.584629 0.481356 -0.175116 0.399768 0.499026 -0.547639 0.0649415 0.0613622 -0.350453 -0.351206 -0.48466 -0.653594 0.470773 0.946185 0.317562 0.121656 0.114195 -0.82659 -0.0393989 0.104244 -0.557249
288 -0.465442 0.0965742 -0.111664 -0.373161 0.228378 -0.113927 0.0831825 0.720831 0.830056 -0.262679 -1.46711 0.616025 0.491214 -0.244754 0.50177 0.596821 -0.614762 0.103875 0.0605867 -0.492743 -0.473136 -0.578872 -0.637028 0.433713 1.02081 0.347844 0.0950756 -0.0401795 -0.906266 -0.048971 0.0648398 -0.678292
287 -0.445584 0.0878086 -0.0343835 -0.231711 0.199756 -0.141142 -0.0345383 0.635174 0.817207 -0.372748 -1.39951 0.596493 0.386057 -0.322477 0.503728 0.634048 -0.457676 0.132441 0.00526202 -0.586136 -0.453086 -0.648226 -0.490948 0.269289 0.882959 0.323751 0.0576388 -0.272744 -0.956817 -0.0185317 -0.0544225 -0.702863
285 -0.445309 0.0908093 -0.00926027 -0.153007 0.117507 -0.0321775 -0.142134 0.500002 0.787703 -0.398314 -1.5291 0.56698 0.350573 -0.380306 0.54782 0.658521 -0.370989 0.207143 0.00928871 -0.605992 -0.47566 -0.77009 -0.412423 0.120432 0.926076 0.315228 -0.0201072 -0.409652 -0.991247 -0.00102027 -0.135178 -0.781968
185 0.329136 0.191995 -0.0210273 0.616772 -0.189562 0.387508 -0.127818 0.307008 -0.143506 -0.0452832 -0.757297 0.135517 0.691991 -0.907252 0.748238 0.39339 -0.0473417 0.377713 0.655389 -0.0901222 -0.870852 -0.334031 -0.477113 0.532566 1.42447 -0.34126 0.487755 0.367472 -0.894239 -0.940081 -0.061187 0.103125
186 0.423452 0.100305 0.148338 0.656883 -0.330539 0.399298 -0.25713 0.195857 -0.123385 -0.168857 -0.619574 -0.0607892 0.681367 -0.999544 0.842522 0.301263 -0.0580017 0.379759 0.672463 -0.1083 -0.870353 -0.248229 -0.552821 0.583867 1.43561 -0.16981 0.541418 0.393946 -0.90854 -0.760582 -0.10857 0.075345
187 0.337768 0.0610398 0.155859 0.529971 -0.334112 0.328915 -0.251558 0.118272 -0.0853923 -0.160273 -0.486624 -0.0915278 0.58329 -0.838463 0.726365 0.240133 -0.061004 0.369543 0.556234 -0.109218 -0.699088 -0.206538 -0.472801 0.546512 1.20978 -0.0621862 0.4773 0.346405 -0.776092 -0.556753 -0.10743 0.0398466
188 0.431366 0.0187948 0.24419 0.539487 -0.370349 0.282259 -0.241854 0.101061 -0.0685188 -0.103224 -0.509063 -0.255593 0.632837 -1.00656 0.853753 0.300832 -0.0639096 0.420909 0.639775 -0.181297 -0.820056 -0.24446 -0.54492 0.609543 1.34445 0.0259462 0.568821 0.490779 -0.819654 -0.569367 -0.210617 0.0660838
189 0.349701 -0.157163 0.388647 0.197825 -0.498001 0.158086 -0.181411 -0.0640632 0.0520868 0.00839975 -0.447056 -0.550164 0.473775 -1.07949 0.857719 0.321501 -0.0962472 0.53719 0.58986 -0.304302 -0.782849 -0.248827 -0.476714 0.579991 1.34619 0.208224 0.505739 0.701645 -0.79469 -0.301283 -0.355654 0.0911099
190 0.313547 -0.189857 0.388152 0.0373099 -0.4602 0.0681044 -0.170173 -0.111706 0.0874139 0.0892698 -0.476731 -0.619693 0.397928 -1.02567 0.823921 0.362805 -0.0754393 0.58606 0.530386 -0.3501 -0.675316 -0.243106 -0.420517 0.512026 1.29149 0.239836 0.425741 0.709716 -0.657402 -0.195797 -0.411006 0.0874041
191 0.384963 -0.256881 0.443522 0.00567712 -0.464301 0.0464537 -0.192421 -0.150038 0.141548 0.156049 -0.575544 -0.756213 0.433949 -1.12375 0.918965 0.442536 -0.119448 0.663576 0.595834 -0.379786 -0.721412 -0.261761 -0.415925 0.471146 1.43104 0.292755 0.443854 0.793678 -0.689141 -0.192489 -0.471441 0.157146
192 0.235388 -0.363789 0.460787 -0.568628 -0.473958 0.0770005 -0.127848 -0.350192 0.318675 0.468855 -0.829485 -0.849811 0.237454 -0.974702 0.897683 0.63369 -0.147862 0.801106 0.470252 -0.531916 -0.619332 -0.319277 -0.204226 0.210251 1.47869 0.246237 0.380254 0.871864 -0.389254 -0.0966572 -0.525367 0.291122
148 -0.0800923 0.355584 -0.239359 -0.422548 -0.407989 0.0870832 -0.284912 -0.15372 -0.260573 0.13137 -0.858325 0.12496 0.74475 -0.263784 0.162532 0.359422 -0.391835 0.567552 -0.0397405 -0.189179 -0.188341 -0.0459339 -0.163274 0.225824 0.956429 0.131069 0.308418 0.47179 -1.19637 -0.19574 -0.213939 -0.161641
149 0.0905602 0.410098 -0.305594 -0.329451 -0.417612 0.136425 -0.442331 -0.216361 -0.356372 0.0838369 -0.723004 0.116498 0.922291 -0.241086 0.0278278 0.546045 -0.525978 0.584171 -0.0977665 -0.197121 -0.106453 0.187472 -0.172335 0.307317 0.735472 0.240122 0.371424 0.537762 -1.23164 -0.250657 -0.117205 -0.0909753
147 0.317595 0.302877 -0.205876 -0.180557 -0.312457 0.043433 -0.425355 -0.0482239 -0.27998 -0.0288988 -0.726757 -0.104389 0.851154 -0.120653 -0.0573015 0.561359 -0.236438 0.620893 -0.162775 -0.331794 -0.333252 0.274684 -0.0771283 0.471385 0.608185 0.352424 0.346139 0.570564 -1.3158 -0.354578 -0.268498 -0.060046
146 0.4867 0.159256 -0.0836066 -0.122067 -0.168947 -0.0745384 -0.32652 0.0816825 -0.195707 -0.118379 -0.863028 -0.230619 0.812256 -0.0474721 -0.118573 0.573795 -0.0270101 0.783425 -0.240396 -0.493364 -0.571445 0.286911 0.0092176 0.697704 0.760759 0.426045 0.347458 0.681556 -1.59149 -0.472566 -0.431153 -0.104888
145 0.512644 0.185708 -0.109839 -0.0600371 -0.181905 -0.0845492 -0.392676 0.0600995 -0.201171 -0.144383 -0.824139 -0.254519 0.870262 -0.0605529 -0.135846 0.557759 -0.00234986 0.760694 -0.271402 -0.482839 -0.527307 0.306661 -0.01542 0.704857 0.733646 0.414576 0.371693 0.690698 -1.55786 -0.47452 -0.431979 -0.0469754
144 0.558179 0.148302 -0.0747061 -0.129665 -0.0495424 0.0201916 -0.419707 0.104428 -0.235368 -0.183772 -0.904669 -0.250609 0.903841 -0.00798362 -0.157218 0.449169 -0.0821491 0.884552 -0.35073 -0.49963 -0.73122 0.311113 0.0377475 0.73139 0.877484 0.463496 0.407261 0.664551 -1.68726 -0.407755 -0.493469 -0.0245748
110 -0.222039 0.57364 -0.446746 -0.852525 -0.491882 0.280285 0.0615256 -0.027321 -0.517326 -0.385991 -0.459558 0.929163 0.486277 0.319353 0.408149 0.391595 0.271893 1.31872 0.0301576 -0.162062 0.219576 -0.410059 -0.335224 0.138977 1.44007 -0.0885444 0.100144 0.244866 -0.215714 -0.26833 -0.142994 -0.125816
108 -0.279323 0.482356 -0.475 -0.805045 -0.53838 0.266295 -0.0204029 0.0166303 -0.484573 -0.442858 -0.314037 0.856556 0.283615 0.289754 0.460524 0.240443 0.139921 1.4058 0.158444 -0.0634647 0.14849 -0.458634 -0.321501 0.30554 1.32887 -0.0894043 0.103615 0.275557 -0.300765 -0.398857 -0.228839 -0.132034
107 -0.453287 0.322432 -0.494998 -0.718187 -0.544872 0.323329 -0.181544 0.126279 -0.42001 -0.444351 -0.1895 0.673876 -0.0079651 0.124903 0.596682 0.100266 -0.123899 1.48961 0.400574 0.025391 0.00376965 -0.551714 -0.338978 0.535906 1.35159 -0.102498 0.140589 0.320716 -0.668675 -0.550595 -0.43287 -0.116864
106 -0.431222 0.23105 -0.443131 -0.614448 -0.45097 0.313601 -0.194675 0.101758 -0.352447 -0.42392 -0.0847951 0.612596 -0.0673293 0.122811 0.59688 -0.00653448 -0.133569 1.35887 0.428786 0.066774 -0.0275054 -0.531844 -0.31366 0.572292 1.16219 -0.106612 0.100287 0.32271 -0.688473 -0.514526 -0.439694 -0.0908576
105 -0.560384 0.192777 -0.496931 -0.66956 -0.480848 0.364461 -0.265535 0.214912 -0.440827 -0.390772 -0.114911 0.527669 -0.148909 0.0138914 0.727356 -0.0817153 -0.222146 1.47189 0.572308 0.130156 -0.0744984 -0.648858 -0.325162 0.655195 1.30882 -0.121301 0.0443226 0.373921 -0.941674 -0.652068 -0.611327 -0.0576879
104 -0.700446 0.110513 -0.532897 -0.619761 -0.431714 0.328485 -0.2579 0.309381 -0.40389 -0.397465 -0.079397 0.455406 -0.1945 -0.00200976 0.703134 -0.199621 -0.236584 1.33826 0.593416 0.138254 -0.150719 -0.718453 -0.375486 0.736359 1.24251 -0.120235 -0.0520903 0.36684 -1.09964 -0.698039 -0.678974 0.0536952
19 -0.264916 0.176133 -0.549379 -0.158391 -0.0656055 0.491448 -0.0836796 -0.834468 -0.580428 0.349187 -1.3697 -0.0613549 0.977169 0.249898 1.07543 -0.174215 -0.0922298 0.64571 0.398595 -0.303648 -0.0766059 -0.585797 -0.104944 0.460445 0.237976 -0.238749 0.445252 0.400782 -1.23494 0.0414477 -0.260619 -0.527847
18 -0.332325 0.179021 -0.613348 -0.211358 -0.0776095 0.494728 -0.0619004 -0.882866 -0.612032 0.363009 -1.48656 -0.0410542 1.07748 0.247181 1.15619 -0.206961 -0.0870667 0.667859 0.439524 -0.345632 -0.0939201 -0.707612 -0.179986 0.489131 0.218582 -0.255153 0.476512 0.483767 -1.27187 0.0944257 -0.314413 -0.550583
17 -0.391595 0.169574 -0.646569 -0.156851 -0.0768293 0.3571 -0.0170652 -0.853232 -0.569392 0.357755 -1.36518 0.0233282 1.06832 0.242768 1.04604 -0.186234 -0.0179694 0.577186 0.455753 -0.368802 -0.149426 -0.86521 -0.291006 0.489324 0.145464 -0.262813 0.457134 0.571313 -1.26883 0.0759698 -0.357955 -0.597739
15 -0.480023 0.222645 -0.640729 -0.14218 -0.0456376 0.196869 0.107663 -0.701816 -0.460227 0.394917 -1.13762 0.0882163 0.969247 0.207382 0.963989 -0.1203 0.0414367 0.526615 0.376579 -0.363552 -0.23341 -0.861342 -0.369718 0.477341 0.246588 -0.225723 0.525268 0.638232 -1.16787 0.0477007 -0.3728 -0.58068
16 -0.428963 0.182918 -0.57527 -0.128407 -0.0800098 0.214127 0.0366923 -0.688579 -0.491738 0.363651 -1.15061 0.0499674 0.93617 0.17628 0.911125 -0.170551 0.0216984 0.516478 0.403924 -0.331817 -0.221334 -0.80703 -0.318278 0.452954 0.131882 -0.236247 0.439565 0.572568 -1.07688 0.080946 -0.343857 -0.546297
34 0.335682 0.228949 -0.271681 -0.225429 0.00183767 -0.294939 0.586298 -0.565629 0.151795 0.550233 -0.94218 0.276047 -0.195438 -0.349612 0.347464 -0.45091 -0.40992 0.757582 0.357109 0.649972 -0.561283 0.421339 0.160816 -0.343782 1.25331 0.259515 0.276728 -0.0772711 -1.478 -0.0515972 -0.236609 -0.673386
36 0.297286 0.518023 -0.460582 -0.465809 -0.0834125 -0.247032 0.623957 -0.701244 0.0129853 0.915618 -1.27031 0.169004 -0.127626 -0.70175 0.27955 -0.445257 -0.513211 0.522359 0.299346 0.946756 -0.764839 0.107856 0.147762 -0.071281 1.08014 0.33455 0.115969 0.124349 -1.56716 -0.0488155 -0.151648 -0.681997
37 0.267659 0.366419 -0.352878 -0.331523 -0.0391347 -0.186269 0.457332 -0.522727 -0.00853492 0.683211 -0.97946 0.138554 -0.092327 -0.546452 0.248274 -0.354905 -0.419267 0.4088 0.215285 0.711385 -0.574962 0.0821811 0.0945806 -0.0457073 0.922667 0.253774 0.0822741 0.0849617 -1.2402 -0.0660191 -0.116181 -0.543145
38 0.325808 0.52894 -0.485601 -0.494625 -0.138163 -0.254673 0.501095 -0.61137 -0.10417 0.954466 -1.27507 0.0762168 -0.115917 -0.715205 0.257633 -0.346607 -0.406051 0.304688 0.184572 0.936019 -0.771765 -0.0101886 0.0949252 -0.0280815 0.841139 0.350134 -0.0354787 0.153083 -1.39656 -0.0843512 -0.153094 -0.577189
0 -1.15201 0.272814 0.206379 -1.23551 0.0614501 0.0930718 0.225887 0.047624 0.076518 0.601831 -1.0693 0.499025 0.272532 0.0948249 0.0595013 0.144048 -0.685182 0.521519 0.248504 -0.315913 -0.566151 -0.501402 -0.695371 -0.0895939 0.861704 -0.172612 0.725528 0.295545 -0.913254 0.382309 0.109612 -0.0459085
1 -1.02711 0.209262 0.178957 -1.09937 0.0716509 0.0922964 0.185614 0.0493179 0.0854884 0.546022 -0.904721 0.435537 0.235486 0.0991648 0.0403682 0.131397 -0.594137 0.462268 0.210468 -0.271579 -0.519766 -0.430869 -0.603936 -0.0774558 0.755548 -0.113396 0.61393 0.260098 -0.813676 0.345099 0.126799 0.00149901
299 -1.10696 0.216163 0.148852 -1.40018 0.118455 0.162094 0.18795 0.0923549 0.13268 0.566597 -1.10047 0.612914 0.242536 0.146954 0.0486621 0.200033 -0.953043 0.377733 0.372239 -0.355442 -0.609204 -0.521565 -0.765696 -0.0912115 0.883212 -0.174229 0.684252 0.343152 -0.849686 0.298341 0.215278 -0.0316937
2 -1.21387 0.311788 0.271701 -0.93924 0.0703786 -0.0282516 0.332629 0.0557592 0.157342 0.666342 -0.805185 0.404107 0.327474 0.0585341 0.0344404 0.0404735 -0.236725 0.635506 0.13039 -0.199846 -0.592067 -0.443851 -0.521236 0.0529715 0.592491 -0.156051 0.80864 0.211061 -0.77647 0.426507 0.107428 0.00888941
3 -1.32415 0.522115 0.227408 -0.605807 -0.0735384 -0.314341 0.423105 0.0494251 0.270093 0.811593 -0.769033 0.400562 0.663506 -0.0864424 0.080749 -0.0143829 0.213514 0.871123 -0.047291 -0.0761668 -0.674085 -0.503277 -0.292533 0.280502 0.690828 -0.198089 1.05107 0.263089 -1.02658 0.385604 -0.0448356 -0.116528
4 -1.28691 0.519593 0.203362 -0.513386 -0.11352 -0.331169 0.417045 0.0634118 0.244465 0.775051 -0.742803 0.362021 0.681812 -0.0969327 0.10644 -0.00132723 0.287408 0.886202 -0.0536953 -0.104694 -0.677725 -0.513466 -0.256025 0.287247 0.673289 -0.197209 1.03389 0.247276 -1.00132 0.340069 -0.0669419 -0.163188
237 -0.197592 0.111762 -0.328867 -0.161667 -0.493742 0.320683 -0.232536 -1.1629 -0.00932203 -0.333475 -0.733449 0.0910641 0.38794 -0.333071 -0.241323 0.357414 -0.536484 0.931635 0.0681644 -0.822274 -0.00370636 -0.526371 0.427926 0.835683 1.43036 -0.614594 -0.130863 -0.0289117 -0.803084 -0.125042 0.216225 -0.887284
239 -0.152803 0.112776 -0.284224 -0.388916 -0.503438 0.284037 -0.0392259 -1.06293 0.0211572 -0.293551 -0.719062 0.105251 0.456495 -0.464946 -0.174645 0.464986 -0.539569 0.896303 -0.0756472 -0.740895 0.0802843 -0.48839 0.319368 0.794485 1.24084 -0.521383 -0.0253401 0.00334729 -0.700573 -0.153517 -0.0417054 -0.909571
238 -0.114672 0.0872371 -0.282895 -0.172707 -0.399045 0.279819 -0.101669 -0.956742 -0.0381256 -0.25401 -0.64527 0.0931566 0.35262 -0.320021 -0.176263 0.297177 -0.50031 0.794862 0.0227927 -0.6532 0.0271446 -0.410069 0.317056 0.658526 1.14308 -0.48322 -0.0861277 -0.0375593 -0.598829 -0.0817231 0.14451 -0.754829
240 -0.0926249 0.112109 -0.312223 -0.571131 -0.639368 0.239521 0.163367 -1.10633 -0.0247336 -0.308239 -0.75163 0.0468299 0.518692 -0.635205 -0.0832419 0.646724 -0.603997 1.03885 -0.0718767 -0.845217 0.165129 -0.54874 0.28585 0.986193 1.18418 -0.56852 0.0402111 -0.0937472 -0.728147 -0.168244 -0.207794 -1.07839
137 0.187167 -0.00202913 -0.18772 -0.419708 0.325771 0.135423 -0.554665 -0.23639 -0.232131 -0.385509 -1.12605 -0.66807 0.805838 -0.309473 -0.411539 -0.391716 -0.869396 0.659814 -0.34924 -0.440192 -0.657055 -0.00985927 -0.279283 0.00169353 0.788745 -0.261476 0.19443 0.212307 -1.31363 0.611337 -0.545896 -0.18983
136 0.0859577 0.062772 -0.176651 -0.347241 0.209473 0.0852842 -0.472543 -0.220398 -0.221775 -0.319112 -0.912781 -0.53019 0.649873 -0.228169 -0.302486 -0.307183 -0.705743 0.492577 -0.26798 -0.376841 -0.434961 -0.0408464 -0.271296 -0.0325887 0.583964 -0.259489 0.134909 0.176123 -1.06695 0.542167 -0.432249 -0.150408
135 0.0504622 0.0870212 -0.207809 -0.491602 0.209362 0.109521 -0.575516 -0.341577 -0.2261 -0.384095 -1.10122 -0.672958 0.798237 -0.278612 -0.416169 -0.378948 -0.828619 0.563332 -0.31298 -0.457731 -0.542679 -0.0461288 -0.300153 -0.0682488 0.650332 -0.32617 0.138244 0.23481 -1.23498 0.649056 -0.531952 -0.222793
138 0.356523 -0.0347881 -0.0763671 -0.286044 0.47404 0.181214 -0.462753 -0.0680553 -0.221627 -0.307354 -0.987187 -0.62279 0.722799 -0.201269 -0.349583 -0.395956 -0.845501 0.745194 -0.416365 -0.392135 -0.861019 0.0220796 -0.161302 0.173193 0.919515 -0.0902195 0.283341 0.225151 -1.32884 0.47868 -0.604909 -0.0287786
140 0.471593 -0.0521855 -0.0499703 -0.18488 0.498156 0.244326 -0.443522 0.0378636 -0.253769 -0.279891 -0.980323 -0.570023 0.776911 -0.18192 -0.269685 -0.295114 -0.742409 0.864058 -0.443755 -0.372814 -0.906227 0.0552219 -0.086284 0.298788 1.01111 0.0922272 0.362517 0.262233 -1.41201 0.266226 -0.612207 0.0291488
139 0.346305 -0.0704361 -0.0228755 -0.1917 0.486027 0.206783 -0.38824 0.0316081 -0.239639 -0.236597 -0.846915 -0.486928 0.653486 -0.131552 -0.23392 -0.315714 -0.678947 0.720537 -0.411382 -0.281681 -0.793574 0.00327038 -0.0862757 0.168989 0.918775 -0.00286868 0.23948 0.20785 -1.17864 0.31357 -0.508511 0.0482563
183 0.320141 0.256564 -0.0965259 0.648486 -0.105549 0.412072 -0.04308 0.425693 -0.145698 0.04055 -0.861742 0.262288 0.665067 -0.908166 0.680464 0.489685 -0.0649195 0.340446 0.686838 -0.139184 -0.928751 -0.343293 -0.428236 0.530353 1.51469 -0.47657 0.420974 0.35829 -0.950574 -1.04992 0.00719306 0.0874787
182 0.169708 0.238929 -0.21016 0.488866 -0.0464018 0.273968 -0.0393116 0.401047 -0.120056 0.142924 -0.947471 0.299081 0.620167 -0.713372 0.56122 0.502449 -0.0826276 0.380293 0.54946 -0.149801 -0.770185 -0.347186 -0.343341 0.425467 1.41677 -0.488442 0.348322 0.336926 -1.00088 -0.909694 -0.0361082 0.0492617
180 0.0678116 0.231708 -0.286166 0.303757 -0.0524891 0.169546 -0.0622512 0.420818 -0.127939 0.272628 -1.01511 0.383673 0.475064 -0.626058 0.454216 0.586766 -0.0758608 0.419133 0.511556 -0.126013 -0.657458 -0.380578 -0.31324 0.38286 1.38034 -0.487681 0.342124 0.32629 -1.0368 -0.742797 -0.104062 0.040346
181 0.125746 0.198361 -0.22104 0.412284 -0.00676491 0.223373 -0.0362364 0.39186 -0.116718 0.221957 -0.874703 0.294753 0.527675 -0.593687 0.464108 0.51798 -0.0520093 0.358606 0.507874 -0.151422 -0.674128 -0.296655 -0.300068 0.413027 1.2678 -0.469827 0.297349 0.305915 -0.920407 -0.807868 -0.0335866 0.0470944
211 -0.496533 0.19131 0.0873253 -0.301323 -1.0656 0.656151 0.0877669 -0.236649 -0.435092 -0.136786 -0.293255 0.398843 0.306622 -0.624949 0.294906 -0.588544 -0.440704 0.020427 -0.135717 0.0174477 -0.463293 -0.0746468 -0.14541 0.0974717 1.16907 -0.561327 0.513864 0.265422 -1.02394 0.404433 -0.195521 0.260813
212 -0.552223 0.309373 0.0359669 -0.362246 -1.16578 0.735365 0.0484555 -0.263259 -0.493631 -0.0625152 -0.330764 0.441447 0.40119 -0.597387 0.344494 -0.574159 -0.478847 0.0413751 -0.203265 -0.00254926 -0.449586 -0.15428 -0.054284 0.0500337 1.30693 -0.629136 0.558269 0.295386 -1.14573 0.367242 -0.204925 0.308334
213 -0.539639 0.50311 -0.0627211 -0.31349 -1.06776 0.676668 -0.0260629 -0.253551 -0.415013 0.136608 -0.243651 0.436423 0.443059 -0.343319 0.322795 -0.415783 -0.462584 -0.000283394 -0.29775 -0.0617988 -0.311216 -0.265228 0.140715 -0.120897 1.20329 -0.769186 0.579867 0.31351 -1.08758 0.10797 -0.211108 0.347125
214 -0.454626 0.474041 -0.0888729 -0.283531 -0.938477 0.560214 -0.0972627 -0.193983 -0.371784 0.172029 -0.235866 0.409462 0.400818 -0.284228 0.316536 -0.332207 -0.480185 0.0215049 -0.290901 -0.0703578 -0.240893 -0.261632 0.166038 -0.13534 1.1366 -0.700203 0.506304 0.292292 -1.00107 0.0551829 -0.203918 0.309221
215 -0.504853 0.633903 -0.15692 -0.335313 -1.00523 0.685191 -0.168186 -0.188445 -0.388696 0.293109 -0.222325 0.512447 0.489422 -0.236271 0.372451 -0.35847 -0.479349 -0.0114331 -0.364463 -0.0902581 -0.233245 -0.295034 0.310069 -0.257034 1.23313 -0.791876 0.589656 0.345262 -1.15165 -0.0317537 -0.20651 0.377768
82 -0.350694 0.492084 0.116124 0.0146097 0.395162 -0.20048 -0.359605 0.103132 -0.421576 0.292871 -0.413355 -0.207286 0.88565 -0.350393 0.773122 -0.108533 0.0422841 0.369539 -0.37948 0.237616 0.102142 -0.047259 0.0154633 -0.400486 1.65897 -0.116792 0.127149 0.517428 -0.571222 0.534108 0.183165 -0.195344
81 -0.312652 0.555164 0.142084 0.077964 0.494818 -0.181341 -0.486706 0.102777 -0.523862 0.309592 -0.492771 -0.253644 1.13033 -0.427164 0.908044 -0.0418272 0.0233557 0.466195 -0.507948 0.228477 0.109175 -0.0565948 0.0355814 -0.484818 1.98902 -0.116909 0.0904512 0.585525 -0.692475 0.579748 0.218093 -0.19672
83 -0.426334 0.539941 0.134077 -0.042402 0.434415 -0.233578 -0.38025 0.102721 -0.388765 0.324092 -0.488607 -0.250627 0.978575 -0.432684 0.884495 -0.175298 0.083294 0.396023 -0.407234 0.291746 0.101082 -0.118486 0.0276216 -0.457677 1.9971 -0.121383 0.152591 0.600363 -0.656703 0.711049 0.199236 -0.169194
84 -0.53608 0.401046 0.0771143 -0.23577 0.446715 -0.248981 -0.181919 0.133826 -0.10657 0.179272 -0.401872 -0.247491 0.814692 -0.373415 0.857319 -0.341432 0.16394 0.352172 -0.294148 0.398053 0.0683196 -0.271247 0.0131629 -0.340379 1.96115 -0.139643 0.253482 0.675151 -0.688464 0.93029 0.0800601 -0.138728
103 -0.662414 0.0880342 -0.464775 -0.547504 -0.393635 0.31089 -0.270374 0.289051 -0.374633 -0.310871 -0.0661539 0.359035 -0.188581 -0.0626728 0.658322 -0.234444 -0.255968 1.14834 0.555615 0.160631 -0.135831 -0.672639 -0.337772 0.663477 1.12938 -0.113189 -0.113855 0.365406 -1.0726 -0.64822 -0.670021 0.084687
102 -0.811347 0.115772 -0.630103 -0.583112 -0.422943 0.238362 -0.247438 0.376942 -0.450863 -0.261053 -0.06614 0.390345 -0.0807489 -0.0192289 0.643665 -0.312888 -0.209346 1.10963 0.50045 0.193546 -0.186641 -0.794167 -0.393831 0.696524 1.28134 -0.117891 -0.204603 0.439797 -1.33803 -0.767788 -0.817188 0.0854898
101 -0.9278 0.0694723 -0.647487 -0.540051 -0.352448 0.11242 -0.13029 0.448483 -0.42375 -0.194802 0.00583668 0.308444 0.0161774 -0.0211996 0.526785 -0.430706 -0.14344 0.830333 0.383092 0.143858 -0.247678 -0.872089 -0.47718 0.688828 1.18426 -0.108566 -0.36886 0.465059 -1.35745 -0.766068 -0.871983 0.137484
78 -0.0143596 0.416546 0.160494 0.43706 0.524208 -0.0584895 -0.672142 0.0121166 -0.75143 0.254497 -0.567 -0.192927 1.32644 -0.467271 0.831343 0.239037 -0.302298 0.668239 -0.624277 0.149846 0.0656365 -0.154339 -0.0168317 -0.483402 2.00349 -0.0931213 -0.149563 0.473918 -0.912964 0.110654 0.148719 -0.178461
80 -0.110358 0.468622 0.157662 0.3273 0.498729 -0.0973866 -0.603241 0.0266655 -0.690631 0.265865 -0.50268 -0.171356 1.21643 -0.422161 0.827182 0.174796 -0.236351 0.575943 -0.60165 0.160038 0.110811 -0.0607933 0.0312218 -0.475802 1.8944 -0.125337 -0.0713947 0.478874 -0.789114 0.233028 0.177683 -0.207041
86 -0.521799 0.33064 0.0966301 -0.332128 0.441293 -0.198186 -0.125527 0.0649614 0.124107 0.041421 -0.394697 -0.153425 0.667385 -0.355005 0.810162 -0.48478 0.152484 0.360008 -0.193219 0.412976 0.0786407 -0.416187 -0.0651922 -0.205668 1.97592 -0.110189 0.271973 0.698905 -0.760403 0.980836 -0.0591594 -0.0633274
20 -0.257892 0.241096 -0.554361 -0.160424 -0.0643345 0.49903 -0.10903 -0.809183 -0.599133 0.384462 -1.49512 -0.0449527 0.986169 0.255797 1.11686 -0.200323 -0.101364 0.710443 0.331957 -0.32158 -0.0508626 -0.528349 -0.128374 0.427937 0.181153 -0.163546 0.465452 0.298716 -1.24767 0.0119685 -0.270097 -0.506356
21 -0.147135 0.292229 -0.46048 -0.224135 -0.178508 0.436434 -0.14781 -0.654182 -0.553627 0.356546 -1.48818 -0.0268862 0.87095 0.15372 0.951433 -0.220218 -0.0865381 0.732136 0.239067 -0.319795 -0.0199557 -0.270489 -0.0328156 0.323508 0.20758 -0.0479824 0.470113 0.11069 -1.11372 -0.103334 -0.237745 -0.377313
22 -0.146987 0.352625 -0.35643 -0.244937 -0.23072 0.363091 -0.160219 -0.522704 -0.510117 0.327388 -1.3187 -0.00695534 0.701377 0.0781008 0.795622 -0.154436 -0.0889812 0.699463 0.14216 -0.313643 -0.038734 -0.165548 -0.0301834 0.256887 0.236887 0.0187978 0.413396 0.0317761 -0.951661 -0.150098 -0.199611 -0.319904
9 -0.907437 0.619798 -0.323332 -0.173247 -0.100976 -0.373385 0.502929 -0.0797458 0.0969117 0.635406 -0.579483 0.296509 0.816093 0.0432604 0.490957 0.0687094 0.425293 0.626864 0.0312682 -0.203101 -0.573127 -0.66494 -0.407473 0.465071 0.656743 -0.131118 0.916212 0.559381 -1.0183 -0.160501 -0.252826 -0.521623
11 -0.827697 0.54127 -0.555587 -0.0752961 -0.0378545 -0.269031 0.575568 -0.17935 -0.00191154 0.592304 -0.617098 0.26445 0.821538 0.134544 0.638983 0.0687683 0.347841 0.608461 0.075698 -0.341023 -0.474328 -0.754864 -0.521471 0.53755 0.602296 -0.0816636 0.889326 0.633607 -1.11741 -0.265494 -0.362699 -0.661422
8 -1.03906 0.682908 -0.158971 -0.286193 -0.151482 -0.479877 0.50552 -0.0356332 0.201355 0.705927 -0.554807 0.357299 0.84394 0.0108974 0.339049 0.0718227 0.458876 0.745272 -0.0344382 -0.0941458 -0.630377 -0.603744 -0.317751 0.440876 0.621428 -0.194148 1.04732 0.481643 -1.02115 -0.0256551 -0.171 -0.433417
6 -1.16282 0.696035 0.0264425 -0.370498 -0.150477 -0.505584 0.468697 -0.00939737 0.322901 0.750088 -0.613368 0.407877 0.804805 -0.0374432 0.230578 0.00405016 0.48377 0.828742 -0.0550149 -0.0329504 -0.650844 -0.562971 -0.266373 0.387006 0.608611 -0.219222 1.0815 0.365599 -0.988485 0.0991755 -0.139965 -0.318304
5 -1.31604 0.659223 0.216358 -0.524605 -0.15695 -0.444418 0.429496 0.064875 0.334698 0.808722 -0.69962 0.423409 0.810135 -0.120723 0.124367 0.00432627 0.348431 0.93631 -0.101355 -0.0143567 -0.737874 -0.543813 -0.265039 0.331195 0.76976 -0.194353 1.09237 0.329003 -1.13222 0.298196 -0.0892194 -0.208546
286 -0.39006 0.105931 -0.013212 -0.158021 0.167105 -0.0866438 -0.124501 0.515141 0.690577 -0.32694 -1.32916 0.502285 0.312975 -0.308781 0.46097 0.622433 -0.357781 0.15551 -0.0202799 -0.525279 -0.373967 -0.670978 -0.387294 0.115006 0.79399 0.284369 0.00618878 -0.343844 -0.886049 0.0536876 -0.074928 -0.666064
284 -0.36385 0.124536 0.0777087 -0.058563 0.0703524 0.0821915 -0.279584 0.339759 0.65536 -0.380333 -1.51959 0.499539 0.318441 -0.435785 0.533531 0.678728 -0.369813 0.239401 0.0985986 -0.581413 -0.404234 -0.896136 -0.277157 -0.0886834 0.869375 0.357906 -0.128748 -0.45519 -1.03465 -0.0341595 -0.223746 -0.730963
245 -0.0320166 0.129421 -0.406995 -0.58828 -0.788399 -0.0551872 0.407566 -0.670578 -0.348526 0.0122309 -0.701457 -0.14138 0.512716 -0.92815 0.172816 0.270438 -0.779204 1.34908 0.202275 -0.633065 0.272287 -0.475581 -0.0710199 0.737407 0.74363 -0.381908 -0.0794376 -0.132463 -0.671338 -0.0255804 -0.307128 -0.922153
243 -0.0483564 0.0909775 -0.364844 -0.590286 -0.65411 0.0162498 0.355151 -0.819752 -0.20787 -0.0860887 -0.689706 -0.0905644 0.545204 -0.773133 0.0876974 0.453845 -0.688714 1.223 0.0942211 -0.697208 0.206152 -0.51353 0.0455615 0.807258 0.881824 -0.421018 -0.00930072 -0.0757431 -0.681161 -0.0713298 -0.277508 -0.977145
242 -0.0709024 0.0949414 -0.332494 -0.69874 -0.690047 0.171156 0.273356 -1.05215 -0.0798343 -0.235922 -0.780829 0.0104716 0.596138 -0.731101 -0.0154984 0.643802 -0.65464 1.19059 -0.0388584 -0.821573 0.257896 -0.511398 0.201841 0.985144 1.11388 -0.521061 0.0925842 -0.0603106 -0.73325 -0.162399 -0.322178 -1.11397
241 -0.0521639 0.0587617 -0.262886 -0.560889 -0.577726 0.174875 0.241522 -1.04376 0.00884164 -0.316711 -0.665715 0.0305993 0.49832 -0.625592 -0.0748614 0.660797 -0.537545 1.0022 -0.13516 -0.769289 0.207758 -0.492662 0.270698 0.973789 1.06553 -0.510749 0.0737897 -0.0777921 -0.64753 -0.169852 -0.278928 -1.09522
272 -0.812078 0.0090178 0.0224803 0.0313046 -0.612503 0.0303726 0.105253 0.103282 0.0793379 0.233101 -0.18549 -0.235851 0.561829 -0.132584 -0.469938 0.818433 -0.182824 0.660724 -0.04273 -0.012514 -0.40821 -0.58162 0.45091 -0.497103 0.877857 0.525454 0.440265 0.683694 -1.77277 -0.0218962 -0.406257 -0.527451
271 -0.718114 0.0433978 0.0559065 -0.00946072 -0.565589 -0.0272684 0.0819444 0.03518 0.0541184 0.255021 -0.17 -0.212429 0.524213 -0.1528 -0.380238 0.657977 -0.198481 0.626156 -0.0720552 -0.0317297 -0.398628 -0.510784 0.429307 -0.434167 0.83917 0.494081 0.432352 0.69543 -1.61042 -0.04123 -0.381962 -0.457779
270 -0.823233 -0.018772 0.0596758 -0.0450841 -0.632782 -0.0740428 0.148709 -0.0180755 0.226315 0.173924 0.00291568 -0.262441 0.533367 -0.12533 -0.506976 0.824652 -0.317495 0.68058 -0.121963 -0.102542 -0.550952 -0.614126 0.5404 -0.448739 0.92788 0.632666 0.547072 0.844932 -1.86678 -0.0491124 -0.484705 -0.554082
269 -0.732635 0.0499943 0.0684052 -0.166412 -0.57228 -0.129208 0.106665 -0.0771222 0.290586 0.14642 0.0803318 -0.196083 0.47837 -0.102426 -0.485268 0.694359 -0.532392 0.685403 -0.201536 -0.100206 -0.64677 -0.627869 0.457389 -0.332915 1.01766 0.607771 0.581066 0.908786 -1.89973 -0.118826 -0.550151 -0.44064
268 -0.581972 0.051979 0.0952173 -0.143995 -0.459177 -0.134995 0.110265 -0.0920116 0.29462 0.0966728 0.07519 -0.178543 0.42787 -0.0720566 -0.425098 0.554038 -0.544615 0.57566 -0.195965 -0.147326 -0.587343 -0.518999 0.370614 -0.288146 0.947036 0.563171 0.483196 0.784697 -1.63572 -0.111143 -0.497153 -0.394905
267 -0.667289 0.13625 0.165515 -0.269551 -0.515653 -0.147335 0.0569105 -0.162477 0.2861 0.165647 0.0957888 -0.185423 0.382537 -0.0873364 -0.465474 0.59427 -0.688168 0.620829 -0.233645 -0.119496 -0.690526 -0.643217 0.494473 -0.323467 1.10419 0.64327 0.547746 0.926278 -1.78299 -0.156256 -0.548509 -0.357231
125 -1.00689 0.0514855 -0.309153 -1.16758 -0.67206 0.699104 -0.163465 -0.963094 0.0344808 -0.0265905 -0.811582 0.430905 0.76479 0.0627203 -0.113657 -0.286169 0.0280164 0.183564 0.0461985 -0.0617745 0.377026 0.0545568 -0.305394 -0.423345 1.36603 -0.029642 0.0597473 0.502039 -0.918254 -0.756337 -0.713878 -0.602276
123 -0.873256 0.0824898 -0.27121 -1.16546 -0.678219 0.652259 -0.158969 -0.882348 -0.0669957 -0.0152216 -0.944798 0.474326 0.766498 0.0778603 -0.0612548 -0.149551 0.0992959 0.21758 0.0484551 -0.0415312 0.352523 0.0531223 -0.250183 -0.359834 1.3562 0.0181987 0.0899759 0.485969 -0.85893 -0.671036 -0.555599 -0.468499
124 -0.930343 0.0294349 -0.266653 -1.05511 -0.636024 0.631601 -0.154244 -0.90723 0.00911025 -0.0385168 -0.822393 0.424635 0.730704 0.120103 -0.110097 -0.243445 0.0820462 0.135564 0.0622746 -0.0527667 0.378767 0.0532767 -0.302811 -0.402401 1.22613 -0.00431692 0.0579166 0.466203 -0.834328 -0.707571 -0.645499 -0.577477
122 -0.637504 0.184756 -0.200913 -1.2143 -0.532545 0.536651 -0.0725316 -0.725185 -0.218662 -0.00698018 -1.06804 0.482698 0.711341 0.11046 -0.0341504 0.0263098 0.189876 0.286112 0.0224552 -0.152392 0.351727 0.00329317 -0.149511 -0.24888 1.21085 0.0539476 0.079723 0.401771 -0.616335 -0.399657 -0.264603 -0.238826
121 -0.464049 0.229347 -0.183294 -0.933481 -0.425897 0.367332 -0.0834582 -0.480188 -0.237626 0.0635509 -0.944451 0.368506 0.601091 -0.0115293 0.0575808 0.0722985 0.0587148 0.322861 0.0236907 -0.131677 0.185736 -0.0888991 -0.101751 -0.139636 1.01996 0.029786 0.073082 0.317674 -0.570018 -0.220383 -0.172021 -0.154496
120 -0.446224 0.269546 -0.158353 -1.30044 -0.473446 0.487287 -0.0547276 -0.627391 -0.326617 -0.0136166 -1.18727 0.478481 0.716309 0.0409902 0.0065405 0.128409 0.203424 0.384679 -0.0111646 -0.225742 0.323014 -0.0415076 -0.0312777 -0.155281 1.22308 0.0676824 0.0840957 0.359074 -0.489382 -0.176671 -0.04917 -0.0485449
109 -0.257843 0.501908 -0.427663 -0.741983 -0.481669 0.206359 0.0428955 -0.0812387 -0.419681 -0.359082 -0.402526 0.811141 0.360343 0.279418 0.350584 0.283994 0.175952 1.15718 0.0299185 -0.103792 0.165272 -0.384935 -0.292006 0.161264 1.2618 -0.0998409 0.0960544 0.227423 -0.205584 -0.289291 -0.135512 -0.155175
75 0.281066 0.131164 -0.040351 0.394659 0.346522 0.170015 -0.76881 -0.205292 -0.790243 -0.00966676 -0.647346 -0.301441 1.18664 -0.415035 0.597861 0.454253 -0.510928 0.692123 -0.697507 0.203983 -0.0260763 -0.363859 0.0182001 -0.471631 1.47611 -0.0704362 -0.474597 0.351742 -1.09082 -0.107493 -0.0890756 0.019634
76 0.198751 0.172194 0.0401813 0.42102 0.413399 0.0716148 -0.631637 -0.102235 -0.650384 0.0495851 -0.462971 -0.228368 1.0854 -0.338255 0.519276 0.342708 -0.42445 0.601621 -0.557411 0.119748 -0.0246877 -0.219813 0.014023 -0.377632 1.41148 -0.043702 -0.283025 0.351083 -0.859941 -0.0518616 -0.0312967 -0.0693863
74 0.230923 0.0756801 -0.235664 0.107526 0.0262859 0.350782 -0.793196 -0.302846 -0.848161 -0.0854276 -0.876515 -0.406687 0.940937 -0.370897 0.582545 0.533049 -0.536731 0.674938 -0.650235 0.246695 -0.221487 -0.495034 0.0628108 -0.455247 1.14216 -0.0752877 -0.557023 0.350061 -1.15579 -0.14319 -0.22305 0.138477
72 0.152043 0.0288273 -0.318182 -0.023549 -0.0626606 0.377841 -0.8149 -0.314463 -0.918382 -0.153408 -1.00205 -0.418723 0.8538 -0.388839 0.606631 0.508054 -0.508236 0.640233 -0.66894 0.332861 -0.220868 -0.525513 0.0663817 -0.456 0.964987 -0.0823239 -0.582784 0.285262 -1.10678 -0.136138 -0.28914 0.212523
71 -0.0727129 0.032388 -0.452885 -0.244388 -0.252942 0.427884 -0.823868 -0.275271 -1.00719 -0.122421 -1.2355 -0.424994 0.625433 -0.380088 0.648453 0.498682 -0.461053 0.540739 -0.609536 0.387502 -0.216938 -0.462523 0.132116 -0.467205 0.865957 -0.119968 -0.460778 0.297731 -1.02614 -0.11286 -0.267961 0.212352
70 -0.147177 0.0104679 -0.373739 -0.253815 -0.195622 0.34988 -0.714036 -0.221509 -0.839013 -0.101875 -1.1376 -0.310927 0.51134 -0.369496 0.565678 0.423642 -0.412959 0.457629 -0.50023 0.343007 -0.143905 -0.392753 0.125733 -0.419208 0.804188 -0.148833 -0.355586 0.234068 -0.855046 -0.0841025 -0.234927 0.15966
73 0.165642 0.0513979 -0.243725 0.0160314 0.011249 0.283977 -0.683932 -0.28805 -0.720895 -0.129463 -0.811507 -0.368435 0.78737 -0.300385 0.458755 0.454856 -0.475623 0.566571 -0.58886 0.214832 -0.152313 -0.423805 0.0570856 -0.394166 0.877581 -0.0522072 -0.474181 0.265568 -1.00741 -0.0822292 -0.23646 0.161264
99 -0.907987 0.0889566 -0.641296 -0.493592 -0.271517 -0.00387791 -0.135913 0.420884 -0.329191 -0.0949518 -0.0341515 0.240374 0.162578 0.038365 0.433437 -0.563768 -0.0100247 0.538 0.161773 0.127424 -0.230024 -0.867717 -0.504808 0.599323 1.1003 -0.061702 -0.456909 0.534655 -1.42408 -0.651175 -0.872881 0.178668
98 -1.01991 0.0206977 -0.541606 -0.538188 -0.2815 -0.178424 -0.16101 0.368535 -0.0564834 -0.0307023 -0.210366 0.235619 0.307506 -0.000549187 0.322377 -0.663949 0.108903 0.295391 -0.162532 0.0990673 -0.222627 -0.857999 -0.639242 0.58015 1.12831 0.00729908 -0.576048 0.63738 -1.61894 -0.499393 -0.825887 0.189551
100 -0.811314 0.0499418 -0.629198 -0.452053 -0.261278 0.0402462 -0.0778608 0.400274 -0.360115 -0.0971356 -0.0150126 0.210652 0.100208 -0.0152584 0.368051 -0.406749 -0.114722 0.569745 0.23327 0.131986 -0.212336 -0.782589 -0.397084 0.527331 1.0094 -0.0636748 -0.362241 0.418394 -1.25502 -0.663007 -0.804653 0.148195
253 -0.147647 0.616743 0.0316202 -0.340024 -0.926934 -0.24867 0.199446 0.181597 -0.576518 0.453981 -0.931276 -0.187179 0.251484 -0.587376 0.00335172 -0.470969 -0.570229 0.351062 0.587354 -0.495826 0.555035 -0.518988 -0.454718 0.052073 1.00764 0.287542 -0.0882128 0.0631054 -0.510066 0.0737776 -0.488385 -0.493457
252 -0.161849 0.759852 0.0150828 -0.411897 -1.06876 -0.28813 0.244515 0.181674 -0.670711 0.523883 -1.02008 -0.229684 0.266827 -0.712334 -0.0320485 -0.554393 -0.691763 0.426455 0.708223 -0.594103 0.618316 -0.656412 -0.510178 0.0731367 1.1173 0.312839 -0.112147 0.0490568 -0.569938 0.114498 -0.542775 -0.586174
254 -0.0972763 0.740572 0.217524 -0.15424 -0.987251 -0.26201 0.254361 0.317353 -0.599874 0.501528 -1.02884 -0.191638 0.350174 -0.515756 0.00612664 -0.51692 -0.716502 0.331921 0.569197 -0.600885 0.577011 -0.554104 -0.62499 -0.0943611 1.2778 0.409402 -0.104052 0.13565 -0.625432 0.056478 -0.485152 -0.624955
255 0.072357 0.729493 0.440077 0.0726017 -0.778689 -0.27806 0.320255 0.521649 -0.499285 0.497756 -1.03429 -0.188674 0.420507 -0.295304 0.00203872 -0.508234 -0.82825 0.29943 0.476998 -0.609681 0.594888 -0.516244 -0.785717 -0.305752 1.40186 0.514552 -0.153407 0.218886 -0.660724 0.0551552 -0.396584 -0.679488
256 0.0689384 0.622595 0.417587 0.136035 -0.617531 -0.225026 0.286868 0.475239 -0.367676 0.423474 -0.882163 -0.137812 0.399387 -0.214248 0.0214345 -0.337341 -0.755456 0.258978 0.366271 -0.540849 0.479312 -0.474424 -0.67408 -0.310991 1.27243 0.449948 -0.113729 0.241658 -0.619804 0.0241822 -0.347699 -0.617352
257 0.0657557 0.748916 0.618722 0.205132 -0.587851 -0.23488 0.295546 0.570722 -0.323245 0.484934 -0.824589 -0.157552 0.472686 -0.121245 -0.0299539 -0.384481 -0.884054 0.336795 0.28329 -0.635621 0.43117 -0.502238 -0.727641 -0.438594 1.47744 0.558317 -0.0820809 0.372928 -0.722576 -0.0210743 -0.316077 -0.645368
200 -0.109528 -0.385057 0.514066 -0.91738 -0.942565 0.0939864 0.144302 -0.336976 -0.0259657 0.341229 -0.805126 -0.101955 -0.139238 -0.663404 0.484842 0.350856 -0.685351 0.622643 0.0462369 -0.263878 -0.670128 0.195366 -0.0364477 -0.00998407 1.69387 -0.129493 0.351468 0.771704 -0.11521 -0.24687 -0.182273 0.025544
209 -0.447035 0.0407098 0.241245 -0.388895 -1.29595 0.711812 0.0943228 -0.247852 -0.583881 -0.153893 -0.35942 0.503701 0.249696 -0.868894 0.324433 -0.678428 -0.480134 0.0374465 -0.110869 0.0602488 -0.663795 0.160896 -0.260355 0.382261 1.33827 -0.375365 0.487526 0.388215 -1.04037 0.443239 -0.140798 0.302836
29 0.379333 0.297183 -0.283778 -0.156174 -0.366806 -0.267498 0.0392555 -0.240442 -0.285721 0.391627 -1.40022 0.197674 0.276808 -0.0762375 0.372427 -0.333262 -0.0303474 1.10602 0.208856 0.037505 -0.31049 0.42308 0.108082 -0.586669 1.0669 0.424623 0.421909 -0.429998 -1.06219 -0.542882 -0.319799 -0.470306
297 -0.965016 0.155039 0.0192965 -1.3626 0.164069 0.116998 0.187314 0.133255 0.234204 0.441133 -1.05282 0.589394 0.264364 0.217832 0.0260027 0.237431 -1.00167 0.291356 0.405224 -0.321764 -0.56132 -0.523613 -0.776383 0.0593964 0.790661 -0.133862 0.584417 0.360331 -0.702114 0.109327 0.243014 -0.0145757
154 -0.077774 0.643343 -0.595082 -0.484658 -0.475649 0.324123 -0.462493 -0.442291 -0.46335 0.195154 -0.528407 0.465015 1.1961 -0.46915 0.0359308 0.561708 -1.18301 0.354608 -0.0424744 -0.016627 0.462816 0.305024 -0.413791 0.0248901 0.693314 0.123229 0.480943 0.526006 -1.08865 -0.124033 0.204915 -0.261451
155 -0.110479 0.69124 -0.677421 -0.586118 -0.488992 0.288754 -0.545356 -0.456537 -0.483981 0.216903 -0.640901 0.476687 1.32174 -0.504617 0.0330698 0.616004 -1.22759 0.420673 -0.0593676 0.0369987 0.520438 0.295406 -0.489765 0.0649738 0.694309 0.0982694 0.53505 0.519656 -1.16972 -0.120327 0.22502 -0.230253
153 -0.155605 0.751485 -0.689301 -0.588335 -0.591809 0.386435 -0.53811 -0.485909 -0.573308 0.244749 -0.520035 0.575344 1.34146 -0.488307 0.028057 0.708428 -1.39522 0.446573 -0.0168468 -0.0323463 0.482194 0.395497 -0.474216 0.063007 0.793873 0.124318 0.563313 0.603531 -1.20999 -0.130605 0.269024 -0.292516
152 -0.149151 0.662757 -0.610253 -0.565371 -0.593539 0.32437 -0.544261 -0.45401 -0.557 0.284063 -0.643043 0.481313 1.27437 -0.439969 0.0625607 0.699777 -1.22148 0.492441 -0.0427037 -0.0034992 0.330007 0.306598 -0.437168 0.0858318 0.817309 0.176373 0.528299 0.623899 -1.23932 -0.15803 0.180819 -0.213903
150 -0.0552622 0.588126 -0.530657 -0.456718 -0.529304 0.317378 -0.511716 -0.407789 -0.537474 0.264922 -0.47977 0.415046 1.10804 -0.33276 0.0127408 0.671032 -1.06066 0.464372 -0.0360819 -0.0456711 0.263805 0.363718 -0.352929 0.155091 0.657033 0.163091 0.500113 0.554144 -1.06118 -0.13678 0.189026 -0.0841908
217 -0.365722 0.679847 -0.199273 -0.416911 -0.807291 0.608491 -0.311904 -0.0931397 -0.307052 0.393659 -0.214328 0.635036 0.482103 -0.109173 0.289969 -0.231854 -0.366996 0.0731826 -0.352906 -0.122497 -0.188543 -0.265133 0.454434 -0.290026 1.11995 -0.617759 0.560074 0.344508 -1.1592 -0.156178 -0.184468 0.284338
218 -0.372677 0.828029 -0.255378 -0.532387 -0.860623 0.673429 -0.416374 -0.0620247 -0.280775 0.515861 -0.255885 0.763937 0.517336 -0.0690929 0.329592 -0.157007 -0.355518 0.0916124 -0.383324 -0.135877 -0.170114 -0.329646 0.61651 -0.332021 1.18077 -0.592345 0.605582 0.381333 -1.35529 -0.201151 -0.213754 0.272948
219 -0.268618 0.960111 -0.285671 -0.700517 -0.813065 0.609562 -0.55721 0.138399 -0.252255 0.557018 -0.313967 1.02665 0.436754 -0.064745 0.301295 0.0090512 -0.256104 0.0371115 -0.323734 -0.2099 -0.171464 -0.166878 0.723676 -0.323354 1.01352 -0.306571 0.538368 0.302378 -1.46396 -0.210977 -0.140467 0.260241
221 -0.265737 0.998764 -0.362187 -0.817812 -0.838361 0.566444 -0.529158 0.202971 -0.191617 0.551005 -0.367562 1.02613 0.434635 -0.0685504 0.354804 0.112601 -0.277705 -0.0245435 -0.276711 -0.298173 -0.26622 -0.133138 0.751377 -0.319243 1.10028 -0.273433 0.462431 0.299661 -1.544 -0.171976 -0.132095 0.26224
220 -0.257246 0.94306 -0.312675 -0.72647 -0.835394 0.613839 -0.5569 0.165625 -0.212879 0.505055 -0.327228 1.02969 0.423937 -0.0709699 0.303328 0.0530683 -0.26551 -0.0121881 -0.266793 -0.264672 -0.19977 -0.164634 0.727266 -0.294803 1.01732 -0.293103 0.496098 0.280841 -1.45948 -0.182291 -0.120655 0.281503
85 -0.48258 0.352669 0.0641952 -0.265455 0.37342 -0.192218 -0.123435 0.120692 -0.0273318 0.105219 -0.359642 -0.206772 0.663268 -0.36612 0.76577 -0.37282 0.173843 0.303005 -0.206748 0.376124 0.0653449 -0.274081 0.0245728 -0.256627 1.78799 -0.0837112 0.232559 0.597129 -0.59963 0.862319 0.0421197 -0.0917061
210 -0.513728 0.170529 0.107553 -0.378795 -1.23995 0.752366 0.113736 -0.26285 -0.515426 -0.179288 -0.360315 0.422248 0.347472 -0.725528 0.311176 -0.681976 -0.462568 0.0368562 -0.128125 -0.0112538 -0.517683 -0.0467984 -0.191818 0.193698 1.33505 -0.532988 0.564253 0.311678 -1.1338 0.478545 -0.209521 0.31212
208 -0.379474 0.0286687 0.252243 -0.346029 -1.1683 0.56309 0.0970684 -0.204377 -0.53367 -0.131872 -0.344353 0.422847 0.192508 -0.784798 0.265272 -0.54419 -0.485 0.0146633 -0.123131 0.088842 -0.63249 0.221206 -0.230828 0.344186 1.18017 -0.276636 0.40412 0.37192 -0.883894 0.320442 -0.0915176 0.22912
143 0.509475 0.0356174 -0.0622894 -0.158065 0.217076 0.119185 -0.362627 0.100658 -0.233107 -0.217606 -0.938448 -0.339164 0.828612 -0.100732 -0.158391 0.145299 -0.356407 0.905434 -0.43647 -0.450017 -0.800951 0.20433 0.0274091 0.577538 0.996339 0.31699 0.411524 0.531883 -1.65199 -0.10185 -0.552538 -0.0137756
141 0.547681 -0.0203568 -0.0185907 -0.173055 0.404068 0.202783 -0.396167 0.0916438 -0.25075 -0.197158 -0.959898 -0.436206 0.819877 -0.048364 -0.235184 -0.12471 -0.551038 0.932297 -0.486255 -0.420136 -0.962351 0.125863 0.0202992 0.523745 1.00657 0.272895 0.440925 0.469636 -1.61919 0.0854917 -0.632508 0.0765199
142 0.467369 -0.0226279 -0.043779 -0.110217 0.336811 0.130993 -0.345602 0.133301 -0.18229 -0.191635 -0.807092 -0.326393 0.718719 -0.0543827 -0.15289 0.0178548 -0.399601 0.827656 -0.401641 -0.360688 -0.770752 0.0982007 -0.00126007 0.467614 0.902579 0.279396 0.361966 0.406715 -1.39368 -0.0152804 -0.50478 0.0612444
134 -0.265783 0.148902 -0.319067 -0.738953 -0.0355226 0.150905 -0.601088 -0.467759 -0.212511 -0.299638 -1.19341 -0.594481 0.740917 -0.305309 -0.397094 -0.370639 -0.780551 0.516463 -0.278552 -0.369495 -0.405151 -0.0696523 -0.297327 -0.16191 0.677784 -0.353734 0.0208942 0.218923 -1.22199 0.585799 -0.545706 -0.343201
126 -1.03411 -0.0156913 -0.322365 -1.04631 -0.617048 0.69 -0.171163 -1.02002 0.064829 -0.0313523 -0.815978 0.386315 0.774704 0.0248083 -0.149037 -0.356402 -0.015616 0.198232 0.0850919 -0.0394454 0.3499 0.0499731 -0.295032 -0.448823 1.29514 -0.0105207 0.0158533 0.471013 -0.92021 -0.778132 -0.791343 -0.673081
128 -0.924688 0.033448 -0.299252 -0.969653 -0.558039 0.619073 -0.239961 -0.893673 0.0160676 0.026126 -0.759533 0.264309 0.70825 -0.0421912 -0.131727 -0.323058 -0.094042 0.220213 0.0527133 -0.0740619 0.271632 -0.00136118 -0.209488 -0.350337 1.13554 -0.0310561 -0.0371554 0.384343 -0.826217 -0.611783 -0.735004 -0.609086
127 -0.93227 -0.000415495 -0.322341 -0.945114 -0.514813 0.608644 -0.224114 -0.862578 0.043409 -0.0247043 -0.677187 0.280168 0.674657 0.0188702 -0.143083 -0.334576 -0.0941755 0.203483 0.0549421 -0.0367427 0.274374 0.0349377 -0.228929 -0.387421 1.13846 -0.0580474 -0.0247675 0.401437 -0.841402 -0.649166 -0.753108 -0.60019
151 -0.155284 0.564122 -0.515773 -0.47628 -0.544226 0.316217 -0.510329 -0.420445 -0.526658 0.279031 -0.422377 0.425354 1.0556 -0.359178 0.0386106 0.648306 -1.11166 0.436603 -0.0253975 0.0165036 0.319838 0.307772 -0.358237 0.0720465 0.671905 0.130283 0.454083 0.519534 -0.966329 -0.0814904 0.204139 -0.110217
249 -0.245283 0.579047 -0.27189 -0.59061 -1.06753 -0.231482 0.277456 -0.211275 -0.635354 0.394095 -0.80564 -0.243128 0.258199 -0.995198 0.0606716 -0.436165 -0.678616 0.837226 0.64991 -0.551781 0.471017 -0.643912 -0.201358 0.427007 0.780561 0.0320512 -0.105755 -0.0633465 -0.568914 0.138774 -0.505738 -0.629389
248 -0.206959 0.379078 -0.351279 -0.555485 -0.87922 -0.190134 0.359177 -0.350885 -0.511244 0.270725 -0.721647 -0.226485 0.342812 -1.00438 0.17752 -0.149732 -0.779596 1.13091 0.457588 -0.546058 0.35919 -0.575943 -0.201035 0.531789 0.709135 -0.155584 -0.117855 -0.0907645 -0.633184 0.100865 -0.381005 -0.734239
247 -0.167843 0.276662 -0.371241 -0.479025 -0.772939 -0.175742 0.32899 -0.436215 -0.441153 0.178171 -0.605868 -0.201435 0.367265 -0.900904 0.177811 -0.0352003 -0.725734 1.16273 0.348581 -0.537441 0.301084 -0.477315 -0.143475 0.493295 0.592837 -0.226376 -0.0926791 -0.125456 -0.593603 0.100095 -0.283638 -0.720222
246 -0.134473 0.23412 -0.432152 -0.57272 -0.845783 -0.133231 0.405243 -0.515264 -0.46976 0.170839 -0.668759 -0.174 0.435383 -1.00531 0.189563 0.0726143 -0.835403 1.35035 0.35538 -0.583418 0.294538 -0.510258 -0.117988 0.603923 0.724581 -0.291819 -0.10465 -0.135829 -0.66452 0.0418412 -0.330864 -0.854354
244 -0.0323012 0.075431 -0.293623 -0.455039 -0.550945 0.0310313 0.283395 -0.637475 -0.210061 -0.0554303 -0.550188 -0.0474438 0.459992 -0.599058 0.0851814 0.328629 -0.553774 0.986386 0.0761506 -0.551038 0.186536 -0.358509 0.0260588 0.612936 0.654659 -0.34595 -0.0168357 -0.0626379 -0.523488 -0.051846 -0.206566 -0.766927
199 -0.154726 -0.383174 0.471321 -0.966432 -0.843389 0.106528 0.153268 -0.310559 0.0700262 0.399418 -0.796969 -0.137535 -0.13946 -0.572145 0.517632 0.399188 -0.636846 0.647799 0.0470557 -0.30077 -0.585313 0.0892041 0.0160616 -0.0961323 1.65718 -0.118972 0.342404 0.771935 -0.097449 -0.268077 -0.195255 0.000539957
282 -0.355792 0.145488 0.144629 0.00158295 -0.00328849 0.259664 -0.320936 0.212944 0.54827 -0.284331 -1.56545 0.469063 0.267353 -0.453238 0.469823 0.722803 -0.383675 0.204747 0.238367 -0.517996 -0.277996 -1.0289 -0.185288 -0.253157 0.776696 0.401671 -0.211067 -0.483789 -0.972882 -0.0754615 -0.262705 -0.661759
281 -0.291529 0.184996 0.231382 0.0640631 -0.0594804 0.47106 -0.432154 0.0827264 0.376918 -0.1171 -1.60087 0.427698 0.387996 -0.452968 0.427656 0.696152 -0.502857 0.191485 0.315631 -0.375743 -0.143547 -1.29004 -0.143704 -0.338112 0.780103 0.401573 -0.424674 -0.255898 -1.00021 -0.184508 -0.338504 -0.518703
13 -0.452401 0.254143 -0.47053 -0.0736002 0.0132126 0.00586639 0.293835 -0.378218 -0.139022 0.387838 -0.73796 0.140351 0.656883 0.145815 0.626241 0.00346974 0.155893 0.45847 0.212325 -0.32462 -0.279821 -0.631657 -0.344103 0.380268 0.339223 -0.0921014 0.543584 0.468418 -0.902258 -0.122176 -0.307098 -0.463983
12 -0.666773 0.41106 -0.585959 -0.0317797 -0.00893529 -0.0980317 0.449643 -0.364552 -0.128321 0.531717 -0.778887 0.18998 0.819394 0.187658 0.759232 0.0141573 0.307025 0.536826 0.183302 -0.388823 -0.405016 -0.816316 -0.45308 0.482381 0.424708 -0.106777 0.764499 0.613625 -1.03222 -0.20859 -0.395732 -0.620788
14 -0.483482 0.278664 -0.62471 -0.0215303 0.0355582 0.0810044 0.27776 -0.576458 -0.328152 0.453402 -0.982006 0.130933 0.848438 0.248757 0.88231 -0.0693153 0.186459 0.496888 0.316904 -0.422807 -0.283466 -0.835761 -0.394923 0.501417 0.160548 -0.136553 0.602618 0.592876 -1.05476 -0.0306509 -0.367141 -0.592663
283 -0.334323 0.0999437 0.0617029 -0.00708337 -0.036443 0.0947489 -0.262804 0.198943 0.484695 -0.294637 -1.27403 0.387398 0.225186 -0.39262 0.427591 0.584438 -0.250978 0.241405 0.13714 -0.466918 -0.341463 -0.753056 -0.20326 -0.106662 0.735013 0.281374 -0.0950659 -0.411263 -0.886271 -0.0396877 -0.195981 -0.62113
292 -0.427137 0.00191184 -0.284658 -0.793946 0.230582 -0.0500155 0.114952 0.431443 0.539329 0.0179296 -0.971759 0.682112 0.557508 0.108871 0.135898 0.238119 -0.983315 0.0640746 0.254986 -0.184017 -0.378119 -0.5216 -0.730463 0.554598 0.978626 0.0923977 0.266076 0.392681 -0.743269 -0.277161 0.166413 -0.285358
291 -0.394146 0.00434415 -0.263605 -0.694182 0.304765 -0.103755 0.125695 0.586793 0.703059 -0.0543961 -1.0634 0.716923 0.575836 0.0693869 0.219079 0.337571 -0.922137 -0.014265 0.214195 -0.234871 -0.396939 -0.516328 -0.79219 0.607417 1.02589 0.192535 0.25641 0.354882 -0.79931 -0.228929 0.209036 -0.402152
10 -0.750134 0.48548 -0.425783 -0.112466 -0.0382039 -0.272045 0.470691 -0.154709 -0.00151962 0.536775 -0.555154 0.200854 0.731364 0.11451 0.548343 0.0817985 0.324204 0.523189 0.0792587 -0.295822 -0.403287 -0.662745 -0.426476 0.444643 0.462946 -0.0776926 0.806229 0.537702 -0.916665 -0.191335 -0.304265 -0.576689
230 -0.411405 0.81913 -0.559162 -0.475742 -0.709805 0.107516 -0.515524 -0.0312896 -0.0607448 0.210411 -0.275539 0.165519 0.561285 0.200068 0.35546 0.554164 -0.538326 -0.246116 0.371148 -1.08139 -0.307966 0.075805 0.364106 0.149609 1.4337 -0.509715 -0.290797 -0.0897497 -1.43257 0.0299001 0.471777 -0.225693
228 -0.449291 0.917173 -0.565769 -0.644104 -0.705868 0.109718 -0.387846 0.20803 -0.0261816 0.285661 -0.370685 0.272752 0.56423 0.178902 0.500384 0.633441 -0.586371 -0.394073 0.285268 -0.948879 -0.269332 0.136305 0.318963 -0.106041 1.3888 -0.371459 -0.264823 0.00881079 -1.51053 0.0326633 0.189668 -0.0935788
229 -0.337663 0.833286 -0.565572 -0.500383 -0.659782 0.108345 -0.44124 0.0596214 -0.067869 0.234839 -0.29762 0.204538 0.510893 0.178879 0.435759 0.530571 -0.485097 -0.314459 0.288443 -0.938886 -0.264905 0.0930408 0.363979 0.0151519 1.26536 -0.426924 -0.24845 -0.0798276 -1.40048 0.0176259 0.298595 -0.124742
54 -1.1339 0.626095 -0.320931 -0.950318 -0.887641 -0.146957 -0.473346 -0.179566 -0.259329 0.36275 -1.12331 -0.0268828 0.593752 -0.29195 0.179947 0.317692 0.00153037 0.680429 -0.0173674 0.406445 -0.42436 -0.164993 -0.403779 -0.255677 0.639823 0.149952 -0.0646456 0.181096 -0.320728 -0.160199 -0.0898565 -0.553987
53 -1.00204 0.489811 -0.190561 -1.09546 -0.859081 -0.0299842 -0.411924 -0.336837 -0.386124 0.657484 -1.33319 0.183072 0.756823 -0.250977 0.100746 0.243264 0.00492503 0.579646 0.0765285 0.443368 -0.656369 -0.410728 -0.296654 -0.137404 0.717123 0.0972896 -0.0273591 0.336252 -0.112525 -0.0922796 -0.00135414 -0.598907
51 -0.920219 0.403606 -0.133126 -1.13224 -0.906229 0.0509705 -0.438488 -0.394241 -0.42062 0.779198 -1.44326 0.195208 0.830789 -0.285292 0.0945642 0.208131 -0.0250929 0.494846 0.0274532 0.474076 -0.765092 -0.502425 -0.312552 -0.104508 0.770793 0.112142 -0.0770438 0.483745 -0.141529 -0.0953707 -0.0501301 -0.607072
52 -0.882629 0.361666 -0.150636 -0.964298 -0.743358 0.01999 -0.393377 -0.339139 -0.336476 0.580109 -1.22176 0.163412 0.658766 -0.220997 0.0759306 0.214548 -0.0113917 0.482546 0.0410813 0.383704 -0.597566 -0.38774 -0.23833 -0.155431 0.670778 0.0918247 -0.0764421 0.343733 -0.0691947 -0.0877678 -0.021496 -0.525654
50 -0.644259 0.385207 -0.218317 -1.12366 -0.854381 0.141393 -0.38774 -0.43698 -0.547459 0.863378 -1.34526 0.212807 0.856098 -0.258574 0.0570609 0.186362 0.0512769 0.371426 0.00833245 0.522285 -0.762384 -0.468571 -0.277848 0.0142567 0.717695 0.124128 -0.0633195 0.506927 -0.207257 -0.0946125 -0.0174175 -0.492096
49 -0.582195 0.356824 -0.163011 -0.972488 -0.74693 0.132818 -0.331649 -0.370445 -0.482891 0.763453 -1.21727 0.148222 0.701963 -0.274504 0.0693159 0.145119 -0.00616174 0.32001 0.00835061 0.488421 -0.656351 -0.39516 -0.245337 0.0235446 0.592042 0.118605 -0.0501615 0.427105 -0.227568 -0.0750533 -0.0130799 -0.43847
27 0.402942 0.355015 -0.260921 -0.0585827 -0.366118 -0.214507 -0.0736885 -0.170578 -0.440336 0.400688 -1.55862 0.1604 0.440385 -0.0509432 0.453216 -0.317114 0.0429752 1.16821 0.0991123 -0.1668 -0.218468 0.424549 0.118247 -0.533721 0.884479 0.450539 0.453825 -0.508222 -1.05245 -0.62363 -0.294859 -0.422942
26 0.239359 0.462459 -0.295772 -0.137537 -0.373335 -0.0274483 -0.155581 -0.200799 -0.573953 0.401404 -1.67267 0.107629 0.520877 -0.0534636 0.590566 -0.331017 -0.00680166 1.12855 0.0839332 -0.270689 -0.137434 0.264325 0.0654082 -0.236778 0.599791 0.44543 0.499327 -0.439563 -0.98216 -0.577924 -0.269753 -0.340233
24 0.155364 0.497689 -0.252612 -0.125643 -0.336735 0.0868934 -0.202266 -0.206324 -0.615542 0.387788 -1.63902 0.0772774 0.594906 -0.0554537 0.61337 -0.229868 -0.0133634 1.02688 0.0318614 -0.392569 -0.0813246 0.163251 0.0461553 -0.111437 0.443489 0.382541 0.48741 -0.380011 -0.940739 -0.485859 -0.240056 -0.287128
23 -0.0385123 0.436454 -0.33363 -0.206715 -0.250854 0.290777 -0.205037 -0.418332 -0.605306 0.369689 -1.57191 0.00771833 0.672368 0.072244 0.769039 -0.209956 -0.0424125 0.899463 0.0912495 -0.392556 -0.0563976 -0.0268593 0.0212105 0.151788 0.262351 0.206381 0.440923 -0.19538 -0.960085 -0.295711 -0.205576 -0.305721
28 0.385643 0.236951 -0.238286 -0.0681919 -0.355849 -0.223101 -0.0469846 -0.196704 -0.355969 0.287736 -1.34913 0.168087 0.355421 -0.0138532 0.371224 -0.296239 0.0196299 1.07431 0.106366 -0.11328 -0.219346 0.361947 0.0945843 -0.540074 0.930773 0.403047 0.378727 -0.462368 -0.886737 -0.576124 -0.305127 -0.404621
77 0.162608 0.293749 0.0794179 0.454702 0.449036 0.051656 -0.743821 -0.0930117 -0.76773 0.136718 -0.566386 -0.200118 1.29081 -0.441718 0.698494 0.371081 -0.495513 0.727813 -0.646638 0.121482 0.0157715 -0.236112 0.0216923 -0.434446 1.89506 -0.105535 -0.278453 0.440094 -1.06638 -0.0300907 -0.00895939 -0.108869
216 -0.440285 0.745081 -0.198598 -0.437621 -0.962111 0.68519 -0.280922 -0.158382 -0.320235 0.406259 -0.233106 0.64168 0.52671 -0.122077 0.345971 -0.269023 -0.43629 0.0711377 -0.387015 -0.145984 -0.193401 -0.366168 0.434662 -0.310237 1.27565 -0.760914 0.615163 0.378504 -1.2765 -0.142923 -0.217817 0.35232
69 -0.271559 0.00868092 -0.501734 -0.41171 -0.325352 0.452091 -0.759102 -0.171955 -1.02291 -0.106759 -1.41707 -0.341759 0.363222 -0.383698 0.687925 0.406996 -0.370346 0.422222 -0.479728 0.392475 -0.163049 -0.379124 0.168313 -0.452385 0.785199 -0.212397 -0.313131 0.261137 -0.807095 -0.0663141 -0.239344 0.170113
68 -0.629238 -0.0114332 -0.578558 -0.617692 -0.528196 0.40301 -0.522567 0.0074916 -0.933169 -0.00443829 -1.62954 -0.179283 -0.0470441 -0.370204 0.759643 0.310003 -0.23243 0.267267 -0.253832 0.376176 -0.0554835 -0.262357 0.275963 -0.369121 0.829264 -0.286944 0.0285525 0.283181 -0.655731 -0.0614735 -0.185682 -0.00787746
66 -0.801586 0.0122236 -0.629227 -0.690766 -0.628751 0.411256 -0.482926 0.0660865 -0.928686 -0.00959314 -1.75879 -0.151007 -0.166881 -0.43371 0.807144 0.281553 -0.243904 0.150774 -0.209583 0.394223 -0.0221236 -0.24284 0.304077 -0.360653 0.935861 -0.365553 0.116769 0.285007 -0.675929 -0.0777044 -0.195826 -0.114748
67 -0.707861 -0.0111665 -0.545498 -0.617006 -0.51493 0.342752 -0.395248 0.0754222 -0.775356 -0.0129607 -1.47665 -0.124039 -0.160878 -0.283895 0.710705 0.238477 -0.176417 0.129367 -0.161875 0.330929 -0.0206539 -0.203374 0.255455 -0.294402 0.685268 -0.277265 0.127745 0.238164 -0.499416 -0.0588839 -0.155726 -0.0644356
166 0.221356 -0.126969 -0.106707 -0.384115 -0.307205 -0.449218 -0.0350028 0.0468667 0.396662 -0.149359 -0.714297 0.79425 0.744986 -0.684489 0.06753 0.0148061 -0.520504 -0.0812299 -0.126672 0.567142 0.780295 -0.302422 -0.0872825 -0.0978479 1.30459 0.0597297 0.329709 0.416017 -1.11767 -0.12101 -0.597731 -0.121391
165 0.188344 -0.126993 -0.18952 -0.424588 -0.27608 -0.487445 -0.0546947 0.0130229 0.445554 -0.158273 -0.80605 0.813023 0.851098 -0.739322 0.0642551 0.00242104 -0.480173 -0.0346972 -0.12251 0.607107 0.918392 -0.355801 -0.0828703 -0.0574438 1.24711 0.0112832 0.356846 0.383033 -1.06845 -0.183615 -0.551107 -0.09
167 0.310823 -0.227965 -0.112226 -0.37395 -0.24987 -0.55066 -0.00237747 0.0606578 0.496565 -0.135426 -0.886807 0.935659 0.795511 -0.835089 0.0674743 0.039374 -0.606416 -0.112272 -0.103457 0.641479 0.868409 -0.313117 -0.0783211 -0.0571021 1.49637 0.06025 0.330295 0.428971 -1.19944 -0.135408 -0.681343 -0.202054
168 0.376497 -0.273081 -0.0682021 -0.376127 -0.226791 -0.582837 0.0729199 0.099835 0.535969 -0.053331 -0.878186 1.02305 0.529322 -0.826543 0.00489745 0.192615 -0.738026 -0.131988 0.0356423 0.56065 0.712535 -0.272488 -0.149972 -0.057778 1.73455 0.108822 0.287055 0.440917 -1.24657 0.0336713 -0.88143 -0.391769
170 0.378193 -0.297044 -0.0708615 -0.308981 -0.166776 -0.551517 0.0398215 0.130724 0.4579 0.00298527 -0.907032 0.9672 0.368045 -0.779446 -0.00869038 0.245317 -0.747049 -0.0610235 0.057613 0.482457 0.560821 -0.262273 -0.159385 -0.0066527 1.69304 0.0649172 0.260879 0.387151 -1.2662 0.124316 -0.836621 -0.379934
169 0.342983 -0.264015 0.00431502 -0.261199 -0.156253 -0.488035 0.0948833 0.115136 0.42721 -0.0247281 -0.833361 0.860337 0.405895 -0.721834 0.0111203 0.173918 -0.690813 -0.11217 0.0395752 0.406785 0.518873 -0.241345 -0.130876 -0.0424506 1.54241 0.0775434 0.198859 0.347058 -1.05894 0.0559243 -0.776317 -0.389744
176 0.0910781 0.0311416 -0.397922 -0.211691 -0.0721918 -0.524382 -0.37398 0.376624 0.0749645 0.339395 -1.08235 0.619412 -0.258232 -0.365925 -0.00423693 0.694577 -0.341722 0.611133 0.249407 0.160452 0.168715 -0.318815 -0.402619 -0.0409239 1.22248 -0.147054 0.647199 0.0900712 -1.48434 0.457638 -0.352919 -0.073195
93 -0.667183 0.0385113 -0.0637369 -0.586778 0.0107969 -0.221087 -0.313984 -0.205469 0.700293 -0.350225 -0.487522 0.43224 0.226729 -0.113263 0.396794 -0.728014 0.172511 0.223212 -0.360201 0.181257 0.0264779 -0.821496 -0.699271 0.418211 1.35417 -0.0186274 -0.241231 0.779197 -1.52188 0.202215 -0.5435 0.0722296
95 -0.798678 0.0397607 -0.206668 -0.536229 -0.101224 -0.237537 -0.307014 -0.0162587 0.513896 -0.272513 -0.442722 0.397584 0.294457 -0.0458596 0.379264 -0.701571 0.171165 0.1661 -0.369926 0.120654 -0.00068601 -0.827254 -0.690965 0.465377 1.22103 -0.0176077 -0.356474 0.70806 -1.57226 -0.000594755 -0.568613 0.0962695
96 -0.926709 0.0479623 -0.374468 -0.576555 -0.23091 -0.230843 -0.227952 0.20957 0.216793 -0.122579 -0.310488 0.308729 0.28983 -0.0217356 0.323359 -0.696354 0.12304 0.220489 -0.278007 0.0793179 -0.0934913 -0.804332 -0.678799 0.495706 1.14048 0.0144598 -0.510696 0.660004 -1.50374 -0.261386 -0.68032 0.116534
44 -0.145074 0.657662 -0.489766 -0.974913 -0.97087 0.0956027 -0.118719 -0.442852 -0.761696 1.318 -1.54994 0.00336385 0.612875 -0.671984 0.163183 0.109496 0.15387 -0.0200782 -0.215724 0.67122 -0.983014 -0.361653 -0.36079 0.11482 0.499691 0.345095 -0.223914 0.58496 -1.02658 -0.124781 -0.234072 -0.356577
42 0.00365232 0.584626 -0.46743 -0.77863 -0.704189 0.0304242 -0.0363629 -0.424028 -0.608689 1.16255 -1.39531 -0.0230841 0.376508 -0.630348 0.18714 -0.0132338 0.00484232 0.0479193 -0.142285 0.634911 -0.833026 -0.263157 -0.199841 0.0269972 0.45538 0.325016 -0.186099 0.421645 -1.05227 -0.0891884 -0.169625 -0.294861
41 0.170849 0.678499 -0.546663 -0.701303 -0.493177 -0.142103 0.168712 -0.558277 -0.446967 1.06339 -1.41911 -0.0343005 0.172299 -0.723396 0.218022 -0.166282 -0.199277 0.143512 -0.0604144 0.722704 -0.737611 -0.225178 -0.0140505 0.0439098 0.510275 0.347224 -0.17056 0.26689 -1.234 -0.120596 -0.139079 -0.37292
40 0.168864 0.576152 -0.502873 -0.595596 -0.387876 -0.170405 0.148913 -0.477556 -0.370387 0.918861 -1.23642 -0.0186756 0.112302 -0.62542 0.234859 -0.185061 -0.177665 0.129044 -0.0286832 0.662079 -0.65561 -0.216648 0.0133954 0.0295159 0.399657 0.300933 -0.136515 0.203105 -1.06131 -0.138902 -0.111097 -0.329418
39 0.219545 0.621551 -0.52064 -0.665518 -0.415037 -0.178625 0.246491 -0.564101 -0.360234 1.05398 -1.39364 -0.0411962 0.126622 -0.738919 0.211831 -0.23535 -0.278502 0.167106 0.0071788 0.790976 -0.765013 -0.239152 0.00874642 0.0393712 0.563427 0.333622 -0.138656 0.246943 -1.28713 -0.0631537 -0.139746 -0.395473
118 -0.242768 0.337942 -0.109757 -1.29069 -0.295215 0.358044 -0.00559318 -0.414137 -0.458241 0.0227693 -1.28375 0.444346 0.720636 0.0123557 0.0383281 0.280159 0.215717 0.499758 -0.0402948 -0.319141 0.280872 -0.134071 0.069281 -0.0366493 1.14474 0.112902 0.0585386 0.305553 -0.308565 0.0906768 0.204798 0.173904
117 -0.213636 0.38684 -0.058928 -1.42597 -0.282345 0.447037 0.0237047 -0.439959 -0.542488 -0.0236209 -1.38845 0.557271 0.822474 0.0497476 0.0768924 0.32388 0.295424 0.581035 -0.0370211 -0.381979 0.329043 -0.143842 0.0847843 -0.0168208 1.34305 0.117907 0.0887769 0.326058 -0.338088 0.0598982 0.219649 0.184708
116 -0.125613 0.413811 0.0367501 -1.49091 -0.139545 0.413784 0.128993 -0.350292 -0.670798 -0.026991 -1.32865 0.646677 0.957119 0.106508 0.0894195 0.403494 0.47607 0.741661 -0.0514246 -0.541494 0.278275 -0.206303 0.0864448 -0.0227678 1.50027 0.0794667 0.138631 0.300462 -0.300028 0.119164 0.293896 0.215225
119 -0.339787 0.354882 -0.125445 -1.45889 -0.35809 0.429442 -0.0413389 -0.510527 -0.498357 0.0134637 -1.35822 0.520822 0.765818 0.058142 0.0494715 0.250784 0.284283 0.528771 -0.0264264 -0.319293 0.307547 -0.101907 0.0474129 -0.103569 1.26537 0.107596 0.0879535 0.32155 -0.418772 -0.000466455 0.141623 0.142794
193 0.127438 -0.364068 0.408744 -0.710302 -0.472467 0.0450139 -0.0735236 -0.395252 0.317042 0.477929 -0.791734 -0.690838 0.127958 -0.825226 0.750456 0.626721 -0.218697 0.770122 0.409209 -0.496225 -0.510119 -0.31183 -0.127595 0.14506 1.35095 0.172076 0.318682 0.775369 -0.27859 -0.0773754 -0.521364 0.28759
175 0.0881811 -0.0107406 -0.39484 -0.150002 -0.0332936 -0.486305 -0.366437 0.389854 0.041916 0.321194 -0.998988 0.531732 -0.343819 -0.276837 -0.0222592 0.673365 -0.286426 0.60089 0.254234 0.136687 0.161991 -0.30469 -0.357709 -0.074837 1.04101 -0.154327 0.604647 0.0332236 -1.34297 0.509287 -0.293746 -0.0579933
174 0.129957 -0.0560514 -0.429939 -0.222546 -0.0636734 -0.617443 -0.367739 0.417309 0.0676291 0.33693 -1.08591 0.67184 -0.427031 -0.329649 -0.0720471 0.695674 -0.383544 0.575523 0.247395 0.205103 0.238701 -0.294133 -0.4228 -0.0803215 1.21996 -0.144876 0.64802 0.0426734 -1.48889 0.596217 -0.366803 -0.0782536
173 0.184503 -0.109056 -0.32321 -0.318639 -0.120338 -0.646633 -0.256627 0.299847 0.206171 0.192091 -0.962164 0.74183 -0.211973 -0.466628 -0.110382 0.547654 -0.469809 0.380607 0.162421 0.30939 0.395398 -0.315856 -0.341049 -0.0712693 1.24531 -0.0765113 0.551161 0.137375 -1.31182 0.498 -0.507393 -0.113358
171 0.292045 -0.19127 -0.215139 -0.28122 -0.134061 -0.638661 -0.129621 0.234119 0.355658 0.0883087 -0.888498 0.821211 -0.0361404 -0.598589 -0.119495 0.424162 -0.613942 0.11941 0.110205 0.373554 0.46832 -0.280256 -0.246402 -0.0585035 1.37983 0.0270167 0.394805 0.196804 -1.23454 0.369341 -0.639273 -0.241103
172 0.170466 -0.0933393 -0.278953 -0.298275 -0.105687 -0.563589 -0.207497 0.268572 0.201583 0.14737 -0.887753 0.660292 -0.135341 -0.421473 -0.0999646 0.46762 -0.497288 0.279805 0.120405 0.255886 0.325778 -0.275718 -0.304019 -0.0591566 1.14941 -0.0259508 0.429904 0.0961804 -1.14815 0.390549 -0.457304 -0.135115
58 -1.18948 0.570824 -0.407927 -0.709999 -0.768624 -0.242929 -0.426191 0.146035 -0.238989 0.0914863 -1.05615 -0.174519 0.365656 -0.28788 0.405709 0.366768 0.00976844 0.623572 -0.0741477 0.473372 -0.140551 0.0421105 -0.434893 -0.276428 0.697892 0.165878 0.0767374 0.120586 -0.471283 -0.176818 -0.173744 -0.540545
59 -1.4439 0.609989 -0.537521 -0.748676 -0.8604 -0.274193 -0.487384 0.241519 -0.326152 0.0257879 -1.23324 -0.193747 0.271943 -0.358868 0.569872 0.429303 -0.0111296 0.713386 -0.0600954 0.606986 -0.0761452 0.116226 -0.478632 -0.348218 0.877757 0.149116 0.12574 0.114847 -0.54781 -0.209026 -0.190406 -0.620663
57 -1.31295 0.665033 -0.464273 -0.749983 -0.850341 -0.261477 -0.492255 0.127245 -0.283495 0.103551 -1.16073 -0.184854 0.444107 -0.3202 0.420972 0.419009 -0.00657697 0.730967 -0.0755874 0.542396 -0.154802 0.0389016 -0.490276 -0.342406 0.743736 0.211448 0.0427071 0.10949 -0.547253 -0.234886 -0.175184 -0.609445
60 -1.41953 0.453407 -0.598159 -0.696232 -0.810726 -0.21089 -0.475221 0.316625 -0.404943 -0.0247663 -1.45339 -0.182152 0.0876865 -0.398639 0.745848 0.389762 -0.0316801 0.59192 -0.01649 0.656001 0.0215661 0.186377 -0.341089 -0.407357 1.02286 0.0640986 0.241966 0.156143 -0.55002 -0.204129 -0.147917 -0.643318
62 -1.45009 0.319251 -0.64231 -0.720024 -0.772722 -0.0750297 -0.392886 0.381337 -0.548825 -0.0552632 -1.67188 -0.103875 -0.12067 -0.420206 0.869592 0.333472 -0.0386196 0.393308 0.0216427 0.650342 0.0660776 0.0973895 -0.143155 -0.445772 1.10069 -0.134735 0.379196 0.220128 -0.596336 -0.215647 -0.141261 -0.639199
61 -1.27387 0.309809 -0.508932 -0.60562 -0.663127 -0.13574 -0.34888 0.320004 -0.391308 -0.0171147 -1.30597 -0.13156 -0.0253441 -0.359755 0.725978 0.292651 -0.0375024 0.433703 0.0271207 0.578118 0.0273506 0.130838 -0.214382 -0.378568 0.927576 -0.0349643 0.293293 0.210931 -0.485269 -0.144 -0.134816 -0.55569
258 -0.0764942 0.758598 0.788376 0.208403 -0.336827 -0.21777 0.293714 0.516997 -0.122274 0.50577 -0.596613 -0.0609571 0.383522 0.034396 -0.0998458 -0.235303 -1.00862 0.351371 0.101081 -0.637302 0.180273 -0.56694 -0.536896 -0.618319 1.51881 0.670256 -0.0545341 0.589082 -0.887983 -0.137267 -0.311278 -0.596039
259 -0.116404 0.735674 0.72456 0.165939 -0.326217 -0.189841 0.245817 0.465202 -0.110795 0.484423 -0.543347 -0.0597602 0.405566 0.00383389 -0.0535863 -0.178774 -0.92213 0.355276 0.0201405 -0.559506 0.130397 -0.540162 -0.443071 -0.579418 1.42158 0.614902 -0.0584972 0.58117 -0.842935 -0.168221 -0.259578 -0.524323
56 -1.37581 0.691483 -0.437039 -0.907555 -0.932762 -0.259054 -0.475068 0.00716321 -0.261111 0.225666 -1.18298 -0.15412 0.52591 -0.327645 0.320739 0.387139 -0.00269793 0.795723 -0.0532063 0.5019 -0.280395 -0.0572452 -0.514157 -0.315114 0.764633 0.208518 0.0263397 0.163799 -0.529188 -0.229447 -0.208432 -0.615443
55 -1.12525 0.585318 -0.376399 -0.837369 -0.813035 -0.183458 -0.406294 -0.111587 -0.241363 0.250562 -1.03857 -0.0762774 0.524385 -0.285537 0.209432 0.307919 0.0307083 0.668783 -0.0345489 0.386899 -0.308684 -0.107621 -0.421609 -0.24332 0.630982 0.162672 -0.0215902 0.18254 -0.443258 -0.192304 -0.141753 -0.518977
261 -0.343118 0.730192 0.755724 -0.0280394 -0.247837 -0.228105 0.0539313 0.22189 -0.0184477 0.495156 -0.29288 -0.00556181 0.276409 0.0453828 -0.152317 -0.00505943 -1.07384 0.393922 -0.167069 -0.4621 -0.254284 -0.713735 -0.0979316 -0.568056 1.53538 0.662893 0.0859726 0.92492 -1.13388 -0.284322 -0.34919 -0.377373
156 -0.0532737 0.509417 -0.573212 -0.464149 -0.332076 0.147107 -0.439097 -0.406775 -0.312349 0.122449 -0.614587 0.407706 1.17351 -0.522497 0.0562702 0.412904 -0.935856 0.433596 -0.128012 0.136976 0.525429 0.121987 -0.360314 0.121026 0.613689 0.033841 0.480949 0.397669 -1.07359 -0.161224 0.148971 -0.0488248
157 -0.0879807 0.349585 -0.451968 -0.402136 -0.271903 0.0131219 -0.344933 -0.281147 -0.138599 0.111126 -0.615089 0.301743 0.934226 -0.462408 0.0505618 0.227782 -0.583612 0.434417 -0.104347 0.1879 0.454181 -0.0599242 -0.258475 0.144895 0.589034 -0.0366081 0.379495 0.303367 -0.946639 -0.132335 0.062157 0.0476986
158 -0.0205501 0.385433 -0.571525 -0.372342 -0.221393 -0.0512672 -0.401717 -0.331194 -0.0559253 0.0780122 -0.647633 0.345782 1.20849 -0.620158 0.0638329 0.248748 -0.706564 0.510763 -0.146073 0.330049 0.690093 -0.0811469 -0.330352 0.215522 0.643295 -0.0696482 0.533991 0.334431 -1.16993 -0.224596 0.148004 0.17856
7 -0.870281 0.578389 -0.136805 -0.261448 -0.154514 -0.400197 0.376572 -0.049046 0.192783 0.578958 -0.521149 0.308416 0.720846 0.00832763 0.306067 0.067046 0.354931 0.609275 -0.000642455 -0.0670576 -0.526707 -0.518579 -0.271255 0.332187 0.509566 -0.16823 0.831852 0.413239 -0.868258 -0.0393219 -0.122754 -0.371404
164 0.10731 0.00267954 -0.38896 -0.417985 -0.24858 -0.479347 -0.304705 -0.0821105 0.419482 -0.114877 -0.872203 0.523931 1.14025 -0.777631 0.0454082 -0.0283211 -0.258829 0.386278 -0.262316 0.658588 0.927832 -0.382249 -0.107944 0.118222 0.955593 -0.118808 0.576332 0.301269 -1.22374 -0.290536 -0.19586 0.317495
260 -0.179405 0.818284 0.826584 0.146262 -0.278321 -0.221651 0.221093 0.413977 -0.081174 0.540937 -0.457739 -0.0565616 0.378508 0.0805684 -0.149275 -0.186303 -1.05612 0.396583 -0.0600059 -0.590485 0.0141302 -0.661372 -0.316791 -0.656493 1.56985 0.687722 -0.0196117 0.78776 -1.03263 -0.232137 -0.337753 -0.520973
79 -0.0751651 0.388968 0.147799 0.334485 0.507057 -0.0658469 -0.580954 0.00569081 -0.67888 0.230498 -0.451256 -0.17259 1.15135 -0.370564 0.764768 0.150717 -0.211371 0.572668 -0.550288 0.120217 0.031765 -0.0558053 0.0202201 -0.425367 1.79413 -0.129774 -0.103307 0.429762 -0.734111 0.156184 0.15641 -0.213305
43 -0.127094 0.560087 -0.421585 -0.79092 -0.776693 0.0960295 -0.111147 -0.361935 -0.650042 1.11276 -1.34204 -0.0346674 0.440206 -0.562892 0.144669 0.0736912 0.142818 -0.0193408 -0.237225 0.564566 -0.803769 -0.289697 -0.276664 0.016197 0.449673 0.294781 -0.222472 0.493255 -0.932139 -0.0991256 -0.2031 -0.282929
273 -0.851925 0.132208 0.0983172 0.0134477 -0.615546 0.112068 0.0223054 0.183755 0.0011456 0.336934 -0.425943 -0.165505 0.474752 -0.143688 -0.423946 0.777704 -0.0888141 0.536623 0.0332452 -0.012682 -0.270871 -0.656604 0.469916 -0.530654 0.770706 0.476094 0.281189 0.587827 -1.61985 0.0209336 -0.327735 -0.440851
114 -0.0461457 0.480823 -0.00417079 -1.49111 -0.150565 0.414754 0.174472 -0.265461 -0.74015 -0.118972 -1.23925 0.784141 0.984062 0.213847 0.176602 0.455632 0.536587 0.918757 -0.066632 -0.536386 0.33051 -0.232326 0.0337292 0.0209578 1.53698 0.0897862 0.148589 0.302055 -0.250235 0.0640421 0.294908 0.205299
115 -0.0795406 0.38877 0.0420311 -1.32784 -0.134256 0.363988 0.0901787 -0.270502 -0.612221 -0.0255082 -1.23127 0.572692 0.853955 0.081556 0.0981181 0.405247 0.412597 0.688044 -0.0413856 -0.517302 0.241055 -0.223632 0.105718 0.0354613 1.38768 0.0648956 0.10018 0.281892 -0.313905 0.0888706 0.294549 0.14989
163 0.0747551 0.0484679 -0.412064 -0.337451 -0.193121 -0.381784 -0.350235 -0.122382 0.33418 -0.0753898 -0.785923 0.399203 1.01418 -0.665822 0.0432237 -0.0131422 -0.16631 0.473206 -0.240235 0.530568 0.853475 -0.376217 -0.11308 0.170067 0.718118 -0.156203 0.542464 0.225168 -1.08515 -0.296482 -0.0450587 0.377972
162 0.0898579 0.101006 -0.4792 -0.403905 -0.208364 -0.41894 -0.349921 -0.119179 0.322027 -0.0642685 -0.922241 0.461686 1.20879 -0.752313 0.0777827 0.0115333 -0.273143 0.522608 -0.242104 0.563145 0.911774 -0.370097 -0.154349 0.173035 0.845725 -0.158633 0.665194 0.273489 -1.24725 -0.331991 -0.003917 0.393348
161 0.00712686 0.223175 -0.540051 -0.374114 -0.120799 -0.324043 -0.391542 -0.242678 0.187014 0.0230266 -0.912443 0.287325 1.30603 -0.762591 0.120177 0.01723 -0.339836 0.72521 -0.228943 0.532956 0.818216 -0.409893 -0.269189 0.270059 0.803555 -0.203609 0.612819 0.267702 -1.35772 -0.319377 0.0724049 0.425228
160 0.0270493 0.198559 -0.506285 -0.261704 -0.0247374 -0.290933 -0.324418 -0.236342 0.165445 0.0352747 -0.788975 0.217807 1.20654 -0.688727 0.0656966 0.0263502 -0.394128 0.673386 -0.216602 0.444469 0.728235 -0.362503 -0.268527 0.298231 0.700747 -0.184014 0.545176 0.233237 -1.24435 -0.294027 0.102283 0.388693
159 -0.000410803 0.325191 -0.598613 -0.383555 -0.0846496 -0.227204 -0.456098 -0.280929 0.0647722 0.0365896 -0.819995 0.303884 1.34526 -0.702018 0.0593008 0.122523 -0.509327 0.641812 -0.219788 0.434893 0.80216 -0.228163 -0.340226 0.263703 0.68867 -0.16724 0.586387 0.309341 -1.30533 -0.268875 0.200928 0.357367
276 -0.466314 0.18853 0.244436 0.0227118 -0.271019 0.702142 -0.23602 0.0724069 0.0347323 0.248214 -1.4108 0.294015 0.545235 -0.342163 0.0364218 0.562563 -0.395172 0.169778 0.295994 -0.0184928 0.163661 -1.33825 0.122612 -0.462252 0.67852 0.417533 -0.394133 0.00763806 -1.01236 -0.143718 -0.358674 -0.186832
277 -0.353872 0.156218 0.226358 0.0392645 -0.242773 0.647131 -0.273736 0.0793204 0.0172775 0.180813 -1.30771 0.280801 0.460481 -0.330242 0.089993 0.513092 -0.351484 0.151467 0.249581 -0.0327429 0.115301 -1.18845 0.0971284 -0.393922 0.67087 0.36106 -0.38812 -0.037649 -0.922739 -0.140109 -0.313631 -0.140779
278 -0.347968 0.17005 0.244046 0.0702205 -0.200365 0.708883 -0.323239 0.0630347 0.103758 0.16246 -1.426 0.326442 0.500564 -0.347871 0.151694 0.572044 -0.427292 0.15268 0.324806 -0.0947806 0.106917 -1.3553 0.045213 -0.444751 0.640869 0.381655 -0.456231 -0.0828952 -0.986136 -0.199761 -0.382974 -0.218579
279 -0.292219 0.180425 0.214744 0.0448296 -0.115746 0.565999 -0.366143 0.0438178 0.23013 0.0327934 -1.48006 0.414819 0.407973 -0.396935 0.288692 0.669042 -0.473122 0.196282 0.332619 -0.218037 -0.0393611 -1.28864 -0.0475919 -0.390595 0.684088 0.392949 -0.405387 -0.158817 -0.918182 -0.214787 -0.33784 -0.386539
280 -0.219025 0.163424 0.219491 0.0831565 -0.0615972 0.500135 -0.375014 0.0433928 0.25782 -0.0139696 -1.42465 0.350408 0.330463 -0.410113 0.366553 0.612637 -0.493468 0.169716 0.346227 -0.258262 -0.0668127 -1.23758 -0.138099 -0.35493 0.657071 0.356305 -0.433138 -0.175857 -0.837974 -0.226561 -0.3182 -0.395683
94 -0.590895 0.0259391 -0.0969953 -0.497091 -0.0234866 -0.198475 -0.276117 -0.103215 0.520729 -0.299987 -0.456599 0.369026 0.241684 -0.0833704 0.322516 -0.60413 0.148388 0.163844 -0.30411 0.0980801 0.0610918 -0.672292 -0.560531 0.337167 1.1231 -0.0216027 -0.243659 0.626097 -1.28085 0.125734 -0.457338 0.0478041
184 0.312794 0.19666 -0.0403266 0.611485 -0.0868304 0.369028 -0.0344875 0.360426 -0.123865 -0.0203436 -0.713615 0.190284 0.602095 -0.833992 0.64658 0.379926 -0.0417172 0.305344 0.61503 -0.087386 -0.847104 -0.322784 -0.444185 0.461405 1.32414 -0.406849 0.393051 0.320016 -0.812076 -0.939831 -0.0290976 0.103912
97 -0.869721 -0.000978427 -0.389451 -0.452493 -0.219258 -0.160589 -0.205921 0.273509 0.0418292 -0.0948433 -0.18438 0.248294 0.214714 0.0326397 0.323444 -0.618736 0.141792 0.22665 -0.169991 0.097881 -0.141382 -0.742982 -0.579539 0.488343 0.953215 -0.000592611 -0.524842 0.536855 -1.3524 -0.366778 -0.672823 0.147858
250 -0.271335 0.604545 -0.204236 -0.556436 -0.986247 -0.197373 0.202271 -0.0749188 -0.584968 0.436291 -0.826175 -0.22583 0.171218 -0.842745 0.0759837 -0.472096 -0.583043 0.579065 0.628837 -0.500266 0.449692 -0.573339 -0.22087 0.30422 0.778117 0.123637 -0.0793917 -0.0056785 -0.518852 0.101996 -0.503762 -0.512896
251 -0.289947 0.651517 -0.152843 -0.573352 -1.10125 -0.253254 0.219713 -0.0431742 -0.695049 0.454213 -0.957494 -0.276103 0.223928 -0.927095 0.0707745 -0.543173 -0.663121 0.612657 0.72234 -0.594326 0.590529 -0.687206 -0.300941 0.288387 0.915056 0.159327 -0.149372 -0.0414994 -0.544882 0.115464 -0.567607 -0.607917
45 -0.288196 0.538938 -0.382122 -1.05042 -1.0165 0.180029 -0.231371 -0.445893 -0.804625 1.32316 -1.5601 0.00794526 0.769377 -0.565368 0.104176 0.134138 0.186378 0.0415965 -0.190697 0.711309 -0.972143 -0.394468 -0.40026 0.108948 0.510134 0.283221 -0.223125 0.637595 -0.786663 -0.119021 -0.14869 -0.390784
46 -0.347068 0.44948 -0.350886 -0.970205 -0.913946 0.162458 -0.217963 -0.41399 -0.675756 1.08277 -1.3381 0.000995273 0.690635 -0.424437 0.095118 0.133589 0.178387 0.0560445 -0.136338 0.587158 -0.774712 -0.307652 -0.343042 0.0473809 0.436174 0.220966 -0.192498 0.527757 -0.542915 -0.0951357 -0.156533 -0.33876
47 -0.393589 0.484582 -0.316647 -1.10391 -0.975799 0.167483 -0.260632 -0.447947 -0.688238 1.20653 -1.4541 0.0604296 0.77759 -0.428535 0.0602278 0.154879 0.160488 0.0932373 -0.128264 0.654524 -0.924129 -0.397344 -0.388762 0.115795 0.534252 0.263041 -0.196534 0.612129 -0.524792 -0.087739 -0.0978359 -0.405229
48 -0.52362 0.386565 -0.166592 -1.07923 -0.885723 0.171979 -0.354921 -0.418944 -0.603678 0.992084 -1.41986 0.183616 0.85837 -0.309969 0.0520339 0.172083 0.0516755 0.294765 -0.035464 0.583187 -0.857723 -0.439104 -0.285438 0.0645313 0.660768 0.137512 -0.121142 0.548314 -0.291501 -0.0951829 -0.00622643 -0.466723
25 0.164905 0.482559 -0.216612 -0.169287 -0.351791 0.000475213 -0.188866 -0.108509 -0.550822 0.351272 -1.53667 0.113109 0.487022 -0.0964748 0.510042 -0.203879 -0.00318862 0.995749 0.00922079 -0.303347 -0.130048 0.22325 0.0567014 -0.197134 0.564727 0.41791 0.449382 -0.385579 -0.861133 -0.492287 -0.210662 -0.252269
275 -0.699555 0.159958 0.170019 0.107021 -0.464933 0.436747 -0.0895215 0.186569 0.0127236 0.349222 -0.802104 -0.0243002 0.480117 -0.163105 -0.303459 0.722728 -0.136365 0.298012 0.13343 0.0438291 -0.0549131 -1.00012 0.370483 -0.569768 0.583693 0.456902 -0.0592955 0.286044 -1.33828 -0.0144108 -0.321493 -0.23217
274 -0.70569 0.187046 0.06164 0.020831 -0.486772 0.184811 -0.0465071 0.178435 -0.0619184 0.339111 -0.51448 -0.101397 0.432878 -0.115516 -0.309009 0.616198 -0.0535313 0.418386 0.0279226 0.00952055 -0.179194 -0.643696 0.337741 -0.452749 0.657555 0.365532 0.160692 0.443121 -1.29533 0.0282531 -0.239234 -0.268834
129 -0.76995 0.128994 -0.319256 -0.906206 -0.416457 0.437062 -0.33375 -0.706779 -0.0187271 -0.0284501 -0.823903 -0.0218666 0.584282 -0.142853 -0.179027 -0.372614 -0.284994 0.281658 -0.00727151 -0.0960615 0.085312 -0.0265559 -0.164393 -0.262507 0.78446 -0.0869895 -0.103949 0.236447 -0.799296 -0.273289 -0.675705 -0.510006
130 -0.559565 0.161462 -0.287783 -0.810626 -0.316533 0.279286 -0.395629 -0.541937 -0.103497 -0.0668351 -0.890855 -0.161847 0.543428 -0.185071 -0.196697 -0.307845 -0.444753 0.336144 -0.0672928 -0.158439 -0.0771261 -0.0842395 -0.165461 -0.20315 0.660379 -0.124348 -0.0771856 0.195755 -0.85577 0.0154384 -0.551371 -0.403907
131 -0.570706 0.207599 -0.303079 -0.897823 -0.320978 0.287235 -0.485052 -0.58846 -0.135715 -0.0913358 -1.06458 -0.252312 0.635712 -0.24685 -0.253362 -0.334773 -0.528141 0.392926 -0.129671 -0.239439 -0.16377 -0.0761629 -0.198265 -0.195655 0.721929 -0.176104 -0.0666596 0.213452 -0.986368 0.107292 -0.596924 -0.431726
298 -0.997681 0.142426 0.116508 -1.31855 0.156881 0.162318 0.18017 0.0967045 0.142188 0.511981 -1.0294 0.556976 0.195323 0.203475 0.0237369 0.20593 -0.925739 0.356163 0.340094 -0.337818 -0.515116 -0.479475 -0.772896 -0.0711645 0.787668 -0.153725 0.631619 0.350583 -0.743941 0.245645 0.212658 -0.0398304
65 -1.16861 0.0966891 -0.767772 -0.902267 -0.804986 0.342881 -0.339266 0.262235 -0.928112 0.0583898 -2.05678 -0.0582276 -0.339977 -0.45578 0.977596 0.22655 -0.144519 0.0324919 -0.0443961 0.469926 0.0808115 -0.184839 0.303034 -0.389756 1.02268 -0.487641 0.377261 0.351674 -0.770516 -0.165961 -0.194408 -0.373709
64 -1.15114 0.106874 -0.705402 -0.883688 -0.78733 0.270029 -0.328338 0.227535 -0.854962 0.0587265 -1.98943 -0.00785907 -0.300435 -0.428133 0.919936 0.22329 -0.117237 0.0880973 -0.00918246 0.429536 0.086089 -0.181085 0.237517 -0.363308 1.04922 -0.436302 0.356255 0.326028 -0.676233 -0.168777 -0.152622 -0.415702
63 -1.35648 0.14056 -0.709811 -0.891555 -0.798793 0.172881 -0.306687 0.351319 -0.794165 -0.0190311 -1.96084 -0.0309673 -0.381936 -0.417992 0.967939 0.272828 -0.0628267 0.148374 0.0190354 0.512029 0.134879 -0.0645903 0.157025 -0.402048 1.10879 -0.427128 0.447025 0.305253 -0.610549 -0.198527 -0.105665 -0.526251
133 -0.277486 0.131948 -0.271991 -0.705975 -0.110781 0.144447 -0.526134 -0.473398 -0.192262 -0.253234 -1.04069 -0.504135 0.648345 -0.283156 -0.326012 -0.319118 -0.63697 0.444908 -0.216157 -0.339795 -0.289263 -0.0576157 -0.24587 -0.139674 0.575467 -0.326714 -0.0110275 0.213572 -1.03196 0.47773 -0.437945 -0.340447
132 -0.460348 0.148459 -0.328859 -0.853014 -0.21284 0.234607 -0.543631 -0.598873 -0.124406 -0.211584 -1.11294 -0.466825 0.666111 -0.267233 -0.367534 -0.382494 -0.68141 0.423893 -0.207084 -0.3071 -0.230163 -0.063144 -0.214889 -0.21607 0.592238 -0.289423 -0.0772317 0.197217 -1.07614 0.35489 -0.570744 -0.41349
223 -0.235162 0.844409 -0.366793 -0.655318 -0.636444 0.367847 -0.398722 0.241249 -0.122452 0.411364 -0.268408 0.804321 0.335548 0.0109455 0.298188 0.279455 -0.327329 -0.216169 -0.0627545 -0.428911 -0.184239 -0.0231485 0.506397 -0.215536 0.939285 -0.269743 0.178774 0.139635 -1.2381 -0.0813131 -0.0271767 0.164174
