300 16
111 0.0833266 -0.519611 -0.460436 -0.022578 -0.908529 1.06006 0.27642 0.230897 0.132672 0.253623 0.642239 0.961688 -0.383718 0.680349 -1.25407 1.89385
112 0.148051 -0.539238 -0.275259 -0.0540093 -1.00948 1.06313 0.390522 0.272768 0.0915537 0.141827 0.516017 0.994853 -0.252096 0.658899 -1.3651 1.61749
113 0.170049 -0.595203 -0.358047 -0.10042 -1.03177 1.1076 0.429169 0.280509 0.046043 0.215346 0.582752 1.01368 -0.301361 0.690609 -1.32292 1.7383
110 -0.0473039 -0.605746 -0.639478 0.0921337 -0.814288 1.05534 0.0451687 0.23237 0.223298 0.19828 0.688309 0.922685 -0.458576 0.632017 -1.13345 2.1617
108 -0.222285 -0.701484 -0.691181 0.160701 -0.687847 1.04259 -0.101485 0.329725 0.234851 0.467706 0.871833 0.823101 -0.638196 0.552012 -0.883935 2.35301
109 -0.126142 -0.530411 -0.669044 0.173504 -0.71544 0.908978 -0.0060289 0.260014 0.279017 0.223304 0.656601 0.805065 -0.546585 0.542868 -0.96863 2.06577
124 0.872434 -0.833371 0.445207 -1.11991 0.185014 -0.00578335 0.385292 0.0834319 -1.08341 -0.291813 0.64547 -0.477792 0.721512 0.329171 -0.549798 2.03949
125 0.924191 -0.912495 0.546725 -1.23127 0.157183 -0.00953909 0.391583 0.0910572 -1.16959 -0.371594 0.738982 -0.396176 0.787794 0.374034 -0.639571 2.34596
123 0.937046 -0.832115 0.418448 -1.09969 0.091931 0.00773609 0.516931 0.0716545 -1.04288 -0.30464 0.625587 -0.403824 0.658392 0.366943 -0.665699 1.86884
126 0.885364 -0.864907 0.637759 -1.04903 0.207559 0.0589201 0.336667 0.0842544 -1.01012 -0.435843 0.784857 -0.127703 0.793253 0.275133 -0.537648 2.22045
128 0.839675 -0.771372 0.748619 -0.855023 0.180033 0.126963 0.235993 0.163326 -0.830624 -0.496266 0.854032 0.0822628 0.768102 0.207485 -0.445487 2.08587
21 1.39347 0.175162 -0.775694 -0.697021 -0.386741 1.27953 0.879242 0.523385 -0.314335 -0.224547 -0.358692 0.0898037 0.135314 0.454639 -0.154732 2.02168
20 1.30063 -0.044571 -0.817216 -0.791158 -0.339042 1.12147 1.19496 0.357412 -0.544509 -0.100349 -0.241702 0.233642 0.434329 0.483124 -0.206235 1.80072
18 1.16646 -0.246424 -0.619321 -0.820109 -0.427835 1.09845 1.38094 0.154347 -0.718289 0.0508847 -0.0838083 0.273332 0.583744 0.507957 -0.190825 1.62796
19 1.19518 -0.166871 -0.667353 -0.771369 -0.302157 1.04335 1.22048 0.291581 -0.576973 -0.0104555 -0.159477 0.193022 0.483424 0.429819 -0.178595 1.67759
17 1.02419 -0.377058 -0.362113 -0.85551 -0.548109 1.21002 1.60914 -0.0115718 -0.966379 0.190095 0.149664 0.368416 0.703981 0.504365 -0.249807 1.52853
15 1.02129 -0.496304 -0.222974 -0.84423 -0.550211 1.28792 1.71286 -0.159624 -1.00322 0.177655 0.252149 0.363332 0.742859 0.430534 -0.209033 1.43185
16 1.04376 -0.433338 -0.328178 -0.785072 -0.476069 1.112 1.57051 -0.0289744 -0.861974 0.163445 0.165887 0.353439 0.756593 0.494722 -0.170208 1.40539
254 -0.209606 -0.384026 0.807189 0.618609 -0.603712 -0.348596 1.10908 0.0175513 -0.482266 -0.122643 0.603936 -0.150432 -0.617488 1.24192 -0.165551 2.24906
252 -0.102691 -0.447428 0.773079 0.519181 -0.463529 -0.146703 1.2095 -0.0368762 -0.305757 -0.0788933 0.775757 -0.306187 -0.626992 1.25488 -0.102922 2.20342
253 -0.109164 -0.37273 0.679489 0.517105 -0.428163 -0.280473 0.930347 -0.021346 -0.363744 -0.0588157 0.660886 -0.208634 -0.489879 1.11035 -0.0370293 1.86455
144 0.117709 -0.343395 -0.844906 -0.652318 0.254857 0.186758 -0.10907 0.498644 -1.68472 0.287927 0.71342 0.44399 -1.06567 0.483579 -0.083295 1.49404
146 -0.253729 -0.0420156 -0.898627 -0.769061 0.186383 0.227922 -0.185196 0.573849 -1.84967 0.36264 0.915574 0.592327 -1.10077 0.285063 -0.268773 1.51363
145 -0.163043 -0.132088 -0.790225 -0.617122 0.148735 0.257961 -0.142847 0.438777 -1.53792 0.338821 0.615174 0.487317 -0.88768 0.263815 -0.132309 1.25631
143 0.451005 -0.660578 -0.782951 -0.563126 0.174394 0.277813 -0.0815235 0.670704 -1.61043 0.236111 0.633659 0.527458 -1.22215 0.686409 0.0390645 1.64472
208 0.546589 -0.537632 0.744662 -0.525954 -0.418383 0.966532 0.454367 0.408917 -0.767056 0.627766 0.938284 0.182469 -1.02643 0.0482028 -0.0990161 0.714623
209 0.523012 -0.492858 0.863641 -0.211513 -0.330554 1.09608 0.286103 0.274134 -0.945733 0.915005 1.04525 0.198737 -0.97299 0.342893 0.132224 0.710988
210 0.352276 -0.287047 0.752858 0.197991 -0.227315 1.2855 0.0418077 0.191327 -1.16425 1.04887 1.06873 0.237728 -0.558399 1.03117 0.36368 1.08276
212 0.261391 -0.133873 0.711442 0.330593 -0.349993 1.31374 -0.0184751 0.17997 -1.24319 1.00603 1.05134 0.315061 -0.359696 1.1977 0.437912 1.30016
211 0.357941 -0.156174 0.688782 0.23841 -0.258024 1.25415 0.080311 0.130529 -1.1317 1.00158 1.04429 0.226371 -0.41845 1.11867 0.454598 1.2161
232 -0.633969 0.687225 0.922372 -1.33754 -0.617942 0.85957 0.597267 0.638204 -0.732096 -0.21897 0.770686 -0.0721875 0.635136 -0.116553 -0.885646 1.18301
231 -0.73453 0.593559 1.00124 -1.54249 -0.687984 1.00902 0.618451 0.554556 -0.916445 -0.288258 0.787981 -0.105213 0.636672 -0.0686243 -0.967828 1.28543
230 -0.66368 0.349093 1.03803 -1.71111 -0.5767 1.09395 0.454704 0.38967 -1.1992 -0.311019 0.653896 -0.0997273 0.471379 0.0466018 -0.860154 1.2738
228 -0.644194 0.236016 1.00348 -1.72966 -0.537793 1.13224 0.331532 0.23958 -1.24601 -0.334134 0.555451 -0.0914459 0.439179 0.0811165 -0.880153 1.15089
227 -0.591936 0.1391 0.899586 -1.62021 -0.395861 1.05625 -0.00518264 -0.00880009 -1.2736 -0.250973 0.461577 0.189274 0.198858 0.104814 -0.722603 1.22751
226 -0.557095 0.126993 0.81059 -1.35496 -0.393631 0.954544 -0.0252943 -0.0550247 -1.09133 -0.193465 0.399905 0.108012 0.0852663 0.142762 -0.652339 1.10127
225 -0.69067 0.127705 0.908317 -1.57799 -0.336107 0.972941 -0.234097 -0.324384 -1.20195 -0.204935 0.413631 0.2883 0.0799809 0.151388 -0.757313 1.33051
224 -0.525238 0.125103 0.765086 -1.14207 -0.268951 0.824879 -0.587769 -0.663854 -1.20685 -0.078745 0.415889 0.57461 -0.0982376 0.321546 -0.515238 1.49823
223 -0.415819 0.0342456 0.656097 -0.86597 -0.169991 0.686516 -0.644347 -0.711139 -1.05218 -0.000765094 0.424691 0.618838 -0.180614 0.417129 -0.428991 1.52168
222 -0.266088 0.023347 0.587525 -0.903737 -0.259628 0.843819 -0.68507 -0.781591 -1.24184 0.0681512 0.405639 0.727636 -0.174571 0.533305 -0.376349 1.65898
235 -0.384534 0.726231 0.76769 -0.954887 -0.675012 0.590825 0.551323 0.731526 -0.493155 -0.177936 0.762821 -0.109147 0.370785 0.161738 -0.757865 1.33777
234 -0.472252 0.83872 0.88337 -1.13746 -0.73406 0.6839 0.61593 0.728117 -0.542159 -0.208512 0.831354 -0.0964958 0.519445 0.120175 -0.895272 1.40216
233 -0.646715 0.669222 0.965226 -1.39538 -0.711529 0.869283 0.610624 0.673852 -0.753465 -0.288725 0.81216 -0.12806 0.592839 -0.0359143 -0.926842 1.37885
229 -0.538853 0.156689 0.945726 -1.5931 -0.521584 1.05837 0.398391 0.350206 -1.22976 -0.307452 0.507561 -0.116084 0.404479 0.0975992 -0.710337 1.12719
207 0.634832 -0.590554 0.77402 -0.750078 -0.499834 0.873955 0.553287 0.51201 -0.628631 0.528366 0.986603 0.202595 -1.2559 -0.190309 -0.297437 0.818136
206 0.727764 -0.726054 0.758225 -1.02382 -0.553696 0.735363 0.748636 0.615725 -0.539792 0.427716 1.01954 0.206832 -1.4813 -0.509578 -0.516613 0.979401
114 0.283768 -0.507509 -0.32174 -0.157675 -0.964061 1.01452 0.540234 0.326177 0.0400415 0.293069 0.561921 0.776822 -0.28021 0.68591 -1.21408 1.43622
274 -0.522717 -0.84974 0.934431 -0.353635 -0.339386 1.40654 0.45263 0.884501 -0.493541 -0.293004 0.323237 -0.140055 -0.024854 -0.0570621 0.331487 1.47736
273 -0.660668 -1.03453 1.0863 -0.384723 -0.35972 1.53046 0.512396 0.912793 -0.456216 -0.377072 0.345512 -0.243761 -0.0337606 -0.0442413 0.298271 1.74694
275 -0.512183 -1.03465 1.20152 -0.48081 -0.325522 1.76473 0.547719 1.07871 -0.600014 -0.289262 0.36353 -0.200946 -0.0408932 -0.0574559 0.423414 1.63832
276 -0.428897 -1.11381 1.24482 -0.68234 -0.294271 1.88956 0.542564 1.14241 -0.634401 -0.234853 0.281456 -0.261567 -0.0195326 0.0268848 0.465378 1.62273
278 -0.167292 -1.11068 1.1983 -0.784313 -0.258928 1.94134 0.572184 1.18591 -0.58996 -0.0909784 0.304587 -0.341538 -0.187156 0.190551 0.405635 1.48794
277 -0.305643 -1.04549 1.15448 -0.663866 -0.292672 1.80524 0.495045 1.07658 -0.583888 -0.126963 0.258475 -0.287753 -0.00439172 0.020297 0.399066 1.39244
103 -0.633711 -0.473995 -0.193254 -0.186906 -0.250079 0.849813 -0.0726575 0.56006 -0.199783 1.19968 0.884486 0.162033 -0.728074 0.164331 0.120001 1.88702
104 -0.693245 -0.5861 -0.336867 -0.12104 -0.320865 1.00321 -0.185478 0.638463 -0.0569818 1.36584 1.03307 0.211649 -0.87089 0.196305 0.0559458 2.19412
102 -0.585616 -0.408852 -0.243892 -0.227905 -0.303457 0.937955 -0.0173515 0.613637 -0.205495 1.1958 0.881097 0.27645 -0.685954 0.148324 0.103457 1.98072
101 -0.478117 -0.220751 0.0101757 -0.511655 -0.289894 0.989324 0.112849 0.724232 -0.461649 1.06421 0.624863 0.414905 -0.435245 0.171149 0.123403 1.52041
99 -0.227309 0.199768 0.267263 -0.997563 -0.268971 1.18452 0.333486 0.842474 -0.807787 0.829639 0.251012 0.69807 -0.0215647 0.243783 0.0555868 1.15889
100 -0.14362 0.00922104 0.163237 -0.67737 -0.336121 0.924331 0.291304 0.543579 -0.613907 0.587008 0.416665 0.402626 -0.287875 0.235251 0.0155185 1.25913
88 0.00817473 0.226199 -0.127758 -0.794605 -0.412976 0.887028 -0.0525662 0.550934 -1.54963 -0.333016 -0.612767 0.40799 -0.330411 0.209444 0.352819 1.40978
89 0.00604436 0.244569 -0.0862149 -1.16094 -0.445723 1.02712 -0.00542212 0.582028 -1.72743 -0.446197 -0.807117 0.638825 -0.506788 0.272355 0.417254 1.60061
87 -0.0712839 0.31492 -0.17099 -0.816716 -0.38757 0.936736 -0.0115474 0.593882 -1.75088 -0.504168 -0.720086 0.456714 -0.349836 0.22168 0.455115 1.62313
120 0.899639 -0.644182 0.201101 -0.833143 -0.335645 0.155461 0.928515 0.303466 -0.654149 0.0659466 0.689525 0.0127714 0.21677 0.544958 -0.86099 1.24398
122 0.877818 -0.703712 0.30973 -0.962595 -0.148851 0.0871034 0.752187 0.222973 -0.862131 -0.101149 0.658358 -0.208134 0.390242 0.49545 -0.718721 1.52373
45 0.365009 0.425981 0.422579 -0.627147 -0.749054 0.424239 0.628524 -0.863665 -0.220518 0.0372004 0.511478 0.502706 -0.757454 0.0452499 0.853592 1.89328
47 0.33493 0.362036 0.47483 -0.659092 -0.673508 0.349768 0.595943 -1.03706 -0.323252 -0.192997 0.335372 0.388488 -0.776517 0.130305 0.760484 2.24929
48 0.327392 0.18936 0.479908 -0.684691 -0.496064 0.345464 0.474599 -1.23676 -0.448684 -0.479801 0.0212229 0.189305 -0.838088 0.160902 0.682501 2.5253
46 0.263542 0.346995 0.412863 -0.618492 -0.63046 0.393846 0.539197 -0.811405 -0.304286 -0.126152 0.422292 0.435683 -0.7032 0.167433 0.660558 1.80954
129 0.733825 -0.665272 0.8608 -0.60907 0.0399553 0.191541 0.261867 0.280598 -0.613519 -0.518672 1.01962 0.548487 0.651509 0.147922 -0.369147 1.85122
131 0.731978 -0.676083 0.993581 -0.360333 -0.137511 0.234829 0.389708 0.597852 -0.561572 -0.495751 1.07816 0.836851 0.429033 0.191005 -0.271348 1.75564
132 0.790547 -0.7058 1.05652 -0.150708 -0.200489 0.206082 0.482331 0.894246 -0.536624 -0.468812 1.16945 0.994901 0.252251 0.265874 -0.224637 1.73842
133 0.636914 -0.600298 0.840023 -0.104266 -0.195572 0.147698 0.427413 0.864683 -0.493766 -0.408653 0.936246 0.884117 0.0727986 0.262281 -0.212941 1.51465
134 0.71432 -0.686274 0.951995 0.00180553 -0.196414 0.0909519 0.443373 1.09172 -0.53089 -0.435304 1.14411 1.07163 0.0910173 0.332482 -0.179563 1.71976
135 0.683687 -0.816625 0.776548 0.0680102 -0.249942 0.0550987 0.539291 1.30038 -0.585701 -0.282749 1.07132 1.08483 -0.234187 0.499657 -0.144073 1.79963
213 0.276597 -0.0859467 0.609265 0.386753 -0.235649 1.27754 -0.161953 -0.0618733 -1.38887 0.98927 0.919523 0.453939 -0.177255 1.36445 0.452798 1.4706
214 0.231254 -0.0785719 0.466249 0.376311 -0.242152 1.10088 -0.140526 -0.0941686 -1.23013 0.904874 0.790291 0.4494 -0.16389 1.16656 0.416617 1.3076
215 0.256884 -0.0348324 0.499246 0.25939 -0.245644 1.21287 -0.298083 -0.322467 -1.44598 0.861083 0.711603 0.546358 -0.13795 1.2896 0.396457 1.55843
205 0.631517 -0.66579 0.662487 -1.00072 -0.48429 0.585551 0.675302 0.589208 -0.494071 0.312965 0.884988 0.212014 -1.34321 -0.469528 -0.488613 0.997411
204 0.659464 -0.684426 0.653177 -1.13092 -0.541163 0.64844 0.831768 0.633593 -0.481715 0.218528 0.94952 0.310429 -1.44615 -0.56926 -0.572167 1.12648
203 0.704559 -0.566162 0.305673 -1.30228 -0.295199 0.52558 1.07104 0.75637 -0.575009 -0.0943666 0.945663 0.299517 -1.44225 -0.591091 -0.577087 1.29613
202 0.720401 -0.528694 0.17176 -1.22686 -0.209231 0.478733 1.04765 0.70643 -0.436136 -0.208877 0.893647 0.225773 -1.32576 -0.597564 -0.585584 1.20662
201 0.780667 -0.491751 0.162785 -1.38641 -0.233745 0.591183 1.20606 0.869476 -0.660719 -0.237379 0.991214 0.286042 -1.45313 -0.617952 -0.539821 1.2907
270 -0.921244 -0.972236 1.17594 -0.46095 -0.316406 1.01871 0.429307 0.401242 -0.347284 -0.263756 -0.0174967 -0.240944 -0.115774 0.128458 0.0686436 1.8277
269 -1.02426 -0.910574 1.17093 -0.830287 -0.442387 0.846391 0.449311 0.0735653 -0.329752 0.0348396 -0.257936 -0.173411 -0.263473 0.432611 -0.241243 1.94343
272 -0.835899 -0.973732 1.15577 -0.422253 -0.324054 1.18011 0.483364 0.635084 -0.435962 -0.310866 0.161415 -0.218021 -0.0707267 0.0233408 0.135042 1.82518
90 0.0604997 0.273652 -0.0267584 -1.44142 -0.38284 1.2129 0.037637 0.663727 -1.77519 -0.0853164 -0.813421 0.823373 -0.436189 0.343841 0.398322 1.49328
86 -0.218269 0.481124 -0.211665 -0.181277 -0.406533 0.931092 0.0416822 0.728872 -1.79107 -0.722555 -0.505438 0.274458 -0.216136 0.146453 0.535455 1.94612
56 0.0803963 0.906269 -0.107897 -0.61065 -0.718578 0.151946 0.743034 -0.765446 -0.527 0.209326 -0.401525 0.0846363 -0.927796 0.547631 -0.743545 2.0501
54 0.169725 0.836718 0.0572718 -0.661695 -0.724415 0.20494 0.678492 -0.992681 -0.451626 0.0543608 -0.410192 0.0742826 -0.903074 0.611762 -0.53039 2.27142
53 0.258606 0.491056 0.262354 -0.678161 -0.642176 0.258251 0.597763 -1.12361 -0.479729 -0.183915 -0.427776 0.120062 -0.783876 0.545003 -0.170163 2.42219
52 0.180399 0.345226 0.299348 -0.53747 -0.497919 0.178943 0.415199 -1.01531 -0.376182 -0.2542 -0.327016 0.0289083 -0.662395 0.437985 -0.0455669 2.07417
51 0.256881 0.303413 0.388005 -0.59678 -0.45906 0.244764 0.455117 -1.26854 -0.442354 -0.40628 -0.35661 0.0500897 -0.816641 0.426587 0.119588 2.51581
130 0.679735 -0.567316 0.829839 -0.435745 -0.0441569 0.213122 0.335421 0.350071 -0.556768 -0.48247 0.951595 0.602598 0.519935 0.173993 -0.321509 1.57271
221 -0.103501 -0.00767779 0.510944 -0.654174 -0.17731 0.884286 -0.719803 -0.809559 -1.29218 0.185344 0.460272 0.775921 -0.290613 0.713225 -0.228821 1.69324
219 0.0971785 -0.0762122 0.402815 -0.378604 -0.140727 0.900741 -0.620149 -0.841386 -1.3244 0.33623 0.335745 0.79086 -0.271894 0.88979 -0.0271031 1.59846
220 -0.0224871 0.0303632 0.40121 -0.483521 -0.131084 0.765733 -0.463674 -0.592816 -1.10473 0.195753 0.334011 0.600877 -0.274156 0.614829 -0.116572 1.4051
6 0.384682 -0.117771 0.0974439 -0.712329 -1.00694 1.16905 1.01489 -0.474382 -1.34647 -0.0934637 0.657994 -0.0479835 -0.049952 0.399038 -0.633278 0.964142
5 0.138618 0.0414521 0.11883 -0.598025 -1.0531 1.17601 0.699517 -0.620537 -1.41475 -0.152538 0.686058 -0.220251 -0.08625 0.413339 -0.596236 0.989597
3 -0.00231433 0.178312 0.159041 -0.549976 -0.968057 1.20134 0.434681 -0.678776 -1.47069 -0.197352 0.674923 -0.254656 -0.091806 0.541261 -0.565807 1.06218
2 -0.25168 0.23703 0.0887557 -0.433294 -0.807647 1.26794 0.246333 -0.519179 -1.53685 -0.230429 0.759176 -0.266555 -0.00862951 0.543027 -0.290203 1.29101
4 0.0524844 0.131909 0.135297 -0.564344 -0.869239 1.05749 0.471209 -0.499735 -1.2362 -0.142283 0.627324 -0.203911 -0.113733 0.476128 -0.491108 1.04756
290 -0.593428 -0.506965 -0.714128 -0.650279 -0.650241 1.17416 0.481407 0.607049 -0.775853 -0.732446 1.2181 -0.397507 -0.708392 0.730174 -0.226456 1.06506
291 -0.725043 -0.431821 -0.713303 -0.445731 -0.64019 1.06148 0.488113 0.376043 -1.03683 -0.937365 1.42332 -0.430245 -0.506644 0.638039 -0.177967 1.32918
293 -0.823348 -0.367703 -0.611776 -0.307324 -0.677596 1.03586 0.48409 0.320074 -1.19818 -0.972987 1.41379 -0.398723 -0.446231 0.611089 -0.15772 1.45819
292 -0.682974 -0.341089 -0.619585 -0.321402 -0.626595 0.865944 0.356084 0.304585 -1.02227 -0.917473 1.24732 -0.435415 -0.447283 0.511446 -0.173579 1.20148
294 -0.844943 -0.194296 -0.373484 -0.150398 -0.802807 1.13673 0.450718 -0.153946 -1.74046 -0.939499 1.47422 -0.455191 -0.163216 0.565637 0.0113844 1.53985
296 -0.875306 -0.101289 -0.248792 -0.129892 -0.71432 1.15905 0.335745 -0.259862 -1.88594 -0.811869 1.42562 -0.452766 0.00761667 0.573624 0.0095925 1.53495
295 -0.750531 -0.0386511 -0.178953 -0.109341 -0.684314 1.0313 0.387563 -0.112989 -1.66726 -0.77207 1.21717 -0.361764 -0.0577061 0.468755 0.0614657 1.31331
159 0.161172 0.986716 0.728934 -0.392696 -0.380865 0.969735 0.906841 0.528734 -1.16424 0.0672871 0.157511 -0.504749 -0.730103 1.0134 -0.768979 0.808306
158 0.0786084 1.10741 1.13282 -0.374816 -0.123916 1.10226 0.937972 0.749221 -1.55123 0.323815 0.0513718 -0.290632 -0.897962 1.08745 -0.948494 0.996096
156 -0.0335837 1.05227 1.09864 -0.388447 -0.0119357 0.987956 0.867719 0.823072 -1.58285 0.451548 0.0135405 -0.190732 -0.947674 0.917543 -0.917519 1.06193
155 -0.142742 1.01435 1.08039 -0.230399 0.131276 0.903653 0.783439 0.946569 -1.6182 0.48729 0.117 -0.047362 -0.974239 0.831418 -0.948201 1.14428
157 -0.0174014 0.974076 1.11464 -0.334885 -0.0107887 0.980699 0.870218 0.691605 -1.41135 0.370874 -0.00873831 -0.246574 -0.829087 0.962026 -0.870552 0.870299
26 0.793766 0.305734 -0.120109 -0.0694345 -0.65184 1.68547 0.486029 0.387613 0.148074 0.199299 -0.25548 -0.69667 -0.426922 0.172169 0.092156 1.92237
24 1.0602 0.277324 -0.350483 -0.196539 -0.544897 1.58772 0.562194 0.427563 0.203577 0.0834612 -0.423275 -0.491086 -0.29195 0.255117 0.0438704 1.86487
23 1.335 0.184279 -0.68724 -0.510324 -0.382125 1.2839 0.653141 0.471136 -0.0797075 -0.212481 -0.390465 -0.0462298 0.0147681 0.408793 -0.0576542 1.84651
25 0.92691 0.297908 -0.245758 -0.0613183 -0.531508 1.46215 0.453119 0.395257 0.236123 0.0861929 -0.299534 -0.57364 -0.347414 0.245078 0.121256 1.74138
119 0.905205 -0.553343 -0.0090447 -0.649659 -0.536943 0.358133 1.08072 0.43299 -0.42719 0.182371 0.731252 0.282548 0.0539225 0.81433 -1.1285 1.23799
118 0.79022 -0.450558 -0.148243 -0.496528 -0.602837 0.447646 1.13125 0.445153 -0.251795 0.241121 0.675751 0.396728 -0.146242 0.786893 -1.07534 1.06756
117 0.825003 -0.504962 -0.110803 -0.543265 -0.68332 0.547167 1.1075 0.451341 -0.271023 0.274285 0.713179 0.452405 -0.132729 0.771399 -1.17305 1.19554
116 0.586625 -0.395773 -0.165247 -0.341664 -0.832174 0.778436 0.896822 0.407348 -0.194164 0.259566 0.636334 0.584703 -0.222996 0.716439 -1.10788 1.31853
115 0.295397 -0.256866 -0.0571281 -0.393769 -0.715051 0.851376 0.563147 0.31554 -0.312601 0.158366 0.482862 0.444528 -0.242718 0.55459 -0.745532 1.35583
297 -0.835023 0.0166285 -0.163295 -0.108904 -0.671862 1.16863 0.250509 -0.435484 -1.76883 -0.647709 1.21511 -0.476703 0.0983188 0.543381 0.00606876 1.474
299 -0.743457 0.0220638 -0.101215 -0.15081 -0.652889 1.18421 0.216794 -0.412515 -1.67282 -0.505867 1.14155 -0.367351 0.114564 0.547311 -0.00496676 1.40504
0 -0.461081 0.199854 0.0113546 -0.243275 -0.641309 1.20236 0.131077 -0.506931 -1.55216 -0.291237 0.872332 -0.302352 0.105783 0.525553 -0.152719 1.36479
298 -0.714388 0.0836212 -0.10467 -0.137233 -0.658805 1.08793 0.246061 -0.443716 -1.57602 -0.543149 1.07106 -0.387926 0.205065 0.529688 -0.0538656 1.31434
1 -0.290553 0.275188 0.078669 -0.331792 -0.661188 1.23175 0.170866 -0.483591 -1.49611 -0.237943 0.722137 -0.274056 0.0463728 0.494087 -0.173909 1.3374
165 0.759723 0.754856 0.0478265 -0.614213 -1.2946 1.03374 0.923729 0.368075 -1.10475 -0.888757 0.767132 -0.795842 -0.698591 1.2427 -0.226666 1.10521
164 0.697287 1.02376 0.0728865 -0.551553 -1.1443 1.04279 0.921547 0.490142 -1.02681 -0.726143 0.714639 -0.850065 -0.688304 1.37187 -0.477761 0.948209
162 0.549587 1.06115 0.229377 -0.422223 -0.977062 1.0136 0.904019 0.525591 -0.995097 -0.516938 0.620724 -0.84737 -0.685123 1.29202 -0.597604 0.921661
161 0.350559 1.05276 0.458438 -0.398682 -0.674598 1.02541 0.866947 0.526388 -1.03414 -0.280603 0.38135 -0.654668 -0.728872 1.19668 -0.670172 0.902758
160 0.299871 0.89234 0.463479 -0.360449 -0.512971 0.91315 0.808995 0.432668 -0.942712 -0.117364 0.246756 -0.534744 -0.649878 1.01021 -0.655024 0.803894
153 -0.287422 0.997988 0.906604 -0.198469 0.107981 0.822163 0.604559 0.924172 -1.57977 0.394494 0.209352 0.00482778 -0.999136 0.671993 -0.935676 1.28652
154 -0.185923 0.937278 0.927385 -0.270043 0.112627 0.79979 0.625803 0.852035 -1.48767 0.392192 0.145422 -0.0574858 -0.911325 0.660683 -0.795676 1.04805
65 0.577162 0.435369 0.403545 -0.515615 -1.40281 0.860332 1.02958 0.291203 -0.791155 1.06364 0.797203 -0.450408 0.0384878 0.526196 -0.505641 1.17217
63 0.473076 0.560412 0.205363 -0.531546 -1.21811 0.530133 0.920326 0.131467 -0.755204 0.819801 0.525855 -0.315419 -0.198934 0.477668 -0.61897 1.19554
64 0.585664 0.474423 0.289474 -0.444962 -1.32666 0.681342 0.922221 0.263507 -0.749183 0.936099 0.673473 -0.41379 -0.032875 0.514306 -0.558495 1.07438
66 0.788785 0.454179 0.53495 -0.62366 -1.76649 0.952207 1.16653 0.311898 -0.97591 1.27804 1.06524 -0.542877 0.252955 0.540497 -0.591958 1.27358
67 0.692808 0.397505 0.470503 -0.599405 -1.6575 0.925071 1.03649 0.351537 -0.909376 1.1847 0.970587 -0.506925 0.146946 0.486118 -0.45815 1.09429
36 0.306242 0.328126 0.358494 -0.613081 -0.97902 1.23304 0.454699 -0.180509 -0.407942 0.835455 0.844394 0.626913 -0.523125 -0.496238 0.680793 1.70026
37 0.278389 0.282205 0.210186 -0.49764 -0.777848 1.00937 0.368743 -0.17056 -0.334778 0.666779 0.661457 0.575328 -0.423608 -0.431871 0.591754 1.37711
38 0.376985 0.409513 0.347721 -0.606443 -0.998215 1.10946 0.50659 -0.223507 -0.316967 0.918547 0.982908 0.817785 -0.561294 -0.456642 0.836591 1.72698
39 0.636198 0.507504 0.349134 -0.688394 -0.983873 1.04852 0.535553 -0.159169 -0.223441 0.917252 1.04016 0.804346 -0.603536 -0.210403 0.965797 1.81508
41 0.642904 0.551284 0.327251 -0.688478 -1.05566 0.981392 0.624967 -0.179059 -0.204965 0.823233 0.99649 0.78174 -0.673626 -0.0680577 1.01104 1.819
40 0.586577 0.558914 0.353458 -0.622169 -0.993633 0.888316 0.504475 -0.160034 -0.182096 0.821238 0.994858 0.707987 -0.593844 -0.140989 0.929979 1.60617
29 0.434418 0.199655 0.0341475 0.11756 -0.83277 1.92724 0.606453 0.294289 0.0932896 0.467498 -0.0268958 -0.985416 -0.544937 -0.0885342 0.153554 2.02784
27 0.610007 0.283883 0.00072081 0.0774865 -0.752094 1.90157 0.534886 0.372414 0.120063 0.320487 -0.158774 -0.914072 -0.508369 0.0700721 0.117546 2.13924
28 0.457319 0.232988 0.0204028 0.118805 -0.725895 1.76694 0.519541 0.329504 0.0906354 0.43136 -0.0542637 -0.888258 -0.475748 -0.00902571 0.130437 1.93398
30 0.263678 0.142774 0.080771 0.0343074 -0.917939 2.00529 0.793247 0.319342 -0.142615 0.498038 0.0779343 -0.849594 -0.465168 -0.302267 0.209573 1.73557
200 0.790902 -0.449016 -0.0811211 -1.48388 -0.162494 0.574375 1.28015 1.0308 -0.913329 -0.494607 0.880039 0.234192 -1.17583 -0.467517 -0.423097 1.18911
199 0.758366 -0.407091 -0.156822 -1.41933 -0.163047 0.555802 1.19514 0.992211 -0.957304 -0.541155 0.799473 0.19151 -1.02829 -0.390625 -0.293393 0.987203
198 0.827538 -0.374528 -0.165613 -1.4443 -0.160059 0.484913 1.23047 1.08051 -1.1175 -0.445332 0.752739 0.234366 -0.990127 -0.337222 -0.264462 1.06167
189 0.656692 0.495561 0.399929 -0.723597 -0.113146 0.0870122 0.74073 0.823828 -1.12118 0.720136 1.18364 -0.34005 -0.0394603 -0.0897419 0.737156 1.46879
191 0.714325 0.34643 0.33252 -0.923933 -0.185747 0.0558562 0.906777 1.01163 -1.33265 0.781386 1.06933 -0.290492 -0.144705 -0.0244516 0.814897 1.60671
192 0.782838 0.052413 0.243364 -1.09305 -0.194204 -0.127374 1.04334 1.17768 -1.41418 0.754387 0.850604 -0.23128 -0.214336 0.0147988 0.796913 1.57993
194 0.828385 -0.0271832 0.224927 -1.13342 -0.191404 -0.164928 1.01788 1.17746 -1.4507 0.679535 0.779401 -0.181616 -0.312558 -0.0499653 0.700281 1.43972
195 0.790497 -0.291564 -0.0369229 -1.1517 -0.176247 0.167973 1.07453 1.09593 -1.18355 0.0619111 0.611048 0.0768334 -0.646896 -0.112114 0.121068 1.10311
193 0.724913 -0.0948602 0.183079 -0.980825 -0.187091 -0.133387 0.916494 1.0414 -1.22406 0.589408 0.634406 -0.12917 -0.177627 -0.006789 0.588121 1.27106
263 -0.732534 -0.457324 1.08706 -0.819661 -0.852678 0.571523 0.580719 -0.204849 -0.217559 -0.135081 -0.419056 0.559964 -0.419084 0.627732 -1.12796 1.74033
262 -0.601572 -0.348743 0.855724 -0.676455 -0.79687 0.50245 0.546605 -0.119838 -0.148415 -0.141715 -0.390509 0.526605 -0.353247 0.510139 -0.977236 1.54405
261 -0.534943 -0.365063 0.993445 -0.618801 -0.980124 0.349501 0.554188 -0.0769695 -0.247551 -0.220137 -0.365372 0.658254 -0.412813 0.691014 -1.01312 1.82365
264 -0.897865 -0.622997 1.10958 -1.00014 -0.720567 0.682415 0.581997 -0.228591 -0.231066 0.0705823 -0.4773 0.33402 -0.496661 0.62054 -0.957024 1.81873
265 -0.861975 -0.655622 0.948943 -0.89055 -0.594471 0.658766 0.504819 -0.163799 -0.165731 0.065357 -0.447298 0.257164 -0.422525 0.595998 -0.684863 1.61973
60 0.208061 0.811204 -0.22437 -0.612267 -0.864975 0.109474 0.928423 -0.178115 -0.839685 0.584246 -0.151415 0.005436 -0.778805 0.526688 -0.947499 1.54783
61 0.272488 0.650057 -0.0585351 -0.556152 -0.861878 0.229822 0.807376 -0.0720022 -0.782785 0.481316 0.00140834 -0.0361084 -0.610391 0.499373 -0.792438 1.27243
62 0.33335 0.782828 -0.0506676 -0.570631 -1.0778 0.223115 0.951637 -0.0935336 -0.857925 0.714533 0.0246965 -0.165223 -0.64103 0.549195 -0.880555 1.34748
59 0.118393 0.991053 -0.294451 -0.615449 -0.763803 0.0430311 0.90751 -0.342576 -0.885315 0.503139 -0.303109 0.066219 -1.02389 0.606828 -1.09355 1.83707
31 0.0861269 0.0321821 0.119644 -0.0667768 -0.860393 1.85746 0.842255 0.275361 -0.339418 0.512748 0.228171 -0.740901 -0.429794 -0.375059 0.162677 1.47172
32 0.128776 0.0455176 0.151303 -0.113297 -1.06286 2.0225 0.937633 0.314338 -0.378425 0.616251 0.312254 -0.794166 -0.490338 -0.39374 0.247468 1.56926
236 -0.203406 0.815188 0.695456 -1.14686 -0.66295 0.420058 0.421804 0.836903 -0.404573 -0.0802594 0.65127 -0.105623 0.258463 0.469663 -0.681539 1.50917
218 0.331107 -0.154726 0.39421 -0.16464 -0.0514242 1.11222 -0.52223 -0.842047 -1.62508 0.601909 0.360751 0.824624 -0.247718 1.1493 0.125871 1.91335
216 0.343835 -0.112202 0.357395 0.0762781 -0.0839358 1.13627 -0.500478 -0.658715 -1.58206 0.676489 0.473963 0.731283 -0.208601 1.20796 0.224053 1.7587
217 0.303458 -0.131368 0.346934 0.0396419 -0.0289399 1.07573 -0.462785 -0.704543 -1.49929 0.648909 0.431402 0.721645 -0.296295 1.15203 0.222154 1.64492
249 0.182877 -0.243189 0.740128 0.103342 -0.175113 0.0194373 1.10464 0.116006 0.307233 0.12004 1.03232 -0.377785 -0.443826 1.48412 -0.0651077 2.07028
251 0.0166547 -0.372564 0.826686 0.315857 -0.31259 -0.110614 1.19401 0.0143997 0.0286161 0.0199811 1.02619 -0.422468 -0.575599 1.42179 -0.102855 2.24418
250 0.142128 -0.325112 0.628634 0.192097 -0.192056 0.0326897 1.0113 0.0737794 0.116081 0.0291789 0.882685 -0.370333 -0.473281 1.17366 -0.0948683 1.88911
142 0.474346 -0.745188 -0.816105 -0.405068 0.245077 0.217164 -0.127341 0.569628 -1.50618 0.272547 0.601578 0.444955 -1.17799 0.707471 0.151551 1.45691
79 -0.189533 0.648677 0.0530844 -0.172939 -1.33003 1.1611 -0.0428047 0.907133 -1.1105 -0.521974 0.0606015 0.35212 -0.120295 -0.245183 0.268091 1.46481
80 -0.236157 0.791527 0.0455196 -0.0563897 -1.38424 1.24182 -0.0501412 1.05869 -1.28382 -0.577674 -0.0183622 0.373826 -0.130741 -0.347872 0.354114 1.71687
81 -0.333796 0.778038 -0.0100548 0.187279 -0.973737 1.12317 -0.013536 1.01162 -1.41449 -0.80291 -0.127162 0.254203 -0.128865 -0.186419 0.445339 2.08922
83 -0.291808 0.740628 -0.0696244 0.119017 -0.788148 1.08453 0.0604033 0.986582 -1.5344 -0.794597 -0.170325 0.22765 -0.154492 -0.0609183 0.453995 2.09884
78 -0.0615158 0.740903 0.157998 -0.29975 -1.68245 1.25954 -0.0257932 1.01614 -1.31716 -0.460196 0.0492621 0.548653 -0.0772801 -0.421663 0.169483 1.53996
179 0.748333 0.497656 0.5443 -0.272308 0.103657 1.05085 -0.198008 -0.175058 -1.20147 -0.0934914 1.66626 -0.298332 -0.301246 -0.654855 -0.731528 1.8161
178 0.565281 0.326 0.430096 -0.214071 0.050774 0.837194 -0.127223 -0.183004 -0.965884 -0.123098 1.35088 -0.237153 -0.164608 -0.549078 -0.568191 1.38095
177 0.801142 0.331942 0.461887 -0.26735 -0.0490936 1.07514 -0.160969 -0.359028 -1.06656 -0.283019 1.57185 -0.230911 -0.248734 -0.736869 -0.481555 1.56663
34 0.223203 0.13555 0.252622 -0.4342 -0.809389 1.27043 0.581757 0.094764 -0.473928 0.440635 0.486039 0.0166347 -0.407717 -0.156406 0.253757 1.37804
35 0.200222 0.247332 0.243128 -0.409799 -0.854518 1.31998 0.510824 -0.0702178 -0.426625 0.672014 0.609032 0.289569 -0.466866 -0.425775 0.469105 1.53817
33 0.155687 0.172035 0.286243 -0.285041 -0.976783 1.70424 0.715391 0.0989343 -0.409623 0.653437 0.500559 -0.208201 -0.447609 -0.421145 0.404913 1.44598
260 -0.377353 -0.303136 1.03942 -0.477809 -1.21582 0.237859 0.506708 0.0422162 -0.402233 -0.400594 -0.37312 0.85599 -0.407981 0.804803 -1.03232 1.93485
258 -0.206416 -0.274857 0.908132 -0.122797 -1.10502 -0.0381939 0.54292 0.117497 -0.429615 -0.4138 -0.218513 0.749663 -0.3806 0.855026 -0.766853 1.96453
257 -0.142512 -0.245132 0.819121 0.31164 -0.959728 -0.237934 0.61847 0.0894354 -0.528391 -0.351684 -0.0495732 0.594984 -0.457386 0.997796 -0.441038 1.98442
255 -0.147183 -0.280514 0.794351 0.644402 -0.904434 -0.425576 0.806165 0.0489177 -0.551234 -0.308528 0.185821 0.393165 -0.544183 1.11607 -0.317863 2.2106
266 -1.04173 -0.781829 1.15508 -1.11235 -0.640601 0.758455 0.516027 -0.192687 -0.293657 0.120459 -0.444784 0.149714 -0.431794 0.680152 -0.717333 1.90466
267 -0.973234 -0.805306 1.17509 -1.02281 -0.577538 0.737394 0.503675 -0.138416 -0.39779 0.11607 -0.379653 -0.0884067 -0.38538 0.567179 -0.454993 1.98834
107 -0.486014 -0.645822 -0.637697 0.036164 -0.440586 0.937666 -0.21524 0.486389 0.181434 0.802377 0.892608 0.562996 -0.785236 0.364237 -0.433636 2.25834
197 0.820775 -0.302592 -0.0981568 -1.39159 -0.217676 0.389199 1.2341 1.1462 -1.28317 -0.15746 0.676196 0.162178 -0.818714 -0.151259 -0.012298 1.13526
196 0.665035 -0.336833 -0.0419947 -1.10817 -0.21325 0.317833 0.970536 0.944879 -1.0287 -0.112438 0.536988 0.116377 -0.640962 -0.0597062 -0.0509933 0.95068
57 0.0793181 0.982672 -0.249063 -0.728709 -0.811137 0.0846423 0.891847 -0.459667 -0.799964 0.380728 -0.389805 0.169621 -1.08752 0.669811 -0.955217 2.03539
22 1.22137 0.188489 -0.64258 -0.519576 -0.314131 1.08842 0.680369 0.450064 -0.17327 -0.188966 -0.326064 0.0758008 0.0956029 0.366651 -0.151073 1.56677
49 0.292385 0.116397 0.437326 -0.520209 -0.398554 0.220553 0.326333 -1.08877 -0.330237 -0.494461 -0.114448 0.165918 -0.717 0.180154 0.568273 2.18467
50 0.383278 0.205246 0.484687 -0.684996 -0.486647 0.338863 0.452987 -1.2058 -0.503319 -0.485018 -0.0998087 0.127386 -0.806795 0.223914 0.552327 2.49302
256 -0.159821 -0.14987 0.661623 0.319391 -0.788363 -0.27497 0.53617 0.0127731 -0.414731 -0.264344 -0.0901914 0.445869 -0.430666 0.865956 -0.4185 1.76694
182 0.724297 0.746458 0.683822 -0.225768 0.367816 0.742014 -0.451315 0.0697965 -1.08969 0.189657 1.57399 -0.600856 -0.472573 -0.460881 -1.00714 2.20936
180 0.747464 0.632254 0.660227 -0.199613 0.42202 0.858943 -0.4146 0.00602597 -1.16648 0.153622 1.72933 -0.538122 -0.441038 -0.634366 -1.05127 2.18328
181 0.595739 0.613641 0.699824 -0.204395 0.387602 0.722537 -0.423867 0.0358528 -1.04351 0.105736 1.50468 -0.557511 -0.389161 -0.477335 -0.958307 1.99128
98 -0.0889871 0.394762 0.437329 -1.31835 -0.159204 1.38584 0.538787 0.935367 -1.08974 0.738312 0.0735043 0.954727 0.179935 0.342979 0.0281617 1.2564
96 -0.0658228 0.511767 0.504007 -1.47224 -0.137021 1.47161 0.5224 1.02394 -1.18955 0.799754 -0.0163403 1.06422 0.252746 0.406264 0.100841 1.27464
97 -0.0765559 0.462451 0.461266 -1.3207 -0.125028 1.36331 0.527297 0.944319 -1.01851 0.726797 0.06342 0.971928 0.252213 0.328325 0.0213752 1.1647
55 0.0489977 0.740067 0.0874533 -0.568752 -0.592105 0.143826 0.565671 -0.76939 -0.402781 0.133043 -0.413494 0.0840097 -0.739958 0.476215 -0.586881 1.82761
58 0.0794839 0.944756 -0.291677 -0.591874 -0.677807 -0.0446747 0.836496 -0.369318 -0.777897 0.366054 -0.359535 0.078111 -0.961764 0.615266 -0.961487 1.75182
183 0.644699 0.857339 0.706742 -0.115317 0.346261 0.544389 -0.526867 0.226282 -0.864185 0.274795 1.51547 -0.688692 -0.466494 -0.372648 -0.826631 2.12524
184 0.534863 0.716826 0.562403 -0.0953521 0.248836 0.494231 -0.363432 0.133551 -0.70266 0.212078 1.21974 -0.504825 -0.322727 -0.246853 -0.569104 1.67281
127 0.728721 -0.708034 0.664755 -0.89502 0.201927 0.0220907 0.216339 0.0749789 -0.747858 -0.488348 0.742152 0.0168534 0.806924 0.226895 -0.445244 1.95374
42 0.634766 0.588492 0.398327 -0.716324 -1.08704 0.759067 0.744492 -0.322781 -0.121026 0.636335 1.01388 0.683238 -0.716771 0.0669703 1.04879 1.7994
44 0.573653 0.485335 0.42205 -0.697497 -0.999558 0.643301 0.76018 -0.484115 -0.140703 0.491478 0.819951 0.697361 -0.694046 0.0809373 1.05724 1.80201
247 0.221262 -0.023266 0.615061 -0.395097 0.0395353 0.182122 0.739759 0.221709 0.468354 0.313414 0.816004 -0.228372 -0.272658 1.35845 -0.0894012 1.65756
248 0.323428 -0.0285586 0.672458 -0.508521 0.016505 0.155819 0.861386 0.292165 0.566371 0.361118 0.912507 -0.340561 -0.353078 1.59162 -0.00665789 1.92078
279 -0.135457 -1.1478 1.06388 -0.897467 -0.343421 1.96202 0.69875 1.11792 -0.470372 -0.173346 0.397731 -0.327738 -0.429899 0.352322 0.324329 1.27014
281 -0.105149 -1.06491 0.894788 -0.890893 -0.37042 1.8319 0.707018 1.00197 -0.370652 -0.092681 0.432871 -0.345923 -0.621263 0.438976 0.25216 1.08576
280 -0.0535658 -0.933053 0.946976 -0.765747 -0.331414 1.63584 0.583385 0.91709 -0.352274 -0.0856568 0.310183 -0.307452 -0.398598 0.36181 0.223496 1.04329
106 -0.514438 -0.588405 -0.474919 0.023109 -0.372357 0.816679 -0.184864 0.451839 0.133275 0.848722 0.965259 0.379326 -0.823347 0.302477 -0.233913 2.15195
105 -0.544304 -0.636414 -0.429124 -0.0113713 -0.362032 0.996408 -0.141021 0.578831 0.0570051 1.05774 1.0284 0.372165 -0.856489 0.299061 -0.190898 2.35185
175 0.731734 0.240545 0.371404 -0.324595 -0.287835 0.98993 -0.0702709 -0.306128 -0.907888 -0.388466 1.2197 -0.193311 -0.225069 -0.532863 -0.185416 1.27135
174 0.776698 0.263702 0.378378 -0.382227 -0.357176 1.10684 -0.0465221 -0.387286 -1.0038 -0.408638 1.32744 -0.27834 -0.252455 -0.552249 -0.195493 1.31608
176 0.765854 0.276018 0.413528 -0.372627 -0.290327 1.19582 -0.0605046 -0.382955 -1.02519 -0.329787 1.42592 -0.18911 -0.247704 -0.613548 -0.27145 1.49829
173 0.715888 0.256623 0.41784 -0.543486 -0.700805 1.12031 0.245809 -0.220894 -1.04511 -0.455839 0.991579 -0.3469 -0.344809 -0.198965 -0.0482213 1.11743
172 0.592833 0.220408 0.365801 -0.577359 -0.762563 1.0705 0.38244 -0.0159492 -0.969208 -0.359292 0.816993 -0.304536 -0.370756 0.103631 -0.0292755 1.16862
171 0.564506 0.211755 0.415484 -0.715379 -1.04876 1.16454 0.6169 -0.0546513 -1.23122 -0.541991 0.743603 -0.450093 -0.438664 0.264507 0.0836713 1.06384
43 0.50729 0.548791 0.322535 -0.670279 -0.954717 0.705826 0.632362 -0.295076 -0.149252 0.562819 0.806763 0.658074 -0.619136 0.0189129 0.950879 1.6271
137 0.712928 -0.892286 0.592222 0.0938786 -0.179465 -0.0164418 0.458866 1.33817 -0.603135 -0.184911 0.978311 1.02866 -0.37321 0.552992 -0.0258857 1.65347
138 0.68105 -0.905281 0.0492111 -0.041091 0.0522326 -0.083138 0.144446 1.19793 -0.97054 -0.0521174 0.844189 0.865533 -0.72408 0.702876 0.0615877 1.6902
13 0.988792 -0.47975 -0.0628664 -0.874164 -0.687067 1.22101 1.69382 -0.126034 -1.04144 0.248603 0.393595 0.376519 0.575791 0.336941 -0.42789 1.21868
12 1.10036 -0.550078 -0.0445328 -1.01086 -0.711828 1.43107 1.9109 -0.210375 -1.19664 0.223918 0.495135 0.534129 0.560992 0.374465 -0.499599 1.37018
14 1.06275 -0.545946 -0.09785 -0.882984 -0.694791 1.31035 1.76843 -0.110928 -1.04941 0.23446 0.411594 0.433453 0.655923 0.378628 -0.366866 1.35896
242 0.487065 0.572969 0.420583 -1.52372 -0.272338 0.191425 -0.00975076 0.736029 0.180669 0.385116 0.300239 0.00289142 -0.208877 1.43582 0.00813612 1.89288
243 0.487808 0.390319 0.466542 -1.47864 -0.0824506 0.288849 0.195138 0.606513 0.399493 0.548179 0.429972 0.00305647 -0.21865 1.48546 0.019513 1.83242
241 0.424954 0.628018 0.306841 -1.52362 -0.36345 0.0937996 -0.153828 0.764507 0.0616221 0.329736 0.187878 -0.00440053 -0.242756 1.27026 0.00914044 1.82418
240 0.502205 0.661237 0.311088 -1.61951 -0.456509 0.193027 -0.104291 0.904401 -0.0417495 0.321151 0.278482 0.00675016 -0.23154 1.4134 -0.032198 2.10009
239 0.372106 0.7829 0.33771 -1.62689 -0.517269 0.138032 -0.119701 0.939496 -0.0856507 0.222977 0.229581 -0.046966 -0.171327 1.32519 -0.119734 1.91273
237 0.132811 0.772847 0.426548 -1.48451 -0.654657 0.226838 0.0403942 0.969735 -0.188415 0.104966 0.416061 -0.106321 0.0626333 1.02062 -0.298508 1.75999
238 0.265416 0.646698 0.355774 -1.33073 -0.513497 0.203326 -0.00280413 0.815671 -0.149705 0.194969 0.315622 -0.0651656 -0.0974146 1.06876 -0.175261 1.68488
152 -0.447586 0.881801 0.499684 -0.195912 0.15513 0.575049 0.388047 1.00357 -1.57378 0.455902 0.42293 0.317435 -0.988888 0.421401 -0.88203 1.32478
151 -0.379562 0.801878 0.379565 -0.156294 0.198176 0.445239 0.285433 0.816103 -1.28934 0.39249 0.358818 0.242952 -0.790829 0.373693 -0.767792 1.09921
150 -0.500659 0.825602 0.264236 -0.293104 0.173186 0.364902 0.186262 0.951695 -1.57418 0.406925 0.584487 0.442477 -0.948312 0.328367 -0.8359 1.30091
92 0.059016 0.324668 0.081243 -1.64136 -0.331412 1.19794 0.109893 0.707619 -1.61255 0.134947 -0.738508 1.02312 -0.312548 0.32927 0.363017 1.47424
268 -0.872108 -0.773552 1.02481 -0.753185 -0.400228 0.616592 0.33754 -0.0214995 -0.330463 0.0746845 -0.284213 -0.173804 -0.254618 0.382708 -0.255856 1.67505
271 -0.733457 -0.844179 1.02777 -0.383298 -0.311717 0.958829 0.360604 0.50283 -0.354532 -0.248153 0.023934 -0.230295 -0.0367457 0.081667 0.148483 1.527
259 -0.262592 -0.227155 0.912942 -0.308957 -1.13874 0.124682 0.473684 0.0668255 -0.408077 -0.418945 -0.35583 0.776807 -0.322399 0.720722 -0.88668 1.80192
244 0.430605 0.314944 0.46935 -1.3688 -0.0404469 0.311524 0.204666 0.520357 0.326493 0.531348 0.451969 0.012459 -0.222198 1.33219 0.0267035 1.71169
149 -0.635298 0.587935 -0.302123 -0.54634 0.142212 0.270502 -0.0527581 0.85318 -1.75079 0.397361 0.861464 0.713076 -0.941994 0.101949 -0.690933 1.43024
147 -0.576666 0.28623 -0.627059 -0.709442 0.173383 0.205807 -0.18946 0.765393 -1.87719 0.3913 0.991383 0.720755 -0.93356 0.104408 -0.507239 1.48224
288 -0.466079 -0.61272 -0.767147 -0.896409 -0.64339 1.34411 0.629204 0.762113 -0.706043 -0.548349 1.18427 -0.385078 -1.00479 0.849128 -0.242015 1.07679
287 -0.434147 -0.65914 -0.650146 -0.999162 -0.525878 1.40349 0.663893 0.818427 -0.572654 -0.488416 1.02457 -0.285393 -1.07322 0.89431 -0.234685 0.948577
286 -0.215622 -0.668887 -0.360065 -0.865862 -0.419512 1.2523 0.659537 0.680072 -0.440193 -0.288249 0.783719 -0.224257 -0.96852 0.68801 -0.151471 0.779904
285 -0.32861 -0.780942 -0.341677 -1.01644 -0.53712 1.56373 0.772739 0.815052 -0.571712 -0.337366 0.913756 -0.30341 -1.07945 0.841233 -0.171024 0.847639
246 0.389368 0.0597497 0.698688 -0.798708 0.0993501 0.297398 0.733031 0.347707 0.577266 0.476797 0.879098 -0.20208 -0.304251 1.64841 -0.0141066 1.97036
245 0.452675 0.206514 0.629755 -1.2513 0.0248566 0.3395 0.506352 0.457118 0.533443 0.594364 0.683296 -0.0680656 -0.326528 1.60357 0.0407186 1.90236
10 0.787978 -0.393186 -0.0157793 -0.782224 -0.698068 1.07343 1.38571 -0.0839951 -1.05991 0.186904 0.512732 0.322615 0.204129 0.349933 -0.508827 0.981818
9 0.833951 -0.446192 -0.0286145 -0.834826 -0.751338 1.20129 1.49083 -0.198268 -1.14391 0.177656 0.544519 0.307197 0.270911 0.379401 -0.590817 1.088
8 0.512655 -0.248499 0.0719493 -0.730778 -0.985894 1.11288 1.21781 -0.394725 -1.2274 -0.0333305 0.570345 0.0626442 0.0236023 0.290657 -0.642661 0.93878
11 0.939987 -0.495132 -0.0433602 -0.881403 -0.798007 1.3508 1.70493 -0.194964 -1.24598 0.239743 0.532832 0.43556 0.406751 0.370011 -0.550048 1.2469
95 -0.108734 0.451032 0.42948 -1.61878 -0.0665476 1.47047 0.436796 1.02843 -1.26482 0.77143 -0.223695 1.19085 0.23551 0.406768 0.196011 1.39379
93 -0.0549024 0.412607 0.377092 -1.56858 -0.128695 1.31479 0.363063 0.913515 -1.31395 0.560699 -0.369275 1.07919 0.0478347 0.419244 0.246974 1.32701
91 0.0129489 0.331993 0.0616969 -1.41077 -0.331341 1.06741 0.03044 0.614402 -1.63049 -0.0639364 -0.793668 0.836898 -0.444601 0.364769 0.347191 1.30966
188 0.601469 0.714379 0.450139 -0.500271 0.0134809 0.287524 0.250335 0.561428 -0.974358 0.494811 1.26486 -0.426053 -0.132642 -0.153376 0.282522 1.47741
187 0.556327 0.71135 0.493809 -0.40038 -0.00176089 0.491504 0.00875407 0.372176 -0.922384 0.36491 1.25325 -0.43288 -0.214502 -0.163004 0.0211202 1.4483
186 0.585519 0.74202 0.580962 -0.390966 0.0879241 0.500486 -0.103314 0.423602 -0.86061 0.382928 1.31846 -0.505847 -0.207588 -0.186255 -0.150568 1.69514
185 0.61754 0.798429 0.65783 -0.197583 0.20442 0.637552 -0.329562 0.291974 -0.870498 0.264175 1.45894 -0.567626 -0.362681 -0.219049 -0.633407 1.99764
94 -0.0842243 0.4439 0.279029 -1.38378 -0.143246 1.2052 0.324905 0.852488 -1.11006 0.577321 -0.278937 0.999517 0.175764 0.345776 0.275698 1.16151
85 -0.206235 0.549872 -0.204724 -0.0483253 -0.468774 0.911352 0.0270094 0.70229 -1.64096 -0.779695 -0.444744 0.163599 -0.134435 0.0310528 0.562738 1.8421
84 -0.234455 0.574199 -0.167964 -0.00642037 -0.542945 1.03049 0.0384649 0.80445 -1.75629 -0.792714 -0.420578 0.20501 -0.144453 0.043697 0.553604 2.06077
190 0.573463 0.339783 0.343888 -0.690204 -0.119097 0.0305271 0.771553 0.7747 -1.07087 0.660094 0.947419 -0.299389 -0.017687 -0.0390641 0.669206 1.25079
141 0.657196 -0.865469 -0.724932 -0.42966 0.194929 0.104781 -0.0179405 0.797308 -1.45047 0.188196 0.659855 0.554303 -1.185 0.810916 0.115992 1.64366
166 0.672663 0.655511 -0.00330729 -0.49863 -1.16379 0.955031 0.769062 0.327059 -0.959695 -0.805151 0.67694 -0.675738 -0.532311 1.06677 -0.179426 0.850831
167 0.756082 0.605487 0.104434 -0.669641 -1.34473 1.06767 0.870893 0.251344 -1.1757 -0.856073 0.660183 -0.695767 -0.590169 1.05611 -0.110011 1.03495
82 -0.333998 0.692169 -0.038594 0.213426 -0.657857 0.997441 -0.00548962 0.873451 -1.29258 -0.725411 -0.130953 0.19057 -0.152995 -0.0975659 0.38796 1.90236
68 0.710518 0.376256 0.536717 -0.682278 -1.82843 1.11993 1.05227 0.347126 -1.0927 1.32519 0.96554 -0.44549 0.236433 0.43651 -0.44764 1.18138
69 0.676424 0.321054 0.517555 -0.672295 -1.77403 1.03597 0.822537 0.298308 -1.25465 1.1866 0.726111 -0.265798 0.23729 0.28703 -0.318731 0.894584
70 0.632391 0.262033 0.385801 -0.567863 -1.54316 0.932304 0.774258 0.206672 -1.14106 1.01612 0.552425 -0.170761 0.190968 0.284049 -0.328603 0.70731
71 0.641178 0.247001 0.513242 -0.742778 -1.74878 1.09384 0.748066 0.251315 -1.42597 0.962704 0.485202 -0.0841966 0.226699 0.220377 -0.323096 0.808535
7 0.362241 -0.180701 0.0556927 -0.635865 -0.922916 1.03529 1.05477 -0.271222 -1.12397 0.0160359 0.553156 -0.00571253 -0.00216243 0.279542 -0.569944 0.894097
168 0.681959 0.401932 0.219936 -0.740595 -1.40253 1.1305 0.948514 0.165463 -1.29632 -0.906521 0.620806 -0.6889 -0.667805 0.87129 0.129072 0.928585
170 0.640451 0.212958 0.251674 -0.716683 -1.32614 1.18542 0.838269 0.0809138 -1.25942 -0.691522 0.551188 -0.633202 -0.57296 0.627423 0.0993794 0.940944
169 0.60794 0.283644 0.279393 -0.674304 -1.30352 1.09942 0.834327 0.0735363 -1.24694 -0.76624 0.559181 -0.650526 -0.602094 0.688976 0.196347 0.935472
282 -0.0411327 -0.974112 0.629377 -1.04727 -0.4498 1.66829 0.752865 0.895349 -0.341004 -0.0904815 0.476469 -0.272196 -0.805183 0.550449 0.0325482 0.910621
136 0.616959 -0.729509 0.676225 0.0968452 -0.255551 0.0271614 0.446307 1.16814 -0.514115 -0.244299 0.946984 0.995382 -0.251378 0.48232 -0.0617426 1.55919
139 0.703375 -0.830685 -0.0450608 -0.00583221 0.0686083 -0.0268578 0.174895 1.03562 -0.885097 -0.0422089 0.755781 0.717487 -0.69392 0.705866 0.0891759 1.51567
140 0.691055 -0.995229 -0.227587 -0.139124 0.145474 -0.00131648 0.080228 1.06987 -1.06805 -0.0449384 0.793301 0.78091 -0.877331 0.767759 0.130913 1.71569
75 0.442658 0.409773 0.567094 -0.763222 -1.82556 1.24234 0.280038 0.59468 -1.49158 0.10357 0.128368 0.493121 0.112058 -0.270306 -0.116561 0.926725
76 0.23247 0.398249 0.446267 -0.608762 -1.51336 1.08518 0.146396 0.542926 -1.17164 -0.0579625 0.106959 0.477725 0.0454576 -0.259149 -0.0603714 0.93624
74 0.552438 0.312598 0.692972 -0.854658 -1.81141 1.25186 0.387867 0.410649 -1.52832 0.412171 0.201518 0.360972 0.0818194 -0.114505 -0.200063 0.865378
73 0.523134 0.28411 0.67908 -0.835452 -1.49463 1.10539 0.472599 0.228346 -1.40421 0.432701 0.19489 0.250066 0.11971 -0.0477813 -0.290562 0.688337
72 0.649007 0.324834 0.725943 -0.927037 -1.83884 1.25977 0.554483 0.310866 -1.6436 0.66215 0.341519 0.2407 0.134513 -0.0180287 -0.294867 0.856216
163 0.576328 0.955587 0.134495 -0.42775 -1.00905 0.938941 0.825237 0.497043 -0.871979 -0.636806 0.601521 -0.810066 -0.591202 1.20179 -0.448307 0.831406
77 0.223978 0.566107 0.391613 -0.54857 -1.83685 1.27256 0.100914 0.812426 -1.38837 -0.209023 0.0362921 0.566829 0.0539216 -0.370143 0.0674172 1.13719
284 -0.146993 -0.913794 0.119111 -1.05416 -0.442765 1.63285 0.829561 0.822305 -0.429702 -0.186367 0.687982 -0.2176 -0.993625 0.700233 -0.014626 0.822362
283 0.00442617 -0.744997 0.370017 -0.889561 -0.453059 1.39654 0.711983 0.731352 -0.386573 -0.130846 0.45567 -0.172597 -0.706094 0.444816 -0.0131117 0.775283
289 -0.430777 -0.529203 -0.700838 -0.697015 -0.568045 1.14833 0.503302 0.760186 -0.61584 -0.559654 1.03251 -0.318522 -0.737476 0.655925 -0.146825 0.906177
148 -0.575186 0.38687 -0.397023 -0.596549 0.114575 0.201076 -0.17122 0.784753 -1.69126 0.356782 0.956209 0.71257 -0.806983 0.00162662 -0.54871 1.33713
121 0.754881 -0.48643 0.295257 -0.835757 -0.218799 0.23068 0.744002 0.285484 -0.756527 0.00966194 0.57445 -0.136793 0.203761 0.378492 -0.560032 1.23209
