300 32
63 0.227042 -0.183342 0.333301 0.174077 0.337608 -0.0241633 0.273642 0.716819 0.0785667 -0.429748 0.0430547 -0.130755 -0.893314 -0.0458477 -0.573651 -0.110293 1.27427 -0.636809 -0.186356 -0.565673 0.557712 -0.0914237 1.43817 -0.269717 -0.645008 -0.313227 0.361061 0.883667 0.377509 -0.36339 0.417109 -0.102575
62 0.190809 0.0261993 -0.146034 0.0518735 0.706228 0.185525 0.29822 0.621023 -0.0863809 -0.391112 -0.182694 -0.124339 -0.876913 0.058796 -0.507927 -0.293809 1.32223 -0.647335 -0.123757 -0.52894 0.400863 0.0249031 1.44555 -0.189 -0.690338 -0.279797 0.303528 1.03772 0.37243 -0.273145 0.38397 0.071548
60 0.124982 0.00530531 -0.302902 -0.143944 0.708373 0.292039 0.225128 0.399368 -0.183646 -0.404426 -0.290776 0.027406 -0.851262 0.103285 -0.44086 -0.445113 1.33609 -0.655528 -0.0471462 -0.435445 0.296314 0.00400051 1.42927 -0.227679 -0.738296 -0.258264 0.279592 1.07254 0.320262 -0.26882 0.352407 0.117898
61 0.146141 -0.0137866 -0.204084 -0.00509228 0.592239 0.208164 0.244457 0.497152 -0.0949705 -0.348331 -0.216715 -0.0331934 -0.80226 0.0731992 -0.451822 -0.322488 1.17534 -0.572666 -0.105988 -0.450552 0.337838 0.0306866 1.28583 -0.175378 -0.628034 -0.254793 0.282295 0.911122 0.336271 -0.257002 0.312294 0.0687973
153 -0.192119 -0.0628207 -0.104899 0.0399584 -0.962854 -0.355532 0.176473 0.125121 0.000973052 0.202994 -0.430281 0.795444 -0.996135 0.47834 0.0619421 0.118076 0.908368 -0.600474 0.182736 -0.0829267 0.629367 0.283044 1.08378 0.267386 0.174442 -0.741771 0.534584 0.324601 0.620023 0.0909953 0.479586 0.47837
152 -0.14313 -0.187576 -0.200726 0.0964662 -1.00283 -0.390211 0.22452 0.202248 0.138684 0.249646 -0.46354 1.01584 -1.18401 0.339029 0.105336 0.00243474 1.00162 -0.57199 0.219389 -0.126472 0.688503 0.443058 1.16793 0.313586 0.389626 -0.863115 0.441246 0.356606 0.510166 0.09104 0.534392 0.537376
151 -0.155864 -0.172565 -0.241259 0.126548 -0.941059 -0.333043 0.23489 0.199894 0.136416 0.239777 -0.424837 0.954897 -1.10427 0.256267 0.0629676 -0.00826024 0.937008 -0.501006 0.207543 -0.100968 0.651135 0.449908 1.12086 0.303352 0.395375 -0.794875 0.39884 0.302588 0.410533 0.105474 0.513748 0.522008
155 -0.178504 0.0359408 -0.0210823 0.00637717 -0.806398 -0.338263 0.0708979 0.0524195 -0.0980514 0.177833 -0.388089 0.507286 -0.737026 0.638167 0.0330356 0.217755 0.838717 -0.68947 0.15771 -0.0737089 0.539504 0.0735821 0.937096 0.195923 -0.0869318 -0.6064 0.636238 0.337662 0.64994 0.0423145 0.424938 0.372712
30 -0.00722074 -0.143424 0.68733 0.0290505 -0.536688 0.420597 -0.117769 -0.550678 0.219407 0.787512 0.0449275 1.11123 -0.512343 -0.292033 0.23084 -0.465413 0.379197 -0.376103 0.256124 0.0168293 -0.212236 0.492726 1.52275 -0.394966 -0.210655 0.0153302 0.0189801 1.13127 0.889216 -0.44205 -0.00787397 0.284729
29 0.0193835 0.176263 0.551575 -0.204713 -0.360899 0.114395 -0.368835 -0.328574 0.22971 0.672397 0.330959 1.14649 -0.632576 -0.332601 0.228504 -0.682702 0.446444 -0.328251 0.121478 -0.0580143 -0.109484 0.510428 1.45661 -0.560281 -0.104419 0.190431 -0.0491147 1.0325 0.759975 -0.368421 0.00649466 0.325771
31 0.00293174 -0.216829 0.639287 0.0986743 -0.494286 0.408393 -0.027755 -0.516444 0.221003 0.719331 -0.00212193 0.936862 -0.410412 -0.270633 0.171183 -0.41207 0.334855 -0.379229 0.252705 0.0338787 -0.193429 0.415844 1.30454 -0.315533 -0.197239 -0.00790141 0.00405029 1.04001 0.766816 -0.440356 -0.0274668 0.267895
32 -0.0706888 -0.334315 0.665271 0.0985861 -0.649627 0.532857 -0.0286745 -0.616665 0.189733 0.802973 -0.0186794 1.07969 -0.455895 -0.292575 0.231534 -0.381456 0.330138 -0.370251 0.273244 0.140988 -0.257164 0.468386 1.40538 -0.346836 -0.300525 0.0195531 0.0539952 1.0907 0.907421 -0.42701 -0.0203869 0.279809
58 0.0506764 0.125426 -0.556455 -0.432533 0.824594 0.417759 0.0430788 0.0347312 -0.232678 -0.381813 -0.479227 0.291075 -0.581645 0.0833867 -0.257669 -0.458571 1.14097 -0.614314 0.160034 -0.370802 0.123352 -0.0444056 1.36076 -0.106146 -0.647243 -0.162747 0.141142 0.891179 0.14382 -0.130639 0.224031 0.282281
59 0.0751103 0.120853 -0.545137 -0.378387 0.885999 0.43363 0.100124 0.201467 -0.229169 -0.433261 -0.481647 0.197333 -0.754109 0.103263 -0.351131 -0.501483 1.33079 -0.716093 0.125949 -0.437463 0.237068 -0.0784404 1.5321 -0.191467 -0.751771 -0.224482 0.19589 1.07256 0.222514 -0.241206 0.285579 0.253119
57 0.0380239 0.125768 -0.653169 -0.633444 0.924882 0.486343 -0.00668165 -0.107544 -0.230647 -0.466487 -0.559605 0.393756 -0.470969 0.084057 -0.26926 -0.474891 1.16469 -0.706185 0.321304 -0.403009 0.0915108 -0.112905 1.47698 -0.16689 -0.719233 -0.151395 0.156667 0.909869 0.203792 -0.111918 0.180196 0.34685
56 -0.0493689 0.167415 -0.644 -0.76093 0.872282 0.516427 -0.0685297 -0.333066 -0.239331 -0.458377 -0.592577 0.582656 -0.168175 0.0764547 -0.110842 -0.350003 0.996321 -0.775885 0.534867 -0.411803 0.0605097 -0.226212 1.42493 -0.222555 -0.764069 -0.0681865 0.206078 0.806245 0.275324 -0.100935 0.0331736 0.418946
227 0.124735 -0.959729 -0.406037 0.259211 -1.20877 -0.103146 0.321909 -0.800388 -0.142907 0.313458 -0.0593302 1.19485 -0.684538 -0.139069 0.145904 -0.840567 0.670513 -0.476845 0.251978 0.17961 0.528531 -0.0665127 0.720755 -0.374782 0.144753 0.395906 0.318194 1.07457 -0.31901 -0.268147 0.058563 0.145224
228 -0.10111 -0.935088 -0.606962 0.182319 -1.16596 -0.0589967 0.305877 -0.833995 -0.177604 0.330636 -0.0846952 1.22142 -0.713228 -0.216436 0.292407 -0.77354 0.736481 -0.490613 0.137219 0.17479 0.497529 -0.0377752 0.630863 -0.232084 0.386124 0.267264 0.347222 1.11502 -0.18931 -0.334534 0.132767 0.285968
229 -0.217634 -0.837849 -0.566919 0.0884073 -1.1028 -0.137195 0.260548 -0.806346 -0.196171 0.331769 -0.0579765 1.15583 -0.66045 -0.236966 0.327883 -0.6772 0.779541 -0.498828 0.0814482 0.189277 0.43383 -0.0503779 0.591572 -0.167808 0.41558 0.174798 0.344278 1.01845 -0.0843802 -0.347739 0.169018 0.309463
174 -0.365566 -0.191854 0.600209 -0.710732 -0.935098 0.247349 0.212474 -0.174912 -0.121239 -0.607032 -0.0840427 0.757879 -0.504661 0.341366 0.881276 -0.288888 1.05192 -0.687167 0.554544 0.116603 1.02503 -0.696048 0.924489 -0.666544 0.284129 -0.633925 -0.236837 0.483256 0.243643 0.0635034 -0.52388 0.518362
176 -0.410528 -0.238267 0.564229 -0.78943 -0.977453 0.109162 0.199893 -0.355691 -0.212264 -0.623388 -0.2246 0.737713 -0.545751 0.441168 0.902834 -0.208536 0.913751 -0.501528 0.584775 0.0308313 1.14657 -0.583973 0.895821 -0.527916 0.270379 -0.506005 -0.216109 0.404671 0.155537 0.201092 -0.488248 0.592469
175 -0.307213 -0.187593 0.485371 -0.616916 -0.815142 0.127039 0.212407 -0.247773 -0.150321 -0.562463 -0.148952 0.676467 -0.473029 0.322528 0.780524 -0.197316 0.805892 -0.506 0.5121 0.0463703 0.934012 -0.537975 0.783002 -0.484066 0.21477 -0.489822 -0.150143 0.433936 0.179562 0.116628 -0.393386 0.515881
173 -0.280141 -0.19255 0.591996 -0.614562 -0.961035 0.323814 0.270684 -0.10964 0.0379362 -0.530749 -0.0231167 0.794581 -0.438622 0.310308 0.855793 -0.269926 1.04772 -0.875004 0.426027 0.147685 0.861163 -0.68635 0.864162 -0.777666 0.353605 -0.685938 -0.210222 0.463699 0.349782 -0.122985 -0.522462 0.421468
50 -0.250936 -0.152433 -0.304863 -0.646125 -0.0249758 0.143045 0.0587781 -0.318564 -0.101374 -0.294217 -0.33095 0.57565 0.0966308 0.0187671 -0.124039 -0.195552 0.669004 -0.68699 0.586014 -0.34228 0.0619772 -0.346112 1.3181 -0.466166 -0.665199 -0.0759901 0.368251 0.529557 0.474086 -0.0870238 -0.0308916 0.454517
51 -0.229406 0.0145078 -0.520941 -0.766717 0.436665 0.288468 -0.00458316 -0.36329 -0.193522 -0.387152 -0.451037 0.588538 0.160697 0.00215336 -0.0810662 -0.212742 0.746159 -0.825165 0.741603 -0.464902 0.0479171 -0.346964 1.47374 -0.51462 -0.772969 -0.0711668 0.371577 0.615501 0.511797 -0.11355 -0.0716162 0.511888
52 -0.246523 0.0157961 -0.497083 -0.717026 0.537096 0.340919 -0.0252469 -0.334898 -0.218082 -0.380422 -0.433075 0.52662 0.188184 -0.0181784 -0.0960529 -0.114895 0.700749 -0.806673 0.668879 -0.411829 -0.00107473 -0.355304 1.36016 -0.470537 -0.777941 -0.021158 0.332491 0.544411 0.543833 -0.100598 -0.0845825 0.453268
53 -0.246987 0.0719401 -0.624181 -0.838123 0.648256 0.419094 -0.0577456 -0.413083 -0.179217 -0.435121 -0.546365 0.718821 0.197809 -0.0469296 -0.0862913 -0.158989 0.786101 -0.911211 0.805761 -0.473348 0.017121 -0.368426 1.57799 -0.482385 -0.877696 -0.039635 0.366786 0.635857 0.571254 -0.0878827 -0.103922 0.525222
48 -0.297608 -0.442419 -0.0772963 -0.538209 -0.718601 -0.0452516 0.165836 -0.287553 -0.000703195 -0.165635 -0.221871 0.560683 0.0941427 0.113331 -0.201734 -0.281864 0.589296 -0.538829 0.452442 -0.24197 0.0302423 -0.280647 1.24428 -0.438912 -0.519575 -0.138185 0.383054 0.511194 0.428388 0.0198971 0.00203222 0.536031
288 0.472522 -0.489637 0.450938 -0.79069 -0.91874 -0.958218 0.396708 -0.587478 0.261341 0.121945 -0.652817 1.327 -0.628024 0.520403 0.602613 0.0456489 0.293789 -0.996604 0.519139 -0.194032 0.737674 0.303188 0.661396 0.0684901 -0.29497 -0.441662 0.673318 0.640403 -0.0951019 -0.235213 -0.146241 -0.517768
289 0.382112 -0.389933 0.340155 -0.672859 -0.823662 -0.802905 0.298042 -0.429694 0.246076 -0.00293846 -0.52428 1.11335 -0.509942 0.431969 0.514873 0.0510915 0.192776 -0.786369 0.507416 -0.0823664 0.6352 0.209518 0.53671 0.0401041 -0.252012 -0.389622 0.569682 0.650646 -0.0858217 -0.107926 -0.16314 -0.378713
290 0.434487 -0.358335 0.377463 -0.756595 -0.910386 -0.942389 0.277853 -0.445811 0.349773 -0.00774795 -0.548993 1.27402 -0.563612 0.406626 0.53141 0.000833693 0.21128 -0.915306 0.6091 -0.050293 0.628812 0.22192 0.611595 0.109757 -0.345192 -0.443901 0.65846 0.814754 -0.131705 -0.138855 -0.196319 -0.42859
144 -0.0186628 -0.592737 0.461348 -0.163261 -0.698923 -0.610246 0.358193 0.138351 -0.166193 0.0602636 -0.104629 1.02013 -0.969617 0.0136373 -0.312732 -0.546455 0.474403 -0.663514 0.143464 -0.241481 0.0591915 -0.432031 1.24484 0.126471 0.263661 -0.405718 0.279005 0.452597 0.046507 0.0275229 0.893697 -0.221935
146 -0.0559277 -0.450431 0.206064 -0.072507 -0.796169 -0.549462 0.322358 0.173108 -0.0429873 0.145545 -0.253788 1.03016 -0.981125 0.0594152 -0.166057 -0.323303 0.614339 -0.606196 0.163119 -0.22009 0.268642 -0.123204 1.18658 0.230718 0.30611 -0.525012 0.340514 0.387967 0.157586 0.0493874 0.727861 0.00723279
145 -0.0407698 -0.519289 0.355815 -0.145402 -0.732377 -0.580195 0.310783 0.0666387 -0.10031 0.0687867 -0.164363 0.951413 -0.874367 0.03197 -0.216726 -0.460811 0.515417 -0.608027 0.157685 -0.236359 0.152317 -0.297528 1.17142 0.105281 0.194818 -0.404757 0.297353 0.458228 0.0487259 -0.00571481 0.73816 -0.0792693
143 0.0411619 -0.623959 0.687957 -0.239887 -0.623441 -0.661245 0.417927 0.1262 -0.22091 0.0758315 -0.011116 1.06076 -0.955739 0.0385982 -0.386021 -0.655074 0.444376 -0.704661 0.149184 -0.309188 -0.0140901 -0.617183 1.29236 0.090817 0.217081 -0.311573 0.278842 0.520256 -0.023307 -0.0384279 0.986895 -0.323359
163 -0.375007 0.256902 0.16731 -0.375318 -0.150066 0.109956 -0.0857831 -0.0807506 -0.326826 0.241788 -0.314665 0.0705666 -0.0061036 0.837788 0.0237981 0.158511 0.713788 -0.941405 0.749719 0.015447 0.598159 -0.742914 0.979429 -0.445294 -0.518016 0.256682 0.984293 0.745332 0.203029 -0.347305 0.084065 0.1572
162 -0.377484 0.2402 0.255786 -0.351445 -0.237753 0.0389344 -0.143966 -0.101601 -0.350555 0.230807 -0.298378 0.0651064 -0.0321855 0.918869 -0.00438965 0.198717 0.812288 -1.0154 0.703895 -0.0213553 0.590955 -0.736787 1.07078 -0.408793 -0.594585 0.197945 1.05604 0.724272 0.286382 -0.352878 0.173683 0.192294
161 -0.318528 0.249636 0.299049 -0.290208 -0.357095 -0.149966 -0.178456 -0.132682 -0.334548 0.116712 -0.277617 0.0575241 -0.0990563 0.945791 0.0310159 0.218103 0.915634 -1.09743 0.468302 -0.13079 0.564403 -0.619864 1.10209 -0.236741 -0.678877 -0.00482754 1.07838 0.632122 0.440568 -0.285946 0.237654 0.219202
164 -0.432031 0.269827 0.243014 -0.493044 -0.266041 0.166036 -0.096554 -0.0712826 -0.348558 0.223463 -0.384691 0.089382 0.0144702 0.984693 0.0699996 0.195127 0.817359 -1.09835 0.850358 0.066889 0.717885 -0.933165 1.06146 -0.611326 -0.536039 0.23276 1.05346 0.835351 0.250561 -0.406855 0.0162908 0.165557
165 -0.443659 0.230242 0.305347 -0.506735 -0.292995 0.27817 -0.00214956 -0.0493338 -0.300466 0.156358 -0.346372 0.148021 0.0114878 0.881933 0.157823 0.156113 0.788892 -1.06046 0.838007 0.105332 0.696385 -0.933696 0.972435 -0.684208 -0.361344 0.139331 0.86434 0.774006 0.231107 -0.389225 -0.0758202 0.169889
202 0.547669 -0.861124 0.0653987 -0.0845171 -0.55791 -0.349391 -0.266157 -0.715324 -0.824563 -0.137659 0.490234 0.361953 0.133828 0.0185881 0.782208 -0.128438 1.22886 -0.120248 0.172374 0.324049 0.69468 -0.362841 0.915534 -0.382957 -0.782688 -0.418612 0.248439 0.816569 -0.122374 -0.469805 0.25714 0.141676
201 0.605248 -0.937312 0.0906784 -0.0746293 -0.583258 -0.354728 -0.315546 -0.767176 -0.891676 -0.114025 0.527399 0.431948 0.111717 0.0290061 0.832741 -0.183056 1.36139 -0.107541 0.200218 0.317956 0.740256 -0.44975 1.08103 -0.402546 -0.914385 -0.431713 0.280285 0.903921 -0.119051 -0.531413 0.303291 0.15773
203 0.60876 -1.0089 0.147831 -0.0900345 -0.611813 -0.391707 -0.278426 -0.809929 -0.954773 -0.176562 0.597655 0.491415 0.0963122 0.0476581 0.927739 -0.149369 1.4333 -0.277013 0.254641 0.368255 0.818913 -0.375629 1.1206 -0.433356 -0.899004 -0.538405 0.332295 0.93779 -0.122039 -0.562936 0.326912 0.20281
204 0.465299 -0.898954 0.116429 -0.105162 -0.585304 -0.409991 -0.189327 -0.680939 -0.791349 -0.180464 0.485501 0.445235 -0.0140341 0.0723436 0.769856 -0.185756 1.27997 -0.302489 0.246496 0.297989 0.699315 -0.331409 1.04907 -0.375636 -0.811272 -0.503831 0.297781 0.854688 -0.0813327 -0.482712 0.274218 0.175568
180 -0.4866 -0.327484 0.568399 -1.0898 -1.192 -0.494382 0.575505 -0.73097 -0.379275 -0.798997 -0.340941 0.850479 -0.570866 0.784983 0.690036 -0.249167 0.397922 -0.449854 0.34184 -0.186052 1.32709 -0.457372 1.08619 -0.304057 0.0113168 -0.0228789 0.247859 0.473153 0.146348 -0.00304681 0.281027 1.02752
181 -0.425099 -0.288753 0.505966 -0.96013 -1.04079 -0.465751 0.524931 -0.61047 -0.298048 -0.694343 -0.29229 0.727802 -0.502401 0.696819 0.577026 -0.186689 0.300787 -0.41172 0.253862 -0.138939 1.13172 -0.360768 0.966137 -0.226086 0.0252678 -0.0320112 0.234229 0.377121 0.141184 0.016606 0.293852 0.87674
182 -0.43499 -0.312444 0.583471 -1.06331 -1.08687 -0.512753 0.613191 -0.7001 -0.375781 -0.737772 -0.32571 0.826835 -0.515242 0.757686 0.579841 -0.181849 0.254582 -0.407233 0.224777 -0.232206 1.22118 -0.434659 0.985798 -0.208357 0.0144669 0.0466544 0.236232 0.403141 0.132318 -0.0303984 0.369968 1.00895
183 -0.225285 -0.30462 0.527309 -0.841857 -0.849608 -0.493997 0.535773 -0.532873 -0.26446 -0.474125 -0.263361 0.842554 -0.46258 0.545344 0.271498 -0.0920732 0.19358 -0.362324 0.080515 -0.351863 0.872477 -0.449779 0.808444 -0.103707 -0.161297 0.172956 0.228393 0.394059 0.204132 -0.161064 0.507751 0.880711
184 -0.112457 -0.288026 0.468403 -0.636413 -0.68856 -0.420922 0.439576 -0.443894 -0.192307 -0.279199 -0.215941 0.781667 -0.389349 0.380767 0.105311 -0.0858722 0.20138 -0.344063 0.0418484 -0.348655 0.639774 -0.392431 0.733597 -0.0495327 -0.226908 0.180628 0.207164 0.356042 0.162576 -0.23704 0.517751 0.688407
185 -0.0938594 -0.283692 0.601607 -0.761861 -0.73807 -0.491651 0.58657 -0.48997 -0.264834 -0.261035 -0.256353 0.944349 -0.450832 0.385641 0.0482048 -0.0714477 0.203639 -0.405637 0.0183514 -0.556254 0.656086 -0.57644 0.766248 0.0183048 -0.312088 0.300721 0.14613 0.40263 0.29167 -0.278913 0.729352 0.868916
186 -0.0435219 -0.233613 0.638745 -0.610463 -0.72409 -0.455074 0.587453 -0.481577 -0.337562 -0.0389509 -0.283476 1.02488 -0.436636 0.16625 -0.13877 -0.0755784 0.332954 -0.367713 0.0902077 -0.771885 0.407352 -0.790974 0.691455 0.114522 -0.497397 0.330652 0.118445 0.490212 0.388387 -0.291847 0.825664 0.77216
275 -0.107754 -0.335135 0.0320974 0.318347 -0.419044 -0.606756 -0.545635 -0.783156 -0.133377 -0.625431 -0.320929 0.572851 -0.901048 0.363642 0.198456 -0.769432 0.589479 -1.0437 0.178533 -1.00247 0.154221 0.263855 0.808114 -0.320425 0.290702 -0.576091 0.683001 0.667696 -0.269184 0.224809 0.29635 0.516802
276 0.00632229 -0.21335 -0.00556561 0.419789 -0.303728 -0.551477 -0.561571 -0.620121 -0.160357 -0.591714 -0.424606 0.711952 -0.996598 0.356132 0.244797 -0.840564 0.68282 -1.03481 0.167722 -1.04369 0.114067 0.244734 0.948338 -0.348041 0.279267 -0.630751 0.873997 0.719756 -0.247206 0.196239 0.33959 0.337746
278 0.102814 -0.147032 -0.0267921 0.408025 -0.234282 -0.562271 -0.571252 -0.485823 -0.188366 -0.599088 -0.498066 0.807877 -1.03686 0.295103 0.293746 -0.857412 0.637525 -0.957714 0.136813 -1.06251 0.0914416 0.174763 0.905865 -0.449708 0.307592 -0.627692 0.932614 0.742557 -0.268013 0.169943 0.314493 0.141754
279 0.244526 -0.0229173 -0.0197834 0.316298 -0.160244 -0.622877 -0.50755 -0.352447 -0.19722 -0.470652 -0.586733 0.887774 -1.03339 0.262352 0.363246 -0.710066 0.559027 -0.815815 0.117169 -0.965346 0.195495 0.161831 0.840116 -0.520482 0.256474 -0.581998 1.00557 0.692585 -0.304733 0.0920195 0.258843 -0.105126
277 0.0922583 -0.164188 -0.0320209 0.450365 -0.241988 -0.47802 -0.503675 -0.521787 -0.181293 -0.590541 -0.474401 0.659636 -0.936133 0.33008 0.258934 -0.761356 0.576355 -0.906421 0.131496 -0.993521 0.0761965 0.210325 0.76754 -0.378415 0.335173 -0.606207 0.860569 0.688896 -0.252251 0.220418 0.275144 0.231419
76 -0.144979 -0.123272 0.0924029 -0.73744 -0.863591 -0.0890209 0.217033 -0.144193 0.0259174 -0.763957 0.0318968 0.253569 -0.523838 -0.495499 -0.0365863 -0.628572 0.731905 -0.00137464 0.205704 0.229975 0.406246 -0.403372 0.990367 -0.234331 -0.664055 -0.1069 0.184138 -0.228659 0.638975 -0.0602954 0.676516 0.199088
77 -0.21659 -0.156366 0.0866813 -0.868111 -0.958129 -0.0473965 0.288471 -0.193644 0.0065725 -0.942779 0.0194063 0.344785 -0.572455 -0.600055 -0.043048 -0.745523 0.8823 0.0304592 0.327725 0.289189 0.531779 -0.427039 1.17217 -0.287914 -0.737789 -0.123665 0.208189 -0.27594 0.723652 -0.020719 0.838735 0.228851
75 -0.0747017 -0.0721469 0.189429 -0.775484 -1.0253 -0.087138 0.239959 -0.0818379 0.133641 -0.885217 0.0171992 0.300212 -0.708104 -0.491763 0.0174971 -0.733937 0.795182 -0.0774999 0.15764 0.321988 0.311808 -0.507929 1.09504 -0.314922 -0.764384 -0.13079 0.162819 -0.245526 0.851809 -0.13291 0.66189 0.233747
74 0.106287 -0.050276 0.386992 -0.672395 -1.07029 -0.119483 0.21071 0.0392857 0.338779 -0.843986 -0.00728451 0.29406 -0.87618 -0.39202 -0.11108 -0.702929 0.765507 -0.249947 0.0138174 0.292151 0.205805 -0.556561 1.15797 -0.367916 -0.742112 -0.16163 0.219867 -0.05251 1.01393 -0.310331 0.483669 0.305742
72 0.162019 -0.0317429 0.464851 -0.556872 -1.0243 -0.194543 0.189294 0.107452 0.43085 -0.768605 -0.0130391 0.261189 -0.951809 -0.305176 -0.14966 -0.643027 0.772645 -0.379903 -0.0548494 0.260082 0.156881 -0.561432 1.14868 -0.351238 -0.712453 -0.187653 0.208668 0.062455 1.04154 -0.388871 0.352654 0.264231
73 0.151477 -0.000632345 0.375126 -0.587185 -1.03625 -0.138919 0.218483 0.0799965 0.395018 -0.744863 -0.0354568 0.267806 -0.842409 -0.332161 -0.116595 -0.646378 0.676405 -0.279913 -0.0483708 0.279815 0.143507 -0.535034 1.06133 -0.293529 -0.699982 -0.146625 0.178348 -0.0141109 0.997531 -0.333856 0.367913 0.29972
200 0.664314 -0.799208 0.0303959 -0.09709 -0.419942 -0.283548 -0.481471 -0.708745 -0.678947 0.0646677 0.203094 0.433108 0.0103109 0.0846318 0.578817 -0.355919 1.16542 0.17484 0.110615 0.120045 0.593321 -0.65536 1.01283 -0.34654 -0.873838 -0.112454 0.195752 0.853675 -0.177578 -0.425161 0.162815 0.186837
199 0.537962 -0.658112 0.0139223 -0.10437 -0.386553 -0.265798 -0.384663 -0.602023 -0.498245 0.0810969 0.108539 0.417018 -0.0574986 0.0881154 0.433014 -0.3637 0.961247 0.185066 0.09952 0.0564217 0.460294 -0.592105 0.902249 -0.279798 -0.723571 -0.0513742 0.162541 0.747766 -0.141017 -0.327243 0.132892 0.171648
198 0.63577 -0.801962 0.0396848 -0.169035 -0.513679 -0.337122 -0.504259 -0.728551 -0.557472 0.11016 0.0476015 0.511144 -0.0991713 0.091051 0.401788 -0.47303 1.07567 0.331863 0.0840693 -0.00443079 0.522661 -0.786367 1.0208 -0.301717 -0.859484 0.0942128 0.181679 0.886542 -0.187213 -0.388944 0.131249 0.195298
261 -0.0154145 -0.482333 0.224415 -0.268956 0.246523 -0.0841009 -0.118558 -0.0404218 0.374569 -0.237129 0.218462 -0.19646 -0.696899 -0.213336 -0.19281 -0.339248 0.547546 -0.802715 0.944483 0.095339 0.0398399 0.0509269 1.19102 -0.998805 0.0931793 -0.386355 0.292598 1.08108 0.368042 -0.379658 1.23815 0.418284
262 -0.0281471 -0.423683 0.171317 -0.234604 0.240331 -0.196617 0.000734169 0.0129752 0.312286 -0.217402 0.175732 -0.270557 -0.577817 -0.322203 -0.187184 -0.301565 0.492156 -0.734011 0.863239 0.13608 0.0760618 0.0412796 0.948781 -0.777367 0.157752 -0.302959 0.224742 0.942704 0.293067 -0.257089 1.08478 0.519779
263 -0.00393156 -0.624499 0.266185 -0.319214 0.280165 -0.323901 0.0185766 -0.0178646 0.365742 -0.293694 0.163619 -0.339639 -0.643613 -0.394865 -0.195996 -0.304652 0.653936 -0.942094 1.10344 0.184916 0.130955 0.00862707 1.08333 -0.910289 0.202245 -0.376209 0.341597 1.17675 0.293036 -0.207267 1.31251 0.672866
247 -0.219685 0.441644 -0.195571 -0.0790304 0.162145 0.35519 -0.121811 -0.0968088 0.204835 -0.315644 0.217634 0.0773457 -0.614544 0.150381 0.106286 -0.636487 0.404558 0.0019017 0.638759 -0.283487 0.369154 -0.439283 1.25578 -0.00343736 -0.730347 -0.596391 1.13048 0.451635 -0.209578 -0.874922 0.286307 0.157598
246 -0.254697 0.581464 -0.142857 -0.0768149 0.159298 0.425668 -0.0727398 -0.118288 0.167768 -0.359579 0.254096 0.137946 -0.708943 0.119863 0.185471 -0.714591 0.453049 0.0624398 0.791193 -0.445757 0.473483 -0.54645 1.40534 0.0376269 -0.876735 -0.682695 1.31158 0.525932 -0.328243 -1.09127 0.324307 0.225022
248 -0.275915 0.396046 -0.212243 -0.0835416 0.234391 0.410303 -0.198496 -0.151943 0.207009 -0.330889 0.282821 0.0913293 -0.671944 0.203121 0.114346 -0.721867 0.422436 0.0405028 0.699245 -0.342065 0.376866 -0.457652 1.37005 0.0217254 -0.777808 -0.650986 1.23123 0.4395 -0.225581 -0.952363 0.390248 0.191343
249 -0.30161 0.136786 -0.148755 -0.108001 0.264993 0.331938 -0.40213 -0.234216 0.311995 -0.301382 0.281514 0.142166 -0.714503 0.374466 -0.00158377 -0.839245 0.463426 -0.03018 0.690314 -0.320429 0.389617 -0.395144 1.42288 -0.00536341 -0.759161 -0.681688 1.22838 0.337223 -0.171186 -0.826554 0.500561 0.0830052
250 -0.227075 0.0155508 -0.106854 -0.0990488 0.25705 0.278104 -0.392207 -0.230339 0.236389 -0.273333 0.2439 0.153792 -0.618076 0.313763 -0.071581 -0.713582 0.444948 -0.0276266 0.55656 -0.268682 0.299301 -0.271126 1.23161 -0.0477327 -0.602239 -0.614572 1.00924 0.322035 -0.101053 -0.638616 0.457543 0.076962
209 0.409215 -0.624492 0.16965 0.129777 -0.359975 0.114919 0.340265 0.0375737 -0.304367 -0.0538913 -0.142223 0.949016 -0.200536 -0.0191166 0.5115 -0.558251 0.704432 -0.620028 0.507022 -0.0671196 0.461671 -0.258049 0.882203 -0.451079 -0.730024 -0.306724 -0.0448209 0.444895 -0.492995 -0.396844 0.531843 0.0891362
207 0.377949 -0.704668 0.159285 -0.018211 -0.504918 -0.172575 0.0681806 -0.316956 -0.468027 -0.103778 0.105098 0.699983 -0.152211 0.0358572 0.546343 -0.369781 0.891737 -0.423448 0.383029 0.0724093 0.534721 -0.303719 0.944725 -0.372112 -0.718254 -0.342139 0.136038 0.618633 -0.264485 -0.396395 0.409034 0.146009
208 0.223346 -0.552686 0.173106 -0.0444823 -0.514045 -0.161698 0.163906 -0.227598 -0.285421 -0.083812 -0.0756935 0.81983 -0.308802 0.0245938 0.373324 -0.490183 0.847249 -0.542636 0.469764 -0.0900952 0.498456 -0.276582 1.08611 -0.341825 -0.636257 -0.266313 0.172807 0.603704 -0.198412 -0.368871 0.421329 0.179096
206 0.412667 -0.809576 0.12194 -0.0929013 -0.562842 -0.368143 -0.138565 -0.567548 -0.692156 -0.151709 0.397566 0.486963 -0.0474085 0.0660652 0.685206 -0.231819 1.1295 -0.302216 0.261479 0.22451 0.597011 -0.323065 0.987742 -0.318396 -0.737579 -0.42061 0.262352 0.757101 -0.104896 -0.430755 0.285056 0.139338
205 0.403494 -0.809336 0.110971 -0.100038 -0.532203 -0.36126 -0.174819 -0.595227 -0.684029 -0.145488 0.425453 0.430066 -0.0268667 0.0928075 0.698532 -0.156946 1.12435 -0.277276 0.233589 0.231832 0.600241 -0.290769 0.957829 -0.326155 -0.73375 -0.423535 0.307131 0.810923 -0.0335672 -0.413845 0.25113 0.151249
93 -0.0304208 -0.333903 -0.510469 -0.174323 -0.917361 -0.742087 -0.212592 0.140377 0.543532 0.548493 -0.80177 0.0271153 -0.766617 0.322255 0.338665 -0.251339 0.373123 -0.583078 0.579149 -0.73704 0.543479 -0.371813 1.83117 0.167084 -0.689354 -0.222712 -0.0198797 0.366586 -0.514942 -0.261093 -0.0177962 0.0760606
92 0.0113268 -0.198961 -0.702883 -0.203113 -0.651432 -0.637258 -0.248579 0.36619 0.618255 0.395911 -0.811783 0.0796582 -0.827865 0.227632 0.298283 -0.269064 0.389968 -0.516833 0.830815 -0.769391 0.663823 -0.2192 1.79879 0.237768 -0.757206 -0.186961 0.0840839 0.375266 -0.362059 -0.413128 -0.0671947 0.0275344
90 0.00986615 -0.265641 -0.706457 -0.273453 -0.536433 -0.556036 -0.277788 0.401887 0.603493 0.25886 -0.723689 0.14217 -0.848629 0.160777 0.180135 -0.299588 0.431321 -0.509908 0.912947 -0.746668 0.690753 -0.210957 1.77777 0.247131 -0.743842 -0.167584 0.0959087 0.366362 -0.20739 -0.51508 -0.0423931 0.0753994
91 0.0113668 -0.115672 -0.651033 -0.180142 -0.437085 -0.49439 -0.234952 0.39554 0.541707 0.311913 -0.692452 0.049898 -0.763404 0.184208 0.19943 -0.2466 0.378414 -0.489867 0.759887 -0.675715 0.606428 -0.172011 1.60979 0.236023 -0.664569 -0.175076 0.0974865 0.337587 -0.251415 -0.437263 -0.056437 0.0648898
95 -0.0534473 -0.413165 -0.43481 -0.209098 -1.0737 -0.804408 -0.224236 0.0624962 0.528711 0.612374 -0.793458 0.0527872 -0.749851 0.397826 0.364771 -0.270613 0.416848 -0.617677 0.553865 -0.73508 0.575684 -0.410793 1.87189 0.142302 -0.692327 -0.20617 -0.0234045 0.331597 -0.562417 -0.221775 0.0146927 0.0717247
5 -0.331278 0.0991095 0.0968309 0.0543469 -0.882653 -0.729204 0.0707664 -0.259144 0.194486 -0.23119 -0.215277 0.73988 0.0149048 -0.0257446 -0.661667 -0.8727 0.98221 -0.545089 0.504109 -0.0915707 0.240617 -0.108143 0.372735 -0.286052 -0.723281 -0.487604 0.0531865 0.487417 0.0609116 -0.937945 -0.104143 0.0127628
4 -0.2204 0.0856668 0.0881954 0.0196089 -0.824033 -0.704802 0.0654357 -0.226738 0.234694 -0.223439 -0.262001 0.673587 -0.0976897 -0.0385172 -0.522256 -0.775827 0.876973 -0.501 0.519258 -0.0378899 0.267331 -0.222028 0.501216 -0.392505 -0.62308 -0.491836 0.142923 0.611614 0.055126 -0.76748 -0.00172748 0.129327
6 -0.395745 -0.217581 0.132745 -0.0102194 -0.829119 -0.453535 0.116963 -0.445348 0.0077542 -0.103802 -0.0216591 0.954699 -0.0895962 0.0526012 -0.514372 -0.860316 1.19328 -0.73304 0.359136 -0.351159 0.280974 0.104768 0.46724 0.212887 -0.802071 -0.314968 -0.0119589 0.139444 0.0299393 -1.0835 -0.182329 -0.214514
8 -0.437984 -0.396149 0.170336 -0.0561688 -0.785388 -0.348364 0.131792 -0.533952 -0.0840257 -0.0501648 0.0832103 1.03322 -0.170778 0.107751 -0.379799 -0.80285 1.29893 -0.781235 0.359174 -0.43901 0.342854 0.18051 0.688872 0.415477 -0.868157 -0.179797 0.0145345 0.024483 0.057765 -1.12175 -0.0735754 -0.244287
9 -0.533343 -0.497581 0.142343 -0.0922314 -0.858442 -0.292804 0.158033 -0.576939 -0.204225 0.044838 0.211986 1.08991 -0.141545 0.162578 -0.293995 -0.818296 1.3926 -0.870916 0.3394 -0.507086 0.36417 0.330017 0.854243 0.548986 -1.0671 -0.0676703 0.0281483 -0.067965 0.0907629 -1.25765 -0.0235332 -0.357169
96 -0.0266202 -0.345158 -0.23701 -0.177998 -0.810306 -0.610443 -0.198852 -0.00232886 0.368987 0.57442 -0.585746 0.118502 -0.632681 0.401637 0.312758 -0.332628 0.511376 -0.652453 0.356152 -0.553524 0.460084 -0.466878 1.63787 0.0680304 -0.473673 -0.209931 -0.093554 0.244232 -0.428527 -0.163425 0.0462484 0.117116
98 0.0207364 -0.365312 -0.00383254 -0.133774 -0.453717 -0.429125 -0.175789 -0.0492608 0.258473 0.741091 -0.356686 0.15716 -0.643896 0.588377 0.279388 -0.469184 0.758328 -0.875518 0.163627 -0.484038 0.371802 -0.644674 1.55848 0.00676772 -0.196855 -0.226657 -0.262579 0.0145307 -0.379445 -0.133221 0.00300419 0.266606
97 -0.0350368 -0.33387 -0.138768 -0.156117 -0.640413 -0.468292 -0.149174 -0.0348745 0.252855 0.427307 -0.401289 0.183695 -0.534729 0.337447 0.22646 -0.286025 0.487449 -0.56321 0.290658 -0.440352 0.37623 -0.367173 1.30754 0.0360242 -0.338234 -0.166978 -0.0505891 0.17709 -0.278404 -0.166508 0.051179 0.136315
150 -0.167024 -0.177172 -0.250055 0.0935506 -1.03482 -0.411584 0.2656 0.241067 0.162214 0.269331 -0.486393 1.13059 -1.23591 0.233828 0.0635337 -0.0245091 1.04281 -0.592976 0.224857 -0.10974 0.695008 0.46673 1.32191 0.345543 0.419924 -0.87322 0.450848 0.406086 0.472469 0.0957218 0.586754 0.529568
210 0.411666 -0.599359 0.202064 0.214397 -0.257574 0.334625 0.505587 0.25402 -0.183745 -0.0586914 -0.299484 1.07829 -0.216877 -0.0755442 0.521149 -0.68653 0.628943 -0.715183 0.611831 -0.147068 0.437898 -0.256206 0.900814 -0.492856 -0.808181 -0.243913 -0.180483 0.289028 -0.614578 -0.401097 0.667045 0.0779667
211 0.381785 -0.524545 0.183531 0.175432 -0.216027 0.268086 0.413785 0.219148 -0.172398 -0.035556 -0.22275 0.936667 -0.180046 -0.054399 0.437505 -0.561986 0.544365 -0.593514 0.509344 -0.0973324 0.395762 -0.226927 0.744951 -0.414358 -0.662004 -0.223728 -0.164594 0.292611 -0.51416 -0.365572 0.553802 0.0760382
212 0.434542 -0.584937 0.176493 0.222471 -0.168339 0.438188 0.535509 0.298888 -0.173655 -0.090829 -0.36865 1.14117 -0.182824 -0.111545 0.532346 -0.690013 0.634755 -0.783648 0.611886 -0.126152 0.463397 -0.277456 0.898442 -0.553357 -0.833441 -0.26815 -0.213666 0.340304 -0.682403 -0.441704 0.722769 0.0574431
213 0.437776 -0.601906 0.112582 0.31757 -0.0546048 0.585338 0.588624 0.224673 -0.0920292 -0.189926 -0.510141 1.14995 -0.0802993 -0.154361 0.389333 -0.773303 0.527498 -0.766728 0.719751 -0.216604 0.41459 -0.329192 0.902938 -0.654554 -0.974196 -0.142149 -0.222375 0.330206 -0.826158 -0.323756 0.761072 -0.0112938
215 0.415667 -0.585407 0.0805164 0.278544 -0.118713 0.477661 0.547047 0.123638 -0.0955881 -0.182507 -0.510908 1.09279 -0.0657611 -0.179655 0.330099 -0.785779 0.52759 -0.706323 0.68386 -0.248806 0.39322 -0.283934 0.924556 -0.626412 -0.946211 -0.0950614 -0.160708 0.399557 -0.8201 -0.320384 0.713496 0.0264432
86 -0.166532 -0.445985 -0.558302 -0.522683 -0.672904 -0.41793 -0.17645 0.195491 0.395199 -0.20473 -0.522326 0.283203 -0.512677 -0.129938 -0.0486771 -0.338036 0.488761 -0.258112 0.862928 -0.484825 0.874187 -0.0873467 1.43608 0.319042 -0.497798 -0.128376 0.187417 0.129189 0.0262326 -0.369374 0.137742 0.0729013
87 -0.0773717 -0.37858 -0.735051 -0.507516 -0.559592 -0.456006 -0.25509 0.425865 0.567576 -0.10491 -0.67489 0.294832 -0.682466 -0.0267123 0.0174215 -0.336898 0.478286 -0.325302 1.02197 -0.664364 0.878652 -0.1556 1.66157 0.345137 -0.640199 -0.17404 0.202549 0.272673 0.0473782 -0.575222 -0.0239149 0.0710011
84 -0.396225 -0.466429 -0.347058 -0.745734 -0.770376 -0.319322 0.0620467 -0.0745891 0.0678852 -0.409827 -0.272812 0.329519 -0.311669 -0.398828 -0.0878101 -0.431945 0.703951 -0.204191 0.787295 -0.211263 1.01909 -0.0901483 1.34225 0.244361 -0.476251 -0.0974001 0.210759 -0.0885841 0.0577433 -0.107695 0.542856 0.0762645
83 -0.473084 -0.498748 -0.243527 -0.826922 -0.791991 -0.281597 0.162583 -0.227686 -0.129278 -0.507787 -0.135337 0.381695 -0.265024 -0.518274 -0.0818033 -0.480366 0.855448 -0.16773 0.756849 -0.0784866 1.07374 -0.14116 1.33331 0.174408 -0.478846 -0.0759502 0.192472 -0.135723 0.0586991 -0.00561537 0.754964 0.0829339
81 -0.516417 -0.438855 -0.211145 -0.822031 -0.70679 -0.241476 0.216251 -0.267312 -0.221078 -0.595058 -0.0277954 0.378882 -0.215238 -0.615372 -0.0506785 -0.527085 0.964198 -0.10074 0.687408 0.0110225 1.06348 -0.101321 1.27833 0.11473 -0.477467 -0.0601258 0.21097 -0.198219 0.102253 0.0666148 0.863983 0.0703773
82 -0.435707 -0.433506 -0.223482 -0.738493 -0.673751 -0.218593 0.204251 -0.227973 -0.169637 -0.515851 -0.0805002 0.327022 -0.159074 -0.555214 -0.0635951 -0.451132 0.779476 -0.100724 0.660737 -0.0255155 1.00664 -0.0859871 1.12543 0.12619 -0.423803 -0.0371975 0.175846 -0.178447 0.0504769 0.0577645 0.764709 0.07821
221 0.393265 -0.795252 -0.0275435 0.223777 -1.00357 0.0849461 0.464077 -0.666128 -0.427283 -0.166054 -0.494331 0.985693 -0.329223 -0.159205 -0.0481027 -0.935964 0.280173 -0.24194 0.749455 -0.207136 0.546091 -0.24781 0.926577 -0.645308 -0.698809 0.488403 0.322134 0.838265 -0.833677 0.0439374 0.0851899 -0.0715477
222 0.410283 -0.783066 -0.112728 0.333347 -1.08388 0.0900734 0.441514 -0.742375 -0.371598 -0.0900108 -0.453471 1.0877 -0.476063 -0.113296 -0.0357664 -0.955294 0.306136 -0.292723 0.655587 -0.166964 0.610457 -0.20988 0.937982 -0.642548 -0.580359 0.531861 0.396206 0.992151 -0.806545 0.0386744 -0.0138597 -0.0685989
219 0.381003 -0.795365 0.0160996 0.191206 -0.828053 0.177342 0.505786 -0.573454 -0.405474 -0.270696 -0.633788 0.966679 -0.167622 -0.229063 -0.032861 -0.947095 0.184306 -0.333158 0.859481 -0.339652 0.371474 -0.303877 0.91295 -0.695351 -0.854831 0.354276 0.195156 0.659193 -0.964237 0.0345989 0.281148 -0.100322
220 0.34935 -0.712498 -0.00988742 0.145698 -0.847653 0.0668835 0.407643 -0.588683 -0.38533 -0.24669 -0.535672 0.861906 -0.206994 -0.179512 -0.0516311 -0.850998 0.17943 -0.230673 0.73945 -0.289975 0.390923 -0.28117 0.839347 -0.619413 -0.709969 0.376408 0.288426 0.659025 -0.830133 0.0514146 0.182906 -0.0872021
218 0.35672 -0.790622 0.0514662 0.11096 -0.560486 0.262511 0.541189 -0.332753 -0.320889 -0.353765 -0.636408 1.02142 -0.0160479 -0.269291 0.0491466 -0.901401 0.274524 -0.487427 0.836674 -0.325749 0.291193 -0.349991 0.966555 -0.757362 -1.02799 0.159597 0.0254897 0.450994 -1.01161 -0.107287 0.54054 -0.0736299
217 0.336957 -0.734705 0.0402272 0.0820586 -0.531644 0.235181 0.47873 -0.331565 -0.234473 -0.379221 -0.608083 0.923317 0.00815708 -0.21217 0.0400607 -0.877549 0.229833 -0.504188 0.844776 -0.348672 0.257038 -0.313994 0.905269 -0.736955 -0.980006 0.113157 0.0234609 0.420121 -0.951088 -0.0739811 0.495884 -0.0940249
216 0.363494 -0.70566 0.0841883 0.192475 -0.299952 0.379536 0.534526 -0.147391 -0.200214 -0.331725 -0.613234 1.08687 0.0252702 -0.186925 0.148164 -0.894391 0.367222 -0.659475 0.85477 -0.326273 0.314026 -0.322049 0.93237 -0.757863 -1.01894 0.0261027 -0.0848985 0.412021 -0.986944 -0.173447 0.627518 -0.0574831
214 0.361136 -0.501659 0.0830917 0.302515 -0.00821137 0.502946 0.492017 0.165351 -0.069065 -0.0898846 -0.411383 1.03185 -0.0813483 -0.144597 0.33675 -0.689351 0.504745 -0.631497 0.581806 -0.201135 0.354957 -0.245009 0.822975 -0.529485 -0.854797 -0.104745 -0.198076 0.341945 -0.725982 -0.323055 0.674111 0.0360336
22 -0.0299345 0.788123 -0.0793381 -0.365323 -0.195346 -0.221994 -0.34914 0.394752 0.154019 0.32749 0.593412 0.946644 -0.403776 -0.212767 0.457952 -0.841072 0.550454 -0.483331 0.0149284 -0.00193648 0.0190881 0.410436 1.35264 -0.595456 -0.524763 0.217451 0.157077 0.669651 0.249892 -0.0575135 0.234742 -0.039165
23 -0.0888456 0.861454 -0.0532412 -0.507326 -0.252559 -0.266869 -0.414299 0.320939 0.140588 0.350013 0.62097 1.10873 -0.541303 -0.269176 0.512281 -0.941446 0.625557 -0.528659 0.0476435 -0.0369533 0.061595 0.437684 1.5776 -0.69697 -0.524571 0.258244 0.164893 0.740748 0.328533 -0.116427 0.225916 0.0377598
21 -0.129182 0.85134 -0.162297 -0.463479 -0.421681 -0.261629 -0.260465 0.42418 0.065398 0.329475 0.597183 0.904552 -0.336715 -0.181846 0.549405 -0.961389 0.621992 -0.581743 0.12808 -0.00894885 -0.0140932 0.478637 1.55867 -0.591603 -0.779076 0.22872 0.219665 0.628578 0.26095 -0.100845 0.404352 -0.1636
20 -0.226162 0.650519 -0.25999 -0.417213 -0.764542 -0.331506 -0.0904317 0.32817 -0.0861125 0.3465 0.472409 0.704867 -0.143076 -0.0819833 0.597678 -0.903067 0.558007 -0.587731 0.240817 0.0286739 -0.100812 0.503328 1.4618 -0.472646 -0.999256 0.272338 0.265169 0.480731 0.17459 -0.137623 0.574677 -0.362928
132 0.232615 -0.213822 0.748741 0.408497 0.657448 -0.57409 0.358433 -0.054785 0.0303623 0.301876 0.115087 1.17397 -0.0143991 0.249929 0.217313 -0.491088 1.25927 -0.285314 1.06059 -0.35579 0.742289 -0.0914555 0.853382 0.484726 -0.561395 0.208095 0.415407 0.559328 0.015448 -0.165957 0.771455 0.376554
133 0.262088 -0.163271 0.665401 0.422953 0.68387 -0.514086 0.286012 -0.0472884 0.0369521 0.30694 0.127013 1.05803 -0.00340992 0.24645 0.213833 -0.442333 1.1612 -0.257259 0.990424 -0.318285 0.703104 -0.0863681 0.739244 0.463759 -0.538907 0.201301 0.423028 0.514275 0.0372898 -0.163169 0.692926 0.345272
134 0.273201 -0.23347 0.863358 0.374452 0.682302 -0.500918 0.384773 -0.0178532 -0.0321327 0.281668 0.0914261 1.26525 -0.0562028 0.19921 0.184192 -0.567272 1.12641 -0.316162 1.03798 -0.387407 0.695066 -0.100374 0.8306 0.561644 -0.514383 0.203168 0.439255 0.447442 0.0149206 -0.0874719 0.744806 0.232048
135 0.289116 -0.26811 1.07674 0.177143 0.486571 -0.530508 0.416363 -0.0760493 -0.203646 0.201254 0.038489 1.40785 -0.222332 0.157297 0.137237 -0.658633 0.984519 -0.466223 0.976766 -0.520912 0.685028 -0.119803 0.914738 0.590941 -0.431702 0.148188 0.58784 0.403454 0.0506663 -0.0624087 0.731881 0.16218
85 -0.255325 -0.406287 -0.244307 -0.510693 -0.666274 -0.315013 0.0402626 -0.0981477 0.0875532 -0.242382 -0.26241 0.376012 -0.348008 -0.198005 0.000210302 -0.383537 0.628254 -0.296161 0.669609 -0.251798 0.736219 -0.129983 1.22449 0.108331 -0.456194 -0.117122 0.224905 0.149167 0.0425547 -0.20381 0.37142 0.111574
80 -0.513648 -0.337832 -0.0955586 -0.863155 -0.783057 -0.156791 0.28832 -0.284799 -0.267687 -0.761483 0.0353474 0.352937 -0.224357 -0.641267 -0.0702985 -0.531094 0.942456 0.0431198 0.55927 0.0922361 0.88637 -0.202813 1.22904 -0.0406357 -0.581584 -0.0404827 0.213764 -0.270788 0.271805 0.0838181 0.926544 0.0923138
42 -0.218472 -0.599346 0.116482 -0.0667223 -1.14794 0.254897 -0.0440898 -0.630418 -0.224488 0.165558 0.107428 0.906051 -0.472287 0.138342 0.103488 0.0332373 0.267212 -0.372327 0.238649 -0.0705812 -0.307078 0.0739465 1.37095 -0.19679 -0.695303 -0.242027 0.643444 0.47153 0.424331 0.115501 0.317906 0.0512458
44 -0.252621 -0.609392 0.140501 -0.22589 -1.25449 0.0281408 0.0846423 -0.485337 -0.0897977 0.0928763 0.0524214 0.744998 -0.312033 0.134096 -0.0422842 -0.140176 0.413579 -0.371811 0.295293 -0.102845 -0.16822 -0.0667556 1.28072 -0.271188 -0.560276 -0.212433 0.530824 0.474186 0.375436 0.0882467 0.202786 0.275893
45 -0.300298 -0.673973 0.137653 -0.4011 -1.38435 -0.187629 0.253689 -0.330577 0.0999832 -0.0410031 -0.0754357 0.586014 -0.0329961 0.182766 -0.251407 -0.376767 0.576788 -0.402607 0.333263 -0.128046 -0.0524091 -0.242189 1.25769 -0.414022 -0.444955 -0.20357 0.450373 0.489398 0.397176 0.0852187 0.0657349 0.58048
46 -0.283706 -0.608179 0.145131 -0.381278 -1.28382 -0.199131 0.241819 -0.297966 0.0876955 -0.0614433 -0.0402406 0.532448 -0.0258636 0.164634 -0.229478 -0.381561 0.539392 -0.391859 0.306967 -0.129953 -0.0425116 -0.216953 1.12555 -0.404874 -0.394949 -0.197489 0.360299 0.455093 0.33796 0.08593 0.0545259 0.517275
47 -0.338318 -0.638434 0.129021 -0.445149 -1.33564 -0.186777 0.248853 -0.313229 0.0947136 -0.0863098 -0.0587514 0.553344 -0.00056774 0.172835 -0.253686 -0.391633 0.582284 -0.466286 0.35166 -0.152762 -0.0391089 -0.232266 1.2656 -0.441166 -0.438093 -0.219867 0.408927 0.483588 0.40615 0.0920099 0.0363247 0.611792
244 -0.0447608 0.700463 -0.00718454 -0.106868 -0.0124417 0.309662 0.318749 0.0792511 -0.0459084 -0.297305 -0.0808963 0.257808 -0.584359 -0.174682 0.389719 -0.264004 0.371154 0.0276585 0.654085 -0.711984 0.495551 -0.39523 1.14991 -0.0300015 -0.782232 -0.5192 0.974848 0.773453 -0.331072 -0.854369 0.130366 0.321767
245 -0.109993 0.661427 -0.0157053 -0.110537 0.0191481 0.376001 0.209909 0.0245624 -0.0066083 -0.35841 0.014839 0.24575 -0.624018 -0.102379 0.344279 -0.433151 0.456743 0.025647 0.725171 -0.611907 0.506538 -0.449181 1.3071 -0.0482812 -0.872357 -0.588774 1.1247 0.740463 -0.33476 -0.933276 0.195454 0.27545
243 -0.0421567 0.687058 0.06294 -0.155912 -0.166712 0.269742 0.458356 0.0436041 -0.140544 -0.342549 -0.180588 0.364315 -0.577468 -0.360951 0.48819 -0.168269 0.424722 0.0660057 0.597569 -0.797715 0.542711 -0.373897 1.19717 -0.0404359 -0.76004 -0.51021 0.935182 0.911552 -0.296549 -0.865229 0.160026 0.435434
242 -0.0384612 0.647275 -0.0039447 -0.178607 -0.242732 0.335856 0.641235 0.050749 -0.284722 -0.427547 -0.398308 0.417324 -0.517068 -0.619231 0.633604 -0.0526008 0.429406 0.0798138 0.520013 -0.894785 0.530398 -0.242775 1.18902 -0.0249844 -0.685844 -0.48159 0.914268 1.07249 -0.212765 -0.787141 0.21107 0.619415
240 -0.0486963 0.501262 -0.0344231 -0.25822 -0.361096 0.266587 0.778118 0.0181153 -0.358689 -0.473332 -0.560992 0.460663 -0.461873 -0.777535 0.656009 0.00315378 0.449936 0.0772004 0.398308 -0.869961 0.514302 -0.161762 1.14063 -0.0202542 -0.488851 -0.451123 0.828236 1.08367 -0.112902 -0.693903 0.296855 0.703828
239 -0.0959466 0.251738 -0.107127 -0.255647 -0.495792 0.263971 0.829075 -0.133699 -0.43991 -0.458529 -0.633014 0.580532 -0.419767 -0.864582 0.697316 -0.0246056 0.491875 0.00675298 0.293986 -0.787752 0.465239 -0.0301129 1.08674 0.0166514 -0.255332 -0.378641 0.751046 1.09667 -0.0583151 -0.576792 0.370294 0.790342
241 -0.0308676 0.480519 -0.00591041 -0.203806 -0.225196 0.248261 0.578061 0.0672974 -0.22307 -0.400027 -0.411163 0.344371 -0.420114 -0.492193 0.492858 -0.00125498 0.362153 0.0261264 0.405111 -0.748313 0.450635 -0.235474 1.01274 -0.0222464 -0.573167 -0.401089 0.734415 0.897803 -0.144843 -0.652956 0.186898 0.503551
7 -0.37393 -0.28109 0.108448 -0.0491316 -0.697554 -0.330354 0.0907308 -0.408164 -0.0675289 -0.0361869 0.0380653 0.796171 -0.0952557 0.0811873 -0.320476 -0.667831 1.03488 -0.637944 0.277988 -0.318051 0.257202 0.13902 0.535778 0.264252 -0.7105 -0.200716 0.0210442 0.0614435 0.0436334 -0.882185 -0.080987 -0.191782
291 0.439113 -0.231364 0.324857 -0.719434 -1.05518 -1.0059 0.126825 -0.326421 0.365582 -0.184379 -0.406163 1.29487 -0.385852 0.266631 0.515508 -0.0898049 0.206801 -0.885601 0.727174 0.175193 0.493628 0.0731864 0.650752 0.0802408 -0.589927 -0.527769 0.804633 1.17531 -0.226774 0.0155436 -0.303306 -0.375982
292 0.354594 -0.055716 0.209349 -0.599692 -0.963082 -0.90136 0.0668831 -0.149779 0.371243 -0.21036 -0.335353 1.09992 -0.299286 0.149281 0.329564 -0.150789 0.189759 -0.744819 0.712416 0.198743 0.354681 -0.037803 0.590331 0.0866911 -0.576646 -0.50542 0.696705 1.16326 -0.204151 0.0258666 -0.308241 -0.306109
293 0.406714 -0.0554081 0.236653 -0.645106 -1.07317 -1.03982 0.077208 -0.148655 0.376984 -0.213286 -0.359649 1.28931 -0.32085 0.11107 0.247542 -0.193083 0.284945 -0.772745 0.843066 0.28846 0.394238 -0.0955663 0.629274 0.058085 -0.70851 -0.59141 0.770955 1.32576 -0.219098 -0.0166861 -0.340032 -0.305125
294 0.334238 0.236111 0.0575967 -0.407619 -0.970262 -1.03208 0.0553823 0.0142661 0.327127 -0.261284 -0.384009 1.22526 -0.261833 -0.0618087 -0.123341 -0.323428 0.276722 -0.505157 0.888113 0.358688 0.324526 -0.183243 0.576376 -0.161507 -0.728919 -0.698088 0.720085 1.43564 -0.240816 -0.187988 -0.343743 -0.124337
295 0.253605 0.226048 0.0264665 -0.291237 -0.748923 -0.83899 0.0454615 0.0198872 0.212145 -0.216429 -0.304345 1.01401 -0.240006 -0.0737519 -0.159993 -0.294614 0.286176 -0.396311 0.669911 0.249502 0.27122 -0.17017 0.511992 -0.184145 -0.568206 -0.584199 0.590465 1.16209 -0.155302 -0.157174 -0.233257 -0.0420544
296 0.246199 0.268369 0.0117738 -0.289021 -0.841247 -1.01139 0.0779172 0.0203541 0.224433 -0.253018 -0.42099 1.12949 -0.234559 -0.0785314 -0.298974 -0.423421 0.369236 -0.422058 0.832338 0.304497 0.333931 -0.277691 0.556852 -0.325718 -0.666651 -0.687047 0.6225 1.32535 -0.171034 -0.253648 -0.215972 -0.0153666
54 -0.123514 0.0873698 -0.643149 -0.844463 0.809211 0.467849 -0.0709601 -0.381763 -0.179305 -0.483535 -0.588519 0.642185 -0.0103004 -0.0210564 -0.124174 -0.281874 0.905682 -0.843628 0.672972 -0.462154 0.00775555 -0.251917 1.49699 -0.348057 -0.777927 -0.0833484 0.259692 0.753506 0.387321 -0.0694332 -0.0250027 0.456786
49 -0.181742 -0.29362 -0.0235625 -0.37259 -0.45314 -0.105579 0.0807736 -0.278591 -0.0358926 -0.155656 -0.202339 0.586277 -0.156246 0.0758735 -0.043829 -0.309815 0.664084 -0.579843 0.469297 -0.243853 0.205098 -0.243023 1.17136 -0.353362 -0.494945 -0.132002 0.346931 0.548004 0.275477 -0.138546 0.126232 0.36849
191 0.259641 -0.387025 0.597866 -0.520586 -0.559366 -0.310087 0.22791 -0.463218 -0.533932 0.27611 -0.340175 0.998242 -0.391356 -0.0494664 -0.199804 -0.098206 0.694108 0.0631989 -0.0206663 -1.048 0.214035 -1.2822 0.739186 0.12091 -0.889625 0.541503 -0.0149959 0.784656 0.338743 -0.461152 0.794569 0.642202
189 0.147156 -0.256889 0.660231 -0.52386 -0.580034 -0.347477 0.356571 -0.462969 -0.463296 0.246217 -0.294911 1.06964 -0.43862 -0.0440886 -0.293116 -0.061428 0.65331 -0.144603 0.0563926 -1.08445 0.197779 -1.20403 0.752792 0.147485 -0.856847 0.507667 -0.0159339 0.697526 0.466569 -0.471916 0.89112 0.703583
190 0.148389 -0.24704 0.648803 -0.47163 -0.533336 -0.314549 0.363149 -0.390718 -0.455157 0.220004 -0.289098 0.955578 -0.379961 -0.104682 -0.300833 -0.0397748 0.559842 -0.0774684 0.0428155 -1.02933 0.161326 -1.14192 0.625246 0.138471 -0.802832 0.488915 -0.0159047 0.643844 0.41036 -0.428674 0.84161 0.657748
192 0.445536 -0.538682 0.352249 -0.485583 -0.498445 -0.242081 -0.187591 -0.529881 -0.557638 0.23561 -0.336671 0.815064 -0.345977 0.0280565 -0.1148 -0.250532 0.881936 0.318806 -0.061988 -0.847043 0.311556 -1.37139 0.866479 -0.0903489 -1.01688 0.539407 0.00319052 0.941084 0.106243 -0.414909 0.49796 0.527766
33 -0.170202 -0.505819 0.591683 0.030681 -0.865171 0.557873 0.0877019 -0.657461 0.142626 0.749616 -0.0274443 1.20782 -0.560801 -0.238299 0.296545 -0.277172 0.359887 -0.397855 0.370272 0.247283 -0.297292 0.396388 1.49112 -0.310121 -0.465824 0.0326923 0.189406 0.965584 0.901568 -0.314423 0.0717745 0.19444
34 -0.179333 -0.507845 0.459408 -0.0222613 -0.900921 0.577114 0.058907 -0.605271 0.103159 0.681262 -0.00756477 1.12505 -0.582171 -0.220332 0.303972 -0.150621 0.285995 -0.2862 0.278199 0.307446 -0.349605 0.374573 1.33349 -0.260148 -0.509766 0.032134 0.272577 0.832867 0.858887 -0.239274 0.0639513 0.114836
35 -0.185249 -0.5475 0.413244 -0.0275583 -0.978913 0.573527 0.0623646 -0.633465 0.030278 0.693 -0.0185334 1.23153 -0.640983 -0.216243 0.327285 -0.200649 0.37527 -0.372133 0.322664 0.29667 -0.328678 0.351088 1.43545 -0.262921 -0.568797 0.0139954 0.320693 0.900645 0.814933 -0.272916 0.116743 0.124289
36 -0.223081 -0.60582 0.310755 -0.00399394 -1.05081 0.538908 -0.0124893 -0.753805 -0.130751 0.525001 -0.00687815 1.30466 -0.725283 -0.0849173 0.301915 0.0335773 0.252969 -0.319533 0.302719 0.235718 -0.365322 0.293575 1.46669 -0.212605 -0.702557 -0.0818351 0.556648 0.754809 0.718545 -0.111847 0.241907 -0.0281616
38 -0.231115 -0.669211 0.201975 -0.0251095 -1.17329 0.524758 -0.0626646 -0.801207 -0.290691 0.437081 0.0489724 1.3389 -0.784186 0.0376462 0.34944 0.107156 0.257859 -0.364119 0.29456 0.136542 -0.402468 0.202571 1.55951 -0.144597 -0.851036 -0.191143 0.710011 0.657722 0.631388 -0.0358333 0.34327 -0.122387
131 0.198578 -0.313451 0.533362 0.490758 0.61519 -0.731304 0.326271 -0.155967 0.127275 0.375969 0.237933 0.954223 -0.000723013 0.226294 0.123035 -0.565091 1.41639 -0.0406399 0.974711 -0.251236 0.670029 -0.176708 0.904704 0.424249 -0.459462 0.280274 0.284359 0.608019 -0.033112 -0.270983 0.8669 0.524764
129 0.183339 -0.348507 0.506992 0.517285 0.545923 -0.840051 0.298475 -0.219469 0.208803 0.40279 0.305912 0.891024 -0.0456538 0.235478 0.101677 -0.60576 1.55374 -0.00685566 0.95483 -0.197965 0.66985 -0.177209 0.955968 0.422426 -0.414871 0.269945 0.248977 0.667999 -0.0251442 -0.383155 0.902794 0.618278
128 0.102243 -0.39793 0.383981 0.468438 0.230046 -0.976974 0.235109 -0.367443 0.315974 0.33046 0.329493 0.679257 -0.125686 0.13043 0.0761252 -0.631125 1.57049 0.0989895 0.795489 -0.102879 0.619035 -0.168055 1.04839 0.407833 -0.272293 0.252011 0.197576 0.652973 -0.0072279 -0.499604 0.84693 0.728708
142 0.0237766 -0.604405 0.655141 -0.171014 -0.553996 -0.648785 0.386114 0.178471 -0.231946 0.0850981 0.000459198 1.00928 -0.946259 0.0228137 -0.419807 -0.658125 0.334862 -0.6344 0.127819 -0.28959 -0.118544 -0.601299 1.20008 0.137901 0.257663 -0.302778 0.260262 0.451389 -0.0435721 -0.00153248 1.01357 -0.360644
141 0.0442691 -0.678537 0.816331 -0.180352 -0.544079 -0.736413 0.45739 0.184699 -0.235613 0.0774028 0.028937 1.09495 -1.01531 0.0204159 -0.43593 -0.72747 0.440185 -0.713552 0.183741 -0.33477 -0.0545856 -0.673727 1.3077 0.183608 0.254283 -0.301781 0.311621 0.492303 -0.0530552 0.0162405 1.11564 -0.364675
37 -0.208768 -0.576445 0.187172 -0.0421664 -1.03723 0.514568 -0.0827541 -0.721238 -0.214275 0.479644 0.0390433 1.2154 -0.695719 -0.0038162 0.309938 0.108849 0.23814 -0.271222 0.252799 0.183009 -0.390889 0.22928 1.40951 -0.145145 -0.760726 -0.135147 0.619117 0.626561 0.637578 -0.0827898 0.288372 -0.109289
24 0.00540777 0.776533 0.142221 -0.5269 -0.102075 -0.244338 -0.56235 0.208537 0.245555 0.38907 0.658972 1.21385 -0.714746 -0.264462 0.420426 -0.976942 0.628717 -0.452675 -0.00222904 -0.11828 0.147172 0.431191 1.6258 -0.765109 -0.288581 0.282464 0.0808433 0.852129 0.405339 -0.11365 0.124598 0.164471
26 -0.00764377 0.68421 0.227416 -0.535402 -0.146318 -0.226659 -0.567112 0.0744519 0.219769 0.419087 0.596431 1.23234 -0.796367 -0.322358 0.348487 -0.922981 0.638329 -0.391648 0.0211768 -0.15908 0.145591 0.455927 1.64818 -0.768156 -0.19296 0.284668 0.0318024 0.908911 0.50942 -0.197807 0.112947 0.279007
25 0.0167591 0.710194 0.159789 -0.503027 -0.0727044 -0.224348 -0.532094 0.138291 0.213195 0.402658 0.558111 1.14803 -0.712349 -0.258488 0.343774 -0.879914 0.572987 -0.360431 -0.0363333 -0.148107 0.156706 0.374163 1.47743 -0.73303 -0.165588 0.285743 0.0158408 0.810972 0.411011 -0.131935 0.0871864 0.24197
79 -0.390379 -0.26998 -0.0895389 -0.800123 -0.711873 -0.136075 0.332336 -0.230403 -0.255132 -0.760163 0.0125395 0.3306 -0.254826 -0.636593 -0.0124898 -0.518572 0.864846 0.102941 0.46814 0.0711699 0.724302 -0.193669 1.11099 -0.0612162 -0.568301 -0.043435 0.187575 -0.237532 0.297111 0.0569741 0.868032 0.104441
78 -0.40001 -0.244767 -0.0304051 -0.906137 -0.864798 -0.140538 0.321444 -0.237124 -0.165194 -0.88312 0.0326203 0.347272 -0.409682 -0.655663 -0.0257433 -0.646967 0.978258 0.0333838 0.459503 0.160381 0.728676 -0.286041 1.24953 -0.120375 -0.697517 -0.0643777 0.217885 -0.302566 0.47523 0.0289645 0.93052 0.137485
116 -1.01218 -0.281812 0.376466 0.286365 -0.910115 -0.954789 -0.430483 -0.967925 -0.17273 0.192032 0.206978 0.570124 0.149302 -0.292389 0.00553615 -0.282335 0.928781 -1.0105 0.732766 0.266866 -0.106274 -0.00492886 1.07943 -0.702417 -0.587685 0.198656 -0.146963 0.275292 0.237493 -0.585491 0.586671 0.712741
114 -1.05735 -0.359992 0.472113 0.236493 -0.856855 -0.774233 -0.446656 -0.970968 -0.225108 0.266256 0.200365 0.600047 0.144388 -0.117758 0.107605 -0.261824 0.906788 -1.05415 0.78255 0.127731 -0.0936946 -0.0606725 1.13606 -0.746935 -0.542628 0.191526 -0.197648 0.295995 0.198395 -0.476602 0.476592 0.695277
115 -0.88054 -0.297573 0.35279 0.223123 -0.814583 -0.806137 -0.405282 -0.881914 -0.214588 0.181955 0.195545 0.44706 0.14592 -0.152742 0.00889151 -0.217975 0.747692 -0.897603 0.608924 0.189793 -0.137884 -0.0163021 0.883373 -0.628049 -0.477641 0.189175 -0.160067 0.231549 0.185607 -0.48515 0.478834 0.597854
117 -0.842693 -0.233239 0.333422 0.266495 -0.873359 -1.14276 -0.336442 -0.986546 0.0375347 0.0523598 0.18554 0.62915 -0.132364 -0.372079 -0.075397 -0.332804 0.881815 -0.83611 0.619416 0.294074 -0.0338194 -0.0360538 0.916471 -0.420633 -0.476185 0.144193 -0.0964614 0.308645 0.170513 -0.681626 0.59501 0.711432
118 -0.629012 -0.165454 0.171155 0.228638 -0.812995 -1.13542 -0.227181 -0.854427 0.134295 0.0347834 0.177497 0.530948 -0.216845 -0.414758 -0.129405 -0.339241 0.835352 -0.665534 0.486361 0.334476 -0.0257354 -0.0078627 0.758464 -0.231026 -0.411002 0.123224 -0.0442705 0.257322 0.16881 -0.663371 0.551114 0.599493
188 0.0444228 -0.221227 0.624179 -0.491243 -0.625356 -0.393821 0.518117 -0.412072 -0.337861 0.0856156 -0.275138 0.998501 -0.383771 -0.00775886 -0.241474 -0.0591636 0.451374 -0.305816 0.0924857 -0.888236 0.250012 -0.881145 0.644491 0.160164 -0.60583 0.362211 0.0678629 0.527764 0.412346 -0.346404 0.844908 0.698457
187 0.0144339 -0.172218 0.560666 -0.456059 -0.594673 -0.398916 0.487699 -0.389863 -0.290806 0.0559896 -0.247821 0.886716 -0.383277 0.0460552 -0.199518 -0.0792724 0.370599 -0.35349 0.0791776 -0.75411 0.221577 -0.743997 0.607838 0.129178 -0.479855 0.318065 0.0716936 0.450253 0.36175 -0.306713 0.751799 0.641937
125 -0.141317 -0.178985 0.365171 0.332751 -0.260305 -1.15074 0.131801 -0.635065 0.438641 0.176286 0.318927 0.51416 -0.284508 -0.172738 -0.0975874 -0.571907 1.21964 -0.0289925 0.541864 0.0928763 0.345376 -0.1036 0.806541 0.359884 -0.237523 0.183041 0.0666888 0.441759 0.0648067 -0.636374 0.635134 0.597435
126 0.0697996 -0.385457 0.381096 0.424352 0.0305923 -1.03965 0.211705 -0.443242 0.338379 0.274376 0.309804 0.606756 -0.177581 0.0377745 0.0127261 -0.602895 1.48946 0.0773445 0.706138 -0.0748028 0.540979 -0.162313 0.978317 0.404381 -0.221004 0.184555 0.157684 0.57503 -0.00110538 -0.555257 0.793155 0.696887
127 0.115096 -0.324396 0.400712 0.403765 0.166435 -0.865845 0.24665 -0.31983 0.274291 0.286624 0.269698 0.592111 -0.132957 0.0651031 0.0259892 -0.521235 1.3432 0.0996355 0.685409 -0.0967143 0.509209 -0.141202 0.899634 0.383986 -0.230091 0.185087 0.167446 0.546597 -0.0148857 -0.449139 0.720225 0.634646
3 -0.225806 0.245719 0.0299697 0.0540827 -0.877703 -0.83255 0.106387 -0.163693 0.277444 -0.297963 -0.366152 0.758439 -0.0863557 -0.0821973 -0.709555 -0.847616 0.889627 -0.452514 0.658533 0.00655244 0.277383 -0.275749 0.450318 -0.521405 -0.671608 -0.62456 0.141846 0.739586 0.034103 -0.870026 -0.0415528 0.134976
193 0.41609 -0.537622 0.278289 -0.365485 -0.411546 -0.232575 -0.252286 -0.493361 -0.479501 0.181884 -0.271388 0.679908 -0.287757 0.0144955 -0.0238986 -0.29644 0.810474 0.341446 -0.0335417 -0.629511 0.325702 -1.11787 0.763418 -0.107971 -0.875709 0.42952 0.0494353 0.871483 -0.0207032 -0.366652 0.342668 0.36627
194 0.520449 -0.640386 0.309277 -0.392895 -0.488001 -0.268984 -0.310536 -0.583482 -0.528399 0.244185 -0.312559 0.794205 -0.278579 0.0511558 -0.0031605 -0.317892 0.937231 0.421154 -0.0690146 -0.690343 0.359602 -1.28749 0.881524 -0.132077 -1.00931 0.513571 0.0546905 0.977804 -0.0230855 -0.398265 0.382003 0.419863
195 0.575517 -0.711348 0.179009 -0.351982 -0.508326 -0.286355 -0.492626 -0.680351 -0.486233 0.220662 -0.227064 0.66121 -0.227993 0.100012 0.100677 -0.495493 1.00733 0.486438 -0.0284688 -0.446646 0.397098 -1.18655 0.988409 -0.243758 -0.999063 0.448155 0.126284 1.00009 -0.136603 -0.36387 0.243211 0.334952
196 0.604879 -0.749048 0.113309 -0.257688 -0.536411 -0.312144 -0.546112 -0.667147 -0.436793 0.199622 -0.183211 0.60527 -0.171614 0.117165 0.143877 -0.560879 0.981744 0.50575 0.0379998 -0.287762 0.448377 -1.0341 0.975565 -0.263521 -0.899085 0.358534 0.127733 0.929954 -0.215837 -0.333947 0.113242 0.262132
197 0.658553 -0.781796 0.0896982 -0.239119 -0.530939 -0.293045 -0.588226 -0.714523 -0.5209 0.221812 -0.158716 0.621926 -0.160647 0.11466 0.235457 -0.559154 1.09469 0.499224 0.0633503 -0.237397 0.509158 -1.05693 1.099 -0.320683 -1.00944 0.283173 0.133463 0.989299 -0.226029 -0.361771 0.126642 0.248652
71 0.204165 -0.176432 0.626872 -0.407549 -0.926134 -0.21279 0.158222 0.216043 0.405828 -0.766409 0.0610099 0.197774 -0.959338 -0.29802 -0.252591 -0.457273 0.852053 -0.494402 -0.177737 0.0907276 0.235562 -0.538329 1.19802 -0.307532 -0.642638 -0.216914 0.194615 0.197441 0.928277 -0.412715 0.332406 0.160701
102 -0.14511 -0.34913 0.253115 -0.233405 -0.031356 -0.164949 -0.18747 -0.208394 0.0351853 0.787395 0.0967874 0.260122 -0.776853 0.802119 0.307452 -0.744814 1.19661 -1.15073 -0.0448561 -0.289549 0.170297 -0.782641 1.49808 -0.15878 0.0780142 -0.196132 -0.37533 -0.0666462 -0.239422 -0.107129 0.0514707 0.454333
104 -0.383095 -0.347295 0.326679 -0.354687 -0.00170563 -0.203203 -0.287714 -0.429655 -0.00399378 0.73994 0.156775 0.19605 -0.702768 0.840984 0.349492 -0.661828 1.17847 -1.05119 0.00231756 -0.236707 0.0934497 -0.753721 1.3162 -0.209939 0.0365334 -0.0457906 -0.40463 -0.00164332 -0.251825 -0.0478934 -0.0683243 0.368681
103 -0.199931 -0.277355 0.206957 -0.216957 -0.0174539 -0.173756 -0.200712 -0.267395 0.019277 0.632515 0.0924826 0.20616 -0.624936 0.663471 0.237605 -0.582472 0.981323 -0.889723 -0.0350305 -0.221464 0.0798656 -0.644763 1.215 -0.18715 0.0248943 -0.104874 -0.281962 0.0180926 -0.203061 -0.0808913 0.0296401 0.370279
105 -0.673575 -0.512232 0.420374 -0.433765 -0.188241 -0.268483 -0.345727 -0.659581 0.00386646 0.691564 0.287629 0.259473 -0.687519 0.844539 0.440593 -0.64632 1.16897 -1.01991 0.136954 -0.189042 -0.0899975 -0.660135 1.26163 -0.285143 -0.11525 0.0339972 -0.421061 0.204322 -0.252255 0.0175768 -0.13111 0.303414
106 -0.660733 -0.474002 0.386789 -0.435403 -0.18621 -0.264184 -0.368656 -0.66939 -0.0485437 0.527219 0.26797 0.214544 -0.566671 0.715287 0.400714 -0.561151 1.05862 -0.88559 0.147773 -0.164016 -0.109532 -0.608168 1.05283 -0.306984 -0.143493 0.0685758 -0.388842 0.276752 -0.200221 0.0458993 -0.146984 0.263488
107 -0.876972 -0.622829 0.52712 -0.480974 -0.342974 -0.35106 -0.375503 -0.812135 -0.0620705 0.604211 0.337472 0.313974 -0.555362 0.806278 0.434548 -0.558783 1.12301 -1.00912 0.280182 -0.189301 -0.116629 -0.601028 1.13682 -0.386901 -0.220664 0.0476713 -0.445566 0.351808 -0.225787 0.0869982 -0.176094 0.274177
259 -0.0213423 -0.602176 0.353179 -0.198715 0.133613 0.0346838 -0.266181 -0.320367 0.36999 -0.293743 0.308505 -0.0295849 -0.631603 0.0587963 -0.254491 -0.337938 0.407228 -0.591519 0.718307 -0.092688 -0.0129592 0.174672 1.09467 -0.975218 0.089807 -0.361236 0.217538 0.871827 0.299133 -0.407672 1.05742 0.18175
258 -0.0298164 -0.660058 0.390145 -0.238263 0.125164 0.0769913 -0.378464 -0.406198 0.395807 -0.295966 0.305359 0.0592906 -0.655225 0.172164 -0.301586 -0.421994 0.441233 -0.594466 0.73979 -0.138819 0.00591772 0.14288 1.15652 -1.0045 0.0626821 -0.396253 0.29387 0.866036 0.261968 -0.381278 1.05196 0.181896
260 -0.00937042 -0.57871 0.3373 -0.223033 0.148654 0.0234135 -0.244273 -0.281041 0.415676 -0.305115 0.295866 -0.0279344 -0.647701 0.0360918 -0.252771 -0.389011 0.439326 -0.634012 0.827027 -0.0670828 -0.00664382 0.159725 1.13924 -1.00233 0.0399263 -0.376255 0.250646 0.940413 0.319602 -0.41234 1.12196 0.286306
299 -0.0733665 0.435915 -0.0642602 -0.0231999 -0.791952 -0.930234 0.14999 0.0976987 0.266359 -0.348582 -0.474721 0.91876 -0.231162 -0.272238 -0.766066 -0.780952 0.718953 -0.232954 0.818071 0.20516 0.373989 -0.408858 0.620753 -0.775569 -0.597157 -0.754295 0.309362 1.14507 -0.00299758 -0.732492 0.0349352 0.259084
297 0.0224879 0.356242 -0.0309686 -0.159756 -0.830271 -0.981844 0.145369 0.0983009 0.239413 -0.316397 -0.463208 1.00886 -0.257913 -0.19686 -0.583451 -0.577678 0.547293 -0.249419 0.79185 0.274353 0.378696 -0.33287 0.57292 -0.56322 -0.613157 -0.751214 0.425513 1.20682 -0.0851199 -0.566949 -0.119076 0.151521
231 -0.293481 -0.746781 -0.506953 0.0202253 -1.07482 -0.116426 0.386487 -0.850455 -0.32432 0.226121 -0.179964 1.21702 -0.635986 -0.384847 0.46661 -0.63349 0.838406 -0.428605 0.0563814 0.0654938 0.431341 -0.0182439 0.667348 -0.170683 0.442341 0.0541926 0.439234 1.10182 -0.0303758 -0.379565 0.287856 0.413868
230 -0.255618 -0.841367 -0.572276 0.0784016 -1.16963 -0.11562 0.335494 -0.923675 -0.257114 0.338827 -0.123062 1.26166 -0.724799 -0.323337 0.408493 -0.719677 0.818919 -0.452869 0.0423485 0.172153 0.44952 -0.0268798 0.637329 -0.207209 0.466558 0.188624 0.374171 1.12829 -0.0663841 -0.422603 0.236525 0.361699
232 -0.276108 -0.572617 -0.405336 0.0194601 -0.889956 -0.0695216 0.336555 -0.723498 -0.285855 0.166327 -0.209987 0.94947 -0.528332 -0.38368 0.42413 -0.481857 0.683766 -0.305063 0.0142099 0.0494087 0.288215 0.0212715 0.561354 -0.128066 0.38905 -0.000285518 0.396284 0.914549 0.0326298 -0.293876 0.284244 0.390383
233 -0.248898 -0.507974 -0.393324 -0.0546002 -0.923261 -0.044573 0.571149 -0.774458 -0.408198 0.000906782 -0.327077 1.0566 -0.498785 -0.617055 0.520272 -0.504279 0.757054 -0.308808 0.0342396 -0.0733506 0.391134 0.0464041 0.674448 -0.100419 0.403979 -0.0338913 0.53369 1.09441 0.0178228 -0.397771 0.361792 0.600275
55 -0.0672805 0.0850862 -0.554581 -0.676447 0.72266 0.397848 -0.0390377 -0.289785 -0.155984 -0.404689 -0.490331 0.559298 -0.0574612 -0.00771081 -0.102264 -0.266029 0.808661 -0.672422 0.495108 -0.379175 0.0214308 -0.217341 1.25837 -0.229815 -0.702897 -0.0570196 0.174067 0.645708 0.273582 -0.0828608 -0.00808014 0.350188
13 -0.478754 -0.315101 -0.00782529 -0.210242 -0.862478 -0.274793 0.243944 -0.317493 -0.355037 0.283719 0.152091 0.451842 0.0559263 0.123637 -0.0559108 -0.468545 0.701653 -0.503583 0.275294 -0.259657 0.190138 0.400904 0.887854 0.356547 -1.07168 0.217711 0.177299 -0.0857166 0.174492 -0.845518 0.363136 -0.439395
14 -0.532888 -0.27615 -0.0577379 -0.271912 -0.999192 -0.358307 0.239553 -0.294654 -0.377012 0.359064 0.169988 0.483553 -0.0364594 0.176976 0.0362429 -0.556317 0.840626 -0.680266 0.38203 -0.266498 0.178368 0.435332 1.20595 0.302327 -1.22933 0.220035 0.254722 0.00865863 0.23527 -0.892732 0.532703 -0.503176
12 -0.568399 -0.393137 0.0136911 -0.191176 -0.959693 -0.313814 0.214754 -0.440513 -0.350074 0.25279 0.22948 0.674847 -0.0279056 0.196628 -0.0908035 -0.633335 0.99851 -0.705302 0.329577 -0.37352 0.233711 0.463688 1.04571 0.461434 -1.21947 0.150459 0.174339 -0.0898353 0.212305 -1.08566 0.28494 -0.509484
39 -0.253012 -0.636598 0.0969418 0.0258396 -1.11426 0.483338 -0.171295 -0.854191 -0.393203 0.264716 0.102582 1.23546 -0.782407 0.1249 0.315149 0.14807 0.275429 -0.424415 0.327617 -0.0609376 -0.395545 0.117099 1.69764 -0.171589 -0.952563 -0.310458 0.870931 0.599337 0.50983 0.0752462 0.512948 -0.146272
41 -0.21025 -0.629489 0.101621 0.0258878 -1.12853 0.360687 -0.110714 -0.825382 -0.371869 0.221024 0.0994953 1.16503 -0.715241 0.153308 0.25858 0.179069 0.240599 -0.398493 0.263791 -0.0765031 -0.333925 0.0902842 1.55004 -0.111668 -0.848643 -0.290741 0.78473 0.518926 0.435701 0.0947415 0.465855 -0.112995
167 -0.405732 0.152614 0.351332 -0.48755 -0.369933 0.381697 0.122149 0.00421474 -0.192133 0.02016 -0.259452 0.25863 -0.0382366 0.716573 0.293455 0.108207 0.782303 -0.994219 0.73495 0.203396 0.700079 -0.901912 0.814783 -0.731183 -0.0901468 -0.0818032 0.548521 0.654642 0.245047 -0.365196 -0.213639 0.16399
166 -0.358801 0.194983 0.222588 -0.399103 -0.267749 0.215786 0.0189347 -0.0478301 -0.216928 0.096082 -0.306323 0.230052 -0.050332 0.656167 0.140521 0.0725709 0.673305 -0.873153 0.716518 0.0656725 0.581235 -0.737995 0.84517 -0.552255 -0.282975 0.0232022 0.705482 0.689807 0.221055 -0.326513 -0.030525 0.153364
112 -0.989661 -0.473037 0.53918 0.00658167 -0.58577 -0.266632 -0.346919 -0.74609 -0.236208 0.393152 0.177004 0.54299 0.224905 0.167705 0.234421 -0.1382 0.759568 -0.905266 0.661107 -0.111874 -0.125283 -0.208563 1.04233 -0.665999 -0.499259 0.14628 -0.32024 0.233421 0.103076 -0.106086 0.183879 0.457714
113 -1.16431 -0.447299 0.579826 0.0904619 -0.756529 -0.474153 -0.428163 -0.873291 -0.268121 0.357441 0.18386 0.569854 0.317762 0.0602368 0.150001 -0.155377 0.869099 -1.08879 0.837314 -0.0614154 -0.102067 -0.204187 1.19269 -0.799836 -0.59435 0.204495 -0.273549 0.291609 0.172838 -0.227228 0.294338 0.585898
111 -1.18266 -0.627031 0.728762 -0.0534077 -0.672471 -0.371247 -0.392034 -0.857771 -0.202225 0.4777 0.235756 0.5508 0.17749 0.30485 0.270401 -0.152371 0.858488 -1.09698 0.791325 -0.116929 -0.169123 -0.351096 1.17801 -0.758821 -0.567353 0.148866 -0.374811 0.338722 0.021378 -0.0451976 0.170813 0.458399
110 -1.24215 -0.659281 0.768709 -0.207651 -0.566835 -0.325259 -0.397982 -0.876982 -0.191442 0.563933 0.315639 0.564568 0.0355043 0.523305 0.394741 -0.265698 0.930547 -1.17139 0.759104 -0.106572 -0.219152 -0.419128 1.1758 -0.724846 -0.522722 0.100263 -0.440853 0.459032 -0.0924768 0.0718026 -0.00478141 0.407174
119 -0.723116 -0.188115 0.237678 0.231263 -0.869972 -1.1694 -0.22616 -0.998717 0.165964 0.0586726 0.231582 0.664186 -0.310144 -0.424028 -0.112473 -0.405863 0.967422 -0.732749 0.553555 0.32579 0.0159699 -0.047285 0.898307 -0.245112 -0.457325 0.137323 -0.0395634 0.343822 0.186587 -0.709664 0.605147 0.644626
120 -0.587024 -0.135754 0.273227 0.214683 -0.833749 -1.24697 -0.122723 -0.938573 0.327882 -0.000345244 0.251885 0.613008 -0.439607 -0.453774 -0.224231 -0.505427 1.02455 -0.587792 0.463206 0.305976 0.0996323 -0.0737726 0.878929 -0.0162315 -0.40818 0.120264 -0.0338298 0.353551 0.157014 -0.794954 0.573999 0.588421
121 -0.512353 -0.0839455 0.261926 0.21796 -0.649658 -1.22318 -0.0327893 -0.891498 0.472921 -0.00804086 0.261117 0.564706 -0.487118 -0.433636 -0.266516 -0.484808 0.98737 -0.430051 0.416956 0.289415 0.111727 -0.0654874 0.776994 0.138302 -0.319534 0.118153 0.0104425 0.325612 0.160404 -0.750071 0.567646 0.54829
122 -0.500902 -0.0404826 0.286215 0.251122 -0.687069 -1.28396 0.000566115 -0.932562 0.491596 0.0452232 0.276878 0.604485 -0.475508 -0.42763 -0.262201 -0.54201 1.0765 -0.433571 0.45475 0.27276 0.127571 -0.077404 0.854287 0.170196 -0.37778 0.15421 0.0243146 0.413689 0.196607 -0.826851 0.570078 0.55574
160 -0.260468 0.209382 0.269127 -0.228913 -0.409722 -0.197791 -0.173084 -0.134495 -0.27745 0.0937561 -0.222807 0.0674553 -0.1686 0.818865 0.0286214 0.193285 0.842283 -0.951847 0.327021 -0.119177 0.466416 -0.480524 1.03765 -0.104901 -0.645467 -0.0595516 0.952266 0.526926 0.46971 -0.244742 0.260047 0.189036
159 -0.261172 0.23436 0.26873 -0.194322 -0.495434 -0.29062 -0.166449 -0.135443 -0.310455 0.0893326 -0.294596 0.0600528 -0.260478 0.895457 0.0379277 0.255711 0.933716 -1.06429 0.29166 -0.162842 0.506887 -0.460478 1.11324 -0.0589818 -0.681208 -0.179348 1.02358 0.533877 0.576809 -0.194776 0.34415 0.246736
158 -0.234026 0.219823 0.25977 -0.137909 -0.574685 -0.322687 -0.180057 -0.0956766 -0.297587 0.103181 -0.271836 0.0698819 -0.316696 0.931169 0.0487866 0.303017 0.996871 -1.04783 0.183794 -0.148979 0.530052 -0.37336 1.07564 0.0742536 -0.638996 -0.28544 1.01811 0.460936 0.688102 -0.167725 0.3521 0.225475
19 -0.247898 0.454862 -0.213569 -0.320751 -0.764798 -0.271972 -0.00558833 0.19986 -0.141592 0.286455 0.293312 0.509756 -0.0723852 -0.0696402 0.432159 -0.687558 0.464839 -0.462253 0.212794 0.0151889 -0.13781 0.348595 1.1734 -0.319511 -0.913741 0.177279 0.221294 0.345925 0.145885 -0.136294 0.519462 -0.331629
18 -0.292514 0.450867 -0.241788 -0.362101 -0.895107 -0.336568 0.0228383 0.218336 -0.189083 0.378004 0.340238 0.523021 -0.0525606 0.0028839 0.468653 -0.761536 0.530014 -0.558322 0.224105 -0.00872789 -0.108149 0.459224 1.39034 -0.310438 -1.09111 0.247717 0.28752 0.359197 0.188749 -0.223569 0.663193 -0.409688
28 0.0221635 0.204776 0.389481 -0.275907 -0.294159 -0.0114977 -0.382149 -0.200879 0.152352 0.458219 0.343512 1.00949 -0.608507 -0.252302 0.178959 -0.653749 0.461767 -0.304439 0.0763076 -0.0668879 -0.00812972 0.392502 1.28876 -0.520782 -0.128737 0.152782 0.0140576 0.809907 0.580852 -0.270025 0.087797 0.232028
223 0.386933 -0.680464 -0.111798 0.276715 -0.943077 0.0459332 0.406956 -0.632198 -0.334009 -0.0229767 -0.302184 0.956849 -0.458009 -0.120492 0.0326713 -0.808565 0.315961 -0.206212 0.487473 -0.0812952 0.567228 -0.16974 0.742939 -0.523315 -0.394809 0.460128 0.330303 0.930173 -0.654887 0.0179472 -0.0362573 -0.0341661
224 0.420537 -0.800814 -0.145792 0.324646 -1.07672 0.081074 0.437683 -0.707829 -0.321273 0.00626143 -0.29086 1.0646 -0.495344 -0.124376 0.00788373 -0.886079 0.326703 -0.238122 0.518084 -0.0780344 0.587193 -0.179803 0.799702 -0.565264 -0.423437 0.568689 0.354649 0.996879 -0.686974 -0.00555519 -0.021903 -0.0132626
287 0.474534 -0.570273 0.508944 -0.779934 -0.811695 -0.967652 0.463422 -0.667909 0.183315 0.191599 -0.785075 1.39513 -0.816936 0.651584 0.594285 0.0508553 0.440052 -1.0807 0.561273 -0.37544 0.882427 0.310791 0.806851 -0.0401019 -0.203965 -0.456235 0.68763 0.529439 -0.0218806 -0.306154 -0.0928309 -0.473399
286 0.397335 -0.476709 0.440666 -0.674939 -0.788368 -0.842121 0.364395 -0.542916 0.15125 0.116948 -0.673116 1.21878 -0.703058 0.523266 0.475833 -0.00755258 0.41832 -0.917606 0.473991 -0.332263 0.756744 0.215119 0.74209 -0.0436068 -0.161355 -0.413513 0.568574 0.478778 -0.0326606 -0.270805 -0.0915642 -0.356982
65 0.279354 -0.247358 0.550514 0.20795 0.121439 -0.131756 0.258684 0.7659 0.221286 -0.473818 0.169757 -0.108785 -0.933741 -0.110339 -0.564504 -0.0156696 1.29556 -0.656559 -0.241387 -0.560172 0.677928 -0.177018 1.53304 -0.252399 -0.634231 -0.350742 0.42386 0.863119 0.409517 -0.44416 0.427697 -0.210453
66 0.255508 -0.376938 0.86022 0.0831628 -0.245151 -0.331802 0.184103 0.641566 0.339029 -0.663317 0.219722 -0.0152186 -0.926762 -0.241307 -0.607352 0.027345 1.32109 -0.696092 -0.31016 -0.547036 0.764717 -0.324477 1.49031 -0.26625 -0.578129 -0.358012 0.347865 0.727659 0.403727 -0.45457 0.353243 -0.2599
67 0.196177 -0.440113 0.876754 0.0198726 -0.368737 -0.334344 0.102016 0.485607 0.338925 -0.641155 0.199053 0.0439056 -0.833716 -0.258725 -0.536304 0.097776 1.1646 -0.679162 -0.32029 -0.452712 0.707285 -0.326201 1.33141 -0.242797 -0.444174 -0.328316 0.273527 0.593454 0.359217 -0.376168 0.285772 -0.279487
68 0.179021 -0.409743 0.805055 -0.0508387 -0.426498 -0.327298 0.115265 0.456867 0.359512 -0.639808 0.138096 0.0642558 -0.889329 -0.229244 -0.507363 -0.017044 1.1768 -0.671635 -0.264725 -0.421707 0.658055 -0.38277 1.38682 -0.25131 -0.521166 -0.323552 0.273466 0.576881 0.42321 -0.409242 0.326767 -0.197996
147 -0.0677002 -0.26087 -0.0625569 0.0497237 -0.848041 -0.373786 0.273735 0.264077 0.0974372 0.264147 -0.419014 1.03099 -1.0571 0.142763 0.0370842 -0.0938996 0.906254 -0.617333 0.192029 -0.143428 0.568065 0.272475 1.27209 0.282079 0.358623 -0.712512 0.43357 0.374856 0.309926 0.0549282 0.616404 0.321949
149 -0.101619 -0.227233 -0.168023 0.078051 -0.946612 -0.382933 0.284653 0.267504 0.130821 0.300006 -0.447275 1.06852 -1.15846 0.172818 0.0921965 -0.0702331 1.04137 -0.652322 0.212503 -0.140385 0.660418 0.377226 1.3091 0.317489 0.412702 -0.804819 0.459891 0.400683 0.410307 0.060569 0.610159 0.444998
148 -0.049852 -0.191253 -0.12503 0.040148 -0.813916 -0.322742 0.217474 0.225173 0.130215 0.229966 -0.397465 0.964493 -0.955179 0.127073 0.106373 -0.0591914 0.870935 -0.592437 0.203367 -0.14573 0.56472 0.298271 1.2062 0.237843 0.295946 -0.663644 0.433258 0.407748 0.332755 0.00818787 0.493637 0.372465
255 -0.088333 -0.81521 0.515837 -0.0359059 0.265542 0.268159 -0.76261 -0.605936 0.525563 -0.288239 0.261639 0.420973 -0.787515 0.536637 -0.454347 -0.675339 0.596064 -0.377834 0.507199 -0.260478 0.119152 0.173057 1.20267 -0.718258 -0.224516 -0.51995 0.61417 0.585915 0.107882 -0.177992 0.945531 -0.203449
256 -0.0586347 -0.706063 0.452557 -0.028884 0.240384 0.224629 -0.617011 -0.498028 0.457832 -0.242985 0.227464 0.347919 -0.676048 0.456967 -0.400187 -0.545222 0.525821 -0.367753 0.465239 -0.254268 0.110631 0.187612 1.01878 -0.640469 -0.166579 -0.445362 0.508663 0.549756 0.0969461 -0.183436 0.835811 -0.138574
257 -0.0453172 -0.767404 0.494986 -0.120535 0.200269 0.218498 -0.570528 -0.501142 0.503006 -0.323612 0.276118 0.233746 -0.686298 0.378287 -0.412138 -0.491492 0.479966 -0.453284 0.597148 -0.214392 0.045448 0.217494 1.14469 -0.86568 -0.0545935 -0.428533 0.42581 0.696754 0.214241 -0.291898 0.984122 -0.0167142
254 -0.196405 -0.657488 0.309714 0.0046256 0.366522 0.314421 -0.790003 -0.549968 0.517958 -0.331424 0.274783 0.335254 -0.821658 0.572342 -0.349335 -0.809894 0.589977 -0.231058 0.550823 -0.350818 0.174345 0.0496797 1.28983 -0.407212 -0.450558 -0.658664 0.928831 0.366168 -0.0130603 -0.300936 0.867994 -0.190358
27 0.0461362 0.43094 0.37803 -0.382093 -0.245924 -0.0635826 -0.466931 -0.0975461 0.235447 0.532599 0.466318 1.17385 -0.706366 -0.326294 0.287244 -0.773508 0.470811 -0.321598 0.012846 -0.0914925 -0.0118774 0.470845 1.47147 -0.681523 -0.129454 0.238027 -0.0126136 0.932317 0.619252 -0.237525 0.0361892 0.281469
171 -0.292857 -0.124021 0.608797 -0.625951 -0.930072 0.391869 0.347372 0.00195543 0.105586 -0.515598 -0.0631303 0.687355 -0.31296 0.314811 0.738403 -0.220543 1.02143 -0.89976 0.450964 0.199536 0.789678 -0.750216 0.843698 -0.820335 0.331546 -0.646194 -0.158081 0.488133 0.398169 -0.189929 -0.503228 0.378624
172 -0.257539 -0.17486 0.560148 -0.515395 -0.88654 0.236168 0.324243 -0.0220425 0.103703 -0.466882 -0.0162697 0.667726 -0.308019 0.277986 0.684963 -0.252479 0.860106 -0.806472 0.327872 0.116615 0.669634 -0.603348 0.698992 -0.681596 0.353804 -0.606495 -0.210508 0.397264 0.309352 -0.176472 -0.411767 0.341301
170 -0.300059 -0.00504188 0.521366 -0.48872 -0.685121 0.446436 0.262457 0.016605 0.0485587 -0.298295 -0.0975699 0.537841 -0.213469 0.430828 0.551062 -0.145404 0.962836 -1.0068 0.546018 0.181643 0.71878 -0.835997 0.89745 -0.793998 0.167777 -0.432277 0.115215 0.550262 0.324911 -0.306858 -0.386537 0.249895
17 -0.399364 0.155853 -0.251094 -0.340399 -1.08697 -0.358634 0.144345 0.000112836 -0.331299 0.400596 0.247464 0.443373 0.045854 0.141546 0.308415 -0.684282 0.57434 -0.590704 0.316335 -0.10156 -0.0527853 0.524907 1.26172 -0.0363116 -1.27355 0.254916 0.295775 0.1619 0.204592 -0.549283 0.639549 -0.565984
16 -0.449021 -0.0581172 -0.176901 -0.270253 -1.02562 -0.335351 0.167616 -0.110378 -0.343723 0.331256 0.151999 0.342374 0.0351942 0.164048 0.183977 -0.508801 0.568243 -0.542383 0.284418 -0.0882551 0.0553328 0.4335 1.10657 0.0883726 -1.13925 0.236248 0.27269 0.0813429 0.213341 -0.575559 0.558174 -0.505499
15 -0.566578 -0.0652445 -0.177276 -0.296622 -1.20016 -0.39288 0.246739 -0.153401 -0.422619 0.369825 0.211037 0.442827 0.0795806 0.160611 0.14896 -0.64874 0.73729 -0.660918 0.345643 -0.139959 0.0656107 0.577825 1.29205 0.16256 -1.379 0.269378 0.319162 0.0540884 0.25188 -0.766123 0.657859 -0.618789
99 0.00705008 -0.325852 0.160643 -0.136568 -0.176356 -0.262959 -0.172455 -0.113733 0.0786084 0.825095 -0.113155 0.287651 -0.74575 0.711162 0.29503 -0.657437 1.103 -1.08221 0.0599006 -0.373159 0.353345 -0.79633 1.60762 -0.0987945 -0.013591 -0.247712 -0.335633 -0.0441787 -0.293213 -0.160315 0.0613034 0.432281
100 0.0177337 -0.296671 0.221298 -0.0936494 -0.0630112 -0.124662 -0.131905 -0.090716 0.0151332 0.704545 -0.0281865 0.270772 -0.666223 0.636652 0.210247 -0.617141 1.01566 -1.0085 0.016966 -0.328292 0.222066 -0.728966 1.43195 -0.135424 0.0314033 -0.21445 -0.286986 -0.00587801 -0.210259 -0.104746 0.102592 0.373461
101 -0.0467749 -0.315703 0.219154 -0.153045 -0.0992354 -0.178849 -0.193824 -0.156896 0.0479795 0.827809 -0.0556853 0.264993 -0.729142 0.782654 0.276921 -0.660612 1.14686 -1.13327 0.00381658 -0.333953 0.267115 -0.81089 1.5715 -0.166128 0.0197056 -0.219059 -0.350887 -0.0431769 -0.284335 -0.111316 0.0644517 0.432121
70 0.140629 -0.200151 0.517452 -0.304887 -0.692518 -0.250405 0.119795 0.16178 0.325237 -0.597801 0.0340571 0.188315 -0.7736 -0.237241 -0.231721 -0.332588 0.771964 -0.452829 -0.0903356 -0.0105722 0.312992 -0.406198 1.01964 -0.23336 -0.523197 -0.180195 0.19716 0.222831 0.638132 -0.33972 0.275604 0.0826726
69 0.192632 -0.279469 0.76248 -0.266414 -0.759512 -0.311212 0.108339 0.294173 0.407202 -0.72616 0.115953 0.126919 -0.899743 -0.310998 -0.336826 -0.244945 0.929925 -0.542268 -0.213335 -0.118148 0.444954 -0.478963 1.20242 -0.269234 -0.553373 -0.258789 0.230704 0.344597 0.686233 -0.388978 0.290869 0.0104031
89 -0.00751375 -0.334899 -0.742727 -0.386418 -0.57743 -0.507336 -0.299241 0.40262 0.618301 0.00588484 -0.708038 0.311305 -0.765106 0.0257392 0.0761807 -0.325076 0.471851 -0.389578 1.01925 -0.701132 0.791495 -0.105988 1.72644 0.328218 -0.688693 -0.179143 0.206361 0.374253 -0.00580205 -0.613225 -0.10751 0.0782156
88 -0.0345016 -0.344031 -0.650548 -0.397248 -0.521933 -0.453124 -0.274046 0.376028 0.532254 -0.0518444 -0.620056 0.257223 -0.639833 0.015242 -0.00637691 -0.292531 0.38345 -0.290792 0.865998 -0.609247 0.74978 -0.112129 1.50307 0.313575 -0.559302 -0.131275 0.161284 0.276367 0.0394159 -0.556121 -0.09049 0.0786466
253 -0.174735 -0.537102 0.256105 0.0262145 0.324094 0.201113 -0.65998 -0.420066 0.418051 -0.234031 0.227062 0.296873 -0.701601 0.467707 -0.300322 -0.673424 0.515371 -0.159516 0.414766 -0.311504 0.16784 0.019911 1.07951 -0.283638 -0.391166 -0.514485 0.77326 0.304968 -0.00166117 -0.219217 0.727939 -0.182876
252 -0.237923 -0.437575 0.135443 0.0322816 0.386752 0.283233 -0.714835 -0.425805 0.442909 -0.297116 0.273321 0.260329 -0.79429 0.511451 -0.282015 -0.79689 0.522509 -0.143984 0.509976 -0.357579 0.191906 -0.0664034 1.26422 -0.236428 -0.518525 -0.684954 0.99929 0.308268 -0.06159 -0.375528 0.743669 -0.153476
251 -0.284884 -0.102975 -0.061042 -0.0774901 0.331056 0.338245 -0.581251 -0.344631 0.376294 -0.280514 0.346495 0.183256 -0.741307 0.474942 -0.102896 -0.874624 0.46995 -0.0456695 0.667905 -0.274065 0.308967 -0.289691 1.40813 -0.108876 -0.680259 -0.697043 1.19581 0.302817 -0.102428 -0.695821 0.617192 0.00256693
168 -0.298372 0.0155363 0.456967 -0.496731 -0.64199 0.375229 0.243071 -0.016685 -0.0119168 -0.165519 -0.19564 0.535229 -0.196382 0.490227 0.479413 -0.0653571 0.920344 -0.982161 0.594588 0.188511 0.722503 -0.823787 0.931186 -0.738865 0.0769412 -0.325123 0.255842 0.642095 0.319681 -0.339019 -0.281475 0.220937
94 -0.0766258 -0.328907 -0.41258 -0.179969 -0.92299 -0.694134 -0.199883 0.0571935 0.494461 0.55562 -0.743479 0.0340379 -0.649295 0.33661 0.332948 -0.208248 0.337996 -0.568307 0.46618 -0.650913 0.497256 -0.343074 1.65293 0.135867 -0.614938 -0.189321 -0.016449 0.311204 -0.503005 -0.197743 -0.00714589 0.0437755
137 0.246603 -0.296322 1.07838 0.107492 0.326591 -0.519786 0.444508 -0.0629009 -0.286517 0.124079 0.0500744 1.25231 -0.285442 0.109483 0.045844 -0.601282 0.78909 -0.400754 0.80693 -0.498169 0.548741 -0.205996 0.82305 0.566057 -0.232172 0.146787 0.536974 0.323615 0.0740615 0.00749174 0.683639 0.0907214
136 0.265662 -0.206746 1.02878 0.158541 0.451669 -0.426572 0.391723 -0.115015 -0.255776 0.142255 0.0448071 1.25043 -0.15689 0.108413 0.100338 -0.590112 0.872106 -0.321027 0.869352 -0.488978 0.616774 -0.133828 0.739497 0.551106 -0.401181 0.196382 0.525813 0.330609 0.0752645 -0.0422095 0.595763 0.172464
138 0.168316 -0.457578 0.955357 0.0217325 -0.000125745 -0.611692 0.456858 0.0575842 -0.251217 0.14046 0.0744571 1.1229 -0.583173 0.0804051 -0.2006 -0.682745 0.575597 -0.464683 0.493531 -0.382816 0.258822 -0.388823 0.909153 0.437209 0.0516646 -0.0354562 0.415128 0.328112 0.0123009 0.0614142 0.863289 -0.163244
169 -0.225838 0.00252328 0.446975 -0.438209 -0.562009 0.412573 0.286605 0.0335677 0.00587575 -0.17887 -0.128589 0.45429 -0.164822 0.405809 0.464591 -0.0419188 0.876885 -0.895896 0.492122 0.200977 0.675286 -0.758909 0.826118 -0.698631 0.128658 -0.366849 0.176114 0.536161 0.30516 -0.306699 -0.28923 0.214809
108 -1.04656 -0.643723 0.683729 -0.317208 -0.427028 -0.269068 -0.387831 -0.790056 -0.0897529 0.59942 0.306308 0.386144 -0.253351 0.693376 0.423831 -0.3922 0.983321 -1.0803 0.481369 -0.12943 -0.199055 -0.558233 1.14849 -0.592841 -0.413816 0.0914347 -0.465176 0.427084 -0.186859 0.103361 -0.107096 0.300455
43 -0.207011 -0.489964 0.123052 -0.148941 -0.98706 0.032181 0.0456145 -0.487884 -0.133675 0.0692017 0.0220969 0.77268 -0.405706 0.104363 0.0425542 -0.140402 0.436871 -0.40526 0.301346 -0.129426 -0.0668569 -0.0424136 1.22897 -0.204376 -0.538213 -0.190349 0.485615 0.466203 0.296207 0.0131887 0.261482 0.194651
234 -0.19092 -0.264354 -0.166323 -0.173787 -0.863047 -0.0072297 0.8075 -0.587664 -0.497409 -0.223921 -0.490532 0.974697 -0.373636 -0.810563 0.599456 -0.246604 0.660483 -0.215641 0.0595888 -0.313046 0.386971 0.13578 0.841884 0.0476637 0.291895 -0.221795 0.577879 1.04704 0.0338661 -0.414317 0.443216 0.76035
139 0.0888395 -0.462173 0.820583 -0.0319414 -0.139323 -0.596467 0.401477 0.0537815 -0.245008 0.152112 0.0530304 0.975557 -0.632373 0.0396265 -0.219837 -0.616193 0.486286 -0.475398 0.371607 -0.370655 0.131353 -0.426894 0.93623 0.353029 0.0886221 -0.0711647 0.321402 0.370288 -0.02947 0.0231078 0.882232 -0.184376
140 0.125529 -0.597463 0.918823 -0.0572018 -0.232693 -0.708864 0.509656 0.162416 -0.251034 0.174545 0.0810579 1.12887 -0.786329 0.0385823 -0.323061 -0.72714 0.504429 -0.573776 0.340417 -0.353239 0.0597517 -0.567251 1.06804 0.36688 0.193587 -0.114884 0.329005 0.409519 -0.0455051 0.0337702 1.06844 -0.295576
274 -0.13424 -0.339297 0.0123011 0.282046 -0.408913 -0.558172 -0.511796 -0.725782 -0.0811777 -0.574225 -0.284261 0.477191 -0.817789 0.311337 0.110613 -0.696229 0.494237 -0.985179 0.186915 -0.909161 0.127396 0.289787 0.723644 -0.301917 0.250101 -0.538072 0.593987 0.604487 -0.27843 0.213317 0.274093 0.527185
273 -0.139207 -0.437546 0.0486833 0.263778 -0.495747 -0.635365 -0.494327 -0.845518 -0.0372186 -0.612736 -0.310403 0.460465 -0.874689 0.331645 0.0715171 -0.755246 0.531369 -1.08429 0.251069 -0.960662 0.14066 0.308022 0.793461 -0.302269 0.326904 -0.562641 0.57377 0.632661 -0.296702 0.201398 0.324561 0.655714
285 0.462677 -0.574292 0.504863 -0.732929 -0.875908 -0.918749 0.417418 -0.654789 0.125196 0.141611 -0.761682 1.37738 -0.806013 0.580416 0.553272 -0.0562868 0.509403 -1.0768 0.517073 -0.402637 0.82255 0.245783 0.891184 -0.0800397 -0.178083 -0.458034 0.660209 0.548481 -0.00523565 -0.344945 -0.0265119 -0.42296
225 0.281238 -0.927726 -0.320455 0.345845 -1.2274 -0.0342283 0.386568 -0.770082 -0.204495 0.247743 -0.131872 1.18393 -0.623559 -0.0952593 0.0906518 -0.81626 0.490108 -0.371911 0.308814 0.137531 0.578581 -0.0643084 0.709381 -0.406005 -0.0645285 0.483093 0.31218 1.07742 -0.46456 -0.143329 -0.0246231 0.0385402
226 0.224825 -0.890571 -0.349477 0.322858 -1.13563 -0.0679977 0.356389 -0.679735 -0.0973388 0.28629 -0.083473 1.10834 -0.602468 -0.121648 0.0859238 -0.732288 0.464639 -0.373268 0.248611 0.189724 0.479145 -0.0292908 0.607516 -0.315114 0.0726764 0.386121 0.290691 0.945695 -0.378418 -0.19319 0.00314473 0.0726997
124 -0.236219 -0.101826 0.335344 0.252759 -0.389087 -1.07773 0.0673916 -0.672832 0.401435 0.108788 0.275438 0.471275 -0.317392 -0.243491 -0.137766 -0.477032 1.02051 -0.146946 0.399695 0.147288 0.221789 -0.0963444 0.728276 0.251781 -0.242458 0.140845 0.0271764 0.399537 0.119728 -0.613974 0.50033 0.503533
123 -0.317389 -0.120891 0.338478 0.248172 -0.476582 -1.21533 0.0616291 -0.792379 0.466285 0.0779798 0.260982 0.576883 -0.45586 -0.315179 -0.207592 -0.544649 1.12023 -0.273667 0.453486 0.191224 0.222527 -0.100633 0.845161 0.264316 -0.301677 0.151016 0.0675518 0.442455 0.1329 -0.73955 0.559127 0.55488
11 -0.591859 -0.502227 0.0817429 -0.14909 -0.971703 -0.280198 0.210855 -0.571435 -0.295672 0.115215 0.213034 1.00178 -0.134052 0.182461 -0.263031 -0.800979 1.32704 -0.842008 0.352327 -0.468321 0.330988 0.381324 0.973292 0.540998 -1.19183 0.0259388 0.0880795 -0.124915 0.134348 -1.2788 0.115544 -0.490217
264 0.00926691 -0.742334 0.281475 -0.349336 0.143109 -0.453833 0.0669696 -0.0268628 0.277053 -0.283714 0.092311 -0.248407 -0.641492 -0.457543 -0.247622 -0.307091 0.699942 -1.08644 1.1084 0.144273 0.109743 0.0632494 1.02267 -0.885841 0.223009 -0.291086 0.358143 1.20106 0.237854 -0.130005 1.19153 0.753251
265 0.0488258 -0.689467 0.259444 -0.31051 0.138505 -0.477824 0.0630422 -0.0211606 0.210229 -0.248929 0.0271955 -0.216369 -0.490254 -0.408124 -0.241931 -0.229731 0.629167 -0.922966 0.976407 0.13662 0.107515 0.0832408 0.820073 -0.705262 0.200572 -0.222658 0.327274 1.03297 0.185868 -0.0454255 0.94456 0.659328
266 0.0608727 -0.85598 0.314114 -0.409045 -0.0325153 -0.620282 0.0825198 -0.18117 0.190739 -0.34099 -0.062351 -0.180271 -0.582354 -0.349353 -0.274598 -0.272082 0.668006 -1.06588 1.05153 0.0470115 0.150549 0.101373 0.868673 -0.682332 0.237954 -0.21371 0.392044 1.07667 0.114486 0.0499758 0.8582 0.790766
2 -0.212198 0.347728 -0.0110159 0.0464639 -0.838049 -0.832439 0.129005 -0.0464164 0.313052 -0.370374 -0.450875 0.779584 -0.127917 -0.169269 -0.742976 -0.844627 0.838431 -0.373071 0.761736 0.0787685 0.362493 -0.392225 0.564713 -0.738902 -0.634713 -0.686296 0.195524 0.9219 0.0265057 -0.830808 0.0299721 0.245711
1 -0.150011 0.358037 -0.0532807 0.0774817 -0.767727 -0.785824 0.0946108 -0.00842332 0.305522 -0.356006 -0.39376 0.675968 -0.138769 -0.213453 -0.726413 -0.779285 0.734966 -0.261002 0.713862 0.131461 0.315599 -0.356028 0.530254 -0.733258 -0.561554 -0.640769 0.188622 0.889032 0.0403314 -0.76051 0.0993755 0.258385
0 -0.128121 0.407679 -0.0439149 0.0179147 -0.901377 -1.01122 0.124264 0.0011328 0.323557 -0.386348 -0.537735 0.896095 -0.160037 -0.247806 -0.82362 -0.862052 0.76673 -0.297293 0.838695 0.215531 0.350366 -0.424909 0.552558 -0.827824 -0.626845 -0.779871 0.287236 1.12755 -0.0369356 -0.792164 -0.00159291 0.24619
282 0.337968 -0.175286 0.196267 -0.19424 -0.413176 -0.73069 -0.0869223 -0.393529 -0.0527755 -0.191342 -0.658381 1.01624 -0.877132 0.340717 0.39969 -0.343977 0.427416 -0.778114 0.212136 -0.678096 0.44258 0.193201 0.728335 -0.33912 0.107492 -0.486815 0.769081 0.494765 -0.168238 -0.100665 0.0840529 -0.308509
284 0.404173 -0.308467 0.299406 -0.434224 -0.557475 -0.790631 0.148524 -0.490736 0.0552428 -0.0152441 -0.714845 1.10911 -0.793617 0.471513 0.444436 -0.156854 0.408193 -0.858366 0.330663 -0.531744 0.60359 0.262074 0.685211 -0.158047 0.0124809 -0.469887 0.680864 0.479578 -0.104716 -0.182965 -0.0147085 -0.329881
283 0.264447 -0.225655 0.215475 -0.22916 -0.464197 -0.617906 0.0293525 -0.366832 0.0141624 -0.109982 -0.532148 0.905213 -0.700566 0.296656 0.312898 -0.267244 0.41102 -0.69997 0.264546 -0.471154 0.42012 0.145654 0.651624 -0.1968 -0.000459858 -0.391214 0.595212 0.48078 -0.0974546 -0.102296 0.0593469 -0.218124
269 0.035654 -0.905516 0.330032 -0.319545 -0.303214 -0.694309 0.0153804 -0.495667 0.0966783 -0.446861 -0.141498 0.00383256 -0.61866 -0.072963 -0.269101 -0.359678 0.517192 -1.08813 0.912387 -0.260059 0.143783 0.191948 0.785819 -0.531677 0.266283 -0.212896 0.323992 0.870518 -0.110039 0.163737 0.579053 0.802766
270 -0.099766 -0.644186 0.248287 -0.0534911 -0.505604 -0.697673 -0.224894 -0.78234 0.060289 -0.513165 -0.178155 0.198236 -0.741461 0.149809 -0.125063 -0.546298 0.43088 -1.04304 0.535404 -0.659656 0.153362 0.277109 0.752441 -0.413245 0.299012 -0.337519 0.355213 0.603128 -0.217385 0.171818 0.404886 0.713534
267 0.0888225 -1.03297 0.394052 -0.396654 -0.286703 -0.758047 0.0867339 -0.436225 0.114215 -0.446588 -0.112005 -0.0735389 -0.666507 -0.174326 -0.315884 -0.336623 0.590995 -1.1818 1.02335 -0.188727 0.154622 0.21908 0.8472 -0.603924 0.264731 -0.186268 0.320154 0.968946 -0.0812065 0.17824 0.64393 0.885905
268 0.0687392 -0.935504 0.324477 -0.347987 -0.32516 -0.722315 0.0560318 -0.428578 0.0757954 -0.423755 -0.158228 -0.035951 -0.575046 -0.102381 -0.300069 -0.332882 0.511173 -1.05896 0.908431 -0.173291 0.157048 0.194068 0.749722 -0.499941 0.237674 -0.153934 0.29632 0.846264 -0.109851 0.166093 0.501744 0.788989
272 -0.175983 -0.51486 0.128004 0.112146 -0.547126 -0.693281 -0.394889 -0.832629 0.00188277 -0.575373 -0.238768 0.363276 -0.819507 0.278614 0.000822641 -0.599816 0.444834 -1.02682 0.344116 -0.814314 0.155409 0.305799 0.73894 -0.345391 0.346045 -0.45964 0.454829 0.597293 -0.261479 0.232959 0.33263 0.675647
271 -0.157713 -0.526257 0.181352 0.0431345 -0.568996 -0.664627 -0.292169 -0.818051 0.0245707 -0.517772 -0.195391 0.259793 -0.717106 0.219099 -0.0351153 -0.54559 0.395763 -0.970901 0.381505 -0.70978 0.162878 0.253468 0.698542 -0.37196 0.292234 -0.362106 0.38381 0.499014 -0.221917 0.163904 0.315036 0.645435
64 0.23959 -0.141194 0.397424 0.218032 0.233979 -0.0453752 0.27181 0.703128 0.153931 -0.395547 0.0985903 -0.126035 -0.851791 -0.0771829 -0.53784 -0.0385213 1.17378 -0.566075 -0.21059 -0.5186 0.561601 -0.160786 1.35577 -0.209056 -0.625422 -0.327813 0.392759 0.808122 0.396738 -0.396784 0.399019 -0.0882598
40 -0.175298 -0.573074 0.0696425 0.0688103 -1.02041 0.410504 -0.139863 -0.766998 -0.348442 0.250687 0.118615 1.08173 -0.64897 0.138401 0.277957 0.207217 0.164862 -0.357291 0.194759 -0.0566235 -0.355371 0.118244 1.39345 -0.0788988 -0.820198 -0.285739 0.702289 0.43943 0.390684 0.066808 0.433069 -0.192877
280 0.222289 -0.00217787 -0.0359147 0.221659 -0.174791 -0.583599 -0.404651 -0.272877 -0.145129 -0.409349 -0.510717 0.838655 -0.900225 0.182051 0.333182 -0.594116 0.484525 -0.690167 0.0860664 -0.796078 0.197279 0.133816 0.737893 -0.456471 0.182827 -0.487136 0.86789 0.575354 -0.218758 0.0174618 0.204023 -0.13862
281 0.267227 -0.00422064 0.00581928 0.126176 -0.242788 -0.695432 -0.374424 -0.276214 -0.15419 -0.348784 -0.653784 0.987525 -1.00528 0.255787 0.40311 -0.595444 0.504503 -0.747653 0.122995 -0.853374 0.246467 0.118787 0.844871 -0.468343 0.166907 -0.558323 0.919064 0.606293 -0.227983 -0.0197108 0.181345 -0.263919
10 -0.524834 -0.496921 0.132555 -0.0528574 -0.803685 -0.313796 0.177226 -0.569869 -0.220262 0.0626507 0.193279 0.998528 -0.117759 0.147256 -0.284121 -0.761496 1.31762 -0.832274 0.349439 -0.465878 0.325392 0.349311 0.820336 0.590334 -1.02224 -0.0357081 -0.0103997 -0.159635 0.110089 -1.20887 0.0224855 -0.365899
238 -0.117798 0.085796 -0.0238371 -0.303862 -0.566202 0.138614 0.817281 -0.186208 -0.431498 -0.412571 -0.606771 0.630951 -0.332124 -0.838529 0.656314 -0.0310929 0.523459 -0.094909 0.235034 -0.686126 0.409161 0.0363539 1.00255 0.00743002 -0.173396 -0.324334 0.609784 1.00401 0.0378879 -0.47043 0.405402 0.751974
237 -0.0921551 0.0897665 -0.0572292 -0.275465 -0.641007 0.130067 0.891652 -0.289436 -0.487394 -0.426668 -0.649497 0.705717 -0.36786 -0.891198 0.706617 -0.0830254 0.585755 -0.11158 0.189953 -0.692871 0.39662 0.00271049 1.05567 0.0347237 -0.0865169 -0.343797 0.704053 1.13398 0.0138777 -0.531518 0.420385 0.850059
236 -0.139736 -0.06436 -0.0686027 -0.272567 -0.754178 0.118648 0.916848 -0.487376 -0.532517 -0.413117 -0.594897 0.877103 -0.357 -0.898178 0.68475 -0.135411 0.628632 -0.154446 0.126299 -0.515977 0.381787 0.0923879 0.943923 0.0800239 0.112103 -0.290279 0.680412 1.06431 0.0307914 -0.479987 0.478823 0.861027
235 -0.130047 -0.127253 -0.061163 -0.22732 -0.730326 0.0617066 0.790586 -0.485981 -0.468246 -0.342544 -0.482309 0.845109 -0.28488 -0.76823 0.548474 -0.193213 0.577379 -0.18614 0.0943534 -0.370008 0.33175 0.117016 0.810831 0.051787 0.153438 -0.225836 0.554663 0.952075 0.0394498 -0.367 0.42082 0.748236
156 -0.217373 0.107841 0.197945 -0.106441 -0.637001 -0.343812 -0.0715628 -0.0846201 -0.20133 0.102116 -0.305913 0.225247 -0.464495 0.784445 0.0644625 0.293927 0.909144 -0.897089 0.132022 -0.115445 0.453472 -0.185611 0.992114 0.119392 -0.450689 -0.401702 0.821137 0.395136 0.663824 -0.0624953 0.378813 0.276464
157 -0.173019 0.0965893 0.244123 -0.171033 -0.50104 -0.302136 -0.141204 -0.169227 -0.239865 0.0243862 -0.206111 0.0491754 -0.290397 0.752412 0.0709221 0.24025 0.792359 -0.865745 0.123005 -0.12275 0.38457 -0.30484 0.918985 0.0507185 -0.590765 -0.221188 0.791495 0.391828 0.548446 -0.12024 0.306091 0.190198
109 -0.862614 -0.524149 0.58545 -0.202447 -0.381678 -0.262389 -0.270973 -0.639063 -0.0927772 0.454774 0.251405 0.394391 -0.121774 0.512533 0.289654 -0.266138 0.778711 -0.87312 0.469206 -0.140193 -0.154165 -0.399652 0.877072 -0.46693 -0.351368 0.0467701 -0.328802 0.339303 -0.0956695 0.0874241 -0.0354178 0.273367
130 0.164655 -0.299725 0.49039 0.447968 0.536461 -0.692831 0.265371 -0.18735 0.142702 0.377151 0.248932 0.870304 -0.0157948 0.203651 0.0951448 -0.520563 1.28193 0.00776539 0.845419 -0.230586 0.588586 -0.177126 0.78999 0.412991 -0.383459 0.274146 0.232122 0.575607 -0.0116223 -0.273572 0.771671 0.492986
179 -0.45338 -0.279398 0.524118 -0.942896 -1.06855 -0.238207 0.340968 -0.63308 -0.392701 -0.69388 -0.364506 0.729515 -0.583587 0.605448 0.793826 -0.200162 0.612845 -0.343747 0.486908 -0.124301 1.22885 -0.480275 0.984615 -0.338982 0.115574 -0.197196 0.0677024 0.47141 0.073915 0.170373 -0.134747 0.74517
177 -0.430203 -0.230555 0.565797 -0.904241 -1.0646 -0.0776021 0.256079 -0.515888 -0.38174 -0.659465 -0.293765 0.752838 -0.611615 0.523059 0.915818 -0.232435 0.78766 -0.400343 0.61772 -0.0217371 1.22985 -0.573688 0.968206 -0.437678 0.17973 -0.354899 -0.0789489 0.506089 0.0637304 0.247138 -0.382121 0.697946
178 -0.401316 -0.226669 0.459978 -0.803014 -0.934285 -0.168497 0.241053 -0.515226 -0.345895 -0.573477 -0.331116 0.653551 -0.496421 0.437931 0.720525 -0.202584 0.648897 -0.299961 0.512261 -0.105201 1.07963 -0.456081 0.883002 -0.324546 0.0695802 -0.221331 0.0364956 0.434083 0.0680817 0.167429 -0.19921 0.641599
154 -0.136207 -0.0791102 -0.0788936 0.0304551 -0.829076 -0.328789 0.182702 0.0923587 -4.88252e-05 0.14772 -0.406014 0.693371 -0.852705 0.42606 0.0411723 0.0855258 0.790453 -0.562812 0.177551 -0.115198 0.514047 0.19547 0.929174 0.203192 0.0848343 -0.66728 0.486498 0.333699 0.552912 0.0551719 0.400826 0.410502
298 -0.0844253 0.335401 -0.0259211 -0.0772102 -0.745906 -0.889571 0.163883 0.0659612 0.166803 -0.302013 -0.453374 0.88423 -0.226441 -0.243964 -0.656724 -0.638584 0.611237 -0.18829 0.714285 0.23887 0.356877 -0.351939 0.547726 -0.662879 -0.572111 -0.648588 0.290126 1.04297 -0.0580368 -0.638584 0.010444 0.234112
