300 8
33 -0.85655 -0.898847 -0.168798 0.125382 -1.49795 -0.920019 0.140808 1.90468
35 -1.13117 -0.810961 0.0760365 0.093284 -1.61023 -0.796719 -0.0421466 1.91362
34 -0.817683 -0.773061 0.022894 0.0697236 -1.42261 -0.794795 0.10326 1.7244
32 -0.513328 -0.958032 -0.667834 0.198699 -1.48872 -1.07745 0.465948 2.06647
31 -0.3876 -0.824441 -0.858138 0.303572 -1.38262 -1.03079 0.350503 1.88383
30 -0.434155 -0.814798 -1.00721 0.258023 -1.59667 -1.30691 0.337153 2.00319
147 -1.42375 0.735988 -0.362076 0.757544 0.397673 -0.570844 -0.806911 2.29244
146 -1.30107 1.01859 -0.389561 0.963807 0.501325 -0.556359 -1.04741 2.54799
145 -1.11111 0.94967 -0.389556 0.926624 0.572588 -0.577669 -1.03276 2.22625
144 -1.17871 0.961412 -0.30623 0.993924 0.637456 -0.68215 -1.22505 2.56453
299 -1.40041 -0.656858 0.514099 0.687227 0.469813 0.270165 -0.170187 2.60027
297 -1.37435 -0.908321 0.175034 0.713748 0.922789 0.311618 -0.29586 2.44454
298 -1.24101 -0.7108 0.37107 0.599566 0.587237 0.287752 -0.171332 2.34293
0 -1.13925 -0.480888 0.776315 0.638228 0.310668 0.0569708 -0.0125591 2.7324
2 -1.07551 -0.461851 0.790318 0.599828 0.296916 0.017586 0.0636779 2.72167
1 -0.982752 -0.421638 0.617865 0.593579 0.250324 0.174072 0.0559177 2.37166
153 -1.82055 -2.07219 -0.0663786 -0.150719 -0.582555 -1.35122 0.165175 1.68332
152 -1.77834 -1.77296 -0.0628166 -0.0635665 -0.591552 -1.17007 0.177938 1.6072
155 -1.78066 -2.11835 -0.131579 -0.234768 -0.546686 -1.27297 0.157033 1.53421
215 -0.236712 -1.58588 0.065307 0.453872 -0.737133 -0.736154 -1.37767 1.70064
216 -0.541339 -1.45072 0.245337 -0.179625 -0.364604 -0.608111 -1.74229 1.91772
218 -0.661111 -1.33379 0.325093 -0.664365 -0.201812 -0.471459 -1.79481 2.06242
219 -0.91542 -0.918295 0.309877 -0.903221 0.0759 -0.411323 -1.59093 2.1173
221 -0.863155 -0.678617 0.264035 -1.04251 0.248768 -0.445191 -1.5408 2.17968
220 -0.842731 -0.673042 0.204884 -0.841989 0.108743 -0.420317 -1.36186 1.8246
259 -1.13165 -1.44906 -0.759455 0.0890679 -0.166169 -1.04998 -0.130932 1.50182
258 -1.27532 -1.76251 -0.968822 0.105424 -0.254 -1.11136 0.190066 1.39668
257 -1.34654 -2.00133 -1.33907 0.185839 -0.440382 -1.0338 0.368168 1.55855
260 -1.28225 -1.62646 -0.887259 0.0338207 -0.224281 -1.24189 0.0492821 1.67541
168 -1.31754 -1.4493 -0.17695 0.304729 0.820069 -0.550833 -1.65077 1.32657
167 -1.29222 -1.23018 -0.241648 0.285885 0.526681 -0.769654 -1.92418 1.12909
170 -1.33127 -1.56692 -0.221686 0.236918 0.915534 -0.517383 -1.3402 1.27908
169 -1.14203 -1.35271 -0.113765 0.392542 0.783987 -0.565327 -1.42362 1.24863
47 -0.231793 -1.11075 -0.471641 -0.405131 -0.56194 0.0909559 -0.0506378 2.54566
45 -0.203187 -1.75813 -0.512387 -0.521706 -0.400435 -0.203512 -0.484505 2.32697
44 -0.387464 -2.15429 -0.382119 -0.611635 -0.588894 -0.448927 -0.994685 2.06992
46 -0.0842024 -1.37291 -0.467696 -0.457929 -0.356061 -0.0954842 -0.331406 2.10019
57 -1.22152 0.214244 -0.282499 0.0407553 -0.615197 -1.24301 0.251265 2.05222
58 -1.13024 -0.0424933 -0.255281 0.0543701 -0.551515 -1.44873 -0.157292 1.7722
59 -1.25192 0.263657 -0.193568 -0.0671664 -0.808815 -1.76884 -0.0398712 1.81484
172 -1.19365 -1.38218 -0.476537 -0.0797881 0.949793 -0.476365 -0.349076 1.31005
171 -1.42401 -1.66537 -0.342973 0.0485441 1.02069 -0.479522 -0.741959 1.44657
173 -1.572 -1.55804 -0.71946 -0.16304 1.15729 -0.574721 -0.216718 1.51197
117 0.771969 -0.779824 -0.185353 -0.0916728 -0.0158652 -0.811989 -0.541271 2.99715
116 0.459548 -0.597684 -0.569593 -0.231742 0.041391 -0.573485 -0.572363 2.8453
118 0.668794 -0.690784 -0.131392 -0.0857243 -0.00573825 -0.665156 -0.460829 2.55712
119 0.943761 -0.952913 -0.0946149 0.0574395 0.0526259 -0.87084 -0.61722 2.8742
88 -0.405614 -0.887217 -0.234864 -0.357846 -0.438848 -2.28652 -0.990485 1.04903
89 -0.504089 -1.04101 -0.185693 -0.334241 -0.521405 -2.6631 -0.932026 1.08034
87 -0.468803 -1.05268 -0.253286 -0.365847 -0.499082 -2.67308 -1.13089 1.12382
90 -0.758432 -1.00907 -0.0141114 -0.0814127 -0.627652 -2.88782 -0.725028 1.09311
92 -0.896615 -0.85687 0.058938 0.171554 -0.674236 -2.8135 -0.538876 1.11851
274 -1.9095 -0.375373 -0.574285 -0.847262 0.480822 -1.0551 0.0474208 1.53925
275 -2.1048 -0.437625 -0.527811 -1.03774 0.495478 -1.07199 0.127058 1.69136
273 -1.93126 -0.526973 -0.688165 -1.01791 0.690856 -1.07187 0.329084 1.92266
276 -2.16715 -0.614488 -0.108204 -1.05865 0.291835 -1.40861 0.0681015 1.60969
296 -1.24112 -0.949296 -0.304847 0.703695 1.24262 0.136699 -0.256145 2.28071
43 -0.310511 -1.89153 -0.34762 -0.504423 -0.450557 -0.376484 -0.973852 1.68391
42 -0.589043 -2.21288 -0.271009 -0.604926 -0.67705 -0.51135 -1.17698 2.20181
3 -1.11111 -0.466922 1.00415 0.612721 0.295405 -0.143016 0.182818 3.00041
4 -0.953517 -0.481725 0.937458 0.566218 0.333982 -0.197607 0.300821 2.75781
5 -1.08806 -0.574562 1.15515 0.592154 0.365777 -0.3248 0.281092 3.11324
157 -1.62836 -1.81176 -0.175127 -0.219855 0.0142858 -1.08871 -0.42108 1.05944
156 -1.70349 -2.03589 -0.123885 -0.279444 -0.297417 -1.15982 -0.119519 1.26816
158 -1.86926 -1.99794 -0.30598 -0.261861 0.0787298 -1.21727 -0.607011 1.18548
159 -1.96516 -1.86316 -0.43287 -0.207072 0.327421 -1.20577 -1.00014 1.08128
161 -2.00888 -1.65089 -0.391038 -0.245224 0.347521 -1.17443 -1.35689 1.00362
162 -1.90248 -1.45959 -0.293308 -0.0540217 0.258705 -1.03495 -1.7441 0.926065
272 -1.66234 -0.527704 -0.717553 -0.996434 0.766247 -1.10754 0.60976 2.09573
278 -2.23089 -0.779836 0.0982454 -1.12047 0.278083 -1.44556 0.0900743 1.72848
112 0.101436 -0.0854804 -1.05901 -0.336136 0.217665 -0.285606 -0.628507 2.26424
111 -0.0806028 0.131093 -1.25172 -0.476075 0.194574 -0.266737 -0.772159 2.72072
113 0.0542799 -0.100522 -1.10554 -0.403158 0.186048 -0.345464 -0.753684 2.60902
114 0.399931 -0.460516 -0.940956 -0.206975 0.170247 -0.441849 -0.690181 2.75993
289 -0.467688 -1.19947 -0.906518 0.811662 1.53207 -1.1709 -0.676495 1.64496
288 -0.529013 -1.19677 -0.995167 0.770787 1.44468 -1.29765 -0.650973 1.86439
290 -0.552401 -1.26939 -1.06876 0.809391 1.64324 -1.24498 -0.745335 1.93784
291 -0.880257 -1.28356 -1.24707 0.79146 1.80443 -0.940571 -0.676429 2.10157
293 -1.01251 -1.12321 -1.10999 0.734272 1.87036 -0.569332 -0.57216 2.19847
294 -1.14502 -0.961462 -0.622686 0.678721 1.62443 -0.0109413 -0.422513 2.25678
66 -1.30297 0.0213842 0.423571 0.120953 -0.702577 -1.61945 -0.43078 1.83527
67 -1.18904 -0.115318 0.510681 0.226304 -0.477046 -1.43514 -0.485802 1.84433
68 -1.18217 0.0314976 0.939386 0.377886 -0.510701 -1.68372 -0.755402 2.00115
65 -1.56842 0.276774 0.297073 -0.125366 -1.06027 -2.00239 -0.196649 1.79647
63 -1.57803 0.398267 0.239757 -0.191038 -1.06893 -2.02678 -0.168837 1.82007
78 -0.089453 -0.29734 0.312838 0.0886228 1.15317 -1.94756 -1.06102 2.00453
79 -0.0637568 -0.446562 0.135656 -0.0487487 1.01087 -1.65353 -0.956638 1.68535
80 -0.109964 -0.578519 0.0540037 -0.174868 1.14 -1.96088 -1.16148 1.82985
77 -0.0597211 -0.142693 0.714354 0.284063 1.10912 -2.26244 -1.00649 2.42872
76 -0.0528654 -0.0272091 0.736246 0.330604 0.949589 -1.98101 -0.91136 2.29383
75 -0.19556 0.0327451 1.01004 0.396381 0.778451 -2.15864 -0.975802 2.45374
179 -1.69442 -0.530553 -1.58288 -0.359366 0.538709 -1.29576 0.156839 1.12983
177 -1.71138 -0.752986 -1.45936 -0.351565 0.807781 -1.17279 0.293078 1.38657
176 -1.70944 -1.04572 -1.34092 -0.232357 1.08921 -1.10766 0.440182 1.50014
174 -1.60207 -1.31195 -0.976082 -0.195793 1.21724 -0.828311 0.220191 1.45487
175 -1.46936 -0.943311 -1.05801 -0.267231 1.04274 -0.841521 0.373113 1.22363
21 -0.69317 -0.284584 -1.5085 0.292328 -1.47598 -0.86207 -0.202225 1.99752
23 -0.527213 -0.211402 -1.42128 0.314716 -1.61048 -1.23611 -0.0466847 1.99268
22 -0.577236 -0.297291 -1.24273 0.2988 -1.33381 -0.897436 -0.101427 1.81071
74 -0.233776 0.136975 1.24721 0.362566 0.364181 -1.98274 -0.771333 2.44817
72 -0.470733 0.0373236 1.25147 0.364219 -0.015497 -1.94285 -0.78523 2.42519
73 -0.246199 0.212249 1.06247 0.173555 0.0468085 -1.64702 -0.62984 2.01404
71 -0.768823 0.052256 1.38673 0.437871 -0.31489 -1.81756 -0.938082 2.37446
208 -0.277692 -1.07411 0.0558616 0.891409 -1.41361 -0.935737 -0.624133 1.79835
209 -0.335141 -1.39584 0.0518373 1.16068 -1.54315 -1.05411 -0.847259 2.14513
210 -0.254232 -1.75373 -0.0898049 1.30712 -1.43958 -1.22842 -1.13176 1.94623
207 -0.379926 -0.975439 0.279096 0.727517 -1.70387 -0.848481 -0.751887 2.14987
19 -0.876683 -0.516103 -1.40643 0.0620859 -0.649898 0.115433 -0.606821 1.80705
20 -0.882504 -0.416212 -1.66772 0.14298 -1.0562 -0.149495 -0.547391 1.93976
18 -1.08336 -0.573577 -1.59311 0.0858602 -0.774842 0.160251 -0.660118 2.10545
17 -1.22486 -0.836472 -1.65066 0.0866707 -0.472227 0.44875 -0.916771 2.40747
16 -1.13206 -0.855498 -1.42358 0.0647553 -0.493966 0.495326 -0.847843 2.22717
15 -1.20525 -0.868063 -1.45651 0.0637586 -0.373735 0.534822 -0.882038 2.34985
52 -1.08985 0.488914 -0.553883 0.181826 -0.433441 -0.527978 0.676599 2.57947
53 -1.24491 0.519498 -0.631237 0.290143 -0.417928 -0.735054 0.824384 2.9275
54 -1.31433 0.41896 -0.475016 0.267266 -0.432993 -0.828677 0.880039 2.80234
55 -1.10241 0.334657 -0.398469 0.247309 -0.426406 -0.767421 0.814245 2.44444
56 -1.17055 0.343086 -0.351097 0.213083 -0.47264 -0.767442 0.784785 2.53024
103 -1.86041 0.603616 0.101929 -0.386719 0.288388 -1.55984 -0.676753 1.53972
104 -1.99168 0.69968 0.0562055 -0.407112 0.373176 -1.7092 -0.746795 1.68959
102 -2.09559 0.537612 0.215043 -0.221055 0.39431 -1.8472 -0.676626 1.56547
101 -2.20861 0.292641 0.232695 0.242785 0.519197 -2.09934 -0.618625 1.38691
100 -2.03131 0.122354 0.30078 0.391924 0.514132 -2.03656 -0.417459 1.23195
99 -2.11577 -0.00412763 0.330723 0.506679 0.502822 -2.18163 -0.439293 1.15643
106 -1.2093 0.681169 -0.153246 -0.644402 0.21513 -1.00112 -0.58894 1.82363
107 -1.05274 0.822656 -0.360264 -0.805723 0.211364 -0.878751 -0.613536 2.06081
105 -1.44012 0.85518 -0.117492 -0.524372 0.193287 -1.24648 -0.641007 1.84032
108 -0.508189 0.612982 -0.801505 -0.728965 0.114828 -0.656012 -0.677539 2.24058
110 -0.25636 0.440024 -0.989438 -0.599338 0.113557 -0.459271 -0.689891 2.59613
9 -0.820448 -0.920243 -0.294069 0.569952 -0.0227211 0.545755 -0.165371 2.55126
10 -0.735662 -0.971409 -0.553403 0.573067 -0.0947111 0.535028 -0.299091 2.39698
11 -0.892365 -1.12031 -0.708192 0.527272 -0.134165 0.529164 -0.330488 2.61634
60 -1.36917 0.38672 -0.0239138 -0.162149 -1.12972 -2.09688 -0.197147 1.79054
61 -1.30999 0.418496 0.091963 -0.0972075 -0.997716 -1.98206 -0.115218 1.61346
62 -1.54935 0.468184 0.0267307 -0.173807 -1.1949 -2.16123 -0.118784 1.88791
182 -1.92728 0.0509221 -1.97131 -0.244029 -0.130674 -1.65799 -0.3029 1.23339
183 -1.80833 0.145915 -1.90156 -0.141837 -0.187865 -1.81294 -0.351296 1.1665
185 -1.56021 0.105353 -1.63347 0.151417 -0.109434 -1.92339 -0.331011 0.999657
184 -1.52043 0.164362 -1.54253 -0.0269961 -0.230483 -1.6291 -0.258006 0.979639
163 -1.50254 -1.08405 -0.269378 -0.0680625 0.120105 -0.915152 -1.58221 0.874743
164 -1.73729 -1.19001 -0.263071 0.017102 0.209393 -1.02469 -1.92587 0.949403
186 -1.56693 -0.0536285 -1.58106 0.588201 0.126184 -2.11743 -0.419607 0.778646
187 -1.36589 -0.0671844 -1.23343 0.672732 0.0975933 -1.90475 -0.372867 0.742749
188 -1.54159 -0.217457 -1.28526 1.00703 0.283086 -2.07289 -0.517006 0.811449
36 -1.5334 -0.901331 0.450085 -0.0515445 -1.38235 -0.731089 -0.767713 1.78981
37 -1.29646 -0.690879 0.372861 -0.132639 -1.07474 -0.553407 -0.786954 1.58556
38 -1.44059 -0.895141 0.452453 -0.22348 -1.16417 -0.686153 -0.935263 1.78706
39 -1.0715 -1.29523 0.228651 -0.341001 -0.955837 -0.490987 -1.25018 1.71744
236 0.238446 0.20209 -1.62294 0.728009 0.560856 -1.98834 0.00283009 2.23932
234 0.22129 0.156419 -1.35545 0.473737 0.347446 -2.00041 -0.19083 2.14476
235 0.260207 0.230523 -1.38136 0.635105 0.429367 -1.84829 -0.0975372 1.98064
233 0.123924 0.100591 -1.20044 -0.106245 0.341726 -1.71417 -0.46843 1.98416
127 0.255053 -1.18707 -0.388491 1.15866 0.0763855 -1.63974 -0.653899 1.3369
128 0.209768 -1.20638 -0.61831 1.31835 -0.127891 -1.81598 -1.03101 1.53399
129 0.139713 -0.948906 -1.12889 1.24803 -0.459068 -1.86044 -1.34925 1.51516
130 0.00627945 -0.712498 -1.09917 1.06058 -0.545442 -1.61859 -1.30243 1.32135
131 0.00863094 -0.684596 -1.32388 0.943843 -0.551425 -1.5281 -1.51285 1.42417
195 -1.45654 -1.09506 -1.02703 1.51096 -0.36987 -0.710033 -0.297157 1.16163
197 -1.56902 -1.00179 -1.25061 1.28586 -0.591229 -0.478141 -0.258588 1.43677
196 -1.23873 -0.906463 -1.02107 1.23206 -0.360858 -0.51145 -0.0961076 1.04344
198 -1.77517 -0.933633 -1.31695 1.1578 -1.01781 -0.326159 -0.13286 1.64374
279 -1.86813 -0.83151 0.383867 -0.99298 0.206422 -1.66053 0.355499 1.76384
277 -2.12054 -0.636164 -0.0345923 -1.06159 0.293904 -1.28894 0.0373267 1.5958
281 -1.65434 -1.06183 0.55478 -0.738636 0.269551 -1.77318 0.522068 1.75984
282 -1.33351 -1.02999 0.371105 -0.473671 0.230615 -1.68283 0.441304 1.65655
124 0.503443 -1.20223 -0.114618 0.894607 0.434387 -1.61434 -0.622414 1.71869
123 0.612203 -1.39078 -0.163679 1.0734 0.355553 -1.85792 -0.731189 2.06208
125 0.535088 -1.41517 -0.233418 1.16438 0.511745 -1.91585 -0.706797 1.84968
122 0.700881 -1.14302 -0.152597 0.722851 0.234125 -1.35499 -0.718009 2.00568
121 0.551145 -0.833107 -0.0673718 0.366991 0.210271 -0.995404 -0.589504 1.93132
120 0.77538 -0.957889 -0.101156 0.316606 0.242119 -1.07592 -0.613223 2.31789
191 -1.53914 -0.739603 -0.451357 1.70527 0.457314 -1.77182 -0.639136 0.929306
190 -1.36828 -0.479896 -0.415764 1.39673 0.469437 -1.6326 -0.615347 0.813753
189 -1.57888 -0.428346 -0.914055 1.41723 0.41466 -1.90638 -0.616549 0.869427
263 -0.742514 -1.27786 -0.279381 -0.349951 0.225445 -1.07045 0.141906 1.77804
264 -0.602969 -1.19264 -0.201696 -0.649768 0.42657 -1.06764 0.395663 1.8892
265 -0.502246 -0.984358 -0.0855426 -0.505792 0.382537 -0.985848 0.337015 1.72008
204 -0.815368 -0.43062 0.110269 -0.039034 -1.63746 -0.545007 -0.463789 2.4512
205 -0.597331 -0.505569 0.155267 0.0150088 -1.5462 -0.518383 -0.367161 1.9995
206 -0.53614 -0.709306 0.169337 0.323244 -1.63258 -0.657756 -0.613038 2.19962
29 -0.336872 -0.518037 -1.25445 0.340866 -1.65933 -1.5834 0.208494 2.08334
28 -0.260098 -0.424923 -1.17871 0.331956 -1.53347 -1.38099 0.105903 1.78519
27 -0.260534 -0.433311 -1.37664 0.295465 -1.66523 -1.77192 0.0850463 2.11162
284 -1.01353 -1.09285 0.206126 -0.0502678 0.425911 -1.62375 0.247807 1.60839
285 -0.769924 -1.11253 -0.391797 0.483919 0.826022 -1.43322 -0.280319 1.739
286 -0.703333 -0.910764 -0.595972 0.556938 0.697815 -1.16626 -0.461227 1.82136
287 -0.498513 -1.15974 -0.720984 0.737845 1.23431 -1.26483 -0.542535 1.74949
261 -1.13881 -1.50299 -0.605468 -0.0839949 0.0415867 -1.20396 -0.0631927 1.61239
262 -0.903208 -1.11706 -0.49651 -0.0318761 0.00587438 -1.0477 -0.172704 1.70514
266 -0.436598 -1.03883 -0.083168 -0.777998 0.646832 -1.09328 0.660059 1.95345
269 -0.754612 -0.859276 -0.554517 -0.895912 0.856311 -1.3319 1.15357 2.51753
270 -1.2731 -0.689435 -0.597964 -0.909402 0.879566 -1.1686 0.84911 2.07046
268 -0.704549 -0.946009 -0.442395 -0.690452 0.813003 -1.2231 1.01699 2.27852
267 -0.696918 -0.982972 -0.49446 -0.808722 0.815506 -1.26314 1.04137 2.40089
136 -0.432198 0.469908 -1.00144 0.477671 -0.262896 -0.805004 -1.76777 1.67947
135 -0.463162 0.279248 -1.22719 0.49244 -0.355108 -0.933427 -1.84879 1.72117
134 -0.253521 -0.162545 -1.644 0.502767 -0.638606 -1.20674 -1.79318 1.71507
137 -0.614385 0.635345 -0.788777 0.730603 -0.0349383 -0.83925 -1.87635 2.02001
243 -1.53569 -0.286979 -1.07507 2.16403 0.467672 -0.783189 -0.0136042 2.17597
244 -1.5318 -0.184563 -0.800886 1.93193 0.363243 -0.704527 -0.0093819 1.83652
242 -1.05939 -0.136361 -1.43272 1.80504 0.455604 -0.895724 0.0843452 2.12777
241 -0.742001 -0.187924 -1.27142 1.54886 0.455973 -0.793937 0.0557819 1.81156
240 -0.6698 -0.096155 -1.57881 1.59094 0.547839 -1.0551 0.078858 2.15977
239 -0.0936897 0.00347509 -1.83445 1.34516 0.670955 -1.49434 0.209812 2.33897
237 0.0240056 0.10167 -1.78265 1.00193 0.654741 -1.80321 0.12627 2.40544
280 -1.51854 -0.857812 0.469364 -0.696257 0.269557 -1.47777 0.374817 1.54605
180 -1.81628 -0.160576 -1.83384 -0.353137 0.165974 -1.53234 -0.0546126 1.10371
181 -1.64388 -0.00277811 -1.58475 -0.242348 -0.051953 -1.35885 -0.243877 1.00087
96 -2.08096 -0.294464 0.282352 0.756064 0.308603 -2.50316 -0.307929 1.11599
98 -2.1084 -0.127603 0.315475 0.67976 0.389375 -2.50227 -0.318713 1.16221
97 -1.71914 -0.134839 0.153083 0.571027 0.242512 -2.00153 -0.28086 0.905304
192 -1.42916 -0.913673 -0.403031 1.7683 0.338303 -1.4272 -0.681969 1.11657
193 -1.27709 -0.99736 -0.311293 1.56166 0.270932 -1.09008 -0.545311 1.09775
194 -1.37634 -1.05619 -0.631416 1.66433 0.0317214 -1.0767 -0.445307 1.0714
246 -1.53299 -0.517246 -0.206771 1.98807 -0.00115233 -0.854551 0.0464011 1.94782
245 -1.61778 -0.358459 -0.684934 2.10302 0.314875 -0.80287 -0.0124413 2.02155
70 -0.864094 0.106879 1.2867 0.468852 -0.34804 -1.53205 -0.781181 1.94398
69 -0.931684 0.0229205 1.32834 0.49453 -0.318878 -1.6879 -0.890001 2.19628
13 -0.992731 -1.0752 -1.21762 0.243081 -0.243417 0.544255 -0.543428 2.32367
14 -1.11116 -1.07194 -1.3123 0.268948 -0.277879 0.62011 -0.656395 2.55075
12 -1.02928 -1.14319 -1.14738 0.369555 -0.246497 0.585598 -0.559537 2.56322
238 0.00599131 0.00187802 -1.70511 1.00154 0.556594 -1.51373 0.148338 2.17888
228 -0.301906 -0.0348892 -0.968433 -1.34566 0.159702 -1.69995 -1.09933 2.45173
229 -0.198187 -0.132357 -1.04957 -1.20014 0.18024 -1.4841 -1.00563 2.1314
230 -0.176764 -0.0933862 -1.09259 -1.15426 0.204188 -1.53248 -0.91866 2.147
231 0.0167059 0.017173 -1.07767 -0.61748 0.215593 -1.48993 -0.736795 1.99675
222 -0.76999 -0.412162 0.343134 -1.22141 0.417549 -0.606682 -1.50205 2.35213
224 -0.692015 -0.179162 0.199671 -1.34192 0.429658 -0.843433 -1.48214 2.55234
212 -0.364273 -1.89665 -0.0833072 1.12461 -1.27227 -1.10233 -1.27442 2.00738
213 -0.259148 -1.78155 -0.0880533 0.835665 -0.899122 -1.04912 -1.32725 1.85623
8 -0.896887 -0.649754 0.397161 0.598173 0.209978 0.225503 0.0142376 2.57476
7 -0.808863 -0.492663 0.555792 0.444649 0.227478 -0.0121144 0.126336 2.23969
25 -0.294695 -0.270081 -1.24672 0.307909 -1.61122 -1.62759 0.0512442 1.92574
24 -0.436169 -0.207913 -1.44014 0.37118 -1.74586 -1.64297 -0.0807632 2.11322
26 -0.372566 -0.308522 -1.30531 0.314318 -1.68663 -1.7888 0.0538211 2.09113
271 -1.34168 -0.45902 -0.601488 -0.820811 0.664191 -0.962413 0.531069 1.68236
292 -0.822247 -1.12827 -1.25196 0.654606 1.81707 -0.644991 -0.546615 1.81828
109 -0.447129 0.531528 -0.780281 -0.564052 0.0543697 -0.422776 -0.639838 1.99318
138 -0.76283 0.740161 -0.591901 0.882329 0.129812 -0.735999 -1.82468 1.99359
139 -0.67614 0.642287 -0.315294 0.761351 0.267567 -0.599646 -1.33164 1.68932
140 -0.947439 0.846272 -0.393822 0.945884 0.318439 -0.703922 -1.56978 2.17643
141 -1.04287 0.805844 -0.263299 1.03618 0.546623 -0.748795 -1.46982 2.3584
143 -1.02789 0.961064 -0.278252 1.11096 0.647878 -0.710347 -1.3917 2.57588
142 -0.945095 0.799294 -0.264812 0.979096 0.531807 -0.593234 -1.19936 2.35803
50 -0.737879 0.122572 -0.612745 -0.0670808 -0.468636 -0.317788 0.575913 2.97182
49 -0.561255 -0.107465 -0.542447 -0.0958222 -0.502817 -0.139642 0.497042 2.73131
48 -0.524313 -0.332613 -0.614177 -0.25252 -0.547419 -0.082977 0.48921 2.9936
295 -1.015 -0.792009 -0.357493 0.590895 1.17614 0.0561417 -0.16875 1.90924
154 -1.55588 -1.94806 -0.0226934 -0.154718 -0.566183 -1.14039 0.233281 1.45735
150 -1.73083 -1.16733 -0.138832 0.0102526 -0.481481 -0.814246 0.127386 1.34828
151 -1.40151 -1.45566 -0.11028 -0.101229 -0.449991 -0.922609 0.2021 1.26316
6 -1.00055 -0.626335 0.665244 0.570619 0.209461 -0.0410085 0.206042 2.83855
64 -1.47298 0.238887 0.322686 -0.164268 -1.01173 -1.80228 -0.108949 1.63191
249 -1.30216 -0.904346 0.0134551 1.9126 -0.109782 -1.00281 0.402188 1.82536
251 -0.970197 -1.17632 -0.141907 1.38198 -0.177826 -0.872942 0.541679 1.486
252 -1.06343 -1.70114 -0.669031 0.90537 -0.361809 -0.814947 0.813354 1.6291
254 -1.16136 -2.02279 -0.922158 0.730792 -0.451662 -0.983359 0.822269 1.8075
132 -0.129058 -0.378525 -1.68712 0.650064 -0.642152 -1.35604 -1.81399 1.68458
133 -0.160012 -0.158838 -1.59435 0.400953 -0.533164 -1.08906 -1.59894 1.54006
51 -1.12562 0.4605 -0.686344 0.148923 -0.445794 -0.566572 0.888148 2.88222
248 -1.45375 -0.627477 0.0531212 2.11364 -0.0282407 -0.950274 0.15489 1.95203
247 -1.28123 -0.412569 0.0141601 1.80914 0.0320825 -0.808543 0.0364296 1.62566
203 -0.989642 -0.50622 -0.0503682 -0.0666217 -1.78035 -0.470863 -0.432805 2.52501
211 -0.171067 -1.56124 -0.1667 1.18374 -1.1165 -1.11874 -1.00114 1.61424
214 -0.244923 -1.30833 -0.116261 0.633946 -0.746947 -0.799531 -0.97026 1.43745
86 -0.391468 -1.07712 -0.464611 -0.697962 -0.104196 -2.6331 -1.30227 1.34567
85 -0.336786 -0.745678 -0.394671 -0.57422 -0.0189817 -1.98394 -1.13699 1.08311
255 -1.29685 -2.11638 -1.26007 0.311841 -0.446649 -1.00226 0.527225 1.56799
256 -1.28354 -1.817 -1.21116 0.149655 -0.43112 -0.943847 0.315936 1.31261
217 -0.587392 -1.31567 0.154297 -0.564647 -0.16632 -0.448529 -1.5981 1.84925
253 -0.974736 -1.65117 -0.644675 0.746962 -0.346059 -0.8087 0.777896 1.52684
250 -1.01981 -0.849898 0.0208097 1.54907 -0.0380455 -0.845769 0.328842 1.49343
95 -1.62526 -0.494882 0.274959 0.624136 -0.00089447 -2.50878 -0.299755 1.00023
94 -1.34296 -0.441875 0.161861 0.469024 -0.249004 -2.14445 -0.320473 1.09934
283 -1.1185 -0.949878 0.201066 -0.140657 0.23087 -1.37566 0.206711 1.44346
166 -1.27292 -0.92903 -0.222673 0.206263 0.197547 -0.673651 -1.8453 0.970497
165 -1.54102 -1.07678 -0.269595 0.214608 0.258189 -0.807258 -2.02184 1.09138
201 -1.26068 -0.497584 -0.473013 0.12227 -1.63942 -0.232579 -0.245323 2.08502
202 -0.923564 -0.345202 -0.155983 -0.206958 -1.45692 -0.44353 -0.423195 2.09857
200 -1.58695 -0.828344 -1.19644 0.888081 -1.09731 -0.229864 -0.0634925 1.6479
40 -0.790543 -1.31205 -0.0122564 -0.371556 -0.757975 -0.47329 -1.14669 1.56805
41 -0.822952 -1.88214 -0.0797264 -0.569277 -0.859011 -0.477847 -1.28546 1.98248
126 0.312196 -1.27535 -0.506634 1.26913 0.0944205 -1.87362 -0.80395 1.57206
232 -0.098981 -0.0845224 -0.883083 -0.197421 0.187636 -1.38545 -0.499059 1.79801
91 -0.691775 -0.801309 0.0963499 0.139442 -0.686709 -2.55743 -0.416804 0.983455
93 -1.20496 -0.58597 0.125309 0.413084 -0.390814 -2.48853 -0.329739 1.05832
84 -0.397616 -1.05469 -0.580804 -0.71291 0.247451 -2.35137 -1.43202 1.44057
115 0.340349 -0.630148 -0.572043 -0.241265 0.0638027 -0.552043 -0.512075 2.46619
81 -0.220225 -0.938034 -0.33531 -0.599949 0.907297 -2.14554 -1.18931 1.63405
83 -0.214143 -1.015 -0.435236 -0.703979 0.668927 -2.21168 -1.27842 1.57482
82 -0.192695 -0.900255 -0.40815 -0.629141 0.691834 -1.94978 -1.11806 1.32328
223 -0.63193 -0.236389 0.201114 -1.07467 0.351235 -0.625019 -1.29861 2.20562
149 -1.60561 0.197787 -0.237336 0.459254 0.0866591 -0.449442 -0.42254 1.66063
227 -0.349321 -0.0108022 -0.504068 -1.3378 0.280974 -1.36589 -1.16577 2.37983
178 -1.43821 -0.636884 -1.27467 -0.310077 0.596567 -1.05771 0.263391 1.06774
199 -1.48881 -0.779414 -1.26695 0.842977 -0.971992 -0.339903 -0.0541201 1.4938
225 -0.488791 -0.0879582 -0.107309 -1.3358 0.264524 -1.17297 -1.3006 2.45406
226 -0.263404 -0.0202039 -0.296015 -1.16891 0.204871 -1.06663 -1.08733 2.00453
148 -1.20599 0.486741 -0.343553 0.597483 0.259302 -0.549921 -0.606029 1.9122
160 -1.74069 -1.59646 -0.321565 -0.225002 0.326064 -0.983836 -0.86052 0.888466
