300 32
188 -0.00960537 0.559424 -0.00761925 -0.47409 -0.485609 -0.392232 -0.288627 0.0636532 -0.332511 -0.257782 1.24589 0.112389 1.08357 0.570187 0.505647 -0.629227 -0.0326535 0.250068 -0.692962 0.121485 0.281026 0.879796 -0.105799 -0.367409 0.517302 -0.737881 -0.327289 0.0254991 0.620311 -0.155475 0.409204 -0.594196
189 -0.110027 0.514754 -0.0401009 -0.439953 -0.769077 -0.665136 -0.167635 0.196164 -0.389963 -0.183918 1.14793 0.153172 1.07155 0.435569 0.773529 -0.614307 -0.0546585 0.133853 -0.639164 0.149767 0.408552 0.865685 -0.0580031 -0.181791 0.327002 -0.676486 -0.547427 -0.195812 0.735494 -0.144797 0.544659 -0.587313
187 -0.039056 0.53519 -0.0420693 -0.479685 -0.435482 -0.371712 -0.242741 0.0716959 -0.264976 -0.250341 1.11204 0.118975 1.02739 0.530235 0.455184 -0.545309 0.00818382 0.254835 -0.667669 0.0997921 0.269787 0.813858 -0.107946 -0.332792 0.500132 -0.715056 -0.296583 0.0517242 0.55695 -0.170471 0.402204 -0.539769
186 -0.00154998 0.584829 -0.0745591 -0.50452 -0.402958 -0.29967 -0.305093 0.0241864 -0.255246 -0.350985 1.21436 0.0972626 1.22586 0.555741 0.39285 -0.715796 0.0926821 0.310712 -0.700502 0.103018 0.141776 0.908365 -0.173028 -0.42762 0.624595 -0.793446 -0.283473 0.134643 0.559722 -0.192506 0.404598 -0.59005
191 -0.144293 0.574724 -0.026839 -0.389036 -0.943034 -0.83185 -0.0970158 0.228913 -0.392296 -0.201779 1.18966 0.176207 1.17236 0.360883 0.89351 -0.762286 -0.10561 0.0506416 -0.655862 0.154711 0.397803 0.844488 -0.0799677 -0.088012 0.224344 -0.644565 -0.725346 -0.289508 0.780586 -0.122342 0.610419 -0.683985
190 -0.0853876 0.452807 -0.0175795 -0.361425 -0.752768 -0.625686 -0.137325 0.201734 -0.373924 -0.166107 1.12978 0.14833 1.03382 0.37588 0.737591 -0.603652 -0.103174 0.096802 -0.578412 0.148608 0.401692 0.790968 -0.0453632 -0.127839 0.28777 -0.614655 -0.530599 -0.188818 0.696357 -0.121779 0.485232 -0.558775
262 0.957643 0.233881 -0.0696727 -0.165425 -0.434552 0.578539 -0.192792 -0.415328 -0.0855247 -0.264193 2.16324 0.291828 0.5054 -0.359565 -0.336043 -0.871094 -0.261207 -0.488629 0.0593264 0.0996403 -0.129068 0.626259 0.225383 -0.698323 -0.372793 -0.382006 -0.235955 0.00956796 0.00145755 -0.365512 0.330824 -0.0697682
263 1.08473 0.285414 -0.0908321 -0.18591 -0.492797 0.644196 -0.243661 -0.384468 -0.0739767 -0.30372 2.33625 0.306463 0.587997 -0.381164 -0.382466 -0.931064 -0.300351 -0.534989 0.0212779 0.0967098 -0.131279 0.74245 0.251526 -0.788382 -0.428027 -0.39533 -0.217893 -0.0338084 0.0104235 -0.426462 0.348519 -0.0669119
264 1.13555 0.38021 -0.193416 -0.154386 -0.447391 0.645145 -0.259416 -0.22919 0.0110234 -0.326892 2.30384 0.28149 0.537087 -0.344362 -0.444011 -0.809854 -0.260406 -0.494885 0.0208689 0.0378557 -0.104907 0.775412 0.201458 -0.805369 -0.504384 -0.33966 -0.132136 -0.140206 0.128983 -0.415022 0.335432 -0.167315
265 1.03548 0.346422 -0.234433 -0.191739 -0.354543 0.570172 -0.254063 -0.114575 0.0925017 -0.28284 1.9806 0.248067 0.44834 -0.315976 -0.408408 -0.645463 -0.164823 -0.430754 0.0237352 -0.022952 -0.055044 0.716991 0.152587 -0.747636 -0.459717 -0.270848 -0.0441982 -0.153441 0.14279 -0.414797 0.301702 -0.192021
266 1.11196 0.441928 -0.313047 -0.171133 -0.333939 0.55607 -0.246301 0.0293381 0.198104 -0.289498 2.01026 0.156366 0.471199 -0.262888 -0.404237 -0.65618 -0.178614 -0.432773 0.0256803 -0.0221247 -0.115635 0.785405 0.118835 -0.796699 -0.547089 -0.230772 -0.0142275 -0.24124 0.26811 -0.378983 0.397324 -0.326291
267 1.19145 0.44856 -0.516267 -0.21424 -0.171848 0.425489 -0.243632 0.43965 0.384281 -0.249961 1.72902 0.0250957 0.354222 -0.179964 -0.272663 -0.501068 -0.0771617 -0.36165 0.239164 0.0139833 -0.0823209 0.771002 0.15844 -0.747286 -0.59342 -0.138801 0.0663303 -0.36298 0.556772 -0.327064 0.43726 -0.607394
170 0.481076 0.351389 0.602646 0.113583 0.0327744 0.833631 -0.157739 0.216604 -0.444566 0.24726 1.06348 -0.508164 0.997649 0.106486 0.753621 -1.43769 -0.24293 -0.28425 -0.0693735 0.554477 -0.639921 0.16708 -0.746314 0.33311 0.0898104 -0.163848 0.118493 -0.571813 0.393631 0.646442 0.0981372 0.380664
168 0.402219 0.369549 0.436952 0.183189 0.0647515 0.764537 -0.212244 0.172562 -0.549624 0.124251 1.16555 -0.60102 0.836108 0.14233 0.688953 -1.2642 -0.177021 -0.167027 -0.20013 0.521497 -0.507464 0.228012 -0.615448 0.231111 0.00345048 -0.0254073 0.195108 -0.639341 0.34645 0.442947 0.0122912 0.385814
169 0.365412 0.330034 0.423534 0.116613 0.030771 0.692754 -0.192636 0.119502 -0.422214 0.165729 1.01113 -0.503106 0.766289 0.0996587 0.609522 -1.14589 -0.166052 -0.179142 -0.170134 0.479774 -0.482665 0.157786 -0.590947 0.212412 0.0473478 -0.0770776 0.122221 -0.534909 0.301418 0.469634 0.0103762 0.356021
171 0.527448 0.270573 0.631342 -0.0180985 -0.0848586 0.74394 -0.0825606 0.194796 -0.105649 0.338382 0.917383 -0.30115 1.06504 -0.00309402 0.660728 -1.50127 -0.211497 -0.416862 0.0589989 0.421723 -0.797416 0.158148 -0.772886 0.467334 0.176449 -0.268872 -0.0338105 -0.362419 0.400822 0.702081 0.165021 0.167182
173 0.501553 0.199554 0.618896 -0.0722217 -0.133295 0.685752 -0.0577143 0.0854034 0.143853 0.411604 0.749592 -0.164889 1.19066 -0.200795 0.479938 -1.52241 -0.0967897 -0.435148 0.130284 0.388941 -1.01248 0.0611338 -0.80058 0.513585 0.307094 -0.436625 -0.221551 -0.252748 0.353952 0.773885 0.205204 0.0318084
172 0.490147 0.23837 0.593543 -0.0206506 -0.124931 0.695357 -0.0569022 0.152732 0.0246855 0.349385 0.818972 -0.196967 1.03371 -0.108355 0.573147 -1.35226 -0.203646 -0.395536 0.137721 0.391447 -0.781527 0.1 -0.707032 0.451492 0.158323 -0.338346 -0.0809697 -0.286508 0.396647 0.715025 0.195764 0.0802955
73 0.0649269 0.456195 0.480482 -0.175541 0.236339 -0.360394 0.0382531 -0.77134 0.329908 0.276945 0.945714 -0.444677 0.379291 0.390335 0.0059328 -0.919663 -0.310276 -0.308693 -0.146503 0.121549 -0.569514 0.948487 -0.267735 0.252786 -0.376966 0.148566 0.07076 -0.37332 0.437904 -0.07773 -0.34045 -1.0328
72 0.0880544 0.457675 0.517127 -0.189654 0.278587 -0.419604 -0.0320756 -0.811804 0.39053 0.327019 1.10434 -0.479088 0.405612 0.495409 -0.0686018 -0.990556 -0.392723 -0.364464 -0.158786 0.1021 -0.598624 1.02284 -0.237212 0.331435 -0.403709 0.207173 -0.0031691 -0.420207 0.432859 -0.140383 -0.43691 -1.1494
71 0.114672 0.285613 0.460391 -0.195213 0.332443 -0.450631 -0.207748 -0.712047 0.386166 0.423186 1.2906 -0.398301 0.471617 0.709005 -0.21251 -1.0207 -0.519999 -0.403936 -0.257058 0.196273 -0.53815 1.00503 -0.109581 0.290154 -0.271813 0.159347 -0.262433 -0.363858 0.441587 -0.300439 -0.459885 -1.18838
69 0.173781 0.180238 0.319841 -0.167572 0.35109 -0.443013 -0.309687 -0.58564 0.374506 0.488792 1.46992 -0.380535 0.493202 0.899675 -0.315184 -1.11345 -0.638558 -0.475644 -0.326202 0.256792 -0.437148 0.926879 -0.00293721 0.151731 -0.266262 0.132932 -0.430219 -0.351162 0.517059 -0.461519 -0.412227 -1.22699
70 0.11738 0.157063 0.364879 -0.142595 0.283531 -0.404509 -0.236559 -0.55538 0.321752 0.436544 1.20891 -0.329115 0.413867 0.698057 -0.221346 -0.918324 -0.495948 -0.388791 -0.261396 0.172275 -0.426543 0.870299 -0.0153684 0.234457 -0.216049 0.154109 -0.304632 -0.311934 0.380245 -0.352025 -0.400928 -1.02142
68 0.191749 0.08738 0.0785898 -0.0920753 0.455754 -0.308438 -0.355339 -0.368381 0.232898 0.457236 1.34292 -0.397544 0.400457 1.10721 -0.521858 -1.10446 -0.691513 -0.45027 -0.356096 0.310533 -0.259499 0.620522 0.0854062 -0.0189238 -0.168082 0.0678451 -0.575307 -0.201462 0.451926 -0.517623 -0.246704 -0.971653
44 0.643423 -0.138495 -0.153256 0.110951 0.250197 0.738017 -0.0349171 -0.364147 -0.150653 -0.336489 1.59414 0.0142881 0.715719 0.237775 0.385151 -1.08419 -0.408139 0.186721 0.59964 -0.159321 -0.633966 0.438811 -0.1951 0.492237 -0.122054 0.12541 0.300417 0.282509 0.884764 -0.518907 -0.0844733 -0.0496737
42 0.441554 -0.166613 -0.261861 0.280091 0.149532 0.693589 0.0662094 -0.439015 -0.35043 -0.247049 1.60195 -0.0732241 0.998982 0.0876356 0.484556 -1.00014 -0.345228 0.0928463 0.649458 -0.30672 -0.712212 0.42603 -0.0592144 0.566889 -0.223273 0.132093 0.1825 0.149742 0.93275 -0.602742 -0.18589 -0.0227652
41 0.275706 -0.138686 -0.274189 0.488979 0.0839974 0.622317 0.0721533 -0.457369 -0.447526 -0.202411 1.4203 -0.216254 1.24769 -0.026397 0.615454 -0.787926 -0.450738 -0.116322 0.580382 -0.33389 -0.739391 0.550825 0.115917 0.536145 -0.281219 0.128778 0.116381 -0.0375357 0.978127 -0.649889 -0.144304 -0.0622937
40 0.226374 -0.132536 -0.272894 0.433427 0.0749076 0.547946 0.0447101 -0.363354 -0.437757 -0.213058 1.18999 -0.188262 1.11722 0.023917 0.543905 -0.704206 -0.433706 -0.0992034 0.543413 -0.259836 -0.654085 0.48252 0.0963342 0.489614 -0.286401 0.152908 0.105638 -0.0364173 0.842233 -0.550989 -0.111624 -0.0362305
39 0.20487 -0.10924 -0.279157 0.621135 0.0462938 0.620244 0.0476017 -0.441892 -0.532895 -0.194937 1.31105 -0.242448 1.36417 -0.0771369 0.630035 -0.684155 -0.540613 -0.243477 0.583255 -0.293409 -0.713967 0.681587 0.207425 0.474554 -0.347937 0.148498 0.0671895 -0.102279 1.04246 -0.680734 -0.112992 -0.118516
184 0.136201 0.4911 -0.157112 -0.139928 -0.111111 0.0662435 -0.0894247 -0.158999 -0.0285247 -0.384965 0.938205 -0.0483728 0.934848 0.354645 0.150111 -0.852469 0.0902078 0.122143 -0.362341 0.0433318 -0.434204 0.5538 -0.289305 -0.243033 0.417291 -0.384814 -0.259523 0.13411 0.37709 -0.103338 0.278438 -0.482928
185 0.0653481 0.646662 -0.141347 -0.347544 -0.252747 -0.120299 -0.204973 -0.103174 -0.146114 -0.478305 1.05843 0.0171458 1.18066 0.494205 0.235248 -0.851735 0.168067 0.253526 -0.528332 0.0527658 -0.269474 0.720417 -0.281454 -0.337504 0.648584 -0.541222 -0.319763 0.231522 0.386031 -0.172975 0.310515 -0.564296
183 0.195368 0.684142 -0.310159 -0.138536 -0.0714535 0.202394 -0.128366 -0.32853 0.0120527 -0.656906 0.949632 -0.11692 1.20592 0.421488 -0.0127109 -1.08215 0.298376 0.167085 -0.368129 -0.0266119 -0.815063 0.583725 -0.484447 -0.34991 0.623468 -0.345337 -0.322878 0.275194 0.273356 -0.172596 0.234098 -0.576422
225 -0.414083 0.407716 0.244546 -0.367601 0.434033 -0.153332 0.0860427 -0.38168 0.673238 -0.350303 1.42512 -0.0615915 0.0281892 0.877811 0.960927 -0.763453 0.197911 0.460681 -0.018681 1.00216 -0.602739 0.505429 -0.0297701 -0.371708 -0.503005 -0.140206 -0.419624 -0.594609 0.611959 0.168936 0.332171 -0.0330598
224 -0.490706 0.513916 0.215448 -0.3407 0.288417 -0.235267 0.136215 -0.266524 0.694171 -0.510076 1.49622 0.0992627 0.0184371 0.993497 0.935491 -0.930927 0.348481 0.276977 -0.181108 0.851438 -0.653871 0.638775 -0.225219 -0.523884 -0.432472 -0.246515 -0.333591 -0.814375 0.423852 0.0945856 0.343942 0.0876524
227 -0.380687 0.317882 0.24186 -0.366286 0.522193 -0.051171 0.0336152 -0.494582 0.630895 -0.246148 1.46122 -0.169815 0.00444394 0.76086 0.960823 -0.646102 -0.0013739 0.681092 0.0733562 1.09536 -0.605494 0.425531 0.143453 -0.248932 -0.575325 -0.129904 -0.484817 -0.379851 0.911698 0.244135 0.324197 -0.251476
228 -0.296834 0.286409 0.23084 -0.322861 0.571759 0.0233369 -0.0688187 -0.645781 0.57396 -0.159639 1.41519 -0.216616 0.0111198 0.660623 0.96248 -0.675799 -0.154423 0.731783 0.127715 1.24514 -0.627178 0.426805 0.269879 -0.203289 -0.655275 -0.148175 -0.539434 -0.306269 1.21702 0.300146 0.359863 -0.343044
229 -0.254808 0.206418 0.168772 -0.285391 0.58737 -0.0113277 -0.165417 -0.632127 0.549998 -0.116991 1.19746 -0.190242 -0.0111235 0.491588 0.80144 -0.606826 -0.168148 0.680061 0.1314 1.15506 -0.558809 0.365022 0.25771 -0.16778 -0.628406 -0.159117 -0.489277 -0.159127 1.23025 0.295962 0.282721 -0.353022
4 0.374745 -0.110738 -0.237402 -0.126817 0.211941 0.0598386 -0.280185 0.00604618 0.0149432 0.286462 0.933488 -0.171232 0.955613 -0.64078 -0.0663612 -1.29607 -0.220432 -0.421458 -0.665765 0.148748 0.12922 -0.125049 0.068153 -0.0595302 -0.636947 -0.26271 -0.0704545 -0.328549 0.4396 -0.724925 1.02877 -0.980289
3 0.357882 -0.0796682 -0.265978 -0.225868 0.127663 0.144784 -0.217031 -0.0405831 0.0745088 0.313895 1.11785 -0.243212 0.981752 -0.698755 0.038083 -1.50357 -0.239626 -0.568186 -0.737659 0.229923 0.130782 -0.186439 0.0603932 -0.065762 -0.692153 -0.180176 -0.0723391 -0.350006 0.386809 -0.794614 1.12148 -0.924024
2 0.228214 -0.127628 -0.306017 -0.422389 -0.0566025 0.145087 -0.00806864 0.044074 0.240109 0.404347 1.27086 -0.388908 0.773042 -0.655711 0.165852 -1.67791 -0.30007 -0.69095 -0.642818 0.385941 0.149283 -0.231293 0.0877778 -0.0700988 -0.653339 0.00628567 -0.0777944 -0.334684 0.212823 -0.889762 1.02052 -0.687386
5 0.428969 -0.111987 -0.234213 -0.119353 0.24549 0.137841 -0.276471 -0.0630321 0.0273844 0.349265 0.997818 -0.186352 1.05168 -0.731752 -0.0780494 -1.41704 -0.28254 -0.480203 -0.762739 0.159228 0.171103 -0.175699 0.0476518 -0.106797 -0.716018 -0.344571 -0.0733334 -0.360364 0.490809 -0.737806 1.14353 -1.07445
74 0.0562305 0.617927 0.531148 -0.177578 0.281292 -0.370937 0.098449 -0.887391 0.388704 0.247327 1.06804 -0.525768 0.4696 0.384095 0.112816 -1.17509 -0.347937 -0.378328 -0.107245 0.0922932 -0.739582 1.1129 -0.370053 0.305064 -0.499478 0.136083 0.161831 -0.491074 0.573653 -0.0936643 -0.342567 -1.20407
257 0.358226 -0.220931 0.433365 -0.560716 -0.428978 0.348365 0.0270962 0.158013 0.114786 -0.38777 1.74746 0.0527008 0.724564 -0.717235 0.507312 -0.854254 0.0223483 -0.282099 0.600849 0.0484942 -0.681787 0.313374 0.564101 -0.688125 0.332301 -0.632562 -0.390894 -0.0477534 0.293006 -0.402578 -0.0472406 -0.555548
258 0.56868 -0.151966 0.392407 -0.481771 -0.479002 0.405355 -0.0105571 0.0407806 0.00406468 -0.35371 1.90597 0.171389 0.663279 -0.678703 0.320614 -0.890571 -0.105857 -0.375587 0.49088 0.0916299 -0.57292 0.358686 0.571235 -0.808459 0.2264 -0.604582 -0.356286 -0.00284123 0.058575 -0.390198 0.0455955 -0.462278
260 0.761468 -0.0398759 0.283995 -0.367951 -0.478738 0.50457 -0.138599 -0.134401 -0.0993873 -0.363635 2.06392 0.250388 0.637295 -0.592794 0.0648938 -0.922496 -0.195033 -0.404417 0.394721 0.124687 -0.385683 0.471686 0.495541 -0.833754 0.00615528 -0.533523 -0.329993 0.0532775 -0.0573312 -0.426428 0.153741 -0.243517
259 0.667804 -0.0454327 0.307125 -0.310715 -0.409205 0.468787 -0.104393 -0.0885982 -0.10572 -0.303767 1.87108 0.183733 0.578642 -0.528289 0.151724 -0.877177 -0.201262 -0.396087 0.335292 0.144591 -0.396223 0.38413 0.450266 -0.757513 0.0663736 -0.472193 -0.347728 0.0161178 -0.101472 -0.327288 0.167237 -0.281529
261 0.924291 0.191512 0.00931156 -0.186782 -0.476126 0.570868 -0.17004 -0.37561 -0.134057 -0.302984 2.2202 0.296487 0.601463 -0.439833 -0.228136 -0.92159 -0.283703 -0.478194 0.101115 0.101869 -0.229316 0.605313 0.289909 -0.745293 -0.295345 -0.45889 -0.276421 -0.0121232 -0.0220101 -0.394149 0.287667 -0.104649
132 0.0521695 0.456604 0.469974 0.292191 -0.394923 0.0823538 0.131664 -0.683976 -0.421621 0.278287 1.24578 -0.27546 0.434183 0.733008 0.704731 -1.00151 -0.0791251 0.225043 -0.204527 -0.046622 -0.62687 0.255609 1.19137 -0.27749 -0.192724 -0.146318 -0.157244 -0.764915 -0.0533608 0.297297 0.730309 -0.362963
133 0.111937 0.460628 0.439248 0.215755 -0.3667 0.0835456 0.0827472 -0.636027 -0.445208 0.295879 1.08022 -0.26217 0.392114 0.67728 0.6966 -0.945405 -0.108769 0.21146 -0.172955 -0.00492326 -0.580744 0.306011 1.14348 -0.162249 -0.12448 -0.0921527 -0.0851995 -0.68497 -0.0717137 0.235582 0.642045 -0.386777
131 0.0300917 0.469406 0.46696 0.500004 -0.48831 0.0757208 0.31282 -0.609583 -0.394115 0.252836 1.26199 -0.353787 0.38269 0.770712 0.702548 -1.02499 -0.157147 0.243322 -0.19178 0.0226679 -0.75646 0.185545 1.21777 -0.508157 -0.241215 -0.358526 -0.232053 -0.893541 0.0217603 0.32776 0.877638 -0.361953
129 -0.0968536 0.44025 0.498005 0.511048 -0.649781 -0.0494761 0.408977 -0.451034 -0.375292 0.161141 1.02905 -0.460579 0.273266 0.705311 0.55727 -1.05199 -0.144911 0.24642 -0.206782 0.118813 -0.888132 0.140652 1.07481 -0.608184 -0.291995 -0.421482 -0.352271 -0.906249 0.121882 0.286051 0.954934 -0.311429
130 -0.0541703 0.392113 0.428444 0.451105 -0.532258 -0.0209843 0.354728 -0.462705 -0.335612 0.213143 0.970343 -0.378297 0.254598 0.644006 0.533073 -0.850703 -0.122652 0.231829 -0.170683 0.038186 -0.662683 0.105658 1.04191 -0.508689 -0.22075 -0.340543 -0.261032 -0.767865 0.00700948 0.270922 0.788657 -0.234429
86 0.501737 0.844297 -0.0217915 -0.285226 -0.197365 0.853745 -0.452835 -0.457796 0.307714 0.00269835 1.29807 0.101651 0.517672 0.125575 0.441673 -0.122889 -0.556373 -0.402428 -1.04046 0.0914692 -1.07144 -0.18503 -0.248606 -0.456166 -0.188379 -0.499674 0.0432828 -0.623541 0.449723 -0.0838204 0.87313 -1.02879
85 0.436867 0.787638 -0.0411445 -0.304176 -0.156443 0.765031 -0.373201 -0.428839 0.273325 0.0211656 1.03898 0.0974696 0.408226 0.0334124 0.301515 -0.0908484 -0.484729 -0.318058 -0.857896 0.033029 -0.864018 -0.112106 -0.310091 -0.346747 -0.176102 -0.369289 0.0637425 -0.539408 0.330022 -0.0548549 0.668664 -0.886251
87 0.416039 0.690494 0.0957689 -0.0844218 -0.239726 0.740116 -0.514633 -0.403334 0.252495 -0.0427278 1.35035 0.143631 0.457389 0.171201 0.512822 -0.130295 -0.462596 -0.54958 -0.982627 0.0430316 -1.11219 -0.29305 -0.0763844 -0.467597 -0.18697 -0.474528 0.0879157 -0.54674 0.486783 -0.174319 0.979884 -0.935939
88 0.336808 0.564599 0.141614 0.0119517 -0.253625 0.551605 -0.461939 -0.299189 0.200219 -0.0473624 1.12465 0.147404 0.327181 0.212637 0.443548 -0.0388525 -0.401962 -0.571745 -0.829317 0.0498747 -0.951253 -0.32054 -0.00915944 -0.3417 -0.150595 -0.358273 0.122926 -0.453032 0.430133 -0.218683 0.909644 -0.834358
89 0.357742 0.57063 0.193326 0.117416 -0.276691 0.542568 -0.553312 -0.364345 0.214137 -0.0829483 1.26732 0.159225 0.371984 0.283754 0.476742 -0.0841896 -0.390859 -0.71059 -0.916236 0.0207283 -1.01097 -0.393697 0.0146898 -0.363 -0.256882 -0.383984 0.159759 -0.488415 0.542353 -0.251188 1.09285 -0.916536
52 0.21089 0.0220341 0.0592256 0.0769649 0.224449 0.469544 -0.0792859 -0.213675 -0.0411026 -0.231843 1.21199 -0.027659 0.580053 0.259355 0.300026 -1.07114 -0.479638 -0.0342779 -0.0581467 0.219111 -0.326846 0.337009 -0.151759 -0.127257 0.0685319 -0.350194 -0.158508 -0.16576 0.866654 -0.0741151 0.542464 -0.730848
53 -0.118621 -0.0295713 0.185323 0.0322472 0.384494 0.458445 -0.14001 -0.298778 -0.122138 -0.276626 0.922717 0.00438958 0.585686 0.185428 0.192334 -1.05137 -0.620104 0.0191508 -0.132854 0.281599 -0.0874757 0.011549 -0.22402 -0.274326 0.234243 -0.526945 -0.350959 -0.228283 0.919808 0.0883441 0.76006 -1.1047
54 -0.357016 -0.0988536 0.276259 0.024955 0.462478 0.377337 -0.137254 -0.31742 -0.174409 -0.315299 0.756459 -0.0300614 0.660178 0.164981 0.217299 -1.21688 -0.689859 0.0359474 -0.214443 0.290314 -0.034624 -0.133642 -0.265794 -0.390745 0.275635 -0.661366 -0.52319 -0.330567 1.03345 0.151488 0.943257 -1.39853
55 -0.360409 -0.103519 0.287166 0.0445172 0.487489 0.34631 -0.145394 -0.298246 -0.207719 -0.296075 0.697867 -0.011283 0.599463 0.159531 0.233586 -1.17101 -0.70628 0.0521946 -0.214393 0.319587 0.0112985 -0.183492 -0.259717 -0.421122 0.295968 -0.671355 -0.519523 -0.316413 0.969002 0.162464 0.928287 -1.37177
56 -0.478467 -0.164938 0.288586 0.0752247 0.555009 0.300704 -0.119886 -0.334729 -0.198647 -0.390764 0.691896 -0.00540715 0.621708 0.269026 0.249667 -1.30075 -0.745904 -0.0211349 -0.212635 0.344718 -0.0523646 -0.16516 -0.320226 -0.465319 0.36053 -0.704898 -0.619103 -0.354425 1.04841 0.169207 1.00627 -1.50478
126 0.0142549 0.372862 0.189013 0.60411 -0.932299 -0.0470592 0.53026 -0.129418 -0.446525 0.0889544 0.934158 -0.559527 -0.0332621 0.667312 0.291248 -0.966452 -0.290496 -0.118554 -0.176259 0.607577 -1.1994 0.17327 0.50526 -0.668401 -0.314663 -0.369221 -0.556046 -0.798529 0.490044 0.00927195 0.875325 -0.390796
128 -0.0739655 0.428215 0.380501 0.556438 -0.905014 -0.186853 0.544425 -0.203679 -0.451484 0.078259 0.848645 -0.674405 0.046414 0.687511 0.385038 -1.10407 -0.226851 0.100721 -0.214242 0.501437 -1.21008 0.132663 0.7796 -0.643042 -0.336891 -0.449166 -0.530248 -0.921007 0.380838 0.121797 1.04739 -0.340821
127 -0.0927039 0.34065 0.345721 0.430163 -0.751651 -0.170271 0.433373 -0.126083 -0.373242 0.0301485 0.725385 -0.558716 0.0166388 0.572381 0.316709 -0.975518 -0.182792 0.0703191 -0.1776 0.497809 -1.08337 0.139632 0.561383 -0.534769 -0.320314 -0.365797 -0.481338 -0.809997 0.417645 0.0864511 0.871626 -0.315061
65 0.0627865 -0.149781 -0.16934 0.0974624 0.570034 -0.265488 -0.374011 -0.218708 -0.00156945 0.329317 1.21471 -0.3537 0.334102 1.23552 -0.599253 -1.28671 -0.720543 -0.46663 -0.283544 0.416239 -0.156519 0.335329 0.192116 -0.33733 -0.0716084 -0.166588 -0.769425 -0.180474 0.513373 -0.587159 0.182065 -0.837375
63 -0.0734292 -0.286251 -0.157672 0.152737 0.609532 -0.25217 -0.321041 -0.151748 -0.0802771 0.129239 0.945206 -0.254884 0.263517 1.10574 -0.532558 -1.37563 -0.743903 -0.391499 -0.242844 0.412714 -0.0963818 0.076235 0.107813 -0.4647 0.102364 -0.271323 -0.822794 -0.177967 0.502065 -0.508771 0.396744 -0.836467
64 0.00772487 -0.160681 -0.185619 0.136257 0.462308 -0.178035 -0.282305 -0.129893 -0.0428089 0.186834 0.902554 -0.219067 0.223523 0.970369 -0.466085 -1.05763 -0.627731 -0.394215 -0.253611 0.346821 -0.10509 0.155012 0.110983 -0.343224 0.0169677 -0.229548 -0.674635 -0.138772 0.423352 -0.45369 0.306422 -0.678235
66 0.200884 0.0124796 -0.067655 -0.00377629 0.470393 -0.262527 -0.389132 -0.266278 0.148707 0.477715 1.36921 -0.413531 0.418239 1.19194 -0.55185 -1.2383 -0.709612 -0.510121 -0.389285 0.367465 -0.256259 0.582636 0.146173 -0.160075 -0.153136 -0.00134667 -0.654034 -0.15897 0.543951 -0.587607 -0.126261 -0.900947
67 0.204545 0.0409664 -0.0473294 -0.0436934 0.390929 -0.219381 -0.320678 -0.254843 0.127728 0.436737 1.20519 -0.365257 0.380928 1.07416 -0.489062 -1.04577 -0.628316 -0.460648 -0.316549 0.273529 -0.219589 0.47532 0.128094 -0.120188 -0.179877 0.0566526 -0.545139 -0.174031 0.46028 -0.49765 -0.142663 -0.834196
62 -0.272217 -0.365104 -0.0240103 0.220162 0.625116 -0.244623 -0.140876 -0.185257 -0.0921919 -0.168554 0.843385 -0.184166 0.297787 0.873657 -0.231711 -1.56157 -0.794672 -0.284085 -0.146947 0.385595 -0.114908 -0.00145646 -0.0798034 -0.638247 0.295361 -0.375911 -0.862693 -0.259789 0.556703 -0.345412 0.704767 -0.993687
121 0.39172 0.205863 -0.307562 0.787161 -0.655034 0.343849 0.381368 -0.224509 -0.314431 0.298427 1.21196 0.0387408 0.0347339 0.662243 -0.173304 -0.40515 -0.409427 -0.641176 -0.0488437 0.58043 -0.706628 0.0951948 -0.0635195 -0.681658 -0.155771 0.00779684 -0.495456 -0.239524 0.336525 -0.236879 0.273296 -0.502471
122 0.345046 0.246791 -0.298177 0.868878 -0.798828 0.315841 0.477372 -0.217897 -0.405807 0.2753 1.33412 -0.0624499 0.0166021 0.821441 -0.132814 -0.561299 -0.475815 -0.700978 -0.0638489 0.739444 -0.918141 0.133557 -0.00912177 -0.763875 -0.218477 -0.00796089 -0.618178 -0.381541 0.405581 -0.285599 0.324125 -0.577123
123 0.315385 0.255243 -0.193291 0.792933 -0.909333 0.17738 0.507543 -0.105842 -0.470982 0.208915 1.19984 -0.298958 -0.0605764 0.757158 -0.0782684 -0.632669 -0.443681 -0.577369 -0.109406 0.813777 -1.05567 0.164996 0.10133 -0.742991 -0.293201 -0.100936 -0.597915 -0.544269 0.425707 -0.273823 0.530082 -0.501977
120 0.46119 0.226077 -0.357604 0.938888 -0.799085 0.456562 0.46991 -0.338215 -0.357596 0.34669 1.49722 0.0947032 0.0422181 0.805123 -0.19798 -0.547571 -0.436243 -0.812966 -0.0526486 0.592725 -0.780951 0.127304 -0.0892892 -0.809808 -0.169782 -0.026256 -0.622344 -0.253844 0.528084 -0.254053 0.268281 -0.625369
119 0.506323 0.191051 -0.431821 0.947341 -0.840476 0.614027 0.430268 -0.43895 -0.168099 0.48996 1.57193 0.3232 0.0944243 0.806755 -0.147297 -0.628313 -0.36317 -0.954536 -0.161049 0.256514 -0.662099 0.00923398 -0.250619 -0.852125 -0.0555011 -0.172653 -0.631803 -0.0697141 0.842228 -0.0587012 0.122907 -0.693485
238 0.317871 0.329225 0.0317157 -0.179507 0.410655 1.04487 -0.214521 -0.59144 -0.109916 -0.965553 1.48176 0.100491 0.183118 0.527157 0.0306325 -0.364499 0.00613342 -0.000925407 -0.178587 -0.115984 0.0757095 0.373293 0.0948208 0.387575 -0.218794 -0.346483 -0.252746 -0.677315 1.03989 0.0539891 0.267919 -0.777919
237 0.305207 0.354931 0.0471811 -0.174271 0.44273 1.02044 -0.242057 -0.662543 -0.0999445 -0.967485 1.58969 0.055355 0.184757 0.575454 0.0875019 -0.448841 -0.0300494 0.00472375 -0.176943 -0.0360125 0.0841604 0.439334 0.112058 0.419135 -0.236783 -0.346251 -0.290929 -0.702366 1.13841 0.0297647 0.289468 -0.851527
236 0.237387 0.367229 0.0701611 -0.0614149 0.508419 0.858029 -0.30404 -0.762587 0.0622962 -0.818 1.51949 0.0979919 0.0898751 0.575287 0.192896 -0.444658 -0.0850299 0.181218 -0.0738015 0.248841 0.0236348 0.324684 0.149963 0.327047 -0.282775 -0.203642 -0.354788 -0.481029 1.13949 0.0176118 0.247929 -0.741126
234 0.0366984 0.31061 0.107978 -0.134066 0.615102 0.537621 -0.354736 -0.832262 0.255943 -0.566039 1.32071 0.101974 -0.0397418 0.544819 0.391533 -0.484274 -0.192325 0.380301 0.0172793 0.709515 -0.135249 0.271151 0.233464 0.191297 -0.377058 -0.173869 -0.485405 -0.326027 1.35702 0.0571576 0.287647 -0.652017
233 -0.0377926 0.306606 0.122042 -0.148719 0.58206 0.278761 -0.326688 -0.827115 0.38964 -0.357465 1.35715 0.0191688 -0.0154741 0.52983 0.649665 -0.620584 -0.243388 0.498117 0.066084 1.00906 -0.401802 0.353103 0.255745 0.0439678 -0.477353 -0.175772 -0.547233 -0.243357 1.51738 0.0996172 0.343788 -0.596196
232 -0.0927547 0.246572 0.134344 -0.166482 0.564084 0.176957 -0.305855 -0.793126 0.38068 -0.270145 1.19391 -0.00580387 -0.0307051 0.477255 0.68127 -0.643086 -0.280607 0.497033 0.0724191 1.03002 -0.428161 0.317346 0.23303 -0.00137844 -0.499093 -0.160661 -0.528566 -0.226648 1.43865 0.114706 0.338522 -0.538283
222 -0.413902 0.53665 0.141297 -0.259873 0.196825 -0.325352 0.0890447 -0.203585 0.758543 -0.594318 1.36855 0.235358 0.0708505 0.883544 0.816656 -1.06223 0.39763 -0.0259709 -0.266087 0.674936 -0.64616 0.728296 -0.426889 -0.601536 -0.31584 -0.292206 -0.277799 -0.939785 0.278215 0.00201825 0.32402 0.188605
221 -0.237814 0.527433 -0.0444755 -0.171985 0.129369 -0.337087 -0.0388052 -0.0896504 0.842696 -0.669744 1.31411 0.290297 0.102996 0.806757 0.760413 -1.20825 0.310066 -0.26626 -0.342874 0.468684 -0.648085 0.862828 -0.507398 -0.641074 -0.234893 -0.354021 -0.287811 -0.96428 0.352059 -0.0417776 0.288813 0.205145
219 0.00820354 0.509126 -0.134964 -0.00244799 0.0731133 -0.329437 -0.19375 0.0691316 1.01963 -0.718458 1.25539 0.266054 0.144353 0.746127 0.726714 -1.10234 0.179218 -0.329453 -0.430042 0.330362 -0.594222 0.871153 -0.557725 -0.639776 -0.110751 -0.330549 -0.282294 -0.866624 0.400165 -0.0175857 0.223431 0.225282
218 0.31015 0.55695 -0.233033 0.114378 -0.00609324 -0.185015 -0.273237 0.199951 1.18 -0.68774 1.26255 0.175717 0.222869 0.759139 0.654732 -0.941839 -0.0977141 -0.365577 -0.445703 0.12925 -0.483235 0.780593 -0.523412 -0.591538 -0.0429031 -0.207829 -0.288124 -0.609106 0.498286 -0.0577402 0.115563 0.132274
216 0.434345 0.525892 -0.254271 0.169222 -0.0276547 -0.0937041 -0.289787 0.226368 1.12561 -0.630955 1.26609 0.0838001 0.269614 0.708145 0.668357 -0.815483 -0.219051 -0.234415 -0.407006 0.0746071 -0.440455 0.69497 -0.443676 -0.450806 0.0270727 -0.159873 -0.247502 -0.462829 0.55957 -0.0191147 0.0961374 0.0361864
215 0.652364 0.538094 -0.242111 0.245256 -0.131218 0.125394 -0.319048 0.314309 1.17196 -0.551667 1.24409 -0.12262 0.357924 0.713859 0.695153 -0.450175 -0.568087 -0.0400732 -0.347123 -0.0660545 -0.313405 0.440052 -0.225262 -0.299633 0.00768371 -0.0443474 -0.174616 -0.144191 0.781404 0.0487926 0.0480684 -0.293665
217 0.317767 0.439586 -0.234682 0.113724 0.0323572 -0.108086 -0.206357 0.147742 0.922281 -0.554105 1.04493 0.131485 0.208363 0.588668 0.516471 -0.75464 -0.125056 -0.242569 -0.385308 0.106324 -0.405325 0.586217 -0.407239 -0.415418 -0.0230757 -0.158703 -0.232781 -0.438974 0.388696 -0.0132948 0.0795519 0.119177
244 -0.0157511 0.307765 0.101956 -0.539912 0.226402 0.766062 0.371402 0.151675 0.348807 -0.380021 1.21416 0.188481 0.433732 0.0944478 0.102719 -0.452415 0.500263 -0.179464 0.0184402 -0.246073 -0.311771 0.652346 0.0321658 -0.0517003 -0.0774254 -0.396839 0.145508 -0.319319 1.33189 -0.167593 0.129033 -0.494184
245 -0.146033 0.317356 0.119817 -0.680723 0.237515 0.798424 0.49066 0.222665 0.510413 -0.430985 1.32168 0.225595 0.550748 0.0495778 0.14322 -0.543866 0.637422 -0.181993 0.0959243 -0.246703 -0.433373 0.722467 0.0706911 -0.0322039 -0.0276337 -0.492137 0.179921 -0.386731 1.59856 -0.194064 0.0940461 -0.611326
243 -0.0457677 0.34984 0.102245 -0.58489 0.272403 0.840532 0.409797 0.106143 0.377117 -0.479786 1.33878 0.207847 0.458589 0.134706 0.0868154 -0.468852 0.576655 -0.18959 0.0204391 -0.273787 -0.334101 0.707756 0.0242341 0.0330849 -0.0778191 -0.466427 0.16271 -0.435758 1.49543 -0.131893 0.120207 -0.57516
246 -0.24671 0.247582 0.0889308 -0.651534 0.123925 0.598855 0.471808 0.278607 0.635729 -0.32458 1.33876 0.198932 0.673636 -0.0681057 0.2571 -0.68719 0.639665 -0.113801 0.151482 -0.231447 -0.523285 0.711278 0.0624642 -0.0833718 0.0692813 -0.558035 0.173549 -0.305451 1.72427 -0.270987 0.115359 -0.721556
247 -0.265986 0.148768 0.0820963 -0.619503 0.0476538 0.458868 0.449079 0.326134 0.64097 -0.242361 1.1226 0.212552 0.632754 -0.133063 0.255933 -0.614535 0.578708 -0.100873 0.2187 -0.198128 -0.474138 0.597259 0.0902588 -0.128468 0.117044 -0.554675 0.164649 -0.241373 1.51657 -0.275674 0.0870133 -0.663346
248 -0.323341 0.0903953 0.0802286 -0.647526 0.018043 0.378916 0.410957 0.340269 0.769045 -0.282047 1.24995 0.192251 0.7729 -0.218384 0.307339 -0.701288 0.645484 -0.0415152 0.281891 -0.230414 -0.592725 0.612721 0.0731585 -0.151232 0.197916 -0.63891 0.134394 -0.256912 1.74078 -0.283468 0.00576544 -0.809904
249 -0.38885 -0.0216959 0.0830818 -0.662652 -0.170201 0.108234 0.336476 0.390065 0.820398 -0.220035 1.33465 0.100141 0.924786 -0.389878 0.500642 -0.870022 0.694809 0.0652682 0.34726 -0.266044 -0.738867 0.568958 0.134617 -0.20606 0.361251 -0.779848 0.0746217 -0.264688 1.7677 -0.316039 -0.0993422 -0.860525
251 -0.268726 -0.106313 0.0864479 -0.611559 -0.267823 0.0540606 0.25059 0.366357 0.782821 -0.287101 1.39766 0.0564912 0.944955 -0.536238 0.567139 -0.831761 0.62751 0.0810136 0.425598 -0.240197 -0.789342 0.455312 0.190704 -0.328752 0.416147 -0.821005 -0.0193752 -0.222152 1.55823 -0.318965 -0.150089 -0.809631
252 -0.116246 -0.165327 0.214811 -0.590398 -0.352559 0.0808613 0.177536 0.312662 0.612264 -0.282066 1.42522 -0.00976888 0.837695 -0.596348 0.638111 -0.818892 0.431417 -0.00974996 0.447194 -0.14747 -0.79712 0.398666 0.257393 -0.33656 0.440083 -0.7805 -0.134683 -0.207757 1.20611 -0.357954 -0.156156 -0.752234
59 -0.41892 -0.351594 0.144572 0.221075 0.616768 -0.0134342 0.002951 -0.265765 -0.141624 -0.377917 0.589573 -0.104947 0.437605 0.435504 0.168202 -1.50693 -0.750233 -0.130403 -0.125097 0.331136 -0.0893217 -0.123925 -0.320679 -0.579858 0.346291 -0.553515 -0.72017 -0.363409 0.751395 -0.015642 0.932136 -1.30463
57 -0.432838 -0.268941 0.161217 0.163854 0.59579 0.109598 -0.0276997 -0.299786 -0.183335 -0.375619 0.602712 -0.061684 0.524119 0.392554 0.176948 -1.41378 -0.760684 -0.103296 -0.171117 0.286851 -0.0612536 -0.163633 -0.351898 -0.552414 0.34834 -0.592891 -0.67866 -0.372495 0.846365 0.0504269 0.957219 -1.40065
58 -0.384093 -0.286698 0.153031 0.16445 0.552702 0.0278369 0.0272055 -0.280346 -0.109902 -0.365129 0.492069 -0.0659569 0.430872 0.355659 0.20909 -1.32516 -0.663746 -0.0983002 -0.14056 0.239936 -0.0629342 -0.107657 -0.338101 -0.506383 0.305993 -0.50296 -0.619999 -0.320564 0.703984 0.0130716 0.844755 -1.21105
60 -0.270317 -0.361948 0.0283637 0.244933 0.61149 -0.172874 -0.0573394 -0.236908 -0.101435 -0.268285 0.804436 -0.164493 0.326874 0.724464 -0.0713271 -1.59621 -0.784504 -0.24329 -0.143779 0.363947 -0.106055 -0.0270015 -0.163808 -0.675248 0.322437 -0.409072 -0.805175 -0.323664 0.628686 -0.248909 0.819199 -1.11687
235 0.113942 0.296276 0.0532697 -0.0537291 0.464136 0.500183 -0.24807 -0.645628 0.234182 -0.517167 1.2232 0.0838497 0.0209821 0.467215 0.306225 -0.411077 -0.128735 0.244334 -0.0124679 0.452249 -0.13832 0.267622 0.131209 0.173333 -0.262436 -0.111709 -0.33198 -0.287506 1.06285 0.00564062 0.204796 -0.561232
231 -0.175909 0.279003 0.150023 -0.25352 0.579886 0.0787031 -0.263288 -0.774014 0.511652 -0.240288 1.36193 -0.0768832 -0.00604715 0.544233 0.81737 -0.719046 -0.250972 0.600034 0.0934458 1.18922 -0.527933 0.379164 0.271791 -0.0784547 -0.624382 -0.204466 -0.590818 -0.227115 1.50637 0.18654 0.355467 -0.537288
230 -0.258449 0.250535 0.209389 -0.308931 0.571492 -0.0346773 -0.158984 -0.686522 0.55262 -0.0786933 1.33892 -0.244717 0.00624799 0.564648 0.892358 -0.691636 -0.209256 0.723422 0.11772 1.2697 -0.640455 0.386054 0.280285 -0.176276 -0.665014 -0.124597 -0.564375 -0.220248 1.31061 0.285548 0.333919 -0.40804
9 0.747841 -0.101947 0.349837 0.57733 0.29119 0.0711216 0.270599 -0.0222543 0.112619 0.666368 1.09959 -0.147626 0.971551 -0.576797 0.0369619 -0.488608 -0.578779 -0.0593118 -0.524959 0.346771 0.3489 0.355456 -0.0052786 -0.26262 -0.067362 -1.11753 0.0867366 -0.342733 0.665224 -0.138235 1.04218 -0.894763
8 0.796475 -0.108804 0.227398 0.467364 0.345095 0.136343 0.0386143 -0.0657617 0.0508069 0.561079 0.974768 -0.0760396 1.04685 -0.673158 -0.118996 -0.638818 -0.480441 -0.116107 -0.620073 0.231208 0.337147 0.186989 -0.0148593 -0.198184 -0.32365 -1.03414 0.00740096 -0.348373 0.70806 -0.279147 1.03612 -1.06231
11 0.701031 -0.0688052 0.419719 0.624272 0.235351 0.0495105 0.424025 -0.0327454 0.115422 0.641737 1.15087 -0.237156 0.884549 -0.522074 0.0754563 -0.401751 -0.64691 -0.0269048 -0.479717 0.454386 0.32364 0.511527 -0.0331466 -0.292881 0.0842864 -1.13154 0.155742 -0.298384 0.646485 -0.0746821 0.988107 -0.718549
10 0.614745 -0.096824 0.311505 0.512578 0.234928 0.0605746 0.266954 0.0141063 0.133936 0.544393 0.955945 -0.12905 0.813919 -0.484527 0.0412355 -0.359397 -0.502585 -0.0485492 -0.416253 0.340938 0.281537 0.368267 -0.0448943 -0.25909 0.0281932 -0.996592 0.0567126 -0.263538 0.623234 -0.0909443 0.870949 -0.748587
26 -0.0960637 0.215567 0.301068 0.850347 0.335341 -0.0483755 0.0756997 -0.00942268 0.128607 -0.0268675 1.39886 0.147336 0.555316 0.0291654 0.328979 -0.480003 0.0238949 -0.332445 -0.0383232 0.298015 -0.164902 1.2323 0.119106 -0.184654 0.450564 -0.306998 -0.205598 -0.278695 0.823571 0.0480365 0.273134 -0.687811
25 0.124332 0.192467 0.138692 0.498133 0.170864 0.125114 0.0690742 -0.0633329 0.0953356 -0.0537264 1.40305 -0.000336239 0.577877 0.0947345 0.387419 -0.749413 -0.113352 -0.274449 -0.135012 0.219899 -0.334312 0.918084 0.0690517 -0.133756 0.180331 -0.329079 -0.178435 -0.330582 0.785396 -0.00241646 0.359407 -0.6326
27 -0.206573 0.229406 0.41195 1.06536 0.516102 -0.120712 0.0164206 0.0740227 0.14291 -0.0963128 1.37562 0.23626 0.622786 0.0178432 0.269569 -0.472304 0.0455982 -0.490522 0.00511273 0.367259 -0.211852 1.40484 0.269479 -0.197007 0.488131 -0.323159 -0.281113 -0.385432 1.03162 0.0436494 0.236511 -0.875945
29 -0.228211 0.181274 0.445865 1.13489 0.524568 -0.133926 -0.00144769 0.020043 0.150924 -0.0846432 1.31341 0.256774 0.705213 -0.0376302 0.287063 -0.421985 0.0397879 -0.546724 0.0448295 0.337167 -0.219434 1.45861 0.352908 -0.176138 0.514179 -0.314976 -0.329041 -0.384382 1.09974 0.067585 0.234985 -0.903675
28 -0.218874 0.204681 0.404107 0.986022 0.432575 -0.111366 0.0518692 0.0262122 0.126359 -0.0636764 1.16892 0.20523 0.573142 -0.00895049 0.235747 -0.363 0.0770483 -0.43956 0.0175128 0.289176 -0.177137 1.28587 0.256985 -0.154916 0.464542 -0.293746 -0.277052 -0.32667 0.918213 0.0585309 0.218077 -0.7661
12 0.646036 0.11358 0.467028 0.567034 0.0730534 0.0263214 0.722117 -0.110971 0.213146 0.608505 1.41297 -0.305744 0.78523 -0.464219 0.196027 -0.380269 -0.681931 0.064788 -0.524177 0.529817 0.218055 0.770748 -0.130092 -0.392492 0.296876 -1.05386 0.344884 -0.222767 0.534614 -0.0111931 0.96451 -0.394727
13 0.532563 0.152302 0.462357 0.474675 -0.00326838 0.0214967 0.751031 -0.122636 0.193914 0.490938 1.28397 -0.354194 0.696034 -0.380637 0.197557 -0.381262 -0.636502 0.0443559 -0.48452 0.531054 0.0930065 0.759492 -0.16086 -0.431662 0.313689 -0.952779 0.358808 -0.168137 0.475251 0.0110135 0.802806 -0.221004
14 0.560717 0.180655 0.429016 0.479738 -0.00578378 0.050443 0.798018 -0.16519 0.213332 0.514344 1.58693 -0.399313 0.660438 -0.378263 0.2949 -0.358798 -0.640697 0.0466686 -0.460852 0.511812 0.172725 0.905962 -0.230752 -0.433482 0.395578 -0.894882 0.424315 -0.171882 0.48495 0.0334869 0.878304 -0.219622
196 -0.000700314 0.439271 -0.306256 -0.0167263 -0.712855 -0.305183 0.44163 0.126414 -0.00487077 -0.491389 0.973188 0.222616 0.633815 -0.0857967 0.838858 -0.695893 -0.173769 -0.186318 -0.377146 0.131898 -0.268007 0.597486 -0.376401 0.34767 -0.178143 0.0647281 -0.870456 -0.106684 0.397127 0.114188 0.713725 -0.563304
195 -0.0900638 0.468399 -0.245215 -0.104095 -0.883923 -0.546457 0.350997 0.196538 -0.0914375 -0.461537 1.01092 0.257118 0.818328 -0.0821642 0.972534 -0.805857 -0.144161 -0.146161 -0.42012 0.141438 -0.0550132 0.653768 -0.353021 0.330796 -0.117213 -0.0945598 -0.988542 -0.2124 0.507163 0.0707636 0.720803 -0.615873
197 -0.0227656 0.50051 -0.453519 -0.0249496 -0.815195 -0.291653 0.571769 0.120554 0.0646439 -0.625209 1.23167 0.346501 0.70146 -0.102674 0.972877 -0.779191 -0.147841 -0.140405 -0.409513 0.130506 -0.299428 0.706334 -0.424954 0.489295 -0.171312 0.134077 -1.03237 -0.110306 0.376585 0.182054 0.789643 -0.59539
24 0.0934495 0.238184 0.141547 0.567344 0.140964 0.0554827 0.176617 -0.121807 0.114207 0.0344753 1.57295 0.00909673 0.452896 0.0144945 0.399804 -0.605244 -0.0418957 -0.216646 -0.136903 0.252699 -0.130099 1.05941 -0.0767749 -0.145257 0.347834 -0.286732 -0.0714124 -0.18643 0.690666 0.0191322 0.385795 -0.522407
23 0.19117 0.245596 -0.0093449 0.278457 -0.0985864 0.0875192 0.4181 -0.226111 0.137535 0.280937 1.9389 -0.154852 0.169586 -0.0393986 0.524782 -0.710105 -0.0130309 -0.0401426 -0.293522 0.280707 0.119617 0.998535 -0.573385 -0.166617 0.417459 -0.208146 0.218066 0.0389182 0.335205 0.0171765 0.530488 -0.15362
181 0.348991 0.654104 -0.372697 -0.0114591 0.112526 0.488134 -0.0422476 -0.485191 0.150524 -0.70253 0.830114 -0.229985 1.28146 0.347289 -0.177102 -1.31133 0.38324 0.092162 -0.246081 -0.0811232 -1.29011 0.423134 -0.650415 -0.300822 0.68167 -0.21527 -0.318176 0.359248 0.15098 -0.113119 0.227274 -0.60279
182 0.337361 0.685116 -0.386083 -0.0219304 0.085366 0.447739 -0.0522036 -0.466528 0.143976 -0.712141 0.96075 -0.204645 1.31035 0.383219 -0.169616 -1.28411 0.356535 0.123039 -0.279544 -0.0759698 -1.20414 0.500247 -0.62685 -0.356261 0.697808 -0.294922 -0.340137 0.39397 0.217302 -0.125112 0.242279 -0.603653
151 0.105568 -0.668889 -0.0986792 -0.26788 0.29137 0.0465601 -0.0982052 -0.22243 -0.225446 0.383709 0.275214 -0.479309 0.698098 0.198336 0.297977 -1.2207 -0.0490644 0.101316 -0.501518 -0.289332 -0.732288 1.07701 0.000675003 -0.455313 -0.275784 -0.490417 0.385596 -0.191216 0.867707 -0.562457 0.830074 -0.305784
150 0.197185 -0.6118 -0.0254185 -0.329251 0.179104 0.122491 -0.0542225 -0.24771 -0.255734 0.364471 0.347589 -0.478972 0.761908 0.344352 0.315152 -1.37443 -0.0877904 0.0165717 -0.459753 -0.43099 -0.742813 1.06821 0.0548266 -0.347696 -0.129457 -0.44797 0.387707 -0.205001 0.8485 -0.600989 0.732027 -0.328313
152 0.15512 -0.722712 -0.113038 -0.312713 0.345102 0.0875485 -0.0936274 -0.225635 -0.287096 0.422336 0.349552 -0.537692 0.748347 0.230407 0.319202 -1.4268 -0.0279345 0.136774 -0.576645 -0.317803 -0.834789 1.21717 -0.0205276 -0.504912 -0.256672 -0.52916 0.455817 -0.166827 0.913228 -0.576623 0.861991 -0.313984
176 0.528806 0.286972 0.340592 -0.0813638 -0.0487359 0.566443 -0.0295453 -0.315122 0.401789 0.223221 0.778666 -0.141542 1.37619 -0.18939 0.0925177 -1.59557 0.216095 -0.336466 0.0809764 0.279064 -1.34141 0.156161 -0.752508 0.325636 0.58005 -0.562746 -0.432592 0.0314754 0.271817 0.680993 0.22105 -0.236597
174 0.532992 0.24263 0.56428 -0.0939775 -0.132975 0.597697 -0.0589456 -0.107763 0.301955 0.386258 0.819885 -0.151575 1.25867 -0.195164 0.351782 -1.56383 0.0305081 -0.416831 0.116796 0.364855 -1.14443 0.129653 -0.791706 0.47467 0.399898 -0.511718 -0.328668 -0.132099 0.372898 0.776196 0.228769 -0.0763563
175 0.475862 0.175292 0.369645 -0.0890318 -0.0992405 0.490849 0.00585066 -0.189687 0.292255 0.302144 0.7601 -0.142506 1.19389 -0.172666 0.25046 -1.44224 0.0759482 -0.347267 0.0491045 0.289594 -1.11132 0.15985 -0.659084 0.410602 0.403131 -0.501738 -0.36614 -0.0807909 0.343153 0.635721 0.233853 -0.188348
177 0.514803 0.391161 0.104656 -0.064867 0.0452327 0.545011 -0.0263817 -0.423034 0.376565 -0.0387284 0.834312 -0.160631 1.40335 -0.0622698 -0.0172395 -1.6058 0.332159 -0.162735 -0.0290711 0.239449 -1.45833 0.221225 -0.746874 0.170485 0.643207 -0.523566 -0.473058 0.174973 0.235542 0.519779 0.199874 -0.296894
178 0.445176 0.406149 0.0201625 -0.0288722 0.093661 0.47361 -0.0208466 -0.378643 0.315919 -0.156683 0.719739 -0.146216 1.21562 0.031592 -0.0837697 -1.35297 0.288487 -0.123217 -0.0401965 0.144704 -1.24602 0.227409 -0.611578 0.0821789 0.557886 -0.408119 -0.382504 0.190717 0.146346 0.329254 0.149518 -0.316411
1 0.184042 -0.0671846 -0.276815 -0.371677 -0.0751057 0.12801 0.0172964 0.0455626 0.238256 0.300094 1.16966 -0.350419 0.575065 -0.507658 0.208337 -1.42486 -0.272716 -0.581586 -0.554293 0.398849 0.100119 -0.133088 0.0592331 -0.0629093 -0.526467 0.0165764 -0.0675198 -0.288295 0.161044 -0.743311 0.867148 -0.503905
6 0.719651 -0.142054 -0.0326851 0.317779 0.410092 0.113149 -0.227411 -0.0701716 -0.0434559 0.419707 0.877926 -0.0702079 1.08702 -0.68218 -0.129923 -0.938517 -0.366095 -0.2849 -0.646759 0.117519 0.2819 0.0211679 0.0463891 -0.114569 -0.594666 -0.741007 -0.0645976 -0.400339 0.646091 -0.450167 1.09857 -1.21602
7 0.705294 -0.110746 0.0226702 0.331205 0.399044 0.151582 -0.167016 -0.063947 -0.014749 0.413651 0.856919 -0.0523485 1.01403 -0.640308 -0.143335 -0.819554 -0.36403 -0.201346 -0.636085 0.112467 0.262117 0.0583079 0.00938421 -0.139392 -0.534334 -0.826065 -0.00115548 -0.37677 0.649142 -0.409038 1.01838 -1.12272
167 0.394007 0.396414 0.240071 0.36597 0.143398 0.642849 -0.337633 0.0770524 -0.636753 0.0120912 1.40354 -0.742856 0.718955 0.107021 0.632916 -1.23473 -0.0118502 0.115337 -0.380534 0.592164 -0.365946 0.387823 -0.469845 0.100705 0.0340894 0.0431727 0.34788 -0.61928 0.30175 0.363831 -0.120855 0.481491
166 0.32033 0.358901 0.116977 0.38584 0.188574 0.555147 -0.374805 0.00171676 -0.634967 -0.0682691 1.47079 -0.767968 0.70649 0.107906 0.560519 -1.20423 0.0217458 0.184914 -0.411592 0.594993 -0.345108 0.470267 -0.398382 0.00589701 0.0135968 0.0443538 0.323579 -0.592881 0.31264 0.224303 -0.137825 0.410436
165 0.365201 0.311143 0.102666 0.428875 0.20909 0.539374 -0.482179 0.0234327 -0.657152 -0.122375 1.62138 -0.792197 0.710671 0.11452 0.586963 -1.32789 0.0547071 0.253362 -0.506378 0.670602 -0.377357 0.521854 -0.37134 -0.0464232 -0.0329019 0.0232341 0.329142 -0.560854 0.384996 0.20593 -0.127213 0.372012
255 0.215495 -0.271509 0.409547 -0.600525 -0.463258 0.26531 0.0829214 0.232588 0.282597 -0.455843 1.66662 -0.0124514 0.774855 -0.79052 0.704021 -0.816234 0.0977694 -0.201251 0.596263 0.0348655 -0.830305 0.283162 0.53638 -0.573269 0.414074 -0.749506 -0.350909 -0.120086 0.479312 -0.438069 -0.136818 -0.636748
254 0.0852032 -0.178706 0.301563 -0.627295 -0.393087 0.179439 0.120696 0.300487 0.469833 -0.378607 1.55813 -0.0457292 0.818744 -0.728603 0.654825 -0.788689 0.28992 -0.0840111 0.502952 -0.0571639 -0.814163 0.361081 0.405998 -0.485407 0.378151 -0.761729 -0.203063 -0.153816 0.876082 -0.434822 -0.152876 -0.698213
253 -0.0174129 -0.1399 0.169113 -0.534441 -0.351509 0.112192 0.160535 0.263262 0.512364 -0.288986 1.30987 -0.0217951 0.746003 -0.54269 0.61476 -0.704584 0.33066 -0.0582673 0.401186 -0.117674 -0.734085 0.35078 0.2565 -0.328822 0.35478 -0.679747 -0.137631 -0.171325 0.956865 -0.34621 -0.117882 -0.623803
256 0.226979 -0.20634 0.383702 -0.520946 -0.369531 0.252086 0.0275659 0.152495 0.131163 -0.364411 1.44016 -0.0189608 0.649861 -0.625367 0.522473 -0.700979 0.0145071 -0.205924 0.439948 0.0692109 -0.644502 0.30335 0.441598 -0.550813 0.299704 -0.595246 -0.322395 -0.103407 0.316958 -0.349762 -0.0350658 -0.549814
51 0.327708 0.00805084 0.037602 0.0460586 0.249777 0.576439 -0.121437 -0.244125 -0.0465851 -0.299767 1.3005 -0.00958366 0.579045 0.278013 0.309063 -1.10667 -0.524325 0.0377364 0.0652108 0.194968 -0.342997 0.390092 -0.193564 -0.044364 0.095708 -0.268368 -0.069984 -0.053729 0.899005 -0.136936 0.504209 -0.679482
139 0.423006 0.202154 0.182572 -0.12034 -0.347597 0.298345 0.00715302 -0.262046 -0.406459 0.214099 1.02999 -0.157815 0.54134 0.518765 0.419561 -1.17707 -0.21355 -0.341325 -0.145558 -0.100803 -0.434101 0.406077 0.440858 0.255165 0.120438 -0.157667 0.0168361 -0.452473 0.362195 -0.194642 0.285217 -0.397761
140 0.665793 0.0960739 0.150583 -0.264535 -0.498245 0.438837 -0.0248338 -0.201781 -0.56341 0.308422 1.00305 -0.159119 0.681774 0.704025 0.35294 -1.49757 -0.309973 -0.717002 -0.161356 -0.304885 -0.360713 0.426816 0.413586 0.490938 0.238429 -0.193795 0.113932 -0.498067 0.380905 -0.378248 0.167367 -0.358241
138 0.476078 0.375649 0.338106 -0.148266 -0.483517 0.25525 -0.0430534 -0.38915 -0.606895 0.286239 1.12576 -0.197798 0.481971 0.665188 0.50224 -1.22852 -0.18984 -0.274904 -0.148487 -0.0662828 -0.4788 0.386536 0.749826 0.322073 0.140706 -0.0681492 0.0701795 -0.574473 0.215154 -0.183785 0.353977 -0.479951
141 0.751201 -0.019297 0.132529 -0.331745 -0.504261 0.489902 -0.033723 -0.0760934 -0.541322 0.348037 1.04969 -0.193091 0.861106 0.767523 0.320082 -1.7366 -0.354771 -0.903981 -0.179079 -0.412471 -0.350739 0.505659 0.314261 0.573417 0.284458 -0.311193 0.151163 -0.475167 0.435636 -0.476406 0.118518 -0.367584
143 0.71192 -0.0885741 0.108713 -0.386455 -0.511014 0.47326 -0.0142143 -0.0770276 -0.530211 0.341537 0.90169 -0.224939 0.922393 0.775 0.321554 -1.74023 -0.369125 -0.907251 -0.166758 -0.497041 -0.384209 0.496948 0.2432 0.609206 0.294312 -0.298545 0.182101 -0.460202 0.48301 -0.526355 0.0874536 -0.31389
142 0.659598 -0.023043 0.138477 -0.348778 -0.481841 0.431813 -0.0215235 -0.0817508 -0.506994 0.31215 0.910322 -0.178017 0.789349 0.71243 0.291402 -1.56072 -0.294615 -0.861145 -0.151225 -0.408829 -0.275244 0.451435 0.27051 0.531279 0.283559 -0.288409 0.114261 -0.415379 0.387818 -0.443369 0.0861564 -0.322705
194 -0.187882 0.505805 -0.133428 -0.217651 -1.04772 -0.844963 0.181826 0.277873 -0.254145 -0.358954 0.938749 0.171884 1.04044 0.0330864 1.06357 -0.880997 -0.183903 -0.129764 -0.502882 0.144164 0.176026 0.668738 -0.235467 0.231361 -0.109569 -0.340375 -0.993385 -0.387091 0.719034 -0.0500029 0.677103 -0.699718
101 -0.556727 -0.313053 -0.338703 0.28858 0.247932 0.0526306 0.57836 -0.102131 -0.398062 -0.191566 0.585004 -0.135002 0.731862 0.771946 0.446091 -0.732301 0.0861618 -0.439171 -0.137523 -0.277934 -0.72562 0.670229 -0.131098 0.412367 0.0170898 -0.156752 -0.223119 -0.915592 0.778466 0.17514 0.844129 -0.306762
99 -0.427501 -0.176346 -0.196467 0.335284 0.208476 -0.0860728 0.408247 -0.0085913 -0.348593 -0.357411 0.671184 -0.162053 0.785021 0.927632 0.487247 -0.565171 -0.0827833 -0.65625 -0.353313 -0.280357 -0.996896 0.568006 -0.202301 0.448575 -0.115643 -0.313632 -0.04072 -0.96618 0.869264 0.102986 1.08317 -0.504339
100 -0.42061 -0.193512 -0.26546 0.248831 0.203372 0.0510032 0.457736 -0.068545 -0.289757 -0.224989 0.592497 -0.113516 0.663791 0.681703 0.418856 -0.596757 0.0395112 -0.430164 -0.153185 -0.251013 -0.681885 0.566403 -0.146924 0.343487 -0.0330988 -0.203755 -0.133559 -0.792037 0.743128 0.145452 0.809138 -0.305326
102 -0.624232 -0.396482 -0.477731 0.204021 0.283407 0.286491 0.782366 -0.176757 -0.354779 0.0745408 0.85672 -0.20964 0.689504 0.51386 0.482446 -1.17815 0.220669 -0.180612 0.0949253 -0.221151 -0.456267 0.824162 -0.080628 0.267717 0.158084 0.00230838 -0.455736 -0.831907 0.818336 0.256509 0.646107 -0.194154
103 -0.650026 -0.4378 -0.538854 0.121177 0.302815 0.286351 0.786308 -0.182117 -0.343557 0.113368 0.811213 -0.198109 0.637003 0.425296 0.517385 -1.20781 0.274814 -0.0672052 0.134349 -0.211724 -0.344862 0.825333 -0.0369285 0.231834 0.172503 0.0198028 -0.521674 -0.792229 0.774813 0.276524 0.574531 -0.163139
104 -0.606618 -0.44807 -0.562088 0.153353 0.289969 0.444241 0.844419 -0.240996 -0.325525 0.231484 0.93772 -0.235986 0.658027 0.376739 0.504389 -1.34092 0.331632 -0.0795042 0.174533 -0.303255 -0.346495 0.819249 -0.0181703 0.184225 0.163385 0.0658326 -0.590181 -0.706794 0.854316 0.34774 0.561699 -0.153578
105 -0.476619 -0.374219 -0.585375 0.190993 0.183049 0.513212 0.831055 -0.211341 -0.183034 0.344603 0.96297 -0.282493 0.593199 0.217179 0.514609 -1.24094 0.315541 -0.0326251 0.175257 -0.38385 -0.326102 0.62682 0.0546109 0.0428919 0.123921 0.040552 -0.62478 -0.475202 0.906038 0.462697 0.603826 -0.177573
110 0.171595 -0.057934 -0.469517 0.165506 -0.127468 0.838493 0.646194 -0.250878 0.366694 0.681297 1.29891 -0.428069 0.447633 -0.20053 0.441194 -1.15175 0.236592 -0.0239755 0.129716 -0.607518 -0.34507 0.0823388 0.118383 -0.364654 -0.0951955 -0.141314 -0.81283 0.26986 1.0913 0.784894 0.506899 -0.462416
111 0.28878 0.0139158 -0.364458 0.268615 -0.284184 0.779129 0.451234 -0.313583 0.391162 0.587475 1.29985 -0.19571 0.395632 -0.0587805 0.380884 -1.02422 0.121829 -0.21281 -0.0348716 -0.496339 -0.313682 -0.00052174 0.000160471 -0.390929 -0.0588716 -0.315901 -0.665059 0.280013 1.18628 0.687487 0.296928 -0.481972
113 0.423604 0.0471659 -0.291398 0.382397 -0.472989 0.74329 0.305417 -0.390958 0.405965 0.616144 1.27976 0.0673546 0.255151 0.111976 0.236349 -0.853794 0.0295707 -0.449674 -0.160345 -0.42801 -0.323793 -0.182747 -0.133218 -0.452716 -0.00429474 -0.465334 -0.579291 0.290677 1.25532 0.631152 0.118216 -0.466507
112 0.407343 0.0800642 -0.271066 0.277371 -0.371116 0.691923 0.300838 -0.293164 0.388222 0.487209 1.1714 0.00674298 0.298852 0.0133496 0.236146 -0.76653 0.0617306 -0.322871 -0.0899897 -0.380485 -0.303082 -0.104351 -0.0976929 -0.356012 -0.0090434 -0.384808 -0.493195 0.275246 1.04995 0.550645 0.169331 -0.417944
114 0.472676 0.115712 -0.282589 0.57884 -0.721869 0.697541 0.213597 -0.528796 0.307817 0.573003 1.51334 0.293123 0.262535 0.434468 0.197016 -0.926093 -0.0880862 -0.722164 -0.338147 -0.373495 -0.354906 -0.109062 -0.218764 -0.596654 0.00452446 -0.653287 -0.592363 0.170436 1.50228 0.512272 0.0258999 -0.552155
115 0.434518 0.0776798 -0.236922 0.524579 -0.682075 0.624869 0.199518 -0.478933 0.281678 0.511701 1.35891 0.314283 0.226458 0.384309 0.150019 -0.852946 -0.0521453 -0.714137 -0.322447 -0.330715 -0.352406 -0.132295 -0.205524 -0.556574 0.0326854 -0.647095 -0.58253 0.125247 1.41473 0.463527 -0.0156819 -0.495657
92 0.220269 0.46522 0.317618 0.415602 -0.235419 0.351366 -0.469556 -0.244903 0.152936 -0.227895 1.21502 0.135447 0.3216 0.52973 0.536679 -0.0765603 -0.224069 -0.887428 -0.805639 -0.0562581 -0.997288 -0.273861 -0.0118886 -0.114392 -0.275382 -0.321659 0.241448 -0.529084 0.723585 -0.235825 1.26098 -0.852554
90 0.241612 0.542304 0.338129 0.348839 -0.279084 0.439317 -0.512219 -0.296729 0.173837 -0.154223 1.32706 0.17659 0.317561 0.469437 0.638532 -0.0526243 -0.333934 -0.845656 -0.896512 -0.0127847 -1.05879 -0.320793 0.0504812 -0.222348 -0.281262 -0.366157 0.249707 -0.52618 0.699979 -0.2752 1.26169 -0.946919
91 0.185199 0.482729 0.327624 0.27978 -0.25912 0.370021 -0.495259 -0.279632 0.142039 -0.170439 1.13955 0.14955 0.270537 0.452266 0.558394 -0.0607379 -0.282137 -0.768152 -0.780495 -0.00567024 -0.926079 -0.276651 0.0454344 -0.184263 -0.264775 -0.295269 0.236689 -0.476401 0.615692 -0.241154 1.12042 -0.838289
93 0.128218 0.332982 0.256629 0.497613 -0.131696 0.190176 -0.280124 -0.138681 0.0829585 -0.308632 1.023 0.0699512 0.404205 0.642133 0.476167 -0.0358352 -0.199559 -0.859322 -0.738065 -0.156611 -0.997494 -0.133922 -0.0650611 0.0960641 -0.312172 -0.357393 0.231218 -0.588675 0.747373 -0.167974 1.31141 -0.708688
95 0.0859173 0.315956 0.189492 0.526506 -0.0576142 0.116857 -0.207672 -0.112369 0.049689 -0.386312 0.92545 0.0314997 0.443369 0.725212 0.479644 -0.0221604 -0.17091 -0.867713 -0.725305 -0.207963 -1.03486 -0.0536739 -0.152508 0.186424 -0.324735 -0.362706 0.208528 -0.626701 0.768608 -0.124816 1.32711 -0.688154
94 0.0931024 0.274064 0.149103 0.453831 -0.0607093 0.092096 -0.168911 -0.115319 0.0298958 -0.328374 0.793581 0.00252067 0.40121 0.63081 0.372914 -0.0457355 -0.173096 -0.721415 -0.618136 -0.172275 -0.887966 -0.0303068 -0.124438 0.169736 -0.274106 -0.31185 0.170687 -0.562131 0.630449 -0.0721388 1.1335 -0.55855
125 0.184619 0.319608 -0.00303082 0.692043 -0.984588 0.0684791 0.558269 -0.0729336 -0.444949 0.0909928 0.987357 -0.465772 -0.114157 0.719104 0.0423058 -0.75011 -0.403617 -0.368933 -0.096689 0.786512 -1.20057 0.153258 0.250053 -0.703796 -0.309153 -0.2019 -0.659522 -0.667469 0.481279 -0.17482 0.65234 -0.422268
124 0.220916 0.229038 -0.117435 0.602012 -0.821114 0.139575 0.406438 -0.0488295 -0.367169 0.118196 0.939901 -0.344542 -0.0459628 0.63843 0.0136508 -0.62545 -0.364012 -0.426777 -0.0980071 0.690031 -0.991964 0.113118 0.152419 -0.618609 -0.268824 -0.129533 -0.550852 -0.52803 0.43756 -0.20734 0.49717 -0.385022
282 0.687494 0.0244794 -0.270444 0.517965 0.000557494 0.715055 0.356652 0.417171 -0.279102 -0.36418 1.20354 0.109969 -0.0842571 0.0874696 0.728906 -0.837502 -0.533288 0.132867 -0.380434 0.314022 -0.530225 0.307324 -0.201458 0.3345 0.00898296 -0.499615 0.330958 -0.819312 0.706313 -0.325865 0.263848 -0.46794
284 0.616997 -0.109171 -0.337276 0.530164 -0.0261814 0.640268 0.356726 0.247395 -0.361144 -0.350651 1.01725 -0.0655716 -0.0328398 0.113883 0.832569 -0.790301 -0.626709 0.0833009 -0.369738 0.43967 -0.453841 0.475055 -0.102173 0.257965 -0.145634 -0.647858 0.260273 -0.788004 0.67488 -0.123971 0.273174 -0.253996
281 0.695385 0.119996 -0.254658 0.556931 -0.0174797 0.816094 0.376109 0.579479 -0.277782 -0.352621 1.32705 0.226877 -0.167255 0.0424948 0.728683 -0.948118 -0.50768 0.157822 -0.384638 0.309491 -0.672087 0.202859 -0.30612 0.415865 0.0642024 -0.45179 0.411677 -0.922181 0.827543 -0.547972 0.303811 -0.683168
279 0.701401 0.0354792 -0.330356 0.550221 -0.0149804 0.760914 0.328166 0.731944 -0.285768 -0.306431 1.22206 0.17087 -0.258593 0.0174993 0.762654 -0.888776 -0.470818 0.156451 -0.219152 0.397085 -0.621877 0.159691 -0.247578 0.315363 0.0611868 -0.495246 0.398114 -0.892847 0.839275 -0.516053 0.360166 -0.672754
280 0.71961 0.0497593 -0.260673 0.549044 -0.0181295 0.786962 0.390832 0.66482 -0.303 -0.364806 1.18981 0.251278 -0.253094 0.0171315 0.738714 -0.86598 -0.49664 0.183527 -0.373668 0.326051 -0.63724 0.153646 -0.288359 0.441697 0.0635029 -0.455136 0.436488 -0.92707 0.763325 -0.515977 0.272806 -0.612879
144 0.667571 -0.126183 0.162993 -0.414881 -0.490995 0.402479 0.0108041 -0.0899344 -0.480615 0.343507 0.825384 -0.336197 0.939698 0.76987 0.364851 -1.76879 -0.326441 -0.836459 -0.235366 -0.611676 -0.425502 0.589379 0.250409 0.506621 0.283341 -0.341151 0.203732 -0.483078 0.469096 -0.60886 0.164155 -0.307436
146 0.586497 -0.285617 0.183844 -0.466259 -0.44614 0.325643 0.0831281 -0.16321 -0.430933 0.372433 0.664465 -0.405238 0.998485 0.774153 0.383226 -1.75774 -0.302749 -0.733085 -0.322232 -0.760389 -0.518834 0.760877 0.226541 0.381403 0.260695 -0.340774 0.256953 -0.488927 0.538191 -0.6979 0.235635 -0.245153
145 0.556771 -0.153057 0.140605 -0.400943 -0.423144 0.30919 0.048263 -0.0889255 -0.39905 0.276285 0.688887 -0.336392 0.891638 0.711802 0.356059 -1.60596 -0.28408 -0.692181 -0.24603 -0.571587 -0.447067 0.572565 0.154759 0.42463 0.271696 -0.311308 0.173785 -0.429351 0.437923 -0.541433 0.141563 -0.236267
220 -0.198567 0.505987 -0.0201643 -0.115916 0.0651623 -0.330818 -0.0949509 -0.0312672 0.84166 -0.62898 1.16749 0.291033 0.0942537 0.697867 0.661797 -1.06602 0.3185 -0.315348 -0.332272 0.39542 -0.567334 0.816791 -0.501906 -0.599497 -0.1708 -0.322477 -0.257553 -0.90373 0.305137 -0.00732406 0.229294 0.259807
226 -0.359518 0.330903 0.251025 -0.327628 0.427805 -0.061859 0.0407493 -0.424796 0.541957 -0.258032 1.30255 -0.0971551 -0.0140752 0.763232 0.870217 -0.537933 0.0677502 0.561153 0.00880422 0.959141 -0.475241 0.385753 0.106005 -0.237462 -0.482527 -0.0800835 -0.407848 -0.432537 0.641502 0.223039 0.291642 -0.134481
180 0.352169 0.705014 -0.346204 0.0147315 0.133323 0.503715 -0.0305885 -0.487148 0.209916 -0.737127 0.860682 -0.234845 1.34385 0.343397 -0.226358 -1.3705 0.419403 0.0548111 -0.205131 -0.0421836 -1.40159 0.436558 -0.658705 -0.311928 0.713208 -0.240964 -0.380362 0.378969 0.14204 -0.0581965 0.187383 -0.543163
149 0.331843 -0.475973 0.0760562 -0.363478 0.00218137 0.201761 0.0328514 -0.277062 -0.237952 0.349409 0.459639 -0.497787 0.817221 0.460607 0.315503 -1.39192 -0.115994 -0.211341 -0.45829 -0.629332 -0.621253 0.953201 0.106237 -0.0870346 0.00970086 -0.345558 0.373034 -0.327745 0.624329 -0.643852 0.525325 -0.214988
148 0.423479 -0.302877 0.134105 -0.348683 -0.134106 0.277785 0.100932 -0.273106 -0.206477 0.260279 0.624212 -0.419204 0.833413 0.551694 0.321581 -1.3988 -0.167384 -0.324389 -0.365814 -0.677377 -0.569361 0.800111 0.123653 0.139454 0.110175 -0.262132 0.279583 -0.413755 0.542033 -0.610442 0.371699 -0.196596
147 0.54527 -0.304094 0.166819 -0.467215 -0.262656 0.32418 0.0608047 -0.23156 -0.312151 0.305779 0.707099 -0.449812 0.901651 0.672677 0.342527 -1.6551 -0.202946 -0.511194 -0.360707 -0.740393 -0.543705 0.823842 0.204183 0.205805 0.180379 -0.326 0.264816 -0.431863 0.584124 -0.68914 0.345208 -0.268435
117 0.464644 0.173286 -0.356014 0.836571 -0.836479 0.575652 0.350062 -0.460327 -0.00386334 0.522869 1.54269 0.350596 0.088809 0.714822 -0.0442171 -0.744086 -0.25351 -0.912448 -0.222947 0.0887444 -0.566642 -0.00710423 -0.232771 -0.762168 -0.05224 -0.339982 -0.62322 -0.0144718 1.06895 0.159361 0.0549264 -0.611652
116 0.451823 0.165378 -0.301675 0.65743 -0.80472 0.640476 0.250216 -0.537625 0.237595 0.561529 1.53332 0.374419 0.22 0.539071 0.114328 -0.85984 -0.172856 -0.85551 -0.347541 -0.26836 -0.465616 -0.105269 -0.25201 -0.647594 0.0299833 -0.571786 -0.68322 0.124249 1.40565 0.424085 -0.0125359 -0.584374
118 0.407045 0.116235 -0.315183 0.725308 -0.72741 0.521039 0.350012 -0.390593 -0.0522161 0.445438 1.35189 0.299389 0.0923104 0.60986 -0.0980332 -0.573983 -0.272146 -0.814882 -0.155339 0.105209 -0.494292 -0.00448193 -0.201029 -0.691342 -0.0117668 -0.231702 -0.534546 -0.0204823 0.836787 0.0314542 0.0941471 -0.54121
153 0.0802375 -0.636691 -0.181458 -0.236815 0.410463 0.00525326 -0.187126 -0.189091 -0.215426 0.345362 0.411483 -0.422658 0.66316 0.0374427 0.323897 -1.25974 -0.0358367 0.243591 -0.553614 -0.0890345 -0.851871 1.15325 -0.142334 -0.643892 -0.347133 -0.55492 0.406615 -0.0350273 0.939986 -0.374283 0.879801 -0.398777
155 0.0783158 -0.684319 -0.223801 -0.114237 0.460502 -0.0263015 -0.348544 -0.113766 -0.328871 0.251428 0.522568 -0.408844 0.640989 -0.131264 0.322844 -1.31834 0.0803311 0.404839 -0.686172 0.0938513 -0.924964 1.23464 -0.229154 -0.763797 -0.404964 -0.64451 0.441316 0.0574475 0.945214 -0.189945 0.828023 -0.367177
223 -0.394876 0.441324 0.120471 -0.264532 0.177338 -0.201155 0.136421 -0.201949 0.566855 -0.460733 1.29736 0.148572 0.0495187 0.795943 0.750029 -0.902602 0.322933 0.0740944 -0.225235 0.648478 -0.579927 0.623796 -0.290412 -0.512102 -0.324798 -0.257071 -0.246802 -0.808865 0.29377 -0.0110907 0.352225 0.0869679
290 0.443688 -0.183991 -0.630646 0.524956 0.177034 0.479506 0.247794 0.0794661 -0.399336 -0.192945 1.01557 -0.45237 0.249569 0.28255 1.10904 -1.04141 -1.10495 0.173741 -0.353001 0.7019 -0.455749 0.872474 0.187136 0.0478825 -0.250114 -0.983851 0.0220399 -0.812448 0.278285 0.185178 0.528621 0.216681
289 0.410173 -0.177989 -0.541721 0.503152 0.159224 0.450919 0.200447 0.0563691 -0.390797 -0.218972 0.779561 -0.375684 0.182632 0.275441 1.00438 -0.845533 -0.975927 0.142467 -0.300841 0.595282 -0.39954 0.775629 0.121961 0.0484884 -0.209177 -0.853624 0.0380966 -0.726305 0.305722 0.159607 0.427878 0.176181
288 0.484278 -0.212946 -0.561008 0.553112 0.10451 0.550608 0.318518 0.0481269 -0.456441 -0.301051 0.867584 -0.393369 0.177256 0.247194 1.11579 -0.95492 -1.0134 0.147522 -0.371546 0.661721 -0.434455 0.867554 0.102448 0.103777 -0.243211 -0.980053 0.101559 -0.829218 0.425027 0.204878 0.407778 0.181185
287 0.559146 -0.278025 -0.551632 0.602555 0.0239855 0.569061 0.423985 0.00853131 -0.510082 -0.34809 0.825162 -0.364541 0.158407 0.214213 1.10662 -0.886728 -1.0118 0.077935 -0.412927 0.620748 -0.439923 0.865743 0.0394239 0.162704 -0.280557 -1.03196 0.115046 -0.867042 0.559388 0.203345 0.341213 0.122619
285 0.5567 -0.253822 -0.477061 0.533648 -0.0286879 0.569955 0.417241 0.0359125 -0.464102 -0.342146 0.810238 -0.313296 0.117631 0.170848 1.01344 -0.818423 -0.847623 0.0706842 -0.374701 0.552679 -0.416019 0.745273 0.0011516 0.182544 -0.260916 -0.882166 0.147932 -0.786957 0.611123 0.129257 0.279152 0.0186116
154 0.0489782 -0.570268 -0.209665 -0.0860982 0.423571 0.0197801 -0.217548 -0.122605 -0.260929 0.240569 0.449301 -0.368633 0.569066 -0.0894241 0.302705 -1.0873 -0.00941181 0.295777 -0.526916 0.088232 -0.78721 1.0571 -0.170421 -0.599052 -0.36561 -0.52994 0.373629 0.04387 0.840497 -0.217929 0.804801 -0.336476
156 0.0763783 -0.648567 -0.212955 0.0850008 0.393805 -0.0699563 -0.525181 0.035403 -0.315275 0.0609501 0.723601 -0.339543 0.577214 -0.297029 0.329667 -1.34335 0.129454 0.476602 -0.745135 0.307342 -0.873233 1.21854 -0.227807 -0.729843 -0.445595 -0.660546 0.337142 0.0249308 0.822802 -0.0203334 0.611995 -0.342422
157 0.0789277 -0.567049 -0.178831 0.0653759 0.31708 -0.0803728 -0.50379 0.0646413 -0.297521 0.0269157 0.664932 -0.302609 0.514253 -0.303208 0.281826 -1.14709 0.159405 0.422191 -0.659883 0.309815 -0.695036 1.05026 -0.231702 -0.634541 -0.398901 -0.59804 0.2893 0.00131432 0.697101 0.0180447 0.488643 -0.286944
158 0.107672 -0.538255 -0.104671 0.180954 0.289606 -0.0660207 -0.644141 0.115544 -0.293932 -0.0688917 0.880397 -0.260704 0.563751 -0.368568 0.29235 -1.28573 0.170048 0.449564 -0.743659 0.429952 -0.737229 1.09572 -0.195693 -0.640656 -0.476102 -0.643526 0.206039 -0.0907703 0.715415 0.0750625 0.412031 -0.328533
242 0.132883 0.36464 0.0497132 -0.40162 0.372218 0.973939 0.128045 -0.244527 0.0909614 -0.769613 1.3947 0.137409 0.310597 0.350881 0.0211784 -0.376019 0.373159 -0.146832 -0.129848 -0.280639 -0.110145 0.527899 0.0395492 0.236862 -0.163307 -0.378784 -0.0121065 -0.590323 1.25771 -0.00377917 0.141823 -0.646624
241 0.259873 0.319606 0.00502289 -0.232686 0.350761 0.872669 0.0144157 -0.306699 0.0236533 -0.694394 1.28497 0.0603283 0.214264 0.387105 0.0241053 -0.344892 0.112103 -0.093419 -0.178204 -0.141077 -0.0586506 0.417311 -0.00599855 0.263278 -0.190743 -0.296428 -0.0992486 -0.570893 1.02661 0.0353572 0.15108 -0.613509
43 0.563633 -0.13981 -0.203074 0.105643 0.163083 0.682325 0.0306215 -0.374588 -0.210597 -0.248044 1.48336 0.0151477 0.679336 0.153498 0.343849 -0.978112 -0.29128 0.161542 0.558354 -0.237441 -0.598107 0.371633 -0.148136 0.486099 -0.115502 0.134251 0.237849 0.226281 0.808218 -0.504123 -0.121831 -0.0219758
75 0.0745172 0.754123 0.539268 -0.195107 0.297347 -0.329003 0.198411 -1.01491 0.373869 0.223379 1.008 -0.543743 0.426269 0.33101 0.161871 -1.18566 -0.297498 -0.368931 -0.0979011 0.0334845 -0.798583 1.11713 -0.448406 0.332593 -0.562073 0.193826 0.25748 -0.552642 0.555926 0.0110671 -0.32444 -1.20371
77 0.133174 0.742887 0.413732 -0.155432 0.230067 -0.142383 0.179906 -0.888403 0.336167 0.152128 1.01188 -0.487285 0.404566 0.252393 0.196626 -1.08316 -0.313609 -0.303737 -0.110962 0.0369415 -0.703918 0.976688 -0.45863 0.272025 -0.509715 0.120866 0.242905 -0.526578 0.515756 0.0230469 -0.183192 -1.10076
76 0.0893108 0.70782 0.476343 -0.14025 0.256621 -0.235856 0.174065 -0.867792 0.302633 0.158822 0.868799 -0.473233 0.340445 0.266852 0.174259 -0.995916 -0.267367 -0.298202 -0.0799993 0.0383585 -0.681301 0.946339 -0.419261 0.287015 -0.514022 0.168334 0.264546 -0.492939 0.445724 0.0463039 -0.24445 -1.02458
78 0.247984 0.876632 0.186411 -0.286514 0.069144 0.209148 0.06466 -0.811902 0.339396 0.0575866 0.933934 -0.277004 0.296861 0.0941346 0.189743 -0.639259 -0.453486 -0.206696 -0.352316 0.0382702 -0.708588 0.698789 -0.596054 0.117648 -0.378185 -0.0402722 0.197004 -0.628678 0.422357 0.141834 0.0972739 -1.00462
80 0.367403 0.985308 0.0211816 -0.323368 -0.0869526 0.518937 -0.021074 -0.720397 0.334509 0.0563247 1.02345 -0.155593 0.369051 0.0332527 0.194993 -0.456766 -0.560946 -0.16386 -0.603665 0.0463004 -0.755422 0.516863 -0.657177 -0.0685251 -0.30978 -0.220273 0.107802 -0.725866 0.441565 0.134699 0.369552 -1.01699
296 0.184425 -0.182562 -0.476185 -0.196733 0.0425158 0.144129 0.19066 0.342957 0.237757 0.26597 1.25735 -0.765804 0.11948 -0.303737 0.640277 -1.38674 -0.534919 -0.392795 -0.39994 0.666225 -0.0363132 0.208345 0.106065 0.101912 -0.592907 -0.294875 -0.0121668 -0.52234 -0.128894 -0.460355 0.77925 -0.136987
294 0.195053 -0.162255 -0.546493 -0.0937065 0.0778241 0.185738 0.179264 0.364853 0.15081 0.217728 1.14884 -0.710007 0.0732616 -0.24562 0.739138 -1.26641 -0.644596 -0.252743 -0.356261 0.648959 -0.121113 0.274476 0.133652 0.156018 -0.553791 -0.439131 -0.0133583 -0.593497 -0.14708 -0.33197 0.681273 -0.0724986
295 0.155309 -0.142949 -0.394558 -0.156095 0.0823782 0.130899 0.0957949 0.267659 0.158851 0.222258 1.03874 -0.597506 0.167939 -0.235186 0.512996 -1.14858 -0.443969 -0.280443 -0.3221 0.497593 -0.0833297 0.175622 0.0699074 0.0906156 -0.468749 -0.247418 -0.026842 -0.398542 -0.0551299 -0.376903 0.6175 -0.19298
297 0.181072 -0.177506 -0.420647 -0.401345 -0.0451769 0.0952814 0.168112 0.299841 0.291262 0.369955 1.42796 -0.78799 0.277699 -0.386146 0.544247 -1.60368 -0.388385 -0.589833 -0.469918 0.589414 -0.0599191 0.0934446 0.112396 0.0933409 -0.67499 -0.176664 -0.0237785 -0.450724 -0.0522544 -0.616319 0.881998 -0.294799
291 0.371214 -0.149145 -0.664801 0.436845 0.191835 0.482455 0.261755 0.179757 -0.29689 -0.0522506 1.09084 -0.533766 0.185627 0.119629 1.12628 -1.16938 -1.14215 0.126498 -0.336586 0.771679 -0.393643 0.790299 0.210239 0.103459 -0.314476 -0.979048 -0.0465608 -0.86377 0.0713627 0.0767853 0.639765 0.191665
292 0.316064 -0.114001 -0.581367 0.346502 0.213384 0.404651 0.22062 0.211106 -0.189897 -0.0408559 1.06692 -0.446351 0.15864 0.0753438 0.944083 -1.08009 -0.993805 0.153971 -0.284752 0.709678 -0.377434 0.635903 0.201755 0.0942705 -0.290516 -0.83336 -0.0292198 -0.772995 0.0509074 -0.00312647 0.579866 0.0920158
293 0.294615 -0.173706 -0.634194 0.263491 0.196627 0.361969 0.229899 0.257406 -0.136079 0.039381 1.12125 -0.553721 0.164232 -0.0158491 0.906152 -1.16594 -0.9439 0.0647692 -0.329726 0.714757 -0.317119 0.538964 0.228108 0.158701 -0.407125 -0.741316 -0.0365909 -0.716538 -0.0514149 -0.0504823 0.61777 0.0992977
159 0.131767 -0.529141 0.0229016 0.356343 0.149391 -0.0810638 -0.861151 0.239836 -0.292597 -0.216191 1.21269 -0.231152 0.49288 -0.471851 0.25556 -1.44776 0.306019 0.525472 -0.924037 0.595382 -0.752091 1.10162 -0.214583 -0.574273 -0.588194 -0.601809 0.110387 -0.189306 0.613831 0.210565 0.107352 -0.252967
160 0.0952971 -0.432999 0.0433935 0.350133 0.0975579 -0.0493634 -0.759829 0.191773 -0.231096 -0.207217 1.10665 -0.216183 0.426436 -0.432022 0.205583 -1.21984 0.281313 0.421463 -0.768531 0.532319 -0.62784 0.89057 -0.160543 -0.479284 -0.489075 -0.489428 0.0428616 -0.194281 0.509825 0.218344 0.0268123 -0.198116
161 0.155313 -0.436298 0.0609928 0.419506 0.10832 -0.0309618 -0.837446 0.237883 -0.366902 -0.205741 1.2299 -0.297225 0.517142 -0.404175 0.307647 -1.42482 0.299671 0.510316 -0.872437 0.598516 -0.629527 0.986818 -0.187107 -0.454814 -0.472104 -0.469726 0.123927 -0.296299 0.513305 0.233518 -0.0220572 -0.133751
162 0.19549 -0.103093 0.0761031 0.460944 0.0862207 0.132461 -0.685543 0.184572 -0.375355 -0.221726 1.43886 -0.422937 0.521019 -0.214605 0.372488 -1.32562 0.211751 0.37738 -0.731828 0.618446 -0.468563 0.765517 -0.168303 -0.2347 -0.297265 -0.254436 0.0902153 -0.409455 0.401769 0.239841 -0.126733 -0.00519594
299 0.166633 -0.131215 -0.369889 -0.406987 -0.0726191 0.107031 0.0966765 0.218475 0.329814 0.33752 1.43975 -0.677376 0.420019 -0.466366 0.476167 -1.65674 -0.325206 -0.637859 -0.522009 0.562006 0.0390231 -0.0149596 0.0700115 -0.00427231 -0.669367 -0.0727661 -0.0313284 -0.394231 0.0517508 -0.71659 0.932242 -0.415292
298 0.1919 -0.146162 -0.356331 -0.401406 -0.0671183 0.101358 0.131727 0.251154 0.321951 0.344512 1.37321 -0.695188 0.33678 -0.372687 0.432331 -1.56719 -0.317202 -0.595885 -0.459655 0.534202 -0.0116913 0.0558141 0.0659926 0.0174462 -0.627259 -0.105901 -0.0275895 -0.394809 0.0398217 -0.629134 0.817776 -0.370906
107 -0.222705 -0.26426 -0.52291 0.17195 0.0895588 0.686765 0.789938 -0.248082 0.0135023 0.51027 1.05243 -0.363592 0.514318 0.0137294 0.461881 -1.21299 0.326436 -0.0208092 0.161963 -0.515335 -0.273369 0.44566 0.0950743 -0.15954 0.0288076 0.0304636 -0.727921 -0.182583 0.95694 0.609395 0.578706 -0.257185
286 0.503252 -0.229666 -0.393299 0.48379 -0.0573528 0.481337 0.363239 -0.0244622 -0.39173 -0.331123 0.715162 -0.289746 0.142244 0.177933 0.889126 -0.705917 -0.73184 0.0713269 -0.321811 0.47256 -0.37516 0.68543 0.0277067 0.143323 -0.221586 -0.789521 0.139419 -0.669516 0.589843 0.183584 0.221112 0.016223
31 -0.179563 0.0999697 0.410386 1.02187 0.475617 -0.153797 -0.00982146 -0.0556562 0.167165 -0.136762 1.04518 0.183705 0.667676 -0.158019 0.258447 -0.310799 -0.0615729 -0.573281 0.0836674 0.321781 -0.191748 1.39093 0.43985 -0.0921176 0.397412 -0.241169 -0.251713 -0.399087 1.12653 0.0215546 0.277963 -0.88137
30 -0.202405 0.162757 0.446347 1.13396 0.493887 -0.176699 0.0118244 -0.0285924 0.19757 -0.17453 1.22577 0.208139 0.705843 -0.118031 0.276311 -0.35852 -0.0514023 -0.636965 0.0684041 0.366399 -0.197131 1.53219 0.459327 -0.120293 0.484441 -0.285751 -0.309944 -0.420838 1.17064 0.0351806 0.289425 -0.96135
32 -0.178669 0.129811 0.449347 1.14369 0.483371 -0.0909475 -0.00383809 -0.0877596 0.199738 -0.145484 1.19434 0.191323 0.757233 -0.163197 0.316535 -0.447704 -0.126944 -0.657339 0.0861573 0.349926 -0.247663 1.55722 0.509136 -0.11541 0.433305 -0.307342 -0.293037 -0.436872 1.2902 0.0150928 0.309649 -0.98424
134 0.153023 0.516672 0.47158 0.205038 -0.407943 0.114432 0.0590324 -0.694169 -0.566391 0.330359 1.24216 -0.244683 0.469057 0.760228 0.79196 -1.0517 -0.112919 0.170505 -0.174207 -0.0478424 -0.612395 0.409157 1.22983 -0.0649914 -0.0887236 -0.0578356 -0.00997469 -0.749672 -0.0464038 0.184117 0.624469 -0.44907
135 0.26694 0.528078 0.472418 -0.0205788 -0.442455 0.108444 -0.0430674 -0.655607 -0.640467 0.344635 1.2705 -0.238178 0.480297 0.702171 0.733368 -1.15885 -0.0973614 0.0539298 -0.153409 -0.015001 -0.632215 0.435403 1.12091 0.131771 0.0246851 0.0106947 0.00301106 -0.708846 0.0934994 0.013011 0.554041 -0.550513
136 0.28039 0.455759 0.384356 -0.0398498 -0.412303 0.12437 -0.0454985 -0.502921 -0.554308 0.276843 1.09667 -0.214693 0.412519 0.607955 0.563612 -1.01007 -0.0830601 -0.00913331 -0.139953 -0.0121614 -0.523756 0.353716 0.891802 0.139371 0.0566745 0.00526393 0.0265325 -0.591067 0.0898015 -0.0427805 0.427367 -0.458449
137 0.334993 0.512535 0.442776 -0.0131773 -0.45718 0.15222 -0.0522494 -0.563632 -0.627129 0.319979 1.22656 -0.229953 0.435928 0.65931 0.641306 -1.14808 -0.124848 -0.00303313 -0.172007 -0.0403339 -0.569382 0.387643 1.00752 0.177036 0.0739577 0.0135785 0.012426 -0.605171 0.104307 -0.0504466 0.476175 -0.508209
278 0.64764 0.0107874 -0.385109 0.452701 -0.000544628 0.650266 0.138479 0.856481 -0.259481 -0.329195 1.10043 0.115168 -0.324914 0.00236445 0.779974 -0.854312 -0.402175 0.0362587 -0.0369452 0.525005 -0.551557 0.00814637 -0.218979 0.200226 0.0438992 -0.429793 0.366828 -0.765953 0.851958 -0.486272 0.428503 -0.73976
277 0.586174 -0.0431009 -0.400286 0.363472 0.0340447 0.559204 0.0395837 0.834043 -0.201274 -0.289954 0.971198 0.0338989 -0.322702 0.0395689 0.740839 -0.775647 -0.35726 -0.0104347 0.115294 0.551962 -0.469518 -0.00131298 -0.136916 0.0897057 -0.0257143 -0.427838 0.28919 -0.645372 0.826407 -0.343807 0.448856 -0.709771
239 0.370265 0.376303 0.0334941 -0.190235 0.434454 1.12307 -0.175315 -0.562741 -0.0889361 -1.01444 1.61121 0.0749321 0.272515 0.592711 0.0437641 -0.442795 0.0319159 -0.0487683 -0.172137 -0.143357 0.0401266 0.456579 0.111635 0.415128 -0.233848 -0.348902 -0.22637 -0.727857 1.18494 0.0327917 0.254345 -0.805491
240 0.314084 0.363696 0.0217234 -0.308966 0.38272 1.04895 -0.0726836 -0.388604 -0.0500497 -0.892554 1.49922 0.0972773 0.277882 0.439878 0.0320838 -0.393927 0.155269 -0.0894208 -0.191176 -0.218885 -0.007271 0.4811 0.0404926 0.33957 -0.221522 -0.366985 -0.0864973 -0.697162 1.18444 0.0194699 0.230029 -0.765754
61 -0.274361 -0.373633 0.0306796 0.246174 0.575572 -0.161606 -0.0663119 -0.193538 -0.121388 -0.246181 0.666026 -0.153296 0.298517 0.624315 -0.0722727 -1.38558 -0.700062 -0.223653 -0.0941599 0.316334 -0.103028 -0.0200831 -0.134257 -0.597776 0.324537 -0.366298 -0.700209 -0.251687 0.563211 -0.180227 0.745528 -0.976905
22 0.194852 0.249624 -0.0335516 0.226744 -0.106306 0.0668056 0.386394 -0.199413 0.131833 0.230642 1.77263 -0.146633 0.201576 -0.0157819 0.493754 -0.680461 -0.0224283 -0.0272192 -0.287097 0.260239 0.0639168 0.927951 -0.543718 -0.153597 0.372394 -0.22425 0.228328 0.00844118 0.350372 0.0424807 0.515102 -0.145485
21 0.253677 0.294009 -0.0419723 0.215009 -0.139178 0.106313 0.49253 -0.298401 0.141491 0.319812 2.16465 -0.182919 0.18908 -0.0168275 0.605379 -0.765349 -0.0639374 -0.00727483 -0.302558 0.283354 0.118589 1.08558 -0.632336 -0.211931 0.478104 -0.234998 0.289791 0.0457302 0.372844 0.012177 0.645707 -0.123206
20 0.259765 0.286213 0.0470098 0.206322 -0.158194 0.0889761 0.593336 -0.318351 0.153508 0.382314 2.10958 -0.241845 0.229547 -0.0361555 0.560474 -0.686455 -0.117447 0.0298992 -0.347532 0.255942 0.122325 1.08768 -0.642959 -0.255748 0.527078 -0.288732 0.346563 0.0426925 0.35816 -0.000356315 0.728252 -0.10094
283 0.519355 -0.00421952 -0.262086 0.389765 0.00540358 0.557847 0.2768 0.175166 -0.223169 -0.282701 1.11205 -0.0504032 0.150723 0.142306 0.662604 -0.805067 -0.488122 0.0271603 -0.323505 0.322612 -0.47931 0.433126 -0.116135 0.182376 -0.0824213 -0.492222 0.152016 -0.651162 0.647479 -0.1403 0.315287 -0.327637
79 0.250738 0.792544 0.0762555 -0.267171 -0.0226296 0.318401 0.0335076 -0.68764 0.293143 0.0508133 0.92219 -0.173694 0.320399 0.0577782 0.183525 -0.510681 -0.448769 -0.186949 -0.431017 0.055348 -0.650448 0.58517 -0.559603 0.035599 -0.266312 -0.176865 0.0807646 -0.615984 0.417715 0.128258 0.302429 -0.936774
98 -0.330006 -0.0807968 -0.121818 0.437943 0.184745 -0.126713 0.335752 -0.0104477 -0.274738 -0.460973 0.723156 -0.161855 0.801148 1.02392 0.473439 -0.389178 -0.140893 -0.774937 -0.455718 -0.337759 -1.13405 0.48487 -0.240816 0.4807 -0.193673 -0.378527 0.0557136 -0.982427 0.953567 0.045639 1.2664 -0.532173
96 -0.115196 0.0664611 0.0455178 0.423355 0.0508907 -0.0466858 0.0720043 -0.039443 -0.14453 -0.423135 0.738283 -0.0653495 0.59748 0.942477 0.455399 -0.19868 -0.175282 -0.843185 -0.574831 -0.267248 -1.09559 0.188145 -0.185384 0.368988 -0.241225 -0.411326 0.121109 -0.80689 0.829306 -0.0316282 1.27694 -0.601006
108 0.0272102 -0.133755 -0.475967 0.163254 -0.0461999 0.792409 0.702831 -0.247202 0.271336 0.628825 1.19902 -0.424946 0.483253 -0.162991 0.441234 -1.1679 0.250596 0.00258161 0.12933 -0.599807 -0.33608 0.208777 0.0884811 -0.292905 -0.0359728 -0.0856192 -0.745654 0.160418 1.03891 0.708616 0.52105 -0.396227
109 0.183379 -0.0714897 -0.390466 0.162496 -0.059203 0.745977 0.546883 -0.245294 0.312206 0.573469 1.1621 -0.389464 0.421955 -0.213943 0.358127 -1.01602 0.151227 -0.0242722 0.114214 -0.510414 -0.32004 0.120841 0.121029 -0.33772 -0.101327 -0.103797 -0.650274 0.267391 0.906264 0.621369 0.446768 -0.425915
34 -0.0574645 0.116905 0.228579 0.920482 0.257409 0.092847 -0.00275016 -0.172003 -0.0104014 -0.124289 0.848485 -0.00932781 0.825315 -0.163818 0.309601 -0.313904 -0.275034 -0.565024 0.172551 0.142365 -0.28826 1.21324 0.416055 0.0566957 0.20133 -0.128347 -0.167774 -0.297595 1.0256 -0.138839 0.171514 -0.605078
33 -0.0941244 0.113727 0.337831 1.1271 0.361142 0.0367267 -0.0132654 -0.157652 0.0333685 -0.1645 1.04292 0.0319473 0.883367 -0.199647 0.323771 -0.350794 -0.258115 -0.635053 0.16722 0.217371 -0.28996 1.43131 0.494263 0.0204858 0.318141 -0.173556 -0.232426 -0.356671 1.19333 -0.0787469 0.24285 -0.759122
35 -0.0260926 0.102578 0.137082 0.984281 0.179601 0.203417 -0.030001 -0.239838 -0.151463 -0.12408 0.820222 -0.120198 1.08792 -0.193085 0.414335 -0.333754 -0.426678 -0.612357 0.240918 0.00893596 -0.410393 1.27012 0.465711 0.145781 0.0982295 -0.0914117 -0.130618 -0.313391 1.15076 -0.263199 0.143211 -0.547463
36 0.0849516 0.0218573 -0.0463083 0.934479 0.106634 0.470973 0.0114631 -0.385916 -0.436561 -0.126666 0.962038 -0.262021 1.4201 -0.219492 0.56706 -0.452248 -0.586143 -0.541145 0.457201 -0.178886 -0.564615 1.13306 0.377227 0.303496 -0.123695 0.0623693 0.0210088 -0.279845 1.20814 -0.494758 0.0501258 -0.363069
38 0.13718 -0.0175871 -0.133282 0.82158 0.0172729 0.532639 0.0111167 -0.392512 -0.466041 -0.128605 0.974653 -0.321587 1.47733 -0.179631 0.606348 -0.502936 -0.631801 -0.466029 0.472273 -0.243136 -0.643208 0.970369 0.345499 0.333445 -0.214801 0.0911103 0.0373471 -0.245615 1.1495 -0.54835 0.00478584 -0.272127
37 0.0864135 0.00497586 -0.080355 0.767049 0.0606386 0.482521 -0.00227471 -0.375298 -0.400645 -0.0928249 0.814686 -0.305256 1.3198 -0.186512 0.491829 -0.434196 -0.60271 -0.492681 0.417457 -0.201706 -0.580066 0.990507 0.329764 0.233288 -0.207308 0.0735631 -0.00776227 -0.266499 1.11572 -0.478868 0.0512403 -0.32302
275 0.807983 -0.184445 -0.540474 0.216132 0.197033 0.388602 -0.215211 1.03322 -0.0610494 -0.302748 1.16392 -0.121112 -0.237354 0.013509 0.763867 -0.812545 -0.369084 -0.266359 0.315586 0.919712 -0.339068 0.155049 0.0871537 -0.373934 -0.251037 -0.404751 0.0270756 -0.553375 0.993057 -0.0887055 0.672083 -0.932916
274 0.690847 -0.208003 -0.493572 0.164925 0.188451 0.27114 -0.195992 0.850706 -0.0182066 -0.250163 0.955679 -0.214703 -0.156182 0.00166088 0.658158 -0.626289 -0.347125 -0.202401 0.216697 0.80293 -0.221827 0.145362 0.11231 -0.315973 -0.227913 -0.329622 -0.0201887 -0.397699 0.793275 -0.00478982 0.582046 -0.710478
273 0.808256 -0.20764 -0.584734 0.127278 0.214285 0.299781 -0.243302 0.978431 0.0776604 -0.306927 1.13478 -0.227364 -0.156025 0.0502482 0.711313 -0.731812 -0.348752 -0.282359 0.283459 0.908014 -0.238445 0.253801 0.166233 -0.47103 -0.303407 -0.402177 -0.0584173 -0.452387 0.92289 0.0567627 0.689031 -0.901711
272 0.944577 -0.16162 -0.597594 0.0584072 0.191521 0.2694 -0.312189 0.916949 0.152473 -0.262071 1.23357 -0.22575 -0.0999927 -0.0109684 0.592182 -0.674893 -0.328631 -0.303129 0.30231 0.857466 -0.169377 0.315969 0.209243 -0.556876 -0.434932 -0.339077 -0.0882875 -0.405672 0.876956 0.0457019 0.708 -0.872855
0 0.164653 -0.123662 -0.331526 -0.432274 -0.0762964 0.111019 0.0701191 0.0905595 0.28555 0.397745 1.36941 -0.513704 0.591257 -0.554986 0.283304 -1.64504 -0.278803 -0.661872 -0.603144 0.467222 0.0969903 -0.148436 0.0755683 -0.0254073 -0.61542 -0.000705315 -0.035366 -0.322531 0.147387 -0.813965 0.979151 -0.496073
163 0.187978 -0.0655932 0.0708384 0.427534 0.101906 0.128353 -0.59845 0.151296 -0.366408 -0.200942 1.30744 -0.407294 0.487887 -0.169357 0.371176 -1.19626 0.186107 0.345446 -0.647989 0.571559 -0.42738 0.680345 -0.146582 -0.188206 -0.224834 -0.184715 0.110798 -0.395491 0.366094 0.191651 -0.116681 -0.00147874
164 0.230546 0.0707704 0.0432327 0.433849 0.165921 0.282274 -0.587736 0.0870949 -0.486491 -0.188698 1.45791 -0.594383 0.577762 -0.073045 0.432132 -1.2677 0.183719 0.355215 -0.630332 0.603872 -0.39629 0.656701 -0.221755 -0.171098 -0.136334 -0.0850045 0.220082 -0.457612 0.361635 0.185325 -0.156001 0.134769
209 0.596145 0.40753 -0.556168 0.45463 -0.138487 0.0124342 -0.0912543 0.346205 0.927868 -0.623344 1.28182 -0.169204 0.851846 0.732862 0.762016 -0.389669 -0.977543 0.360375 -0.0846107 -0.139071 -0.549313 0.164098 0.340564 0.166674 0.0199117 -0.267387 -0.00194881 0.273991 0.966286 0.174224 0.0529084 -0.772493
210 0.654972 0.422528 -0.293016 0.384712 -0.156508 0.15708 -0.256384 0.339734 0.871161 -0.438447 1.16765 -0.298423 0.732206 0.694096 0.701284 -0.286137 -0.945658 0.283875 -0.112832 -0.165744 -0.36617 0.207921 0.236177 0.0496924 0.0253006 -0.0958787 -0.0224856 0.213712 1.05998 0.107667 0.0612458 -0.817627
212 0.805636 0.496809 -0.245812 0.342573 -0.263256 0.295134 -0.359186 0.394657 1.06458 -0.473688 1.30663 -0.357619 0.69043 0.730451 0.758937 -0.259734 -0.962989 0.230085 -0.206449 -0.22548 -0.284324 0.237443 0.125955 -0.0217935 0.0336052 0.00953275 -0.0610088 0.162056 1.18923 0.0637731 0.0597075 -0.824453
211 0.652803 0.411497 -0.232647 0.315197 -0.189052 0.223355 -0.27171 0.318884 0.814234 -0.381284 1.1176 -0.295549 0.602667 0.583973 0.612118 -0.26964 -0.863283 0.198581 -0.145776 -0.158215 -0.265552 0.218655 0.166969 0.00813295 0.0137523 -0.0295844 -0.041026 0.142655 0.961834 0.0493165 0.0411582 -0.712321
207 0.462878 0.355532 -0.749773 0.490892 -0.0388045 -0.10721 0.0627651 0.308277 0.909996 -0.719603 1.4313 -0.0638096 1.01299 0.712226 0.778614 -0.538342 -1.04586 0.348363 -0.0620179 -0.0741416 -0.687215 0.224059 0.472604 0.243228 -0.00465861 -0.456418 0.00582941 0.286993 0.921008 0.201391 0.103353 -0.770797
270 1.01835 0.0797991 -0.532225 -0.0900931 0.0722212 0.298207 -0.252849 0.743317 0.313441 -0.260991 1.30803 -0.132286 0.0648917 -0.0520967 0.212548 -0.538372 -0.193974 -0.318908 0.32501 0.479962 -0.0984056 0.530183 0.242527 -0.633886 -0.509329 -0.256891 -0.0083195 -0.390918 0.754668 -0.089978 0.553703 -0.805154
271 0.762197 -0.0569781 -0.463788 0.0272217 0.134626 0.227582 -0.225082 0.644692 0.203554 -0.202249 1.13303 -0.163955 0.0474888 -0.00558287 0.45067 -0.619306 -0.266476 -0.274686 0.182769 0.604279 -0.131357 0.39928 0.185526 -0.463275 -0.38327 -0.317924 -0.0613989 -0.378705 0.78631 0.00118677 0.593512 -0.771907
49 0.736251 -0.0636546 -0.0183337 0.0177771 0.281055 0.764003 -0.151532 -0.278823 -0.0073631 -0.378353 1.33338 0.0919506 0.475815 0.34942 0.260174 -1.06071 -0.462374 0.156446 0.389319 0.0786115 -0.423001 0.627358 -0.251023 0.214515 0.054742 0.0850635 0.286999 0.304111 0.826393 -0.344725 0.178396 -0.196621
48 0.868808 -0.17626 -0.0182655 -0.0172895 0.395831 0.865523 -0.234038 -0.309862 -0.0148043 -0.482079 1.47421 0.131348 0.505644 0.421477 0.278406 -1.30722 -0.594142 0.209401 0.570941 0.0984 -0.519162 0.703551 -0.317071 0.290448 0.0506506 0.1494 0.37684 0.4101 0.955932 -0.435894 0.149994 -0.173992
47 0.91162 -0.192725 -0.0341305 -0.0180657 0.4039 0.900682 -0.203597 -0.3391 0.0090141 -0.516197 1.65635 0.135813 0.570434 0.449555 0.322131 -1.38089 -0.594314 0.282437 0.658205 0.0751099 -0.588844 0.758048 -0.322173 0.351002 0.0502932 0.162136 0.426453 0.467886 1.04205 -0.497215 0.128277 -0.169292
45 0.849678 -0.188394 -0.101655 0.0182495 0.33628 0.842528 -0.171811 -0.402223 -0.0704532 -0.450825 1.66551 0.125237 0.647241 0.356155 0.346103 -1.33492 -0.554867 0.263533 0.663488 -0.0415145 -0.639983 0.651402 -0.272605 0.446637 -0.071384 0.156069 0.393399 0.421323 0.95532 -0.539216 0.00302928 -0.113374
46 0.82513 -0.211176 -0.0775677 -0.0386952 0.382488 0.78387 -0.218268 -0.31715 -0.0335308 -0.466393 1.49293 0.147397 0.533777 0.371712 0.2712 -1.259 -0.521393 0.248395 0.643489 0.0397757 -0.5951 0.638209 -0.274258 0.357267 -0.0318565 0.163321 0.406523 0.3911 0.899534 -0.501198 0.0380893 -0.084815
276 0.709684 -0.0918362 -0.455655 0.341183 0.0477838 0.574041 -0.0448594 1.02198 -0.204488 -0.333398 1.171 0.00809263 -0.299016 0.00877302 0.796455 -0.892022 -0.341355 -0.0730351 0.188235 0.715733 -0.499487 0.00489685 -0.0833198 -0.0503279 -0.0765464 -0.421306 0.250289 -0.668153 0.993964 -0.37216 0.580675 -0.930963
81 0.375113 0.988615 -0.0380196 -0.413848 -0.150148 0.704351 -0.122393 -0.618341 0.293225 0.0674638 1.0526 -0.104145 0.402417 -0.0197037 0.199672 -0.302962 -0.597417 -0.132297 -0.717294 0.0512548 -0.769321 0.358231 -0.638964 -0.130632 -0.22049 -0.299248 0.0649747 -0.736554 0.412312 0.143009 0.506507 -0.980005
204 0.23943 0.218961 -1.03029 0.418856 0.092895 -0.15135 0.396874 0.191918 0.749688 -0.815452 1.60354 0.233612 0.832494 0.400866 0.713291 -0.737498 -0.805218 0.232728 -0.0103799 0.0429005 -0.872569 0.32486 0.475052 0.343816 -0.0850624 -0.54774 -0.0554606 0.192062 0.514218 0.281842 0.153565 -0.392608
203 0.244029 0.215571 -0.942629 0.327587 0.0384245 -0.0721959 0.413961 0.169439 0.648032 -0.750932 1.61389 0.274645 0.768382 0.290584 0.703576 -0.751142 -0.684951 0.148337 -0.0861683 0.0418986 -0.782378 0.418963 0.331889 0.320412 -0.0772674 -0.425669 -0.155659 0.128289 0.444127 0.251044 0.265753 -0.391774
201 0.19841 0.211165 -0.867679 0.221457 -0.0312401 0.0260557 0.432825 0.144862 0.501662 -0.717128 1.565 0.306801 0.675691 0.192681 0.703557 -0.736759 -0.551963 0.112131 -0.109446 0.0395662 -0.705746 0.462115 0.180454 0.316762 -0.0725316 -0.308156 -0.296575 0.0854194 0.337979 0.218638 0.36059 -0.3397
202 0.195853 0.171021 -0.824791 0.251296 0.0525069 0.0160615 0.386299 0.128447 0.487959 -0.624863 1.52066 0.260924 0.650275 0.214117 0.65488 -0.77097 -0.550828 0.0835901 -0.102698 0.0601143 -0.707589 0.451346 0.214841 0.273592 -0.0613061 -0.347686 -0.21517 0.0562633 0.399235 0.186763 0.33922 -0.359951
193 -0.204717 0.366687 -0.0805087 -0.192163 -0.874323 -0.790529 0.125182 0.268195 -0.226458 -0.242076 0.758621 0.109301 0.925593 -0.0311808 0.935643 -0.803728 -0.182113 -0.144779 -0.377832 0.138625 0.202973 0.562157 -0.160769 0.181525 -0.100587 -0.32407 -0.836138 -0.388235 0.679643 -0.0602027 0.527169 -0.594182
192 -0.248076 0.513945 -0.112386 -0.266346 -1.04343 -0.919406 0.0698869 0.306726 -0.319917 -0.288627 1.03761 0.12726 1.11233 0.113688 1.05591 -0.892281 -0.201581 -0.0464928 -0.554722 0.173845 0.285227 0.708148 -0.184561 0.145339 -0.018066 -0.440512 -0.954884 -0.40101 0.756354 -0.113261 0.640361 -0.728028
84 0.464027 0.906202 -0.0710361 -0.343085 -0.186915 0.85206 -0.359005 -0.467484 0.285655 0.0338414 1.21334 0.0463074 0.495385 0.0108697 0.384514 -0.148999 -0.627986 -0.312266 -1.01036 0.0718943 -0.988096 -0.00583922 -0.416865 -0.40253 -0.165165 -0.459898 0.0321745 -0.675215 0.40367 -0.0345038 0.775327 -1.02216
250 -0.317179 -0.0879042 0.0778355 -0.589702 -0.192788 0.0653206 0.280963 0.336645 0.74952 -0.228249 1.2489 0.0517945 0.855502 -0.424314 0.490254 -0.771944 0.648466 0.0601039 0.338881 -0.256828 -0.687239 0.477807 0.12481 -0.234789 0.340721 -0.739288 0.0224176 -0.260645 1.59158 -0.271011 -0.131064 -0.787529
214 0.665697 0.400623 -0.257349 0.286109 -0.148456 0.285762 -0.25064 0.261177 0.821665 -0.421369 1.23536 -0.214052 0.458399 0.560395 0.620322 -0.318962 -0.667831 0.0432747 -0.219996 -0.101031 -0.257445 0.352453 -0.000226149 -0.0584823 -0.000371039 -0.0135364 -0.0691997 0.00972304 0.875324 0.0179376 0.10275 -0.526204
213 0.740829 0.511565 -0.286339 0.323935 -0.184799 0.215928 -0.337613 0.366561 1.06109 -0.519014 1.30169 -0.249344 0.54055 0.736213 0.708878 -0.333711 -0.847446 0.113387 -0.276287 -0.153173 -0.308575 0.334334 -0.0324323 -0.118482 0.0254596 0.0111894 -0.0905286 0.0463592 1.00392 0.0191732 0.0591366 -0.576979
269 1.14685 0.369763 -0.528929 -0.163287 -0.0667028 0.361256 -0.266535 0.636828 0.414562 -0.270167 1.64383 -0.0787718 0.283659 -0.070422 -0.0796223 -0.531878 -0.10418 -0.327965 0.309896 0.171871 -0.155876 0.763029 0.157483 -0.75249 -0.551473 -0.138355 0.0410984 -0.405016 0.767163 -0.213058 0.49322 -0.765597
19 0.256802 0.255562 0.0437399 0.19785 -0.132604 0.0967092 0.591226 -0.291297 0.120133 0.359912 1.92917 -0.19725 0.185504 -0.0464315 0.525831 -0.573576 -0.151916 0.0422526 -0.297142 0.224305 0.0993714 0.982217 -0.598067 -0.230083 0.489501 -0.243942 0.324973 0.00614324 0.299796 0.0200481 0.672743 -0.087466
18 0.33623 0.294209 0.129928 0.205649 -0.146151 0.100778 0.714536 -0.296139 0.163405 0.362521 2.06912 -0.254667 0.241242 -0.0397316 0.543343 -0.498127 -0.236117 0.0864251 -0.334256 0.262909 0.0993185 1.06354 -0.567499 -0.293533 0.531126 -0.375468 0.345689 -0.0351383 0.338279 0.0399673 0.773042 -0.102845
17 0.420109 0.246397 0.231428 0.253933 -0.16607 0.126356 0.80296 -0.301844 0.189033 0.435462 2.00062 -0.33943 0.332561 -0.117335 0.523512 -0.461451 -0.349472 0.109786 -0.382694 0.341244 0.0597804 1.0808 -0.500423 -0.375343 0.556185 -0.501379 0.441845 -0.0528721 0.384185 0.0600507 0.83945 -0.0982248
15 0.46156 0.248956 0.329962 0.314747 -0.134665 0.0994079 0.867252 -0.251325 0.210422 0.433476 1.87241 -0.375758 0.440419 -0.203396 0.422313 -0.386215 -0.46555 0.108766 -0.398169 0.403652 0.0820705 1.00233 -0.38492 -0.418638 0.482382 -0.665288 0.443158 -0.0951379 0.370401 0.0475027 0.833603 -0.0961966
82 0.324592 0.858946 -0.0867742 -0.350885 -0.136901 0.67603 -0.110133 -0.498367 0.244554 0.0399426 0.947348 -0.0641776 0.41138 -0.0378133 0.156168 -0.281478 -0.512137 -0.120478 -0.646647 0.0305098 -0.659367 0.304853 -0.542537 -0.149078 -0.199875 -0.288412 -0.00145956 -0.654292 0.392423 0.090626 0.470367 -0.839523
83 0.386011 1.03081 -0.107074 -0.444215 -0.147954 0.791962 -0.219251 -0.614387 0.305003 0.0698201 1.03255 -0.0463142 0.438514 -0.0431248 0.210334 -0.265321 -0.613576 -0.164853 -0.82546 0.0398863 -0.830342 0.27859 -0.644377 -0.211283 -0.228819 -0.323969 0.0512379 -0.768741 0.384897 0.086583 0.565151 -1.01438
199 0.121799 0.381698 -0.566747 0.0427489 -0.48962 0.0535857 0.516674 -0.000174977 0.153209 -0.60035 1.43934 0.351821 0.580542 -0.00495993 0.753115 -0.731539 -0.217347 -0.0475289 -0.334937 0.077204 -0.405074 0.636743 -0.28176 0.392771 -0.0683505 0.101711 -0.778687 -0.0629991 0.208031 0.190811 0.701825 -0.446306
198 0.0899014 0.450393 -0.582135 0.0323615 -0.64801 -0.0818301 0.560954 0.056339 0.151651 -0.638373 1.4749 0.368311 0.700593 -0.045302 0.913079 -0.821711 -0.210812 -0.0785886 -0.406693 0.134966 -0.449131 0.672144 -0.336472 0.44145 -0.143421 0.0738237 -0.902059 -0.0697862 0.307475 0.190782 0.80707 -0.559308
200 0.120402 0.360634 -0.673026 0.0865812 -0.408881 0.029106 0.528624 0.0633031 0.226149 -0.647541 1.48719 0.367682 0.58689 0.0164397 0.753059 -0.723621 -0.273246 0.0181429 -0.293042 0.0654256 -0.466589 0.597247 -0.175126 0.383431 -0.0663648 0.0234506 -0.664712 -0.0319462 0.218935 0.212552 0.6185 -0.38605
97 -0.131502 -0.0134285 -0.0380349 0.363491 0.106081 -0.0739768 0.154324 0.0136001 -0.153536 -0.419164 0.664457 -0.0714402 0.563202 0.783874 0.374456 -0.226588 -0.131281 -0.692845 -0.424026 -0.246186 -0.924527 0.281067 -0.221896 0.356076 -0.208201 -0.325448 0.118774 -0.750363 0.745396 -0.00280642 1.07518 -0.495471
208 0.490327 0.356011 -0.49939 0.453843 -0.064653 -0.0200384 -0.0874087 0.294653 0.788341 -0.595107 1.11005 -0.159304 0.85416 0.686132 0.730981 -0.347153 -0.904972 0.339225 -0.0427662 -0.136008 -0.541677 0.142025 0.366005 0.198733 0.00632124 -0.276452 0.0406186 0.249692 0.907182 0.122184 0.0406088 -0.698261
179 0.470046 0.480742 -0.07111 -0.0451464 0.107613 0.549476 -0.0308926 -0.442467 0.275852 -0.291154 0.760369 -0.203399 1.36634 0.0950823 -0.0931502 -1.51825 0.35598 -0.0962242 -0.0707571 0.0876136 -1.41585 0.230214 -0.683129 0.0217587 0.667938 -0.366778 -0.410659 0.263904 0.107043 0.299519 0.183202 -0.396861
16 0.388472 0.231366 0.228142 0.263777 -0.105407 0.0788629 0.754651 -0.239803 0.174285 0.405319 1.75366 -0.318949 0.295477 -0.146708 0.393909 -0.307293 -0.319855 0.111583 -0.325067 0.314519 0.11042 0.959781 -0.425701 -0.349521 0.507245 -0.483611 0.423879 -0.0334695 0.292851 0.0539224 0.725695 -0.068136
205 0.279439 0.226861 -0.890065 0.409801 0.0564425 -0.154009 0.299033 0.189569 0.723478 -0.740738 1.35317 0.180781 0.736942 0.392565 0.586457 -0.512235 -0.768302 0.204379 0.00287118 -0.0218332 -0.721551 0.240383 0.440599 0.333456 -0.0725376 -0.43321 -0.0382971 0.21527 0.486093 0.2397 0.0704691 -0.413353
206 0.376144 0.293587 -0.916251 0.479523 0.00805972 -0.149229 0.288415 0.224628 0.823886 -0.762673 1.54717 0.110401 0.889432 0.514402 0.744948 -0.615999 -0.904504 0.252967 -0.0287306 -0.0237955 -0.815169 0.299716 0.505735 0.32999 -0.0617453 -0.522175 0.00260375 0.233692 0.70173 0.253866 0.0882114 -0.537449
106 -0.332365 -0.314903 -0.498914 0.164003 0.119379 0.542106 0.734702 -0.215903 -0.0719801 0.44948 0.918156 -0.32163 0.475111 0.139932 0.44559 -1.16824 0.294803 -0.00615725 0.162022 -0.386367 -0.27008 0.543054 0.0834642 -0.0892099 0.0645186 0.0403539 -0.620287 -0.324657 0.8671 0.499158 0.509202 -0.19855
50 0.701617 -0.0934822 -0.0118711 0.0335262 0.330594 0.77108 -0.16348 -0.285601 -0.0239664 -0.409649 1.36798 0.0729353 0.521506 0.361808 0.305101 -1.14529 -0.509872 0.175251 0.398155 0.133629 -0.445633 0.613792 -0.273729 0.182668 0.073487 0.057609 0.256491 0.280083 0.856405 -0.344671 0.242469 -0.276835
268 1.01458 0.386068 -0.454179 -0.220156 -0.0873707 0.361251 -0.218056 0.512766 0.408217 -0.253763 1.44357 -0.0206525 0.300231 -0.128497 -0.143755 -0.417481 -0.0654955 -0.260804 0.271788 0.0540381 -0.0967316 0.651553 0.1571 -0.615953 -0.512979 -0.101668 0.0674113 -0.333685 0.599628 -0.223286 0.381895 -0.644969
