300 32
258 -0.57045 -0.20146 -1.04172 0.268561 -0.142069 -0.496151 0.0214529 -0.158243 0.241373 0.283577 0.201565 0.0203574 -0.391088 -0.154794 0.382893 -0.292941 0.20391 0.669236 0.460071 0.34469 -0.227988 1.09027 0.155609 -0.171048 0.716398 -0.597536 -0.550633 -1.03766 1.09892 -0.508883 -0.521946 -1.05684
257 -0.615681 -0.239646 -1.04471 0.0901969 -0.0639127 -0.057627 -0.108661 -0.0339012 0.00918312 0.160556 0.168198 0.127382 -0.454438 -0.0614345 0.373872 -0.153681 0.00690804 0.525624 0.275517 0.211955 -0.267115 1.03575 0.0269225 -0.138602 0.696231 -0.738135 -0.309086 -1.06356 1.0074 -0.448033 -0.527418 -0.723976
256 -0.675796 -0.22395 -1.07998 0.0772058 -0.0685696 0.037299 -0.111191 0.00622923 -0.0374253 0.117277 0.144777 0.149227 -0.45195 -0.0634202 0.320914 -0.125489 -0.0408216 0.501442 0.211293 0.149687 -0.242204 0.988764 0.00623708 -0.151137 0.609935 -0.731815 -0.236575 -1.01678 0.930147 -0.411804 -0.504478 -0.61146
255 -0.846752 -0.224487 -1.2315 0.0526631 0.0393733 0.170079 -0.192096 0.081042 -0.103899 0.0362067 0.162961 0.272088 -0.491271 -0.0302764 0.313773 -0.152986 -0.0299431 0.602099 0.261597 0.181922 -0.222244 1.16047 -0.0292074 -0.126423 0.697041 -0.856323 -0.225063 -1.22805 1.04847 -0.458061 -0.582429 -0.655131
152 -0.56835 -0.40451 -0.275315 -0.0788224 0.150129 0.680601 -0.0649502 -0.00997343 0.0189017 -0.216228 0.204013 0.250002 -0.247407 -0.0440218 0.230009 0.637895 -0.447286 0.0534758 0.510429 0.708265 -0.408533 1.58147 0.555876 0.426232 0.889213 -0.0570377 -0.334249 1.06884 0.155797 0.159618 -0.679786 -0.947491
150 -0.689762 -0.427 -0.320938 0.0381987 0.133582 0.778775 -0.0150344 0.147026 -0.0306572 -0.314887 0.237954 0.292693 -0.181576 0.0763176 0.306644 0.483821 -0.405854 0.00613538 0.555315 0.505849 -0.331662 1.5368 0.644267 0.456843 0.811616 -0.00538591 -0.244742 1.12922 0.17631 0.121404 -0.722925 -0.8975
151 -0.609115 -0.432744 -0.239667 -0.00571732 0.126233 0.676482 -0.00757117 -0.00342146 0.0141725 -0.198666 0.17704 0.289708 -0.194184 0.0103043 0.209681 0.530678 -0.392555 0.0586663 0.449508 0.627145 -0.341126 1.49269 0.565092 0.457948 0.785742 -0.0332657 -0.295466 1.03761 0.181592 0.161626 -0.659348 -0.884358
153 -0.390564 -0.237934 -0.176174 -0.213357 0.0971805 0.639696 -0.170539 -0.151918 0.0767974 -0.186847 0.191567 0.18576 -0.257439 -0.113962 0.233912 0.653455 -0.545363 0.116324 0.349546 0.85472 -0.435176 1.59083 0.405073 0.391209 0.863931 -0.0339353 -0.525787 0.986744 0.189786 0.25636 -0.620311 -1.02671
155 -0.291512 -0.122984 -0.094308 -0.358793 0.0441496 0.6076 -0.342947 -0.217274 0.104712 -0.156092 0.213851 0.0743792 -0.210128 -0.195056 0.20675 0.685744 -0.599547 0.147278 0.234384 0.944808 -0.433197 1.57657 0.256256 0.342344 0.870515 -0.0818441 -0.667735 0.887698 0.147202 0.20574 -0.602197 -1.08231
178 -0.742581 0.0723896 -0.276314 0.258945 -0.326613 0.830161 0.0173385 0.365967 -0.305941 -0.689315 -0.0936129 0.0836046 0.411821 -0.155639 0.284125 0.399163 -0.108877 -0.575989 0.211477 0.58932 -0.0663764 0.235932 -0.39219 0.295915 0.91584 -0.259293 -0.563444 -0.386561 0.847326 -0.601813 -0.905808 -0.595788
177 -0.856934 0.0330883 -0.273112 0.300817 -0.382083 0.88607 0.0174853 0.425059 -0.335374 -0.740599 -0.14847 0.0561641 0.452165 -0.204051 0.381771 0.358836 -0.143903 -0.729355 0.134844 0.64007 -0.186192 0.284522 -0.427412 0.333868 0.980939 -0.306942 -0.560932 -0.446595 1.01935 -0.669417 -1.00445 -0.663585
179 -0.738105 0.090572 -0.220735 0.199379 -0.284052 0.847321 0.099241 0.307474 -0.396997 -0.651135 -0.11978 0.192352 0.411605 -0.212885 0.143917 0.514914 -0.0568518 -0.545957 0.313527 0.614444 0.10101 0.194104 -0.419392 0.249075 1.03908 -0.181119 -0.628291 -0.400849 0.750113 -0.712407 -1.05316 -0.548648
180 -0.634873 0.0816261 -0.115529 0.110385 -0.197739 0.912507 0.12802 0.27763 -0.452311 -0.709999 -0.114288 0.304529 0.470349 -0.200863 -0.0819171 0.713837 0.0731721 -0.367366 0.562847 0.666285 0.405129 0.161354 -0.407174 0.231406 1.15431 -0.106093 -0.73988 -0.421103 0.594769 -0.824457 -1.26082 -0.578212
182 -0.544793 0.0520719 -0.041235 0.0527001 -0.11883 0.788633 0.137864 0.231272 -0.441539 -0.661276 -0.12578 0.358368 0.410006 -0.156433 -0.19146 0.736184 0.132851 -0.224187 0.634956 0.626041 0.625892 0.131018 -0.353919 0.230202 1.1581 -0.0213357 -0.707898 -0.352801 0.462864 -0.751387 -1.20841 -0.438277
181 -0.533078 0.065063 -0.104025 0.0860716 -0.141913 0.790489 0.167457 0.234559 -0.419041 -0.624261 -0.116892 0.323312 0.398939 -0.169733 -0.155438 0.689821 0.107874 -0.23657 0.578555 0.587381 0.48229 0.114923 -0.355232 0.183146 1.1007 -0.0267499 -0.696895 -0.363981 0.486344 -0.741941 -1.13193 -0.473786
206 -1.03835 -0.0981249 0.0848637 0.44796 0.0281266 0.0765251 0.0979375 0.506735 -0.616644 0.175847 0.0548748 -0.277524 -0.707955 0.633141 -0.121105 -0.101434 0.349254 0.299424 0.70281 0.135789 0.439314 0.78341 0.159792 0.0268316 1.07372 0.6545 -0.607732 -0.0259803 1.58138 0.114211 -0.173954 -0.612022
204 -1.17484 0.0157419 -0.161236 0.454022 -0.0643055 0.278346 0.0227451 0.56788 -0.664054 0.194407 0.147392 -0.112113 -0.767151 0.551392 -0.156518 -0.130885 0.40666 0.187566 0.850117 0.00655667 0.545453 0.736672 0.0888613 -0.00945633 1.06562 0.623815 -0.585193 0.0426489 1.49331 0.0636572 -0.153738 -0.619568
205 -1.05345 -0.0196355 -0.0787127 0.386518 0.0373097 0.172744 0.04141 0.471797 -0.572756 0.191523 0.0794639 -0.109019 -0.698262 0.520171 -0.158496 -0.146704 0.404912 0.239369 0.73551 0.021205 0.499887 0.670235 0.0596079 -0.0178827 0.967006 0.611182 -0.54282 -0.00566084 1.41844 0.0732245 -0.146692 -0.5795
77 -0.450404 0.138025 0.0902953 -0.134264 -0.516874 0.762263 -0.574503 0.993321 -0.941197 -0.323849 0.422231 -0.0677897 -0.164615 0.306764 0.265794 0.82335 0.0956629 -0.00236437 0.641007 0.181593 -0.260769 1.01338 0.561073 -0.0185216 0.183649 0.592034 -0.489165 -0.89876 0.354685 -0.352591 -0.819915 -0.861593
75 -0.423851 0.165524 0.0861701 -0.25603 -0.486683 0.866241 -0.672444 0.829688 -0.756159 -0.399961 0.30342 -0.0326146 -0.214547 0.463782 0.412683 0.773861 0.0747947 -0.0204258 0.653192 0.304733 -0.301706 1.08928 0.458964 0.0816289 0.127971 0.522514 -0.334558 -0.700868 0.47014 -0.270791 -0.749988 -0.747361
74 -0.346818 0.248195 0.0429631 -0.346464 -0.495373 0.960624 -0.839307 0.661249 -0.572816 -0.489681 0.131085 0.0231486 -0.294787 0.741863 0.542464 0.701764 0.0105576 -0.0481752 0.650119 0.488457 -0.307218 1.24444 0.300551 0.22125 0.149773 0.432022 -0.228779 -0.521766 0.485021 -0.188369 -0.724806 -0.707569
73 -0.296824 0.206384 -0.00613143 -0.36568 -0.40414 0.888044 -0.799993 0.488685 -0.385199 -0.482833 0.0892672 0.0344133 -0.254842 0.748738 0.552681 0.635342 -0.00451851 -0.0672095 0.576631 0.500905 -0.278143 1.17724 0.165902 0.262689 0.110678 0.319916 -0.149766 -0.390724 0.448401 -0.139965 -0.615524 -0.599889
72 -0.258861 0.287438 0.0701639 -0.390279 -0.468642 0.940525 -0.888559 0.470353 -0.376835 -0.520182 0.0298814 0.105594 -0.303953 0.815442 0.680527 0.63673 -0.011678 -0.0733207 0.59165 0.579314 -0.269927 1.3066 0.180554 0.273259 0.158596 0.381599 -0.179015 -0.399434 0.508707 -0.18828 -0.662165 -0.66612
183 -0.393734 0.011477 0.00427604 0.0239263 -0.14297 0.871011 0.0806974 0.345377 -0.557175 -0.670151 -0.0898239 0.393867 0.410956 -0.0943036 -0.287688 0.854484 0.170894 -0.025995 0.799002 0.638191 0.863106 0.202309 -0.213772 0.325475 1.2818 -0.00619232 -0.838227 -0.355152 0.365143 -0.739704 -1.26367 -0.426818
231 -0.118167 0.165646 -0.718501 -0.0042464 0.251295 0.237589 0.11766 0.604546 -0.391087 0.555888 -0.249703 -0.132452 0.23296 0.279536 -0.13961 0.670282 0.429968 -0.134529 0.412288 1.26373 0.24587 0.731643 -0.392659 0.0261748 0.212163 -0.446131 -0.84915 0.0197167 0.332823 -0.367742 0.355421 -1.54213
232 -0.105881 0.139816 -0.689986 -0.0617894 0.293698 0.141868 0.0184596 0.531718 -0.358542 0.597547 -0.22543 -0.254346 0.198645 0.388143 0.00390907 0.5881 0.425985 -0.156517 0.486134 1.19414 0.237587 0.688077 -0.196696 0.0288521 0.236953 -0.33841 -0.717928 0.0288275 0.353374 -0.496439 0.28774 -1.30763
233 -0.118333 0.129073 -0.826829 -0.0434201 0.326545 0.196788 -0.0131691 0.60626 -0.40457 0.719113 -0.288001 -0.3335 0.219526 0.501501 0.00770126 0.624136 0.497411 -0.209935 0.596342 1.35197 0.274071 0.797335 -0.125911 0.0421453 0.314544 -0.392174 -0.83207 0.061323 0.46438 -0.587577 0.259069 -1.5121
66 0.0856115 0.56194 0.341203 -0.127968 -0.574814 0.744419 -0.351212 -0.133179 -0.152816 -0.243027 -0.0842848 0.391202 -0.352907 0.684266 0.640669 0.200383 0.0649982 -0.234817 0.820449 0.52334 0.154456 1.12364 0.152214 0.00915463 0.707164 0.42042 -0.29596 -0.28556 0.50613 0.042285 -0.62117 -0.789258
65 0.116077 0.483825 0.221805 0.0543781 -0.611124 0.844158 -0.0895842 -0.069768 -0.324112 -0.153553 0.0109486 0.238179 -0.312073 0.434765 0.308794 0.258238 0.110226 -0.377052 1.11505 0.624585 0.201601 0.753435 0.217956 -0.081224 1.0816 0.207625 -0.337132 -0.56057 0.56953 0.27522 -0.458642 -0.552977
63 0.152656 0.515845 0.202503 0.12434 -0.677422 0.972733 0.028848 -0.13874 -0.392591 -0.106248 0.0300881 0.191026 -0.351595 0.386712 0.19573 0.271697 0.15961 -0.468377 1.3665 0.708724 0.276558 0.707974 0.259832 -0.167304 1.36423 0.173371 -0.381233 -0.716487 0.621921 0.424759 -0.421681 -0.499199
64 0.100326 0.443068 0.122701 0.0844111 -0.542416 0.78963 -0.0134811 -0.0520157 -0.332594 -0.121798 0.0350508 0.189885 -0.252612 0.323366 0.204557 0.248576 0.13818 -0.371087 1.1061 0.547723 0.225878 0.645958 0.191749 -0.102002 1.14109 0.104115 -0.366088 -0.589522 0.526941 0.275053 -0.398834 -0.489658
288 -0.692956 -0.292114 -0.0130373 -0.117055 -0.134103 0.509209 0.0477484 -0.220904 0.0956328 -0.228434 -0.144124 -0.365026 -0.0682979 0.447124 -0.286743 0.218361 0.41586 0.0657588 0.985349 0.593964 0.184244 0.909386 -0.216393 0.521918 0.442674 -0.597163 -0.263687 -0.168281 -0.405632 -0.871684 -0.512685 -1.80323
287 -0.59444 -0.253218 0.161031 -0.170224 -0.0375871 0.604238 0.122691 -0.229856 0.161293 -0.323364 -0.185762 -0.291751 -0.0731629 0.543558 -0.263867 0.174284 0.312896 0.10558 1.20254 0.71746 0.162762 0.900038 -0.412776 0.358347 0.36548 -0.661199 -0.360891 -0.283109 -0.485546 -1.01522 -0.600011 -1.88978
289 -0.75356 -0.312125 -0.183629 -0.107669 -0.190117 0.525488 -0.0345606 -0.195545 0.0118848 -0.171262 -0.105033 -0.331807 -0.00638132 0.366778 -0.285477 0.277924 0.460759 0.0354966 0.777889 0.524568 0.242595 0.815235 -0.142314 0.576345 0.354478 -0.52363 -0.170097 0.0168395 -0.383199 -0.76028 -0.437138 -1.59692
213 -0.0377759 -0.153755 0.399819 0.139538 -0.119445 0.106929 0.670054 0.390726 -0.534563 -0.263546 -0.112929 -0.614447 -0.141981 0.894044 0.0785157 0.403177 0.0484921 0.549157 0.177617 0.800392 -0.375216 0.666684 0.650862 0.355534 0.789141 0.274668 -0.804732 -0.245887 1.15771 0.31067 -0.313041 -0.753795
215 0.0467464 -0.167406 0.212581 -0.0174885 -0.108324 0.237469 0.788817 0.366619 -0.492473 -0.412146 -0.0502207 -0.397766 -0.0193303 0.763442 -0.0831774 0.587608 0.138346 0.543368 0.136533 0.703408 -0.290848 0.545331 0.517401 0.383945 0.622115 0.0955574 -0.890317 -0.22737 0.930246 0.333544 -0.337846 -0.871234
214 0.0681271 -0.114691 0.293629 0.0650551 -0.119142 0.152784 0.656053 0.351777 -0.449975 -0.317704 -0.0839032 -0.497592 -0.134975 0.784781 0.0938868 0.41159 0.0308379 0.521372 0.15789 0.744886 -0.403562 0.558665 0.570748 0.338136 0.663717 0.174794 -0.698059 -0.239266 0.927834 0.254707 -0.316506 -0.734454
212 -0.23265 -0.168738 0.426252 0.214463 -0.0686115 0.0221581 0.545166 0.478466 -0.562288 -0.116528 -0.131223 -0.705003 -0.21189 0.941188 0.124075 0.285628 0.0646088 0.500689 0.255715 0.746788 -0.296434 0.71793 0.633917 0.34245 0.95301 0.350209 -0.750608 -0.214612 1.2968 0.303376 -0.282257 -0.742841
211 -0.261738 -0.147257 0.453977 0.223872 -0.0165783 -0.0528929 0.390587 0.439755 -0.482355 -0.0569622 -0.0875092 -0.645601 -0.221951 0.83106 0.12232 0.15865 0.00249692 0.418643 0.272763 0.632527 -0.238788 0.687543 0.56551 0.298626 0.858997 0.351473 -0.615076 -0.164348 1.23157 0.225611 -0.232611 -0.601018
44 0.201019 -0.132883 0.245226 0.104833 -0.788319 0.251052 0.363004 0.192501 -0.743113 -0.279943 0.331265 -0.362445 -0.516159 -0.476954 -0.0254763 -0.275872 -0.513312 -0.980451 0.538459 0.0562839 0.250183 1.0754 0.0626758 0.0739299 0.789237 -0.0918751 -1.16655 -0.160754 0.222826 -0.810479 -0.00969465 -1.69605
45 -0.0054102 -0.0364664 0.105701 0.185958 -0.753812 0.366409 0.331786 0.216066 -0.501398 -0.231759 0.309221 -0.336659 -0.306478 -0.358143 -0.0478486 -0.185805 -0.407416 -0.925407 0.421933 -0.0527508 0.0252572 1.11913 0.00338657 0.134062 0.715896 -0.00858178 -0.892693 -0.177816 0.23697 -0.663678 0.088519 -1.42869
42 0.256091 -0.181866 0.236912 0.00790087 -0.688375 0.18944 0.256681 0.15024 -0.712457 -0.197831 0.381694 -0.255532 -0.546553 -0.45152 -0.0474704 -0.17439 -0.528342 -0.828764 0.685642 0.0703501 0.404738 0.927099 0.126877 0.0433399 0.816803 -0.187283 -1.16368 -0.203677 0.287769 -0.756517 -0.146782 -1.632
41 0.314216 -0.143391 0.228563 -0.0617263 -0.498695 0.0894138 0.064955 0.14087 -0.524043 -0.0769293 0.352341 -0.118125 -0.471407 -0.372054 -0.0116315 -0.0910862 -0.548654 -0.618981 0.780244 0.0348454 0.39023 0.750462 0.175302 -0.0684643 0.903462 -0.334591 -1.04602 -0.176165 0.29965 -0.652132 -0.236957 -1.49131
40 0.312087 -0.166948 0.200331 -0.0524757 -0.366249 0.0283578 -0.0697457 0.0958468 -0.382154 -0.0129874 0.368106 -0.0477901 -0.369964 -0.326438 0.053736 -0.0129764 -0.516538 -0.462999 0.8323 0.0435853 0.379942 0.61628 0.148764 -0.109229 0.841446 -0.412186 -0.917997 -0.150139 0.328154 -0.557479 -0.275792 -1.35173
39 0.32584 -0.179139 0.26629 -0.106062 -0.344922 0.0368819 -0.224155 0.0901112 -0.341706 0.0515668 0.369888 0.0623781 -0.312576 -0.359713 0.0697615 0.0354291 -0.675816 -0.336071 1.00332 0.00229436 0.437562 0.551291 0.188452 -0.200549 0.991327 -0.573001 -0.95792 -0.0975038 0.380877 -0.502975 -0.353194 -1.43599
38 0.288794 -0.149438 0.224843 -0.0836387 -0.195373 -0.0482056 -0.452375 0.134759 -0.137599 0.162873 0.399712 0.220188 -0.0733925 -0.242381 0.17389 0.179676 -0.717084 0.0158596 1.19839 0.0154 0.41682 0.407791 0.258272 -0.299637 1.2942 -0.840403 -0.944382 -0.0814431 0.548171 -0.323339 -0.445293 -1.39481
81 -0.243945 -0.00870565 -0.156127 0.476511 -0.582038 0.498309 -0.302233 0.983987 -1.21369 -0.151569 0.515818 -0.303137 -0.103543 0.0150999 -0.0902465 0.756664 0.0765792 0.00842929 0.504555 0.099828 -0.437588 0.504006 0.534604 -0.379757 0.420027 0.380868 -1.01382 -1.2579 0.104384 -0.177504 -0.786344 -0.959575
80 -0.402807 0.0754431 0.0388827 0.175472 -0.598203 0.65645 -0.422918 1.15197 -1.24814 -0.250419 0.556715 -0.19992 -0.130158 0.0719457 0.0513405 0.857823 0.13489 -0.0157981 0.537656 0.0332066 -0.377318 0.785113 0.685419 -0.268177 0.271545 0.646613 -0.774595 -1.23769 0.217405 -0.289587 -0.868592 -0.960613
82 -0.175808 -0.0444497 -0.25723 0.517508 -0.582979 0.447745 -0.233938 0.877241 -1.09262 -0.135672 0.448706 -0.316139 -0.0923215 0.0114369 -0.116466 0.616922 0.085146 0.0164752 0.44974 0.134248 -0.454917 0.392769 0.46936 -0.382026 0.468211 0.247927 -1.01397 -1.14035 0.0757625 -0.0902958 -0.669331 -0.930608
83 -0.218185 -0.108259 -0.349906 0.639848 -0.651026 0.511601 -0.217311 0.961242 -1.19693 -0.0867091 0.502547 -0.374982 -0.166067 0.00998116 -0.150398 0.673795 0.0893966 -0.00115583 0.517024 0.106671 -0.47871 0.375844 0.445776 -0.48104 0.526211 0.23504 -1.14775 -1.32676 0.0961064 -0.0657475 -0.740333 -1.01498
210 -0.407602 -0.19163 0.59038 0.31318 0.0264475 -0.0940588 0.419795 0.512354 -0.584266 -0.0164868 -0.136086 -0.734068 -0.36052 0.906847 0.0658679 0.187914 0.0482504 0.514062 0.375948 0.611741 -0.189662 0.86976 0.596298 0.329257 1.1032 0.434874 -0.750296 -0.153478 1.50128 0.255761 -0.295711 -0.677084
209 -0.619271 -0.247437 0.441881 0.3969 0.053261 -0.112471 0.327923 0.499082 -0.538448 0.057721 -0.106433 -0.621427 -0.466463 0.807283 0.0287531 0.109751 0.107544 0.430825 0.51097 0.468117 0.0206997 0.928009 0.438178 0.281849 1.21055 0.492437 -0.727467 -0.143101 1.58659 0.21404 -0.330146 -0.690995
208 -0.577238 -0.180518 0.406209 0.393479 0.116532 -0.172686 0.267386 0.409076 -0.460443 0.12681 -0.0935528 -0.492362 -0.528478 0.670487 -0.0302619 0.00690337 0.230388 0.358763 0.511459 0.291565 0.14428 0.807188 0.36063 0.0981667 1.07382 0.523707 -0.587333 -0.0937296 1.42143 0.155169 -0.205878 -0.56537
171 -0.568272 -0.169564 -0.173578 0.104024 -0.644532 1.28925 -0.488896 0.435928 -0.185226 -1.0073 0.16669 -0.330087 0.460521 -0.183686 0.855679 0.213643 -0.0163602 -0.386694 0.304502 0.647829 -0.521645 0.366206 -0.340568 0.366951 0.627559 -0.407634 -0.468463 -0.388941 1.46113 0.042883 -0.54824 -1.05878
172 -0.56215 -0.139137 -0.133869 0.105832 -0.586361 1.14878 -0.472202 0.380908 -0.225566 -0.919707 0.0782304 -0.260955 0.409058 -0.24492 0.732562 0.214773 -0.00248159 -0.450214 0.227756 0.571874 -0.578844 0.336954 -0.308771 0.380313 0.642387 -0.395277 -0.348696 -0.350908 1.28911 -0.0611513 -0.595091 -0.853436
173 -0.632983 -0.135197 -0.167844 0.173482 -0.567482 1.10044 -0.432004 0.417212 -0.221399 -0.916373 0.043844 -0.249026 0.391833 -0.217073 0.679914 0.227672 -0.0338583 -0.481071 0.278864 0.649548 -0.583561 0.403503 -0.315837 0.420917 0.766503 -0.439275 -0.44937 -0.416434 1.3582 -0.157345 -0.708016 -0.933381
174 -0.812576 -0.0605977 -0.266011 0.277642 -0.52425 1.01454 -0.224467 0.441683 -0.252767 -0.807396 -0.0502514 -0.159289 0.420963 -0.237661 0.59217 0.231744 -0.141831 -0.697163 0.0905067 0.621296 -0.481089 0.30257 -0.371212 0.401825 0.855479 -0.412146 -0.449962 -0.444286 1.26855 -0.417557 -0.816615 -0.770378
122 -0.790468 -0.292455 -0.83516 -0.233337 -1.33784 0.531611 -0.131817 0.910371 -0.597262 -0.616757 -0.0565616 -0.274235 -0.159844 0.0484789 0.274341 0.189185 -0.63399 0.678472 0.47007 0.382975 0.445201 0.359364 -0.20999 0.529141 0.697181 -0.539046 -0.363798 -0.206501 0.325364 0.574759 -1.00948 -0.78441
123 -0.543638 -0.0516133 -0.828283 0.0194968 -1.0003 0.706797 -0.0544958 0.684423 -0.714127 -0.561144 0.00710544 -0.433538 -0.240697 0.0435023 0.257009 0.0708738 -0.472811 0.550491 0.254677 0.263309 0.249022 0.579263 -0.169758 0.505679 0.614841 -0.783066 -0.260696 -0.327022 0.241018 0.551407 -0.569473 -0.60089
125 -0.425404 0.121535 -0.887164 0.169367 -0.937533 0.951794 -0.036156 0.657294 -0.900627 -0.551235 0.00719292 -0.530323 -0.251739 0.0729704 0.31645 0.0358562 -0.477944 0.564918 0.158414 0.260761 0.130451 0.830702 -0.122143 0.608025 0.694905 -1.00877 -0.218349 -0.412489 0.270451 0.588822 -0.365771 -0.580386
124 -0.367925 0.08934 -0.688002 0.151037 -0.733148 0.774511 -0.0723995 0.5238 -0.729025 -0.464314 0.0269149 -0.452259 -0.221158 0.0938951 0.243776 0.0264819 -0.377533 0.421612 0.18566 0.227158 0.0959173 0.721332 -0.100532 0.505669 0.635718 -0.838084 -0.25828 -0.391361 0.234554 0.47104 -0.335367 -0.518969
126 -0.433286 0.254527 -0.891615 0.255629 -0.870904 0.996716 -0.0189309 0.633139 -0.963439 -0.435823 0.0449851 -0.52422 -0.339443 0.152104 0.323558 -0.00897218 -0.339944 0.551661 0.0802247 0.247632 0.0453682 0.926575 -0.151322 0.698542 0.778158 -1.16209 -0.143833 -0.466401 0.184131 0.521047 -0.29782 -0.656918
128 -0.426283 0.41876 -0.835558 0.35624 -0.813858 0.904019 -0.0174536 0.616502 -0.942467 -0.335087 0.0890101 -0.415774 -0.363288 0.259972 0.453482 0.00282237 -0.226179 0.475805 -0.0350967 0.271229 -0.000469349 0.988718 -0.233572 0.799838 0.950498 -1.2024 0.0142619 -0.395022 0.0621104 0.523349 -0.256466 -0.684045
286 -0.453198 -0.219066 0.232456 -0.181974 0.043134 0.521975 0.143871 -0.175212 0.194276 -0.327576 -0.174533 -0.22407 -0.0731287 0.535497 -0.244795 0.142744 0.178728 0.115812 1.12791 0.720598 0.141012 0.808468 -0.469143 0.261931 0.380933 -0.613021 -0.476939 -0.344244 -0.410299 -0.951373 -0.562562 -1.82255
285 -0.581017 -0.236675 0.265202 -0.153533 0.0564242 0.696252 0.165149 -0.123178 0.19108 -0.398761 -0.204659 -0.198724 -0.0947742 0.585549 -0.267017 0.0848151 0.179777 0.0868347 1.31328 0.762893 0.109918 0.911559 -0.525254 0.221712 0.376523 -0.647414 -0.523824 -0.438632 -0.482302 -1.11191 -0.602263 -1.93803
284 -0.484962 -0.199751 0.183232 -0.117158 -0.00245749 0.790216 0.15936 0.0404009 0.105301 -0.411981 -0.179142 -0.144362 -0.0963556 0.605047 -0.214114 0.0152505 0.0104219 0.0834398 1.18765 0.662133 0.0528578 0.833077 -0.520859 0.0509462 0.219622 -0.484384 -0.508881 -0.438074 -0.491861 -1.04011 -0.502648 -1.60248
282 -0.530242 -0.246216 0.0858689 -0.0633375 -0.0923268 0.88105 0.0958559 0.146122 0.0443859 -0.439169 -0.120407 -0.112426 -0.0635042 0.597837 -0.24541 -0.0167305 -0.0508716 0.113188 1.09723 0.649801 0.0745858 0.837914 -0.459134 0.060029 0.123544 -0.40865 -0.532676 -0.361733 -0.481066 -1.053 -0.457725 -1.46597
283 -0.465364 -0.196137 0.10475 -0.0556177 -0.0819584 0.774826 0.123057 0.181688 0.0383204 -0.375764 -0.112885 -0.0919287 -0.0865238 0.5297 -0.196577 -0.039269 -0.0549402 0.103096 0.972699 0.579 0.0508644 0.731728 -0.423064 0.027249 0.136534 -0.344853 -0.461955 -0.387323 -0.406234 -0.91396 -0.403532 -1.25872
281 -0.379032 -0.523011 -0.0136273 0.16042 -0.412784 0.813377 -0.0321773 0.22897 -0.137499 -0.464669 -0.0155063 -0.166287 -0.00754327 0.691876 -0.306242 -0.161253 -0.29421 0.294508 0.935196 0.742661 0.182091 1.10324 -0.192923 0.123472 0.0203205 -0.11076 -0.606529 -0.314058 -0.408682 -1.01822 -0.468137 -1.06642
279 -0.240519 -0.655342 -0.13942 0.308755 -0.591133 0.662248 -0.166442 0.258434 -0.283253 -0.381906 0.0889429 -0.170866 -0.00845695 0.637187 -0.262718 -0.178753 -0.437521 0.368007 0.751667 0.710663 0.28595 1.26509 0.0678952 0.221364 0.127896 0.102198 -0.665056 -0.223371 -0.181242 -0.797525 -0.483035 -0.74341
299 -0.454933 -0.162131 -0.506306 -0.0734892 0.337792 0.423438 -0.333463 0.224354 -0.144728 0.343834 0.316291 0.425104 -0.58013 0.698852 0.181344 0.903686 -0.656398 0.237007 1.24863 0.13711 -0.409424 0.842143 -0.546946 0.811168 0.800322 -0.874025 -0.819992 -0.417189 0.0123871 0.109772 -0.0983877 -0.641098
297 -0.54251 -0.208288 -0.516028 -0.056304 0.303304 0.425505 -0.353588 0.19146 -0.173596 0.334312 0.294004 0.358238 -0.500395 0.634661 0.143312 0.886637 -0.543787 0.218172 1.13796 0.128238 -0.390189 0.808663 -0.487948 0.790405 0.707559 -0.783182 -0.740731 -0.303048 -0.0608689 0.0979619 -0.0765127 -0.639742
298 -0.393928 -0.159836 -0.399859 -0.0366049 0.298447 0.35005 -0.299505 0.207125 -0.163027 0.298461 0.276369 0.384983 -0.530405 0.646039 0.191783 0.786921 -0.589689 0.21863 1.04749 0.110604 -0.373102 0.697494 -0.466409 0.725646 0.697135 -0.726918 -0.709502 -0.370278 0.032794 0.150968 -0.0924644 -0.507281
0 -0.341897 -0.0648429 -0.520655 -0.0678658 0.328767 0.422804 -0.178652 0.23281 -0.202243 0.319652 0.379363 0.521891 -0.705817 0.830651 0.245556 0.882916 -0.595131 0.283612 1.42868 0.130044 -0.46676 0.864542 -0.574099 0.674227 0.784284 -0.890847 -0.894742 -0.537258 0.0586922 0.122548 -0.0270998 -0.49061
1 -0.234264 -0.021657 -0.371244 -0.0752667 0.285474 0.308757 -0.164136 0.162527 -0.173654 0.262435 0.333566 0.482744 -0.612079 0.649937 0.18958 0.736428 -0.540313 0.23529 1.25476 0.0871745 -0.34049 0.726641 -0.481785 0.53839 0.700668 -0.7651 -0.763629 -0.413233 0.0595472 0.0728734 -0.0219556 -0.368719
2 -0.291722 -0.0268547 -0.51511 -0.0327275 0.282326 0.371466 -0.117444 0.156307 -0.184646 0.301063 0.34421 0.564487 -0.758059 0.805722 0.219095 0.859518 -0.515739 0.304107 1.44987 0.164859 -0.384001 0.87872 -0.528287 0.511336 0.734299 -0.826777 -0.86355 -0.464161 0.0299741 0.120208 0.01205 -0.449984
230 -0.173878 0.254962 -0.704756 0.027457 0.109565 0.362511 0.14672 0.614196 -0.329076 0.396374 -0.187745 0.0861042 0.303512 0.0971782 -0.255408 0.658589 0.394972 -0.0813485 0.248446 1.20953 0.293029 0.662357 -0.591651 0.0998943 0.195272 -0.503367 -1.01073 -0.122102 0.36288 -0.200376 0.337409 -1.59264
228 -0.181197 0.366386 -0.724398 0.044519 0.00680606 0.570079 0.25018 0.589513 -0.355997 0.262413 -0.154201 0.260408 0.265517 0.0154986 -0.480527 0.670939 0.375242 -0.06923 0.10685 1.05219 0.412923 0.629279 -0.651965 0.342143 0.217569 -0.531392 -1.08777 -0.290801 0.387267 -0.0205489 0.251284 -1.66161
34 0.320733 -0.00948991 0.297436 -0.0782185 0.027007 -0.238408 -0.536333 0.168492 0.0105445 0.186431 0.327902 0.248245 0.271416 -0.13174 0.19216 0.330603 -0.677825 0.217651 1.12318 0.0327425 0.392876 0.451097 0.19762 -0.207495 1.44177 -0.93445 -0.899582 -0.135139 0.518927 -0.157188 -0.424498 -1.16545
35 0.295391 -0.0206559 0.273933 -0.0960016 -0.0226452 -0.204601 -0.607295 0.168936 -0.0412886 0.190018 0.361724 0.246974 0.232857 -0.179931 0.196035 0.364625 -0.718881 0.211887 1.2552 0.0541517 0.403698 0.519962 0.230164 -0.196568 1.5363 -0.998004 -0.987166 -0.140467 0.574959 -0.179553 -0.499538 -1.29511
33 0.302195 0.0205845 0.305148 -0.10985 0.0298543 -0.232255 -0.641659 0.178164 -0.011462 0.184001 0.382268 0.24906 0.323565 -0.199486 0.216236 0.428452 -0.739453 0.245831 1.17405 0.0874782 0.381874 0.624542 0.198377 -0.187092 1.57697 -1.00718 -0.987158 -0.100701 0.556104 -0.115799 -0.496918 -1.22809
32 0.217828 0.127025 0.263988 -0.11062 0.0553648 -0.251981 -0.665726 0.231908 -0.0839266 0.162726 0.369465 0.178059 0.344907 -0.234007 0.242132 0.48288 -0.554509 0.197908 1.13167 0.160116 0.374756 0.752351 0.115724 -0.0554997 1.51451 -0.905115 -0.956528 -0.186859 0.451873 -0.10856 -0.473367 -1.16476
30 0.159449 0.184432 0.187707 -0.0999938 0.0385096 -0.288059 -0.716112 0.28167 -0.218136 0.156799 0.361802 0.143555 0.325902 -0.40142 0.205495 0.563105 -0.478228 0.0978005 1.07346 0.108583 0.421612 0.842612 0.0296127 -0.0421828 1.35814 -0.884216 -0.878492 -0.141087 0.367858 -0.0374257 -0.389922 -0.973105
29 -0.0886643 0.242919 0.0904649 -0.196479 0.033699 -0.281046 -0.684553 0.281406 -0.40605 0.0988097 0.280758 0.0440346 0.21382 -0.588593 0.115889 0.67772 -0.30172 -0.115551 0.966691 0.0654205 0.417818 1.16197 -0.0861255 0.0908626 1.10331 -0.677533 -0.748881 -0.0486714 0.133449 0.0487082 -0.281083 -0.688058
185 -0.4285 -0.0089092 -0.0532185 0.00319938 -0.136226 0.828813 0.0816787 0.366507 -0.509196 -0.614546 -0.131263 0.376121 0.285283 -0.0287881 -0.353685 0.819078 0.145236 0.056413 0.767689 0.583921 0.814741 0.208278 -0.081365 0.370639 1.2002 -0.0511933 -0.810461 -0.323648 0.307142 -0.637984 -1.17101 -0.436933
184 -0.355417 -0.00283404 0.000576141 0.0135252 -0.124273 0.759489 0.0812717 0.344632 -0.514972 -0.603429 -0.0729904 0.318943 0.352402 -0.0803153 -0.316685 0.810154 0.174396 0.0362763 0.760438 0.549429 0.804975 0.15204 -0.124423 0.310318 1.14057 -0.0247779 -0.786334 -0.351066 0.263651 -0.616715 -1.11938 -0.385285
270 0.0167398 -0.659798 -0.308098 0.9008 -0.995558 0.522944 0.0660098 -0.188963 -0.338619 -0.0990449 0.399072 -0.254561 0.352551 0.133308 0.203186 0.135085 -0.305221 0.131073 0.402628 0.543747 0.918252 1.38903 0.592902 0.688753 0.283892 -0.0793426 -0.857682 -0.457827 0.855448 -0.294068 -0.440969 -0.581318
272 0.0912477 -0.708698 -0.330924 0.81698 -0.991022 0.385831 -0.0524847 -0.0624564 -0.367297 -0.145662 0.351973 -0.194274 0.281276 0.296892 0.0338517 -0.0374711 -0.394938 0.181124 0.407329 0.63335 0.78952 1.40222 0.636144 0.63705 0.255114 0.0792119 -0.759229 -0.30769 0.695541 -0.29931 -0.416579 -0.49029
271 0.0389997 -0.590418 -0.253197 0.783363 -0.877729 0.414318 0.0416344 -0.147886 -0.33216 -0.082467 0.339299 -0.215488 0.278589 0.15062 0.128366 0.115712 -0.322027 0.123773 0.369237 0.537953 0.812027 1.21686 0.524916 0.614011 0.290236 -0.0226671 -0.750269 -0.389442 0.74183 -0.254908 -0.372221 -0.489413
273 0.0685257 -0.80272 -0.274871 0.678994 -1.0251 0.434187 -0.279617 0.133473 -0.495993 -0.282833 0.307761 -0.157023 0.193872 0.480835 -0.106782 -0.14358 -0.535934 0.298529 0.569298 0.70673 0.655181 1.56826 0.622467 0.534205 0.299114 0.180129 -0.831308 -0.214983 0.56002 -0.307104 -0.526254 -0.510969
99 -0.05832 0.503809 -0.658909 0.148801 -0.423174 1.13588 -0.387423 0.846441 -0.530578 -0.0061048 -0.0779032 -0.161544 -0.00414695 0.450248 0.340006 -0.085378 0.204549 0.159828 0.0175908 0.165521 -0.287542 0.71339 -0.173855 -0.2198 1.26803 -0.00522172 -1.28514 -0.240712 -0.220125 0.305156 0.122958 -0.735133
100 -0.0655808 0.383575 -0.540337 0.179303 -0.316402 0.926683 -0.264277 0.621197 -0.441 0.00953927 -0.130856 -0.137248 -0.0528002 0.435365 0.289356 -0.108518 0.0994106 0.0841411 0.045167 0.168191 -0.211466 0.674876 -0.194508 -0.195001 1.10155 -0.068265 -1.13029 -0.233407 -0.154991 0.280769 0.0519984 -0.660622
101 -0.118336 0.39166 -0.555363 0.302359 -0.260816 0.960254 -0.252667 0.636421 -0.505129 0.0700322 -0.24069 -0.131 -0.123443 0.545979 0.314073 -0.243862 0.153225 0.0537209 0.0176512 0.189187 -0.260474 0.709987 -0.303707 -0.336302 1.31603 -0.0221744 -1.34432 -0.3843 -0.212071 0.403748 0.0945824 -0.678176
102 -0.203431 0.128028 -0.418087 0.482158 -0.10189 0.759454 -0.0994655 0.364663 -0.466831 0.210166 -0.43082 -0.100505 -0.274254 0.641385 0.311687 -0.424725 -0.0295703 -0.0292488 -0.0201089 0.16524 -0.210923 0.816689 -0.499464 -0.457313 1.32904 -0.0434588 -1.45467 -0.512667 -0.197291 0.507016 0.0261823 -0.668399
103 -0.255907 0.127315 -0.328474 0.50586 -0.0492973 0.686268 -0.0971881 0.330906 -0.411057 0.194404 -0.418761 -0.107155 -0.245818 0.673533 0.299612 -0.472087 -0.00410894 -0.0423529 0.0344697 0.203055 -0.225347 0.764781 -0.52217 -0.469655 1.24363 -0.024207 -1.33334 -0.59118 -0.144605 0.507673 0.032336 -0.629444
107 -0.981462 -0.292675 0.0988906 0.556904 0.120131 0.385875 0.0711777 0.183035 -0.363627 0.420405 -0.58571 0.110105 -0.373143 0.65218 0.0609402 -0.444943 0.0916303 -0.0195722 0.28426 0.267151 0.108207 0.908157 -0.713872 -0.208174 1.68854 0.224979 -1.33877 -0.62234 -0.243133 0.413716 -0.108647 -0.876011
106 -0.721493 -0.241943 0.0700252 0.510205 0.120277 0.297408 0.109175 0.113917 -0.311429 0.358233 -0.48548 0.0970825 -0.350191 0.537674 0.0770038 -0.384511 0.0345435 0.00281396 0.25384 0.181589 0.0847656 0.766919 -0.537713 -0.260086 1.3867 0.184852 -1.15603 -0.520296 -0.179331 0.384888 -0.0463293 -0.743632
108 -1.28174 -0.407245 0.20507 0.376042 -0.0312876 0.305969 0.140952 0.219021 -0.244375 0.40752 -0.593452 0.243602 -0.334802 0.61034 -0.0487723 -0.280399 0.181607 -0.0536755 0.325111 0.384421 0.208898 0.940676 -0.770671 0.0833315 1.72884 0.361541 -1.24844 -0.603871 -0.236162 0.274532 -0.269492 -0.831997
105 -0.701213 -0.16651 -0.0265164 0.625042 0.128189 0.4695 0.056017 0.17127 -0.390613 0.360385 -0.573816 0.0384587 -0.377327 0.667518 0.191192 -0.511744 -0.0106257 -0.00976905 0.202 0.212779 0.0180705 0.91711 -0.607512 -0.351063 1.57498 0.134879 -1.3885 -0.656583 -0.182732 0.488739 -0.0833337 -0.814757
110 -1.43899 -0.429959 0.167516 0.121844 -0.18354 0.309333 0.174088 0.252786 -0.221296 0.37081 -0.503274 0.300153 -0.259634 0.483517 -0.190689 -0.128287 0.284956 -0.118186 0.278375 0.479523 0.268297 0.922939 -0.798755 0.303588 1.53468 0.38192 -1.0403 -0.513633 -0.208689 0.0966192 -0.35558 -0.711196
109 -1.27169 -0.363376 0.170818 0.141068 -0.0968448 0.271303 0.126585 0.20881 -0.169449 0.340963 -0.476721 0.286048 -0.23347 0.470027 -0.175666 -0.0905899 0.265604 -0.0956267 0.273246 0.4333 0.2047 0.816984 -0.709897 0.295752 1.42942 0.355429 -0.980716 -0.47894 -0.179868 0.104073 -0.3031 -0.688937
86 -0.344662 0.057728 -0.4126 0.529158 -0.655973 0.56266 -0.416541 0.86166 -1.05639 -0.0744528 0.211358 -0.584847 0.0248643 0.122066 -0.325193 0.333117 0.300312 -0.0307059 0.561923 0.29485 -0.72135 0.127762 0.402326 -0.553629 0.629221 -0.0663493 -1.26898 -1.22224 0.0781239 0.148942 -0.562808 -1.18712
84 -0.283598 -0.0725451 -0.42006 0.65351 -0.684217 0.525601 -0.287241 0.897297 -1.10537 -0.11794 0.353943 -0.505581 -0.0528636 0.0821101 -0.252452 0.490377 0.185727 -0.0221932 0.556568 0.255077 -0.59763 0.239586 0.394591 -0.524226 0.619454 0.0173218 -1.25614 -1.29434 0.120327 0.0287871 -0.677121 -1.16374
116 -1.47025 -0.196962 -0.675027 -0.248543 -1.12023 0.60295 -0.0665472 0.935357 -0.54134 -0.238679 -0.0040667 0.259603 0.0173698 0.267043 -0.00193455 0.0281778 -0.180809 0.547555 0.199003 0.640794 0.593137 0.802431 -0.594651 0.591494 0.790047 0.0131546 -0.509915 -0.0669622 0.0243746 0.146136 -0.802563 -0.676668
114 -1.53827 -0.271274 -0.423385 -0.186425 -0.837925 0.496892 0.0162286 0.718656 -0.426714 -0.0150131 -0.134847 0.268823 -0.0688605 0.296945 -0.0902872 -0.0372574 0.00638171 0.293456 0.148201 0.616113 0.479448 0.825716 -0.691591 0.512775 0.873811 0.226912 -0.557192 -0.145923 -0.104726 0.0372416 -0.615231 -0.58931
117 -1.43099 -0.190403 -0.777171 -0.318615 -1.28083 0.598777 -0.0916755 1.06023 -0.604041 -0.333301 0.0577238 0.245529 0.0535648 0.186798 0.0675894 0.0376507 -0.322155 0.684685 0.20847 0.644786 0.687 0.758004 -0.565982 0.640765 0.741851 -0.082325 -0.501729 0.0407635 0.133117 0.190528 -0.954741 -0.781431
119 -1.17131 -0.228435 -0.767149 -0.265802 -1.27818 0.513255 -0.116861 1.00808 -0.546388 -0.398601 0.040736 0.130628 0.0215943 0.157701 0.107778 0.115055 -0.44953 0.682435 0.310894 0.562624 0.587298 0.617997 -0.399074 0.599538 0.702635 -0.208805 -0.469582 0.00116077 0.209287 0.276099 -1.03623 -0.804036
118 -1.18421 -0.189835 -0.735448 -0.264239 -1.17887 0.451864 -0.102418 0.966573 -0.503206 -0.308902 0.0495334 0.16389 0.0125431 0.153918 0.0650941 0.0441348 -0.379947 0.647974 0.250682 0.529228 0.616087 0.58517 -0.428118 0.563185 0.649917 -0.140008 -0.45271 0.0133797 0.152882 0.254088 -0.900256 -0.739259
120 -0.885837 -0.307547 -0.856024 -0.228064 -1.30836 0.495727 -0.0852687 0.913251 -0.536404 -0.567196 -0.0644354 -0.169935 -0.15944 0.0777253 0.227834 0.193014 -0.578657 0.674414 0.399574 0.436563 0.515151 0.368871 -0.277446 0.545275 0.749333 -0.445371 -0.413317 -0.114066 0.243313 0.515432 -1.00978 -0.783677
238 -0.111588 0.168732 -0.80943 -0.173272 0.306185 0.231378 -0.22154 0.445035 -0.303853 0.662369 -0.26011 -0.556098 -0.0202781 0.801137 0.0752908 0.384471 0.505239 -0.157662 0.621224 0.95127 0.173291 0.822973 0.372028 0.219626 0.324867 -0.128132 -0.538872 -0.0273329 0.590124 -0.676966 -0.0612461 -1.15087
237 -0.148995 0.182101 -0.938761 -0.186805 0.396056 0.218606 -0.25353 0.542078 -0.321917 0.803483 -0.335928 -0.644525 -0.0464081 0.936255 0.0756684 0.465469 0.564789 -0.214948 0.771331 1.13633 0.227419 0.948402 0.466617 0.243837 0.411154 -0.126969 -0.65225 -0.0110947 0.720674 -0.837724 -0.0534679 -1.32905
239 -0.114158 0.18466 -0.851261 -0.169617 0.353222 0.236486 -0.270322 0.503309 -0.33405 0.689609 -0.293586 -0.58625 -0.0386629 0.895765 0.0991486 0.392327 0.555556 -0.171392 0.714449 1.03373 0.208944 0.90094 0.451282 0.24509 0.360001 -0.105812 -0.557721 -0.053052 0.650795 -0.759305 -0.0573563 -1.24172
240 -0.168658 0.320864 -0.762892 -0.129303 0.363459 0.189254 -0.317017 0.559586 -0.279314 0.432729 -0.254535 -0.348642 0.0275046 0.873853 -0.0229743 0.221479 0.489543 0.0244484 0.632597 0.96283 0.08315 0.9605 0.32394 0.308941 0.387209 0.0084116 -0.522253 -0.24975 0.647477 -0.486597 -0.0250141 -1.09789
241 -0.225147 0.208092 -0.543915 0.00889014 0.210548 0.205842 -0.229117 0.467945 -0.217521 0.150539 -0.142067 -0.146965 0.0261686 0.639226 -0.0405297 0.176393 0.326424 0.134309 0.613085 0.780916 0.0714964 0.923859 0.189265 0.283303 0.508493 -0.0601577 -0.543217 -0.301686 0.527475 -0.26049 -0.124847 -0.983099
242 -0.181555 0.383142 -0.526298 -0.00685374 0.440428 0.0869882 -0.355345 0.569486 -0.168676 0.0972975 -0.20268 -0.0221157 0.153815 0.833537 -0.178198 0.00758115 0.453762 0.293145 0.63281 0.889481 -0.0125362 1.03934 0.195622 0.359374 0.432874 0.11463 -0.424115 -0.539057 0.588769 -0.151501 -0.0244819 -0.916858
115 -1.32835 -0.18376 -0.542153 -0.235899 -0.898856 0.54083 -0.0637858 0.791269 -0.457936 -0.114427 -0.020343 0.271632 0.0152898 0.258311 -0.0419418 0.003918 -0.145888 0.408128 0.11483 0.557557 0.510709 0.739439 -0.559418 0.536155 0.703266 0.130346 -0.442962 -0.0386815 -0.0129605 0.0804466 -0.65747 -0.554745
113 -1.5779 -0.358688 -0.234458 -0.146749 -0.664751 0.445979 0.0794384 0.570108 -0.348759 0.121823 -0.274249 0.26929 -0.133535 0.374278 -0.160872 -0.0102944 0.104804 0.135281 0.176348 0.613718 0.411593 0.81958 -0.745121 0.508041 1.08274 0.318417 -0.698687 -0.250452 -0.166942 0.0194037 -0.534156 -0.56045
111 -1.58218 -0.382661 -0.0768134 -0.0734779 -0.489071 0.410536 0.106286 0.438087 -0.268617 0.190833 -0.384702 0.316049 -0.150524 0.397964 -0.207052 -0.0169206 0.255402 -0.00472214 0.234435 0.599274 0.338751 0.890432 -0.802391 0.514234 1.26498 0.386246 -0.86225 -0.39258 -0.178713 0.0120724 -0.484453 -0.577515
112 -1.37152 -0.334313 -0.163913 -0.0675993 -0.495237 0.374838 0.0583022 0.4235 -0.268394 0.204254 -0.316243 0.253323 -0.146108 0.362616 -0.145565 -0.049114 0.157092 0.0503806 0.167629 0.507839 0.304098 0.775208 -0.661293 0.395825 1.02296 0.301502 -0.68805 -0.284992 -0.157277 0.0213293 -0.370597 -0.485767
121 -0.751842 -0.268846 -0.817824 -0.216439 -1.19848 0.496194 -0.0937454 0.819813 -0.520584 -0.564788 -0.0720254 -0.20055 -0.165494 0.0470526 0.238666 0.220106 -0.516171 0.632237 0.413563 0.358966 0.430548 0.323621 -0.208717 0.500971 0.669097 -0.481219 -0.381535 -0.14161 0.261646 0.527828 -0.947738 -0.734002
5 -0.341238 0.0441476 -0.939361 0.304723 -0.158357 0.384822 0.237991 0.0882365 -0.30923 -0.040718 0.0191831 0.491013 -0.78297 0.397214 0.265231 0.658534 0.0687397 0.455099 1.40197 0.280179 0.0118428 0.799167 -0.0342359 -0.29734 0.616157 -0.483762 -0.670048 -0.134221 -0.148595 0.184919 0.110657 -0.410377
6 -0.373751 0.064505 -1.10898 0.431935 -0.317922 0.425737 0.300586 0.132595 -0.389126 -0.209894 -0.0827622 0.490295 -0.837034 0.37724 0.316615 0.621783 0.190091 0.533399 1.51285 0.430671 0.165127 0.877836 0.10902 -0.467949 0.616288 -0.400831 -0.712193 -0.0741333 -0.188375 0.231451 0.084757 -0.532381
8 -0.486916 0.0579545 -1.27904 0.501662 -0.399697 0.506192 0.288315 0.198079 -0.476573 -0.282595 -0.18784 0.42585 -0.87247 0.253056 0.41665 0.631268 0.281693 0.50982 1.59721 0.537894 0.245638 0.902964 0.173943 -0.611539 0.604695 -0.372266 -0.701305 -0.0361957 -0.198679 0.224765 0.153759 -0.625149
7 -0.427221 0.0312381 -1.12184 0.451167 -0.363023 0.402454 0.264172 0.153611 -0.420116 -0.256849 -0.131451 0.397347 -0.74557 0.243628 0.363052 0.557533 0.2504 0.487147 1.43266 0.466441 0.211016 0.849155 0.193815 -0.49672 0.557141 -0.328566 -0.632691 -0.00551293 -0.174339 0.164266 0.0911705 -0.561738
25 -0.472129 0.339778 -0.181227 -0.24023 6.05024e-05 0.00473028 -0.518118 0.332278 -0.772723 -0.0847081 0.0312193 -0.14727 -0.054677 -0.636169 -0.0387758 0.745416 0.0488751 -0.391782 0.787099 0.0874969 0.368582 1.5868 -0.251283 0.253755 0.840454 -0.357589 -0.816312 -0.0540691 -0.00495213 0.211262 -0.288419 -0.45141
24 -0.517658 0.382903 -0.238941 -0.247995 -0.0101597 0.0445622 -0.583798 0.408941 -0.842495 -0.101564 0.0213117 -0.158165 -0.0738467 -0.667524 -0.0142611 0.802006 0.00951091 -0.455928 0.896275 0.134253 0.378764 1.7511 -0.210008 0.276504 0.937225 -0.370264 -0.902143 -0.0475485 0.0244571 0.225981 -0.346131 -0.533426
23 -0.473191 0.255172 -0.24953 -0.171968 0.0705924 -0.0476335 -0.472278 0.540528 -0.710197 -0.179278 -0.191721 -0.204356 -0.0334588 -0.716153 0.156102 0.60856 -0.0415616 -0.387782 0.715309 0.222883 0.443437 1.36326 -0.173521 0.199232 0.857645 -0.407926 -0.896542 0.0397586 0.0227423 0.0581397 -0.333587 -0.549961
21 -0.363324 -0.00887584 -0.296393 -0.00683383 0.113222 -0.193586 -0.231725 0.842506 -0.402919 -0.359066 -0.470029 -0.250902 0.0325015 -0.663432 0.400427 0.197707 -0.187466 -0.189483 0.493952 0.471619 0.544318 0.734684 -0.00574544 0.178859 0.92707 -0.473209 -0.92828 0.0748358 0.20912 -0.215187 -0.426844 -0.773538
20 -0.402731 -0.173237 -0.439502 0.175851 0.0980828 -0.164053 -0.0889151 1.09785 -0.276475 -0.478478 -0.661905 -0.286061 0.067554 -0.618565 0.600429 0.00266273 -0.274255 -0.0450497 0.418029 0.708262 0.6052 0.456144 0.0986724 0.153077 1.02209 -0.522523 -1.03083 0.11585 0.368334 -0.413031 -0.548821 -0.977793
18 -0.43053 -0.251552 -0.588038 0.260543 0.0230709 -0.0624946 0.00926589 1.01966 -0.268635 -0.510373 -0.624755 -0.208526 0.0326364 -0.555859 0.632589 -0.0431948 -0.115413 0.00655045 0.418538 0.731563 0.592634 0.354356 0.160425 -0.00476095 0.853908 -0.505076 -0.91853 0.115243 0.278885 -0.356361 -0.459459 -0.967583
19 -0.308925 -0.223797 -0.365055 0.179917 0.0879048 -0.15961 -0.0139527 0.984993 -0.167256 -0.421506 -0.607532 -0.276719 0.0687826 -0.443535 0.578302 -0.105824 -0.264018 -0.0104095 0.338713 0.678502 0.555016 0.331078 0.0584828 0.144584 0.923266 -0.488166 -0.94694 0.0586428 0.366955 -0.419638 -0.47211 -0.953577
236 -0.0570705 0.110303 -0.853805 -0.155019 0.400211 0.202474 -0.200804 0.531893 -0.359394 0.813769 -0.311019 -0.629964 0.0332378 0.829781 0.12706 0.517194 0.512246 -0.260773 0.793647 1.18571 0.207279 0.856319 0.38728 0.119936 0.398458 -0.229511 -0.651423 0.0364178 0.616912 -0.860243 -0.0147285 -1.34007
235 -0.0947 0.0685527 -0.695106 -0.101097 0.349542 0.151671 -0.11961 0.476854 -0.298659 0.661169 -0.289768 -0.47884 0.0679214 0.653826 0.128953 0.460624 0.430661 -0.205808 0.674523 1.07492 0.170006 0.719613 0.251866 0.0552699 0.330992 -0.21341 -0.570915 0.0965479 0.486275 -0.71391 0.0168118 -1.13813
234 -0.0461221 0.0874438 -0.797154 -0.125901 0.414356 0.137477 -0.109934 0.591255 -0.338806 0.794029 -0.313765 -0.532968 0.0974661 0.699408 0.123697 0.548294 0.468862 -0.222294 0.810439 1.28672 0.238876 0.880069 0.189733 0.0302892 0.399602 -0.265023 -0.710309 0.0591798 0.584081 -0.812471 0.0796638 -1.39189
229 -0.159618 0.251395 -0.643272 0.0106701 0.0294273 0.474945 0.251845 0.545808 -0.336035 0.201209 -0.170943 0.214268 0.266586 0.0265685 -0.396264 0.605837 0.317662 -0.0342317 0.140465 0.964015 0.371906 0.545687 -0.577324 0.223407 0.132824 -0.478435 -0.96119 -0.197818 0.315206 -0.0085281 0.236253 -1.48264
134 -0.122086 0.521193 -0.47407 0.509115 -0.556832 0.128459 -0.0211882 0.80472 -0.185835 -0.374164 0.404513 -0.461536 -0.302114 0.512926 0.733602 -0.045699 -0.0200159 0.254661 0.587349 0.646391 -0.0295749 0.794162 -0.369127 0.818749 1.46958 -0.946763 0.106579 -0.204372 -0.0472977 0.489413 -0.0825346 -0.691217
133 -0.0672104 0.479828 -0.4141 0.40566 -0.483548 0.113686 -0.0243979 0.716134 -0.21388 -0.301027 0.3176 -0.399885 -0.269983 0.417449 0.632518 -0.00805531 -0.0265087 0.224205 0.416396 0.557096 -0.0861736 0.617006 -0.335914 0.750335 1.26709 -0.886748 0.0834971 -0.212014 -0.0722583 0.397321 -0.0648534 -0.551186
132 -0.172734 0.544022 -0.467956 0.448989 -0.546507 0.184362 0.0304519 0.765945 -0.323423 -0.33557 0.335435 -0.378885 -0.333874 0.483815 0.678065 -0.00351155 -0.0242489 0.267247 0.382783 0.598717 -0.0794168 0.804338 -0.376612 0.886559 1.40818 -0.989375 0.0980911 -0.251309 -0.0812398 0.465193 -0.158755 -0.654125
131 -0.318878 0.555382 -0.614682 0.420753 -0.687675 0.459603 0.0181796 0.637782 -0.64026 -0.254933 0.244975 -0.291598 -0.435623 0.426517 0.595102 -0.0217643 -0.0174616 0.355706 0.0567433 0.493964 -0.0925598 0.914406 -0.385802 0.919665 1.28671 -1.13465 0.167933 -0.337014 -0.20003 0.488091 -0.232884 -0.72052
129 -0.382037 0.526982 -0.731192 0.397156 -0.739354 0.673046 0.00202096 0.599604 -0.799552 -0.251083 0.174737 -0.283899 -0.44263 0.36985 0.537926 0.00423312 -0.0853121 0.422759 -0.0246545 0.371997 -0.0898987 0.982992 -0.352777 0.927447 1.2145 -1.22574 0.107154 -0.352185 -0.141047 0.51318 -0.258203 -0.748957
127 -0.378421 0.332287 -0.751286 0.262392 -0.677935 0.890731 -0.0242376 0.561035 -0.856921 -0.308984 0.047243 -0.38698 -0.276422 0.200482 0.32287 0.00611428 -0.199538 0.443678 0.0427837 0.241195 -0.00961314 0.899179 -0.176945 0.647894 0.780363 -0.983928 -0.0832462 -0.382972 0.132614 0.437033 -0.219843 -0.626233
160 0.147861 -0.178116 0.186038 -0.330161 -0.034599 0.248815 -0.104568 -0.0927444 0.256475 -0.0981618 0.24753 -0.132878 -0.0932017 0.0450014 0.246768 0.261821 -0.293173 -0.00508698 0.149643 0.781136 -0.100396 0.931481 -0.243872 0.0309613 0.612238 -0.337397 -0.822188 0.0678988 0.58933 0.33259 -0.307166 -1.00332
161 0.270841 -0.278731 0.30402 -0.369673 -0.00184059 0.212041 -0.0634856 -0.110687 0.403772 -0.141667 0.319752 -0.148248 -0.0509481 0.133783 0.314186 0.213982 -0.251018 -0.00339881 0.119148 1.02738 -0.0113716 1.01784 -0.361355 -0.0454154 0.69939 -0.479672 -1.01382 -0.00542674 0.803403 0.518398 -0.311316 -1.24313
159 0.19258 -0.117182 0.198413 -0.463743 -0.0262423 0.268206 -0.222681 -0.24408 0.323906 -0.0715531 0.268446 -0.158178 -0.140324 -0.0211893 0.230041 0.349098 -0.432039 0.0346883 0.0760327 0.948454 -0.226405 1.24166 -0.252042 0.0784053 0.7435 -0.314787 -0.946907 0.196715 0.534633 0.366554 -0.468915 -1.12279
162 0.332028 -0.419292 0.392258 -0.30758 -0.0322049 0.31198 0.0656569 0.025924 0.448897 -0.242298 0.460824 -0.148213 -0.0300956 0.267682 0.378689 0.110909 -0.202706 -0.0997827 0.135727 1.13742 0.0357052 0.969856 -0.435844 -0.0826738 0.718078 -0.586747 -1.1035 -0.207046 1.07728 0.641374 -0.228882 -1.41747
163 0.332028 -0.404184 0.348588 -0.25655 0.00120315 0.243492 0.0733158 0.00889726 0.438954 -0.222646 0.421143 -0.143518 0.00942491 0.21733 0.383183 0.106363 -0.139941 -0.0856886 0.128683 1.07124 0.0527921 0.891717 -0.423949 -0.114897 0.649269 -0.590528 -1.03473 -0.181306 0.990847 0.648936 -0.170457 -1.32357
164 0.313376 -0.440478 0.361868 -0.244617 -0.0125411 0.352681 0.0716858 0.0621458 0.424097 -0.351727 0.435048 -0.168903 0.0540479 0.267 0.464593 0.0954764 -0.106937 -0.130834 0.159209 1.11904 0.0802168 0.853392 -0.435371 -0.126723 0.658665 -0.601191 -1.09129 -0.280808 1.16071 0.637356 -0.156003 -1.42441
147 -0.657189 -0.236269 -0.563916 0.171853 0.0696341 0.708344 0.0945979 0.405032 -0.0907038 -0.537378 0.371416 0.158996 -0.0531005 0.229149 0.309279 0.184475 -0.217568 -0.0181342 0.617318 0.104292 -0.127069 1.34911 0.5572 0.462317 0.758872 -0.0796619 -0.207996 0.966955 0.114625 -0.0998808 -0.70927 -0.761964
146 -0.449197 -0.0739253 -0.54184 0.278847 0.0425263 0.517315 0.179514 0.647511 -0.0906007 -0.795313 0.606159 -0.0059925 -0.0558882 0.337798 0.368003 -0.144256 -0.0692889 -0.00656366 0.86947 -0.149218 0.0163877 1.1817 0.327593 0.480839 0.822176 -0.0986089 -0.163622 0.703014 0.0859968 -0.26313 -0.775004 -0.595141
144 -0.249253 0.0130325 -0.531516 0.322269 -0.00834747 0.26729 0.226103 0.863536 -0.0351008 -0.884784 0.701045 -0.174407 -0.128545 0.345468 0.413057 -0.330641 -0.0434019 0.0813271 1.03681 -0.140769 0.0557314 1.04533 0.119921 0.582015 0.902739 -0.129713 -0.220745 0.444885 0.17528 -0.359289 -0.781933 -0.589677
143 -0.0343912 0.0618295 -0.503514 0.306265 -0.0076567 0.0371566 0.291901 1.01196 0.0417472 -0.952138 0.81814 -0.26099 -0.17004 0.391906 0.481452 -0.491034 0.0520159 0.10203 1.27388 -0.0428376 0.0811926 1.02526 0.00409062 0.677842 0.96705 -0.144392 -0.30003 0.276892 0.213378 -0.435806 -0.795536 -0.569389
141 0.0792884 0.169304 -0.412175 0.327383 -0.107288 -0.0744612 0.210426 1.11864 0.139576 -0.86276 0.825202 -0.38492 -0.146564 0.42988 0.590709 -0.471746 0.017435 0.107804 1.35386 0.0827114 0.0507187 0.955024 -0.0642798 0.754103 1.12582 -0.219421 -0.302418 0.099227 0.270373 -0.311803 -0.684805 -0.672577
140 0.170499 0.30207 -0.343123 0.331074 -0.184296 -0.175466 0.138183 1.24204 0.288721 -0.794455 0.832978 -0.533594 -0.162078 0.474146 0.735782 -0.464563 -0.0357652 0.169987 1.44592 0.323938 0.101835 0.890593 -0.0990149 0.842328 1.26675 -0.402364 -0.22649 0.0667452 0.306632 -0.0809308 -0.495821 -0.756507
138 0.164128 0.389663 -0.325579 0.356721 -0.224957 -0.176199 0.0556669 1.16682 0.314677 -0.657652 0.736961 -0.543661 -0.144659 0.518556 0.760478 -0.351377 -0.0254481 0.186149 1.33068 0.414376 0.0329841 0.823357 -0.163184 0.778639 1.27929 -0.46381 -0.201468 -0.0555645 0.280172 0.0982628 -0.325879 -0.757201
139 0.170001 0.347346 -0.303088 0.317908 -0.193862 -0.201638 0.0772169 1.15734 0.297373 -0.642004 0.742623 -0.513287 -0.129324 0.466662 0.748499 -0.389603 -0.052041 0.185383 1.31777 0.394482 0.0472012 0.831234 -0.141474 0.794372 1.27211 -0.434374 -0.211099 -0.00446695 0.259675 0.0503976 -0.374777 -0.736821
137 0.0771168 0.438164 -0.330115 0.430826 -0.36124 -0.0687148 -0.0378218 1.07706 0.288247 -0.517122 0.62335 -0.525511 -0.133422 0.512155 0.774232 -0.196692 -0.123019 0.21519 1.14 0.533106 0.0291146 0.687886 -0.233982 0.743797 1.31479 -0.619867 -0.0685448 -0.0471209 0.211803 0.289858 -0.142652 -0.74774
222 -0.196022 0.0575778 -0.600659 -0.154855 0.0134648 0.709076 0.58058 0.389901 -0.332032 -0.423546 -0.102584 0.532202 0.183762 0.125301 -0.803428 0.689653 0.308517 0.148562 0.137042 0.279556 0.514474 0.482481 -0.289313 0.617301 0.336737 -0.478172 -1.25216 -0.342472 0.423603 0.407481 -0.122674 -1.224
224 -0.238551 0.165064 -0.71778 -0.09708 -0.0145101 0.846678 0.50672 0.416139 -0.316485 -0.375261 -0.150021 0.538763 0.157849 0.101407 -0.796419 0.669949 0.307102 0.0764816 0.157876 0.444871 0.630428 0.528791 -0.463914 0.607334 0.304286 -0.54367 -1.27387 -0.43116 0.365809 0.346899 -0.0643007 -1.44586
225 -0.246041 0.297683 -0.726975 -0.0533463 -0.0718754 0.881396 0.42505 0.433144 -0.356849 -0.2359 -0.110901 0.517719 0.154882 0.0215605 -0.729342 0.666071 0.280502 -0.00711228 0.105747 0.605289 0.592326 0.60665 -0.508356 0.63408 0.267472 -0.552572 -1.27265 -0.464321 0.35922 0.287386 -0.00558698 -1.52376
227 -0.216828 0.326803 -0.754776 -0.00606646 -0.0374719 0.769089 0.352272 0.504632 -0.340366 -0.0120564 -0.169615 0.413246 0.200355 0.00124973 -0.625672 0.667956 0.327594 -0.0632664 0.0900676 0.848044 0.525531 0.585426 -0.651197 0.494629 0.203656 -0.586583 -1.19673 -0.393563 0.324864 0.186974 0.120355 -1.64814
226 -0.194499 0.307203 -0.64803 -0.0766157 -0.0163623 0.762015 0.337099 0.418638 -0.291722 -0.151988 -0.140144 0.471422 0.152083 -0.010001 -0.654353 0.605979 0.275276 -0.0242994 0.0651315 0.606248 0.514377 0.52156 -0.515098 0.568232 0.211176 -0.536407 -1.1448 -0.404505 0.2911 0.240738 0.029409 -1.44428
223 -0.190244 0.133407 -0.596302 -0.105816 0.00735317 0.721838 0.458009 0.336932 -0.284868 -0.281259 -0.0856477 0.474735 0.167957 0.0851428 -0.688931 0.624623 0.276477 0.0368433 0.115487 0.38777 0.497497 0.402815 -0.358604 0.541264 0.21547 -0.43994 -1.06331 -0.345896 0.316276 0.305864 -0.0473746 -1.16032
221 -0.075914 -0.119618 -0.411132 -0.194516 0.0476241 0.553065 0.716612 0.383819 -0.327131 -0.54148 -0.046168 0.455777 0.291292 0.324462 -0.818068 0.857422 0.416015 0.362604 0.235776 0.254684 0.36308 0.578275 -0.083231 0.583417 0.459977 -0.440345 -1.34639 -0.27141 0.554437 0.471416 -0.254278 -1.17314
219 -0.0591699 -0.25285 -0.260283 -0.202025 0.0452157 0.487076 0.849693 0.380301 -0.346956 -0.61883 0.00550913 0.324513 0.32963 0.417172 -0.730858 0.950361 0.500399 0.483191 0.238338 0.208897 0.237853 0.602365 0.0745305 0.468534 0.568401 -0.383716 -1.39921 -0.205802 0.66858 0.485201 -0.296525 -1.05473
218 0.0144325 -0.222649 -0.149792 -0.119217 -0.00171903 0.395026 0.807634 0.361235 -0.362888 -0.591139 0.0104442 0.191497 0.233136 0.437697 -0.592889 0.90245 0.415475 0.541072 0.247433 0.29798 0.118229 0.61398 0.247155 0.390445 0.586788 -0.306003 -1.24571 -0.163837 0.675843 0.419254 -0.382224 -0.94843
217 0.000322752 -0.190751 -0.0639919 -0.0865813 -0.0180357 0.332457 0.696266 0.275873 -0.329393 -0.496093 0.0327612 0.0440798 0.130687 0.42438 -0.367358 0.726846 0.34314 0.477536 0.204292 0.294504 -0.0100122 0.55651 0.283572 0.274524 0.541795 -0.201577 -0.998243 -0.109119 0.635564 0.34094 -0.329047 -0.745434
216 0.0677187 -0.218232 -0.00650496 -0.0966084 -0.026879 0.352065 0.873041 0.336927 -0.397242 -0.598026 0.0172534 0.0176491 0.159137 0.566825 -0.463115 0.842964 0.403851 0.565762 0.219597 0.379938 -0.0174336 0.594632 0.328747 0.341444 0.548329 -0.20534 -1.16687 -0.146625 0.737692 0.412028 -0.355318 -0.912188
145 -0.34795 -0.00682151 -0.563059 0.303912 -0.0190276 0.39552 0.206478 0.761933 -0.107697 -0.802429 0.589807 -0.11877 -0.0811359 0.329836 0.364913 -0.228942 -0.0225202 0.0438178 0.909947 -0.147967 0.0362097 1.03261 0.183926 0.54644 0.79772 -0.117115 -0.210143 0.489797 0.0974663 -0.293497 -0.71985 -0.588704
220 -0.0560563 -0.222085 -0.28715 -0.191093 0.0399912 0.403307 0.679105 0.354571 -0.29892 -0.513742 -0.0148449 0.376839 0.336058 0.279545 -0.714953 0.800845 0.422263 0.39934 0.203892 0.144623 0.251566 0.519888 -0.0090649 0.450785 0.43342 -0.407705 -1.23841 -0.224099 0.485334 0.444022 -0.261311 -0.97672
89 -0.375988 0.467462 -0.257257 0.0338883 -0.458874 0.682621 -0.745892 0.756403 -0.797813 -0.147046 -0.0124653 -0.521014 0.272231 0.236256 -0.273437 0.147555 0.656674 0.0602578 0.512697 0.469852 -0.712164 0.0801454 0.556748 -0.303796 0.748833 -0.146152 -1.2344 -0.78398 0.0537539 0.237458 -0.271304 -1.25478
87 -0.363894 0.249562 -0.31505 0.289259 -0.518728 0.548574 -0.564059 0.756155 -0.890437 -0.144436 0.0462042 -0.555909 0.13187 0.168632 -0.336722 0.199082 0.505584 0.00805485 0.530508 0.400729 -0.730994 0.0711809 0.505473 -0.422501 0.667137 -0.122685 -1.23078 -0.964805 0.0924073 0.191424 -0.426396 -1.19771
88 -0.327129 0.3427 -0.245676 0.0888234 -0.447948 0.536131 -0.598214 0.686131 -0.717755 -0.119831 -0.00306978 -0.481831 0.211771 0.184909 -0.240407 0.0964297 0.545439 0.0351379 0.435729 0.419842 -0.628969 0.0726528 0.49955 -0.277287 0.612237 -0.101996 -1.07452 -0.727409 0.0799361 0.163822 -0.277924 -1.12242
276 -0.0333153 -0.888712 -0.267463 0.587833 -0.968994 0.456499 -0.359163 0.291816 -0.502573 -0.360508 0.264105 -0.159509 0.103377 0.671613 -0.213652 -0.252657 -0.614897 0.477019 0.613136 0.823248 0.502497 1.6236 0.518515 0.390617 0.282338 0.358707 -0.834919 -0.154376 0.266979 -0.52531 -0.55786 -0.491122
277 -0.0412204 -0.776135 -0.292981 0.464532 -0.843612 0.424935 -0.356436 0.329406 -0.423067 -0.310963 0.244225 -0.160726 0.00930812 0.61181 -0.15943 -0.209191 -0.604533 0.463621 0.533641 0.708542 0.402816 1.44392 0.427082 0.332057 0.24986 0.323593 -0.705712 -0.0822028 0.133823 -0.469333 -0.521165 -0.364087
278 -0.0546161 -0.831322 -0.240116 0.480561 -0.837118 0.515291 -0.333144 0.288944 -0.465483 -0.370096 0.184712 -0.18338 0.0358761 0.723573 -0.257599 -0.25808 -0.57989 0.460526 0.659571 0.791164 0.419916 1.50884 0.396504 0.31906 0.181338 0.295201 -0.742746 -0.156263 0.0713538 -0.619393 -0.535042 -0.487283
17 -0.573939 -0.242813 -0.961459 0.357988 -0.119136 0.12885 0.0792765 0.888105 -0.44305 -0.505586 -0.492434 -0.118432 -0.0786356 -0.48752 0.626046 0.0747906 0.216194 0.00819368 0.627219 0.744559 0.558362 0.421256 0.253954 -0.251703 0.597948 -0.440808 -0.795236 0.0774547 0.114163 -0.163227 -0.297964 -0.912156
94 -0.248456 0.744238 -0.666855 -0.108311 -0.494576 1.37573 -0.570751 1.10619 -0.561666 -0.318218 0.287525 -0.0810316 0.204131 0.205597 0.124285 0.314534 0.460637 0.315416 0.194442 0.296704 -0.234037 0.424962 0.22156 0.205922 1.06262 0.0100822 -1.01669 0.0518233 -0.0615393 0.209818 0.0843617 -0.892378
93 -0.268725 0.777061 -0.642613 -0.0949254 -0.513337 1.38936 -0.641504 1.12011 -0.587142 -0.313497 0.26192 -0.174148 0.273702 0.202786 0.0811106 0.281017 0.538614 0.31729 0.24269 0.338807 -0.329277 0.386161 0.31326 0.15418 1.1047 0.0111995 -1.15691 -0.0116616 -0.0449212 0.213585 0.0895087 -0.997242
92 -0.305543 0.654846 -0.453367 -0.0969391 -0.412755 1.11696 -0.6881 0.918638 -0.580945 -0.295875 0.146878 -0.259117 0.275576 0.209166 -0.0616534 0.189753 0.625861 0.259724 0.326453 0.367212 -0.453751 0.271562 0.369495 -0.0102678 0.988698 -0.0850646 -1.14885 -0.230744 -0.0273604 0.259775 -0.0222587 -1.04192
91 -0.292906 0.528932 -0.36602 -0.0706882 -0.344634 0.865913 -0.619516 0.747883 -0.514984 -0.232877 0.0760968 -0.276904 0.25017 0.206852 -0.0784604 0.161804 0.565099 0.18129 0.378799 0.427671 -0.414299 0.244094 0.353305 -0.0215633 0.863739 -0.117672 -1.01554 -0.291994 0.043159 0.209124 -0.0959438 -1.0176
90 -0.379961 0.562547 -0.344609 -0.0170214 -0.411213 0.874876 -0.72135 0.833024 -0.700819 -0.236799 0.0376893 -0.382725 0.262356 0.240351 -0.156963 0.148994 0.63174 0.133602 0.461547 0.474002 -0.549444 0.204726 0.449411 -0.121677 0.880044 -0.10075 -1.18832 -0.474931 0.0688206 0.225944 -0.17335 -1.15908
104 -0.373713 -0.0187185 -0.246505 0.614457 0.0331146 0.635997 -0.0392313 0.28621 -0.457044 0.270031 -0.498021 -0.0868206 -0.357709 0.720109 0.289456 -0.530815 -0.0505368 -0.0292545 0.0775942 0.19218 -0.188894 0.881678 -0.600362 -0.495314 1.50079 0.0125864 -1.51375 -0.635874 -0.2157 0.557413 -0.0123938 -0.765654
15 -0.731573 -0.236969 -1.22011 0.445369 -0.302855 0.38665 0.070621 0.822741 -0.549757 -0.591196 -0.430882 -0.0385051 -0.190087 -0.431825 0.609518 0.179606 0.387519 0.0678667 0.795025 0.809546 0.583955 0.571945 0.284008 -0.36017 0.554408 -0.420062 -0.738229 0.0633247 0.0231016 -0.0616586 -0.225564 -0.987628
16 -0.643226 -0.214325 -0.997458 0.355108 -0.22543 0.285662 0.0789771 0.71148 -0.458201 -0.476392 -0.310036 -0.0554642 -0.127635 -0.351228 0.525416 0.14574 0.313968 0.0352168 0.622287 0.647206 0.463784 0.460323 0.220005 -0.279186 0.461637 -0.361551 -0.585402 0.0719763 0.0308125 -0.0581835 -0.233331 -0.807097
14 -0.844806 -0.220842 -1.43512 0.527855 -0.430112 0.562163 0.0883643 0.771864 -0.646423 -0.676426 -0.335022 -0.00635142 -0.269928 -0.383487 0.609133 0.24747 0.562454 0.144115 1.00043 0.879002 0.617863 0.720565 0.263779 -0.495989 0.50681 -0.382381 -0.710966 -0.00379817 -0.0188755 0.0219295 -0.209081 -1.09055
13 -0.805891 -0.229673 -1.36088 0.521035 -0.41472 0.572178 0.0827779 0.662231 -0.597615 -0.626704 -0.321322 0.0257195 -0.257382 -0.372097 0.543086 0.210791 0.58387 0.13814 0.912814 0.803802 0.537827 0.678174 0.255591 -0.505029 0.39387 -0.336021 -0.603986 0.0265382 -0.085207 0.0275104 -0.115758 -0.99457
26 -0.475386 0.347823 -0.177254 -0.280198 0.0294397 -0.0838127 -0.628539 0.3444 -0.799104 -0.0387838 0.0860379 -0.123109 -0.0227923 -0.705258 0.00665317 0.798291 0.00218974 -0.409679 0.909383 0.0982103 0.406816 1.69146 -0.243348 0.23667 0.951719 -0.440631 -0.867409 -0.0513853 0.0109084 0.208669 -0.266922 -0.518914
27 -0.324184 0.328074 -0.0600702 -0.237509 0.00297498 -0.140897 -0.66285 0.339857 -0.661425 0.00163658 0.161645 -0.0609149 0.0588475 -0.685694 0.00614507 0.759451 -0.126571 -0.316226 0.919435 0.0555567 0.413985 1.46098 -0.159319 0.167419 0.986698 -0.494849 -0.813588 -0.0122961 0.0605706 0.145505 -0.274754 -0.597216
37 0.227701 -0.139762 0.187837 -0.0989885 -0.148574 -0.0145007 -0.447485 0.112437 -0.102203 0.157155 0.321421 0.220178 -0.0345006 -0.205758 0.157821 0.202463 -0.639545 0.0584486 1.09485 0.0437019 0.370199 0.333019 0.222608 -0.302533 1.18366 -0.779761 -0.861712 -0.0669006 0.497808 -0.233478 -0.382844 -1.2246
62 0.309975 0.550151 0.318899 0.099871 -0.669519 1.02346 0.153408 -0.270949 -0.376067 -0.0723602 0.0202169 0.169358 -0.398458 0.358784 0.160152 0.294628 0.230841 -0.638688 1.49731 0.735124 0.266439 0.681804 0.264918 -0.224083 1.65475 0.205104 -0.434908 -0.877876 0.746723 0.556152 -0.424796 -0.404875
61 0.292521 0.536522 0.28704 0.106767 -0.651185 0.967262 0.139885 -0.256946 -0.322823 -0.0591374 0.0357616 0.153776 -0.367264 0.357417 0.109086 0.280564 0.230974 -0.577536 1.39707 0.692615 0.221195 0.670368 0.249022 -0.205748 1.56536 0.225795 -0.377771 -0.859854 0.686068 0.54941 -0.389687 -0.398885
60 0.326947 0.513105 0.238654 0.0832203 -0.637281 1.01109 0.199469 -0.299508 -0.32181 -0.0313498 0.0505775 0.167613 -0.380651 0.36228 0.141335 0.322529 0.264173 -0.6358 1.44103 0.730497 0.187677 0.788141 0.258354 -0.233627 1.66858 0.183905 -0.466342 -0.969989 0.773773 0.559515 -0.431566 -0.43703
59 0.211 0.418552 0.0916382 0.0750676 -0.457424 0.858188 0.240212 -0.243947 -0.076471 0.16416 0.076377 0.175985 -0.358881 0.406694 0.0693486 0.319936 0.302681 -0.653491 1.13419 0.455061 -0.0196669 0.893421 0.232457 -0.167549 1.64148 0.215833 -0.502799 -0.998622 0.706888 0.385787 -0.404913 -0.412993
58 0.137118 0.335561 0.0112609 0.00664558 -0.296049 0.68879 0.185951 -0.221154 -0.0112986 0.23019 0.0806345 0.180529 -0.291071 0.360809 0.0113169 0.292616 0.265171 -0.565311 0.86702 0.314165 -0.089573 0.822324 0.201407 -0.112473 1.38059 0.167386 -0.437628 -0.876805 0.597848 0.305316 -0.344951 -0.29429
57 0.13247 0.34131 -0.111746 -0.00533828 -0.26611 0.755044 0.24312 -0.261071 0.0972584 0.334709 0.0841432 0.233297 -0.338339 0.407963 -0.0147488 0.344344 0.321661 -0.684934 0.854974 0.256958 -0.263321 1.0225 0.251943 -0.116582 1.57814 0.186419 -0.539222 -1.11528 0.59776 0.310425 -0.426836 -0.318613
43 0.205123 -0.108822 0.221318 0.0376876 -0.633212 0.172122 0.305085 0.101101 -0.571669 -0.195152 0.322926 -0.29821 -0.432627 -0.422756 -0.0525808 -0.160952 -0.413121 -0.79119 0.491763 0.0802801 0.265348 0.917795 0.0816886 0.0917741 0.717127 -0.106658 -1.03612 -0.17694 0.228589 -0.683363 -0.0530639 -1.45903
51 -0.150906 0.106831 -0.379899 0.0449489 -0.304979 0.322207 0.178781 0.159517 0.55846 0.346996 0.165702 0.0299268 -0.131895 0.251375 -0.0641828 0.216859 -0.0630744 -0.895511 0.313058 -0.430174 -0.881339 1.39308 0.163544 0.234168 1.26169 0.0701541 -0.563241 -0.843856 0.328486 -0.27297 -0.303949 -0.908208
53 -0.143719 0.183471 -0.533839 -0.0700297 -0.177232 0.47253 0.177118 0.114437 0.564844 0.464095 0.194092 0.11497 -0.192996 0.45498 -0.077044 0.31951 0.143215 -0.800862 0.294674 -0.317269 -0.844864 1.39026 0.253396 0.204049 1.44231 0.0435646 -0.612139 -1.09983 0.452103 -0.125161 -0.4408 -0.731672
54 -0.160069 0.216427 -0.553913 -0.119587 -0.136357 0.629308 0.206296 0.0189983 0.418384 0.501614 0.125932 0.186439 -0.223917 0.534021 -0.0714599 0.370757 0.278531 -0.719416 0.417166 -0.112354 -0.659874 1.34645 0.306971 0.125967 1.54496 0.0714685 -0.722791 -1.19494 0.458045 -0.00423817 -0.512755 -0.610954
52 -0.177327 0.0948983 -0.418438 -0.0046939 -0.181832 0.316262 0.148116 0.161496 0.451233 0.29691 0.152001 0.0573416 -0.140797 0.312206 -0.0503419 0.249148 -0.00737617 -0.643722 0.244465 -0.297105 -0.68216 1.17526 0.155455 0.225532 1.14393 0.0213252 -0.545236 -0.780753 0.342144 -0.16241 -0.327973 -0.736761
243 -0.255998 0.518343 -0.311735 0.118357 0.478224 0.0180174 -0.415644 0.624417 -0.0969233 -0.228154 -0.115398 0.322954 0.248589 0.808772 -0.257214 -0.199889 0.383654 0.57935 0.641369 0.829634 -0.109949 1.22203 0.0398766 0.472059 0.601999 0.188029 -0.446815 -0.836901 0.658071 0.199314 -0.0921392 -0.845013
245 -0.297791 0.572874 -0.336148 0.172015 0.526279 0.0138998 -0.468858 0.643325 -0.107779 -0.388328 -0.0818434 0.455154 0.301919 0.817765 -0.304549 -0.256697 0.450502 0.718757 0.711517 0.861263 -0.129049 1.35384 -0.00630046 0.464367 0.687434 0.186242 -0.504215 -1.00837 0.668073 0.305404 -0.12729 -0.880352
244 -0.244396 0.55034 -0.283201 0.114187 0.537325 -0.00775732 -0.425773 0.584013 -0.0671449 -0.326668 -0.106016 0.403737 0.271057 0.763192 -0.309773 -0.22931 0.427939 0.639529 0.661739 0.76845 -0.118376 1.15373 -0.0206496 0.439634 0.552719 0.185608 -0.414891 -0.889308 0.600974 0.262003 -0.0594111 -0.744553
269 -0.0653112 -0.511388 -0.345741 0.973102 -0.947621 0.495467 0.253877 -0.258198 -0.202042 0.0386982 0.323232 -0.318392 0.373537 -0.0425085 0.355026 0.17759 -0.109402 0.128808 0.339416 0.479754 1.02923 1.20285 0.506154 0.614375 0.319057 -0.242124 -0.929436 -0.495567 0.942515 -0.337729 -0.329807 -0.577447
268 -0.0881212 -0.410504 -0.321911 0.863886 -0.829122 0.451028 0.231665 -0.174409 -0.135898 0.0696933 0.283915 -0.286102 0.315846 -0.0492318 0.33652 0.181222 -0.0312925 0.183235 0.330472 0.398564 0.885397 1.04364 0.451058 0.484696 0.352805 -0.230433 -0.87541 -0.454934 0.810537 -0.303139 -0.26494 -0.563574
267 -0.217104 -0.364318 -0.390331 0.89814 -0.840346 0.384638 0.288633 -0.208028 -0.0393954 0.105707 0.284288 -0.298476 0.335894 -0.137487 0.403476 0.180977 0.058671 0.212973 0.379037 0.425356 0.887397 1.12031 0.39828 0.487538 0.442677 -0.290362 -0.921616 -0.48847 0.909228 -0.32779 -0.306032 -0.723993
207 -0.685797 -0.149462 0.304945 0.378021 0.0844204 -0.0317065 0.185314 0.495459 -0.547491 0.109027 -0.00321931 -0.430288 -0.575462 0.66231 -0.0409485 0.028742 0.227068 0.345553 0.615126 0.270479 0.238454 0.809059 0.294687 0.13349 1.08265 0.53767 -0.618468 -0.0249843 1.53191 0.175992 -0.209588 -0.616823
170 -0.47701 -0.225247 -0.206527 0.0841963 -0.503503 1.25205 -0.34145 0.480336 -0.0802784 -0.985188 0.20024 -0.340176 0.505133 -0.0936551 0.853741 0.211559 -0.056273 -0.338457 0.2747 0.644828 -0.293508 0.364775 -0.425904 0.221656 0.470749 -0.40813 -0.592799 -0.288766 1.40432 0.0866245 -0.304931 -1.10274
262 -0.3816 -0.0680978 -0.592277 0.550225 -0.488103 -0.530226 0.259746 -0.160427 0.414095 0.25174 0.22661 -0.225637 0.0209989 -0.209238 0.278062 -0.278055 0.469641 0.665979 0.604735 0.45676 0.316547 1.02414 0.298276 0.0491901 0.632783 -0.201347 -0.800822 -0.46213 0.848832 -0.433282 -0.245829 -1.18436
263 -0.42023 -0.106091 -0.587722 0.659448 -0.585956 -0.528256 0.327232 -0.199867 0.479652 0.34159 0.249656 -0.270004 0.0798025 -0.265253 0.338164 -0.298736 0.541424 0.704627 0.594744 0.495781 0.4853 1.18218 0.336889 0.0899487 0.671011 -0.16637 -0.894952 -0.470214 0.975522 -0.488079 -0.219629 -1.26247
261 -0.43361 -0.0664067 -0.713303 0.499264 -0.411576 -0.594901 0.226457 -0.148551 0.434452 0.290478 0.221885 -0.207294 -0.0768547 -0.178838 0.300773 -0.341183 0.465119 0.728718 0.611556 0.48646 0.182964 1.09661 0.263279 0.00274054 0.689058 -0.28471 -0.783716 -0.583722 0.96073 -0.474948 -0.287339 -1.21667
260 -0.466042 -0.148784 -0.884677 0.344258 -0.211261 -0.593603 0.0873245 -0.162721 0.315484 0.267349 0.23023 -0.0915385 -0.246156 -0.167431 0.40472 -0.351789 0.31238 0.73976 0.503725 0.388604 -0.0751029 1.04585 0.186788 -0.110685 0.70427 -0.500032 -0.656044 -0.883916 1.08503 -0.510525 -0.467825 -1.18558
259 -0.478407 -0.167411 -0.907159 0.256576 -0.111683 -0.451547 0.0372655 -0.155759 0.246836 0.224847 0.16393 -0.00752265 -0.311299 -0.120802 0.345419 -0.298511 0.249154 0.6342 0.409284 0.330594 -0.180034 0.984186 0.102488 -0.109407 0.629463 -0.522105 -0.517512 -0.895152 0.988381 -0.450735 -0.416423 -0.966775
294 -0.954239 -0.447716 -0.58424 0.0537032 -0.104542 0.61283 -0.341012 -0.149285 -0.16183 0.149444 0.157718 -0.18071 -0.120681 0.466042 -0.0402614 0.70127 0.110572 0.177394 0.720118 0.314244 -0.0503689 0.870476 -0.0660537 0.880161 0.551673 -0.539623 -0.278906 0.114567 -0.327684 -0.324959 -0.165374 -1.28963
296 -0.775239 -0.378654 -0.513016 0.000594197 0.116461 0.453235 -0.340145 -0.0554882 -0.12464 0.31204 0.2246 0.0268186 -0.283973 0.505896 0.0419414 0.808201 -0.152879 0.203164 0.829407 0.229072 -0.191581 0.748537 -0.267219 0.836947 0.526011 -0.596473 -0.420653 -0.0233833 -0.258477 -0.119213 -0.0831448 -0.959694
275 0.0419319 -0.81798 -0.31617 0.629945 -1.0184 0.441719 -0.36582 0.280024 -0.553233 -0.33197 0.30142 -0.14513 0.149286 0.626246 -0.20703 -0.196369 -0.643761 0.412096 0.631246 0.804534 0.578318 1.68748 0.608068 0.529518 0.372171 0.301756 -0.890862 -0.167775 0.454508 -0.40719 -0.597481 -0.496287
4 -0.225996 0.0657828 -0.5988 0.124507 -0.0203771 0.296452 0.098555 0.128547 -0.179301 0.0649899 0.112482 0.395361 -0.587785 0.446149 0.206042 0.530473 -0.118378 0.277242 1.10004 0.177432 -0.0892772 0.696292 -0.1264 0.00923639 0.55732 -0.485622 -0.618381 -0.202622 -0.026987 0.136911 0.0237826 -0.38648
3 -0.203081 0.0578381 -0.673776 0.123268 0.109954 0.311949 0.125096 0.109525 -0.211305 0.184105 0.197455 0.515234 -0.802066 0.663646 0.233476 0.714942 -0.216079 0.399113 1.41692 0.148175 -0.235291 0.73037 -0.266802 0.0517887 0.602783 -0.668187 -0.757621 -0.332074 -0.0718514 0.158283 0.130144 -0.348648
56 -0.0559042 0.302918 -0.396504 -0.0933466 -0.190654 0.678885 0.234195 -0.0983936 0.288671 0.450936 0.14376 0.223428 -0.266542 0.480842 -0.0623118 0.361184 0.303045 -0.75235 0.561196 0.00424763 -0.528399 1.23565 0.330963 0.0642793 1.54935 0.0961346 -0.614922 -1.19065 0.53872 0.106692 -0.495572 -0.447972
36 0.232528 -0.101665 0.202464 -0.0965824 -0.0982808 -0.0887799 -0.531755 0.146375 -0.101547 0.190738 0.341579 0.265593 0.0841545 -0.190528 0.20033 0.287184 -0.721491 0.11311 1.2195 0.039668 0.423032 0.43011 0.235259 -0.274496 1.4114 -0.920258 -0.938717 -0.100472 0.537697 -0.231778 -0.440625 -1.3095
135 0.0411287 0.544457 -0.315382 0.479257 -0.433779 -0.0388583 -0.0504498 0.961477 0.193349 -0.420637 0.535729 -0.542783 -0.170556 0.529717 0.813543 -0.036637 -0.127047 0.200378 0.970419 0.62854 -0.0410329 0.668391 -0.314904 0.758854 1.43098 -0.759652 0.0187315 -0.108501 0.115357 0.468893 -0.0181528 -0.695864
136 0.0816942 0.449214 -0.269492 0.428081 -0.297788 -0.106281 -0.0439996 0.947608 0.272512 -0.49453 0.556841 -0.470423 -0.139738 0.475912 0.714027 -0.119439 -0.0975663 0.154279 0.988668 0.478974 -0.0171346 0.633811 -0.219845 0.675591 1.22342 -0.546622 -0.0548225 -0.0467928 0.157408 0.296941 -0.120198 -0.647638
154 -0.270818 -0.118731 -0.090823 -0.293758 0.0959882 0.538008 -0.236539 -0.232144 0.124533 -0.1281 0.169475 0.128469 -0.226386 -0.163347 0.160118 0.660625 -0.532335 0.0993247 0.261882 0.860306 -0.404631 1.48831 0.265591 0.354756 0.796959 -0.0202259 -0.573122 0.856178 0.137928 0.196111 -0.549426 -0.955276
156 -0.0852344 0.0042507 -0.0285643 -0.473239 0.0118059 0.482941 -0.420095 -0.265464 0.197825 -0.0991809 0.216286 -0.0554222 -0.188459 -0.165264 0.22587 0.617864 -0.623937 0.122139 0.145592 0.961885 -0.416106 1.5678 0.0492113 0.311785 0.811084 -0.120596 -0.82096 0.677171 0.291657 0.235706 -0.570764 -1.09172
158 -0.0303119 0.0462381 0.0421185 -0.518693 -0.0657816 0.447277 -0.422898 -0.241774 0.195505 -0.112267 0.231461 -0.118293 -0.164662 -0.134314 0.27045 0.548137 -0.566547 0.114552 0.124952 0.939938 -0.371523 1.44139 -0.0862612 0.238175 0.800005 -0.184866 -0.928013 0.472856 0.344741 0.228547 -0.598696 -1.14324
46 -0.0830058 -0.00890322 0.0323944 0.230133 -0.608927 0.35564 0.267202 0.236273 -0.340488 -0.155012 0.230828 -0.292876 -0.201051 -0.284213 -0.00901795 -0.109648 -0.330258 -0.748898 0.332834 -0.100311 -0.0909876 0.975598 0.0200164 0.136213 0.625167 -0.017282 -0.706464 -0.158316 0.166102 -0.485544 0.0871769 -1.1016
47 -0.0794023 -0.0214976 0.0342153 0.291248 -0.71871 0.336497 0.289738 0.251649 -0.285978 -0.162804 0.236576 -0.36983 -0.186623 -0.299509 -0.00663851 -0.168104 -0.412172 -0.92293 0.426888 -0.132115 -0.252292 1.24524 -0.0139304 0.181983 0.772092 0.0208884 -0.758493 -0.213661 0.238209 -0.609506 0.0714588 -1.31466
48 -0.158158 0.0682568 -0.0632607 0.327364 -0.625561 0.289029 0.212843 0.298516 0.137365 -0.0265795 0.196395 -0.275248 -0.0715791 -0.198717 0.010325 -0.0282649 -0.380511 -0.963292 0.463621 -0.266159 -0.676977 1.44471 -0.0300738 0.207394 0.953594 0.0744605 -0.607531 -0.333594 0.257292 -0.534371 0.00522627 -1.20881
49 -0.180677 0.0802467 -0.152979 0.347617 -0.558678 0.252767 0.164605 0.267428 0.268808 0.0855908 0.131206 -0.262177 -0.0292422 -0.123983 0.0428795 0.0390023 -0.317228 -0.903978 0.447215 -0.293221 -0.787691 1.44665 -0.00186117 0.218969 1.00668 0.0457212 -0.543657 -0.345212 0.227551 -0.472046 -0.0471214 -1.0885
12 -0.899454 -0.181146 -1.55815 0.591688 -0.482683 0.684693 0.112482 0.716971 -0.687037 -0.674406 -0.330884 0.0719671 -0.40798 -0.281753 0.575853 0.322846 0.608863 0.221773 1.14096 0.893516 0.583703 0.896671 0.284254 -0.578656 0.548867 -0.362548 -0.762606 -0.0162957 -0.0353653 0.071379 -0.126544 -1.11926
11 -0.727726 -0.0755821 -1.5299 0.583612 -0.562751 0.715745 0.136326 0.523076 -0.694252 -0.592476 -0.32759 0.148413 -0.62154 -0.130607 0.491007 0.393634 0.511681 0.357109 1.36865 0.795334 0.504563 0.952665 0.314909 -0.654857 0.559542 -0.269865 -0.677733 0.00873416 -0.113486 0.140575 -0.0141213 -0.965766
9 -0.67645 -0.0334448 -1.45929 0.580939 -0.550446 0.649501 0.186133 0.408522 -0.60818 -0.497516 -0.282332 0.220649 -0.627423 -0.0278799 0.435278 0.41842 0.441727 0.388544 1.32432 0.670179 0.422839 0.914897 0.229697 -0.640648 0.473573 -0.234745 -0.637899 -0.00612379 -0.17169 0.167095 0.0974489 -0.800357
248 -0.453367 0.519752 -0.38676 0.180951 0.598728 0.0889412 -0.452446 0.595067 -0.0472379 -0.602746 0.0356381 0.612566 0.299136 0.672218 -0.224923 -0.373066 0.34641 0.843128 0.472177 0.561281 -0.0480184 1.34423 -0.105784 0.424699 0.718138 -0.0438931 -0.448056 -1.06125 0.660132 0.305358 -0.175328 -0.616157
246 -0.336364 0.592692 -0.304959 0.204604 0.576487 0.0363122 -0.458969 0.596917 -0.0209137 -0.520745 -0.0141305 0.570566 0.324305 0.747908 -0.280221 -0.37677 0.374691 0.826014 0.627926 0.748823 -0.0741861 1.38398 -0.0603717 0.492769 0.717911 0.0833507 -0.470943 -1.0201 0.661059 0.323584 -0.180366 -0.780871
247 -0.337035 0.492229 -0.257162 0.177742 0.483771 0.0235578 -0.413773 0.507392 -0.0351657 -0.458015 0.0127967 0.487025 0.270043 0.624994 -0.235205 -0.296307 0.304206 0.676667 0.547263 0.652931 -0.0699421 1.18391 -0.0659713 0.368025 0.633746 0.0866583 -0.447825 -0.944933 0.610852 0.251113 -0.157773 -0.674577
280 -0.261006 -0.546444 -0.0987963 0.217771 -0.469469 0.668569 -0.0988071 0.228938 -0.218809 -0.389244 0.0371636 -0.166728 -0.00168453 0.592847 -0.251095 -0.127726 -0.333991 0.271496 0.722264 0.635206 0.191818 1.06501 -0.0231995 0.147879 0.088342 0.0231273 -0.568598 -0.208657 -0.259244 -0.781982 -0.406789 -0.775142
78 -0.444365 0.168707 0.140023 -0.0133106 -0.531101 0.723812 -0.47377 1.11565 -1.20102 -0.283575 0.520309 -0.103883 -0.158808 0.168208 0.167674 0.891848 0.132142 0.00912303 0.656572 0.103462 -0.269138 1.01634 0.712427 -0.147306 0.275397 0.702358 -0.678326 -1.13379 0.335725 -0.374026 -0.861749 -0.964727
79 -0.384483 0.121129 0.132814 0.0386216 -0.477602 0.593 -0.380039 0.995465 -1.07281 -0.252038 0.463487 -0.0847469 -0.130359 0.104623 0.0735734 0.784014 0.119835 0.0159878 0.544409 0.067341 -0.235195 0.851426 0.605573 -0.151072 0.252284 0.609853 -0.641607 -1.04891 0.255685 -0.33543 -0.775939 -0.866145
76 -0.376651 0.137859 0.0602044 -0.165388 -0.413124 0.733728 -0.497508 0.762125 -0.711367 -0.281571 0.290759 -0.0543992 -0.165308 0.305892 0.264039 0.660749 0.101938 -0.0384537 0.574068 0.188667 -0.230947 0.874498 0.379013 0.0162798 0.215132 0.431819 -0.374034 -0.664031 0.379446 -0.245092 -0.660389 -0.703127
149 -0.699528 -0.339351 -0.501948 0.139068 0.132951 0.781887 0.0612373 0.288593 -0.0437054 -0.503947 0.345294 0.233285 -0.104654 0.211505 0.344439 0.303765 -0.277968 -0.0538199 0.589974 0.169687 -0.187946 1.4359 0.591515 0.436989 0.772278 -0.0954366 -0.147024 1.08016 0.0864048 0.016241 -0.74125 -0.741186
198 -0.263901 0.287651 -0.562931 0.456911 -0.211263 0.284984 0.201484 0.666584 -0.401124 0.574386 -0.291044 0.162559 -0.413944 0.194488 -0.517298 0.233948 -0.319597 0.627336 0.635642 0.090521 -0.176775 0.450013 0.665183 0.911614 1.07063 -0.411028 -0.692288 0.225538 0.797347 -0.261062 -0.541308 -0.704433
197 -0.070806 0.301578 -0.746969 0.441317 -0.234003 0.291207 0.158759 0.738892 -0.378038 0.482056 -0.408925 0.1388 -0.342112 0.140138 -0.568052 0.31175 -0.580007 0.651181 0.588796 0.143175 -0.335519 0.565669 0.74672 1.14259 1.18788 -0.631702 -0.810322 0.159444 0.706738 -0.293529 -0.651382 -0.853361
196 0.0425734 0.282163 -0.765438 0.381866 -0.229459 0.299081 0.191846 0.679776 -0.337107 0.375104 -0.431413 0.128446 -0.229847 0.0887286 -0.573173 0.324343 -0.572404 0.60044 0.406151 0.18058 -0.321625 0.502059 0.722505 1.06094 1.03841 -0.651145 -0.769488 0.139814 0.573662 -0.26494 -0.577609 -0.794928
195 -0.0206227 0.402807 -0.93077 0.439752 -0.233719 0.451772 0.150754 0.777509 -0.347887 0.30186 -0.454834 0.121649 -0.307222 0.0803028 -0.64556 0.39777 -0.752955 0.643718 0.480815 0.153093 -0.360557 0.606319 0.796923 1.19779 1.16039 -0.726653 -0.905841 0.111934 0.566178 -0.272977 -0.675957 -0.808643
194 -0.0320758 0.45244 -0.972196 0.405373 -0.19734 0.519763 0.19582 0.748344 -0.314669 0.102277 -0.49477 0.149283 -0.34739 0.0742339 -0.705429 0.463417 -0.904716 0.603156 0.386484 0.138471 -0.347383 0.613876 0.858204 1.23984 1.18389 -0.708843 -0.972562 0.0854785 0.382626 -0.235276 -0.659455 -0.705063
193 -0.111709 0.387482 -0.872004 0.299643 -0.126689 0.526104 0.130137 0.57769 -0.237157 -0.0379345 -0.365668 0.132324 -0.341221 0.063138 -0.58604 0.458278 -0.800779 0.491771 0.30937 0.160015 -0.233211 0.5772 0.710305 1.0055 0.978072 -0.562845 -0.882453 0.078949 0.247226 -0.199257 -0.568012 -0.536565
192 -0.180418 0.418448 -0.943399 0.326842 -0.204023 0.646264 0.141376 0.613974 -0.32201 -0.145757 -0.407346 0.15067 -0.39258 0.101351 -0.669277 0.511918 -0.890649 0.502139 0.311576 0.16076 -0.169302 0.660399 0.766059 1.0639 1.06828 -0.590243 -1.05878 0.0212618 0.24889 -0.254574 -0.660726 -0.520717
55 -0.0963147 0.236034 -0.465336 -0.0890966 -0.1145 0.581033 0.228942 -0.0358562 0.314857 0.451968 0.135756 0.186073 -0.214943 0.452784 -0.0811076 0.328234 0.270237 -0.641051 0.40717 -0.0716381 -0.518392 1.15226 0.294461 0.0675121 1.38826 0.0527576 -0.631727 -1.07714 0.432986 0.0405915 -0.457968 -0.448357
253 -0.814624 -0.084097 -0.993383 0.0385578 0.119842 0.43012 -0.205373 0.254734 -0.185073 -0.171655 0.138991 0.312051 -0.331063 0.127259 0.118249 -0.0620994 0.0374159 0.525669 0.13114 -0.00953309 -0.0446052 1.02041 -0.075518 0.0502735 0.574922 -0.632953 -0.135145 -0.969319 0.792068 -0.261406 -0.409077 -0.348508
252 -0.963686 -0.039542 -1.07285 0.0288114 0.222342 0.4735 -0.298154 0.366074 -0.189545 -0.348538 0.132437 0.408059 -0.277627 0.167986 0.111824 -0.157623 0.103996 0.657507 0.144251 -0.0112418 -0.0192372 1.21677 -0.0850897 0.061428 0.659033 -0.668454 -0.134304 -1.13751 0.915771 -0.256574 -0.433189 -0.355611
251 -0.799928 0.211149 -0.794741 0.0769378 0.397215 0.354749 -0.34026 0.428223 -0.101409 -0.553695 0.115333 0.502509 -0.0264191 0.405238 -0.00630321 -0.269735 0.207859 0.76789 0.206802 0.0953394 0.142957 1.30718 -0.0975262 0.211516 0.700068 -0.477016 -0.254804 -1.07044 0.7567 -0.0314217 -0.279331 -0.379872
254 -0.931744 -0.135855 -1.2109 0.0224496 0.13699 0.372807 -0.254812 0.220616 -0.178114 -0.0972918 0.155226 0.349947 -0.420708 0.0782499 0.17815 -0.120479 -0.00145481 0.634008 0.122669 0.0266636 -0.167839 1.18984 -0.0823024 -0.0430698 0.651857 -0.782751 -0.127385 -1.25583 0.969005 -0.381701 -0.508098 -0.423652
169 -0.338249 -0.180797 -0.192758 0.0308538 -0.387623 1.07418 -0.300703 0.407023 -0.0108185 -0.849303 0.251203 -0.295028 0.455462 -0.00650892 0.792112 0.1581 -0.0672687 -0.236077 0.219356 0.566338 -0.170591 0.345759 -0.412164 0.158082 0.29836 -0.336756 -0.551418 -0.241662 1.19141 0.144944 -0.166708 -1.02222
168 -0.26819 -0.305441 -0.109803 -0.00572994 -0.375872 1.16515 -0.3086 0.427207 0.0310649 -0.922438 0.360386 -0.337733 0.476764 0.0649631 0.909776 0.197727 -0.059016 -0.23602 0.303099 0.764995 -0.0897928 0.494453 -0.457614 0.0661413 0.403822 -0.425487 -0.801772 -0.3327 1.4451 0.300266 -0.112605 -1.32727
175 -0.809117 0.00395533 -0.25275 0.266654 -0.445806 0.821377 -0.0678503 0.387726 -0.240061 -0.653868 -0.122412 -0.0573593 0.374938 -0.182288 0.420201 0.232497 -0.159854 -0.678937 0.0236147 0.558194 -0.330901 0.291045 -0.359138 0.326296 0.854589 -0.319246 -0.468866 -0.400201 1.01729 -0.495981 -0.815542 -0.651329
68 -0.0280644 0.520299 0.273522 -0.174919 -0.559335 0.742856 -0.518641 -0.033333 -0.168957 -0.274161 -0.0965586 0.378827 -0.377785 0.797468 0.711244 0.254952 0.0487679 -0.140846 0.721691 0.546919 0.0629817 1.25598 0.124638 0.0783422 0.553194 0.45077 -0.319772 -0.228425 0.487938 -0.0880477 -0.650896 -0.864289
67 0.00526412 0.475114 0.276267 -0.11522 -0.498623 0.640427 -0.367988 -0.0620781 -0.150112 -0.236499 -0.0864054 0.358602 -0.310508 0.663324 0.604419 0.1649 0.0493369 -0.144837 0.710166 0.496528 0.130003 1.08868 0.132551 0.0567695 0.558831 0.380745 -0.323089 -0.210418 0.443434 -0.0198708 -0.580959 -0.777133
69 -0.128218 0.441106 0.151872 -0.271313 -0.534495 0.828644 -0.743922 0.165779 -0.198922 -0.421369 -0.086271 0.280327 -0.349944 0.900372 0.783019 0.377547 0.02449 -0.0358405 0.618491 0.62749 -0.0509043 1.36105 0.105449 0.182379 0.39947 0.415366 -0.30618 -0.234418 0.49467 -0.123327 -0.698805 -0.834251
70 -0.0735618 0.424728 0.154558 -0.281219 -0.450264 0.762727 -0.763354 0.089123 -0.154121 -0.383365 -0.0970934 0.277549 -0.35249 0.933046 0.766761 0.41039 0.0136777 -0.0244882 0.624469 0.629677 -0.0654727 1.38608 0.10574 0.221435 0.357017 0.407603 -0.267324 -0.208197 0.47726 -0.132114 -0.659481 -0.758213
165 0.0598071 -0.402984 0.169561 -0.0934169 -0.155777 0.767777 -0.0989821 0.24886 0.230776 -0.646353 0.488978 -0.222577 0.309014 0.197834 0.724606 0.150923 -0.0901776 -0.194215 0.234568 0.895807 0.145379 0.603784 -0.469507 -0.101568 0.482694 -0.522615 -0.933036 -0.328947 1.33847 0.493478 -0.0390071 -1.39178
167 -0.0835735 -0.34496 -0.0136307 -0.0215639 -0.244161 0.95441 -0.146812 0.347081 0.162593 -0.786742 0.471757 -0.295543 0.359185 0.150119 0.854025 0.160518 -0.112809 -0.183104 0.24623 0.825009 0.104474 0.570205 -0.504177 -0.0444453 0.406239 -0.531093 -0.90758 -0.320076 1.40138 0.435502 -0.010472 -1.40643
191 -0.237234 0.37786 -0.847986 0.220242 -0.12851 0.809374 0.119379 0.472103 -0.33367 -0.369161 -0.351651 0.229279 -0.355181 0.122569 -0.646739 0.591416 -0.843012 0.448336 0.272916 0.215137 0.00633155 0.658336 0.754796 0.938605 1.14244 -0.474396 -1.16318 0.0130854 0.141942 -0.313526 -0.690398 -0.332964
190 -0.212458 0.30004 -0.708675 0.185975 -0.134949 0.703437 0.0865082 0.397638 -0.323318 -0.338794 -0.295354 0.170987 -0.301981 0.110059 -0.525706 0.50682 -0.680331 0.358427 0.236193 0.199603 0.0531523 0.560883 0.640965 0.752635 0.982143 -0.452102 -1.02927 0.0327204 0.127988 -0.307057 -0.584271 -0.313361
189 -0.283747 0.277817 -0.757004 0.202001 -0.136537 0.754341 0.116685 0.44195 -0.37096 -0.387429 -0.331861 0.192506 -0.302023 0.120397 -0.597503 0.590416 -0.703145 0.405846 0.308633 0.242072 0.0831252 0.590833 0.645618 0.838135 1.05495 -0.456927 -1.08862 0.0225972 0.163902 -0.335181 -0.699256 -0.345623
188 -0.295835 0.22555 -0.475505 0.124059 -0.0816295 0.800571 0.128521 0.392677 -0.439645 -0.450709 -0.260822 0.306839 -0.0926299 0.0405691 -0.553058 0.690307 -0.439995 0.275234 0.371747 0.264734 0.351626 0.309616 0.429543 0.695668 1.01817 -0.267268 -0.92272 -0.049393 0.168158 -0.495644 -0.837886 -0.179434
187 -0.283927 0.0953338 -0.307615 0.0894518 -0.15701 0.642834 0.0541553 0.340415 -0.365556 -0.381496 -0.104327 0.187875 0.0365927 0.0680235 -0.245692 0.529332 -0.132034 0.148863 0.505037 0.381912 0.357652 0.421608 0.145768 0.433679 0.907628 -0.205395 -0.746861 -0.164512 0.239277 -0.361807 -0.694296 -0.431853
186 -0.372438 0.0196036 -0.17362 0.0533331 -0.121627 0.758245 0.0982856 0.349177 -0.499945 -0.504516 -0.177836 0.321184 0.186278 -0.0084213 -0.36932 0.745755 -0.0344645 0.0722591 0.636056 0.494983 0.701659 0.238099 0.019302 0.450962 1.06583 -0.113834 -0.794094 -0.225931 0.246658 -0.609768 -1.01968 -0.30183
85 -0.277982 -0.0246987 -0.344397 0.535317 -0.586401 0.459396 -0.285487 0.792829 -0.947756 -0.0861429 0.256975 -0.474201 -0.0321791 0.106943 -0.25762 0.381689 0.214791 0.00735555 0.498496 0.208175 -0.585789 0.205386 0.374549 -0.4664 0.527296 0.0650218 -1.07099 -1.12023 0.119284 0.0714475 -0.573112 -0.995295
201 -0.772698 0.251927 -0.397162 0.440251 -0.212244 0.364311 0.104165 0.641343 -0.531894 0.449371 -0.00898093 0.0874714 -0.56217 0.300192 -0.31892 0.0817837 0.0356691 0.426645 0.759845 0.0131602 0.20281 0.459395 0.393678 0.463552 0.958882 0.0543983 -0.561709 0.236923 0.991066 -0.140535 -0.312938 -0.539859
202 -0.86035 0.134421 -0.267463 0.385503 -0.166625 0.359747 0.0418797 0.562359 -0.533941 0.238422 0.050544 -0.00923378 -0.536705 0.347102 -0.182842 0.00932687 0.163317 0.29604 0.656768 0.0112536 0.297366 0.506914 0.203241 0.225436 0.86156 0.239478 -0.494379 0.103672 1.03276 -0.0150375 -0.211598 -0.510107
203 -0.957175 0.112476 -0.244935 0.42042 -0.110143 0.331136 0.0531962 0.570283 -0.588788 0.28612 0.0477974 -0.00266788 -0.629947 0.417691 -0.208373 -0.00333141 0.204106 0.331084 0.779483 0.0235312 0.396601 0.635098 0.19474 0.209215 0.989097 0.328059 -0.57084 0.113802 1.20446 -0.0354937 -0.218314 -0.57839
264 -0.34583 -0.116361 -0.534157 0.734796 -0.66785 -0.197795 0.325286 -0.15114 0.327947 0.283384 0.230402 -0.320942 0.183737 -0.187438 0.368844 -0.12406 0.448485 0.556304 0.581012 0.504128 0.614537 1.17114 0.343689 0.241181 0.670921 -0.227152 -0.973882 -0.430752 0.931954 -0.425854 -0.199474 -1.13272
266 -0.352336 -0.179544 -0.470949 0.789679 -0.745744 0.0651766 0.353618 -0.121369 0.15333 0.20457 0.199855 -0.314742 0.2414 -0.200736 0.386587 0.00494177 0.359185 0.392825 0.479527 0.418488 0.720287 1.08935 0.342525 0.304125 0.590979 -0.250134 -0.938271 -0.435823 0.901223 -0.37534 -0.225414 -0.91512
200 -0.419774 0.307226 -0.463719 0.451683 -0.180157 0.266432 0.173748 0.639079 -0.444268 0.588949 -0.201764 0.153908 -0.511344 0.206271 -0.498968 0.213715 -0.239951 0.549819 0.716952 0.036473 -0.0705305 0.423128 0.600401 0.784548 1.0747 -0.258085 -0.701859 0.283733 0.853452 -0.220758 -0.470443 -0.625478
199 -0.338683 0.271285 -0.399747 0.396347 -0.19424 0.241935 0.141295 0.59121 -0.422646 0.523431 -0.196141 0.122977 -0.400978 0.201554 -0.444751 0.217699 -0.232237 0.541071 0.636069 0.0710938 -0.0876598 0.391548 0.544197 0.748677 0.972584 -0.281323 -0.653589 0.229474 0.746273 -0.208472 -0.470104 -0.59576
166 -0.0270195 -0.34647 0.0832803 -0.0451256 -0.143205 0.707428 -0.0874086 0.197276 0.161482 -0.612644 0.387748 -0.200113 0.294666 0.12664 0.609309 0.167479 -0.0601416 -0.163063 0.180856 0.728174 0.146987 0.505533 -0.42454 -0.0358118 0.369212 -0.455385 -0.830507 -0.286216 1.17394 0.36014 -0.0144749 -1.19154
250 -0.674759 0.307097 -0.574353 0.111525 0.498882 0.267828 -0.330335 0.452006 -0.0428557 -0.622913 0.0864995 0.552934 0.10212 0.452338 -0.105598 -0.300284 0.25275 0.745883 0.256805 0.162029 0.151992 1.24578 -0.086057 0.301339 0.653269 -0.304 -0.326681 -1.0062 0.662783 0.0826262 -0.241492 -0.388604
249 -0.664723 0.442207 -0.545336 0.145879 0.517342 0.233917 -0.425545 0.55012 -0.0716382 -0.669606 0.0883077 0.592035 0.186111 0.568805 -0.155076 -0.315093 0.283901 0.84268 0.400751 0.330733 0.0946734 1.35733 -0.0963169 0.359145 0.712118 -0.245377 -0.399767 -1.07077 0.707443 0.153499 -0.231728 -0.516799
95 -0.309848 0.781975 -0.743086 -0.109004 -0.591837 1.47279 -0.631723 1.22331 -0.625525 -0.347922 0.307754 -0.116774 0.221601 0.176077 0.148972 0.350561 0.50008 0.352592 0.238862 0.303833 -0.248983 0.518499 0.266102 0.200686 1.19101 0.0419922 -1.12985 0.0140993 -0.0339451 0.184483 0.0980898 -0.994771
71 -0.146977 0.401777 0.114574 -0.340723 -0.535754 0.894822 -0.89311 0.253575 -0.208884 -0.464733 -0.0668262 0.223708 -0.371789 0.952747 0.844834 0.512467 -0.0274541 -0.0848767 0.622878 0.627924 -0.139455 1.45049 0.102357 0.24329 0.317957 0.414049 -0.259571 -0.279903 0.558981 -0.177858 -0.715793 -0.790661
176 -0.933193 0.0117457 -0.32205 0.343869 -0.521286 0.972734 -0.110812 0.446396 -0.306893 -0.826462 -0.102716 -0.0934099 0.472683 -0.244422 0.526066 0.268566 -0.192642 -0.804541 0.063982 0.667772 -0.405057 0.316795 -0.455861 0.432468 1.00627 -0.452117 -0.536417 -0.473409 1.23337 -0.631794 -1.00571 -0.754401
96 -0.253855 0.744455 -0.81285 -0.07355 -0.622118 1.52481 -0.557534 1.23594 -0.582672 -0.302997 0.266724 -0.11869 0.174523 0.178782 0.273483 0.322589 0.40419 0.323329 0.158565 0.225898 -0.197515 0.599749 0.182433 0.198617 1.24299 0.0815487 -1.10012 0.0640589 -0.0916701 0.181979 0.181958 -0.927336
50 -0.16852 0.116164 -0.191778 0.280833 -0.506174 0.289291 0.141611 0.291953 0.388506 0.0920225 0.210218 -0.20184 -0.0443432 -0.0139434 0.0114377 0.0730216 -0.309294 -0.960295 0.485524 -0.324152 -0.898228 1.55461 0.0398223 0.267772 1.12438 0.0476965 -0.576488 -0.537339 0.28378 -0.500634 -0.129637 -1.236
290 -0.847926 -0.362828 -0.240637 -0.0866999 -0.246145 0.583299 -0.0616205 -0.271068 0.0128864 -0.163593 -0.0591931 -0.390964 -0.00595901 0.405395 -0.28289 0.329875 0.467926 0.0505661 0.802133 0.459623 0.198938 0.884472 -0.110552 0.695807 0.425013 -0.594344 -0.156643 0.0112794 -0.440467 -0.797386 -0.441344 -1.69729
291 -1.02502 -0.432747 -0.49627 0.0291269 -0.300382 0.627368 -0.202922 -0.208122 -0.116957 -0.0266239 0.0551295 -0.350543 0.00929706 0.3444 -0.235429 0.494568 0.41838 0.0949237 0.658909 0.390585 0.136062 0.910806 0.0168335 0.832737 0.456364 -0.524658 -0.110678 0.1858 -0.37481 -0.595935 -0.310936 -1.53288
28 -0.261287 0.239154 -0.0285362 -0.194887 -0.0168138 -0.12893 -0.588251 0.269098 -0.483042 0.0237395 0.196263 -0.0231218 0.105495 -0.559807 0.057503 0.639026 -0.178852 -0.215632 0.821903 0.117854 0.350473 1.22583 -0.0997912 0.160679 0.927613 -0.495237 -0.701329 -0.0343353 0.117702 0.0718876 -0.245106 -0.607054
265 -0.348226 -0.106033 -0.472986 0.596645 -0.563564 -0.0442781 0.278267 -0.0521582 0.232579 0.206588 0.171448 -0.269661 0.153303 -0.154557 0.320943 -0.023871 0.363081 0.433755 0.493476 0.424925 0.511214 0.99811 0.274753 0.237591 0.606173 -0.227739 -0.830905 -0.349553 0.752911 -0.333191 -0.210531 -0.929527
10 -0.691148 -0.108142 -1.34809 0.520488 -0.510507 0.629203 0.132389 0.474488 -0.583379 -0.529453 -0.323295 0.101908 -0.479045 -0.189791 0.431652 0.32823 0.459125 0.293663 1.09635 0.666563 0.49487 0.77666 0.265901 -0.59591 0.414054 -0.231885 -0.568117 0.0343165 -0.12275 0.0996895 0.0442107 -0.782555
157 -0.0256502 0.027672 0.0136999 -0.509741 -0.0795278 0.462994 -0.427674 -0.296672 0.191536 -0.100887 0.206423 -0.0960406 -0.145368 -0.184671 0.24361 0.609922 -0.570613 0.112367 0.0870465 0.912712 -0.360389 1.45225 -0.0605273 0.290933 0.775255 -0.156503 -0.877914 0.549049 0.26369 0.22334 -0.60692 -1.06609
292 -0.932886 -0.393954 -0.54437 0.0362178 -0.245009 0.562956 -0.203668 -0.154909 -0.14724 0.042164 0.110055 -0.316461 0.0256127 0.311099 -0.1588 0.492056 0.387322 0.104727 0.532351 0.319795 0.0912517 0.826441 0.0833589 0.788669 0.443582 -0.437603 -0.133053 0.207958 -0.270123 -0.458828 -0.229909 -1.34743
295 -0.81857 -0.365722 -0.501548 0.0430065 -0.0387122 0.512462 -0.262372 -0.119412 -0.123024 0.181707 0.138523 -0.0940732 -0.141139 0.435286 -0.0356038 0.677514 0.0844235 0.171611 0.644671 0.26143 -0.0448217 0.773593 -0.0624328 0.784656 0.46872 -0.452885 -0.294503 0.0944783 -0.285349 -0.225188 -0.132792 -1.08377
130 -0.414416 0.477455 -0.681056 0.319901 -0.678975 0.554107 0.0116584 0.551334 -0.685386 -0.224019 0.169013 -0.195593 -0.403967 0.343346 0.47115 0.00758953 -0.0353601 0.374497 -0.0711982 0.358296 -0.0458133 0.847153 -0.335869 0.828321 1.07774 -1.04954 0.101361 -0.329285 -0.176373 0.432887 -0.272815 -0.638619
274 0.070321 -0.704851 -0.21625 0.529513 -0.879919 0.318725 -0.282382 0.190147 -0.470138 -0.262347 0.293314 -0.094786 0.181506 0.504029 -0.182051 -0.160369 -0.526582 0.254872 0.529815 0.650829 0.475454 1.41983 0.573583 0.461996 0.324025 0.227902 -0.742867 -0.124823 0.411294 -0.287341 -0.471282 -0.473477
142 0.011255 0.129464 -0.438124 0.284896 -0.0494542 -0.0308982 0.237166 0.981419 0.0503362 -0.861068 0.771014 -0.279494 -0.181639 0.359075 0.460216 -0.444233 0.0295906 0.125536 1.18559 -0.041869 0.0937022 0.882992 -0.0514312 0.676738 0.935359 -0.159278 -0.260962 0.170037 0.18249 -0.352985 -0.684708 -0.499355
98 -0.214195 0.623593 -0.760857 -4.3919e-05 -0.597779 1.32984 -0.479817 1.11988 -0.556229 -0.196654 0.148814 -0.143558 0.104812 0.290993 0.323377 0.189149 0.311093 0.264719 0.138541 0.211693 -0.197092 0.64 0.0786199 0.0475677 1.21037 0.105015 -1.10743 -0.0654074 -0.119081 0.177834 0.109918 -0.858543
97 -0.241115 0.645624 -0.777422 -0.0324155 -0.610684 1.36448 -0.487278 1.15853 -0.568832 -0.244596 0.204883 -0.113685 0.125604 0.195123 0.263162 0.259276 0.332196 0.333011 0.118933 0.179275 -0.195644 0.575099 0.141154 0.116607 1.12656 0.0821496 -1.01392 0.0114362 -0.126007 0.166996 0.146445 -0.81984
293 -0.998305 -0.432001 -0.577949 0.0238951 -0.224732 0.627137 -0.274052 -0.140659 -0.165711 0.0684441 0.13467 -0.302751 -0.0573678 0.393237 -0.122393 0.612113 0.323776 0.147672 0.695984 0.378525 0.0998037 0.922812 0.0390102 0.865457 0.528133 -0.495345 -0.227425 0.17597 -0.339751 -0.452259 -0.25467 -1.46551
148 -0.597138 -0.208575 -0.477198 0.125242 0.0600371 0.666112 0.0472874 0.29828 -0.0782058 -0.451849 0.304794 0.203743 -0.0522451 0.214579 0.285082 0.207968 -0.219296 -0.0381515 0.494724 0.0789371 -0.0927166 1.18084 0.483567 0.398267 0.652543 -0.101286 -0.138094 0.833611 0.06688 -0.0401586 -0.612895 -0.637063
22 -0.370026 0.0626557 -0.285497 -0.0121634 -0.0120542 0.023967 -0.231522 0.60689 -0.427071 -0.227295 -0.228127 -0.158879 -0.00291599 -0.407702 0.242199 0.320316 -0.0980733 -0.174246 0.577391 0.402249 0.357561 0.899127 -0.0531574 0.18283 0.828089 -0.378442 -0.805447 -0.0388654 0.18965 -0.122229 -0.373769 -0.738194
31 0.245071 0.123237 0.231501 -0.0740577 0.0298208 -0.292204 -0.633991 0.227949 -0.067033 0.164765 0.37098 0.14847 0.340954 -0.283056 0.192074 0.48085 -0.509799 0.194159 1.01148 0.121218 0.333413 0.707979 0.067035 -0.0427306 1.35447 -0.86304 -0.844037 -0.147253 0.372887 -0.120945 -0.422909 -0.996142
