300 4
46 -1.7893 1.5753 -0.4945 -2.16576
47 -1.98753 1.67479 -0.510456 -2.48546
48 -1.81438 1.11618 -0.537489 -2.47468
50 -1.88796 0.821486 -0.552251 -2.53404
45 -2.06137 1.80102 -0.468113 -2.37153
44 -2.14482 1.85046 -0.454482 -2.26989
173 -3.28597 0.404501 0.0653279 0.224385
171 -3.00475 0.602986 0.220571 0.121932
172 -2.61308 0.425101 0.0642774 0.204586
170 -2.81271 0.749624 0.500295 0.0180997
168 -2.4073 1.04848 0.876712 -0.438081
138 -2.85492 -0.318297 -1.04022 -0.946183
137 -3.16493 -0.368858 -1.17043 -0.826861
136 -3.05672 -0.460302 -1.02259 -0.672185
135 -3.26498 -0.3055 -1.10166 -0.786902
36 -2.6421 0.39466 -0.527512 -0.385742
35 -2.93364 0.459584 -0.630453 -0.194028
33 -3.08587 0.502079 -0.622764 -0.216254
37 -2.40899 0.396575 -0.305956 -0.682816
34 -2.82506 0.488607 -0.615292 -0.134332
15 -2.5271 0.867663 1.2225 -0.444178
14 -2.36823 0.0987934 1.2348 -0.537354
16 -2.48677 1.05039 1.19173 -0.46355
12 -2.50649 -0.561538 0.869788 -0.742593
13 -2.29386 -0.140175 1.06583 -0.540421
295 -2.57864 -0.759438 0.498997 -0.783466
294 -2.8766 -0.771294 0.487829 -0.638591
293 -2.91539 -0.66294 0.473026 -0.500388
292 -2.53051 -0.45341 0.349971 -0.357262
200 -1.65585 0.238315 0.777721 -1.79084
198 -1.65485 0.844399 0.848283 -1.66002
199 -1.48987 0.480625 0.752484 -1.6081
148 -2.43546 -0.529155 -0.477997 -1.31921
147 -2.5288 -0.510727 -0.640414 -1.41754
146 -2.4994 -0.273894 -1.02914 -1.41093
149 -2.61095 -0.526371 -0.355748 -1.35558
150 -2.48074 -0.139513 0.424423 -0.850564
152 -2.5972 0.230389 1.04811 -0.585497
151 -2.50389 0.155557 0.628685 -0.781828
186 -2.11907 1.81178 -0.171499 -1.85019
188 -2.12121 1.81909 -0.0275392 -1.77323
189 -2.03954 1.6315 0.152797 -1.29757
191 -2.2048 1.78887 0.40909 -1.25719
192 -2.28992 1.963 0.594659 -1.27494
194 -2.22188 1.97083 0.75447 -1.38527
193 -2.06771 1.82069 0.60419 -1.13933
259 -2.34373 0.177278 -1.38258 -1.47126
258 -2.46827 -0.0127911 -1.38952 -1.67345
260 -2.61752 0.217028 -1.29633 -1.68675
261 -2.3917 0.254694 -1.14849 -1.63111
62 -2.23361 0.504533 -1.45268 -1.69826
60 -2.23363 0.607917 -1.4455 -1.80772
59 -2.08731 0.478336 -1.28869 -2.16548
58 -1.71698 0.368077 -1.09178 -1.91041
61 -1.93876 0.438251 -1.25259 -1.51382
291 -3.00079 -0.536806 0.460786 -0.168962
290 -3.23683 -0.290284 0.468101 -0.0193787
289 -2.91289 -0.237427 0.399584 -0.0206712
257 -2.29723 -0.328748 -1.04037 -1.73945
255 -2.40795 -0.546694 -1.00842 -1.82807
256 -2.11596 -0.388517 -0.957456 -1.6487
190 -2.03256 1.54653 0.279997 -0.952961
145 -2.23938 -0.213459 -1.01983 -1.28987
144 -2.78991 -0.151491 -1.34314 -1.53629
143 -2.93512 -0.128099 -1.57168 -1.50562
142 -2.51662 -0.0945438 -1.33767 -1.27539
141 -2.8956 -0.115724 -1.46626 -1.49548
140 -2.76273 -0.152893 -1.26676 -1.21684
280 -2.01471 0.703601 -0.0926318 -0.259678
279 -2.21647 0.854453 -0.277223 -0.366226
278 -2.1459 1.03796 -0.544582 -0.602693
277 -1.84455 1.00025 -0.498013 -0.683785
281 -2.38421 0.649409 0.034039 -0.160778
282 -2.64685 0.376809 0.379514 -0.0287612
240 -2.10242 -0.253331 1.25463 -1.97417
242 -2.21657 -0.385207 1.30657 -2.01283
243 -2.18474 -0.517045 1.30282 -2.11179
241 -1.84866 -0.25495 1.10224 -1.68352
233 -2.056 0.986192 1.14776 -1.74641
232 -1.99886 1.05215 0.928296 -1.52374
231 -2.12404 1.26381 0.942029 -1.51047
230 -2.41674 1.62882 0.98851 -1.0801
69 -1.80941 -0.205685 -0.0950742 -2.56382
71 -1.86378 -0.263531 0.069904 -2.74064
70 -1.61396 -0.249344 -0.0360722 -2.47312
72 -2.06908 -0.399641 0.138654 -3.14884
73 -1.76095 -0.360195 0.217398 -2.61481
65 -2.23019 0.58141 -1.288 -1.91122
63 -2.34042 0.612291 -1.36546 -1.83425
66 -1.88846 0.307873 -0.857497 -2.13857
67 -1.57949 0.325606 -0.674771 -1.88241
68 -1.67783 0.127417 -0.579914 -2.1312
90 -2.60666 -0.102845 0.785839 -0.535701
91 -2.41322 -0.0922774 0.633775 -0.549933
92 -2.86104 -0.380026 0.682549 -0.518988
113 -1.83875 1.24926 0.877263 -2.58111
111 -1.85326 1.15782 0.839269 -2.69856
112 -1.67108 1.15577 0.825709 -2.39774
110 -1.80385 0.89113 0.889271 -2.60319
109 -1.50744 0.70219 0.816362 -2.3078
108 -1.82881 0.614859 0.914811 -2.69145
204 -2.48879 -0.967352 -0.171464 -1.47302
206 -2.91438 -1.0574 -0.461191 -1.24346
205 -2.38853 -0.951868 -0.301113 -1.1689
207 -3.21613 -1.23882 -0.763064 -1.26555
208 -2.79616 -1.05269 -0.641246 -1.04536
93 -3.01779 -0.601918 0.724826 -0.35881
254 -2.37774 -0.70007 -0.82735 -2.05332
252 -2.23884 -0.821253 -0.651514 -2.05426
253 -2.06923 -0.705845 -0.690597 -1.78401
251 -2.02412 -0.88891 -0.257139 -2.04035
250 -1.77518 -0.838557 -0.0917155 -1.82178
249 -2.00018 -0.895042 0.116052 -2.13011
248 -2.0386 -0.863845 0.486215 -2.13151
197 -1.88137 1.32041 0.923099 -1.65163
195 -1.9385 1.48383 0.766816 -1.51916
107 -1.88414 0.418815 0.94509 -2.73347
106 -1.67125 0.321842 0.949868 -2.34676
105 -1.91067 0.150744 1.08024 -2.51775
104 -1.91486 -0.163988 1.20425 -2.07766
102 -1.95326 -0.474967 1.29674 -1.84539
103 -1.8124 -0.28399 1.14844 -1.91806
32 -2.90503 0.787914 -0.718519 -0.138174
30 -2.87889 1.00067 -0.586549 -0.134208
31 -2.53394 0.805305 -0.570527 -0.0781107
210 -3.26716 -1.14596 -0.804133 -1.06737
211 -3.03999 -1.06925 -0.808487 -0.978159
209 -3.26955 -1.24047 -0.766346 -1.11763
228 -2.5402 1.84127 0.983353 -0.92077
229 -2.19343 1.46899 0.784097 -0.948226
227 -2.83182 2.03265 0.880983 -0.697397
225 -2.99755 1.97574 0.820591 -0.659674
298 -2.23741 -0.893648 0.424402 -1.22846
297 -2.40448 -0.91985 0.472293 -1.19414
299 -2.67378 -1.10969 0.527495 -1.45748
296 -2.57495 -0.80218 0.437486 -0.888543
169 -2.40122 0.803346 0.676816 -0.234222
167 -2.22301 1.20802 1.27503 -1.1189
165 -2.25835 1.1845 1.40029 -1.44065
164 -2.41169 1.25419 1.55559 -1.73923
162 -2.31517 0.986193 1.66333 -1.65602
95 -3.3371 -0.722204 0.72527 -0.419748
96 -3.21994 -0.921519 0.90929 -0.478592
97 -2.69294 -0.822029 0.739487 -0.345745
98 -2.96343 -0.974668 1.05237 -0.627662
99 -2.6102 -0.925386 1.19008 -0.936462
100 -2.23256 -0.746786 1.05041 -0.93844
101 -2.25369 -0.715086 1.27533 -1.33227
157 -2.30977 0.325322 1.50995 -0.739773
156 -2.78105 0.323726 1.60894 -0.739401
158 -2.72295 0.375687 1.73354 -0.952521
159 -2.4691 0.528942 1.7496 -1.18272
160 -2.16676 0.480214 1.62388 -1.18702
161 -2.319 0.764279 1.84851 -1.45859
11 -2.48652 -0.929881 0.579822 -0.986379
10 -2.17551 -0.922383 0.511433 -1.00262
272 -2.06904 0.968785 -0.781167 -1.58285
270 -1.89331 0.743308 -0.736046 -1.69292
269 -2.00589 0.34442 -0.768817 -1.93408
267 -1.96754 0.349046 -0.78705 -1.93049
266 -1.88217 0.196019 -0.793782 -1.89195
268 -1.86112 0.318629 -0.734158 -1.86366
139 -2.53074 -0.118755 -0.75527 -1.04126
134 -2.9491 -0.0966625 -0.899164 -0.605764
184 -1.65418 1.27661 -0.262999 -1.76752
183 -1.81801 1.17591 -0.208679 -1.80487
185 -1.79557 1.43867 -0.195443 -1.77824
179 -2.2699 0.177199 -0.31042 -0.662492
180 -1.87542 0.365848 -0.374014 -1.14247
181 -1.6402 0.535346 -0.305097 -1.30688
178 -2.46213 0.102972 -0.234383 -0.410228
182 -1.70544 0.783054 -0.312798 -1.50556
125 -2.76365 1.42723 -0.883628 -0.442056
123 -2.36861 1.37245 -0.544779 -0.536333
124 -2.33865 1.23487 -0.64213 -0.429042
122 -1.98653 1.32079 -0.0681408 -0.595336
121 -1.79355 1.19312 0.130008 -0.563376
74 -2.05535 -0.25075 0.35645 -2.9983
75 -1.9973 -0.188962 0.587409 -2.62961
76 -1.5657 -0.213225 0.541463 -1.97292
82 -2.87167 0.385516 1.67011 -0.610078
83 -3.19898 0.376796 1.77096 -0.595017
84 -3.0595 0.502528 1.72662 -0.495365
86 -3.03462 0.417343 1.63042 -0.510874
85 -2.72643 0.400335 1.53625 -0.317578
87 -2.92919 0.358023 1.34362 -0.555146
89 -2.64564 0.258764 1.17205 -0.534856
239 -2.11697 -0.0934723 1.27699 -2.07475
244 -2.01268 -0.566627 1.298 -1.96902
245 -2.35561 -0.582773 1.346 -2.25386
38 -2.74607 0.487471 -0.358145 -0.763782
39 -2.06487 1.01922 -0.334561 -1.36817
41 -1.92503 1.51225 -0.322538 -1.72565
118 -1.56438 1.09734 0.674331 -1.2494
117 -1.65206 1.26129 0.929489 -1.63076
116 -1.6062 1.21145 0.888563 -1.80861
119 -1.70467 1.27521 0.645162 -1.27431
276 -2.02861 1.24786 -0.724296 -0.977838
51 -1.88537 0.66236 -0.559073 -2.57327
52 -1.70287 0.610586 -0.53745 -2.42775
53 -1.90315 0.696639 -0.61425 -2.74944
235 -1.76144 0.556173 1.14768 -1.74938
236 -1.98915 0.362933 1.28074 -2.04448
237 -2.09904 0.071927 1.31106 -2.05432
238 -1.91369 0.00972846 1.19236 -1.89919
234 -2.01293 0.711079 1.27221 -1.9467
166 -2.01553 1.14077 1.27863 -1.15923
9 -2.53306 -1.05824 0.48528 -1.26913
212 -3.25397 -0.915029 -0.812139 -1.01776
213 -2.86797 -0.548065 -0.922009 -0.555047
215 -2.89466 0.00399053 -0.763761 -0.372064
133 -2.70264 -0.0450807 -0.822338 -0.586864
224 -2.95176 1.84907 0.519282 -0.423853
223 -2.59793 1.62523 0.167206 -0.280534
222 -2.90463 1.67697 0.0934686 -0.13386
264 -2.05995 0.176843 -0.800457 -1.88822
263 -2.22849 0.182939 -0.805409 -1.72456
262 -2.16021 0.227755 -0.569755 -1.44788
265 -1.80606 0.0476291 -0.724399 -1.6631
176 -3.64388 0.0116636 -0.181192 0.110553
174 -3.59068 0.17465 -0.0835069 0.212627
175 -3.51649 -0.00495956 -0.113555 0.257269
49 -1.75138 0.899108 -0.541408 -2.2779
55 -1.64692 0.381497 -0.678449 -2.51386
56 -2.04541 0.556407 -0.990334 -2.96873
54 -2.03621 0.495973 -0.744074 -2.93246
25 -2.4077 1.48553 -0.284458 -0.380558
26 -2.98853 1.84472 -0.335884 -0.513772
24 -2.73169 1.72835 -0.127517 -0.54548
23 -2.55635 1.72267 0.124076 -0.528174
64 -2.11463 0.546539 -1.20814 -1.55359
8 -2.76299 -1.27127 0.43999 -1.51795
7 -2.50906 -1.25364 0.281394 -1.50156
6 -2.81864 -1.49442 0.432574 -1.72217
5 -2.96964 -1.43664 0.53768 -1.72844
4 -2.49485 -1.17054 0.573231 -1.52982
3 -2.92666 -1.39821 0.605985 -1.67596
284 -2.97595 0.115856 0.568557 -0.0117092
283 -2.6024 0.121245 0.440114 0.0709514
28 -2.55385 1.34521 -0.426412 -0.310862
27 -3.14544 1.76616 -0.577425 -0.453201
29 -2.88955 1.40983 -0.587402 -0.222705
177 -2.81653 0.00714947 -0.261821 -0.182042
43 -1.84126 1.68471 -0.378026 -1.96315
42 -2.13144 1.79095 -0.379519 -2.04612
130 -2.50022 0.29317 -0.860999 -0.402271
129 -3.04605 0.504846 -1.10523 -0.484695
131 -2.91689 0.294554 -1.03376 -0.549081
128 -2.76597 0.898443 -1.05974 -0.546108
126 -2.74475 1.11067 -0.962931 -0.435679
57 -1.97312 0.420758 -1.06413 -2.62648
216 -3.11146 0.379057 -0.992881 -0.198086
114 -1.59418 1.17176 0.90586 -2.15773
154 -2.82811 0.307629 1.49586 -0.437393
155 -3.11723 0.400439 1.71144 -0.601727
196 -1.63671 1.39713 0.736963 -1.33497
201 -2.17556 -0.636056 0.408353 -1.88707
127 -2.41956 0.894638 -0.911109 -0.38292
120 -1.83898 1.36084 0.367754 -0.922132
287 -3.22481 -0.103563 0.534513 0.027553
285 -3.29035 -0.0619968 0.678762 0.0970939
286 -2.82372 -0.0579938 0.616006 -0.0360437
246 -2.11674 -0.720786 0.980608 -2.18833
275 -2.21412 1.31971 -0.884661 -1.23889
2 -2.7417 -1.2267 0.68995 -1.50349
40 -1.8979 0.826697 -0.167464 -1.23244
219 -3.22447 1.21676 -0.653766 -0.0216005
218 -3.05988 0.724073 -0.829596 -0.0796911
221 -3.2719 1.50047 -0.379965 -0.0696735
226 -2.47473 1.70208 0.770245 -0.575635
22 -2.0973 1.40376 0.167413 -0.462693
21 -2.54249 1.70243 0.294502 -0.569812
20 -2.50381 1.66629 0.749265 -0.566306
18 -2.63897 1.51862 0.994236 -0.536378
19 -2.2943 1.33992 0.793784 -0.585243
273 -2.14335 1.37751 -0.923302 -1.45614
274 -1.972 1.27134 -0.80806 -1.2543
81 -3.09515 0.293111 1.76957 -0.789392
80 -2.44648 0.264784 1.54716 -0.989791
78 -2.23797 0.0894844 1.41491 -1.32764
163 -2.05644 1.06267 1.4101 -1.59416
17 -2.70251 1.2204 1.25005 -0.544976
132 -3.06651 -0.0631146 -1.07716 -0.673721
288 -3.31789 -0.229163 0.528775 -0.0108516
220 -3.02452 1.36448 -0.404365 -0.0264208
214 -2.5988 -0.122251 -0.708311 -0.490069
0 -2.66913 -1.1716 0.588426 -1.4198
1 -2.23938 -1.07809 0.546488 -1.29736
115 -1.44494 0.901543 0.855764 -1.81239
247 -1.70414 -0.644526 0.585455 -1.73894
77 -1.82725 -0.201282 0.779328 -2.10741
217 -2.65802 0.454301 -0.803909 -0.194099
88 -2.53944 0.321772 1.25163 -0.590355
271 -1.95517 0.765762 -0.522241 -1.60894
187 -1.84853 1.58039 -0.0671857 -1.61257
153 -3.08915 0.260514 1.52646 -0.574402
202 -2.0693 -0.658043 0.225818 -1.69966
203 -2.29902 -0.762702 0.0932085 -1.77548
94 -2.83394 -0.623275 0.617462 -0.343277
79 -2.12257 0.046024 1.31128 -1.21151
