300 8
270 -0.868235 -0.400974 -0.401089 -0.546239 0.656972 -0.876808 2.46798 -1.23693
269 -1.01629 -0.167754 -0.464249 -0.405997 0.594774 -0.638527 2.18596 -0.80574
268 -0.627709 -0.12587 -0.662453 -0.323254 0.499213 -0.20956 2.03398 -0.418667
272 -0.80892 -0.296838 -0.386792 -0.556764 0.442893 -1.08001 2.39228 -1.4764
271 -0.898112 -0.448862 -0.207899 -0.41829 0.631401 -0.932091 2.31935 -1.30123
173 0.909988 -0.454125 -0.319168 -1.80266 0.15107 -0.324449 2.21406 -1.03819
171 0.85318 -0.34748 -0.269056 -1.64807 0.198859 -0.198485 2.14979 -1.2362
172 0.837947 -0.338571 -0.215393 -1.40742 0.195923 -0.141086 1.85565 -1.02737
170 0.663529 -0.14831 -0.263992 -1.38174 0.376729 -0.0509147 2.18246 -1.34743
168 0.565932 0.0721267 -0.310459 -1.32192 0.419834 -0.0826254 2.0868 -1.37603
169 0.618615 -0.0121807 -0.326895 -1.17896 0.320124 -0.0249964 1.84568 -1.12492
157 0.74324 0.102055 -0.847782 -0.736736 0.15446 0.627903 1.75567 -0.415649
158 1.07344 0.285951 -1.00092 -0.969606 0.139869 0.885144 1.86822 -0.914273
156 0.930856 0.203745 -1.0813 -1.11883 0.00530619 1.03797 2.04614 -0.19647
155 0.864847 0.125065 -1.12254 -1.18536 0.0756913 1.35877 2.52634 0.157806
154 0.803221 0.0286432 -1.07567 -1.13 0.00408027 1.25355 2.28809 0.196114
153 0.853772 0.088116 -1.07677 -1.13881 -0.0549123 1.44646 2.65919 0.274544
202 0.860409 -0.767413 -1.55876 -0.0299658 -0.0628267 -0.941068 1.67017 -0.220112
201 0.972697 -1.0768 -1.50474 0.0467009 -0.264958 -1.26959 1.96454 -0.104254
203 0.885416 -0.8577 -1.64328 0.0180524 -0.0694248 -0.995506 1.74832 -0.29437
200 0.976053 -1.26484 -1.52716 0.0453535 -0.468485 -1.51234 2.11802 -0.0636728
144 0.147705 0.446264 -0.778786 -0.330536 -0.454015 0.700053 2.66619 0.0538548
145 0.28515 0.228231 -0.728578 -0.281829 -0.288821 0.485673 2.25249 -0.0137135
146 0.340554 0.599907 -0.752726 -0.37162 -0.469093 0.868466 2.76333 0.183579
147 0.515866 0.649716 -0.829649 -0.311882 -0.544606 1.07506 2.99411 0.261626
120 -0.337193 0.706509 -1.95229 1.07812 -0.335538 -0.237027 2.20452 0.0921807
119 -0.537627 0.896861 -1.93138 0.851549 -0.118114 0.363429 2.21166 -0.136843
118 -0.534087 0.822276 -1.77249 0.565376 -0.0369239 0.639649 1.95545 -0.176348
117 -0.536366 1.03305 -2.1117 0.649446 0.0271901 0.68518 2.25304 -0.335704
235 1.43182 -0.494993 -1.11483 -0.251095 0.390755 -0.00196015 1.82331 0.705878
234 1.66762 -0.734677 -1.27667 -0.200168 0.371165 -0.0257698 2.20593 0.890411
233 1.75181 -1.04402 -1.31068 0.0127375 0.351427 -0.0564878 2.42688 1.16706
231 1.57473 -1.0823 -1.26632 0.0820844 0.285158 -0.197536 2.55296 1.26531
230 1.19158 -1.05077 -1.12012 0.345546 0.345313 -0.337239 2.39834 1.23356
232 1.62549 -1.01785 -1.13582 0.0582611 0.208258 -0.0711184 2.3624 1.10279
31 0.282167 -1.1934 -1.39125 -0.872293 -1.00118 -0.020308 1.79112 -0.805758
32 0.320696 -1.4661 -1.45613 -1.01072 -1.09285 0.107512 2.1258 -0.88602
30 0.133795 -1.15121 -1.61446 -0.932617 -1.11521 0.0205556 1.93156 -0.908971
91 1.74059 0.0428383 -0.169381 -0.208059 0.233444 -0.359918 1.94451 -0.775174
92 1.89197 0.104666 -0.124907 -0.282104 0.225991 -0.409908 2.1114 -0.832379
93 1.60409 0.0103669 -0.284655 -0.0956149 0.114605 0.250328 2.00543 -1.07555
95 1.4425 -0.149457 -0.469154 0.0385227 0.157809 0.652577 2.08061 -1.29318
96 1.2718 -0.234431 -0.820662 0.204357 0.170029 0.981391 2.11188 -1.33102
97 1.07381 -0.2905 -0.891205 0.316194 0.327967 0.997324 1.88508 -1.17225
98 1.13694 -0.297755 -0.901248 0.296266 0.285961 1.11756 2.03637 -1.32297
99 0.87762 -0.103277 -0.920435 0.283961 0.333435 0.672792 1.9031 -1.12014
241 0.632561 0.513465 -1.47699 -1.06434 1.29862 0.562762 1.63137 -0.232901
242 0.544241 0.543706 -1.68473 -1.23767 1.51511 0.725546 1.9838 -0.209388
243 0.202411 0.447724 -1.55036 -1.21872 1.6236 0.637956 2.1557 -0.194249
240 0.865123 0.51141 -1.79113 -1.21372 1.27499 0.550283 1.84557 -0.128697
18 -0.465378 -0.338426 -1.03427 1.188 0.622413 -0.622924 2.48017 -1.97114
19 -0.412855 -0.393679 -1.08332 1.10095 0.397211 -0.444991 2.20966 -1.77621
20 -0.553018 -0.415013 -1.25177 1.14191 0.3052 -0.463132 2.47919 -1.96731
21 -0.585372 -0.561961 -1.51472 0.962855 -0.0741382 -0.164461 2.27187 -1.76382
199 0.917555 -1.25499 -1.38957 -0.00507784 -0.476799 -1.40333 2.02084 -0.0584939
198 0.865126 -1.55776 -1.13227 0.110389 -0.524883 -1.3837 2.20846 -0.221288
197 0.472109 -1.62685 -0.552013 0.262768 -0.579596 -0.934772 2.17698 -0.322354
195 0.286948 -1.67661 -0.204979 0.394715 -0.59688 -0.629925 2.39583 -0.421901
196 0.454521 -1.4947 -0.420184 0.354853 -0.483643 -0.715421 2.04492 -0.361767
29 -0.0562322 -0.779711 -1.73655 -0.81125 -0.904548 0.0343312 1.99741 -0.859641
28 -0.11368 -0.504516 -1.62971 -0.61994 -0.789061 -0.0298621 1.82936 -0.746173
293 1.61479 0.243909 -1.33533 0.852805 1.55862 0.0920765 2.30711 -0.496486
291 1.51357 0.321117 -1.28593 0.90174 1.62254 0.188315 2.28634 -0.380722
290 1.43436 0.240386 -1.44486 0.694928 1.44763 0.226433 2.14106 -0.39539
289 1.26387 0.206813 -1.32784 0.604627 1.26292 0.174917 1.81301 -0.252099
288 1.32534 0.248625 -1.59844 0.591971 1.35806 0.177899 2.06216 -0.480375
287 1.22941 0.211684 -1.63829 0.447941 0.975502 -0.121054 1.813 -0.558187
137 0.558861 -0.350821 -0.38126 1.26884 -0.471231 0.488182 2.54754 0.154676
136 0.528106 -0.44055 -0.387176 1.34195 -0.240457 0.256544 2.46681 0.131307
135 0.636429 -0.559603 -0.364593 1.6111 -0.335237 0.0799762 2.61397 0.0580083
138 0.54458 -0.194541 -0.495122 1.09548 -0.633917 0.716175 2.85456 0.039267
274 -0.521641 -0.0441126 -0.41391 -0.746674 0.136467 -1.23184 2.05793 -1.35087
275 -0.443862 0.053128 -0.809886 -0.871582 -0.0409288 -1.53182 2.32954 -1.62642
273 -0.566629 -0.0991931 -0.56757 -0.7532 0.158144 -1.41276 2.2801 -1.46407
182 -0.600987 -0.0132301 -0.383631 -1.73629 -0.633788 0.324904 2.74898 -0.609226
181 -0.345842 0.00931987 -0.43221 -1.59738 -0.543151 0.144293 2.3778 -0.551087
180 -0.287955 0.0626636 -0.518495 -1.77871 -0.583724 0.0794709 2.57943 -0.56399
179 0.0907871 0.0988214 -0.664144 -2.02411 -0.594669 -0.243838 2.37285 -0.500876
177 0.352845 -0.0711144 -0.59208 -2.08592 -0.461315 -0.407343 2.33432 -0.540536
178 0.12678 0.0486238 -0.553458 -1.83569 -0.552749 -0.228547 2.10064 -0.519694
5 -0.0510775 -0.868287 -2.41346 -1.22664 0.67199 -0.208853 1.61396 -0.257216
3 0.206614 -0.75077 -2.40819 -1.19572 0.733279 -0.162983 1.58094 -0.332274
2 0.475676 -0.622769 -2.08398 -0.753144 0.705783 -0.225609 1.62478 -0.303872
6 -0.367057 -1.04214 -2.59715 -1.22593 0.648839 -0.283933 1.76848 -0.308817
211 0.106405 -0.664115 -1.71022 0.112579 0.282336 0.634885 1.48696 -1.15186
212 -0.0243506 -0.558837 -1.57742 0.139851 0.100456 0.788166 1.65396 -1.09635
210 0.125256 -0.661435 -1.85141 0.0503489 0.29292 0.716159 1.64309 -1.32685
213 -0.16517 -0.318126 -1.14985 0.400244 -0.302614 0.94148 1.73352 -0.651468
215 -0.226084 -0.0519119 -1.02893 0.360258 -0.551319 0.941921 2.12871 -0.513171
263 -0.751978 0.250237 -1.54123 0.0128642 0.71897 0.204108 2.48135 1.1179
264 -0.756406 0.155513 -1.63957 -0.237154 0.508776 0.284903 2.35504 1.15233
262 -0.657493 0.416692 -1.13832 0.19353 0.781346 0.00587215 2.17354 0.918585
261 -0.808195 0.364457 -1.50944 0.280739 0.962527 0.0844368 2.74543 1.01222
208 0.226649 -0.614533 -1.84135 -0.129816 0.594769 0.450778 1.53502 -1.59317
207 0.235821 -0.635194 -1.82219 -0.212265 0.600887 0.349884 1.68383 -1.55703
209 0.180692 -0.624808 -1.93928 -0.110713 0.561134 0.513469 1.62258 -1.6517
206 0.26785 -0.563556 -1.66249 -0.138941 0.458788 0.192035 1.65068 -1.39889
205 0.282811 -0.494675 -1.47963 -0.14171 0.341758 -0.0353306 1.65694 -0.993182
204 0.503712 -0.630414 -1.69664 -0.145521 0.303664 -0.222966 1.65973 -1.01396
16 -0.340693 -0.130312 -0.782755 0.68827 0.851512 -0.503653 1.89989 -1.39066
15 -0.40251 -0.220595 -1.03331 0.845493 1.0775 -0.579289 2.27676 -1.72128
17 -0.44182 -0.248417 -0.923875 1.0184 0.873532 -0.589971 2.31042 -1.74328
214 -0.129277 -0.132554 -0.965915 0.401994 -0.324737 0.759587 1.84277 -0.536441
216 -0.356492 0.0721907 -0.878068 0.454941 -0.939151 0.877332 2.53726 -0.466399
127 0.358554 -0.435007 -1.24156 0.897658 -0.174623 -1.38367 1.69413 -0.223771
126 0.313375 -0.147614 -1.70756 1.07769 -0.373235 -1.52213 2.1119 -0.212479
128 0.36673 -0.584531 -1.52289 1.18609 -0.191998 -1.54605 2.11629 -0.320476
129 0.463175 -0.902237 -1.294 1.33988 -0.0219373 -1.55186 2.40382 -0.364187
131 0.535061 -1.02848 -1.01171 1.44988 0.0471886 -1.3553 2.47271 -0.469562
130 0.430547 -0.90248 -0.976138 1.22111 -0.0527125 -1.30926 2.04834 -0.30359
260 -0.776977 0.5322 -1.15353 0.456568 1.13885 -0.0701071 2.7838 0.810632
259 -0.620969 0.457459 -0.903632 0.523925 1.0652 -0.0821568 2.36622 0.580725
258 -0.611102 0.524268 -0.855063 0.598271 1.16676 -0.0286957 2.73251 0.571009
257 -0.395891 0.576766 -0.385162 0.650279 1.29869 -0.21414 2.71005 0.40027
194 -0.201625 -1.45401 0.071936 0.281785 -0.475899 -0.0728957 2.64824 -0.298544
193 -0.335961 -1.26313 0.128598 0.163627 -0.395379 0.171881 2.68337 -0.232029
192 -0.413633 -1.40537 0.100085 0.210255 -0.306405 0.353868 3.00841 -0.22917
266 -0.661355 0.0440848 -1.56622 -0.287276 0.423653 0.318595 2.26347 0.982554
267 -1.00904 0.0496292 -0.961756 -0.400361 0.41655 -0.0755653 1.97675 0.138255
69 0.313993 -1.19134 -0.444902 -0.469719 1.08343 -0.110642 2.20334 0.143168
70 0.0908367 -1.06588 -0.725239 -0.307098 0.993342 0.0415473 2.06389 -0.0134875
71 -0.025132 -1.32674 -0.870742 -0.264218 1.22015 0.263826 2.19164 -0.0206349
72 -0.295928 -1.5749 -1.11699 -0.294699 1.47283 0.476982 2.40457 -0.0645568
74 -0.339998 -1.68901 -1.12711 -0.19044 1.48611 0.530085 2.45367 -0.190082
75 -0.545416 -1.43703 -1.1851 -0.104923 1.57702 0.384675 2.29477 -0.115848
77 -0.526297 -1.46161 -1.24521 0.0507021 1.64591 0.231742 2.39629 -0.170674
76 -0.553997 -1.35815 -1.08467 -0.00176288 1.56546 0.230447 2.10852 -0.166324
221 -0.389031 -0.161486 -0.522566 0.185329 -0.638979 -0.117208 2.28441 0.131213
219 -0.364543 0.174134 -0.693138 0.256782 -0.764985 0.310427 2.38778 -0.128298
220 -0.238422 -0.0897835 -0.558727 0.084776 -0.637484 0.0766715 2.12172 0.0470076
222 -0.488476 -0.42723 -0.477253 0.232806 -0.453049 -0.845665 2.56294 0.613766
224 -0.326516 -0.654509 -0.609921 0.240511 -0.284181 -1.09308 2.51813 0.839946
225 -0.0649046 -0.834141 -0.736823 0.291359 -0.0243959 -1.00884 2.36705 0.998294
227 0.28792 -0.918906 -0.863169 0.370225 0.136977 -0.875005 2.31633 1.03307
226 0.133587 -0.814101 -0.774572 0.325404 0.0793813 -0.970671 2.06424 0.931154
40 0.662823 -0.80628 -1.63535 -0.148699 -1.09939 -0.0465691 1.76829 0.509166
41 0.751713 -0.849666 -1.79508 -0.172247 -1.14808 0.00104185 2.01119 0.656636
42 0.863147 -0.28615 -1.76647 -0.046502 -0.93664 -0.0915358 1.9655 0.662765
43 0.784962 -0.0503283 -1.65638 -0.00143463 -0.739815 -0.0413081 1.77367 0.705953
44 1.0231 0.175477 -1.91846 -0.0906181 -0.817382 -0.0940097 1.91002 0.660485
39 0.653991 -1.05474 -1.70765 -0.328882 -1.15412 0.0487197 1.97663 0.3101
185 -0.896735 -0.375284 -0.240902 -1.26107 -0.401472 0.648035 2.82703 -0.603999
186 -0.874212 -0.576942 -0.113981 -0.845682 -0.254847 0.687337 2.91505 -0.479547
187 -0.624272 -0.589776 0.0312317 -0.562788 -0.113499 0.552196 2.44748 -0.40984
188 -0.750813 -0.665336 -0.000993055 -0.640278 -0.221347 0.684901 2.88585 -0.466628
183 -0.80619 -0.257634 -0.32386 -1.41183 -0.542368 0.587387 2.95612 -0.648157
184 -0.666889 -0.210853 -0.280604 -1.25363 -0.338837 0.488917 2.41425 -0.577493
254 -0.065295 0.3801 -0.0661197 0.61909 1.43075 -0.339437 2.62814 0.161982
255 -0.257935 0.487456 -0.215485 0.773614 1.40322 -0.14685 2.94022 0.275277
256 -0.322156 0.535213 -0.319445 0.608747 1.27554 -0.196914 2.46839 0.316989
121 -0.239115 0.59233 -1.6921 0.879199 -0.287109 -0.244462 2.0576 0.139045
122 -0.162409 0.601188 -1.8153 1.05791 -0.444131 -0.52725 2.32965 0.118881
139 0.331617 -0.15627 -0.482545 0.921112 -0.682695 0.747583 2.50399 0.0408587
140 0.330095 -0.161057 -0.560739 0.812137 -0.610628 0.665449 2.57466 0.0271943
141 0.101843 0.348067 -0.589115 0.190443 -0.707871 0.596907 2.61295 -0.0779247
45 1.19235 0.387537 -1.92573 -0.121787 -0.870991 -0.115467 2.0674 0.488215
87 1.25449 0.222517 -0.848116 -0.511591 0.904033 -1.40903 1.86078 0.0998541
89 1.53737 0.232772 -0.52868 -0.468942 0.761622 -1.22293 1.90545 -0.0818598
88 1.29291 0.263371 -0.616812 -0.444812 0.752973 -1.20558 1.68603 0.0874637
86 0.743835 0.0714362 -1.3681 -0.56586 1.13416 -1.57012 2.0285 0.408284
84 0.450511 0.0031823 -1.59768 -0.554698 1.37098 -1.7087 2.22019 0.438449
83 0.370029 -0.052439 -1.53296 -0.475049 1.43012 -1.55501 2.1593 0.426814
85 0.337141 0.0544141 -1.35879 -0.502224 1.13217 -1.46769 1.9218 0.446118
174 0.852583 -0.49423 -0.516028 -1.87408 -0.0143333 -0.490731 2.30244 -0.83196
175 0.659913 -0.298882 -0.480897 -1.8063 -0.0553621 -0.452862 1.98 -0.611445
104 -0.00200177 0.851581 -0.433795 0.120453 -0.18469 -1.2333 2.60509 -0.237705
102 0.0294802 0.683172 -0.499042 0.143758 -0.0699427 -1.11173 2.43694 -0.285936
101 0.470249 0.287615 -0.693059 0.264735 0.157063 -0.209992 2.06152 -0.71799
100 0.729657 -0.0491984 -0.935093 0.115204 0.286428 0.24188 2.03639 -0.835509
103 0.056181 0.645236 -0.441567 0.194368 -0.0477737 -1.03571 2.29744 -0.298936
46 1.04776 0.451653 -1.72487 -0.120643 -0.753384 -0.173463 1.82671 0.346709
47 1.16156 0.48146 -1.80847 -0.231522 -0.794239 -0.191824 1.94295 0.242647
48 1.22574 0.570813 -1.78303 -0.169909 -0.80389 -0.244562 1.88582 0.100198
49 1.10973 0.480214 -1.55907 -0.261061 -0.734116 -0.169965 1.75938 -0.0424537
108 -0.0771172 0.922862 -0.751594 0.179319 -0.288024 -0.78606 2.31774 -0.359544
107 -0.119662 0.969241 -0.617377 0.0575225 -0.317172 -1.07019 2.50695 -0.226049
106 -0.0683615 0.937023 -0.484691 0.0499478 -0.203174 -1.11122 2.41529 -0.145824
105 -0.0879516 1.03241 -0.535325 0.0368789 -0.281025 -1.28793 2.65502 -0.174979
143 0.0599255 0.418855 -0.762264 -0.127357 -0.56104 0.5829 2.76497 -0.128068
149 0.608701 0.682491 -0.782402 -0.39874 -0.496144 1.323 3.09793 0.379411
265 -0.470948 0.115654 -1.38201 -0.217717 0.328456 0.389555 1.87149 0.948081
283 1.27205 0.196412 -2.0057 -0.0315588 0.041226 -0.846424 1.45814 -1.15241
282 1.28639 0.413221 -2.23487 -0.140706 -0.0571175 -1.02058 1.69475 -1.41732
284 1.28351 0.272413 -2.10153 -0.0808106 0.145854 -0.8855 1.63839 -1.2821
281 0.901765 0.467452 -2.05037 -0.464597 -0.427856 -1.3711 1.72116 -1.57699
4 0.0515438 -0.716237 -2.34379 -1.2572 0.675379 -0.187888 1.46732 -0.233037
296 1.83452 0.0135427 -1.23015 0.76568 1.07328 -0.0919065 2.06544 -0.797018
294 1.66835 0.178277 -1.09565 0.849748 1.255 -0.0565092 2.10091 -0.649422
295 1.60348 0.0449988 -0.949889 0.6372 0.966001 -0.0457684 1.69478 -0.728745
297 1.77114 -0.184231 -1.34684 0.587364 0.960498 -0.17755 1.82967 -0.797581
298 1.55145 -0.191786 -1.29681 0.430782 0.832421 -0.122923 1.65385 -0.643551
66 0.541405 -1.21713 0.037543 -0.768074 1.07802 -0.585623 2.64339 0.0273588
67 0.529032 -1.22759 -0.100818 -0.688077 0.969066 -0.475494 2.27858 0.206355
65 0.556747 -1.02833 0.182973 -0.85072 1.0307 -0.656083 2.68562 -0.00203988
68 0.556588 -1.35822 -0.125124 -0.663564 1.02773 -0.461843 2.51318 0.212478
253 -0.0321825 0.250237 -0.0660119 0.529126 1.37962 -0.347495 2.19993 0.194867
61 0.389348 -0.415866 0.355491 -0.958385 0.965734 -0.609781 2.52032 -0.0516016
60 0.518082 -0.382827 0.379463 -1.07017 1.06844 -0.565308 2.97717 0.0764318
62 0.434543 -0.626118 0.314362 -1.03304 1.01695 -0.604148 2.8582 -0.0187689
59 0.88661 -0.315932 0.35682 -1.02084 0.932275 -0.383514 2.90033 0.268119
57 1.07995 -0.260268 0.214713 -0.904527 0.657917 -0.121418 2.87102 0.417753
56 1.39292 -0.421031 0.0634119 -0.814998 0.46919 0.0180127 2.84854 0.538454
25 -0.268409 -0.364062 -1.54765 0.426695 -0.297089 0.0292449 1.57472 -1.04384
24 -0.514535 -0.597686 -1.71072 0.712311 -0.346388 -0.0104428 1.96903 -1.51726
23 -0.462444 -0.658298 -1.73598 0.851105 -0.296494 -0.0548348 2.19776 -1.62235
22 -0.479438 -0.516596 -1.42606 0.787675 -0.157941 -0.0474264 1.87935 -1.48779
26 -0.382576 -0.483652 -1.84248 0.335174 -0.488661 0.048076 1.84391 -1.17808
90 1.89125 0.204487 -0.199689 -0.259414 0.367172 -0.682369 2.08299 -0.656366
7 -0.335494 -0.889953 -2.42999 -1.10826 0.680452 -0.278558 1.60797 -0.436356
8 -0.539061 -0.927817 -2.51612 -1.12337 0.716275 -0.244852 1.67989 -0.556671
9 -0.673783 -0.766771 -2.39255 -0.721055 0.849327 -0.323935 1.63459 -0.745352
11 -0.723596 -0.711234 -2.28025 -0.540632 0.910145 -0.310566 1.77597 -0.881256
63 0.444954 -0.760549 0.379206 -0.971358 1.13117 -0.722349 2.8642 -0.06705
64 0.381577 -0.763358 0.333937 -0.786835 1.02307 -0.59965 2.48436 -0.0636486
13 -0.541325 -0.36696 -1.3809 0.200998 1.05339 -0.387401 1.72348 -1.16268
14 -0.543814 -0.331638 -1.32777 0.3958 1.2159 -0.519059 2.04949 -1.5055
134 0.626206 -0.682576 -0.38296 1.60147 -0.166063 -0.369184 2.5221 -0.103557
176 0.740206 -0.286894 -0.58304 -2.08456 -0.235179 -0.483688 2.22892 -0.66944
94 1.37614 -0.0627902 -0.334058 -0.0636191 0.140173 0.409901 1.83071 -1.12433
133 0.551299 -0.752974 -0.471403 1.40459 -0.0354764 -0.781147 2.26085 -0.109985
132 0.611824 -0.9464 -0.714012 1.65114 -0.0100145 -0.904334 2.68957 -0.261049
292 1.48393 0.27676 -1.1967 0.767958 1.46167 0.123907 2.08703 -0.398026
299 1.53385 -0.394652 -1.50388 0.343844 0.816588 -0.0763772 1.68621 -0.746064
0 1.05453 -0.468489 -1.78695 -0.212252 0.857341 -0.12793 1.58151 -0.542531
1 0.550291 -0.396642 -1.58075 -0.418073 0.581975 -0.120179 1.63297 -0.388461
239 1.32725 0.405104 -1.84769 -1.17931 0.978639 0.300796 1.89021 0.0523773
73 -0.392032 -1.53194 -1.10667 -0.202312 1.46067 0.503023 2.19291 -0.0660434
50 1.19467 0.521015 -1.58839 -0.22635 -0.756457 -0.153939 1.97164 0.000867484
52 0.931388 -0.122592 -0.836753 -0.321507 0.0274218 -0.139829 2.03083 0.0411035
53 1.20533 -0.275789 -0.406894 -0.530057 0.129523 -0.144393 2.24629 0.256823
54 1.34412 -0.451279 0.0190778 -0.743569 0.462208 -0.00726108 2.80798 0.549972
58 0.831682 -0.253575 0.292977 -0.8198 0.749959 -0.216798 2.52009 0.324972
228 0.763082 -0.9919 -1.08522 0.305546 0.30698 -0.513158 2.28313 1.24656
38 0.637363 -1.08236 -1.61558 -0.369208 -1.1806 0.0888083 1.99564 -0.0102618
36 0.700072 -1.36588 -1.59396 -0.525706 -1.26749 0.118421 1.98819 -0.238962
191 -0.578022 -1.09215 0.1453 -0.0624812 -0.166904 0.572205 3.07642 -0.323351
189 -0.694995 -0.876555 0.0995282 -0.280364 -0.0658124 0.756471 3.03201 -0.363512
190 -0.643709 -0.87636 0.192518 -0.212027 -0.111196 0.700076 2.71919 -0.304143
217 -0.232767 0.20031 -0.687051 0.28745 -0.889534 0.701257 2.41005 -0.365822
218 -0.33881 0.120336 -0.737358 0.384413 -0.940572 0.611821 2.54792 -0.317324
81 0.175189 -0.223751 -1.41399 -0.305769 1.43655 -1.10908 1.9167 0.277959
82 0.280912 -0.124106 -1.38007 -0.286137 1.28445 -1.15964 1.86625 0.284101
286 0.968976 -0.0091843 -1.47742 0.118715 0.45131 -0.294001 1.6429 -0.641619
246 -0.440367 0.364302 -1.18808 -1.40665 1.47777 0.0469499 2.25778 0.0306077
248 -0.494711 0.263653 -0.925103 -1.29476 1.51711 -0.143622 2.30763 0.119355
249 -0.43322 0.206444 -0.709353 -0.846561 1.6547 -0.379683 2.28572 0.167645
251 -0.261025 0.268824 -0.471615 -0.386239 1.66908 -0.408716 2.25868 0.153954
252 -0.11353 0.214046 -0.115016 0.305457 1.47542 -0.341008 2.32515 0.217469
247 -0.504105 0.128486 -1.11661 -1.44553 1.33669 -0.067936 1.9856 0.0847898
250 -0.294129 0.112173 -0.586373 -0.649866 1.49542 -0.377198 2.06068 0.154737
115 -0.195535 1.3273 -1.54991 0.535379 -0.0564035 0.108393 2.00383 -0.601649
116 -0.266282 1.34703 -1.84631 0.577359 0.047007 0.335483 2.34513 -0.632951
27 -0.228242 -0.584855 -1.81112 -0.445407 -0.853226 -0.0460793 1.84377 -0.954574
112 0.0113912 1.27224 -1.27827 0.461799 -0.159925 -0.172979 2.14126 -0.682759
113 -0.0347172 1.45364 -1.53856 0.553408 -0.140476 0.0100675 2.41366 -0.815273
111 -0.0330412 1.34583 -1.43969 0.438808 -0.159607 -0.121947 2.46629 -0.779039
114 -0.152725 1.52088 -1.69922 0.482978 -0.00310365 0.112411 2.46747 -0.927791
148 0.51753 0.623059 -0.768721 -0.332969 -0.585603 1.19623 2.73283 0.310643
51 1.16772 0.136166 -1.13444 -0.324103 -0.382605 -0.189899 1.87152 0.0606075
165 0.677054 0.229365 -0.421569 -1.13448 0.656303 0.055387 2.24098 -1.60975
164 0.850306 0.169374 -0.545447 -1.02991 0.672572 0.164325 1.99049 -1.65746
167 0.607268 0.204913 -0.393572 -1.26519 0.60164 -0.00142267 2.14494 -1.59956
166 0.531896 0.221972 -0.361258 -1.20838 0.582716 -0.0478691 1.95866 -1.45465
161 1.20532 0.269127 -1.08241 -0.993952 0.384158 0.542421 2.0655 -1.71245
162 0.983493 0.15623 -0.731231 -0.901379 0.517311 0.295847 1.94572 -1.5818
163 0.793983 0.0589061 -0.567106 -0.824383 0.54621 0.218595 1.65033 -1.31325
10 -0.594856 -0.642247 -1.98417 -0.528601 0.865826 -0.208837 1.53431 -0.685073
12 -0.756474 -0.535944 -1.71332 0.0587045 1.2296 -0.409671 1.78074 -1.219
278 0.114657 0.347558 -1.47583 -0.809938 -0.43245 -1.59522 2.23766 -1.6591
276 -0.254812 0.201523 -1.1719 -0.926399 -0.351812 -1.62313 2.22973 -1.65242
142 0.0383725 0.326286 -0.696266 -0.127986 -0.565522 0.401022 2.42901 -0.134091
236 1.63148 -0.399568 -1.4124 -0.543297 0.513357 0.134027 1.92381 0.751197
159 1.25505 0.246203 -1.11503 -1.02675 0.256682 0.637636 2.1058 -1.59473
123 -0.00702473 0.347054 -1.75585 1.0167 -0.545193 -0.974166 2.22701 0.0314753
125 0.0945912 0.259578 -1.91115 1.04498 -0.640302 -1.32849 2.33719 -0.0219374
223 -0.363906 -0.581143 -0.447593 0.162687 -0.31204 -0.940199 2.34318 0.619976
150 0.782617 0.451708 -0.799788 -0.607351 -0.296359 1.57195 2.97668 0.279718
152 0.848226 0.413597 -0.899538 -0.774959 -0.247593 1.59435 2.82915 0.310844
124 0.156181 0.198209 -1.44153 0.842537 -0.510884 -1.01801 1.86819 -0.0157331
110 0.0331133 1.05743 -1.03643 0.314998 -0.205605 -0.37514 2.30016 -0.553494
109 0.0656543 0.442346 -1.018 0.0940612 -0.0226769 -0.362415 2.20614 -0.397059
34 0.556852 -1.39613 -1.3228 -0.722331 -1.01443 0.179688 1.96977 -0.624448
33 0.525396 -1.5917 -1.51875 -0.88846 -1.22209 0.107104 2.31082 -0.744156
229 0.885608 -1.03556 -1.06899 0.386902 0.299967 -0.482023 2.26629 1.21376
151 0.741203 0.326025 -0.747911 -0.567117 -0.242409 1.40534 2.64511 0.209955
35 0.562203 -1.57167 -1.63833 -0.838374 -1.30059 0.193333 2.20654 -0.551743
285 1.19516 0.0965112 -1.829 0.151702 0.581573 -0.449073 1.70495 -0.83866
279 0.593316 0.493462 -1.82206 -0.640459 -0.496934 -1.43383 1.95259 -1.58169
80 -0.246681 -0.780994 -1.25629 -0.117657 1.51681 -0.37149 1.98441 0.113817
79 -0.209492 -0.816996 -1.16924 -0.0427188 1.46415 -0.167214 1.97172 0.0130752
160 1.16854 0.19859 -1.0113 -0.791964 0.275711 0.542148 1.80627 -1.41119
55 1.28443 -0.461274 0.0840216 -0.756782 0.406802 -0.00734527 2.58749 0.521692
237 1.47158 0.158342 -1.67322 -1.01052 0.830803 0.187805 1.8717 0.261884
238 1.37217 0.321914 -1.65648 -1.06575 0.780375 0.2201 1.72767 0.0942284
244 0.0649984 0.360308 -1.28691 -1.00764 1.33367 0.492981 1.70689 -0.232865
245 -0.0845272 0.380523 -1.34131 -1.29183 1.50684 0.455362 1.96407 -0.113343
280 0.66489 0.481563 -1.63118 -0.450158 -0.462519 -1.15347 1.57863 -1.37749
78 -0.419457 -1.17059 -1.26275 -0.0333958 1.6022 0.0162371 2.22139 -0.107092
277 0.0427313 0.384177 -1.24559 -0.744776 -0.518077 -1.37579 1.87968 -1.50065
37 0.554885 -1.00474 -1.17389 -0.388546 -0.957564 -0.0463349 1.54143 -0.100836
