1000 4
886 -1.67291 1.25529 -1.22811 -0.736205
502 -1.29786 1.14351 -1.42707 -0.699753
418 -1.56917 1.28437 -1.4698 -0.8588
279 -1.90882 1.39459 -1.44949 -0.752299
285 -1.9012 1.56108 -1.41197 -0.696447
276 -2.09016 1.65877 -1.48838 -0.927923
496 -1.92152 1.42077 -1.47475 -1.00455
304 -1.52041 1.03042 -1.25239 -0.731556
415 -1.76485 1.07843 -1.41515 -0.876497
590 -1.30396 0.604322 -1.84942 -0.204161
673 -1.35331 0.638481 -1.99138 -0.317535
836 -1.32606 0.371603 -1.82759 -0.00191866
89 -1.79361 0.0611827 -2.11973 -0.01031
80 -1.92923 0.280038 -2.34278 0.130279
578 -1.94225 0.272187 -2.34662 0.266496
772 -1.5935 0.54787 -1.89479 -0.0661359
579 -1.93199 0.558081 -2.18946 0.181156
822 -1.53961 0.647721 -1.7814 -0.161616
94 -1.59913 0.328473 -1.99253 0.0473988
484 -1.4571 0.696301 -1.55123 -0.185209
312 -2.08023 0.932466 -1.52369 -0.27303
156 -1.55723 0.934489 -1.39827 -0.380917
125 -1.51145 1.32063 -2.25336 0.240797
308 -2.38048 1.04924 -1.5047 -0.512321
338 -1.63915 0.851774 -1.51574 -0.401549
318 -1.85434 1.52559 -1.46069 -0.788331
883 -1.30804 0.812451 -1.57466 -0.746567
513 -1.59324 1.08298 -1.68773 -1.0118
757 -1.27723 0.858929 -1.65408 -0.570175
754 -1.59412 1.20302 -1.6665 -0.969018
274 -1.78486 1.24383 -1.63154 -1.47481
760 -1.12138 0.887316 -1.58714 -0.729966
437 -1.18383 1.41723 -1.82289 -0.926679
885 -1.03874 0.735441 -1.76094 -0.819945
98 -1.56493 0.197875 -1.91162 -0.0861093
86 -1.97248 0.385878 -2.1854 0.203376
582 -1.56813 0.370807 -1.95981 0.0120937
646 -1.11442 0.27602 -1.69094 -0.681218
505 -1.17036 0.515267 -1.72328 -0.768677
395 -1.41454 0.504328 -2.20568 -0.546658
968 -1.26342 0.676251 -1.74307 -0.70351
970 -1.35852 0.435937 -1.93939 -0.676003
933 -1.40677 0.470159 -2.14876 -0.542794
390 -1.27361 0.138545 -1.57569 -1.01522
76 -1.67417 0.18831 -1.50866 -0.829138
3 -2.36929 -0.157687 -2.07007 -1.33422
466 -1.63745 -0.0764619 -1.6409 -0.776887
4 -2.3243 0.0242196 -1.96466 -1.21943
544 -1.66882 0.134838 -1.5256 -0.942238
541 -1.86684 0.123416 -1.71734 -1.12392
20 -2.10675 -0.0320594 -1.70201 -1.29706
22 -2.12073 0.0940097 -1.48692 -1.05514
0 -2.45027 -0.0749929 -1.91629 -1.07843
17 -2.21148 0.125233 -1.67892 -1.14024
66 -1.81648 -0.0744695 -1.54603 -0.850425
2 -2.33051 0.0157295 -1.7378 -0.953024
130 -1.62091 1.06477 -1.95067 0.0971435
365 -1.52403 1.02609 -1.8536 0.263937
128 -1.63524 1.11936 -2.02664 0.094892
363 -1.46699 0.66511 -2.08361 0.138625
55 -1.99287 0.134626 -1.5973 -0.838434
810 -1.76005 0.165127 -1.60647 -0.673004
114 -1.56728 0.507242 -1.85381 -0.0344002
420 -1.77074 0.77981 -1.96384 -0.133625
79 -2.12815 0.219948 -2.38299 0.215434
91 -1.48915 0.335232 -2.12717 0.0429686
964 -1.31309 0.273057 -1.97713 -0.732129
153 -1.41579 0.805245 -1.58903 0.095524
370 -1.40525 0.717452 -1.86872 -0.106946
789 -1.71683 0.374779 -2.09743 -0.179988
686 -1.48381 0.456966 -1.90559 0.044252
841 -1.42805 0.690305 -2.0142 -0.172252
869 -1.59174 0.769347 -1.47846 -0.345436
799 -1.30187 0.301756 -2.049 -0.702278
209 -1.14709 0.193621 -2.49301 -1.02524
768 -1.12352 0.189017 -2.00975 -0.737909
644 -1.21894 0.400734 -1.81434 -0.486418
793 -1.0767 0.105669 -1.78429 -0.574605
214 -1.24067 0.00213867 -2.40334 -0.872088
846 -0.905054 0.422405 -1.99621 -1.06755
735 -0.967561 0.635075 -1.88243 -0.899731
813 -1.16458 0.183238 -2.10294 -0.669998
215 -1.25954 0.0146238 -2.38277 -0.755034
431 -1.4582 1.11232 -1.6278 -0.567783
410 -2.19037 1.34323 -1.61743 -0.962051
273 -2.22956 1.64592 -1.68577 -1.08715
512 -1.66551 1.30557 -1.32256 -0.832623
838 -1.423 0.919244 -1.58625 -0.88016
664 -1.64033 1.02123 -1.64409 -1.02857
542 -1.63949 0.141065 -1.41789 -0.975579
546 -1.74664 0.127909 -1.61693 -1.10157
847 -0.845231 0.461074 -1.81811 -0.877051
985 -1.11004 0.61116 -2.12234 -0.967274
296 -1.40619 1.18955 -1.41479 -0.677126
897 -1.57855 1.4653 -1.48599 -0.703749
283 -1.72645 1.49872 -1.52045 -0.78015
499 -1.51923 1.10846 -1.3894 -0.412042
429 -1.46162 0.912248 -1.52975 -0.486693
888 -1.62094 1.34491 -1.56247 -0.586402
277 -2.01906 1.60346 -1.58984 -0.941346
280 -1.99888 1.34617 -1.43181 -1.0393
787 -1.5093 0.403107 -2.04931 -0.0487511
600 -0.749716 0.960068 -2.01841 -0.72661
607 -0.894242 0.626754 -1.86578 -0.824522
254 -1.16663 0.845891 -1.91735 -0.712319
447 -0.833836 1.11295 -2.26522 -1.10217
688 -1.02066 0.323232 -2.31609 -0.0191541
169 -1.26265 0.253795 -3.12383 -0.0304474
693 -1.16436 0.323565 -1.96756 0.00477775
699 -1.17298 0.501426 -1.92306 -0.106216
354 -1.08829 0.272356 -2.13015 -0.0623119
340 -1.53757 0.556114 -2.59798 0.107698
438 -1.23806 0.517108 -2.42071 -0.0189397
199 -1.18125 0.518276 -1.8794 0.015492
876 -1.36925 0.470969 -2.27936 -0.0504897
9 -1.92547 -0.0400539 -1.90974 -1.2738
339 -1.41662 0.339921 -2.68062 -0.0464507
181 -1.22391 0.461016 -2.54884 0.0283128
270 -1.18016 0.35506 -2.04176 -0.0150383
685 -1.21154 0.425748 -2.17108 0.0325129
186 -1.15597 0.478526 -2.44129 0.157862
680 -1.42615 0.0399466 -2.70572 -0.153446
155 -1.49373 0.728063 -1.833 -0.124729
871 -1.536 0.40012 -1.81403 -0.100198
788 -1.29374 0.438774 -1.70007 -0.0502851
87 -2.02835 0.373757 -2.08664 0.186679
110 -1.48132 0.769818 -1.71238 -0.111444
786 -1.17737 0.500503 -1.67014 -0.174701
112 -1.31382 0.274045 -1.81697 0.19956
625 -1.42787 -0.0721501 -1.62342 -0.960005
25 -1.89273 -0.0781098 -1.84477 -0.93521
385 -1.8357 0.0743129 -1.52341 -0.686503
6 -2.21508 -0.145959 -2.0155 -0.815401
622 -1.24653 0.256722 -1.55047 -0.968315
341 -1.26396 0.310106 -2.5342 0.00378389
413 -1.71751 1.55456 -1.40634 -0.757814
419 -1.64216 1.48172 -1.37678 -0.815857
255 -1.58061 1.18434 -1.25527 -0.65326
411 -1.59529 1.63078 -1.61417 -0.994646
435 -0.731594 1.55059 -2.82508 -1.19193
243 -0.765181 0.860723 -1.82638 -0.92917
207 -1.33821 -0.0108415 -2.5725 -0.952136
223 -1.19898 -0.0788779 -2.23914 -0.826607
211 -1.16535 0.236793 -2.17666 -1.016
880 -1.15066 0.549581 -1.83204 -0.977899
441 -0.736081 0.93252 -2.21314 -1.03357
594 -0.716764 1.21466 -2.35998 -1.00135
433 -0.937979 1.17786 -2.55589 -1.324
591 -0.717625 1.14685 -2.54863 -1.07979
924 -1.28246 0.583275 -2.02657 -0.35282
806 -1.44362 0.583155 -1.71893 -0.227899
422 -1.68475 1.12086 -1.45947 -0.456343
573 -1.64873 1.23085 -1.33111 -0.591838
609 -0.719405 1.03383 -2.29024 -0.909357
593 -0.793594 1.14576 -2.25537 -0.894168
564 -0.814819 0.921986 -2.00765 -0.70444
434 -0.753631 1.38503 -2.71969 -1.12273
432 -0.81408 1.42927 -2.66815 -1.12259
440 -0.741011 1.14488 -2.35863 -1.13617
601 -0.773986 0.799226 -1.84213 -0.813635
967 -0.896976 0.990623 -2.01422 -0.885633
592 -0.66624 1.10472 -2.54911 -1.16082
99 -1.5341 0.580817 -1.84455 -0.0778987
784 -1.52612 0.548135 -1.86398 -0.157195
83 -2.12645 0.0835827 -1.97995 -0.0184838
126 -1.28424 0.231769 -2.91359 -0.0952348
7 -1.54492 0.129634 -2.70232 0.0150788
700 -1.37168 0.257626 -2.01842 0.00922456
235 -1.29499 0.261027 -2.0108 -0.478448
879 -1.38738 0.12755 -1.94897 -0.773807
556 -1.2897 0.486157 -2.01385 -0.02932
275 -2.09887 1.09238 -1.42789 -0.523022
778 -1.55138 0.767058 -1.23289 -0.391147
313 -1.91141 0.826076 -1.49283 -0.261087
553 -1.58131 0.726856 -1.47021 -0.240965
467 -2.28993 0.898131 -1.41425 -0.548014
689 -1.14849 0.316548 -2.12614 -0.0526011
189 -1.37855 0.332974 -2.50483 0.019392
681 -1.45245 0.432535 -2.86689 0.101308
197 -1.27732 0.449714 -2.27549 0.116463
945 -1.2268 0.138812 -2.09787 -0.841832
636 -1.11756 0.0540286 -2.42561 -0.925696
800 -1.10064 0.385368 -1.81379 -0.55875
221 -1.36887 0.345794 -1.97604 -0.766872
210 -1.13024 0.149727 -2.48497 -0.938308
873 -1.60119 0.771077 -1.9045 -0.384655
360 -1.37594 0.49258 -2.04234 -0.225548
928 -1.42186 0.356607 -2.0377 -0.24338
198 -1.40024 0.47035 -1.76736 -0.0796083
344 -1.45799 0.218304 -2.28685 -0.0303347
168 -1.39193 0.231234 -2.88048 -0.149371
350 -1.2294 0.261597 -2.05711 -0.168995
923 -1.27434 0.369846 -2.15701 -0.129788
19 -1.42889 0.335952 -2.58984 -0.0495797
172 -1.2713 0.535628 -2.4329 0.0543651
581 -1.65903 0.464674 -1.94414 -0.0707399
669 -1.25211 1.04851 -1.68688 -0.865925
492 -1.39916 0.940829 -1.9739 -0.466062
111 -1.37446 0.803824 -1.66358 -0.590029
613 -1.69544 0.89371 -1.52963 -0.334857
310 -2.14658 0.923336 -1.56542 -0.583058
332 -1.45991 0.690429 -1.37681 -0.504271
178 -1.52343 0.0717638 -2.40033 0.0112679
682 -1.53561 0.46103 -2.56508 0.260783
859 -1.51973 0.577 -2.38708 0.259857
520 -1.51763 0.836308 -1.8577 -0.660909
205 -1.28385 0.386401 -1.96879 0.0361646
346 -1.29952 0.478551 -2.17878 -0.061614
910 -1.28597 0.496052 -1.90547 -0.195147
893 -1.43037 0.462904 -1.99492 -0.0730146
469 -1.68096 0.453441 -1.92774 0.0713072
100 -1.42792 0.464068 -1.88339 -0.24807
588 -1.21177 0.581173 -1.84137 -0.160456
46 -1.62176 0.258264 -1.71954 -0.400439
781 -1.6498 0.326439 -1.99768 -0.157839
342 -1.67403 0.0736649 -2.34977 -0.160432
683 -1.14832 0.213873 -2.40383 -0.329682
830 -0.992298 0.507205 -2.00754 -0.777966
698 -1.1731 0.414724 -2.25578 -0.0501993
642 -1.19966 0.231603 -2.08169 -0.741474
376 -1.11763 0.586396 -1.58767 -0.124447
537 -1.42417 0.840893 -1.86695 -0.0131144
138 -1.50034 0.775539 -1.7875 0.00192231
364 -1.57065 0.930431 -1.87127 0.10257
143 -1.23461 0.851994 -1.92589 0.133515
269 -1.21415 0.675577 -1.73621 0.0819157
135 -1.65889 1.28094 -2.16372 0.294273
773 -1.49877 0.883785 -1.75029 -0.134623
749 -1.61384 1.01498 -1.81591 0.100456
144 -1.6673 1.19586 -1.74185 0.288005
987 -1.35087 0.723034 -1.79056 0.0224896
145 -1.29639 0.823151 -2.0005 -0.0609801
427 -1.33403 0.767773 -1.37461 -0.722439
535 -1.43896 0.656729 -1.42942 -0.832295
665 -1.26367 1.10244 -1.78103 -0.783789
534 -1.2403 0.784667 -1.38888 -0.688194
50 -1.61497 1.29932 -1.76355 -1.27314
523 -1.31213 0.954322 -1.80099 -0.84956
662 -1.51516 1.48136 -1.87004 -1.23738
878 -1.23232 0.307304 -2.15128 -0.110834
182 -1.42576 0.377129 -2.38236 -0.118844
957 -1.12966 0.534795 -1.86906 0.0574585
343 -1.21578 0.448343 -2.07837 -0.0236235
177 -1.13061 0.54201 -2.46017 0.00723184
85 -1.62701 0.504481 -2.0375 0.0225707
272 -2.04529 1.84108 -1.74658 -1.13136
184 -1.42859 0.308008 -2.31731 0.0850272
180 -1.20018 0.687835 -2.17669 -0.201607
185 -1.01852 0.490889 -2.34624 0.00136186
193 -1.04058 0.436998 -1.94356 -0.118144
290 -1.65228 1.20675 -1.50535 -0.797533
953 -1.67572 1.11013 -1.39685 -0.682849
306 -1.56597 1.18753 -1.37785 -0.762727
727 -1.05229 0.530543 -2.52155 -1.42605
174 -1.03929 0.342155 -2.38192 -1.05319
203 -1.31069 0.632653 -2.03237 -0.146089
188 -1.34409 0.576758 -2.04181 0.024165
74 -1.22864 0.165714 -1.7517 -0.724147
702 -1.17208 0.199175 -1.87543 -0.368073
595 -0.842531 0.737868 -2.27773 -0.886935
629 -0.814713 0.733708 -2.02215 -0.987097
948 -1.48148 0.487812 -1.85359 -0.282397
136 -1.92452 0.559684 -2.39865 0.377537
412 -1.45937 0.645233 -1.83267 0.0369733
856 -1.51493 0.529045 -2.30128 0.178825
583 -1.30954 0.201986 -2.15561 0.0369295
835 -1.25034 0.260947 -1.92232 0.137824
217 -1.627 0.123618 -2.14118 -0.126386
90 -1.61921 0.335826 -2.19719 0.0702118
118 -1.47475 0.422331 -1.83371 0.213398
104 -1.54913 0.457792 -1.96902 -0.173205
116 -1.33406 0.533177 -1.7659 0.108527
129 -1.55823 1.33056 -2.15545 0.202063
253 -1.65431 0.847988 -1.78631 0.245702
148 -1.33873 0.863598 -1.84888 0.0689599
249 -1.75997 1.16336 -2.0769 0.331655
462 -1.41417 1.02581 -1.29355 -0.808686
292 -1.83913 1.12435 -1.37014 -0.842585
922 -1.09583 1.02778 -1.45969 -0.724537
500 -1.62965 1.62206 -1.54651 -0.895514
951 -1.3792 1.04313 -1.38311 -0.692953
425 -1.47847 1.16195 -1.39201 -0.587705
282 -1.72727 1.24861 -1.61396 -0.699526
287 -1.58193 1.35031 -1.42297 -0.830602
837 -1.37064 1.04383 -1.77699 -0.75221
515 -1.52627 1.33063 -1.70918 -1.11444
444 -0.8626 1.35016 -1.9735 -1.02962
458 -0.73012 0.953249 -1.94679 -0.899031
919 -0.902859 0.76436 -2.03377 -1.06781
26 -1.97854 0.215344 -1.49041 -1.11046
51 -1.9712 0.0453163 -1.73888 -1.0309
416 -1.76626 1.21512 -1.37139 -0.431306
424 -1.46843 0.964454 -1.43503 -0.520917
293 -1.45577 1.27518 -1.35844 -0.745099
271 -2.05315 1.62773 -1.53486 -0.83145
250 -1.64133 0.815115 -1.62451 -0.0939956
256 -1.59764 0.966675 -1.7953 -0.292942
850 -1.63656 0.823914 -1.63563 -0.42042
142 -1.42687 1.01012 -1.82594 0.162696
388 -1.81244 -0.0118697 -1.60829 -1.04592
47 -1.52542 -0.0184425 -1.52657 -0.61628
380 -2.02918 -0.0349776 -1.70801 -0.917115
81 -1.82215 0.849157 -2.10277 0.184424
131 -2.28723 1.24106 -1.54549 -0.334642
320 -2.0777 0.599917 -1.17049 -0.593355
147 -1.48914 0.722909 -1.7725 0.0852365
703 -1.25732 0.499713 -1.88221 -0.0447309
637 -0.886286 0.444175 -2.30336 -1.28409
907 -1.00322 0.541729 -1.96517 -1.04124
707 -1.06635 0.449065 -2.34424 -1.45305
208 -1.24717 0.285747 -2.34323 -1.04272
284 -1.52493 1.4478 -1.27096 -0.82101
489 -1.49474 1.07171 -1.68149 -0.00420332
756 -1.51186 1.03977 -1.6246 -0.84897
666 -1.33321 1.32231 -1.76153 -0.968441
514 -1.68211 1.19501 -1.7343 -1.1183
103 -1.74504 0.78132 -1.56345 -0.43543
819 -1.59998 0.654085 -1.55733 -0.396845
817 -1.77487 1.02418 -1.54024 -0.476129
726 -2.23864 1.05907 -1.43024 -0.4965
315 -1.8964 0.912839 -1.39965 -0.471102
791 -1.56388 0.521819 -2.04983 0.154138
124 -1.47519 0.559563 -1.93685 -0.181735
192 -1.42857 0.512367 -1.97694 0.0181718
206 -1.22057 0.399417 -1.88111 -0.149404
357 -1.11619 0.40981 -1.98286 -0.0151271
795 -1.12091 0.440639 -1.86573 0.108193
348 -1.1417 0.371781 -1.98801 -0.142496
12 -2.34992 -0.0940809 -1.9021 -0.735812
49 -1.55725 0.11529 -1.19483 -0.888038
298 -1.41858 1.2291 -1.20781 -0.748496
889 -1.44382 1.14988 -1.26483 -0.710169
845 -1.01181 0.537676 -2.03416 -1.09362
713 -1.09535 0.49462 -2.09329 -1.00846
842 -1.46824 0.364558 -1.83632 -0.0211321
805 -1.45921 0.427615 -1.96899 0.0230648
88 -1.26092 -0.00398865 -2.67283 -0.796437
224 -1.20531 0.221892 -2.02667 -0.723447
635 -1.22633 0.0687306 -2.29075 -0.929119
84 -1.9892 0.235098 -2.42147 0.207054
792 -1.7161 0.591772 -1.94211 0.278153
105 -1.66645 0.170085 -1.86112 -0.0914957
162 -1.10214 0.517012 -1.62995 -0.205699
398 -1.19869 0.8839 -1.96769 0.155382
758 -1.33297 0.974753 -1.66134 -0.705788
995 -1.48321 0.992504 -1.93082 -0.678852
457 -0.919064 0.799647 -1.90236 -0.259937
397 -1.34312 0.560436 -1.91674 0.153118
439 -0.884909 0.997198 -2.19278 -1.2241
134 -0.769507 1.46781 -2.71366 -0.955538
762 -1.10904 0.32525 -1.93385 -0.759824
816 -1.39099 0.367552 -1.78584 -0.619563
225 -1.35927 0.0587768 -2.032 -0.807294
829 -1.40289 0.491508 -1.91534 -0.136128
990 -1.37906 1.01703 -1.47307 -0.490447
507 -1.45226 1.14663 -1.40699 -0.662943
508 -1.12908 1.12254 -1.76603 -0.911875
511 -1.20676 1.08185 -1.33302 -0.830517
400 -1.67871 0.346452 -2.25291 0.0885726
115 -1.42556 0.371942 -1.8534 -0.0190937
401 -1.59802 0.482136 -1.71394 0.115547
379 -1.27495 0.446319 -1.7104 0.0850176
725 -1.21902 0.421265 -1.79993 -0.504135
701 -1.35411 0.206112 -1.84605 -0.210327
690 -1.47261 0.0194673 -2.15439 -0.12986
962 -1.56264 0.861929 -1.96199 -0.00774081
751 -1.47162 0.765883 -1.75418 -0.00344081
402 -1.51771 0.902527 -2.03719 0.044094
657 -1.24105 0.686315 -1.74715 -0.174949
13 -1.64362 1.24158 -2.10352 0.13842
371 -1.41026 0.844501 -1.8567 -0.0563374
521 -1.30803 1.02765 -1.85793 -0.10827
133 -1.64782 1.02551 -1.98063 0.067467
378 -1.51065 0.802966 -1.75474 0.0762704
603 -0.971005 1.05038 -1.86731 -0.877288
952 -1.56084 1.23059 -1.48701 -0.8069
572 -1.67058 1.27402 -1.32026 -0.618799
518 -1.08761 0.527851 -1.9368 -1.3309
29 -1.86332 0.127726 -1.39098 -0.929035
381 -1.53146 1.03849 -1.49407 -1.02948
663 -1.60043 1.33171 -1.88728 -1.12375
330 -1.48844 0.704379 -1.39598 -0.481575
966 -1.54501 0.788554 -1.60358 -0.415709
487 -1.61693 0.79833 -1.3887 -0.441905
478 -1.74159 0.827659 -1.54594 -0.505687
362 -0.737946 1.30726 -2.33762 -1.1611
926 -0.867796 0.781027 -1.84769 -0.907995
752 -0.890285 0.895366 -2.01375 -0.696156
31 -1.74015 -0.0849201 -1.63132 -1.12693
383 -1.88991 0.0506137 -1.63347 -1.0574
939 -1.81444 0.157695 -1.42308 -0.848145
882 -1.72553 0.698926 -1.41397 -0.480329
696 -1.81735 0.680682 -1.5105 -0.308554
23 -1.95839 0.138005 -1.64987 -1.05747
45 -1.61358 -0.0464816 -1.58959 -0.613562
809 -1.61192 0.145155 -1.50866 -1.04746
77 -1.59376 0.0518805 -1.50404 -0.778987
34 -1.7545 0.139621 -1.66758 -0.786096
11 -2.42942 1.08958 -1.50713 -0.361042
8 -2.22178 1.11931 -1.46781 -0.338234
325 -1.5899 0.865283 -1.25958 -0.316293
316 -2.10519 0.976792 -1.26821 -0.363572
557 -1.68449 0.666873 -1.18308 -0.499562
765 -1.58451 0.371087 -1.77932 0.0412423
796 -1.36304 0.268209 -1.69143 0.0110205
949 -1.6321 0.219111 -1.85717 -0.125288
121 -1.56502 0.364148 -1.73284 -0.161094
975 -1.31938 0.583063 -2.03265 -0.190994
96 -1.44578 0.426407 -2.09096 -0.151642
97 -1.79073 0.417039 -2.28745 0.402049
123 -1.48408 0.440704 -1.77466 -0.235858
108 -1.33997 0.37092 -2.08463 -0.287217
278 -1.56363 1.47094 -1.56906 -1.08428
767 -1.06807 0.283728 -1.89516 -0.768755
64 -1.42717 0.699423 -1.45841 -0.991238
220 -1.57707 0.634603 -1.80478 -0.951172
5 -2.35983 -0.0826481 -1.86915 -1.11894
307 -1.23934 0.704639 -1.68064 -0.0897794
281 -1.77083 0.586556 -2.01129 0.080006
92 -1.54869 0.279324 -2.20524 0.1855
43 -1.48378 0.0384404 -1.61 -0.151795
16 -2.09464 -0.0984988 -1.71404 -0.995678
728 -0.943486 0.468742 -2.2285 -1.44497
731 -1.02412 0.59154 -1.8907 -1.20007
516 -0.970561 0.625488 -2.29693 -1.40624
977 -1.31504 0.708996 -1.70395 -0.593893
999 -1.74347 0.704561 -1.65963 -0.63834
175 -1.16506 0.333222 -2.8761 0.0705089
173 -1.22555 0.327474 -2.8463 0.171401
844 -1.48201 0.545012 -1.78215 0.0270168
931 -1.54728 0.566808 -1.76313 -0.185845
755 -1.42537 0.979685 -1.63703 -0.692467
517 -1.48838 1.27105 -1.72472 -0.829507
319 -1.81087 1.03464 -1.52638 -0.315704
918 -1.45863 0.889071 -1.50615 -0.820625
677 -1.35713 1.0355 -1.58357 -0.79997
532 -1.3782 1.12317 -1.59998 -0.847957
263 -1.37224 0.978091 -1.595 -0.557783
554 -1.23746 0.88998 -1.54031 -0.853916
896 -1.33083 0.740359 -1.6943 -0.684821
942 -1.04953 0.579111 -1.96611 -1.03123
695 -1.05567 0.4064 -2.24292 -1.15002
538 -1.81057 -0.0386146 -1.5501 -0.988491
35 -1.88384 0.0337975 -1.31866 -0.907658
861 -1.04692 0.526158 -1.96661 -0.0324467
399 -1.37888 0.92998 -1.7129 0.0576045
141 -1.11025 1.07342 -1.98352 -0.185301
408 -1.24234 0.890034 -1.84208 -0.107171
404 -1.19726 1.05994 -1.56678 -0.828553
947 -1.44298 0.765105 -1.75476 -0.183244
248 -1.68801 1.30161 -1.74723 0.170898
405 -1.15692 0.539078 -1.93928 -0.0843825
187 -1.24066 0.471821 -2.28067 0.0487118
191 -1.24805 0.368418 -1.90249 -0.0751057
171 -1.94815 1.04633 -1.6578 -0.237502
802 -1.23669 0.365065 -2.03702 -0.781872
974 -1.38441 0.318079 -2.12062 -0.766873
227 -1.42151 0.399558 -2.01185 -0.817418
244 -1.02677 0.644277 -1.98252 -0.830593
218 -1.40052 0.435075 -2.03454 -0.910709
228 -1.14924 0.186445 -2.18648 -0.848453
746 -1.61728 0.54859 -1.35001 -0.480352
552 -2.04006 0.938954 -1.37254 -0.428383
536 -2.06404 1.00631 -1.49132 -0.507035
247 -2.02492 1.02232 -1.4677 -0.299837
331 -1.58724 0.880138 -1.45842 -0.294508
333 -1.62665 0.795383 -1.33585 -0.441117
543 -1.64864 0.282648 -1.57676 -0.82326
30 -1.72885 -0.103232 -1.70024 -1.02303
526 -1.19092 0.997344 -1.56071 -0.636691
525 -1.47418 1.02521 -1.71802 -0.846096
621 -1.68714 0.146322 -1.62963 -0.952849
36 -1.84375 0.136751 -1.55689 -1.1185
386 -1.81855 0.307511 -1.32921 -1.03133
461 -1.52735 0.436132 -2.05413 -0.0155938
258 -1.34653 0.706006 -1.69134 0.0484978
127 -2.0723 1.27168 -2.10068 0.253222
820 -1.3446 0.916399 -1.55445 -0.257569
982 -1.22761 0.30088 -2.0767 -0.924658
226 -1.02276 0.123634 -2.24249 -0.906555
231 -1.06862 0.215488 -2.17313 -0.857453
617 -1.38816 0.269048 -1.89864 -0.938824
417 -1.64586 1.37995 -1.24615 -0.600962
498 -1.62615 1.47641 -1.47383 -0.775577
628 -0.830472 1.07143 -2.19503 -1.19773
730 -1.12841 0.304676 -1.70982 -1.27946
626 -0.705978 1.41404 -2.54524 -1.1072
490 -1.16023 1.09454 -1.70956 -0.383016
161 -0.849962 0.9212 -1.64688 -0.223358
329 -1.42224 0.925572 -1.53853 -0.565503
485 -1.67851 0.861043 -1.37566 -0.46323
472 -1.76783 0.960875 -1.45181 -0.566104
483 -1.40883 0.858197 -1.35034 -0.530104
314 -2.00442 0.999347 -1.45998 -0.49368
15 -1.40653 -0.0580524 -2.30218 -0.971835
60 -1.97211 0.109611 -1.60247 -1.13556
1 -2.43226 0.0264796 -1.80286 -1.14165
944 -1.22028 0.576474 -1.96324 -1.03223
904 -1.06954 0.370289 -2.14514 -1.36256
387 -1.67878 -0.173767 -1.66798 -1.05129
547 -1.04948 0.292435 -1.94274 -1.18778
711 -0.956349 0.574995 -2.02208 -0.912991
761 -0.881626 0.908579 -1.73005 -0.749463
604 -0.93251 0.975822 -1.77776 -1.02174
533 -1.26886 1.00267 -1.51533 -0.958349
921 -1.6893 1.45447 -1.47049 -0.883915
291 -1.62402 1.30078 -1.43728 -0.689928
40 -1.57016 0.0751887 -1.42789 -0.910489
14 -2.09797 0.0657683 -1.82799 -1.11885
449 -0.830507 0.933418 -2.03623 -0.960064
891 -0.897034 0.90558 -2.11129 -0.878647
634 -0.735848 0.80785 -1.87918 -0.981078
620 -1.39633 0.168942 -1.55528 -1.20268
57 -1.99102 0.16287 -1.59846 -1.18627
18 -2.25528 -0.0144531 -1.81324 -1.09153
929 -1.33996 0.245662 -1.96446 0.0228914
864 -1.22688 0.617195 -1.77117 0.00895315
860 -1.26274 0.383595 -2.22195 0.0161317
204 -1.0719 0.45312 -2.25617 0.0317435
909 -1.33509 0.369608 -2.73697 0.126664
808 -1.88941 -0.175501 -1.79675 -1.02639
305 -1.3563 1.13521 -1.41372 -0.514857
359 -1.25036 0.247734 -1.77172 -0.0807184
747 -1.39766 0.173299 -2.24334 -0.885612
914 -1.3282 0.210672 -1.90474 -0.823762
732 -1.08432 0.351023 -1.85816 -1.1006
651 -0.862117 0.710873 -2.07492 -1.29913
477 -1.77317 0.781593 -1.48376 -0.262109
355 -1.46741 0.808585 -1.52358 -0.385725
611 -1.6691 0.829212 -1.77456 -0.55922
149 -1.15458 0.964759 -1.87887 -0.0789009
158 -1.278 0.834493 -1.70416 0.0721565
655 -0.985209 0.683081 -1.86565 -0.860977
653 -0.705051 0.917961 -2.06977 -1.02191
132 -1.66406 1.42862 -2.25162 0.206235
289 -1.69589 1.33293 -1.4752 -0.641129
426 -1.69841 1.23982 -1.27724 -0.733387
345 -0.884684 1.0778 -1.95127 -0.924285
260 -1.29315 0.773182 -1.46426 -0.14503
705 -1.15371 0.370395 -2.55377 -1.34826
639 -1.11674 0.370501 -1.9079 -0.830645
877 -1.21379 0.441553 -1.86442 -0.491156
770 -1.37509 0.413638 -2.0788 -0.637043
245 -1.29848 0.312372 -2.02246 -0.579214
170 -1.22786 -0.185322 -2.67794 -0.793694
239 -1.26087 0.373364 -1.93336 -0.463633
234 -1.24902 0.159005 -2.04496 -0.737108
229 -1.30047 0.148099 -2.09981 -0.592823
317 -1.73 0.849029 -1.46565 -0.348597
476 -1.80892 0.917826 -1.33236 -0.391403
612 -1.60056 0.770332 -1.51147 -0.450422
82 -1.93039 1.3671 -2.01304 0.195765
361 -1.6054 1.0321 -1.7877 -0.00347443
140 -1.16277 0.995496 -1.86347 -0.080245
493 -1.29341 0.830121 -1.7363 -0.367937
453 -0.580707 1.05655 -2.10683 -1.01839
763 -0.996542 0.679934 -1.77059 -0.968728
627 -0.642021 1.09147 -2.5088 -0.585944
863 -1.4137 0.510559 -2.24951 0.147472
202 -1.37365 0.171273 -2.1238 -0.114728
807 -1.3421 0.482009 -2.13542 0.236453
102 -1.60118 0.386175 -1.93255 0.203512
585 -1.37903 0.412997 -2.09927 0.0167814
503 -1.5942 1.24112 -1.45201 -0.744316
53 -2.12424 -0.214251 -1.78394 -1.02053
347 -1.1072 0.394243 -2.18544 -0.0491149
710 -1.08042 0.43801 -2.07319 -1.09195
652 -0.919829 0.368691 -1.98179 -1.13416
826 -0.996757 0.531921 -2.18917 -1.26944
167 -0.864771 0.472524 -1.6924 -0.599958
139 -1.64005 1.11478 -1.86174 0.130561
374 -1.54492 0.862267 -1.60145 -0.0263571
302 -1.53542 1.29972 -1.28455 -0.598329
299 -1.53051 0.951898 -1.52324 -0.698041
855 -1.47702 0.113339 -1.49547 -0.73704
954 -1.69782 0.0624581 -1.67957 -0.908542
28 -1.70396 0.00696527 -1.59271 -0.953912
52 -1.98372 -0.0967132 -1.9032 -0.843193
396 -1.6048 0.885444 -1.84303 -0.0648536
176 -1.15161 0.445438 -2.51988 0.100878
960 -1.08668 0.604525 -1.71475 -0.849068
825 -1.12721 0.694276 -2.12665 -1.20979
866 -1.34805 0.303011 -2.05039 -0.818234
912 -1.31761 0.270839 -2.19364 -0.641561
56 -1.86128 -0.144094 -1.76111 -1.19066
212 -2.05715 0.815849 -1.50807 -0.262188
645 -1.30617 0.520574 -1.89918 -0.592109
286 -1.93379 1.5192 -1.35492 -0.739551
828 -1.07855 0.755649 -1.72955 -1.04716
93 -1.77424 0.703982 -1.95168 0.119709
157 -1.38118 0.679453 -1.85292 -0.193116
647 -1.09825 0.392713 -1.95679 -0.601886
527 -1.45368 0.908959 -1.92784 -0.81432
667 -1.04799 0.611063 -2.0483 -1.27491
540 -1.2436 0.861865 -1.68509 -1.14377
660 -1.37056 0.798559 -1.53981 -0.226206
840 -1.31165 0.824686 -1.61772 -0.626603
973 -1.41447 0.905388 -1.60787 -0.717673
900 -1.22063 0.434892 -1.97607 -0.737058
874 -1.08694 0.528928 -2.3698 -0.182457
349 -1.20602 0.23339 -2.10827 0.0906772
941 -0.969201 0.405677 -1.89396 -0.405278
794 -1.76542 0.685621 -1.76219 -0.288688
616 -1.83796 0.591567 -1.44027 -0.496639
479 -1.53457 0.632696 -1.5618 -0.6118
309 -2.15936 1.04298 -1.58221 -0.495177
894 -1.40419 0.535617 -1.77095 -0.208475
200 -0.998378 0.445589 -1.86337 0.0476622
906 -1.00575 0.564878 -1.98977 -1.2203
530 -1.19246 1.07354 -1.6371 -0.843777
529 -1.24785 0.817761 -1.65103 -0.564244
151 -1.33918 1.00492 -1.78254 0.18956
723 -0.86856 0.472867 -1.66314 -0.704781
712 -1.02903 0.479089 -1.96252 -1.16578
715 -0.886846 0.47864 -1.89102 -1.06775
811 -1.72353 0.0213196 -1.671 -0.950262
68 -1.66336 -0.0119879 -1.61618 -0.658446
524 -1.56618 0.770556 -1.3855 -1.03221
674 -1.22891 0.888315 -1.50235 -0.797553
633 -0.68891 1.03039 -1.88356 -0.890233
940 -1.5872 0.345723 -1.39775 -0.730207
65 -1.78962 -0.0523941 -1.51729 -0.999685
748 -1.54417 0.0455207 -1.79681 -1.12604
519 -1.36149 1.12181 -1.79357 -0.912497
10 -2.19059 -0.195954 -1.91138 -0.898742
853 -1.28718 0.42082 -2.01133 -0.23482
562 -1.40615 0.657092 -2.01001 0.0783072
545 -1.65013 0.374648 -1.96368 -0.11136
369 -1.45707 1.13922 -1.49187 -0.825588
670 -1.41697 1.1866 -1.71832 -0.935912
980 -1.00563 0.701418 -1.74295 -0.522845
261 -1.27101 0.90186 -1.7481 -0.155213
589 -1.37289 0.475873 -1.76836 0.156868
584 -1.45124 0.443222 -2.01291 -0.028073
337 -1.51266 0.819223 -1.46758 -0.425431
750 -0.946763 0.604797 -1.76213 -0.870865
997 -1.4687 0.882776 -1.87321 -0.448174
409 -1.35512 0.967765 -1.48263 -0.585106
753 -1.7502 1.03695 -1.633 -1.0296
598 -0.926996 1.15554 -1.80688 -1.03496
870 -1.56268 0.304457 -1.82267 -0.223174
587 -1.47753 0.518699 -1.7679 -0.132585
154 -1.63848 0.487019 -1.91659 0.171445
586 -1.49425 0.525648 -1.71759 -0.0615362
818 -1.79176 1.06673 -1.35171 -0.560597
567 -1.55023 0.909145 -1.74805 0.0817934
560 -1.67817 1.1793 -1.94061 -0.0152065
24 -2.05203 -0.136829 -1.70961 -1.14861
32 -1.96757 -0.0554545 -1.66764 -0.899356
27 -1.97451 -0.0305592 -1.6377 -0.851285
917 -1.67743 -0.0592529 -1.28294 -0.807197
494 -1.30961 0.837421 -1.42928 -0.396313
571 -1.70075 1.51158 -1.56315 -0.891094
915 -1.22565 0.506647 -1.7957 -0.700171
868 -1.42636 0.98154 -1.56949 -0.676877
724 -1.15613 0.658991 -1.66678 -0.712176
241 -0.968516 0.372254 -1.80848 -0.626643
497 -1.5826 1.52683 -1.52928 -0.865154
902 -1.37113 0.213237 -1.96356 -0.931081
152 -1.40131 0.825121 -1.71158 0.0805005
890 -1.48001 0.954106 -1.47111 -0.536532
196 -1.1546 0.46175 -2.14292 -0.111188
798 -1.17661 0.281495 -2.1304 -1.04643
69 -1.44017 1.16365 -1.22802 -0.8477
996 -1.26596 0.712658 -2.06966 -0.459154
857 -1.45376 0.447644 -1.83726 -0.0256539
321 -1.86755 1.04333 -1.5701 -0.299502
327 -1.72954 0.89166 -1.54693 -0.554767
934 -1.48307 0.768911 -1.65152 -0.370349
468 -1.62204 0.839233 -1.55164 -0.751171
958 -1.24687 0.315394 -1.7526 -0.128438
697 -1.33567 0.23936 -2.13798 -0.0905441
294 -1.73697 1.41702 -1.46767 -0.767485
745 -1.68825 0.925189 -1.34233 -0.375794
501 -1.33971 0.995659 -1.54654 -0.75801
506 -1.46873 1.06233 -1.3891 -0.683411
236 -1.19371 0.290868 -1.74153 -0.659547
67 -1.58365 0.553179 -1.49387 -0.222597
709 -1.09511 0.437379 -2.05146 -1.21047
936 -0.995604 0.495778 -1.7265 -1.01882
268 -1.31198 0.858204 -1.56885 -0.140139
303 -1.40394 1.21545 -1.43714 -0.685153
328 -1.24096 1.06949 -1.40097 -0.593943
445 -0.762916 0.91243 -2.04495 -1.017
790 -1.55876 0.425032 -1.95683 0.124324
137 -1.55741 0.839141 -1.87671 0.0837044
563 -1.56619 0.837782 -1.88703 0.102762
658 -1.63728 0.823765 -1.87761 -0.328835
367 -1.56056 0.653039 -1.67867 -0.0929406
661 -1.08869 0.678817 -1.71888 0.0918286
470 -2.13524 1.03636 -1.35749 -0.30897
638 -1.26885 0.184936 -2.0126 -0.676665
216 -1.37591 0.295951 -2.21177 -0.812578
179 -0.659106 1.11385 -2.21644 -0.993943
654 -0.785216 0.803526 -1.81017 -0.873993
63 -1.33567 0.671188 -1.54224 -0.0571029
570 -1.38337 0.748888 -1.85738 -0.0657456
251 -1.62014 0.812286 -1.74672 0.0378553
219 -1.18429 0.222408 -2.04949 -0.86707
213 -1.17027 0.0284315 -2.61749 -1.0833
297 -1.33549 1.10182 -1.52956 -0.589683
335 -1.53787 0.679221 -1.70684 -0.363088
624 -1.50508 0.259578 -1.48058 -0.562101
421 -1.70296 1.32966 -1.40093 -0.754739
575 -1.52262 1.41735 -1.34346 -0.747271
976 -1.56218 0.691915 -1.75961 -0.489712
486 -1.46198 0.754101 -1.35199 -0.48166
550 -1.8446 0.260259 -1.68727 -0.834671
848 -1.71188 0.69683 -1.50322 -0.509942
233 -1.14462 0.0610069 -1.97134 -0.883929
230 -1.25097 0.123253 -1.91037 -0.749095
352 -1.03688 0.309398 -1.99549 -0.228898
150 -1.56741 0.607272 -1.53568 -0.041991
166 -1.21968 0.660714 -1.7941 -0.00472471
257 -1.45876 0.947715 -1.91472 0.115921
812 -1.12537 0.0670575 -2.18094 -0.885017
366 -1.37485 0.841355 -1.92327 0.0498127
38 -1.53623 0.0513562 -1.6722 -1.04532
743 -1.4628 0.986795 -1.58099 -0.20655
146 -1.6635 0.655141 -1.74347 0.037319
862 -1.38916 0.400869 -2.19777 0.177822
678 -1.31643 1.13882 -1.36487 -0.849915
708 -0.989338 0.391436 -2.28499 -1.18163
288 -1.73539 1.49485 -1.52668 -0.785903
881 -1.33907 0.483839 -2.0177 -0.71958
852 -1.06647 0.263077 -2.11002 -0.0800052
481 -1.39483 0.722363 -1.66741 -0.179776
858 -1.49344 0.678866 -1.78143 -0.292422
322 -1.98173 0.964052 -1.5752 -0.500062
392 -1.74735 0.20873 -1.69874 -0.844609
920 -1.5121 0.267519 -1.49971 -1.08836
741 -1.3048 0.565723 -1.60526 -0.054165
720 -0.729513 0.861944 -1.94779 -0.868181
597 -0.699971 1.17819 -2.23677 -1.04759
436 -0.792417 1.25512 -2.52569 -0.950143
474 -1.59838 0.886191 -1.64812 -0.478812
473 -1.91934 1.00767 -1.44646 -0.600684
577 -1.60725 1.29004 -1.48976 -0.701704
832 -1.23599 0.716245 -1.90906 -0.996182
389 -1.5363 0.53983 -1.37531 -0.500801
780 -1.76585 0.243957 -2.13177 0.157958
785 -1.25778 0.727126 -1.5736 -0.600903
978 -1.56274 1.26252 -1.57084 -0.653248
783 -1.32382 0.306827 -2.00991 -0.117876
54 -1.01767 0.346339 -2.32531 -1.45538
721 -0.949053 0.314104 -1.75055 -0.811016
734 -1.10586 0.724097 -2.06672 -1.02273
394 -0.994316 0.692223 -2.27309 -0.997716
901 -1.16266 0.233954 -2.06479 -0.610512
803 -1.22124 0.449877 -2.06673 -0.603554
311 -2.29615 1.10745 -1.54044 -0.244351
107 -1.46016 0.63527 -1.99711 -0.0559462
925 -0.845295 0.729225 -2.0558 -1.05239
548 -1.7337 0.0486506 -1.63512 -0.928675
899 -1.56133 0.678976 -1.57834 -0.421737
252 -1.76514 0.790623 -1.9819 0.163837
565 -1.49156 0.92092 -1.73951 0.0531023
266 -1.47718 0.895549 -1.80347 -0.297463
465 -1.6014 0.617906 -1.82731 -0.43064
618 -1.41743 0.504123 -1.69083 -0.701271
722 -1.07282 0.766918 -1.49972 -0.949146
729 -0.943851 0.464207 -2.15871 -1.15642
163 -1.20781 0.636318 -1.65044 0.151198
656 -1.5712 0.769346 -2.06973 0.177706
814 -1.09404 0.285935 -2.02301 -0.693267
932 -1.20629 0.377224 -1.96853 -0.662438
491 -0.623656 0.937578 -2.06511 -0.77539
393 -1.57485 0.0323596 -1.54875 -0.961315
75 -1.43278 0.627071 -1.50848 -0.168912
48 -1.53148 0.110361 -1.5735 -0.907935
930 -1.8228 0.407198 -2.09877 0.243883
95 -1.42202 0.336786 -1.88124 -0.0985988
41 -1.62958 0.0822159 -1.59775 -0.678198
916 -1.18042 0.416378 -1.7816 -0.946135
464 -1.46443 0.014363 -1.7048 -0.818041
59 -2.17876 -0.13011 -1.66818 -1.02539
384 -1.98593 0.193641 -1.45461 -0.903313
908 -1.03341 0.568387 -1.93826 -1.08362
905 -0.938279 0.618769 -2.12249 -1.2088
827 -1.09813 0.508334 -2.10157 -1.19547
716 -1.02687 0.413811 -1.87862 -1.01383
823 -1.31181 0.950894 -1.55695 -0.345649
323 -1.74059 0.855626 -1.42097 -0.168805
240 -0.981085 0.122999 -1.71103 -0.742325
797 -1.18104 0.272464 -1.6931 -0.156644
423 -1.35959 1.30717 -1.56809 -0.74165
301 -1.41553 1.2966 -1.33726 -0.539447
164 -1.26707 0.768006 -1.77041 -0.112295
559 -1.44345 0.842457 -1.35525 -0.547735
614 -1.57954 0.743878 -1.46013 -0.601689
448 -0.624937 1.01415 -2.21046 -1.04304
764 -0.581104 0.826978 -2.06688 -0.625683
606 -0.56929 0.875699 -1.8589 -0.480482
596 -0.695706 0.853347 -1.98469 -0.893634
769 -1.20814 0.31833 -1.93981 -0.64924
704 -1.1766 0.264099 -1.94823 -0.31199
232 -1.24733 0.126214 -2.12293 -0.766214
771 -1.24122 0.129195 -2.0541 -0.682434
937 -1.08573 0.493131 -1.90276 -0.856303
706 -1.2103 0.500847 -2.30222 -1.45445
106 -1.60654 0.787895 -1.72244 0.0154482
452 -0.932647 0.944349 -2.05824 -0.915139
495 -1.3526 0.672846 -1.85004 -0.252535
372 -1.64075 0.697299 -1.90527 -0.00921977
375 -1.39954 0.901267 -1.75501 0.0850895
555 -1.4367 0.786832 -1.44465 -0.307754
619 -1.54859 -0.00924623 -1.46492 -0.971802
608 -0.632245 0.814575 -1.97044 -0.568528
403 -1.41993 0.864927 -1.8465 0.00741723
488 -1.41845 0.708578 -2.05865 0.175257
117 -1.61417 0.566413 -1.93554 0.335795
42 -1.74455 0.0937442 -1.3229 -0.798307
430 -1.49448 1.00901 -1.15987 -0.907667
21 -2.09497 0.027276 -1.63572 -1.04409
782 -1.56772 0.334083 -2.05241 0.0838133
183 -1.26769 0.398812 -2.37263 -0.0676996
539 -1.79303 0.240804 -1.62617 -0.79288
719 -0.999202 0.589055 -1.9876 -1.14634
963 -1.39865 0.721949 -1.79542 -0.617941
694 -1.24918 0.234042 -2.08497 -0.0448421
839 -1.41809 0.781098 -1.72093 -0.294683
671 -1.47653 1.05421 -1.70621 -1.01216
450 -0.773661 0.847422 -2.08778 -0.996802
574 -1.51905 1.25392 -1.28264 -0.603925
471 -1.83612 0.582575 -1.41861 -0.560677
237 -1.39542 0.182006 -2.05281 -0.888276
242 -1.29018 0.174534 -1.84259 -0.653435
190 -1.21453 0.211457 -2.39662 0.0670325
801 -1.2449 0.557069 -1.88527 -0.671045
744 -1.29791 0.762314 -1.67943 -0.0425766
522 -1.27363 1.10672 -1.78595 -0.965699
531 -1.20801 0.75265 -1.53283 -0.775424
446 -1.16129 0.557144 -2.08232 -0.819444
867 -1.27734 0.261878 -1.91232 -0.8729
373 -1.40097 0.835746 -1.86421 0.030301
714 -1.04478 0.61168 -2.00752 -0.974764
804 -1.41965 0.685031 -1.63651 -0.577922
482 -1.75171 1.09352 -1.32642 -0.460108
480 -1.50673 0.950053 -1.41056 -0.336682
738 -1.20443 0.595677 -1.39972 -0.503125
943 -0.964569 0.335878 -1.79331 -0.808175
566 -1.56555 0.936171 -1.79815 -0.126512
561 -1.51042 0.866678 -1.72068 -0.342228
222 -1.7401 0.787993 -1.45318 -0.557392
265 -1.47947 0.682837 -1.74344 -0.079457
991 -1.49988 0.655775 -1.83797 -0.43902
262 -1.43814 0.769909 -2.00388 -0.21052
610 -1.9112 0.958686 -1.60156 -0.558506
456 -0.685882 1.12457 -1.83285 -1.01794
971 -1.15849 0.426576 -2.06162 0.0980747
641 -1.1419 0.379647 -2.14919 -0.80118
679 -1.52576 0.913607 -1.86993 -0.652188
956 -1.36112 0.430042 -2.04752 -0.71068
676 -1.26966 0.91772 -1.55274 -0.591389
377 -1.1799 0.662491 -1.38379 -0.566912
776 -1.3615 0.974717 -1.50496 -0.512347
775 -1.57497 0.87776 -1.49397 -0.29848
884 -1.487 0.808789 -1.61773 -0.579438
872 -1.7295 0.789185 -1.52498 -0.501508
551 -2.16262 1.04884 -1.40739 -0.406787
824 -1.58218 0.763387 -1.18035 -0.447428
109 -1.63628 0.493397 -2.04537 0.0183967
44 -1.5837 0.0848098 -1.3927 -0.727867
740 -1.58674 0.72851 -1.76398 0.112183
911 -1.49913 0.782484 -1.58099 -0.36317
165 -1.53692 0.657852 -1.84402 -0.210822
849 -1.97716 0.712832 -1.54745 -0.369186
295 -1.16505 0.633603 -1.82006 -0.0158182
195 -1.27069 0.41662 -2.13567 -0.163956
687 -1.3386 0.222486 -2.20399 -0.121041
759 -1.36685 0.949531 -1.7257 -0.941883
851 -1.35809 0.858562 -1.76684 -0.643779
984 -1.26785 0.958989 -1.87696 -0.155047
739 -1.47501 0.819386 -1.90002 -0.0845949
504 -1.63093 1.44322 -1.28975 -0.733711
875 -1.33684 0.390923 -2.22053 -0.0765371
779 -1.42931 0.619969 -1.81023 -0.0747874
358 -1.20216 0.463881 -1.80742 -0.252453
580 -1.47458 0.528562 -2.07397 0.217291
368 -1.33659 0.931876 -2.01581 0.213663
509 -1.57972 1.1805 -1.45976 -0.592254
246 -1.14612 0.481428 -1.84876 -0.608575
649 -1.09352 0.264803 -1.80449 -0.606788
986 -1.02905 1.05945 -2.11096 -0.965779
455 -0.868985 1.07896 -1.83898 -0.864823
62 -1.94152 -0.125424 -1.75981 -0.75299
194 -1.20092 0.47899 -1.89788 0.127055
766 -1.01781 -0.0149537 -2.20446 -0.713787
969 -1.32725 0.426306 -1.89458 -0.735515
58 -1.87792 -0.0577161 -1.68743 -0.84022
774 -1.64011 1.02914 -1.65187 -0.380399
576 -1.49218 0.494809 -1.58403 -0.0198465
834 -1.41988 0.611489 -1.92067 0.0786284
336 -1.63544 0.715329 -1.70598 -0.515913
831 -1.37502 0.746581 -1.52099 -0.594104
675 -1.17189 1.00857 -1.54631 -0.836928
623 -1.64237 0.223625 -1.49074 -0.842784
892 -0.776878 0.81194 -1.64043 -0.625719
938 -1.41304 0.741974 -1.62543 -0.250514
843 -1.46494 0.533863 -2.07502 -0.0150227
454 -0.60393 0.879158 -1.94179 -0.97017
414 -1.77918 1.45078 -1.54027 -0.68956
264 -1.44192 1.05315 -1.53477 -0.0201131
854 -1.81251 0.256029 -1.6101 -0.843544
382 -2.01448 0.257209 -1.59889 -0.791147
78 -1.62733 0.1627 -1.31425 -0.854389
510 -1.40204 1.17027 -1.41662 -0.619995
777 -1.58836 0.818724 -1.52487 -0.501025
821 -1.46983 0.624363 -1.53287 -0.349497
334 -1.59207 0.896947 -1.27097 -0.334649
972 -1.49547 0.451794 -1.84654 -0.0969655
898 -1.51836 0.785354 -1.42357 -0.457023
961 -1.30119 0.321914 -2.04255 -0.143098
442 -0.640288 1.15915 -2.29666 -1.06473
101 -1.33946 0.45393 -1.98106 -0.222543
988 -1.45502 0.823899 -1.82093 -0.668431
955 -1.36505 0.953856 -1.70297 -0.573995
324 -1.83379 0.842553 -1.36256 -0.480937
742 -1.66286 0.755333 -1.49794 -0.334498
39 -1.71692 -0.0254513 -1.53712 -1.03418
160 -1.44755 0.988709 -1.66945 0.0714975
568 -1.47585 0.546291 -1.70374 -0.0983177
659 -1.25115 0.904617 -1.61029 -0.0925905
993 -1.49775 0.756479 -1.76305 -0.776972
935 -1.42918 0.708279 -1.74343 -0.611764
950 -1.19153 0.454899 -2.10113 -1.16063
451 -0.596565 1.0128 -1.9838 -0.849561
691 -0.986932 0.475259 -1.96821 -0.490428
33 -1.04029 0.348266 -1.90056 -1.22749
353 -1.06783 0.500388 -1.93732 -0.161803
631 -0.656265 0.885616 -2.1991 -1.15268
903 -1.20973 0.324784 -1.68056 -0.729334
73 -1.64237 -0.0219819 -1.3742 -0.812261
356 -1.29826 0.464695 -1.99765 -0.257838
815 -0.940671 0.165091 -1.97202 -0.727603
640 -1.28069 0.120173 -2.18072 -0.762491
913 -1.36755 0.17742 -2.03014 -0.862071
865 -1.31481 0.239232 -2.0381 -0.770439
300 -1.55684 1.26446 -1.35158 -0.705391
979 -1.47877 0.857047 -1.41073 -0.659283
672 -1.30031 0.834772 -1.67646 -0.50815
887 -1.63246 1.40487 -1.4132 -0.642615
528 -1.56191 0.931685 -1.4442 -0.544343
605 -1.29739 0.942005 -1.59327 -0.752316
326 -1.79255 0.768582 -1.39427 -0.693231
569 -1.60311 0.934372 -1.33361 -0.291933
351 -1.17694 0.269651 -2.12747 0.0388662
998 -1.41864 0.504828 -2.23479 -0.0920567
733 -0.809294 0.598207 -1.86781 -0.970412
391 -1.44605 0.0570447 -1.35557 -0.909742
113 -1.61398 0.107434 -1.83714 -0.130565
61 -1.37432 0.345188 -1.86368 -0.194752
37 -1.83254 0.110543 -1.47593 -1.03605
650 -1.4977 0.669268 -1.48136 -0.500575
965 -1.35175 0.504312 -1.73418 -0.215479
983 -1.25965 0.390769 -1.91566 -0.359278
238 -1.20604 0.162074 -1.86186 -0.609566
72 -1.58278 0.205082 -1.46652 -0.819752
119 -1.39834 0.570051 -1.7255 -0.00363459
994 -1.45084 0.396142 -1.95498 -0.435512
946 -1.51145 0.65785 -1.76541 -0.674048
428 -1.57024 1.14935 -1.41481 -0.654524
632 -0.73995 0.906822 -2.01461 -0.92908
463 -1.80915 0.00266287 -1.6152 -0.838458
736 -0.955344 0.550602 -1.81851 -0.800913
648 -0.829338 0.815252 -1.90826 -0.904393
443 -0.76729 0.935498 -2.14352 -0.964433
460 -0.819576 0.724771 -1.90039 -0.983657
992 -1.4145 0.83061 -1.76456 -0.806641
459 -0.730774 0.915173 -1.90873 -0.887144
549 -1.10134 0.305231 -1.79818 -0.87583
602 -1.10652 0.819517 -1.88757 -1.01762
259 -1.41167 0.655432 -1.77248 -0.103687
70 -1.72046 -0.0650537 -1.4518 -0.768946
718 -0.982021 0.503963 -1.82612 -1.03764
692 -1.2587 0.350088 -2.09912 -0.162657
475 -1.67006 1.11289 -1.33477 -0.449846
120 -0.780264 0.677071 -1.74641 -0.739304
201 -1.05993 0.264797 -1.84897 -0.117213
71 -1.62992 0.327313 -1.57803 -0.431648
981 -1.30947 0.838344 -1.69346 -0.28826
406 -1.33832 1.01561 -1.84862 0.201095
558 -1.69426 1.07072 -1.23753 -0.643449
267 -1.33956 0.740085 -1.47383 0.0375156
959 -1.18892 0.772522 -1.85456 -0.949851
668 -1.34692 1.09951 -1.70552 -0.96379
737 -1.06064 0.602556 -1.68565 -1.04753
615 -1.02637 0.641951 -1.72104 -0.923904
643 -0.888625 0.267141 -2.19294 -1.02473
989 -1.6333 0.48033 -1.95368 -0.231998
833 -0.911787 0.574402 -1.83347 -0.920988
895 -1.48381 0.520226 -1.83255 -0.220281
159 -1.36214 0.954298 -1.50737 0.0189399
630 -0.798353 0.544667 -1.96444 -1.0302
684 -1.41545 0.230341 -2.27408 -0.0943173
717 -0.920498 0.38317 -1.93937 -0.884433
927 -1.39333 1.09454 -1.26288 -0.665394
122 -0.714507 0.747018 -2.00853 -0.65051
407 -1.22539 0.727575 -1.68896 -0.0860528
599 -1.09962 0.874982 -1.87866 -0.0596922
