1000 8
6 -0.43357 -0.483138 -0.213714 1.71336 -1.96923 -0.394566 0.764614 0.16125
380 -0.495939 -0.295028 -0.158923 1.57544 -1.68112 -0.41216 0.398365 0.15729
41 -0.361039 -0.312408 -0.153342 1.42549 -1.3968 -0.102577 0.212789 0.0430872
0 -0.619057 -0.620955 -0.180347 1.75324 -2.08399 -0.601706 0.711909 0.0320305
37 -0.372205 -0.379333 -0.150493 1.42113 -1.44429 -0.333879 0.287261 0.134237
292 -0.701214 -0.312259 -0.0664218 1.71423 -1.43522 -0.243194 -0.49459 0.114816
868 -0.466776 -0.318018 -0.133801 1.58867 -1.5743 0.0157579 -0.184309 0.0735487
306 -0.684585 -0.11293 -0.121625 1.51243 -1.52897 -0.277489 -0.406939 0.2748
15 -0.137582 -0.919395 0.0453778 1.71106 -1.83883 0.0907645 0.198945 -0.539247
95 -0.0855737 -0.445721 0.392381 1.44153 -1.59691 0.704008 -0.539626 -0.129263
397 -0.153693 -0.210329 0.494573 1.48829 -1.54193 0.733249 -0.575283 -0.0538107
119 -0.215671 -0.262856 0.223 1.36323 -1.38962 0.552558 -0.32488 -0.0135685
79 -0.0141936 -0.445738 0.628929 1.79713 -1.96141 0.983874 -0.650329 -0.0107269
91 0.0328134 -0.470228 0.32427 1.50563 -1.70551 0.779281 -0.391016 0.0632723
780 -0.0508637 -0.402253 0.471318 1.40321 -1.77509 1.03008 -0.390737 0.000847106
836 -0.079667 -0.284632 0.249261 1.44457 -1.51412 0.747688 -0.186103 0.00354815
143 -0.826432 0.111808 0.401973 1.19359 -1.75005 0.604601 -0.303177 -0.0587616
816 -0.277796 -0.476213 -0.114357 1.4439 -1.51769 0.229763 0.15912 -0.0373286
479 -0.317224 -0.0688677 -0.0766557 1.15056 -1.69707 0.0594348 0.176857 0.406562
218 -0.277667 -0.600509 -0.054083 1.56745 -1.66257 0.0478258 0.217265 -0.225768
207 -0.224268 -0.861035 0.093245 1.56475 -1.88324 0.184559 0.398865 -0.633477
237 -0.252665 -0.346972 -0.200563 1.54814 -1.41888 0.172672 0.11879 -0.0347948
170 -0.0511488 -0.873257 -0.268961 1.62927 -1.8314 0.339211 0.365713 -0.652758
636 -0.109748 -0.903226 -0.0167645 1.71548 -1.68192 0.41699 0.151949 -0.565286
210 -0.411923 -0.825779 -0.247114 1.79372 -1.61095 0.225003 0.0893248 -0.544227
445 -0.281691 0.0943418 -0.0770674 1.67139 -1.24748 0.109227 0.306753 0.249863
435 -0.27073 0.337394 -0.269637 2.24062 -1.04977 0.406321 0.523518 0.550468
651 -0.358768 -0.584085 -0.917956 2.07669 -1.20589 0.753633 -0.0415481 -0.133736
709 -0.425041 -0.689538 -1.07201 2.17636 -1.16384 0.74881 -0.125948 -0.179835
736 -0.397487 -0.505315 -0.742757 1.7229 -1.19172 0.616046 -0.0302582 -0.126589
637 -0.341608 -0.548165 -1.00241 2.02364 -1.25181 0.732388 0.0623636 -0.163323
723 -0.358132 -0.334579 -0.549905 1.49823 -1.11848 0.480641 -0.130875 -0.0683544
863 -0.370709 -0.179107 -0.34913 1.26622 -1.75269 0.560886 0.0545052 0.204263
929 -0.326239 -0.220463 -0.227111 1.29012 -1.54836 0.418019 0.0935331 0.160397
173 -0.293006 -0.150095 -0.396549 1.13412 -2.02151 0.970405 0.092714 0.161782
796 -0.0385007 -0.524699 0.334912 1.38732 -1.45458 0.854266 -0.307825 -0.0823673
924 -0.125546 -0.397726 0.236871 1.51653 -1.68158 0.744225 -0.265162 0.00929688
834 -0.127734 -0.190909 0.111066 1.36857 -1.69906 0.727844 -0.377216 0.0808918
975 -0.078648 -0.320099 0.214441 1.62059 -1.57041 0.722339 -0.251117 0.0991012
893 -0.242943 -0.282661 0.0747908 1.48305 -1.60416 0.620672 -0.244043 0.117702
438 -0.239711 -0.136824 -0.650086 1.23383 -2.00805 0.752662 0.23745 0.437331
957 -0.279326 -0.0777889 -0.248819 1.16353 -1.55509 0.601696 0.00831785 0.266425
180 -0.221906 -0.0576844 -0.401029 1.49535 -1.64184 0.657963 0.190339 0.313615
596 -0.249774 0.0036667 -0.191611 1.63637 -1.19334 0.199164 0.383753 0.350314
98 -0.0345887 -0.4401 0.30135 1.47422 -1.52551 0.777192 -0.416953 -0.0603064
545 0.0181614 -0.444381 0.25561 1.53212 -1.63079 0.794771 -0.314874 -0.0930053
842 -0.128122 -0.303795 0.21165 1.48832 -1.54125 0.60478 -0.225722 -0.0337
281 -0.0983128 -0.150989 0.254617 1.29367 -1.81408 0.499327 -0.560003 0.178683
965 -0.286763 -0.265069 0.135089 1.34592 -1.61703 0.49094 -0.214625 0.0240281
790 -0.033103 -0.413137 0.428811 1.46615 -1.65349 0.897509 -0.515917 -0.112035
122 -0.262588 -0.100571 0.00761298 1.46363 -1.2915 0.262922 0.11499 0.200958
362 -0.41828 0.303956 -0.110957 2.00208 -1.25565 0.263469 0.213943 0.44654
434 -0.290745 0.311034 -0.467843 2.31037 -1.15624 0.37228 0.630675 0.533997
540 -0.0973363 0.0955651 0.175325 1.94863 -1.15591 -0.0834326 0.193585 0.29266
964 -0.267073 -0.3757 -0.00664896 1.49656 -1.60777 0.420589 -0.0312736 -0.136359
215 -0.320655 -0.636523 -0.0119901 1.55781 -1.49069 0.199775 0.215683 -0.474148
642 -0.340001 -0.364964 -0.0724781 1.5205 -1.52563 0.198761 0.149482 -0.18759
216 -0.244253 -0.630678 -0.02622 1.56672 -1.66578 0.231109 0.277744 -0.336187
244 -0.36734 -0.0767669 -0.0358498 1.58249 -1.30833 0.151033 0.0600871 0.0818252
761 -0.470647 -0.0259517 -0.0673553 1.60109 -1.22246 0.126774 -0.00615239 0.113332
604 -0.297114 0.0688427 -0.0925921 1.4114 -1.2418 0.200976 0.0812133 0.284275
314 -0.283205 0.297395 -0.0366967 1.19898 -2.43688 0.182101 0.0649937 0.893812
559 -0.232317 0.13362 0.107583 1.31915 -1.32698 0.0376706 0.0685271 0.435084
39 -0.267195 -0.432716 -0.349867 1.40945 -1.34582 -0.151715 0.337209 0.0241398
3 -0.420276 -0.689709 -0.121764 1.85031 -1.95324 -0.667664 0.64843 -0.0488741
464 -0.421973 -0.209798 -0.196592 1.5188 -1.51945 -0.0847459 0.244257 0.000595223
447 -0.423307 -0.104754 -0.27312 1.78068 -1.49359 0.220772 0.235339 0.190547
607 -0.249082 -0.14633 -0.0549416 1.54182 -1.26858 0.283483 0.188229 0.0768361
600 -0.259838 -0.0123725 0.0224559 1.62745 -1.31049 0.293351 0.190287 0.208894
856 0.104743 -0.400442 0.443999 1.64909 -1.68774 0.959487 -0.452658 -0.0663139
412 0.0243663 -0.481598 0.189366 1.43941 -1.45439 0.942134 -0.453755 -0.150093
662 -0.0930119 0.19212 0.435543 2.73168 -1.31547 -0.079167 -0.117195 0.59962
517 -0.0666018 0.132106 0.389137 2.39981 -1.14329 0.0284915 0.08285 0.593007
955 -0.303395 -0.0725307 0.183963 1.76207 -1.29262 0.0024359 0.0138088 0.249192
403 -0.730733 0.162843 0.125003 1.22882 -1.47934 0.372295 -0.245987 -0.0599485
537 -1.10363 0.252125 0.23112 1.39262 -1.74984 0.486313 -0.268765 -0.0822401
375 -0.838573 0.191596 0.256909 1.3191 -1.46797 0.395377 -0.387418 -0.0138796
128 -1.30552 0.400274 0.636351 1.71632 -1.81516 0.416633 -0.402562 -0.174309
374 -0.630043 0.00786557 0.163081 1.31955 -1.53953 0.31527 -0.326563 0.0454931
566 -0.79957 0.035282 0.198967 1.46992 -1.56981 0.263538 -0.41617 -0.00166608
132 -1.12637 0.296486 0.548627 1.57204 -1.96891 0.571892 -0.496446 -0.104016
974 -0.253338 -0.360746 0.0471675 1.72827 -1.43593 0.258997 0.0501489 -0.137454
222 -0.471893 0.128086 -0.132646 1.16859 -1.95158 0.0778469 0.241277 0.503035
558 -0.41947 0.0835939 0.0412412 1.12351 -1.76456 -0.0039668 -0.0480954 0.370469
745 -0.459553 0.0888245 -0.0457384 1.04968 -1.83534 0.0915371 0.0918867 0.600503
890 -0.513944 0.0194996 -0.165287 1.17457 -1.79631 0.022475 0.0837698 0.356587
536 -0.458903 0.257752 -0.220522 1.21499 -2.25734 -0.0269234 0.0255349 0.721357
858 -0.259408 -0.0626361 -0.0577284 1.29524 -1.83798 0.332351 0.1086 0.450018
610 -0.531266 0.0964613 -0.0187543 1.36507 -1.99984 0.269177 0.064591 0.443425
794 -0.288983 -0.00349931 -0.0183958 1.14348 -1.72422 0.346241 -0.0230403 0.395829
616 -0.368836 0.0550787 -0.157393 1.20999 -1.81488 0.127803 0.189767 0.385369
19 -0.245746 -0.107195 -0.616285 1.28999 -2.07947 0.773856 0.29525 0.338042
843 -0.246814 -0.146834 0.00845725 1.45655 -1.60369 0.595054 -0.239039 0.0122446
562 -0.246863 -0.195624 0.325847 1.41086 -1.53823 0.69922 -0.413545 0.000394846
8 -0.58385 0.31401 -0.117294 1.18342 -2.39122 -0.054904 0.135279 0.890336
323 -0.271274 0.203024 -0.13111 0.99074 -2.02103 0.142451 0.233431 0.63604
311 -0.542517 0.340576 -0.107428 1.11844 -2.61803 0.191056 0.184764 0.930565
310 -0.386928 0.257037 -0.17247 1.39414 -2.46673 0.141802 0.479764 0.921846
275 -0.534889 0.227779 -0.115048 1.20618 -2.22905 -0.0652251 0.265677 0.806947
179 -0.277336 0.107492 -0.279666 1.50686 -1.32952 0.244342 0.363998 0.428323
591 -0.205693 0.155539 -0.210347 1.95806 -1.19234 0.25847 0.545532 0.404943
444 -0.341514 0.106529 -0.0973258 1.80611 -1.08207 0.00870763 0.115533 0.283885
20 -0.408685 -0.412402 -0.218736 1.75242 -1.70863 -0.630233 0.542224 -0.0367971
24 -0.455942 -0.365953 -0.186331 1.66573 -1.72537 -0.686822 0.698581 0.110217
22 -0.52234 -0.526923 -0.193139 1.69556 -1.53707 -0.505828 0.358901 -0.0420899
53 -0.572626 -0.229493 -0.179414 1.58603 -1.62165 -0.424155 0.549186 -0.00531425
23 -0.456066 -0.423973 -0.353573 1.79804 -1.67182 -0.46791 0.596442 0.00418908
1 -0.382102 -0.508444 -0.282856 2.02515 -1.78411 -0.624298 0.669323 -0.057377
60 -0.37995 -0.338883 -0.0733652 1.54122 -1.44033 -0.410904 0.424882 0.121787
531 -0.213068 -0.103907 0.115542 1.79809 -1.07342 -0.0352888 0.057045 0.309611
703 -0.501274 -0.068864 -0.200806 1.27042 -1.64931 0.525614 -0.0670987 0.192188
188 -0.486522 -0.0214351 -0.248603 1.36341 -1.94266 0.525257 0.121758 0.127066
689 -0.334811 -0.217289 -0.398264 1.18534 -1.60276 0.518006 0.158836 0.0454314
547 -0.317741 -0.548352 -0.754545 1.65472 -1.20218 0.630279 -0.0334899 -0.118744
905 -0.319819 -0.496244 -0.809182 1.85408 -1.2675 0.574391 -0.0261742 -0.101091
731 -0.321007 -0.571698 -0.78137 1.8304 -1.17887 0.726668 -0.00840607 -0.174057
516 -0.329439 -0.644579 -0.873911 2.08015 -1.20062 0.748432 -0.0383263 -0.0495393
50 -0.192303 0.125413 0.467699 2.60225 -1.22031 -0.0998876 -0.0910377 0.621836
130 -1.21165 0.374959 0.459288 1.67529 -1.8061 0.350876 -0.327208 -0.0226275
373 -0.664201 -0.0126726 0.152593 1.24674 -1.42109 0.291954 -0.202424 0.0354097
433 -0.418393 0.251666 -0.128377 2.2037 -1.27314 0.136219 0.547079 0.50266
603 -0.420767 -0.123507 -0.148396 1.74922 -1.4452 0.184528 0.170029 0.245132
602 -0.296054 -0.0923923 -0.0953441 1.62192 -1.4222 0.151307 0.266601 0.209939
621 -0.360862 -0.296632 -0.108939 1.62779 -1.52945 0.0202505 0.259753 0.142615
925 -0.256631 -0.0896138 -0.187956 1.60719 -1.40711 0.203615 0.269147 0.115768
594 -0.378994 0.10902 -0.16854 1.82855 -1.33018 0.17969 0.346288 0.278372
980 -0.512092 0.00832226 0.108226 1.41616 -1.49015 0.392609 -0.181356 0.0116668
155 -0.524997 -0.0629572 0.147521 1.29704 -1.59292 0.345179 -0.257916 -0.0194309
251 -0.943418 0.255336 0.292656 1.28368 -1.70252 0.371143 -0.31003 -0.0353148
361 -0.978767 0.216808 0.328586 1.4139 -1.78265 0.273196 -0.297735 0.0948511
133 -1.268 0.276334 0.176443 1.45768 -1.93159 0.607161 -0.355796 -0.035162
10 -0.405922 -0.416655 -0.154468 1.59859 -1.70733 -0.309117 0.463678 -0.0670744
178 -0.241525 -0.181615 -0.667 1.22708 -1.93598 0.806075 0.16602 0.192919
795 -0.206662 -0.218193 -0.196006 1.16043 -1.41589 0.563581 0.0153648 0.1328
172 -0.256396 -0.098062 -0.549569 1.16427 -2.06709 0.936138 0.121486 0.323729
909 -0.287024 -0.265499 -0.49261 1.27 -1.92237 0.817118 0.167658 0.191898
176 -0.274436 -0.0888822 -0.48345 1.08754 -1.8851 1.06546 0.1101 0.234474
488 -0.736155 0.0926678 0.135346 1.25679 -1.64003 0.6802 -0.401401 -0.0347647
272 -0.934936 -0.441045 -0.223967 2.32114 -1.63952 -0.545766 -0.900812 0.0361703
506 -0.569512 -0.219264 -0.199996 1.59176 -1.37092 -0.00860937 -0.240256 -0.0769931
503 -0.623167 -0.234831 -0.132057 1.82093 -1.30877 -0.207919 -0.451256 0.0238382
414 -0.748125 -0.260451 -0.0693881 1.85154 -1.4191 -0.242801 -0.639688 -0.0312981
973 -0.362438 -0.131135 0.0821042 1.82364 -1.39526 -0.0097164 -0.154422 0.236289
535 -0.291763 -0.0458301 0.0978305 1.74613 -1.28942 -0.0709581 -0.0557612 0.315911
840 -0.220134 -0.012453 0.0512514 1.75895 -1.37784 0.203789 0.0110693 0.288817
755 -0.278715 -0.0375735 0.174081 1.93001 -1.18864 0.058409 0.0141475 0.367612
754 -0.249697 -0.026629 0.277356 2.04822 -1.31771 -0.0259296 -0.0509484 0.309924
347 -0.461206 -0.141327 -0.359451 1.20166 -1.58684 0.619687 -0.0976211 0.0256517
351 -0.26036 -0.117522 -0.498942 1.32244 -1.84168 0.646133 0.161964 0.0979617
7 -0.397592 -0.0859908 -0.838256 1.2764 -2.30707 0.870008 0.455542 0.20412
684 -0.378786 -0.195795 -0.407127 1.3992 -1.82746 0.514882 0.234989 0.150857
698 -0.30932 -0.08778 -0.462815 1.32505 -1.74131 0.588219 0.131216 0.240964
941 -0.37525 -0.20079 -0.356878 1.44048 -1.54779 0.442057 0.0360882 0.0367246
221 -0.303445 -0.595396 -0.166726 1.75485 -1.64551 0.192679 0.00697117 -0.221427
799 -0.110767 -0.583032 0.0222086 1.59404 -1.42716 0.241297 0.0497142 -0.306625
641 -0.0917404 -0.618659 -0.0864022 1.58824 -1.38394 0.204116 0.109244 -0.258251
208 -0.144155 -0.892306 0.0166167 1.65206 -1.80271 0.185209 0.141462 -0.661424
454 -0.285651 0.0281924 -0.206566 1.5959 -1.11122 0.110864 0.222198 0.291881
628 -0.227267 -0.0656059 -0.481822 1.98002 -1.15501 0.336406 0.35301 0.266863
730 -0.381295 -0.553213 -0.946412 1.8526 -1.05618 0.685598 -0.0225492 -0.107936
716 -0.234138 -0.537156 -0.766308 1.78421 -1.2028 0.528198 0.0143693 -0.215354
708 -0.354141 -0.687032 -1.01591 2.11618 -1.22468 0.828824 -0.135621 -0.239984
946 -0.335145 -0.143677 -0.290179 1.28469 -1.48184 0.292781 -0.0378954 0.206763
935 -0.381123 0.00281166 -0.136717 1.22965 -1.65192 0.144732 0.121346 0.294513
468 -0.363637 0.087203 -0.203852 1.21129 -2.13245 0.159778 0.351051 0.645164
75 -0.541541 0.0158252 0.0258384 1.18765 -1.38364 0.192161 -0.0693523 0.123643
81 -0.969699 0.30055 0.48346 1.58853 -1.7932 0.577862 -0.393708 -0.0674222
157 -0.704016 0.0437242 0.189029 1.32252 -1.60229 0.290199 -0.215014 -0.134702
127 -1.42858 0.349905 0.47458 1.60042 -2.12476 0.383853 -0.191616 -0.0387651
160 -0.709485 0.181155 0.261411 1.31933 -1.44733 0.330926 -0.326675 0.111608
255 -0.577122 -0.129006 -0.113275 1.43085 -1.34105 -0.125758 -0.257794 0.066822
18 -0.712058 -0.338833 -0.103893 1.67723 -1.69412 -0.504411 0.426135 -0.0524923
712 -0.198512 -0.473065 -0.802384 1.7975 -1.22968 0.633332 0.0865564 -0.145931
828 -0.473876 -0.457209 -0.627245 1.58802 -1.25831 0.471561 -0.0978277 -0.157921
446 -0.258839 -0.312985 -0.0508442 1.58334 -1.55063 0.206741 0.148542 -0.128215
994 -0.410013 -0.281261 0.0817075 1.6122 -1.50237 0.302848 -0.152568 -0.0257983
930 -0.135887 -0.296022 0.268131 1.51825 -1.63465 0.716857 -0.421883 -0.067496
112 -0.0520707 -0.459257 0.0958445 1.39091 -1.34632 0.809008 -0.463955 -0.15567
618 -0.333897 -0.0708725 -0.0410142 1.3786 -1.7741 0.0512975 0.254847 0.21078
595 -0.361753 -0.0562629 -0.28779 1.58137 -1.43158 0.0716224 0.449314 0.282229
254 -0.485249 0.017128 -0.109582 1.68458 -1.39089 0.187655 0.276567 0.160766
995 -0.389512 -0.0135071 0.0275765 1.8811 -1.55242 0.207872 -0.0171635 0.297309
527 -0.345594 -0.196522 0.0367782 1.81982 -1.43792 0.162768 0.0298472 0.197285
672 -0.342475 -0.0307147 0.193793 1.51078 -1.19025 0.213917 -0.117195 0.119009
669 -0.0850602 0.00840187 0.316369 1.91903 -1.05705 0.0590328 -0.0961606 0.358324
101 -0.0633485 -0.423861 0.151224 1.54921 -1.50547 0.580427 -0.249212 -0.0250225
103 -0.161936 0.110404 0.0103587 1.28818 -1.78864 0.200904 0.142448 0.452873
477 -0.292362 0.142284 0.0399563 1.06381 -1.83017 0.127547 0.0827874 0.533557
309 -0.400283 0.245689 0.099865 1.2838 -2.67105 -0.00184557 0.0534505 0.903779
476 -0.38769 0.158476 0.00702152 1.09081 -1.86211 0.101881 0.1174 0.56929
918 -0.280493 0.051651 0.0180391 1.36385 -1.43043 0.0481599 -0.00933867 0.357404
869 -0.231877 0.0501104 -0.0351892 1.07678 -1.66691 0.188058 0.0260209 0.421619
467 -0.249396 0.231371 0.100609 1.26265 -2.25214 0.2536 0.220263 0.853377
487 -0.427649 0.13053 -0.0665201 1.11388 -1.77929 0.177935 0.151216 0.4515
473 -0.423176 0.101896 -0.047027 1.36777 -1.9004 0.0782324 0.0339366 0.457887
315 -0.548898 0.247683 -0.0827333 1.26704 -2.41673 0.108637 0.352667 0.80383
308 -0.447131 0.136045 -0.104951 1.23822 -2.68528 -0.210613 0.339643 0.798879
247 -0.640897 0.331174 -0.169282 1.11986 -2.45904 0.184264 0.152783 0.781097
605 -0.34235 -0.0934694 0.0175439 1.6533 -1.30273 0.214813 0.0356527 0.237231
501 -0.3081 -0.150088 0.112418 1.72382 -1.16298 -0.00445071 -0.019287 0.222808
664 -0.172213 0.0967573 0.151527 2.01912 -1.27531 -0.0250723 0.117024 0.581083
369 -0.180635 0.227125 0.388463 1.80895 -1.15496 -0.0271686 0.0401782 0.544593
756 -0.20702 -0.041491 0.157232 1.83727 -1.35258 -0.08738 0.0147256 0.310931
489 -0.744363 0.274664 0.13028 1.2164 -1.6676 0.261123 -0.287744 0.204849
560 -0.921812 0.149823 0.297832 1.45258 -1.67263 0.384355 -0.457705 0.00496731
788 -0.133953 -0.265463 0.173443 1.44024 -1.42162 0.515101 -0.410253 -0.0104677
871 -0.125445 -0.285544 0.253992 1.50606 -1.57666 0.560013 -0.282812 0.0369876
146 -0.936005 0.0938779 0.288381 1.32241 -1.64957 0.290397 -0.439015 0.00192974
248 -1.34992 0.284134 0.381988 1.35505 -1.92327 0.301281 -0.511517 -0.0450182
125 -1.26124 0.390752 0.171301 1.40772 -1.98113 0.825397 -0.355468 -0.0472769
2 -0.695305 -0.617037 0.113121 1.86064 -1.77843 -0.605617 0.723423 0.0354523
770 -0.174767 -0.522461 -0.0764045 1.59575 -1.48964 0.185479 0.138023 -0.222768
912 -0.243812 -0.653673 -0.193695 1.53955 -1.68992 0.276396 0.238094 -0.269088
572 -0.639362 -0.165935 -0.136823 1.43105 -1.49429 -0.092184 -0.332025 0.0149909
952 -0.659015 -0.22887 -0.237827 1.60565 -1.39215 -0.126827 -0.432838 -0.0316263
286 -0.850932 -0.232803 -0.227371 1.64716 -1.50174 -0.484326 -0.664005 0.111281
283 -0.956679 -0.235802 -0.143136 1.92131 -1.45356 -0.38269 -0.854842 0.0731327
280 -0.931204 -0.451163 -0.210101 2.11941 -1.49013 -0.552414 -0.778952 -0.0366986
271 -0.932607 -0.335622 -0.386905 2.05388 -1.85422 -0.683146 -1.01532 0.278043
934 -0.485016 0.0976827 -0.153603 1.14381 -2.04096 0.181121 0.224511 0.579792
327 -0.413906 0.113924 -0.0280268 1.22373 -2.10543 0.149332 0.112435 0.500428
336 -0.440902 -0.0661237 -0.0620903 1.45855 -2.01124 0.196051 0.0087295 0.38509
321 -0.477101 0.131859 -0.0131652 1.21567 -2.36003 0.207996 0.228995 0.667301
472 -0.302409 0.183231 -0.118214 1.0694 -2.06987 0.104944 0.169227 0.723017
320 -0.480697 0.172294 -0.14069 0.996263 -1.98274 -0.0768566 0.32003 0.642549
131 -0.489751 0.384278 0.0447495 1.47634 -2.56981 -0.071926 0.170933 0.952871
366 -0.967449 0.15543 0.288523 1.38971 -1.73957 0.51344 -0.393617 -0.142824
638 -0.387271 -0.61102 0.157994 1.52189 -1.53898 0.202115 0.131241 -0.446258
30 -0.416318 -0.455757 -0.117022 1.49793 -1.46922 -0.421922 0.470836 0.0174503
26 -0.611488 -0.397589 -0.177933 1.79245 -1.48571 -0.529659 0.277941 0.157004
933 -0.260007 -0.429929 0.00411254 1.5576 -1.47313 0.316929 -0.0959302 -0.0689435
313 -0.462418 0.280166 -0.160425 1.23225 -2.35171 0.175804 0.347297 0.747624
212 -0.548979 0.0547471 0.244021 1.15737 -2.2355 0.351071 0.143931 0.389754
738 -0.386568 -0.23313 -0.362772 1.25199 -1.41932 0.374907 0.156307 0.140022
100 -0.368836 -0.36277 0.156788 1.44919 -1.567 0.658725 -0.332087 -0.0292713
223 -0.162202 -0.682127 0.039419 1.36573 -1.49005 0.40978 -0.0165304 -0.286635
25 -0.421412 -0.580919 -0.0640731 1.53857 -1.60529 -0.21481 0.245966 -0.026741
86 0.121668 -0.536758 0.597913 1.57155 -1.95875 0.852394 -0.531856 0.0101689
751 -0.607959 0.0142638 0.136187 1.32035 -1.5436 0.355688 -0.256746 0.0659036
107 -0.196101 -0.356977 0.173234 1.42319 -1.49781 0.530681 -0.339414 -0.0218722
422 -0.529713 -0.238264 -0.0836183 1.43245 -1.55021 0.0336419 -0.397821 0.12463
282 -0.77324 -0.353296 -0.244419 1.85495 -1.49809 -0.402674 -0.651715 0.139237
225 -0.176669 -0.667853 0.0105954 1.50216 -1.56347 0.176088 0.109567 -0.324271
463 -0.277781 -0.304685 -0.173574 1.39087 -1.31784 -0.117587 0.19479 0.0697391
4 -0.609643 -0.257967 -0.0828612 1.84795 -1.83086 -0.646611 0.729507 0.151122
384 -0.462803 -0.304606 -0.178533 1.45927 -1.63439 -0.407241 0.507403 0.284729
395 -0.553243 -0.312542 0.0238855 1.56387 -1.69638 0.28693 -0.122855 -0.204445
947 -0.782017 0.148708 0.142044 1.19363 -1.59189 0.264581 -0.178042 0.091728
567 -0.760512 0.0869266 0.208932 1.30922 -1.59659 0.382605 -0.359482 -0.00601118
425 -0.636183 -0.221093 -0.133374 1.57209 -1.26551 -0.0701674 -0.369668 -0.0437829
951 -0.537724 -0.345508 -0.316371 1.60724 -1.1994 -0.013398 -0.277617 -0.0268094
518 -0.302728 -0.597539 -0.999716 2.0649 -1.15527 0.790567 -0.0901114 -0.163314
394 -0.558229 -0.428031 -0.925678 2.01907 -1.24914 0.813495 -0.105416 -0.299037
390 -0.422604 -0.305309 -0.189613 1.46726 -1.33974 -0.378685 0.391492 0.14583
51 -0.568887 -0.376069 -0.258224 1.81964 -1.64236 -0.446481 0.67822 0.0623495
76 -0.335781 -0.207209 -0.147963 1.3277 -1.41531 -0.112468 0.19224 0.0750042
640 -0.267741 -0.513586 -0.0962215 1.63886 -1.60557 0.234606 0.0551499 -0.138339
88 -0.110508 -0.944565 -0.125461 1.70821 -1.67019 0.410596 0.153224 -0.599288
766 -0.201472 -0.748503 -0.0137886 1.43946 -1.39436 0.190185 0.0604347 -0.394924
815 -0.169581 -0.563936 0.0565931 1.46668 -1.40021 0.313076 -0.0746629 -0.230234
647 -0.294893 -0.495034 0.0464673 1.49547 -1.35996 0.164771 0.105312 -0.396195
635 -0.214013 -0.692768 0.189531 1.67901 -1.59499 0.298369 0.172661 -0.550042
885 -0.170964 -0.207795 0.131908 1.60194 -1.08626 0.0861405 0.0902368 0.240479
670 -0.246066 0.0909122 0.315143 2.11513 -1.11387 0.0349575 -0.0146097 0.435681
294 -0.649012 -0.106335 -0.101262 1.46733 -1.31234 -0.180644 -0.419634 0.118133
613 -0.509289 0.0329918 0.00488577 1.35511 -1.87022 0.231176 0.054823 0.450699
650 -0.377596 0.00196702 -0.104035 1.19326 -1.90292 0.129411 0.0786988 0.322443
742 -0.529323 0.0413246 -0.063416 1.21091 -1.80529 0.138231 -0.0300448 0.316621
273 -0.897747 -0.424119 -0.04579 2.06493 -1.83382 -0.562494 -0.956551 -0.0740563
304 -0.612957 -0.250871 -0.218914 1.48463 -1.32328 -0.183072 -0.427936 0.0171676
504 -0.575658 -0.241713 -0.120831 1.56395 -1.36088 -0.156728 -0.395773 -0.0357647
410 -0.860161 -0.509891 -0.0454036 1.9966 -1.77669 -0.549027 -1.02493 0.0344574
420 -0.29331 -0.391674 0.153116 1.65688 -1.54737 0.377134 -0.407835 -0.0400481
590 -0.10323 -0.339152 0.220655 1.5558 -1.52683 0.632773 -0.322602 -0.00937902
135 -1.23854 0.325874 0.436289 1.46998 -1.95872 0.628584 -0.496296 -0.084627
55 -0.722348 -0.201834 0.097523 1.4909 -1.58809 -0.372831 0.265583 -0.0673224
386 -0.50046 -0.320247 -0.275637 1.5892 -1.34212 -0.337123 0.25241 0.0418839
525 -0.29576 -0.113651 0.242002 1.78087 -1.22846 -0.0194706 -0.0368101 0.390838
520 -0.279499 0.137953 0.32376 2.0069 -1.27672 0.019706 -0.00820879 0.40695
993 -0.219724 -0.0358899 0.242194 2.06958 -1.28282 0.0211355 0.0280878 0.363639
377 -0.405534 -0.0221849 0.217392 1.54638 -1.22538 0.11704 -0.0493584 0.228503
785 -0.110984 0.0352653 0.163723 1.83384 -1.11848 0.0560468 -0.110948 0.268544
514 -0.11469 0.280536 0.552817 2.34228 -1.51517 -0.156667 0.0991541 0.918891
551 -0.469469 0.40243 0.0357653 1.27248 -2.2856 0.0667326 0.0116865 0.840019
753 -0.237556 0.104038 0.278635 2.17247 -1.19786 -0.0809513 0.0467129 0.524022
220 -0.198781 -0.148722 0.283811 2.13975 -1.23207 -0.223423 0.129976 0.247885
274 -0.222931 0.0193886 0.331106 2.51031 -1.27689 -0.36664 -0.166784 0.622488
483 -0.38227 0.0939249 0.0887172 1.02568 -1.56974 0.173078 0.0756641 0.380316
326 -0.361716 0.117077 -0.0584236 1.19274 -1.88 0.120383 0.118235 0.422284
569 -0.515226 0.0946228 0.0160937 1.11812 -1.75024 0.15772 0.127383 0.347108
156 -0.463593 0.331091 0.117778 1.17417 -1.8147 0.095642 0.0863683 0.629697
134 -0.409782 0.37438 -0.0695065 2.13221 -1.16813 0.209024 0.62851 0.432082
673 -0.14896 -0.264987 0.205913 1.85657 -1.42906 0.570158 -0.26467 0.0932495
82 -1.23785 0.424694 0.336844 1.47542 -2.21454 0.422632 -0.493871 -0.0284455
406 -0.971552 0.249076 0.217919 1.2283 -1.63905 0.384698 -0.360303 0.0826298
743 -0.670333 0.0740579 0.121439 1.27948 -1.63326 0.189471 -0.288639 -0.0141247
129 -1.16357 0.28721 0.502169 1.59761 -1.87928 0.770355 -0.562851 -0.184676
186 -0.343275 -0.165232 -0.424166 1.3072 -1.77864 0.485159 0.139201 0.140903
197 -0.303119 -0.0897732 -0.408743 1.18455 -1.70867 0.586683 0.109308 0.151712
876 -0.339262 -0.0998745 -0.330339 1.3054 -1.73267 0.516214 -0.00898158 0.11492
495 -0.546941 -0.0179347 -0.0093671 1.43712 -1.45522 0.317575 -0.15295 0.118014
371 -0.649599 0.15889 0.229715 1.40934 -1.56779 0.391663 -0.27313 0.0968491
259 -0.730888 0.0673742 0.242272 1.37987 -1.49373 0.346224 -0.271827 0.0198362
493 -0.677764 0.0560023 0.162459 1.42857 -1.47065 0.250845 -0.196698 0.0585877
437 -0.165914 0.152653 0.45629 2.31664 -1.10643 0.0240227 -0.0285067 0.473545
916 -0.323611 -0.0951205 -0.00253048 1.73208 -1.38946 0.150707 0.226049 0.249254
252 -0.884382 0.0286272 0.319721 1.39461 -1.72684 0.510107 -0.407855 -0.0510006
269 -0.517677 0.0342737 0.151797 1.11702 -1.41307 0.501667 -0.268089 0.0044076
849 -0.548277 -0.0135505 -0.0917222 1.1512 -2.00123 0.154674 0.25111 0.528826
124 -0.251506 -0.276364 0.169019 1.49196 -1.54585 0.59079 -0.19104 0.0791811
592 -0.226533 0.0872918 -0.104293 1.93939 -1.38339 0.22768 0.39639 0.347141
967 -0.297869 -0.119996 -0.103034 1.72713 -1.33726 0.138814 0.0927696 0.187873
601 -0.439029 -0.0299717 -0.16616 1.49127 -1.29617 0.10649 0.106677 0.218482
243 -0.327218 0.000845132 -0.141259 1.48936 -1.40239 0.091472 0.272991 0.257507
409 -0.422325 0.0429068 0.296209 1.58339 -1.25289 0.0791074 -0.198379 0.172875
665 -0.101221 0.128678 0.335101 2.08371 -1.29444 0.0381775 -0.0629026 0.400674
381 -0.169196 0.0176945 0.284506 2.10657 -1.1309 -0.284661 0.0407247 0.544583
522 -0.126674 0.106441 0.341212 2.12092 -1.16527 -0.0236015 0.0316347 0.546589
530 -0.157328 -0.065207 0.109749 1.78377 -1.12654 0.0899969 -0.0735435 0.379417
906 -0.238876 -0.432659 -0.661475 1.73511 -1.16584 0.617887 -0.0285928 -0.125692
54 -0.386308 -0.598581 -0.991804 2.00601 -1.27113 0.486533 0.128745 -0.175581
721 -0.351051 -0.432859 -0.639865 1.54166 -1.13996 0.635039 -0.0494374 -0.0781443
622 -0.340417 -0.20975 -0.271209 1.58429 -1.45686 -0.13147 0.362427 0.12741
620 -0.367463 -0.313589 -0.302151 1.46221 -1.27621 0.0783556 0.256032 0.0994334
442 -0.296238 0.0833691 -0.0566007 1.70977 -1.29749 0.297854 0.221842 0.375777
841 -0.227304 -0.259626 0.127362 1.65362 -1.657 0.601657 -0.316203 0.0453082
835 -0.0803463 -0.374563 0.0723179 1.44667 -1.43918 0.697632 -0.277893 0.0312654
92 0.0162194 -0.481813 0.436731 1.51602 -1.65764 0.831837 -0.387347 -0.0262192
401 -0.0918969 -0.183563 0.409747 1.35786 -1.60168 0.879499 -0.477635 -0.0571292
561 -0.980312 0.0715353 0.164244 1.44159 -1.75817 0.294149 -0.536929 -0.101533
139 -0.986736 0.209787 0.229193 1.26113 -1.95846 0.332859 -0.112339 0.194074
399 -0.827806 0.249149 0.112769 1.19836 -1.61541 0.409181 -0.192195 0.0932305
11 -0.51106 0.41238 -0.0358776 1.31297 -2.53704 -0.0681851 0.24144 0.880033
389 -0.354311 -0.0913735 -0.0861651 1.19971 -1.55343 0.034472 0.249158 0.272209
899 -0.392387 -0.0228416 -0.0162967 1.258 -1.75616 0.294629 0.0200557 0.374302
976 -0.411546 -0.0821467 -0.266779 1.38502 -1.86704 0.26964 0.061113 0.285388
449 -0.277917 0.0568062 -0.0502865 1.68392 -1.27012 0.0161321 0.321398 0.310596
492 -0.343854 -0.0189259 0.183136 1.78124 -1.36099 0.176 -0.0444669 0.250093
837 -0.195729 0.00435801 0.278589 2.17197 -1.20139 0.0454736 -0.144613 0.45352
658 -0.542949 -0.0753393 0.106016 1.55511 -1.50936 0.308213 -0.058379 0.0829587
563 -0.909446 0.228073 0.179796 1.32557 -1.69587 0.290242 -0.392646 0.0231242
367 -0.815836 0.0703405 0.265586 1.27023 -1.55592 0.329687 -0.250048 -0.0164754
706 -0.493252 -0.631084 -1.38189 2.43627 -1.38199 0.825323 -0.00102095 0.0403397
630 -0.462279 -0.37874 -0.850474 1.92588 -1.14758 0.721114 0.107654 -0.0970254
335 -0.391437 -0.10294 -0.213156 1.2385 -1.77397 0.406244 0.0565712 0.324749
681 -0.376426 -0.204425 -0.750154 1.33327 -2.26984 1.00526 0.320961 0.264399
875 -0.330018 -0.141739 -0.369443 1.25657 -1.71697 0.667443 0.182648 0.206481
779 -0.32527 0.0342544 -0.132294 1.24006 -1.74957 0.302382 0.106081 0.296228
859 -0.35398 -0.0338501 -0.40859 1.20586 -2.01743 0.823503 0.0819591 0.251303
626 -0.328894 0.164532 -0.263872 1.80938 -1.36316 0.284555 0.456436 0.40977
907 -0.437195 -0.326779 -0.685367 1.63642 -1.28802 0.523159 -0.0301981 -0.0624188
33 -0.28514 -0.440167 -0.597083 1.69225 -1.38181 0.455496 0.131912 -0.119006
710 -0.24114 -0.470721 -0.823248 1.81778 -1.38545 0.771361 -0.114337 -0.078273
830 -0.288867 -0.41967 -0.757842 1.56286 -1.2384 0.754787 -0.0856788 -0.0678364
683 -0.271665 -0.32374 -0.817114 1.49127 -1.96345 0.993044 0.104689 0.141387
874 -0.425626 -0.166751 -0.323407 1.27696 -1.77728 0.517696 0.0641762 0.214461
295 -0.356313 -0.164466 -0.333236 1.22099 -1.54859 0.462063 -0.0226029 0.17443
166 -0.626259 -0.0119361 0.114649 1.3202 -1.49691 0.465594 -0.171272 0.105657
63 -0.804236 0.146869 0.176313 1.23473 -1.45888 0.292098 -0.211827 -0.0328872
661 -0.554895 -0.0441265 0.0633241 1.27324 -1.39796 0.340589 -0.163682 -0.0257101
398 -0.635467 -0.0238756 0.123657 1.45891 -1.6071 0.636915 -0.482217 -0.0638979
772 -0.205259 -0.222739 0.346491 1.43184 -1.45849 0.593921 -0.28268 0.0305233
217 -0.0193201 -0.439639 0.068918 1.5795 -1.63052 0.853141 -0.288366 -0.0935045
744 -0.656511 0.0214576 0.135706 1.23437 -1.4423 0.316956 -0.347918 0.0220592
141 -0.925548 0.17684 0.118187 1.47196 -1.52258 0.520404 -0.286757 -0.00881425
138 -1.11513 0.274985 0.307155 1.32236 -1.61579 0.39536 -0.337098 -0.0425647
660 -0.421434 0.148406 0.188507 1.4716 -1.24786 0.212603 -0.196469 0.190988
142 -1.03346 0.295464 0.322083 1.25428 -1.65347 0.436761 -0.343867 -0.053104
260 -0.787303 0.065812 0.121249 1.34454 -1.33808 0.22837 -0.289397 -0.0373384
291 -0.742966 -0.193152 -0.0268915 1.64577 -1.42772 -0.194259 -0.543797 0.0466798
284 -0.933592 -0.253193 -0.23861 1.84041 -1.47292 -0.452084 -0.767613 0.090547
411 -0.862922 -0.153586 -0.213735 1.72918 -1.65985 -0.412903 -0.658469 0.195626
293 -0.605598 -0.274698 -0.0864359 1.48667 -1.48889 -0.280941 -0.49735 0.0426304
413 -0.758717 -0.225017 -0.0663044 1.75636 -1.51743 -0.289601 -0.67717 -0.00899922
258 -0.826335 0.0677799 0.177667 1.14647 -1.49772 0.550555 -0.406858 0.0183242
749 -0.725548 0.105497 0.172458 1.35972 -1.5743 0.330446 -0.23371 0.0141902
773 -0.488458 0.0460894 0.0755442 1.43269 -1.44454 0.332392 -0.165881 0.0615195
679 -0.365628 -0.0158019 0.113996 1.75155 -1.35929 0.17117 -0.110354 0.303564
992 -0.275157 -0.103654 -0.169792 1.81606 -1.33951 0.187047 0.0329289 0.277013
264 -0.800946 0.0974166 0.172798 1.30358 -1.51849 0.316926 -0.294094 0.0591843
735 -0.262589 -0.522989 -0.61309 1.72434 -1.22545 0.498104 -0.0504445 -0.119679
729 -0.332714 -0.623332 -0.831307 1.8008 -1.24268 0.677901 0.038653 -0.215078
707 -0.444177 -0.709766 -1.15315 2.14764 -1.3432 0.833197 -0.0510814 -0.132009
727 -0.417541 -0.685984 -1.15448 2.24486 -1.40739 0.972747 -0.029938 -0.122228
519 0.0187692 -0.103247 0.32228 2.14037 -1.20154 0.0977709 -0.0233157 0.352985
111 -0.0649611 -0.202485 0.275225 1.68849 -1.23647 0.225672 -0.123678 0.205247
838 -0.208736 -0.13709 0.104708 1.77603 -1.38201 0.162175 -0.0619885 0.207605
77 -0.421931 -0.321254 -0.13035 1.47282 -1.32924 -0.0784322 0.205904 0.0744066
34 -0.491077 -0.305377 -0.204711 1.57306 -1.54292 -0.147954 0.332937 0.132438
385 -0.494988 -0.202281 -0.0932018 1.39539 -1.47885 -0.212645 0.384617 0.0458332
45 -0.38994 -0.188433 -0.241482 1.28321 -1.47289 -0.000674678 0.210046 0.225691
342 -0.432272 -0.242894 -0.593044 1.33274 -2.04398 0.608786 0.296034 0.176717
680 -0.340472 -0.120843 -0.685297 1.2317 -1.9967 0.719737 0.264487 0.368591
382 -0.576681 -0.244703 0.0304856 1.46384 -1.64231 -0.126931 0.273379 0.123829
277 -0.832549 -0.349246 -0.185801 1.95907 -1.50762 -0.384067 -0.836581 0.0190829
889 -0.469224 -0.152616 -0.0596101 1.41524 -1.30778 -0.0336664 -0.269656 0.0911195
285 -1.02828 -0.18758 -0.0987299 1.76173 -1.58628 -0.349859 -0.809909 -0.122803
417 -0.699865 -0.248421 0.00844239 1.61343 -1.43548 -0.0884366 -0.67942 -0.00978918
303 -0.669768 -0.221403 -0.186325 1.63192 -1.38457 -0.10316 -0.521945 -0.0448385
114 -0.182243 -0.302738 0.224882 1.3817 -1.53197 0.568562 -0.374351 0.0225597
633 -0.19801 0.117004 -0.0991548 1.75465 -1.27916 0.127074 0.347378 0.303969
629 -0.308294 -0.0866962 -0.118029 1.58716 -1.16399 0.0680261 0.40706 0.15875
440 -0.358203 0.147144 -0.250182 1.82052 -1.31085 0.144261 0.482396 0.497919
500 -0.665766 -0.214508 -0.155591 1.8764 -1.43466 -0.214277 -0.33085 0.034759
496 -0.702241 -0.324897 -0.204223 1.87411 -1.4089 -0.345744 -0.568511 -0.123136
219 -0.00249092 -0.688185 0.0821185 1.78798 -1.45064 0.131503 0.32753 -0.447122
813 -0.260555 -0.540424 -0.257427 1.58304 -1.27908 0.291598 -0.0417212 -0.17488
31 -0.43022 -0.413936 -0.434604 1.58448 -1.274 -0.106444 0.506388 0.00386047
491 -0.358356 0.0437579 -0.118296 1.38745 -1.24944 0.244901 0.0722239 0.213711
439 -0.35465 0.132691 -0.193827 1.79664 -1.20721 0.0881116 0.463715 0.372676
448 -0.283866 0.0072752 -0.135989 1.81208 -1.37956 0.186413 0.303145 0.2283
432 -0.25641 0.424732 -0.210794 2.16479 -1.32885 0.185429 0.621693 0.583682
329 -0.314062 0.187862 -0.156081 1.20184 -1.89219 0.188493 0.337762 0.625692
485 -0.419797 0.0897545 -0.0982968 1.08618 -1.83515 0.155662 0.173574 0.53078
376 -0.719151 0.144881 0.107928 1.16807 -1.47603 0.319163 -0.191504 0.0214744
740 -0.793827 0.111347 0.153097 1.29713 -1.70999 0.415066 -0.368544 0.0752586
699 -0.367982 -0.133593 -0.331538 1.21466 -1.57608 0.463201 0.0157885 0.128884
685 -0.255548 -0.126262 -0.323397 1.2577 -1.82464 0.72138 0.0552127 0.0858865
757 -0.218509 -0.0899953 0.0293584 1.80702 -1.10088 0.160506 -0.000427146 0.324587
427 -0.329341 -0.0475343 0.21285 1.79605 -1.27514 -0.16387 -0.134368 0.275193
702 -0.242644 -0.321243 -0.207848 1.24153 -1.49212 0.338085 0.0528344 -0.0415864
229 -0.181435 -0.558068 -0.0448006 1.38539 -1.52739 0.264236 0.0352535 -0.190191
242 -0.339288 -0.423692 -0.085652 1.43071 -1.47805 0.0684736 0.146308 -0.145437
915 -0.357557 -0.49908 -0.0831414 1.57908 -1.51918 -0.0113359 0.0227392 -0.123757
571 -0.889217 -0.328208 -0.0753581 1.76665 -1.44382 -0.217309 -0.656712 -0.122441
902 -0.281144 -0.531963 -0.125411 1.63766 -1.46166 0.150924 0.0917041 -0.166723
233 -0.311102 -0.442737 -0.0511538 1.47473 -1.39321 0.122755 0.143522 -0.313469
62 -0.361607 -0.305241 -0.269863 1.59772 -1.53477 -0.233589 0.428074 -0.0095079
14 -0.21396 -0.586233 -0.20145 1.5665 -1.7847 -0.301945 0.594831 0.00759983
168 -0.222097 -0.168764 -0.815361 1.30087 -2.42043 0.882039 0.447863 0.206529
360 -0.355136 -0.182869 -0.347939 1.31245 -1.69874 0.511265 0.179738 0.151525
200 -0.294842 -0.198249 -0.340706 1.15947 -1.56868 0.502957 0.0428014 0.198056
250 -0.917746 0.252868 0.150886 1.23561 -1.72475 0.335763 -0.236779 0.14672
144 -0.979653 0.228718 0.381052 1.37768 -1.76543 0.415126 -0.453327 0.0569146
117 -0.221295 -0.26154 0.180616 1.42451 -1.53992 0.748376 -0.417519 -0.07467
787 -0.210406 -0.345877 0.0108424 1.4713 -1.64433 0.821527 -0.258915 -0.056134
83 0.114431 -0.589128 0.165192 1.8524 -1.63994 0.941811 -0.606219 -0.134156
174 -0.40698 -0.508139 -1.16741 1.96074 -1.494 0.61827 0.15289 -0.124463
9 -0.41633 -0.534958 -0.397293 1.66365 -1.79842 -0.577942 0.713472 -0.0359895
16 -0.594674 -0.585166 -0.175138 1.75619 -1.73033 -0.585372 0.715933 0.000908561
5 -0.410722 -0.632855 -0.208656 1.8827 -1.64736 -0.4251 0.60349 -0.054082
383 -0.344976 -0.51264 -0.207195 1.64558 -1.46326 -0.307042 0.4577 -0.136444
278 -0.747032 -0.26789 -0.423849 1.77112 -1.48837 -0.393426 -0.663643 0.124591
922 -0.532077 -0.150623 -0.224235 1.66217 -1.33295 -0.0819803 -0.282351 0.110691
287 -0.826984 -0.250838 -0.182279 1.75845 -1.43278 -0.391935 -0.654723 -0.0624705
509 -0.637447 -0.21775 -0.174506 1.74074 -1.40639 -0.019355 -0.329537 0.0644918
348 -0.309861 -0.0979983 -0.602204 1.28423 -1.58999 0.6343 0.151152 0.160128
194 -0.371181 -0.186247 -0.54795 1.18219 -1.62861 0.612916 0.0493288 0.185811
826 -0.530808 -0.469095 -1.04091 2.04157 -1.34055 0.850013 -0.0212106 -0.239001
74 -0.347802 -0.396135 -0.190579 1.55864 -1.42785 -0.0425033 0.153949 -0.105267
149 -0.644871 0.0152026 0.0533053 1.3207 -1.51584 0.332759 -0.176484 0.0952257
962 -0.51085 0.0241363 0.105913 1.43603 -1.66619 0.536827 -0.217835 0.0881818
253 -0.951125 0.278659 0.282437 1.26619 -1.68538 0.480517 -0.368546 -0.0925888
966 -0.302509 -0.0578503 -0.20502 1.16447 -1.71536 0.345664 0.0578144 0.319012
824 -0.338986 0.139888 0.0241994 0.987968 -1.72449 0.19317 0.160233 0.647991
365 -1.08258 0.294477 0.325044 1.38422 -1.71737 0.366527 -0.34447 -0.0493119
165 -0.623205 0.0858799 0.146575 1.30587 -1.44741 0.356979 -0.204306 0.10582
911 -0.415706 -0.0441537 -0.147139 1.14293 -1.65085 0.209722 0.0534126 0.338977
110 -0.284728 -0.242704 0.130914 1.397 -1.37212 0.407698 -0.449936 0.000383387
948 -0.157605 -0.310917 -0.0318869 1.60012 -1.48508 0.744698 -0.27327 0.0840191
822 -0.108789 -0.166432 0.154018 1.26324 -1.64048 0.633634 -0.178135 0.191776
579 -0.0880556 -0.200912 0.58925 1.65136 -1.78724 0.89747 -0.485892 0.0300459
80 0.0531435 -0.582815 0.553841 1.77465 -1.98078 1.13428 -0.543737 -0.00190952
116 -0.135271 -0.318505 0.250163 1.24747 -1.53781 0.780582 -0.377095 -0.0960522
87 0.0855132 -0.410188 0.549382 1.67607 -1.86494 0.950779 -0.59008 0.00170158
783 -0.104252 -0.307849 0.13521 1.49547 -1.5516 0.813093 -0.327039 -0.0119513
897 -0.656742 -0.0989321 -0.138342 1.58326 -1.53357 -0.151022 -0.472416 0.195698
289 -0.717786 -0.243407 -0.128756 1.6815 -1.4717 -0.334609 -0.703836 0.037364
428 -0.585203 -0.169953 -0.11491 1.56262 -1.50068 0.0259892 -0.299645 0.132468
290 -0.749721 -0.377043 -0.138477 1.70274 -1.53522 -0.19426 -0.55584 -0.0534667
888 -0.721557 -0.134738 -0.0713706 1.60293 -1.49238 0.0487603 -0.450221 -0.0113014
429 -0.564518 -0.209621 -0.111298 1.63588 -1.53857 0.081431 -0.286304 0.0698356
854 -0.369232 -0.366541 -0.17044 1.51283 -1.55571 0.0423413 0.168795 0.0198715
211 -0.171823 -0.919767 -0.106372 1.6307 -1.59095 0.155025 0.310651 -0.543188
880 -0.235246 -0.487807 -0.797039 1.72821 -1.29525 0.554381 0.0146982 -0.148607
549 -0.229433 -0.591553 -0.624974 1.69688 -1.20937 0.330057 0.136962 -0.18075
104 -0.064276 -0.345629 0.171783 1.6996 -1.62332 0.753268 -0.336974 -0.0059335
996 -0.227709 -0.322958 0.138989 1.6219 -1.67676 0.567804 -0.346544 -0.052018
490 -0.833182 0.210427 0.146336 1.54891 -1.53863 0.329833 -0.362731 0.0300907
548 -0.361753 -0.275553 -0.142404 1.51817 -1.48346 -0.242217 0.38068 0.0247388
47 -0.255866 -0.313601 0.0114513 1.33529 -1.38982 0.0673865 0.0792815 0.0165789
541 -0.466576 -0.226389 -0.113102 1.53895 -1.57417 -0.133291 0.149176 0.0635874
32 -0.305904 -0.321255 -0.0942313 1.38535 -1.76642 -0.248494 0.501663 0.134214
624 -0.40865 -0.171679 -0.107052 1.40668 -1.50603 -0.113025 0.281144 0.00970357
808 -0.504184 -0.32716 -0.221351 1.61755 -1.67756 -0.189386 0.376888 0.0614677
12 -0.565425 -0.344758 -0.184727 1.71123 -1.76036 -0.532086 0.619304 0.102041
90 0.0724789 -0.584683 0.421063 1.57643 -1.89769 1.05724 -0.494816 -0.0640608
461 0.0230231 -0.580414 0.325446 1.43452 -1.56896 0.571103 -0.324977 -0.105708
765 -0.0946407 -0.397068 0.252813 1.38668 -1.60415 0.74092 -0.495641 0.0952271
29 -0.477269 -0.344102 -0.184759 1.45534 -1.54239 -0.286927 0.192485 0.130818
928 -0.369875 -0.1234 -0.299146 1.50576 -1.90886 0.417839 0.14873 0.212028
904 -0.297371 -0.600379 -0.990504 1.90766 -1.29304 0.588337 0.121117 -0.216178
241 -0.336384 -0.47608 -0.195664 1.42092 -1.35239 0.222335 0.138252 -0.196163
802 -0.346821 -0.419507 -0.0907689 1.63401 -1.67639 0.27736 0.0915656 -0.0927668
983 -0.390091 -0.28035 -0.179447 1.59769 -1.8036 0.341392 0.0474162 0.0154545
356 -0.337405 -0.252582 -0.370703 1.40459 -1.76665 0.406157 0.11284 -0.00714619
312 -0.444177 0.263777 -0.0406441 1.14951 -2.57199 0.201433 0.285 0.819199
263 -0.351526 -0.0479994 0.236408 1.78316 -1.07034 -0.0351633 -0.0812494 0.345841
235 -0.105592 -0.640096 -0.0461477 1.51108 -1.51479 0.361275 0.0594232 -0.267052
767 -0.135518 -0.391711 -0.0786228 1.48844 -1.35538 0.157646 0.0495437 -0.0122913
234 -0.235192 -0.47693 -0.122656 1.41895 -1.47529 0.125303 0.0980733 -0.156577
656 -0.739974 0.00754236 0.337261 1.44066 -1.77076 0.635819 -0.323682 0.0824806
407 -0.662863 -0.0631656 0.248401 1.39134 -1.52707 0.482049 -0.131841 -0.0475012
43 -0.115194 -0.366987 0.121354 1.32996 -1.36132 0.513039 -0.270953 -0.074693
507 -0.490849 -0.262467 -0.117138 1.57815 -1.24204 -0.115887 -0.328951 0.0111257
318 -0.652949 -0.200096 -0.120519 1.57918 -1.55515 -0.240351 -0.546449 0.086298
499 -0.540463 -0.269228 -0.0378666 1.56635 -1.31171 -0.0157926 -0.637486 0.0179478
511 -0.307581 -0.165108 0.140588 1.77098 -1.06885 -0.111937 -0.219164 0.242309
450 -0.307777 -0.0534694 -0.1779 1.74457 -1.32371 0.110706 0.223775 0.327905
872 -0.368576 0.0493264 -0.029159 1.24097 -1.81713 0.130167 0.0944246 0.496622
778 -0.307709 0.202164 -0.0895622 1.18498 -1.82201 0.0757648 0.205374 0.655097
35 -0.371957 -0.271418 -0.105565 1.35027 -1.42016 -0.0730723 0.201224 0.128603
40 -0.370423 -0.15665 -0.160098 1.27341 -1.33933 0.00675606 0.216445 0.0623792
726 -0.439534 0.0882644 -0.383801 1.09924 -2.35641 0.205953 0.187856 0.709017
471 -0.485493 0.0207407 -0.0830945 1.13714 -1.95044 0.0260593 0.234055 0.54167
171 -0.64399 0.168404 -0.122417 1.20065 -2.46672 0.282875 0.279259 0.694624
126 -0.397082 -0.112028 -0.818818 1.36754 -2.30566 1.34957 0.282909 0.165179
150 -0.838964 0.0863391 0.225714 1.20584 -1.48874 0.23357 -0.21983 0.00663014
106 -0.579902 -0.0308352 0.242729 1.37491 -1.46666 0.470546 -0.319066 -0.0582415
820 -0.445686 -0.0796548 0.0847151 1.39238 -1.34888 0.341579 -0.25935 0.0750274
249 -1.15383 0.300641 0.35343 1.36398 -2.01023 0.513775 -0.458819 0.0218839
378 -0.750315 0.0467714 0.140082 1.33325 -1.49225 0.251523 -0.216306 0.0549926
510 -0.552256 -0.307626 -0.00965307 1.54683 -1.15106 -0.102194 -0.509868 -0.0168376
990 -0.616749 -0.116813 -0.0601299 1.63648 -1.45894 0.0912388 -0.305438 0.000612257
577 -0.526644 -0.301446 -0.223709 1.67874 -1.3951 0.206676 -0.270715 -0.0660596
832 -0.383283 -0.526755 -0.583523 1.76364 -1.34346 0.58774 -0.072193 -0.0988514
713 -0.260496 -0.489101 -0.535843 1.81116 -1.40571 0.690879 -0.150902 -0.215928
13 -1.15739 0.200585 0.258314 1.45248 -1.77931 0.492286 -0.395647 -0.22301
364 -0.935248 0.139905 0.277316 1.40118 -1.61932 0.443546 -0.359343 -0.0221203
230 -0.325059 -0.472834 0.0162948 1.45661 -1.43149 0.16591 0.123147 -0.222128
781 -0.0404178 -0.537509 0.341922 1.70255 -1.69241 0.82985 -0.555768 -0.0853769
379 -0.244266 -0.252471 0.179259 1.22284 -1.36566 0.584021 -0.300623 -0.015561
578 0.150181 -0.334864 0.427633 1.62181 -1.87827 1.06472 -0.522695 0.0294225
694 -0.327267 -0.21083 -0.205148 1.32175 -1.57078 0.533189 -0.0257195 0.0902551
169 -0.31907 -0.41625 -0.785309 1.35447 -2.27939 1.04186 0.238233 0.106409
350 -0.380688 -0.227735 -0.424246 1.32001 -1.70747 0.327944 0.264806 0.084399
632 -0.374534 0.0186307 -0.0868614 1.5541 -1.44926 0.191015 0.190661 0.159903
453 -0.278034 -0.0331586 -0.0672613 1.5901 -1.27553 0.160412 0.146959 0.300768
627 -0.23959 0.0380336 -0.269764 1.81158 -1.3393 0.390693 0.330903 0.271146
800 -0.486321 -0.443533 -0.0513387 1.44522 -1.42469 0.254548 -0.0233345 -0.225905
209 -0.313041 -0.77996 -0.142478 1.58084 -1.76374 0.161881 0.0893025 -0.540581
239 -0.290084 -0.404209 -0.0240057 1.37754 -1.33947 0.252893 -0.00452724 -0.0255192
355 -0.298651 0.0986707 -0.166258 1.11924 -1.69768 0.203911 0.181738 0.470539
175 -0.178473 -0.21024 -0.541211 1.24763 -2.04454 0.930407 0.127234 0.201787
688 -0.361584 -0.277393 -0.324093 1.35505 -1.68475 0.46231 0.0258105 0.104704
860 -0.28536 -0.17987 -0.238998 1.27359 -1.76296 0.513664 0.0982411 0.148712
167 -0.477583 -0.346707 -0.517033 1.4899 -1.10612 0.634173 -0.103633 -0.148868
943 -0.418136 -0.339159 -0.588801 1.56972 -1.25795 0.385986 0.0888618 -0.0648861
56 -0.331759 -0.478869 -0.284801 1.70317 -1.56473 -0.391351 0.613391 -0.12469
542 -0.401717 -0.218442 -0.0143219 1.49314 -1.28619 -0.338375 0.33893 0.136813
136 -0.0158845 -0.46227 0.450862 1.76539 -1.87491 1.19832 -0.717873 -0.14055
586 -0.182363 -0.308319 0.252001 1.48596 -1.52946 0.709656 -0.423733 -0.0238686
105 -0.144219 -0.532896 0.319037 1.48806 -1.62952 0.722104 -0.331417 -0.0839224
299 -0.565962 -0.165756 -0.208673 1.50469 -1.33721 -0.109599 -0.448466 0.14645
66 -0.317406 -0.39346 -0.184187 1.57055 -1.55017 -0.292461 0.344171 -0.015084
469 -0.171588 -0.206721 0.367018 1.4232 -1.67665 0.815481 -0.348726 -0.0175728
879 -0.28132 -0.46105 0.0220992 1.65519 -1.55035 0.247909 0.076177 -0.161022
238 -0.291702 -0.411837 -0.10875 1.41732 -1.44158 0.194789 0.0867056 -0.118179
775 -0.430042 0.142341 -0.128675 1.09239 -1.84775 0.322006 0.157338 0.526877
475 -0.478571 0.168999 -0.086717 1.11653 -1.87287 0.18556 0.115526 0.57579
334 -0.394816 0.0506165 -0.0876724 1.07917 -1.7149 0.238534 0.151646 0.386801
322 -0.529078 0.176253 -0.150036 1.25347 -2.12693 0.193672 0.234258 0.62194
478 -0.407231 0.146026 -0.0873596 1.34405 -1.95528 0.192883 0.145634 0.528722
807 -0.344739 -0.160617 -0.10575 1.3318 -1.64145 0.594882 -0.104009 0.0550871
339 -0.263732 -0.349135 -0.802592 1.23216 -2.22192 0.715316 0.383949 0.0583452
861 -0.363524 -0.108718 -0.292117 1.26726 -1.56961 0.392086 0.103315 0.0689838
184 -0.364103 -0.191242 -0.436841 1.38324 -1.75429 0.401472 0.256456 0.219169
900 -0.337554 -0.50153 -0.099992 1.57744 -1.45276 0.267644 -0.0150517 -0.0843732
881 -0.339521 -0.462078 -0.12169 1.57058 -1.47389 0.268154 0.129602 -0.0818927
418 -0.713246 -0.35619 -0.100531 1.67891 -1.47467 -0.196795 -0.40189 -0.0429493
424 -0.469706 -0.228644 0.00055365 1.51119 -1.51349 0.0839351 -0.280654 0.0175164
416 -0.720807 -0.00345926 -0.00688138 1.41812 -1.6293 -0.131054 -0.425396 0.143935
462 -0.586615 -0.212178 -0.184741 1.59854 -1.52797 -0.122292 -0.226523 0.0749275
297 -0.563071 -0.128541 -0.18539 1.50457 -1.45134 -0.0354574 -0.243921 0.141377
452 -0.452596 -0.0713142 -0.104421 1.68825 -1.5443 0.166874 0.0144923 0.209095
441 -0.172433 0.134305 -0.0637247 1.8583 -1.16781 0.0946471 0.427056 0.32356
21 -0.510435 -0.401577 -0.287954 1.59176 -1.59173 -0.370132 0.499335 0.040301
89 0.0808973 -0.646911 0.452938 1.7073 -1.76532 0.894198 -0.412308 -0.196096
655 -0.36544 -0.120753 -0.134216 1.71675 -1.43871 0.232648 0.114215 0.255819
891 -0.264075 -0.0307515 -0.12343 1.58708 -1.47666 0.173615 0.169654 0.210466
574 -0.563007 -0.260817 -0.0582607 1.4362 -1.44281 -0.0920183 -0.474058 -0.0126555
512 -0.530087 -0.186274 -0.0557927 1.58777 -1.28409 -0.0469626 -0.396229 -0.0188609
68 -0.366572 -0.361894 -0.17526 1.58394 -1.5511 -0.153903 0.406782 -0.0112531
71 -0.511491 -0.178515 -0.0875129 1.49136 -1.50214 0.0242794 0.189953 0.0346693
598 -0.320856 0.0345072 -0.14514 1.65183 -1.36933 0.191643 0.156914 0.378335
653 -0.349381 3.03499e-06 -0.0640634 1.57288 -1.37237 0.249167 0.0770271 0.239769
555 -0.519196 0.182233 0.00106819 1.02844 -2.09529 0.190192 0.0894789 0.478632
455 -0.249518 0.144404 -0.0615003 1.54924 -1.40857 0.0651781 0.26846 0.362905
528 -0.315134 -0.0301867 -0.0866264 1.22789 -1.70861 0.1752 0.0861196 0.439969
923 -0.298641 -0.195966 -0.434571 1.3982 -1.83438 0.44365 0.147507 0.221496
182 -0.35889 -0.253063 -0.443374 1.33756 -1.86721 0.38026 0.131597 0.110291
305 -0.623978 -0.224952 -0.210572 1.57757 -1.49298 -0.194591 -0.437416 0.0934765
346 -0.329281 -0.150429 -0.431123 1.44729 -1.74189 0.483377 0.0667509 0.0896982
288 -0.611525 -0.211405 -0.0657258 1.91982 -1.27275 -0.262472 -0.738609 0.0835376
750 -0.517177 -0.153512 -0.434111 1.38081 -1.31552 0.527053 -0.177275 -0.0555347
728 -0.260231 -0.574608 -0.903415 1.99604 -1.09906 0.851433 -0.16841 -0.123041
914 -0.265722 -0.438533 -0.0347313 1.48048 -1.47513 0.0678282 0.152939 -0.0604575
747 -0.545777 -0.598311 0.0440685 1.43909 -1.77239 0.133285 0.161622 -0.317012
84 0.0759354 -0.778573 0.527785 1.75516 -1.96267 1.03439 -0.50124 -0.216373
61 -0.0876896 -0.444922 0.295858 1.4967 -1.54492 0.666781 -0.311799 -0.110022
593 -0.288395 0.0482774 -0.218064 1.61512 -1.25896 0.347866 0.212012 0.198736
609 -0.216173 0.139555 -0.254304 1.70167 -1.39623 0.20143 0.49729 0.489543
436 -0.446996 0.277502 -0.125153 2.05722 -1.28641 0.204964 0.473678 0.500537
552 -0.517342 0.283569 -0.0813589 1.13301 -2.19385 0.151039 0.343521 0.807768
850 -0.489698 0.0128652 -0.00315934 1.27932 -1.83038 0.15718 0.154813 0.377389
612 -0.560548 0.117123 0.0367096 1.21727 -1.86993 0.189448 0.0486996 0.414957
977 -0.398442 0.0512542 -0.113025 1.29794 -1.89798 0.17456 0.0461996 0.438518
317 -0.480144 0.275811 -0.141771 1.07149 -2.50215 0.081318 0.135221 0.817893
913 -0.272432 -0.593761 -0.142364 1.48818 -1.42883 0.0879644 0.198901 -0.160192
214 -0.257782 -0.742156 -0.156139 1.51114 -1.71303 0.314539 0.195952 -0.362277
202 -0.281903 -0.168452 -0.417328 1.3094 -1.58768 0.406196 0.153552 0.148192
158 -0.855552 0.00627988 -0.0360966 1.264 -1.36265 0.497477 -0.287745 -0.0389616
151 -0.903543 0.220207 0.250204 1.26699 -1.68835 0.291995 -0.488336 0.0303403
543 -0.522279 -0.112703 0.0288895 1.39806 -1.56677 0.0301745 0.0883931 0.165303
550 -0.491984 -0.155546 -0.108582 1.60835 -1.69099 -0.0627861 0.187514 0.201837
848 -0.427918 0.0631945 -0.0790381 1.25427 -1.90743 0.261671 0.153637 0.570552
486 -0.456159 0.0952474 -0.10786 1.24229 -1.82884 0.066676 0.0639875 0.502547
319 -0.479241 0.321464 0.0210961 1.08555 -2.24421 0.0266249 0.168411 0.748643
884 -0.491782 0.0762382 0.0877607 1.24055 -1.6928 0.180425 0.0667925 0.415012
987 -0.688723 0.0191401 0.256196 1.29697 -1.46521 0.463458 -0.388754 0.0101445
145 -0.941766 0.0591372 0.235819 1.349 -1.66018 0.503951 -0.361651 -0.0625088
804 -0.420034 -0.0449247 -0.159224 1.14597 -1.75642 0.0833712 0.0249806 0.365647
999 -0.340847 -0.0855093 -0.165526 1.34811 -1.85418 0.0686764 0.163841 0.345093
818 -0.403669 -0.0503459 -0.161116 1.2224 -1.79678 0.0869449 -0.0103278 0.33334
276 -0.749612 -0.251765 -0.134292 1.89269 -1.46859 -0.462678 -0.760118 0.0943162
515 -0.104833 0.120688 0.549626 2.51635 -1.35863 -0.158233 -0.0729258 0.769293
614 -0.388916 0.135473 0.0118984 1.19652 -1.69861 0.0531119 0.14635 0.554691
991 -0.566466 0.0667586 0.00603748 1.28716 -1.57866 0.270724 -0.103743 0.111372
181 -0.298062 -0.193725 -0.482654 1.35103 -1.94267 0.704513 0.136579 0.030173
270 -0.43027 -0.058672 -0.3157 1.26139 -1.60845 0.488552 -0.0275987 0.0366307
937 -0.323092 -0.403395 -0.372748 1.56438 -1.33123 0.509284 0.024846 -0.039622
108 -0.238926 -0.473262 -0.109612 1.60581 -1.48155 0.83178 -0.347258 -0.101941
717 -0.225587 -0.422697 -0.773223 1.72 -1.17325 0.615175 0.0168407 -0.082154
846 -0.318476 -0.444373 -0.710489 1.62858 -1.2666 0.526061 -0.0725148 -0.165514
657 -0.736456 -0.00614235 0.0329344 1.31998 -1.47298 0.481986 -0.241603 -0.0575262
265 -0.71118 -0.00937731 0.159393 1.28136 -1.48926 0.360693 -0.184453 -0.0202228
443 -0.305411 -0.0342937 -0.0716189 1.80981 -1.33272 0.160026 0.284549 0.192278
94 -0.0856884 -0.480569 0.335134 1.50556 -1.57109 0.767258 -0.556888 -0.149754
85 0.0109818 -0.282283 0.480791 1.56167 -1.8494 0.804798 -0.599999 0.0290914
17 -0.42976 -0.510455 -0.0773024 1.81487 -1.69394 -0.571334 0.629541 0.0683669
36 -0.403529 -0.234772 -0.172089 1.56322 -1.45052 -0.316149 0.427182 0.190437
557 -0.34363 -0.00638476 -0.0735309 1.04031 -1.64169 0.0735733 0.236177 0.349868
682 -0.327488 -0.196845 -0.422676 1.22338 -1.94968 0.796951 0.167092 0.121651
330 -0.331703 -0.105194 -0.398267 1.04398 -1.66201 0.30887 0.082708 0.404268
823 -0.434424 -0.0165818 -0.0472374 1.18489 -1.68741 0.157764 0.158236 0.332229
405 -0.474189 -0.0580213 -0.184731 1.33764 -1.65162 0.477633 -0.0821037 0.150987
697 -0.29452 -0.192868 -0.499578 1.27781 -1.79578 0.538437 0.243933 0.154073
426 -0.634869 -0.236287 -0.111703 1.68833 -1.38865 -0.231748 -0.523434 0.0114221
988 -0.459577 -0.075501 -0.362564 1.58307 -1.7684 0.184394 -0.0484505 0.298671
873 -0.329811 -0.054106 -0.1469 1.43715 -1.86348 0.294195 0.127971 0.345367
732 -0.315993 -0.516814 -0.657767 1.69358 -1.34233 0.323054 0.033675 -0.0794749
908 -0.379419 -0.411784 -0.647659 1.57436 -1.08163 0.58727 -0.119098 -0.0720974
526 -0.317765 0.133277 0.258049 1.7862 -1.11111 0.0392308 -0.090225 0.428497
523 -0.139736 -0.0118977 0.292977 1.98254 -1.24629 0.0227662 -0.0160623 0.364044
677 -0.184611 0.055314 0.257507 1.91215 -1.28441 0.0487079 -0.118165 0.407921
163 -0.70785 0.201678 0.220062 1.09048 -1.51202 0.555934 -0.30863 0.00537518
892 -0.33599 0.0931987 -0.0297066 1.44976 -1.1743 0.217091 0.0467632 0.196566
257 -0.697017 0.0251402 0.0285925 1.30535 -1.61238 0.391673 -0.246154 0.00257498
691 -0.496171 -0.350395 -0.65691 1.64393 -1.45193 0.50035 -0.0629663 -0.0492085
570 -0.54098 -0.0491191 0.0582496 1.39254 -1.54882 0.388545 -0.152261 0.059711
465 -0.524951 -0.0968738 0.000784195 1.48163 -1.59476 0.214156 -0.134081 0.125147
368 -0.669879 0.0292836 -0.065355 1.42358 -1.39163 0.58027 -0.35457 -0.128678
147 -0.967664 0.253452 0.132148 1.09429 -1.7303 0.379078 -0.226455 0.152458
137 -1.0104 0.206942 0.129311 1.42636 -1.694 0.321416 -0.261186 -0.0136963
231 -0.194985 -0.538696 -0.105477 1.47928 -1.45854 0.209165 0.22374 -0.24138
882 -0.444455 0.150418 0.0860457 1.17706 -1.70067 0.241183 0.0984037 0.517014
470 -0.493732 0.200311 -0.00682297 1.10913 -2.30882 0.217347 0.238331 0.750941
301 -0.708475 -0.20964 -0.0478968 1.66748 -1.45763 -0.123359 -0.543574 0.0126572
734 -0.334605 -0.444035 -0.637752 1.79213 -1.20204 0.542972 -0.0861951 -0.0659555
719 -0.313068 -0.445988 -0.520645 1.83887 -1.32299 0.511958 -0.0919806 -0.12512
705 -0.226086 -0.67559 -1.21081 2.56089 -1.48566 1.02719 -0.220409 -0.229134
597 -0.272785 0.0238085 -0.314796 1.72769 -1.25981 0.247785 0.223811 0.347443
648 -0.31885 -0.111729 -0.107566 1.57529 -1.18987 0.176966 0.222993 0.0977657
901 -0.244832 -0.415561 -0.283569 1.50099 -1.58294 0.353729 0.0362177 -0.0368189
246 -0.281465 -0.286688 -0.144161 1.50474 -1.48921 0.2655 0.139426 -0.0401863
608 -0.333295 0.0416361 -0.199472 1.49326 -1.23059 0.237774 0.234959 0.212553
59 -0.583651 -0.285493 -0.180652 1.55531 -1.60786 -0.350052 0.432326 0.0460232
256 -0.640214 0.0511145 0.141654 1.4422 -1.60439 0.256858 -0.229702 0.216557
64 -0.153568 -0.122442 0.109685 1.80317 -1.08605 -0.141137 0.182954 0.269589
78 -0.386063 -0.134639 -0.0311407 1.31176 -1.24576 -0.0873128 0.205836 0.156496
421 -0.704317 -0.235296 -0.0811821 1.63539 -1.48994 -0.170605 -0.515704 -0.0354488
978 -0.453488 -0.218499 -0.0164878 1.59962 -1.36941 0.0322638 -0.248506 0.11856
431 -0.489484 -0.215014 -0.133747 1.50003 -1.35711 -0.0229301 -0.269143 0.0374408
183 -0.416527 -0.1761 -0.629162 1.31535 -1.70347 0.688963 0.067626 0.240023
113 -0.184943 -0.354453 0.0971873 1.42307 -1.55162 0.485862 -0.091604 0.0222362
154 -0.174884 -0.342208 0.266027 1.41643 -1.61042 0.763616 -0.267517 0.0459483
587 -0.2254 -0.285408 0.241462 1.4036 -1.51676 0.675201 -0.390911 0.0309884
338 -0.369954 -0.0193343 -0.0999576 1.0473 -1.63687 0.17943 0.0447979 0.395452
617 -0.227786 -0.490084 -0.238524 1.56275 -1.50743 0.0411157 0.167077 -0.226379
546 -0.47705 -0.244149 -0.159686 1.53786 -1.47969 -0.227055 0.366102 0.173445
865 -0.359231 -0.529121 -0.0403662 1.51802 -1.60209 0.181227 0.184465 -0.244783
228 -0.323131 -0.544532 -0.140897 1.63672 -1.52053 0.258723 0.174208 -0.224815
695 -0.376866 -0.529078 -1.10871 2.00484 -1.33463 0.680389 0.118913 -0.20763
718 -0.249746 -0.517304 -0.658373 1.78128 -1.26628 0.571718 0.0204764 -0.100345
667 -0.260077 -0.40766 -0.848085 1.89187 -1.17058 0.589767 -0.0147609 0.00642618
847 -0.273454 -0.583832 -0.829472 1.74232 -1.18486 0.665973 -0.0748283 -0.0702143
936 -0.355584 -0.516704 -0.661516 1.63166 -1.23207 0.465422 -0.0828696 -0.185261
944 -0.373907 -0.427877 -0.694128 1.69189 -1.3145 0.483665 0.0422881 -0.0724561
803 -0.270701 -0.368048 -0.189016 1.49241 -1.48768 0.338555 0.0248582 -0.155642
811 -0.375641 -0.274355 -0.140165 1.37947 -1.42562 -0.0452777 0.30967 0.014246
748 -0.420199 -0.362917 -0.239982 1.47383 -1.39995 -0.0201063 0.248078 -0.0398173
466 -0.431504 -0.168876 -0.158187 1.32561 -1.35039 -0.131126 0.262555 -0.0130547
148 -0.771977 0.216409 0.383085 1.35073 -1.59701 0.476815 -0.290126 -0.062672
140 -0.990988 0.288622 0.29966 1.36528 -1.70831 0.397331 -0.356514 0.0767647
739 -0.787109 0.129904 0.152187 1.40411 -1.57716 0.332078 -0.266859 0.0308274
867 -0.315385 -0.419898 -0.0625207 1.45789 -1.41748 0.141795 0.130615 -0.226798
932 -0.348682 -0.413021 -0.00818836 1.49349 -1.36586 0.281932 0.0436739 -0.0820725
814 -0.347241 -0.497042 -0.103071 1.49781 -1.43382 0.248953 0.145356 -0.143933
232 -0.282214 -0.461802 -0.0717908 1.56928 -1.51546 0.000631685 0.25488 -0.281474
644 -0.21199 -0.387965 -0.0015536 1.56301 -1.39143 0.207619 -0.0273787 -0.150537
793 -0.12919 -0.448069 -0.0611302 1.41291 -1.32895 0.184247 0.150226 -0.159365
332 -0.311519 0.142756 -0.147478 1.01761 -1.73537 0.134321 0.168104 0.518253
831 -0.419662 -0.0383999 -0.30754 1.12401 -1.70043 0.32773 0.197577 0.328029
898 -0.478583 0.0371652 -0.0511673 1.14431 -1.89587 0.107456 0.139935 0.5583
711 -0.345048 -0.537869 -0.73065 1.88972 -1.12176 0.73176 -0.0057158 -0.209213
827 -0.358925 -0.412023 -0.753188 1.73353 -1.34613 0.559195 0.069881 -0.122897
768 -0.214548 -0.4554 -0.212454 1.41972 -1.47408 0.310814 0.0251818 -0.0719746
821 -0.30085 0.151545 -0.156465 1.02789 -1.97247 0.278748 0.239301 0.489079
267 -0.760926 0.0823401 0.136607 1.09526 -1.45064 0.320818 -0.272624 0.0433398
408 -0.88219 0.131129 0.295893 1.33598 -1.55915 0.423895 -0.317941 0.0594879
611 -0.443266 -0.0563903 -0.0519696 1.27019 -1.86477 0.0591089 0.190204 0.433755
615 -0.314332 -0.339634 -0.521737 1.48672 -1.32701 0.499749 -0.0577723 0.0306883
782 -0.098613 -0.370318 0.217398 1.40474 -1.57618 0.840982 -0.43574 -0.0234686
784 -0.238971 -0.412857 0.0942501 1.66827 -1.56025 0.60429 -0.472299 -0.0361003
725 -0.144169 -0.414215 -0.0817282 1.72176 -1.42697 0.619307 -0.267065 -0.0418083
878 -0.354396 -0.050114 -0.311899 1.23004 -1.5836 0.491868 -0.0124815 0.0854347
958 -0.207952 -0.399976 0.00507591 1.35819 -1.58949 0.738987 -0.159195 -0.0160161
93 -0.197743 -0.481164 0.44105 1.613 -1.75433 0.859674 -0.692259 -0.0784754
213 -0.259785 -0.784587 0.060103 1.65578 -1.72531 0.18679 0.269487 -0.431547
240 -0.288181 -0.457192 -0.39868 1.48897 -1.24606 0.224767 0.188407 -0.241985
646 -0.209943 -0.429535 -0.0396764 1.33747 -1.41648 0.246235 -0.0205074 -0.172168
70 -0.412342 -0.288982 -0.159022 1.27822 -1.46586 -0.199618 0.245244 0.0787351
44 -0.449264 -0.313797 -0.15427 1.34192 -1.31188 -0.237335 0.284292 0.0804369
372 -0.837251 0.00975754 0.205944 1.44973 -1.66119 0.414736 -0.243214 0.0191033
797 -0.171001 -0.371514 0.170461 1.32172 -1.36203 0.487772 -0.133742 -0.0538319
931 -0.276716 -0.229511 0.139855 1.44545 -1.46428 0.456672 -0.21622 0.128485
363 -0.880821 0.107051 0.341112 1.36956 -1.70277 0.602994 -0.461095 -0.0216961
189 -0.303688 -0.170594 -0.57051 1.22076 -1.80201 0.604788 0.122048 0.17294
634 -0.33981 -0.0121778 -0.259709 1.64627 -1.34273 0.0257353 0.299933 0.202964
451 -0.243315 0.150385 -0.12995 1.50008 -1.47333 0.245757 0.376497 0.343903
764 -0.330312 0.095045 -0.0802067 1.41296 -1.34584 0.243578 0.17724 0.245514
340 -0.390478 -0.105402 -0.782712 1.17905 -2.3828 0.791203 0.304041 0.438101
354 -0.187572 -0.221301 -0.416342 1.18692 -1.64908 0.478887 0.116475 0.21717
27 -0.4429 -0.215366 -0.182634 1.4351 -1.59757 -0.26935 0.420926 0.103535
986 -0.332303 -0.101171 -0.12763 1.83196 -1.46649 0.2139 0.150732 0.274408
533 -0.157168 0.0781373 0.332314 1.96875 -1.06697 0.00808854 -0.0456253 0.456078
671 -0.191577 -0.00943266 0.176128 2.02022 -1.24662 0.11351 0.00268134 0.374082
524 -0.316097 -0.198788 0.183373 1.80341 -1.33975 -0.0686786 -0.0193984 0.222162
896 -0.257908 0.058119 0.171547 1.82887 -1.3269 -0.017388 -0.0381721 0.448844
99 -0.356935 -0.272223 0.0332975 1.56219 -1.50328 0.469079 -0.432538 -0.0166795
809 -0.471836 -0.299376 -0.168053 1.36066 -1.35443 -0.230357 0.241862 -0.0114117
961 -0.383791 -0.24522 -0.371984 1.43638 -1.63389 0.434487 0.0569094 0.0962774
52 -0.415215 -0.511758 -0.202146 1.75709 -1.80293 -0.441572 0.712281 0.0298722
625 -0.315976 -0.419267 -0.127228 1.30429 -1.37609 -0.0954226 0.238967 0.0314647
393 -0.397739 -0.236778 -0.0609662 1.482 -1.35935 -0.0635976 0.20014 0.0583655
102 -0.106821 -0.352891 0.274829 1.41481 -1.44112 0.838741 -0.424792 -0.142659
741 -0.67549 -0.0335612 0.0664296 1.24205 -1.39077 0.313862 -0.14322 -0.00499027
190 -0.294827 -0.188039 -0.656195 1.14838 -1.86769 0.663184 0.23024 0.274044
553 -0.25669 0.113053 -0.0901899 1.07323 -1.75261 0.190067 0.0472217 0.514395
325 -0.446566 0.142429 -0.125853 1.02965 -1.82176 -0.060831 0.14245 0.481774
316 -0.472653 0.153092 -0.067777 1.04887 -2.24596 0.146105 0.345438 0.766493
192 -0.181494 -0.255119 0.0608562 1.51425 -1.74528 0.829287 -0.186275 -0.0081245
529 -0.186906 0.0195448 0.417158 1.94701 -1.18804 0.109115 -0.108137 0.360287
939 -0.346953 -0.363609 -0.0837796 1.51228 -1.3534 -0.060652 0.217839 -0.0498045
895 -0.256113 -0.306058 0.10506 1.40316 -1.49445 0.448838 -0.218864 -0.0226158
666 -0.0978696 0.0606982 0.232722 2.16188 -1.10962 0.000733593 -0.0573379 0.407766
701 -0.359055 -0.157226 -0.387013 1.20639 -1.62746 0.297423 0.112538 0.165834
675 -0.130423 0.125481 0.191965 1.747 -1.2598 0.0655339 -0.00245788 0.342224
123 -0.175223 -0.259613 0.198867 1.50074 -1.24773 0.435969 -0.276314 0.0588634
224 -0.422095 -0.51757 -0.202662 1.47939 -1.515 0.159193 -0.100922 -0.308962
584 -0.0844385 -0.560153 0.334847 1.5299 -1.65005 0.741406 -0.391394 -0.0643812
576 -0.261957 -0.333701 0.121761 1.49258 -1.48847 0.497395 -0.576219 -0.148169
73 -0.259224 -0.283901 -0.150491 1.3085 -1.44174 -0.29229 0.399602 0.121621
65 -0.321899 -0.28914 -0.120708 1.47886 -1.39402 -0.186575 0.295563 0.0735816
950 -0.303954 -0.486949 -0.68756 1.90984 -1.27354 0.540684 0.0495374 -0.0568097
714 -0.277878 -0.418093 -0.647619 1.82252 -1.2073 0.584361 -0.052866 -0.196856
203 -0.539034 0.0865047 -0.011953 1.27616 -1.72135 0.615841 -0.113193 0.116053
42 -0.36388 -0.316295 -0.22942 1.31184 -1.34229 -0.112628 0.255664 -0.0136234
430 -0.511788 -0.215136 -0.103332 1.49355 -1.29431 -0.0192701 -0.2781 0.0503972
498 -0.694191 -0.163507 -0.156809 1.71129 -1.40319 -0.135985 -0.462361 0.0149855
583 -0.155379 -0.391898 0.166762 1.41306 -1.48645 0.608285 -0.381376 -0.0489173
801 -0.308783 -0.393058 -0.0532192 1.42946 -1.35005 0.167714 -0.0364652 -0.0569458
649 -0.301945 -0.438123 -0.053095 1.54392 -1.54954 0.209748 0.084642 -0.164961
502 -0.487816 -0.215564 -0.181737 1.80962 -1.30373 -0.152511 -0.464941 0.022723
532 -0.21738 -0.018055 0.245464 1.92468 -1.20365 -0.0526821 -0.0392552 0.396509
581 -0.105633 -0.452487 0.312844 1.67461 -1.71603 0.848923 -0.433567 -0.0387062
588 -0.179658 -0.383766 0.0568345 1.42069 -1.49888 0.781049 -0.429399 -0.103362
96 -0.103286 -0.467208 0.21956 1.60279 -1.5678 0.838013 -0.504585 -0.121098
870 -0.124743 -0.290571 0.167651 1.46019 -1.52968 0.677021 -0.301241 -0.0529983
894 -0.208111 -0.380223 0.153688 1.41758 -1.43332 0.522457 -0.394957 -0.0509117
663 -0.137822 0.236737 0.585066 2.5384 -1.2728 -0.0176621 -0.104359 0.681663
279 -0.883358 -0.421235 -0.195683 1.8123 -1.59269 -0.382923 -0.856839 -0.197364
46 -0.313277 -0.266656 -0.0135568 1.46381 -1.52118 0.13506 0.102145 0.0837277
786 0.0467819 -0.369967 0.267797 1.44072 -1.44828 0.812799 -0.421088 0.00469182
686 -0.161562 -0.282866 0.0183841 1.47486 -1.55933 0.657519 -0.299579 0.0240919
855 -0.326946 -0.346821 -0.362095 1.43955 -1.27187 -0.0591888 0.401628 -0.103085
199 -0.304156 -0.117783 -0.278611 1.14257 -1.49056 0.438573 -0.00983161 0.239043
370 -0.866341 0.0891493 0.199579 1.34797 -1.49244 0.399775 -0.400791 0.0670701
919 -0.405463 -0.00695297 -0.160851 1.79504 -1.36315 0.0220328 0.398371 0.314958
722 -0.374108 -0.539575 -0.791688 1.71166 -1.09479 0.420047 -0.140083 -0.0751437
474 -0.455061 0.0580582 -0.0756786 1.29642 -1.92608 0.0930468 0.216032 0.517521
195 -0.308221 -0.292913 -0.564916 1.5039 -1.57937 0.678995 0.0346496 0.0225629
497 -0.78406 -0.178508 -0.212891 1.78384 -1.41809 -0.466928 -0.572387 -0.0223532
494 -0.553942 -0.151593 -0.0126346 1.52432 -1.37427 -0.00381591 -0.414427 0.0126999
236 -0.310965 -0.390193 -0.105898 1.32698 -1.46428 0.0571689 0.193425 -0.141121
262 -0.727761 0.0421106 0.180114 1.41142 -1.73302 0.327497 -0.133956 -0.0640039
639 -0.183005 -0.59012 -0.0394361 1.51071 -1.44077 0.177849 0.0792325 -0.35321
829 -0.252754 -0.270149 0.0167309 1.49378 -1.56746 0.612045 -0.315847 -0.0537158
825 -0.490738 -0.434842 -0.85705 2.019 -1.47522 0.595448 -0.147987 -0.245075
580 -0.121411 -0.299811 0.178562 1.4813 -1.6998 0.922783 -0.412199 -0.0717729
402 -0.871701 0.0879032 0.277521 1.34685 -1.55448 0.39166 -0.316423 0.0167429
791 -0.0899766 -0.359314 0.166809 1.42062 -1.57553 0.827662 -0.319019 -0.0475049
989 -0.243205 -0.324216 -0.00167142 1.51081 -1.45543 0.444493 -0.198283 -0.0236605
573 -0.538838 -0.257731 -0.0457168 1.56978 -1.51371 0.0573067 -0.535305 -0.00497894
575 -0.663689 -0.254377 -0.163371 1.65225 -1.47691 -0.0128568 -0.496624 -0.0289177
419 -0.629024 -0.323718 -0.206284 1.74963 -1.51156 -0.125403 -0.469468 0.0151091
659 -0.658845 0.042171 0.104684 1.38109 -1.54311 0.32361 -0.36434 0.0790745
97 -0.265986 -0.398961 0.274315 1.43109 -1.65831 0.801231 -0.514156 -0.162979
963 -0.160948 -0.0597895 0.180833 1.75894 -1.04189 0.121551 0.0259641 0.313168
589 -0.112142 -0.136064 0.193418 1.29704 -1.54125 0.527255 -0.252951 0.0273224
341 -0.163831 -0.134473 -0.496637 1.30085 -1.9672 0.639448 0.308627 0.376323
817 -0.407057 -0.0254834 -0.0265945 1.3349 -1.92393 0.090226 0.103381 0.396162
482 -0.373894 0.191094 0.0746053 1.08173 -1.87936 0.048955 0.190397 0.580892
480 -0.412165 0.188252 -0.0710083 1.06837 -1.72306 0.192512 0.0579392 0.422504
484 -0.405212 0.0792622 -0.0311271 1.02399 -1.71226 0.275444 0.144226 0.381399
391 -0.374204 -0.361516 -0.163204 1.48846 -1.34037 -0.218668 0.33393 0.0384811
776 -0.295782 0.104496 0.0482454 1.48105 -1.27078 0.109573 0.12404 0.412959
857 -0.0474135 -0.380885 0.265415 1.45877 -1.59889 0.712685 -0.42886 -0.00875993
886 -0.624176 -0.217729 -0.130114 1.72897 -1.42557 -0.124783 -0.489744 0.0168293
400 -0.225556 -0.299936 0.271749 1.49916 -1.51087 0.754568 -0.395248 -0.0881663
458 -0.296155 0.0615495 -0.137692 1.50425 -1.31206 0.253508 0.188143 0.318371
164 -0.585287 0.00373441 0.134578 1.21 -1.44223 0.355528 -0.311746 0.0627799
798 -0.254788 -0.585705 -0.21013 1.61485 -1.39001 0.333603 0.140257 -0.347562
982 -0.236343 -0.383505 -0.0632966 1.47406 -1.5459 0.313835 0.0664816 -0.195482
949 -0.146609 -0.510893 0.282961 1.51291 -1.56194 0.718911 -0.392651 0.0221546
152 -0.89084 0.199917 0.241663 1.19388 -1.53915 0.337665 -0.327069 -0.00167514
328 -0.388357 0.0562738 -0.193453 1.14298 -1.72151 0.151301 0.22624 0.472814
481 -0.391993 0.0965526 -0.174804 1.23015 -1.94571 0.365397 0.236372 0.452568
998 -0.47046 -0.100403 -0.371842 1.47239 -1.83502 0.619575 0.0557247 0.164046
789 -0.0902658 -0.448159 0.441568 1.71492 -1.74946 0.801278 -0.458906 -0.0430768
606 -0.303889 -0.0474362 -0.1393 1.30726 -1.26665 0.217701 0.103574 0.20344
459 -0.335625 0.0929229 -0.0949474 1.63312 -1.2917 0.0915029 0.23528 0.277615
191 -0.288132 -0.108018 -0.268261 1.1603 -1.76301 0.465013 0.107243 0.248732
704 -0.323741 -0.26605 -0.360218 1.35364 -1.59767 0.473329 0.108425 0.0981544
344 -0.26491 -0.255042 -0.362549 1.3332 -1.85996 0.595427 0.119488 0.210592
508 -0.462402 -0.14231 -0.10827 1.68041 -1.30897 0.0372528 -0.125585 0.156242
763 -0.410889 -0.0331495 -0.0598174 1.59927 -1.19631 0.084056 0.222911 0.234019
985 -0.340358 -0.463064 -0.753354 1.86058 -1.47634 0.522344 -0.122249 -0.0239085
956 -0.317861 -0.401403 -0.0594143 1.50888 -1.47464 0.229062 0.0407993 -0.17079
733 -0.438212 -0.435384 -0.887085 1.84054 -1.22066 0.74624 -0.145944 -0.203233
737 -0.217279 -0.399569 -0.4824 1.55955 -1.06345 0.355456 0.0057023 -0.0655119
942 -0.348529 -0.410384 -0.664843 1.60355 -1.33478 0.484096 -0.044074 0.0346739
810 -0.501351 -0.325109 0.0626483 1.45109 -1.37948 -0.0276285 0.228285 0.0791349
245 -0.359896 -0.414417 -0.0755216 1.514 -1.41344 0.228511 0.105953 -0.163312
953 -0.706758 -0.335133 -0.146128 1.70134 -1.45339 -0.257955 -0.46993 -0.0202067
69 -0.625891 -0.263224 -0.108678 1.56848 -1.26429 -0.352716 -0.328361 -0.0575467
513 -0.125089 0.0106692 0.249836 2.36335 -1.24201 0.021907 0.0543985 0.731908
676 -0.106189 0.00472103 0.139544 1.6231 -1.21289 0.241651 -0.0440938 0.199607
534 -0.262384 0.0883987 0.249353 1.65076 -1.27377 -0.00696256 0.0255138 0.515922
349 -0.310849 -0.148366 -0.383074 1.18319 -1.6708 0.309727 0.27223 0.157285
177 -0.254355 -0.0695036 -0.486816 1.28542 -1.95303 0.72273 0.137351 0.207467
972 -0.348662 -0.167706 -0.324039 1.31295 -1.68068 0.449685 0.0678793 0.155741
227 -0.262849 -0.524853 0.0452701 1.82473 -1.69875 0.206818 0.178244 -0.209777
205 -0.33845 -0.16955 -0.263056 1.19953 -1.45494 0.467969 0.00748838 0.13252
556 -0.3658 -0.0986928 -0.12149 1.2233 -1.57292 0.290454 0.0285879 0.29291
692 -0.358711 -0.140004 -0.369744 1.34049 -1.6746 0.546491 0.138718 0.199236
204 -0.260051 -0.258294 -0.355122 1.24925 -1.7178 0.56775 0.0807796 0.121151
296 -0.703164 -0.271846 -0.265071 1.66415 -1.36008 -0.177656 -0.600023 0.10121
864 -0.298013 -0.217468 -0.272085 1.19086 -1.52628 0.303884 0.0376439 0.200713
585 -0.304393 -0.255516 -0.109398 1.34542 -1.5595 0.621496 -0.124536 0.152167
333 -0.462178 0.0895842 -0.0194841 1.16132 -1.76049 0.250564 0.175944 0.448652
554 -0.222534 0.0448606 -0.124843 1.5857 -1.30631 0.17062 0.0865206 0.329873
359 -0.181264 -0.255717 -0.404018 1.33623 -1.7049 0.778919 0.0312534 0.022402
353 -0.288149 -0.0590747 -0.346229 1.10881 -1.54554 0.387213 0.0929599 0.203594
582 -0.135243 -0.488401 0.262583 1.41976 -1.58731 0.604915 -0.440469 -0.0606252
324 -0.497616 0.102252 -0.00116014 1.04677 -1.91115 0.141309 0.103735 0.352784
201 -0.196234 -0.256155 -0.373421 1.41814 -1.7095 0.427206 0.181918 0.0217131
352 -0.268921 -0.25 -0.433601 1.30394 -1.61018 0.551326 0.125566 0.0121554
806 -0.172654 -0.237659 0.116409 1.41291 -1.41498 0.510923 -0.270694 0.0922904
805 0.0766907 -0.400025 0.30594 1.47048 -1.55049 0.808457 -0.525041 -0.129992
565 -0.72711 0.101343 0.172392 1.23968 -1.64616 0.394765 -0.293322 0.137686
396 -0.898496 0.292885 0.213704 1.43886 -1.65685 0.286346 -0.257843 0.109124
844 -0.353733 -0.173714 0.133565 1.56265 -1.56082 0.332564 -0.392386 0.0268073
457 -0.0567197 -0.158439 0.261921 1.38157 -1.35657 0.546759 -0.206184 0.124094
839 -0.360483 -0.179258 0.151121 1.41737 -1.45552 0.485494 -0.148943 0.0724176
331 -0.481483 0.0451312 -0.151643 1.1094 -1.82277 0.214017 0.180273 0.442224
862 -0.321131 -0.153569 -0.384845 1.2272 -1.89574 0.620682 0.192972 0.29531
58 -0.370935 -0.324594 -0.317865 1.37975 -1.71161 -0.269569 0.604514 0.112041
387 -0.272554 -0.383575 -0.156679 1.43756 -1.40597 -0.159548 0.427734 -0.0261411
415 -0.69214 -0.386211 -0.246115 1.7409 -1.39606 -0.374174 -0.612492 0.069035
268 -0.760833 0.0420026 0.106441 1.26499 -1.38347 0.194215 -0.362854 0.0683127
970 -0.323577 -0.316855 -0.0400478 1.53167 -1.47778 0.219704 -0.0456529 -0.0619042
388 -0.482965 -0.376459 -0.0826862 1.38528 -1.46659 -0.116642 0.208068 -0.0114756
954 -0.411676 -0.313924 -0.186127 1.60091 -1.52661 -0.184353 0.294679 0.147985
690 -0.367318 -0.173657 -0.428844 1.22155 -1.63838 0.382764 0.122712 0.134427
700 -0.318417 -0.205067 -0.362451 1.22997 -1.66223 0.523917 0.139032 0.0495253
300 -0.630758 -0.296331 -0.2325 1.6833 -1.5154 -0.0777632 -0.461923 -0.00406907
67 -0.761157 0.00448925 0.0907863 1.2315 -1.40529 0.175605 -0.115362 0.0414016
28 -0.346115 -0.339605 -0.198854 1.54642 -1.48075 -0.459995 0.413489 0.0985142
49 -0.440581 -0.317465 -0.180617 1.48144 -1.28331 -0.392521 0.250641 -0.0207076
746 -0.325018 -0.0390639 -0.0943847 1.09519 -1.61861 0.0248465 0.233672 0.428134
777 -0.340703 0.0129086 -0.154859 1.22151 -1.70799 0.278127 0.0741113 0.403733
337 -0.365382 -0.100551 0.0407867 1.00367 -1.63527 0.177172 0.138547 0.22806
969 -0.270045 -0.396776 -0.171564 1.6005 -1.5616 0.2526 0.0617431 -0.155443
298 -0.566981 -0.28432 -0.304697 1.39211 -1.24001 0.0765565 -0.277785 -0.0929671
358 -0.273844 -0.0554287 -0.251888 1.29375 -1.57106 0.373001 0.129543 0.267705
752 -0.368953 -0.0692046 -0.117067 1.35492 -1.29435 0.252095 0.0276102 0.0818261
724 -0.339866 -0.37507 -0.396515 1.80038 -1.34771 0.326532 -0.15444 -0.0201084
652 -0.291118 -0.614924 -0.827718 1.76005 -1.19875 0.718754 -0.00858092 -0.169212
159 -0.773251 0.105275 0.197187 1.22709 -1.4665 0.388546 -0.230266 0.0763112
266 -0.856037 0.169528 0.100715 1.41249 -1.68327 0.31863 -0.342042 -0.0327301
599 -0.715865 0.077783 -0.0346092 1.25649 -1.59893 0.440935 -0.0886611 0.111938
792 -0.120571 -0.486301 0.299071 1.50884 -1.62388 0.761943 -0.389857 -0.0551472
185 -0.230426 -0.0342181 -0.358744 1.36995 -1.65253 0.672064 0.145129 0.0938114
845 -0.402192 -0.495629 -0.707623 1.78489 -1.33597 0.627312 -0.112038 -0.0721583
118 -0.0849811 -0.319818 0.330637 1.36118 -1.52053 0.906338 -0.561369 -0.0692186
927 -0.664747 -0.11497 -0.0352627 1.47507 -1.27154 -0.113779 -0.450935 -0.0949584
887 -0.736781 -0.2391 -0.0809631 1.64864 -1.4754 -0.113176 -0.601522 0.0337034
940 -0.411835 -0.330573 -0.0931933 1.41426 -1.44296 -0.0904155 0.334652 0.0962874
539 -0.548899 -0.24284 -0.137565 1.58555 -1.64413 -0.121461 0.407767 0.118401
959 -0.509195 -0.437607 -0.5341 1.87034 -1.48985 0.319127 -0.233228 -0.0901123
343 -0.306597 -0.0955629 -0.381471 1.22934 -1.77828 0.658787 0.185172 0.158433
226 -0.211137 -0.612735 -0.180112 1.56574 -1.59435 0.301256 0.20513 -0.299383
720 -0.227117 -0.226423 -0.336088 1.43521 -1.11796 0.305699 0.0317631 0.00881038
623 -0.324142 -0.285067 -0.21177 1.33501 -1.48114 -0.19398 0.338833 0.185841
696 -0.51267 0.201077 -0.0725847 1.14703 -1.98688 0.186614 0.176157 0.532336
564 -0.471284 0.0427132 -0.0359954 1.54723 -1.38571 0.146903 0.238462 0.286202
538 -0.569576 -0.261962 -0.197403 1.43016 -1.47632 -0.183799 0.387832 0.00581886
568 -0.512908 -0.0015722 0.164563 1.18177 -1.44246 0.348341 -0.186423 0.0170975
187 -0.3972 -0.147055 -0.538418 1.31318 -1.93428 0.572648 0.159917 0.22167
852 -0.249919 -0.222644 -0.2707 1.21908 -1.50358 0.389692 0.047502 0.122684
853 -0.284259 -0.143573 -0.295913 1.27094 -1.58698 0.408401 0.0224539 0.194261
921 -0.685851 -0.201433 -0.112129 1.66805 -1.54961 -0.164765 -0.532134 0.0332091
198 -0.357132 -0.0156759 -0.271186 1.15967 -1.72209 0.442203 0.143617 0.317672
758 -0.187342 0.0767886 0.181272 1.87165 -1.44295 -0.0494327 -0.0627094 0.481674
619 -0.310964 -0.161348 -0.21054 1.30488 -1.29855 -0.108766 0.227988 0.128423
505 -0.355062 -0.333491 -0.0810172 1.46781 -1.53782 0.203255 -0.0792998 -0.164139
161 -0.707977 0.108848 0.130706 1.19361 -1.4049 0.366118 -0.199593 0.0401656
771 -0.2654 -0.519153 -0.23919 1.42887 -1.27916 0.237119 0.0945299 -0.232466
769 -0.387131 -0.389128 0.0587345 1.32291 -1.42833 0.228507 -0.000759567 -0.226524
643 -0.310596 -0.583079 -0.729654 1.63937 -1.14572 0.596786 -0.021718 -0.17025
120 -0.26344 0.0205614 0.0159512 1.49345 -1.17142 0.224034 0.161785 0.310737
423 -0.743839 -0.203657 -0.121303 1.65553 -1.44129 -0.0938281 -0.403488 0.00161299
645 -0.36831 -0.262317 -0.171625 1.59024 -1.70181 0.219437 0.0863314 -0.00606358
971 -0.261367 -0.275181 -0.366098 1.31829 -1.60034 0.562834 0.0217731 0.147739
196 -0.307549 -0.212038 -0.407334 1.31055 -1.63939 0.596807 0.106369 0.0280148
357 -0.288088 -0.15086 -0.261902 1.15339 -1.63908 0.487101 0.093003 0.210896
760 -0.273878 0.0187263 0.206916 1.65839 -1.12776 -0.0459955 -0.0478535 0.31552
979 -0.615703 -0.224656 -0.0338857 1.48636 -1.44366 0.0187131 -0.170436 0.12248
38 -0.350925 -0.275196 -0.400329 1.50968 -1.3959 -0.0242849 0.342773 -0.0433204
153 -0.900374 0.297707 0.237728 1.1998 -1.61324 0.398786 -0.21447 0.0492128
910 -0.323239 -0.156888 -0.217565 1.40364 -1.69891 0.490284 0.0762329 0.20232
819 -0.227289 -0.140096 -0.0834942 1.26238 -1.6436 0.176586 0.0372644 0.13502
121 -0.189815 -0.401126 0.165201 1.34992 -1.35848 0.539754 -0.154109 -0.0777233
762 -0.379286 -0.290622 -0.0945663 1.48065 -1.41575 0.192318 0.0624781 0.00827022
877 -0.350614 -0.363405 -0.203194 1.43322 -1.41603 0.253938 0.0740507 -0.0329436
631 -0.309385 -0.0703772 -0.122328 1.42175 -1.30626 0.224909 0.0639836 0.2012
57 -0.408352 -0.379891 -0.178306 1.6312 -1.70322 -0.462151 0.535174 0.0943861
866 -0.300759 -0.367691 -0.28003 1.60743 -1.56588 0.158189 0.0348357 -0.0769638
460 -0.333979 0.0477112 -0.0401206 1.47129 -1.24889 0.232886 0.112661 0.176476
72 -0.304127 -0.271844 -0.17572 1.38472 -1.46874 -0.199349 0.393527 0.0570502
851 -0.153407 0.00607076 0.0975579 1.76335 -1.37547 0.0812063 0.10119 0.423625
48 -0.341039 -0.246719 -0.0661595 1.46068 -1.51298 -0.193029 0.334999 0.0523123
926 -0.369579 -0.130825 -0.0312967 1.51295 -1.37678 0.124375 0.190346 0.215306
960 -0.309574 -0.238914 -0.533094 1.5959 -1.40852 0.4484 0.097758 0.133759
938 -0.130398 -0.195514 0.313579 1.61583 -1.33439 0.356694 -0.23404 0.248376
345 -0.375729 0.00205781 -0.286611 1.5571 -1.43158 0.268558 0.249314 0.357025
833 -0.394608 -0.310283 -0.426 1.45393 -1.23642 0.4585 -0.0846058 -0.0174441
984 -0.7922 0.0880371 0.102138 1.38211 -1.57028 0.413811 -0.244533 -0.00933808
302 -0.739848 -0.205283 -0.154999 1.54054 -1.43504 -0.248456 -0.438309 -0.0527845
654 -0.346778 -0.189253 -0.386622 1.57255 -1.27605 0.408534 0.0380251 0.0775585
945 -0.259251 -0.563268 -0.181494 1.59432 -1.62543 0.420563 0.137306 -0.271555
812 -0.385406 -0.412482 -0.152473 1.50195 -1.31551 0.229151 -0.0141801 -0.140666
115 -0.0954074 -0.374139 0.0877962 1.42375 -1.32176 0.775877 -0.374117 -0.0547362
687 -0.328216 -0.213879 -0.407273 1.42637 -1.76526 0.647935 0.0628542 0.0385239
404 -0.180008 -0.0163682 0.228536 1.86065 -1.14317 0.0940405 -0.112011 0.439291
678 -0.121112 0.157906 0.252506 2.07986 -1.08302 -0.0443848 -0.105872 0.429099
668 -0.0568456 0.0806469 0.251126 2.02311 -1.18526 -0.0887964 0.0948292 0.465513
109 -0.296895 -0.206204 0.220296 1.41805 -1.50951 0.683468 -0.368383 -0.000873152
774 -0.420639 0.160122 -0.0288486 1.32888 -1.90638 0.251709 0.093649 0.424497
981 -0.562643 0.106957 0.26009 1.39527 -1.39296 0.290029 -0.160284 0.0967411
968 -0.400022 -0.2944 0.0513696 1.75654 -1.3358 0.14934 -0.228459 0.0226166
674 -0.265624 0.0364263 0.127349 1.56222 -1.32364 0.00488667 0.0949988 0.328656
521 -0.654444 0.0796868 0.196686 1.48724 -1.39132 0.301032 -0.217038 0.118682
693 -0.327476 -0.107152 -0.431755 1.13015 -1.52676 0.52718 0.0710556 0.158656
307 -0.412758 -0.138632 -0.266205 1.34693 -1.55907 0.278349 -0.0914648 0.219406
759 -0.186328 -0.0664628 0.105739 1.90174 -1.22214 -0.00188195 -0.0133045 0.273074
544 -0.324144 -0.289895 -0.0996947 1.4055 -1.36787 -0.123083 0.296323 0.0953393
193 -0.383773 -0.0987372 -0.586585 1.25211 -1.648 0.661364 0.147646 0.250876
392 -0.328753 -0.17804 -0.181019 1.45156 -1.3441 -0.0906898 0.272249 0.0607464
920 -0.472916 -0.163564 -0.0997089 1.45089 -1.32789 -0.154872 0.264268 0.181336
206 -0.321984 -0.146571 -0.358254 1.27124 -1.61121 0.592294 0.0242858 0.0780504
997 -0.426172 0.00727953 0.0763113 1.87691 -1.52575 0.220249 -0.0395746 0.274443
715 -0.270583 -0.259716 -0.632416 1.63619 -1.17549 0.410939 0.0220083 -0.0531517
456 -0.325349 0.189663 -0.0312259 1.51043 -1.33659 0.127211 0.199776 0.44312
883 -0.220169 -0.0849147 0.0805984 1.60245 -1.14034 0.105274 0.00655932 0.294563
261 -0.661204 -0.0174366 0.17287 1.28216 -1.45095 0.290601 -0.212528 0.00578582
162 -0.638103 -0.0311184 0.0825374 1.28267 -1.38645 0.40886 -0.209954 -0.0550922
903 -0.291656 -0.375164 -0.0448862 1.38953 -1.24666 0.129651 0.0662758 -0.133161
917 -0.454939 -0.214038 -0.115384 1.33331 -1.33286 -0.081941 0.211571 0.019598
