1000 4
583 -1.53531 -1.65579 -0.455433 0.923719
781 -1.9414 -1.60442 -0.501958 0.83279
379 -1.37133 -1.53385 -0.187133 0.888825
92 -1.66201 -1.54656 -0.178426 0.822982
401 -1.37133 -1.57943 -0.272326 0.803196
89 -1.92803 -1.55068 -0.639821 1.0328
836 -1.65701 -1.48677 -0.381769 0.814524
796 -1.57986 -1.4917 -0.306567 0.689509
871 -1.49323 -1.49525 -0.158332 0.527687
46 -1.63456 -1.42185 -0.451118 0.643241
90 -1.67103 -1.6435 -0.304189 0.917805
786 -1.40672 -1.42373 -0.131208 0.750959
83 -1.99352 -1.66019 -0.59412 1.11965
789 -1.7535 -1.88101 -0.643853 1.14899
686 -1.48988 -1.70961 -0.354929 0.850213
169 -1.20693 -2.47084 -0.410536 0.62938
783 -1.58637 -1.60088 -0.144951 0.6008
906 -1.82519 -1.53288 -0.107611 0.440497
728 -1.88696 -1.49671 -0.0544797 0.425271
667 -1.75384 -1.57238 -0.0257745 0.304035
731 -1.78969 -1.48086 -0.08383 0.245583
709 -2.06103 -1.4511 -0.114371 0.293151
484 -1.182 -2.21208 -0.0158577 -0.0218922
309 -1.40294 -2.97027 -0.192606 -0.251093
478 -1.3274 -2.35973 -0.183728 -0.185706
965 -1.46449 -1.69277 -0.192887 0.583651
904 -1.96968 -1.57774 -0.359824 0.421351
710 -1.74117 -1.62753 -0.221545 0.362453
518 -1.79111 -1.55099 0.0230912 0.273617
50 -1.98325 -2.08055 0.671003 0.429611
576 -1.50309 -1.4731 -0.523063 0.380272
85 -1.84384 -1.7221 -0.433469 1.20018
93 -1.4869 -1.79525 -0.529683 0.817182
279 -1.97225 -2.30736 -1.36128 -0.532547
639 -1.82907 -1.55082 -0.559602 -0.180411
912 -1.95824 -1.62458 -0.550722 -0.174103
662 -2.01299 -2.18208 0.664357 0.466401
679 -1.58984 -2.05097 0.341307 0.416017
492 -1.64787 -2.01055 0.332014 0.435578
992 -1.62975 -1.8683 0.10647 0.310574
523 -1.66562 -1.91048 0.334672 0.30218
673 -1.65629 -1.77759 -0.0574931 0.622414
725 -1.71504 -1.55223 -0.249825 0.57486
21 -2.2292 -1.46785 -0.836107 0.376529
2 -2.47926 -1.60088 -0.796551 0.796032
10 -2.39279 -1.53627 -0.86705 0.890446
466 -1.8714 -1.19129 -0.697974 0.437348
27 -1.912 -1.42817 -0.651619 0.3887
6 -2.32452 -1.68327 -0.901979 0.448882
70 -1.85703 -1.14971 -0.609853 0.393485
1 -2.67827 -1.6695 -0.929343 0.69841
896 -1.57202 -1.87955 0.145228 0.351379
675 -1.42889 -1.7192 0.086664 0.376606
514 -1.53777 -2.24128 0.410585 0.203251
515 -1.92707 -1.94595 0.567587 0.296587
64 -1.77843 -1.47908 0.0524015 0.396937
753 -1.81766 -1.79224 0.234173 0.399068
409 -1.47088 -1.69746 0.231652 0.706147
993 -1.72812 -1.83593 0.321964 0.56489
955 -1.59535 -1.82737 0.206824 0.496815
517 -1.71354 -2.16383 0.619365 0.389344
314 -1.2744 -2.74685 -0.126692 -0.445317
317 -1.20478 -2.66689 -0.0266007 -0.433104
247 -1.17815 -2.59426 -0.00364289 -0.229914
422 -1.56328 -1.71742 -0.438715 -0.25194
282 -1.90768 -2.04484 -0.882403 -0.189229
286 -1.57428 -1.97931 -0.71036 -0.447913
284 -1.85917 -1.98105 -0.932757 -0.60384
864 -1.12121 -1.66902 -0.28433 0.280192
181 -1.29205 -2.1325 -0.122967 0.582242
301 -1.4734 -1.62535 -0.463176 -0.191396
500 -1.84689 -1.82621 -0.564309 -0.268484
305 -1.58276 -1.89289 -0.507296 -0.15902
271 -1.96736 -2.43249 -1.18776 -0.630492
297 -1.72626 -1.65743 -0.445095 -0.1192
292 -1.71973 -1.78442 -0.821119 -0.207984
452 -1.90078 -1.9049 0.0138908 -0.156645
990 -1.72238 -1.73049 -0.426274 -0.0337028
839 -1.49575 -1.67394 -0.0336128 0.506945
579 -1.89668 -1.86588 -0.287964 1.33404
458 -1.39285 -1.54985 0.0691937 -0.0615674
626 -1.96994 -2.07646 0.474929 -0.322521
628 -1.86615 -1.7298 0.363043 -0.229715
246 -1.75317 -1.52689 -0.073445 -0.103966
901 -1.74403 -1.46888 -0.21969 -0.0265235
803 -1.64203 -1.56254 -0.301414 -0.00174434
551 -1.12503 -2.55179 -0.213202 -0.116487
824 -1.05625 -1.91903 0.215097 -0.0878379
310 -1.46194 -2.69678 -0.133904 -0.135604
613 -1.26208 -2.24131 0.0151533 0.0234661
264 -1.41912 -1.76479 0.119367 0.56453
849 -1.19513 -2.30749 -0.0413712 0.0226442
171 -1.13508 -2.87605 0.0153139 -0.039282
188 -1.14384 -2.37634 0.0444622 0.555796
648 -1.60227 -1.65135 -0.0228649 -0.216341
208 -2.40283 -1.68327 -0.494261 -0.354931
644 -1.71518 -1.57327 -0.49841 0.072969
793 -1.68188 -1.30723 -0.597614 0.170621
84 -1.84179 -1.79812 -0.607338 1.22203
97 -1.56532 -1.64632 -0.27729 1.07732
795 -1.05585 -1.74667 -0.164588 0.610456
859 -1.23374 -2.33482 -0.203694 0.71523
19 -1.21228 -2.24443 -0.492063 0.617605
923 -1.19211 -2.07327 -0.20742 0.400056
175 -1.10184 -2.2733 -0.397428 0.606034
860 -1.202 -2.15158 -0.348889 0.276558
191 -1.18395 -1.95921 -0.292342 0.192016
308 -1.43218 -2.80239 -0.233341 -0.4848
327 -1.2305 -2.11853 -0.155464 -0.088096
475 -1.14014 -2.37604 -0.246798 -0.342135
42 -1.90068 -1.1841 -0.648727 0.325296
9 -2.39024 -1.52835 -0.992201 0.515614
4 -2.46101 -1.58977 -0.783576 0.500099
538 -1.97563 -1.29651 -0.614491 0.543958
16 -2.3196 -1.48819 -0.877837 0.788546
24 -2.38267 -1.23808 -0.793459 0.569594
535 -1.66439 -1.49931 -0.124595 0.426545
427 -1.51731 -1.59523 -0.0385935 0.136527
274 -1.83335 -1.78454 0.273127 0.0575703
117 -1.51216 -1.55455 -0.224381 0.914184
843 -1.60191 -1.92292 -0.133783 0.758746
772 -1.47632 -1.69153 -0.18809 0.852396
578 -1.77346 -1.89084 -0.427327 1.1856
545 -1.80939 -1.6255 -0.462085 0.960403
899 -1.21706 -2.08801 -0.000160538 -0.0996347
615 -1.36997 -1.62347 -0.162202 0.135676
985 -1.83822 -1.84981 -0.374217 0.360761
908 -1.84323 -1.46301 -0.105047 0.390385
713 -1.7406 -1.5601 -0.211935 0.584117
530 -1.5035 -1.6941 0.1284 0.321839
519 -1.74892 -1.91759 0.382181 0.510068
792 -1.50055 -1.64707 -0.42399 0.751652
461 -1.66288 -1.57031 -0.556557 0.853679
805 -1.60568 -1.60183 -0.364988 0.795244
136 -1.81868 -1.96389 -0.486591 1.36798
102 -1.60736 -1.60776 -0.273398 1.22826
80 -1.87761 -2.01693 -0.555356 1.43635
125 -1.71201 -2.41074 0.425223 1.22906
170 -2.01903 -1.59693 -0.627122 -0.108072
223 -1.93947 -1.3999 -0.409779 -0.0654232
780 -1.64163 -1.58195 -0.278151 0.904644
135 -1.82732 -2.29379 0.451167 1.19463
375 -1.40127 -1.8265 0.267109 0.862489
128 -1.93354 -2.08987 0.379499 1.17799
367 -1.65766 -1.70762 0.0060734 1.20244
989 -1.89401 -1.88914 -0.276786 0.663846
164 -1.4532 -1.79573 0.129107 0.753857
791 -1.61192 -1.73969 -0.313013 0.882514
658 -1.53531 -1.97859 0.0678195 0.656275
81 -1.67525 -2.38725 0.30084 1.32671
602 -1.75829 -1.70201 -0.137811 0.0786943
433 -2.35896 -2.0037 0.53358 -0.396364
705 -2.39891 -1.56397 -0.00302866 0.441841
723 -1.5265 -1.49764 -0.103918 0.422119
637 -1.87642 -1.66089 -0.265425 0.0706866
600 -1.683 -1.65366 0.163946 0.0838989
439 -1.85787 -1.7752 0.432606 -0.286699
711 -1.83238 -1.59236 -0.145937 0.242088
652 -1.77716 -1.47488 0.000528082 0.122674
712 -1.67473 -1.58663 -0.0347503 0.130912
394 -1.96932 -1.68956 0.0572382 0.529705
832 -1.74432 -1.74991 -0.137353 0.265526
219 -1.95752 -1.56476 -0.38135 -0.144724
769 -1.74667 -1.32685 -0.205604 0.137136
363 -1.61526 -1.93364 0.203401 0.929594
130 -1.76849 -2.38479 0.329953 1.23771
493 -1.36094 -1.87586 0.205001 0.564867
603 -1.80149 -1.78589 -0.138736 -0.051095
172 -1.00331 -2.30949 -0.240879 0.622401
585 -1.1553 -1.88775 -0.245061 0.693584
909 -1.19502 -2.23914 -0.24372 0.776382
698 -1.20584 -2.13638 -0.0724026 0.430995
681 -1.26478 -2.48645 -0.447961 0.602232
782 -1.63227 -1.52743 -0.375297 0.940592
584 -1.60719 -1.52441 -0.351668 0.675529
453 -1.68031 -1.63401 0.332037 -0.177687
468 -1.40952 -2.55273 -0.0577561 -0.229064
934 -1.17592 -2.09791 -0.0571929 -0.0790067
988 -1.52923 -2.05456 -0.159774 0.0404628
426 -1.60552 -1.66239 -0.65638 -0.233305
858 -1.24535 -2.04051 -0.0855536 0.231712
481 -1.1977 -2.09458 -0.0480324 0.0129711
340 -1.07535 -2.60893 -0.430252 0.587482
609 -1.80731 -1.99431 0.436863 -0.197956
436 -2.13391 -2.05133 0.829286 -0.222357
434 -2.34956 -2.10847 0.814023 -0.305453
631 -1.59431 -1.66184 0.0259022 -0.0893761
435 -2.31704 -2.09193 0.668975 -0.556451
134 -2.25282 -2.10074 0.745473 -0.37081
627 -1.82106 -1.97164 0.409272 -0.257737
398 -1.52995 -1.90592 0.29386 0.975699
368 -1.5113 -1.96097 0.183296 1.16901
895 -1.68578 -1.58511 -0.390932 0.686665
765 -1.49181 -1.55377 -0.521963 0.751891
586 -1.42279 -1.58846 -0.436355 0.719498
842 -1.60225 -1.56879 -0.133242 0.461314
281 -1.55215 -1.77951 -0.342937 0.88387
67 -1.4352 -1.64333 0.153534 0.892351
561 -1.34558 -1.83112 0.0303239 0.599149
261 -1.48396 -1.67639 0.0364091 0.50106
560 -1.33155 -2.01856 0.10695 0.784064
160 -1.2615 -1.63817 0.243728 0.805335
248 -1.37793 -2.0166 0.194398 0.810648
651 -1.86312 -1.56036 -0.306571 0.22324
54 -1.99686 -1.45918 -0.201683 0.407454
827 -1.58757 -1.75241 -0.111879 0.315215
736 -1.65977 -1.58029 -0.234678 0.327203
419 -1.66468 -1.64702 -0.57431 -0.128872
410 -1.94539 -2.21863 -1.32081 -0.314395
973 -1.54847 -1.72371 -0.0927535 0.198845
808 -2.1065 -1.3531 -0.729526 0.575036
624 -1.77163 -1.3213 -0.451507 0.444587
322 -1.26435 -2.43926 -0.102204 -0.130376
935 -1.37686 -1.92314 0.0722827 -0.113108
335 -1.30914 -2.11904 -0.139091 0.10393
874 -1.15413 -2.19645 -0.171274 0.482082
189 -1.09566 -2.25114 -0.201079 0.643126
885 -1.47298 -1.65312 0.135492 0.120457
437 -1.67755 -1.962 0.554256 0.323291
663 -1.77601 -2.00422 0.292477 0.365457
111 -1.63399 -1.5909 -0.0484257 0.425853
79 -1.95609 -1.80887 -0.607118 1.27125
120 -1.60553 -1.5038 0.110194 -0.0564285
919 -1.92326 -1.77346 -0.037753 -0.0395943
345 -1.62135 -1.81093 0.166843 -0.15804
598 -1.58605 -1.88984 0.276458 -0.1287
3 -2.78515 -1.72881 -0.999608 0.646741
464 -1.91386 -1.34957 -0.562421 0.297792
12 -2.53854 -1.51895 -0.837499 0.812591
29 -2.12359 -1.48057 -0.924188 0.339704
382 -2.06144 -1.43095 -0.739283 0.543004
78 -1.87951 -1.17332 -0.55741 0.370922
59 -2.19473 -1.45206 -0.827429 0.603409
332 -1.14406 -2.2671 -0.029895 -0.217492
467 -1.27096 -2.69424 -0.104874 -0.194501
333 -1.1751 -2.10706 -0.0660969 -0.0875335
696 -1.19191 -2.26323 -0.0907283 -0.0850117
7 -1.13019 -2.3995 -0.663183 0.589174
702 -1.66364 -1.39095 -0.353926 0.303745
88 -2.30966 -1.55638 -0.318087 -0.0691412
210 -2.26263 -1.56534 -0.413923 -0.0483855
233 -2.01374 -1.28353 -0.590372 -0.0155658
5 -2.63741 -1.58865 -0.926718 0.818193
498 -1.62643 -1.83941 -0.646771 -0.236644
417 -1.62744 -1.77756 -0.764274 -0.233066
428 -1.82542 -1.70823 -0.477237 -0.191142
503 -1.54854 -1.65004 -0.414962 -0.179207
504 -1.73575 -1.61224 -0.689251 -0.27789
272 -2.21774 -2.47716 -1.17057 -0.638951
431 -1.4949 -1.7043 -0.672617 -0.0750944
868 -1.68801 -1.53362 -0.471419 -0.155048
571 -1.8193 -2.02818 -0.978945 -0.502107
294 -1.59298 -1.78489 -0.521491 -0.336546
745 -1.17088 -2.17046 0.0425862 -0.369112
222 -1.3965 -2.34192 -0.19714 -0.406485
384 -1.91729 -1.30684 -0.536232 0.199448
36 -1.86796 -1.2176 -0.386276 0.378345
550 -1.76046 -1.56423 -0.461575 0.224592
220 -1.89091 -1.63315 0.0233356 0.307295
336 -1.27049 -1.95909 -0.172306 -0.133864
774 -1.24191 -2.3154 0.00667132 -0.24296
11 -1.18654 -2.88342 -0.258669 -0.178288
775 -1.20039 -1.99792 0.0239081 -0.00643769
334 -1.08651 -2.04037 -0.111675 -0.157905
131 -1.34497 -3.13413 -0.0761015 -0.262933
312 -1.20306 -2.90932 -0.0989476 -0.255551
777 -1.08095 -2.01681 0.0395294 -0.0269375
727 -2.17295 -1.54596 -0.0826917 0.341236
847 -1.67615 -1.5882 -0.309722 0.442091
362 -1.91771 -1.92433 0.64839 -0.366403
922 -1.75175 -1.58623 -0.512487 -0.2008
278 -2.02941 -2.01531 -0.942113 -0.601563
299 -1.55966 -1.67315 -0.738658 -0.208249
854 -1.88048 -1.51693 -0.600692 0.280461
388 -2.06484 -1.32959 -0.730472 0.549894
142 -1.37979 -1.94683 0.218881 1.02493
141 -1.52358 -1.95723 0.374545 0.738847
740 -1.23968 -1.806 0.0171165 0.413354
689 -1.0994 -1.77969 -0.153815 0.607249
700 -1.23406 -1.87656 -0.271982 0.485882
994 -1.79926 -1.49419 -0.23438 0.158067
964 -1.71933 -1.44503 -0.377851 0.0688176
215 -2.27643 -1.57358 -0.483485 -0.157306
57 -2.00436 -1.43843 -0.807184 0.109331
280 -2.11456 -2.20327 -1.22161 -0.599111
303 -1.56573 -1.73213 -0.599636 -0.236285
107 -1.53855 -1.53627 -0.310332 0.740584
897 -1.68728 -2.00984 -0.779179 -0.318629
296 -1.54259 -1.50827 -0.465944 -0.099371
395 -1.94276 -1.78442 -0.183191 0.249835
801 -1.79624 -1.47737 -0.211481 -0.0417125
74 -1.74877 -1.20069 -0.458182 0.255683
0 -2.19963 -1.66011 -1.0798 0.595024
47 -1.60566 -1.28464 -0.513966 0.453803
445 -1.76207 -1.68058 0.224153 -0.130194
592 -1.99446 -2.04094 0.380928 -0.288614
491 -1.56992 -1.84105 0.136693 -0.0414268
591 -2.08352 -1.8375 0.432067 -0.296079
596 -1.58269 -1.75246 0.207898 -0.128403
608 -1.59903 -1.73791 0.319032 -0.0747911
715 -1.75202 -1.44081 0.033951 0.138562
826 -1.87531 -1.74855 -0.0544845 0.507175
348 -1.09892 -1.99764 -0.160529 0.361616
176 -1.01262 -2.34227 -0.351658 0.788239
126 -1.03613 -2.59132 -0.731381 0.702069
196 -1.22159 -1.88167 -0.284171 0.451895
971 -1.3454 -1.82574 -0.273456 0.569563
682 -1.19477 -2.23696 -0.400557 0.892406
15 -2.33363 -1.62147 -0.645976 -0.125884
236 -1.76734 -1.46888 -0.224147 -0.270644
207 -2.54319 -1.70575 -0.208859 -0.253312
225 -2.29511 -1.43653 -0.518495 -0.148434
211 -2.18194 -1.59062 -0.562793 -0.217253
13 -1.73777 -2.11368 0.20521 1.25392
489 -1.23461 -1.9745 0.263467 0.589547
149 -1.4802 -1.76135 0.142149 0.636501
132 -1.69101 -2.33084 0.329982 0.933983
907 -1.73657 -1.48686 -0.0252364 0.425631
33 -1.617 -1.60188 -0.381374 0.387844
732 -1.9163 -1.47067 -0.399711 0.514956
691 -1.65998 -1.6202 -0.250468 0.606277
570 -1.28499 -1.83096 -0.0188232 0.636632
365 -1.41285 -2.02776 0.155566 1.02367
520 -1.60302 -1.89848 0.238168 0.541608
525 -1.57047 -1.65052 0.122381 0.363365
621 -1.98048 -1.38161 -0.508496 0.340798
925 -1.69157 -1.61498 -0.0783937 0.0820931
124 -1.61987 -1.66373 -0.0657189 0.497397
829 -1.57501 -1.62948 -0.191951 0.681138
739 -1.45032 -1.78881 0.130388 0.840075
82 -1.61026 -2.33888 0.0997161 1.09591
151 -1.39004 -1.94213 0.294646 0.990421
751 -1.33155 -1.82214 -0.0596437 0.841075
86 -1.6022 -1.69437 -0.470561 1.24203
590 -1.54279 -1.76969 -0.248444 0.865847
420 -1.69499 -1.84252 -0.418259 0.461438
533 -1.43547 -1.78 0.361003 0.468755
138 -1.45788 -1.98862 0.294697 1.12328
361 -1.3649 -2.0775 0.0511495 0.859566
802 -1.85992 -1.75174 -0.225792 -0.0774159
209 -2.37865 -1.66067 -0.292855 -0.266789
214 -2.26974 -1.68455 -0.623185 -0.198067
56 -2.29031 -1.28862 -0.797364 0.543138
380 -2.18109 -1.5144 -0.656714 0.420817
421 -1.84967 -1.89342 -0.691068 -0.19022
273 -2.17867 -2.45413 -1.32199 -0.542571
22 -2.3247 -1.53182 -1.07053 0.456623
26 -1.94236 -1.45766 -0.838021 0.0936895
432 -2.39425 -2.19181 0.742161 -0.512794
982 -1.8279 -1.49795 -0.300075 -0.0394587
798 -2.04834 -1.52791 -0.566831 -0.145664
496 -2.02555 -2.04921 -0.992562 -0.28832
425 -1.63788 -1.47813 -0.583087 -0.129607
140 -1.57866 -1.93304 0.259729 0.755015
267 -1.24738 -1.58519 0.16518 0.688725
129 -1.73264 -2.48793 0.316004 1.33473
95 -1.66082 -1.48093 -0.597339 0.723208
714 -1.68277 -1.49114 -0.186511 0.318034
882 -1.28031 -2.13302 -0.0452768 -0.175919
848 -1.13843 -2.23498 -0.105661 -0.253937
977 -1.55233 -1.92801 -0.109814 -0.0620112
999 -1.76043 -1.89552 -0.362938 -0.0320488
534 -1.23235 -1.83753 0.140452 0.25669
381 -1.66775 -1.788 0.289651 0.212176
311 -1.30891 -3.05488 0.119301 -0.245533
8 -1.26521 -2.84373 -0.270137 -0.457921
328 -1.06156 -2.15764 0.0653694 -0.244061
630 -1.67469 -1.6117 -0.00383812 0.27723
794 -1.24758 -1.90882 -0.0711104 0.130495
610 -1.32836 -2.40052 -0.0564421 -0.0342274
650 -1.35925 -1.77878 -0.296827 -0.210253
486 -1.24916 -2.15747 -0.229225 -0.297605
473 -1.34656 -2.0066 -0.00937637 -0.334012
275 -1.3621 -2.58387 -0.270469 -0.495965
474 -1.25669 -2.19286 0.000755113 -0.2865
645 -1.6413 -1.7339 -0.118926 -0.12318
227 -2.17186 -1.60383 -0.428753 -0.277617
229 -2.06165 -1.42737 -0.418461 0.00943247
510 -1.5581 -1.78963 -0.749284 -0.120099
573 -1.60571 -1.74883 -0.720914 -0.335219
283 -1.94082 -2.01167 -0.832558 -0.502378
402 -1.52381 -2.04347 0.149165 0.949065
565 -1.24961 -1.84353 0.19498 0.64357
293 -1.52583 -1.76225 -0.710124 -0.488706
168 -1.1024 -2.67093 -0.567181 0.587063
778 -1.08405 -2.13552 -0.115364 -0.354456
300 -1.64544 -1.65774 -0.548845 -0.206766
921 -1.72209 -1.85659 -0.510779 -0.265003
255 -1.75941 -1.57307 -0.526303 -0.164555
952 -1.69471 -1.73754 -0.575073 -0.263947
277 -1.95453 -2.31233 -1.15015 -0.638378
577 -1.56988 -1.78155 -0.69167 -0.374878
636 -2.13627 -1.53039 -0.453796 -0.179695
815 -1.52567 -1.36723 -0.314939 0.18907
192 -1.57098 -1.83569 -0.207236 0.763084
87 -1.89748 -1.84454 -0.437751 1.28314
105 -1.57088 -1.54491 -0.391824 0.863418
972 -1.22515 -1.9116 -0.090951 0.326872
718 -1.62368 -1.56215 -0.22971 0.294962
342 -1.14223 -2.34585 -0.311523 0.56076
683 -1.3902 -2.18604 -0.357191 0.529263
685 -1.31915 -1.99544 -0.0669784 0.46121
699 -1.17069 -2.02721 -0.221468 0.533278
180 -1.10921 -2.33024 -0.127178 0.533008
73 -1.76303 -1.1548 -0.490838 0.376923
75 -1.63373 -1.74073 0.0660884 1.10596
157 -1.54909 -1.92783 0.0225552 0.973419
371 -1.4896 -1.81689 0.249516 0.863451
68 -1.80684 -1.21207 -0.663271 0.490171
52 -2.10436 -1.50945 -0.828283 0.570335
187 -1.27619 -2.04414 -0.191451 0.50882
405 -1.27884 -1.90118 -0.0136471 0.564768
830 -1.44721 -1.66289 -0.270759 0.411005
742 -1.13965 -2.10283 0.0498284 0.126385
490 -1.49287 -1.91432 0.10097 0.511383
820 -1.46142 -1.82683 -0.00673215 0.631403
657 -1.50574 -1.70168 0.0983896 0.758805
741 -1.22444 -1.52468 -0.0717112 0.663104
372 -1.44084 -1.79667 -0.165625 0.623043
784 -1.62959 -1.77929 -0.553341 0.816061
841 -1.75927 -1.77574 -0.248036 0.69598
552 -1.01517 -2.49676 -0.197906 -0.140527
316 -1.06788 -2.59723 0.0331202 -0.260211
471 -1.17788 -2.20458 -0.198226 -0.276331
456 -1.66208 -1.99983 0.274959 -0.353158
597 -1.80651 -1.78413 0.311338 -0.278178
485 -1.19059 -2.04125 -0.00711196 -0.0152894
890 -1.24281 -2.21573 -0.129067 -0.255919
313 -1.43006 -2.54282 0.019426 -0.431843
323 -1.02351 -2.40801 0.0988283 -0.212105
338 -1.23074 -1.94486 -0.25895 -0.0766692
818 -1.26758 -2.06678 -0.313528 -0.242666
819 -1.38669 -1.77398 -0.154359 0.0630941
726 -1.42308 -2.80716 -0.145641 -0.403821
315 -1.2858 -2.34242 -0.108734 -0.176095
389 -1.28212 -1.78073 -0.432 0.0219117
212 -1.27923 -2.46791 0.0520667 0.0842906
738 -1.08755 -1.68185 -0.167818 -0.13054
263 -1.44763 -1.6707 0.233156 0.512316
127 -1.70599 -2.31831 0.339897 1.10189
166 -1.37255 -1.85394 -0.0129259 0.879333
139 -1.44615 -2.38481 0.214712 0.902136
869 -1.11942 -1.66505 -0.0756439 -0.0919401
863 -1.35117 -2.04898 -0.121064 0.639084
356 -1.5113 -1.95952 -0.271352 0.326889
238 -1.55187 -1.38692 -0.24246 0.211823
879 -2.00399 -1.46642 -0.467848 -0.000662713
771 -1.61031 -1.4211 -0.409618 0.0650521
390 -1.84378 -1.27656 -0.562032 0.268023
49 -1.85828 -1.14997 -0.71297 0.356265
23 -2.12822 -1.57385 -0.843513 0.629824
285 -1.67257 -2.02099 -0.859475 -0.505524
757 -1.56704 -1.73276 0.256695 0.294136
963 -1.4592 -1.66974 -0.102048 0.337196
101 -1.93677 -1.66457 -0.496037 0.593048
616 -1.22664 -1.96652 -0.12224 0.0504515
289 -1.77253 -1.73638 -0.836852 -0.342095
276 -1.91515 -2.28209 -0.893864 -0.649195
287 -1.81435 -1.97909 -0.84999 -0.472409
505 -1.82314 -1.67471 -0.373898 -0.312467
646 -1.66292 -1.30624 -0.316436 0.0277527
809 -1.89113 -1.35286 -0.546562 0.449862
543 -1.67988 -1.39196 -0.257827 0.522435
406 -1.32715 -1.88319 0.059766 0.866493
241 -1.74268 -1.30218 -0.2928 -0.15167
746 -1.10596 -1.94039 -0.0644751 -0.224894
370 -1.43685 -1.89852 0.142389 1.06135
465 -1.50749 -1.43847 -0.343486 0.561773
387 -2.1941 -1.29081 -0.75543 0.27231
31 -1.79936 -1.34213 -0.513204 0.283029
147 -1.30796 -1.74261 -0.0450238 0.804895
537 -1.66315 -1.97799 0.297433 0.990565
161 -1.31258 -1.59925 0.20082 0.540522
483 -1.0576 -2.0096 -0.0401159 -0.0849335
156 -1.03298 -2.19076 0.0250416 0.110025
984 -1.47421 -1.94941 0.0927032 0.525652
396 -1.46018 -1.93283 0.13341 0.878214
660 -1.10703 -1.68611 0.0622496 0.565256
251 -1.51676 -1.75934 0.0647506 0.911787
153 -1.1258 -1.7904 0.141674 0.717066
981 -1.36749 -1.67736 0.0394675 0.769535
521 -1.45544 -1.92616 0.321633 0.462687
770 -1.75047 -1.66863 -0.195707 0.156917
218 -2.12338 -1.60108 -0.310185 -0.375865
228 -1.9397 -1.61524 -0.406331 -0.19449
704 -1.4088 -1.78369 -0.199358 0.299758
344 -1.24147 -2.04706 -0.350931 0.619707
961 -1.28333 -1.90719 -0.270424 0.477476
202 -1.21809 -1.86477 -0.369114 0.464548
862 -1.07139 -2.14504 -0.224947 0.646114
376 -1.30348 -1.69442 0.204899 0.223001
442 -1.96677 -1.81244 0.346267 -0.16662
835 -1.41244 -1.5146 -0.219185 0.64596
671 -1.54948 -1.79508 0.134484 0.254991
527 -1.67595 -1.94441 0.133484 0.405345
532 -1.51139 -1.85458 0.22628 0.218758
216 -2.02976 -1.77047 -0.353789 -0.332667
970 -1.64228 -1.55269 -0.348208 0.117412
900 -1.86053 -1.595 -0.511047 0.0854973
110 -1.62959 -1.49697 -0.22417 0.685907
288 -1.65758 -1.81377 -0.61161 -0.103488
767 -1.57536 -1.40973 -0.315226 -0.00839132
913 -1.84407 -1.42111 -0.310024 -0.0481457
629 -1.92288 -1.68909 0.200602 -0.346292
441 -1.77705 -1.75993 0.350212 -0.123398
594 -1.80381 -1.82175 0.406543 -0.0496069
448 -1.74261 -1.67573 0.271984 -0.0363125
463 -1.92189 -1.20431 -0.545795 0.523271
546 -1.91576 -1.38831 -0.607906 0.371517
487 -1.18199 -2.10693 -0.118423 -0.189161
94 -1.69975 -1.49055 -0.353756 0.78734
173 -1.13066 -2.20396 -0.361636 0.705111
856 -1.72347 -1.64545 -0.482895 0.997451
230 -1.97264 -1.54707 -0.404111 -0.0265475
152 -1.2202 -1.80548 0.170569 1.02416
146 -1.44839 -1.88595 0.233145 1.1296
18 -2.46344 -1.49179 -0.741553 0.649089
30 -2.06207 -1.23011 -0.614942 0.30981
542 -1.59203 -1.19385 -0.366442 0.342466
20 -2.22709 -1.43628 -0.980057 0.3163
541 -1.90417 -1.3152 -0.486035 0.364757
857 -1.4484 -1.6209 -0.281433 0.594573
154 -1.48359 -1.69266 -0.184403 0.935454
838 -1.44532 -1.84326 -0.159636 0.143874
369 -1.4212 -2.01969 0.368477 0.345366
476 -1.11534 -2.18394 -0.0217546 -0.119094
612 -1.3469 -2.12362 -0.0483939 0.257894
513 -1.76905 -2.10106 0.485776 0.31357
883 -1.49017 -1.79924 0.195914 0.277603
884 -1.34595 -2.1551 0.148323 0.197147
319 -1.24096 -2.53424 0.0578079 -0.230659
325 -1.01958 -2.32742 -0.230355 -0.450973
568 -1.4214 -1.58976 -0.0806839 0.865513
564 -1.72872 -1.80427 0.40376 -0.220103
632 -1.63239 -1.76738 0.0657496 0.0627268
96 -1.73832 -1.73711 -0.319275 1.00826
260 -1.29806 -1.60948 0.0168618 0.568426
548 -1.93349 -1.23961 -0.626894 0.549157
61 -1.81396 -1.37487 -0.433605 0.806945
430 -1.51645 -1.47161 -0.53243 -0.0923591
462 -1.63113 -1.42607 -0.654644 -0.0782718
653 -1.73253 -1.79219 0.0425332 -0.0326853
444 -1.80056 -1.9035 0.213923 -0.39509
103 -1.30254 -2.09377 0.0698827 0.093181
477 -1.06828 -2.01357 0.00589759 -0.103676
755 -1.52636 -1.82435 0.100102 0.479254
672 -1.48653 -1.75574 0.340133 0.497299
635 -2.19946 -1.6121 -0.350477 -0.130162
638 -1.93434 -1.41743 -0.368963 0.1174
522 -1.60498 -1.85093 0.40954 0.211755
911 -1.25608 -2.11955 -0.0781026 -0.0188836
330 -1.27672 -2.15438 -0.137797 -0.0632664
536 -1.37928 -2.76969 -0.209859 -0.368588
599 -1.27252 -1.90463 0.157753 0.607538
63 -1.54268 -1.5516 -0.0393425 0.912309
250 -1.30968 -2.10952 0.269863 0.844025
399 -1.25037 -2.22176 0.310116 0.803965
744 -1.32334 -1.74927 0.0713391 0.910085
143 -1.45319 -1.88458 0.262916 0.83511
112 -1.5303 -1.2854 -0.231636 0.924436
721 -1.43565 -1.37417 -0.150439 0.335514
324 -1.08168 -2.20465 0.0412251 0.1047
451 -1.64335 -2.07278 0.292018 -0.289334
611 -1.47042 -2.37756 -0.17893 -0.0958163
480 -1.18564 -2.0764 -0.042284 0.0485562
438 -1.31756 -2.34167 0.0100841 0.347432
341 -1.23957 -2.03553 -0.439621 0.597787
813 -1.84228 -1.5269 -0.20167 0.102243
735 -1.80017 -1.55872 -0.169823 0.391113
642 -1.8171 -1.61028 -0.372292 -0.197411
144 -1.5443 -2.04787 0.136977 1.01705
749 -1.48756 -2.0235 0.272623 1.04256
378 -1.40542 -1.7211 0.0292079 0.75294
98 -1.54532 -1.65958 -0.322603 0.845055
957 -1.14121 -1.98154 -0.12651 0.601991
694 -1.43057 -1.65825 -0.100247 0.477757
195 -1.31507 -1.80352 -0.24598 0.26265
185 -1.20273 -2.00601 0.0478028 0.42456
574 -1.26633 -1.34553 -0.410768 -0.0679541
414 -1.64081 -1.86765 -0.647996 -0.255196
903 -1.65595 -1.32972 -0.176867 0.0947963
659 -1.39865 -1.67792 -0.0143398 0.651454
575 -1.34159 -1.55813 -0.550797 -0.134678
249 -1.74493 -2.08674 0.414093 1.01918
163 -1.38759 -1.46327 0.145808 0.73687
374 -1.3914 -1.83769 0.236387 0.706017
566 -1.40672 -1.83665 0.056751 0.55018
359 -1.13123 -1.70354 -0.267819 0.497255
852 -1.42033 -1.62728 -0.172714 0.293856
758 -1.61828 -1.78744 0.264059 0.243023
995 -1.72806 -1.9833 0.175596 0.394448
540 -1.64315 -1.63387 0.412232 0.300871
71 -1.81503 -1.24192 -0.524448 0.52673
231 -2.0321 -1.52379 -0.23761 -0.21707
800 -1.83028 -1.43486 -0.262855 -0.0412309
221 -1.92802 -1.65621 -0.530867 -0.0503911
877 -1.64848 -1.70095 -0.274584 0.205391
680 -1.28241 -2.03899 -0.513913 0.643151
606 -1.45995 -1.61551 0.231687 -0.0414686
593 -1.88227 -1.99803 0.493575 -0.196033
790 -1.58197 -1.67005 -0.467626 1.20505
412 -1.5845 -1.57239 -0.422186 1.0274
133 -1.80224 -2.33043 0.392494 1.12276
554 -1.41197 -1.90689 -0.0783096 0.206444
447 -1.82564 -1.70129 0.0959316 -0.0988558
508 -1.8063 -1.796 -0.190246 -0.193301
967 -1.85866 -1.97891 -0.182706 0.0384115
450 -1.93571 -1.72122 0.0456973 -0.12458
48 -1.67643 -1.16278 -0.518531 0.247869
954 -1.76427 -1.41112 -0.629367 0.372163
620 -1.69777 -1.32136 -0.366142 0.171027
385 -1.87985 -1.31467 -0.520227 0.741238
706 -2.17759 -1.59146 -0.0768245 0.222455
845 -1.7658 -1.66938 -0.214343 0.331801
959 -1.81195 -1.84263 -0.390992 0.28727
941 -1.52946 -1.79014 -0.38108 0.277152
174 -2.02809 -1.70397 -0.420226 0.431076
697 -1.31383 -1.82345 -0.324542 0.534204
799 -1.85813 -1.409 -0.309437 -0.071894
91 -1.65585 -1.58239 -0.405214 0.887854
581 -1.79476 -1.83545 -0.391634 0.639375
104 -1.74744 -1.72845 -0.193645 0.422322
825 -1.91125 -1.85366 -0.22209 0.573404
960 -1.45565 -1.74534 -0.0768606 0.145009
950 -1.78172 -1.72339 -0.266492 0.222094
674 -1.2686 -1.83354 0.140295 0.229671
668 -1.60228 -1.92763 0.324091 0.411225
511 -1.46377 -1.5785 -0.242947 -0.066832
666 -1.56769 -1.92344 0.175118 0.25917
760 -1.41183 -1.72799 0.374642 0.251026
587 -1.38218 -1.69541 -0.22491 0.859264
259 -1.54682 -1.73013 0.193724 0.911492
488 -1.45125 -1.92954 0.215545 1.00002
137 -1.57287 -2.11515 0.159576 1.16459
563 -1.43292 -1.81125 0.041105 0.747072
656 -1.60702 -2.12914 0.0438309 1.16595
403 -1.53591 -1.9156 0.26956 1.11517
252 -1.6787 -1.77886 0.0755656 0.848529
768 -1.81423 -1.51512 -0.362114 -0.0293821
881 -1.92641 -1.6272 -0.620809 -0.0591806
386 -2.04486 -1.22325 -0.812493 0.363529
28 -2.06314 -1.30881 -0.739249 0.692594
582 -1.76409 -1.55447 -0.395763 0.951591
51 -2.27746 -1.51588 -0.929679 0.570317
855 -1.70612 -1.30324 -0.530359 0.285583
936 -1.52662 -1.40031 -0.464707 0.285829
944 -1.78372 -1.73039 -0.421392 0.275998
501 -1.52656 -1.69028 -0.105539 0.167818
664 -1.66814 -2.13654 0.11392 0.311321
837 -1.62831 -1.97541 0.114781 0.327964
539 -1.97399 -1.37186 -0.523646 0.580683
558 -1.41464 -2.07653 -0.22645 -0.459115
326 -1.22139 -2.13017 -0.170282 -0.211001
58 -1.90104 -1.38626 -0.66511 0.214576
320 -1.23872 -2.12785 -0.23381 -0.411796
60 -1.93329 -1.37023 -0.742864 0.292407
41 -1.72632 -1.32217 -0.565531 0.316612
14 -2.29668 -1.45669 -0.863568 0.436049
943 -1.62421 -1.51067 -0.244578 0.33656
34 -1.92623 -1.62018 -0.675149 0.517951
729 -1.91116 -1.56066 -0.236998 0.402275
840 -1.5933 -1.82227 0.0113097 0.397832
331 -1.03748 -2.0221 0.0216298 -0.0673042
32 -2.02961 -1.32569 -0.659927 0.331202
182 -1.3123 -2.13134 -0.351556 0.373316
392 -1.72341 -1.3488 -0.598871 0.456033
55 -2.15312 -1.50184 -0.69091 0.746863
17 -2.29638 -1.49009 -0.812008 0.683271
66 -1.91593 -1.30089 -0.684869 0.571367
722 -1.5025 -1.47229 -0.250391 0.0718531
708 -2.17973 -1.61015 0.00397345 0.495273
716 -1.77502 -1.39543 -0.0743275 0.106808
304 -1.67543 -1.85035 -0.818834 -0.4237
724 -1.80565 -1.7793 -0.390754 0.201582
589 -1.4433 -1.46506 -0.259977 0.786637
812 -1.88073 -1.44618 -0.131055 0.0259665
213 -2.1462 -1.67342 -0.428411 -0.139392
976 -1.55937 -2.05972 -0.0418892 -0.1005
224 -2.12199 -1.5901 -0.471342 -0.277163
544 -1.95247 -1.25523 -0.644709 0.322842
719 -1.77054 -1.60447 -0.168271 0.226553
148 -1.4335 -2.00205 0.174887 1.04663
253 -1.4938 -1.80148 0.097096 0.838787
562 -1.63977 -1.58275 -0.179762 0.924774
145 -1.48348 -1.7493 0.159764 0.572276
580 -1.60143 -1.77213 -0.145208 1.11208
920 -1.76391 -1.37152 -0.613987 0.32545
459 -1.78596 -1.5712 0.19544 -0.17034
828 -1.61628 -1.61979 -0.431678 0.311216
754 -1.66629 -1.99816 0.069559 0.262546
531 -1.4663 -1.78934 0.0892027 0.0767504
759 -1.54857 -1.82874 0.158053 0.207304
851 -1.50355 -1.84949 0.193899 0.317916
623 -1.75718 -1.3342 -0.584417 0.0412891
217 -1.69566 -1.57158 -0.449556 0.615443
894 -1.58972 -1.63852 -0.479933 0.606597
38 -1.84183 -1.24069 -0.513446 0.491888
232 -1.86267 -1.41957 -0.513465 -0.168498
773 -1.47879 -1.91165 0.237193 0.7607
159 -1.41045 -1.74728 0.116797 0.681115
643 -1.97425 -1.44913 -0.259383 0.245151
695 -1.97507 -1.61316 -0.153913 0.479236
937 -1.65422 -1.64511 -0.210602 0.39768
418 -1.94924 -1.91521 -0.84152 -0.464203
953 -1.60151 -1.67082 -0.668419 -0.208899
524 -1.45293 -1.54227 -0.239508 0.211623
614 -1.16191 -2.03211 -0.0564681 -0.0906536
472 -1.15786 -2.49262 -0.0267346 -0.367948
321 -1.11341 -2.60272 -0.121205 -0.261442
555 -1.10674 -2.19692 0.0653645 -0.168246
497 -1.7647 -1.97094 -0.854434 -0.540485
850 -1.08022 -2.17 -0.0142873 0.104435
549 -1.89925 -1.54321 -0.385849 0.432534
39 -1.89769 -1.08893 -0.627237 0.443046
687 -1.46326 -1.90904 -0.326004 0.573547
258 -1.34111 -1.63281 0.225822 0.938816
400 -1.70235 -1.62954 -0.232649 0.746372
121 -1.60494 -1.38893 -0.57757 0.671762
916 -1.84582 -1.71191 -0.0559426 0.0294691
443 -1.90818 -1.84212 0.32722 -0.310622
45 -1.52479 -1.24097 -0.336747 0.330545
873 -1.37731 -2.21024 -0.0900386 0.0675747
499 -1.51936 -1.65235 -0.590846 -0.122244
306 -1.45203 -1.75039 -0.548783 -0.393315
62 -1.8292 -1.41732 -0.582897 0.494629
343 -1.12527 -2.16829 -0.3013 0.6505
939 -1.90211 -1.46766 -0.798387 0.302019
197 -1.14488 -1.96919 -0.0516868 0.51321
397 -1.47442 -1.57502 -0.201375 0.994109
655 -1.68348 -1.84217 0.0103327 0.152125
502 -1.61244 -1.6265 -0.677591 -0.208533
449 -1.68238 -1.6371 -0.0018389 0.0639387
53 -2.32564 -1.41709 -0.677444 0.79976
413 -1.74939 -1.79083 -0.817625 -0.402788
245 -1.80055 -1.57938 -0.325455 0.240537
956 -1.80369 -1.68227 -0.344088 0.0587224
866 -1.98456 -1.51591 -0.31069 0.0637552
237 -2.04465 -1.49825 -0.521749 0.0106172
880 -1.75854 -1.68979 -0.275711 0.30498
516 -2.13904 -1.62076 0.0673602 0.243364
640 -1.91693 -1.58702 -0.396616 -0.138357
747 -2.18919 -1.63554 -0.330176 -0.131348
619 -1.84694 -1.15731 -0.851101 0.443017
479 -1.27986 -2.0096 -0.0803585 -0.302886
846 -1.8242 -1.58174 -0.288476 0.336077
547 -1.92619 -1.29486 -0.151847 0.475229
183 -1.22004 -2.14021 -0.346353 0.581568
423 -1.65475 -1.75889 -0.412454 -0.244511
415 -1.85928 -1.8339 -0.855615 -0.309472
951 -1.6151 -1.57131 -0.591714 -0.115533
886 -1.437 -1.70962 -0.694317 -0.259965
634 -1.7417 -1.66641 0.0548287 -0.106748
720 -1.73358 -1.45885 0.12018 0.0258601
440 -1.91056 -1.81877 0.354025 -0.29168
179 -1.5593 -1.95953 0.360849 -0.17445
457 -1.46448 -1.53285 -0.193474 0.476377
43 -1.54822 -1.37962 -0.402542 0.801549
949 -1.68419 -1.52254 -0.388653 0.757796
641 -1.82631 -1.56036 -0.297958 -0.0718587
239 -1.70989 -1.52044 -0.331581 -0.0189289
235 -1.79021 -1.45064 -0.411006 0.110231
446 -2.01408 -1.54486 -0.371176 -0.0838907
776 -1.25332 -2.06675 0.150216 0.13424
383 -2.11907 -1.32734 -0.713018 0.278288
178 -1.06504 -2.09992 -0.559966 0.732565
688 -1.19669 -1.90063 -0.150917 0.38106
106 -1.51823 -1.89526 -0.0622242 0.963885
529 -1.42445 -1.71705 0.116515 0.392201
905 -1.90292 -1.62354 -0.0414056 0.301474
633 -1.4546 -1.76944 0.374485 -0.0707693
690 -1.37247 -1.70267 -0.431989 0.675482
948 -1.77051 -1.8591 -0.256805 0.650831
290 -1.83656 -1.72832 -0.720017 -0.394205
750 -1.47845 -1.64795 0.04062 0.39336
193 -1.2832 -1.98172 -0.16059 0.204341
945 -1.99549 -1.55063 -0.39556 -0.098526
816 -1.71476 -1.50068 -0.308348 -0.191262
162 -1.42276 -1.60029 0.0734578 0.694586
190 -1.04672 -2.05827 -0.243664 0.574035
339 -1.27349 -2.01561 -0.681072 0.577737
200 -1.12952 -1.79351 -0.360011 0.391248
553 -1.16385 -2.29211 -0.0629453 0.0384599
607 -1.74768 -1.7216 0.075337 0.0340614
787 -1.47888 -1.66399 -0.289777 0.762887
99 -1.82572 -1.63567 -0.356327 0.726091
601 -1.67726 -1.73381 0.245506 0.086767
201 -1.39259 -1.82723 -0.324658 0.339854
226 -1.8851 -1.56276 -0.395508 -0.0384516
257 -1.43604 -1.91017 -0.0322183 0.856674
256 -1.53386 -1.96741 0.189369 0.761302
743 -1.33163 -1.67084 -0.141585 0.580267
408 -1.34562 -1.90595 0.182085 0.740015
707 -2.09767 -1.69003 -0.148322 0.504637
528 -1.1467 -2.18522 -0.00592062 -0.191575
763 -1.65625 -1.70555 0.0324669 -0.0389442
926 -1.56531 -1.6258 -0.0771362 0.108112
933 -1.74691 -1.66032 -0.2947 0.203913
234 -1.78627 -1.47895 -0.337695 -0.150895
946 -1.45467 -1.8773 0.0124454 0.077476
853 -1.18988 -1.84657 -0.143518 0.417158
351 -1.25912 -1.86588 -0.273496 0.556108
358 -1.2432 -1.94057 -0.14666 0.39341
526 -1.39257 -1.80835 0.20828 0.474522
670 -1.53779 -2.00181 -0.0266026 0.384553
411 -1.88421 -2.07199 -0.534875 -0.648997
470 -1.14734 -2.26401 0.0287004 -0.145023
756 -1.51528 -1.68783 0.120489 0.222536
918 -1.37173 -1.58578 0.232321 0.108357
834 -1.60736 -1.76837 -0.237765 0.546275
122 -1.70587 -1.67138 0.152309 0.0319988
184 -1.17517 -2.03405 -0.310937 0.683406
556 -1.14048 -1.94392 -0.192043 0.341903
898 -1.23073 -1.89976 -0.234897 -0.00750906
482 -1.18342 -2.13825 -0.0722487 -0.239124
969 -1.75085 -1.66362 -0.400508 0.0179651
974 -1.7141 -1.74771 -0.216075 -0.0803638
366 -1.5111 -1.90928 0.0901774 0.92142
833 -1.47217 -1.43185 -0.0574249 0.402378
730 -1.95862 -1.30277 -0.186659 0.195942
734 -1.82328 -1.73176 -0.356636 0.253982
966 -1.26481 -2.09159 -0.107779 0.139027
888 -1.53124 -1.86121 -0.571151 -0.148111
373 -1.39237 -1.73251 0.0538656 0.655761
424 -1.63656 -1.56942 -0.48571 -0.125241
357 -1.1929 -1.76819 -0.114194 0.584991
269 -1.33476 -1.80425 0.333061 0.963173
983 -1.56109 -1.93591 -0.295218 0.136138
928 -1.6053 -1.72378 -0.290735 0.228718
355 -1.04042 -2.26874 0.00346019 -0.0434117
661 -1.25201 -1.73122 0.250373 0.765164
929 -1.28098 -1.67917 -0.253055 0.466808
997 -1.73964 -2.06986 0.212021 0.476499
605 -1.5498 -1.78859 0.0811025 0.0381028
114 -1.52482 -1.58627 -0.357643 0.730507
622 -1.71758 -1.38965 -0.445292 0.203004
876 -1.38637 -1.84415 -0.0977418 0.498541
199 -1.12901 -1.73868 -0.00477805 0.452393
115 -1.43935 -1.52139 -0.148385 0.688728
100 -1.59965 -1.58773 -0.233232 0.826091
65 -2.12311 -1.33421 -0.688428 0.543255
748 -2.11644 -1.38786 -0.726801 0.381232
766 -1.72369 -1.39099 -0.315293 -0.0962748
353 -1.19794 -1.78219 -0.0747041 0.396113
35 -1.57324 -1.34868 -0.502032 0.373499
806 -1.48696 -1.45648 -0.279074 0.417318
291 -1.652 -1.76864 -0.610661 -0.230948
494 -1.64699 -1.57064 -0.452939 0.29968
902 -1.714 -1.42453 -0.33695 0.153217
240 -1.68662 -1.41843 -0.418295 -0.0348156
654 -1.69654 -1.63108 -0.0485612 0.166895
752 -1.53163 -1.68785 0.026093 0.312963
352 -1.12844 -1.77654 -0.339495 0.597922
887 -1.63569 -1.78977 -0.878601 -0.360775
737 -1.62773 -1.58321 -0.132941 0.417672
733 -1.56262 -1.59501 -0.162648 0.494187
986 -1.78573 -1.93453 0.196408 -0.117433
244 -1.73815 -1.7242 -0.138733 -0.22148
337 -1.17151 -1.85485 -0.200437 -0.072102
416 -1.53923 -1.89955 -0.459575 -0.238666
932 -1.94198 -1.52933 -0.18839 -0.100339
917 -1.81355 -1.16935 -0.653273 0.433975
354 -0.995038 -1.92518 -0.326816 0.509725
693 -1.14192 -1.99416 -0.207842 0.54788
676 -1.57927 -1.80313 0.102287 0.556153
377 -1.45821 -1.739 0.131155 0.633513
206 -1.29905 -1.82008 -0.247246 0.58743
947 -1.48768 -1.85267 0.00316245 0.615426
930 -1.68926 -1.61098 -0.244921 0.907658
665 -1.623 -1.85614 0.182564 0.361737
647 -1.55504 -1.42431 -0.19914 0.0938208
865 -1.78375 -1.46901 -0.180415 0.0658256
393 -1.79915 -1.2319 -0.589006 0.223052
788 -1.55949 -1.46024 -0.442405 0.68482
25 -2.30469 -1.3954 -0.859768 0.625938
625 -1.86361 -1.16753 -0.681733 0.126517
915 -1.83871 -1.56205 -0.434387 -0.146043
942 -1.70849 -1.73075 -0.106114 0.221368
889 -1.61829 -1.7001 -0.619689 -0.140794
429 -1.48413 -1.75637 -0.436373 -0.00524047
177 -1.20645 -2.26409 -0.288768 0.469513
595 -1.94614 -1.77607 0.113141 0.0126352
460 -1.5452 -1.39787 -0.205805 0.0371319
254 -1.71184 -1.8968 0.242268 0.167673
861 -1.06881 -1.90634 -0.0162865 0.601594
118 -1.37984 -1.49017 -0.36729 0.709612
761 -1.586 -1.84995 -0.210089 -0.316319
242 -1.74229 -1.43383 -0.418742 -0.0276285
69 -1.61737 -1.37752 -0.649115 -0.225574
931 -1.61994 -1.65332 -0.306913 0.552847
927 -1.43578 -1.63575 -0.762347 -0.279472
811 -2.05128 -1.22739 -0.531498 0.299803
924 -1.68094 -1.71614 -0.317791 0.542596
119 -1.49208 -1.59497 -0.24324 0.722597
302 -1.59848 -1.62198 -0.487597 -0.335459
186 -1.29729 -2.09572 -0.142175 0.549737
872 -1.20359 -1.96419 -0.133353 -0.0628524
810 -1.77566 -1.43637 -0.622916 0.425099
72 -1.64226 -1.42173 -0.575176 0.109051
507 -1.5103 -1.84184 -0.63296 -0.220217
318 -1.70289 -2.15665 -0.867099 -0.524995
979 -1.8014 -1.53865 -0.685098 0.236693
158 -1.15832 -1.86282 0.200055 0.646186
262 -1.58445 -2.00615 0.283233 0.743451
604 -1.71146 -1.91392 0.0409944 -0.21095
455 -1.55007 -1.86785 0.150294 -0.318781
701 -1.28175 -1.89117 -0.218779 0.467419
295 -1.10959 -1.83492 -0.216727 0.346091
844 -1.53827 -1.73394 -0.322372 0.376655
870 -1.54211 -1.58503 -0.443021 0.623024
938 -1.43691 -1.56056 -0.171524 0.516122
762 -1.72316 -1.61619 -0.149849 -0.173823
717 -1.63241 -1.49557 -0.267688 0.234055
975 -1.6448 -1.74617 -0.176353 0.61235
559 -1.02145 -2.06426 0.0315647 -0.0807322
116 -1.41012 -1.43316 -0.275492 0.897326
469 -1.47008 -1.83771 -0.333941 0.745793
875 -1.23865 -2.01414 -0.0798292 0.534208
910 -1.26335 -1.67381 -0.136192 0.480463
893 -1.55599 -1.67832 -0.267428 0.830925
265 -1.47243 -1.96574 0.285001 0.918843
968 -1.64604 -1.69065 -0.356873 -0.217551
617 -1.76204 -1.51444 -0.531617 0.0716404
764 -1.45498 -1.77722 0.0660933 -0.0382348
109 -1.61581 -1.77722 -0.108085 0.820536
108 -1.79277 -1.64105 -0.43008 0.883851
347 -1.24395 -1.91438 -0.132694 0.58501
37 -1.83235 -1.28277 -0.633329 0.205809
817 -1.30546 -2.38207 -0.207859 -0.166155
298 -1.57764 -1.60538 -0.550202 -0.225914
307 -1.21939 -1.70317 -0.339347 0.304437
270 -1.18347 -1.85234 -0.0882417 0.470587
391 -1.77966 -1.12352 -0.640236 0.423677
204 -1.25236 -1.96978 -0.204008 0.388779
268 -1.34574 -1.5208 0.0252952 0.49978
692 -1.42967 -1.70831 -0.167112 0.189188
76 -1.8543 -1.29121 -0.631358 0.349307
669 -1.49218 -1.79083 0.324348 0.459748
940 -1.83604 -1.45266 -0.655951 0.409427
123 -1.42179 -1.54639 -0.303114 0.731722
831 -1.34215 -1.91268 0.082694 -0.154322
878 -1.40903 -1.92172 -0.14513 0.325743
891 -1.68364 -1.9797 0.0372807 -0.00358927
360 -1.23174 -2.06596 -0.190406 0.371654
198 -1.04924 -1.92639 -0.242427 0.294474
155 -1.45244 -1.67839 0.102603 0.678366
572 -1.60275 -1.72886 -0.554941 -0.380335
980 -1.47377 -1.86775 0.216959 0.529566
814 -1.68706 -1.56539 -0.339746 -0.0851689
962 -1.55008 -2.0502 0.0363722 0.872858
557 -1.15168 -1.99169 -0.220142 -0.410032
588 -1.40046 -1.47697 -0.118581 0.770423
892 -1.38211 -1.66447 0.346322 -0.000243858
346 -1.44983 -2.08345 -0.396422 0.389032
205 -1.13722 -1.88384 -0.243012 0.520514
40 -1.63849 -1.16751 -0.510635 0.405613
779 -1.17705 -1.97723 -0.0494968 0.417652
167 -1.45064 -1.52874 0.00973367 0.602286
350 -1.27221 -1.89523 -0.364921 0.58572
703 -1.44195 -1.91129 -0.0152841 0.498629
512 -1.71244 -1.70195 -0.641177 -0.17608
823 -1.01786 -1.95803 -0.0447933 -0.116745
569 -1.08785 -1.86411 0.0340313 0.0745809
677 -1.51272 -1.75191 0.135306 0.116394
821 -1.10994 -1.98682 0.0971405 -0.0499651
165 -1.38394 -1.7728 0.0506512 0.666269
364 -1.37494 -2.16827 0.106942 1.10407
266 -1.53999 -1.81604 -0.00218177 0.798837
914 -1.97066 -1.36717 -0.327521 -0.0477187
509 -1.35699 -1.70902 -0.584135 -0.203413
822 -1.38678 -1.67313 0.0375756 0.545047
77 -2.06131 -1.31355 -0.700511 0.501533
495 -1.31186 -1.71513 -0.0295193 0.547417
785 -1.44271 -1.61679 0.231503 0.355276
349 -1.14228 -1.77407 -0.29214 0.531858
998 -1.49519 -1.86326 -0.0922136 0.413562
407 -1.4573 -1.81679 0.140343 0.788028
44 -1.78429 -1.20193 -0.659098 0.461413
506 -1.59236 -1.55641 -0.486173 -0.317462
113 -1.49452 -1.558 -0.406801 0.788462
867 -1.90699 -1.53924 -0.451832 0.0256457
618 -1.44671 -1.61667 -0.338115 0.121657
958 -1.32418 -1.61655 -0.359256 0.784313
797 -1.43139 -1.48546 -0.37443 0.77382
996 -1.68229 -1.81734 -0.370475 0.54643
404 -1.42 -1.86082 0.165639 0.574109
567 -1.44639 -1.78871 0.0890556 0.903417
987 -1.45351 -1.61845 0.0688538 0.650416
649 -1.57025 -1.50852 -0.375535 -0.108036
684 -1.36443 -2.0267 -0.207992 0.522119
194 -1.04373 -1.90172 -0.308384 0.4124
454 -1.59153 -1.55223 0.36144 -0.299301
203 -1.24851 -1.87255 -0.0423991 0.691894
804 -1.55728 -1.81028 -0.148149 -0.27093
329 -1.32347 -2.13651 0.0761295 -0.290314
807 -1.24531 -1.88654 -0.109994 0.605459
678 -1.41861 -1.71258 0.26698 0.148383
978 -1.57255 -1.72654 -0.348823 0.113346
243 -1.68245 -1.67367 0.137527 -0.351949
991 -1.31673 -1.77883 -0.10733 0.439346
150 -1.45843 -1.5201 0.000882961 0.914053
