1000 8
550 -0.439998 1.25359 -0.279305 -1.12499 0.0249263 0.991927 -0.633448 -0.931269
543 -0.483964 1.12863 -0.163773 -1.10942 0.128105 0.893218 -0.461592 -0.688181
82 -1.24483 1.82563 0.228428 -1.15363 0.993723 1.05581 -0.190939 -1.18291
138 -1.0724 1.63883 0.239723 -1.16215 0.852817 0.8586 -0.198956 -0.910003
128 -1.18479 2.05255 0.131723 -1.36653 1.04655 0.996199 -0.175709 -0.901487
371 -0.909193 1.50226 0.0049583 -1.09027 0.782764 0.921026 -0.203325 -0.673328
137 -0.90217 1.71872 0.118535 -0.916574 1.01916 0.946345 -0.361471 -0.885074
13 -0.949928 1.83777 0.111634 -1.19937 0.974237 0.882969 -0.299132 -0.946863
81 -1.15163 1.71115 0.247195 -1.38391 0.907943 0.950833 -0.0929111 -1.09432
430 -0.562068 1.07437 -0.0395037 -1.1235 -0.462323 1.04124 -0.786701 -0.642273
42 -0.35298 0.921126 -0.19184 -1.03108 -0.032917 0.840707 -0.674536 -0.673564
0 0.10805 1.47888 -0.35774 -1.3902 0.0666341 1.20054 -1.05717 -1.5011
35 -0.292567 1.04592 -0.197245 -1.10268 0.103231 0.871139 -0.725444 -1.09428
538 -0.228134 1.27581 -0.20295 -1.05587 0.272786 0.842773 -0.665597 -0.983184
695 -0.41479 1.58233 0.199205 -1.0589 0.0458485 1.14716 -0.606926 -0.668708
54 -0.358342 1.52344 0.0747162 -1.00938 0.173184 1.11094 -0.649032 -0.709814
394 -0.679081 1.68223 0.149268 -0.842604 0.36291 1.15576 -0.382598 -0.706791
518 -0.683022 1.38992 0.1058 -0.810552 0.11905 1.18426 -0.36567 -0.619367
167 -0.729782 1.28018 0.0749015 -0.955168 0.329318 0.974295 -0.318164 -0.558262
653 -0.807473 1.16691 -0.311559 -1.31868 -0.0772397 1.34315 -0.0730933 -0.302691
562 -0.703704 1.07965 -0.0687903 -1.48836 0.205317 0.851566 -0.0543709 -0.94819
46 -0.425688 1.04247 -0.118526 -1.21988 -0.0258648 0.930534 -0.400712 -0.821694
15 -0.386029 0.740217 -0.584088 -1.88854 0.277624 1.33975 -0.909477 -0.381568
236 -0.621478 0.783954 -0.509917 -1.22032 0.141812 1.17693 -0.64631 -0.475315
865 -0.563903 0.979918 -0.242316 -1.41008 0.293406 1.20105 -0.619805 -0.53363
913 -0.579689 0.91984 -0.221318 -1.19588 0.157412 1.13352 -0.57053 -0.614178
383 -0.230635 1.0966 -0.357425 -1.37301 -0.0370334 0.949723 -0.760293 -0.944873
748 -0.291911 1.09589 -0.16467 -1.23468 0.12337 1.00187 -0.770843 -0.912491
877 -0.51079 0.947037 -0.115491 -1.24543 0.0273406 1.10122 -0.417988 -0.357643
221 -0.591933 0.763699 -0.244962 -1.62839 0.149233 1.30353 -0.833437 -0.357216
210 -0.535469 0.78026 -0.317944 -1.78855 0.407237 1.32481 -0.713285 -0.226818
238 -0.524497 0.686383 -0.224404 -1.3992 0.27944 0.982828 -0.564024 -0.361826
912 -0.510675 0.746025 -0.300043 -1.45409 0.25395 1.19132 -0.568971 -0.357931
214 -0.56642 0.775398 -0.320695 -1.70576 0.233323 1.35927 -0.609229 -0.247888
215 -0.55741 0.657953 -0.431333 -1.7542 0.369675 1.27038 -0.67842 -0.341947
216 -0.675573 0.790213 -0.453207 -1.56691 0.317413 1.38523 -0.679457 -0.420934
636 -0.613902 0.824974 -0.402097 -1.92423 0.395198 1.36389 -0.707771 -0.338077
84 -0.732247 0.904523 -0.0395547 -2.06172 0.214446 0.982319 0.0485307 -1.16354
33 -0.414709 1.3755 -0.0105497 -1.04435 0.133945 1.10897 -0.62336 -0.757965
32 -0.128011 1.12586 -0.341699 -1.14957 -0.00899239 1.00043 -0.752968 -1.12004
17 -0.109601 1.29914 -0.412922 -1.50079 0.0774096 0.850892 -0.86677 -1.36397
16 -0.114619 1.3175 -0.223371 -1.35287 0.25989 0.865879 -0.916473 -1.18028
20 -0.126745 1.07637 -0.350343 -1.4327 -0.0672492 0.949933 -0.994426 -1.05471
939 -0.260908 1.10528 -0.137167 -1.23857 0.0273517 0.836279 -0.860631 -0.963266
416 -0.833886 1.24809 -0.0795085 -1.04197 -0.278073 1.06655 -0.786633 -0.739326
301 -0.733051 1.04295 0.0193241 -1.0537 -0.366636 1.03096 -0.677092 -0.582751
271 -1.0673 1.45224 0.0662164 -1.35027 -1.11308 1.37969 -1.33652 -0.747339
281 -0.745029 1.05124 0.10049 -1.55094 -0.0450136 1.00507 -0.0312194 -1.05367
91 -0.556794 0.925837 -0.0830129 -1.84877 0.0440955 1.06687 0.0503613 -0.889122
931 -0.567035 1.01086 -0.120925 -1.36154 0.00454995 0.992795 -0.204067 -0.740007
173 -0.308843 1.22369 0.444851 -1.67917 -0.0312831 1.57953 0.0361237 -0.0387785
169 -0.379421 1.28821 0.409444 -1.77946 -0.0128814 1.84075 -0.208387 0.0787545
209 -0.563484 0.748937 -0.491373 -1.9825 0.107535 1.60343 -0.931476 -0.07969
963 -0.644097 1.09337 -0.221073 -1.00665 0.151785 1.07002 -0.304443 -0.552297
220 -0.686348 1.12027 -0.425462 -1.29277 0.21062 1.17496 -0.529124 -0.442143
5 -0.0436366 1.38516 -0.362106 -1.60297 0.164807 0.918507 -0.975653 -1.29545
23 -0.151523 1.25121 -0.325588 -1.40361 0.109362 0.991544 -0.969961 -1.12585
10 0.0163147 1.40564 -0.323101 -1.52924 0.226103 0.86147 -0.874396 -1.41448
28 -0.211424 1.0737 -0.213229 -1.26779 0.144218 0.867486 -0.755566 -0.904261
18 -0.0686279 1.3037 -0.285024 -1.49275 0.110246 0.849638 -0.935275 -1.34476
920 -0.381115 1.00266 -0.236376 -1.11233 -0.0714662 1.05049 -0.500894 -0.662772
30 -0.12312 0.999517 -0.335307 -1.26107 0.0407951 0.975353 -0.831156 -1.03965
619 -0.265041 0.956411 -0.188804 -1.12927 -0.0329582 0.875951 -0.594746 -0.742638
765 -0.558206 0.949319 -0.073118 -1.49918 -0.0215529 1.05492 -0.0319732 -0.970187
6 0.0516763 1.32848 -0.482704 -1.37659 -0.0838566 1.1254 -0.853694 -1.33817
379 -0.60731 0.987171 -0.0335874 -1.18322 0.13431 0.78172 -0.0328198 -0.638901
469 -0.675825 1.18234 -0.103251 -1.33004 0.224031 0.925101 -0.103811 -0.984647
123 -0.721833 0.969819 -0.00378506 -1.21946 0.226166 0.882767 -0.0775351 -0.733558
663 -1.32076 1.44909 -0.48685 -1.00246 0.422602 1.31999 -0.318727 -0.239394
839 -0.787387 1.07671 -0.0732345 -1.38273 0.15836 1.03936 -0.03952 -0.760385
160 -0.831673 1.28757 0.165965 -1.03427 0.606134 0.835294 -0.0806817 -0.675271
560 -1.08802 1.48582 0.129964 -1.178 0.690263 0.967781 -0.37168 -0.834648
888 -0.713579 1.09065 0.0173192 -1.05629 -0.253001 0.974388 -0.597189 -0.54371
277 -1.03498 1.28436 0.0874237 -1.16412 -0.894194 1.30962 -1.22776 -0.72048
410 -0.956705 1.34539 0.0380352 -1.46545 -1.13316 1.39929 -1.13148 -0.975826
446 -0.503179 0.855976 -0.40334 -1.53202 0.180506 1.30201 -0.525812 -0.288769
767 -0.57489 0.921074 -0.227202 -1.2547 0.148412 1.13805 -0.451521 -0.234887
945 -0.586052 0.900545 -0.25459 -1.36913 0.236492 1.15836 -0.523242 -0.357303
213 -0.542287 0.778696 -0.4816 -1.69934 0.360281 1.33435 -0.795936 -0.228701
211 -0.469979 0.720128 -0.458429 -1.71002 0.139192 1.34167 -0.805252 -0.274656
867 -0.517724 0.880097 -0.373734 -1.4456 0.193028 1.09396 -0.508677 -0.438993
970 -0.641035 0.941058 -0.221863 -1.27277 0.206171 1.14554 -0.481804 -0.496655
766 -0.544623 0.640199 -0.410418 -1.5217 0.167951 1.12927 -0.702343 -0.161157
229 -0.568685 0.855781 -0.425387 -1.58574 0.195224 1.1221 -0.551394 -0.462852
2 -0.0972821 1.4721 -0.365521 -1.42695 0.322186 0.768391 -1.02768 -1.50485
49 -0.19965 1.01858 -0.133387 -1.07753 -0.0355543 0.791672 -0.757295 -0.850175
705 -0.541803 1.69867 0.275622 -1.00137 -0.00459629 1.30877 -0.484162 -0.678085
708 -0.528994 1.52651 0.113602 -1.01079 0.133271 1.16627 -0.384918 -0.67821
906 -0.631847 1.22212 -0.055302 -1.10859 0.103143 1.22407 -0.349445 -0.651927
937 -0.554204 1.24598 0.0289518 -1.11939 0.0066514 1.16802 -0.368069 -0.613053
108 -0.633507 1.15778 0.040206 -1.30849 -0.0475664 1.0113 -0.248984 -0.727615
79 -0.885951 1.22432 0.0212174 -2.18288 -0.0673193 0.993978 0.36835 -1.47726
80 -0.733785 1.13451 -0.089575 -2.16955 0.0791491 1.01855 0.341102 -1.48992
585 -0.556792 1.15588 0.0751368 -1.27846 -0.0319549 1.29804 -0.158305 -0.460606
157 -0.815768 1.20127 0.0256562 -1.01788 0.40819 0.930299 -0.214972 -0.625244
75 -0.650905 1.16618 -0.0592829 -0.952689 0.45614 0.808948 -0.219233 -0.706468
1 0.0371704 1.59126 -0.357454 -1.56199 0.333481 0.951164 -1.27361 -1.60676
287 -0.884631 1.14309 -0.0486174 -1.1217 -0.801934 1.15985 -1.02761 -0.520288
291 -0.826825 1.16762 -0.00208573 -1.12577 -0.573224 1.15603 -0.853695 -0.574111
494 -0.715897 1.10943 0.0139103 -1.05049 -0.339276 0.99992 -0.70008 -0.674535
507 -0.71816 1.09436 -0.0648099 -0.960117 -0.289944 1.09662 -0.712279 -0.554592
889 -0.76921 1.14305 -0.0410625 -0.867084 -0.248477 1.05009 -0.735944 -0.573115
8 -0.95822 1.52828 -0.526574 -0.348837 -0.0858406 1.68841 -0.643208 -1.11075
482 -0.797703 1.16646 -0.360673 -0.469907 0.0140652 1.30476 -0.359426 -0.766485
11 -1.08719 1.59201 -0.54481 -0.30302 0.0421963 1.68063 -0.442477 -1.21739
156 -0.933014 1.28564 -0.252729 -0.44199 0.194685 1.21059 -0.263441 -0.750386
312 -1.18716 1.52023 -0.555381 -0.194866 0.0722664 1.85163 -0.378868 -1.02554
848 -0.7902 1.25109 -0.283678 -0.666512 0.113714 1.23064 -0.470913 -0.814583
387 -0.167843 0.99828 -0.351702 -1.29711 0.137339 0.898403 -0.739553 -0.866729
55 -0.296494 1.26072 -0.177735 -1.24386 0.426544 0.664841 -0.566287 -0.946472
25 -0.234019 1.18184 -0.258398 -1.29148 0.144409 0.936403 -0.811344 -1.0859
36 -0.366105 1.10298 -0.32574 -0.988685 0.11456 0.917031 -0.692977 -0.838523
188 -0.72189 1.31313 0.208405 -1.17842 0.315776 1.2441 -0.106009 -0.525921
135 -1.1894 1.70214 0.197861 -1.19818 0.916203 0.997974 -0.12188 -0.871492
67 -0.672808 1.33917 0.0440279 -0.946732 0.585146 0.6771 -0.301308 -0.683926
947 -0.828388 1.33101 0.0972392 -1.06987 0.652622 0.857248 -0.213642 -0.775594
71 -0.316674 1.13531 -0.203885 -1.06498 0.0483423 0.903209 -0.738587 -0.813923
601 -0.779605 1.27018 -0.240233 -1.15429 -0.0471407 1.20771 0.0335688 -0.261769
433 -0.901477 1.38765 -0.616125 -1.66842 -0.53584 1.7508 0.0925344 -0.0827596
179 -0.778613 1.2405 -0.289187 -1.23193 -0.378691 1.64813 0.218325 -0.00557457
134 -1.13396 1.50684 -0.614838 -1.6543 -0.340759 1.81709 0.47293 0.152759
436 -0.973942 1.35639 -0.456576 -1.34831 -0.289963 1.60487 0.291026 -0.0640332
443 -0.667082 1.14225 -0.393777 -1.42617 -0.326793 1.56501 0.0391717 -0.207626
441 -0.71112 1.17593 -0.433375 -1.33152 -0.31591 1.4499 0.0923904 -0.0894971
4 -0.0955724 1.28472 -0.660282 -1.36762 0.0843465 1.05973 -1.07567 -1.35705
386 -0.416043 1.02856 -0.14662 -1.22296 -0.0691456 0.848883 -0.660727 -0.809805
604 -0.69681 1.16787 -0.356754 -1.11257 -0.292757 1.31828 -0.0925962 -0.347079
491 -0.733936 1.22588 -0.17345 -1.20953 -0.0321762 1.15652 0.192858 -0.177444
434 -1.05553 1.53368 -0.667184 -1.43274 -0.427346 1.76801 0.377765 0.0738056
435 -1.10757 1.60551 -0.403663 -1.52246 -0.395624 1.76515 0.386994 0.094014
444 -0.859212 1.17325 -0.444527 -1.28392 -0.446468 1.41912 -0.0218285 -0.0116548
314 -1.15672 1.44604 -0.708895 -0.395012 -0.140569 1.77199 -0.359144 -1.06574
918 -0.941306 1.23459 -0.348739 -0.702918 0.0347305 1.26864 -0.326912 -0.600986
756 -0.958012 1.13099 -0.368546 -1.0353 0.271776 1.1738 -0.354167 -0.388003
995 -0.862484 1.35479 -0.344649 -1.15091 0.122881 1.38765 -0.293784 -0.418369
992 -0.860882 1.34724 -0.255324 -1.09505 0.118651 1.27576 -0.404684 -0.551309
674 -0.865198 1.33328 -0.445985 -0.737204 0.0256043 1.37289 -0.407885 -0.662203
662 -1.43269 1.53456 -0.646031 -0.998315 0.262562 1.514 -0.371564 -0.141848
413 -0.759116 1.14332 -0.0115474 -1.19978 -0.675119 1.24445 -0.826505 -0.562781
752 -0.736191 1.17657 -0.226547 -1.09412 0.0753756 1.07474 -0.074126 -0.40439
926 -0.622377 1.22743 -0.240465 -1.23657 -0.123634 1.15017 -0.187014 -0.47212
591 -0.899425 1.39574 -0.442881 -1.54855 -0.352647 1.5888 0.371632 0.0135747
919 -0.654932 1.22106 -0.426743 -1.41246 -0.346681 1.42983 0.0333688 -0.19315
44 -0.177631 1.05985 -0.173166 -1.14519 0.0561386 0.817192 -0.71226 -0.835635
346 -0.596476 1.27833 -0.0179639 -1.26952 -0.0641266 1.3573 -0.483196 -0.36584
339 -0.322211 1.15646 0.267593 -1.59693 -0.148644 1.61212 -0.564739 -0.122169
859 -0.447192 1.26614 0.163482 -1.34633 -0.148369 1.79547 -0.0613266 -0.335253
197 -0.473536 1.12707 0.00912369 -1.2395 0.00860976 1.42263 -0.223499 -0.272611
168 -0.168548 1.27268 0.282393 -1.38652 0.0783623 2.07215 -0.341913 -0.0528813
7 -0.258886 1.36988 0.283591 -1.44563 -0.0380175 1.61571 -0.369387 -0.202473
699 -0.51784 1.06595 -0.0142081 -1.20797 -0.0581754 1.13447 -0.339975 -0.242669
595 -0.62725 1.1953 -0.378081 -1.35363 -0.224965 1.32718 -0.0446312 -0.14349
175 -0.52819 1.20155 0.23255 -1.75031 -0.0738139 1.58135 -0.039709 0.0259199
689 -0.547627 1.12589 0.0239158 -1.17247 0.0130592 1.2286 -0.135685 -0.21558
189 -0.546528 1.24252 0.189039 -1.32155 0.0723818 1.3731 0.0209864 -0.0696288
126 -0.388097 1.48908 0.613614 -1.67759 0.156643 1.83797 0.0189185 -0.0231103
310 -0.860357 1.45301 -0.588409 -0.45058 -0.0995298 1.97906 -0.405532 -1.15715
131 -1.33574 1.59107 -0.453631 -0.309087 0.0799181 1.75537 -0.435926 -1.09271
698 -0.575086 1.26288 -0.0466281 -1.18397 0.0326638 1.3654 -0.170113 -0.261161
997 -0.992613 1.3713 -0.108422 -1.12092 0.302571 1.30738 -0.121376 -0.522252
605 -0.746924 1.19616 -0.190429 -1.13839 0.00907929 1.21307 -0.19723 -0.377226
837 -0.932327 1.26588 -0.194571 -1.08236 0.291688 1.22482 -0.139215 -0.377325
658 -0.858699 1.28975 0.034434 -1.14912 0.524075 0.943206 -0.259506 -0.74612
563 -0.916918 1.42719 0.13121 -1.16737 0.656473 0.902134 -0.18842 -0.745433
372 -0.786001 1.34079 0.116702 -1.17678 0.54266 0.898531 -0.199323 -0.781706
740 -0.84749 1.3946 0.212258 -1.06673 0.633439 0.823096 -0.0710568 -0.530855
941 -0.635225 1.22747 -0.131956 -1.13751 0.125662 1.18399 -0.39736 -0.571799
187 -0.682231 1.23836 0.0956369 -1.27942 0.0726104 1.41918 -0.245488 -0.37907
181 -0.624717 1.29645 0.0645816 -1.51909 -0.0744603 1.4988 -0.2117 -0.259008
180 -0.58174 1.22063 0.193918 -1.46972 -0.0445423 1.47725 -0.129354 -0.214848
509 -0.634938 1.03861 -0.0124797 -1.15006 -0.516373 1.14145 -0.618304 -0.368232
110 -0.57853 0.973196 0.0520699 -1.40511 -0.177735 0.771706 -0.140448 -0.760724
789 -0.708751 1.14225 0.196317 -1.85977 -0.00140522 0.860915 -0.0535462 -1.14481
795 -0.429431 1.00798 0.142262 -1.17808 0.0529924 1.04638 -0.116427 -0.331405
682 -0.4392 1.19266 0.393877 -1.68177 -0.0743229 1.47642 -0.0744314 -0.264657
972 -0.542548 1.07408 -0.102382 -1.01422 0.0164223 1.24492 -0.36105 -0.485597
684 -0.597142 1.18831 -0.094707 -1.28945 0.0641562 1.40506 -0.363384 -0.447796
308 -0.868729 1.46416 -0.601043 -0.420213 -0.0530175 1.90825 -0.563205 -1.36398
311 -1.10168 1.49253 -0.588663 -0.299193 0.173693 1.78845 -0.264928 -1.22796
319 -0.916792 1.24661 -0.427871 -0.431429 0.160908 1.48092 -0.228436 -0.941002
355 -0.692471 1.13525 -0.263366 -0.614585 -0.0571783 1.34142 -0.366191 -0.545758
536 -1.0068 1.37524 -0.574487 -0.388793 -0.294478 1.77675 -0.717049 -1.06841
306 -0.80353 1.13638 -0.197036 -0.942568 -0.555542 1.17826 -0.835222 -0.597157
303 -0.698961 1.16446 0.0146301 -1.07092 -0.206303 1.06625 -0.536233 -0.565497
957 -0.542698 1.01912 0.0652356 -1.14277 0.10238 1.21257 -0.0709824 -0.47652
909 -0.522348 1.25192 0.343728 -1.47659 0.0807744 1.47242 -0.0766865 -0.264617
176 -0.384941 1.08297 0.180802 -1.52882 0.0201717 1.46608 -0.0542743 -0.0853901
172 -0.448325 1.29194 0.306123 -1.33596 -0.0508826 1.59756 -0.093305 -0.189589
125 -1.2274 1.98563 0.274166 -1.31739 0.92737 1.29292 0.171295 -0.774443
154 -0.783118 1.24674 -0.0126755 -1.35561 0.2733 0.935066 -0.000240515 -0.810031
587 -0.686896 1.15433 -0.0669432 -1.24452 0.0926189 0.993604 -0.0887092 -0.816301
870 -0.63032 1.01742 -0.0970121 -1.21857 0.0345188 0.998457 -0.269804 -0.790577
288 -0.761603 1.1043 -0.0354187 -1.16981 -0.502626 1.11332 -0.786519 -0.602683
99 -0.746813 1.02814 0.0239404 -1.47599 -0.226833 0.975867 -0.162988 -0.901279
109 -0.71173 1.16279 0.00408215 -1.22542 0.189667 1.01806 -0.117673 -0.808976
466 -0.278291 0.95009 -0.218214 -1.07607 0.218672 0.795289 -0.538635 -0.840498
22 -0.24969 1.0828 -0.257706 -1.40818 -0.00906267 0.895188 -0.879243 -1.10715
130 -1.09125 1.76533 0.288096 -1.2746 0.863653 0.870288 -0.368838 -0.945263
251 -0.905873 1.64551 0.1296 -1.09013 0.836106 0.816323 -0.296816 -0.973926
147 -0.85979 1.47557 0.161805 -0.965123 0.701547 0.913911 -0.102418 -0.726914
320 -0.800337 1.18366 -0.385359 -0.274272 0.0602001 1.40554 -0.465695 -1.02372
680 -0.315515 1.21289 0.151475 -1.50123 0.124689 1.47552 -0.386451 -0.249133
21 -0.100198 1.04742 -0.296894 -1.36537 -0.0331898 1.05769 -0.941426 -1.01628
60 -0.168974 1.18057 -0.465607 -1.20397 -0.0145272 0.88874 -0.93068 -1.09149
194 -0.43641 1.12098 0.160202 -1.16478 -0.0605067 1.34542 -0.202985 -0.165503
348 -0.466327 1.2477 0.165327 -1.13656 -0.08717 1.32489 -0.176306 -0.164759
347 -0.509619 1.25167 0.0363085 -1.04381 0.243478 1.09899 -0.282924 -0.471278
351 -0.410726 1.14994 0.021212 -1.23957 -0.048481 1.28998 -0.289276 -0.194944
344 -0.478691 1.10664 0.113373 -1.42247 -0.0482503 1.48322 -0.321247 -0.345511
342 -0.289898 1.1489 0.135114 -1.36576 0.0239406 1.57012 -0.395588 -0.339899
683 -0.536345 1.23639 0.145947 -1.47077 0.0595267 1.41797 -0.298689 -0.268358
632 -0.699133 1.23866 -0.414944 -1.14468 -0.321146 1.43631 -0.0424702 -0.134724
594 -0.892237 1.40427 -0.403251 -1.44546 -0.225353 1.49979 0.223498 0.0478654
140 -1.05679 1.52563 0.0262205 -1.11985 0.813231 0.91345 -0.0578172 -0.531474
398 -0.999811 1.45701 0.154979 -1.18596 0.708013 0.934559 -0.0707411 -0.723323
373 -0.885065 1.27546 0.128882 -1.17232 0.749552 0.830969 -0.162482 -0.709668
916 -0.64274 1.13353 -0.245671 -1.23211 -0.146563 1.23094 -0.260279 -0.419844
655 -0.651187 1.07452 -0.250937 -1.2339 -0.0295585 1.13527 -0.241463 -0.548662
654 -0.677251 1.32221 -0.159317 -1.0652 0.0115624 1.28599 -0.267154 -0.414551
750 -0.69013 1.43788 0.0732974 -0.80125 0.128333 1.08433 -0.347144 -0.624651
549 -0.509721 1.2588 -0.131453 -1.05179 0.0535412 0.944917 -0.490166 -0.688016
639 -0.593797 0.627821 -0.306286 -1.48578 0.0283146 1.26594 -0.926707 -0.216006
223 -0.461164 0.61411 -0.394634 -1.80574 0.29064 1.12633 -0.67829 -0.304352
881 -0.588402 0.9051 -0.222335 -1.24233 -0.00675948 1.0592 -0.631998 -0.502118
900 -0.575822 0.866992 -0.207312 -1.44055 0.174529 1.18631 -0.59251 -0.349808
362 -0.991633 1.46797 -0.42457 -1.45287 -0.367131 1.43916 0.446565 0.0486238
459 -0.664221 1.21357 -0.376669 -1.26625 -0.337051 1.36093 0.0309378 -0.0599641
593 -0.921185 1.37736 -0.442196 -1.29275 -0.227855 1.51755 0.265215 -0.106364
609 -0.937451 1.33166 -0.481815 -1.30642 -0.398937 1.67953 0.257154 -0.0121612
874 -0.591615 1.33579 0.178612 -1.3324 0.130393 1.26436 0.0792174 -0.229284
681 -0.42066 1.3329 0.369805 -1.57201 -0.0525232 1.68497 0.0274072 -0.0853736
633 -0.895644 1.20278 -0.488366 -1.10535 -0.240058 1.49374 0.126585 -0.0195398
450 -0.693879 1.19227 -0.292971 -1.19895 -0.250182 1.37148 -0.0288137 -0.115339
440 -0.798413 1.28553 -0.390306 -1.27395 -0.213975 1.43701 0.184439 -0.0877717
122 -0.73199 0.969793 -0.257622 -1.30162 -0.14946 1.20519 0.0114544 -0.356995
597 -0.753984 1.1841 -0.31596 -1.17867 -0.230953 1.29337 0.11602 -0.123739
442 -0.845422 1.22786 -0.395518 -1.34375 -0.381632 1.59316 0.189849 -0.0628229
345 -0.762523 1.20189 -0.309314 -1.21809 -0.526267 1.52088 -0.194172 -0.0637966
280 -0.89387 1.20535 0.0238316 -1.31437 -1.08773 1.29276 -1.49049 -0.749333
284 -0.856357 1.15815 0.0930208 -1.23915 -0.935571 1.3374 -1.11448 -0.600986
411 -1.01168 1.17487 -0.0621141 -1.13023 -0.567121 1.35141 -0.66508 -0.519431
423 -0.83318 1.13493 -0.0350513 -1.24639 -0.648241 1.17622 -0.611996 -0.433903
506 -0.644225 0.955679 -0.134186 -1.22942 -0.30137 1.12293 -0.740563 -0.459472
272 -1.06779 1.47102 0.00693716 -1.48602 -1.09326 1.51208 -1.33026 -0.503303
505 -0.553255 0.907702 -0.205596 -1.33807 0.072059 0.974109 -0.645491 -0.296624
395 -0.740078 1.10601 -0.173538 -1.51976 0.663253 1.07602 -0.637801 -0.389346
608 -0.724324 1.09602 -0.232311 -1.14337 -0.156085 1.22475 -0.0893699 -0.115525
592 -0.834011 1.29836 -0.404669 -1.41807 -0.307748 1.50169 0.136708 0.0249945
451 -0.643452 1.01283 -0.2552 -1.0781 -0.184991 1.32757 0.00307408 -0.217921
726 -1.09058 1.5102 -0.457596 -0.26312 -0.260401 1.67321 -0.519657 -1.14325
706 -0.538061 1.75185 0.16841 -0.827102 0.0611614 1.26472 -0.7499 -0.685078
707 -0.622771 1.68316 0.159004 -0.840669 0.157215 1.38381 -0.598554 -0.714178
617 -0.44918 0.865866 -0.361363 -1.51946 0.0946431 1.15308 -0.842305 -0.462362
289 -0.790316 0.972126 0.0718663 -1.34445 -0.712844 1.07153 -0.925768 -0.675181
502 -0.704897 1.14109 -0.0546956 -1.04627 -0.447091 1.15335 -0.673103 -0.450884
418 -0.649064 1.02941 0.0283757 -1.17716 -0.669907 1.06406 -0.972463 -0.695617
279 -0.926979 1.19175 0.0615893 -1.30293 -0.915145 1.24591 -1.29395 -0.555304
927 -0.782958 1.06308 0.0283782 -0.947585 -0.562124 1.0185 -0.928868 -0.569487
285 -1.0186 1.17804 0.0372858 -0.984343 -0.62219 1.18418 -1.08811 -0.652952
273 -1.17448 1.33954 0.205305 -1.50949 -0.807936 1.31041 -1.45709 -0.775855
631 -0.614786 1.05283 -0.244065 -1.06451 -0.186741 1.27147 0.0586975 -0.211961
522 -0.929782 1.18232 -0.309227 -0.947439 0.236206 1.19349 -0.240246 -0.312689
404 -0.969375 1.3276 -0.148874 -0.9995 0.43598 1.1541 -0.109581 -0.540083
50 -1.1769 1.64863 -0.597879 -0.97843 0.672566 1.23571 -0.388974 -0.28644
533 -0.959205 1.15919 -0.414064 -0.981669 0.238773 1.17804 -0.253902 -0.395286
499 -0.738004 1.00939 -0.0124541 -1.08664 -0.218301 0.9722 -0.391685 -0.587713
857 -0.69594 0.931808 0.0260125 -1.57274 -0.0548463 0.988264 -0.00679235 -0.914121
996 -0.775471 1.17005 -0.101535 -1.34376 -0.0263333 1.2204 -0.173838 -0.589442
448 -0.756796 1.26192 -0.293881 -1.22911 -0.234441 1.42973 0.175323 -0.0882438
40 -0.317245 1.08049 -0.255721 -1.11879 0.0200569 0.916687 -0.500105 -0.783145
66 -0.191614 1.05736 -0.20514 -1.29556 0.0295488 0.838721 -0.681067 -1.00158
68 -0.297533 1.09702 -0.231513 -1.11914 0.131127 0.880911 -0.569837 -0.747209
541 -0.371789 0.988713 -0.299938 -1.27929 -0.0321294 1.03925 -0.737919 -0.950982
975 -0.734045 1.13496 -0.0686539 -1.54924 0.024546 1.11423 -0.0943147 -0.83476
96 -0.637227 1.07814 0.00756486 -1.48848 0.0408441 0.9877 -0.144161 -0.900416
582 -0.692235 0.970403 0.00108354 -1.55148 0.0731897 1.05994 -0.289093 -0.859743
588 -0.660067 1.0424 0.0523259 -1.32255 0.0657993 1.00993 -0.14967 -0.769659
100 -0.66178 1.04523 0.0021739 -1.38499 0.0928668 0.993036 -0.0841496 -0.911539
787 -0.639787 1.13447 0.0258811 -1.38451 0.130152 1.0866 -0.284333 -0.719146
862 -0.514225 1.12233 0.0368566 -1.18466 0.0430447 1.4154 -0.276025 -0.286003
178 -0.387261 1.09029 0.10656 -1.43104 0.0439539 1.42487 -0.319437 -0.295677
190 -0.457357 1.1063 0.0894602 -1.25241 -0.0456156 1.33206 -0.229043 -0.247938
184 -0.416155 1.15321 -0.00877118 -1.28698 -0.0767298 1.2803 -0.327456 -0.397322
340 -0.520358 1.30195 0.116016 -1.09088 -0.0460951 1.87817 -0.274132 -0.173714
701 -0.40852 1.10762 0.0339912 -1.11056 -0.0988001 1.26758 -0.344718 -0.268908
690 -0.466374 1.06958 -0.0235988 -1.19378 0.0389736 1.12767 -0.352195 -0.343326
688 -0.480998 1.00533 0.0436666 -1.28843 -0.137597 1.34733 -0.410189 -0.228493
429 -0.690499 1.00485 0.0486904 -1.19315 -0.527968 1.04898 -0.733242 -0.523646
420 -0.619438 1.14601 -0.0660808 -1.44954 -0.160903 1.07173 -0.388109 -0.882936
114 -0.600068 1.08016 -0.0283464 -1.54864 0.0369955 0.92669 -0.0812928 -0.960806
844 -0.649424 1.04218 -0.109531 -1.27365 -0.0527494 1.08808 -0.370701 -0.75338
590 -0.71733 1.07031 -0.109045 -1.51475 -0.0731251 1.01437 -0.0693388 -0.852091
600 -0.835808 1.0586 -0.309869 -1.52453 -0.397465 1.35484 0.299068 -0.107379
607 -0.714992 1.07904 -0.325703 -1.2804 -0.0877979 1.14935 -0.0914225 -0.266793
586 -0.571015 0.947756 0.00297807 -1.51673 -0.16508 0.976774 -0.154748 -0.898368
414 -0.864708 1.1407 -0.0177822 -1.1302 -0.492497 1.11039 -0.910738 -0.54128
524 -0.891126 1.20214 -0.21473 -1.12595 0.0751107 1.06779 -0.561534 -0.544159
203 -0.738316 1.22615 0.102081 -1.13544 0.260432 1.14687 -0.20066 -0.455672
878 -0.475543 1.1405 -0.0398109 -1.1504 -0.0102808 1.23993 -0.278819 -0.345237
249 -1.11237 1.77231 0.174042 -1.23568 0.981151 0.98725 -0.0305502 -0.857454
378 -0.752983 1.3956 0.0362803 -1.09965 0.611459 0.823648 -0.270579 -0.738903
364 -1.04794 1.63274 0.271615 -1.15997 0.938735 0.89617 -0.173061 -0.789952
743 -0.792301 1.27347 -0.0401314 -1.10651 0.250929 1.00051 -0.289641 -0.691393
146 -0.864324 1.36947 0.109342 -1.12024 0.666449 0.777366 -0.113484 -0.819102
572 -0.918656 1.00872 -0.0645188 -0.965925 -0.452117 1.22554 -0.902246 -0.615222
497 -0.890773 1.12937 0.00933885 -1.18813 -0.839465 1.23561 -0.899747 -0.439239
571 -0.914965 1.16699 0.0178399 -1.27636 -0.833545 1.19389 -1.26836 -0.631599
318 -0.934093 1.17263 -0.168644 -0.907318 -0.75663 1.39938 -1.12878 -0.734668
9 0.0754913 1.23428 -0.415887 -1.46547 -0.0669568 1.09545 -1.08034 -1.00516
51 -0.0799606 1.17943 -0.327137 -1.32732 0.0483522 0.976513 -0.867282 -1.06119
26 -0.206758 1.17375 -0.400878 -1.34022 -0.128582 1.03915 -0.912271 -1.07902
120 -0.559302 0.957536 -0.229311 -1.26998 -0.136746 1.17998 0.0198039 -0.22442
439 -0.823427 1.19674 -0.459541 -1.2949 -0.3571 1.4221 0.180624 -0.0010087
904 -0.498399 1.34137 0.00103246 -1.15004 0.108778 1.15198 -0.545682 -0.762236
715 -0.56251 1.28311 0.0679824 -0.980046 0.0158072 1.07752 -0.369361 -0.619342
936 -0.618067 1.28578 -0.080994 -1.0453 -0.0198703 1.03721 -0.486999 -0.696553
637 -0.455585 1.53912 0.142361 -1.02486 0.0265635 1.1593 -0.538884 -0.511849
208 -0.615802 0.648194 -0.620945 -1.85459 0.171248 1.60553 -1.01215 -0.335625
645 -0.595703 0.918864 -0.319303 -1.16505 0.0978644 1.22919 -0.550195 -0.439539
483 -0.760704 1.13252 -0.234393 -0.553166 0.0901395 1.25934 -0.267887 -0.763747
468 -0.910582 1.35941 -0.513017 -0.517626 0.0124003 1.70338 -0.292862 -1.09538
222 -0.765869 1.11591 -0.520375 -0.557887 -0.0511529 1.50142 -0.296991 -0.677643
207 -0.621682 0.649844 -0.659688 -2.08868 0.788665 1.55031 -1.01152 -0.291908
244 -0.698445 1.04854 -0.271622 -1.37531 -0.0861911 1.2892 -0.133627 -0.264617
455 -0.754356 1.0967 -0.378558 -0.900561 -0.0272922 1.37658 -0.0695409 -0.338525
986 -0.850995 1.27586 -0.21775 -1.23217 -0.16073 1.38158 -0.0549204 -0.179033
564 -0.885103 1.174 -0.29995 -1.16457 -0.0839021 1.23197 0.253615 -0.099466
928 -0.66897 1.20512 9.07368e-05 -1.32084 0.047402 1.32263 -0.25804 -0.48407
983 -0.691293 1.14344 -0.0638442 -1.26264 0.0452355 1.26424 -0.28395 -0.4201
356 -0.606026 1.1852 -0.112583 -1.19361 0.131141 1.19388 -0.307132 -0.390495
201 -0.520859 1.00359 0.0194877 -1.18579 0.0706367 1.24897 -0.387641 -0.262009
360 -0.552413 1.19604 0.00912659 -1.21746 0.0552799 1.22197 -0.324037 -0.35663
998 -0.666648 1.21618 -0.00651253 -1.2837 0.147638 1.34585 -0.353076 -0.563866
542 -0.361956 1.00212 -0.37073 -1.14035 -0.0554568 0.923447 -0.571519 -0.716538
664 -0.948357 1.33585 -0.376441 -0.958794 0.292855 1.2928 -0.375384 -0.457547
554 -0.92148 1.19794 -0.281539 -0.848621 0.105528 1.19184 -0.291886 -0.498557
718 -0.534894 1.24201 -0.0810047 -1.00087 0.0375496 1.07984 -0.476865 -0.600206
673 -0.686769 1.13906 -0.0957378 -1.2456 0.124097 1.06795 -0.251571 -0.686221
836 -0.587562 0.990229 -0.0883886 -1.458 0.00926868 0.945908 -0.0478855 -0.85156
780 -0.723122 1.12534 0.0665995 -1.73719 0.129497 0.892062 0.141378 -1.03684
212 -1.07576 1.25744 -0.5659 -0.540831 0.353213 1.49103 -0.489116 -0.894093
471 -0.83773 1.00379 -0.512077 -0.599656 0.116061 1.36226 -0.52159 -0.845005
616 -0.642198 1.09987 -0.145738 -0.8002 0.187529 1.07955 -0.294374 -0.764135
324 -0.819823 1.19774 -0.320762 -0.49638 0.0802155 1.37004 -0.2917 -0.966467
337 -0.650109 1.10118 -0.38369 -0.642107 -0.0732909 1.3163 -0.358354 -0.760538
611 -0.802032 1.36759 -0.406608 -0.715771 0.0322673 1.57804 -0.36228 -0.853346
762 -0.560553 0.947279 -0.358061 -1.33259 -0.0118559 1.14242 -0.2353 -0.235479
974 -0.655895 1.03123 -0.259516 -1.41056 0.273799 1.26587 -0.533737 -0.486505
227 -0.67552 0.808737 -0.452898 -1.7922 0.311779 1.35037 -0.763374 -0.338165
845 -0.672278 1.49837 0.101114 -1.02327 0.0957253 1.18434 -0.50004 -0.625213
713 -0.654147 1.33722 -0.0229621 -1.12917 0.0763576 1.13137 -0.44116 -0.677502
323 -0.833506 1.23981 -0.452931 -0.405742 -0.0290233 1.58079 -0.256884 -0.797529
338 -0.677782 1.10136 -0.335138 -0.742001 0.0696515 1.28471 -0.296412 -0.748556
819 -0.725368 1.15852 -0.268744 -1.03382 0.0287461 1.31559 -0.369899 -0.766681
817 -0.900779 1.28453 -0.396388 -0.680435 -0.0784784 1.46286 -0.39219 -0.708291
849 -0.810251 1.28353 -0.395152 -0.465019 0.0989981 1.46167 -0.393345 -0.881262
539 -0.407843 1.23835 -0.343615 -1.16204 -0.00885111 1.03419 -0.828347 -1.02354
548 -0.375537 1.00732 -0.195043 -1.18323 0.12705 0.877102 -0.558652 -0.872422
27 -0.304135 1.19562 -0.126012 -1.14235 0.20082 0.842419 -0.717589 -1.10476
282 -0.674337 1.25016 -0.0504141 -1.19161 -0.733416 1.19522 -1.04499 -0.719651
784 -0.654089 0.988544 0.00281508 -1.35828 -0.0867727 0.895266 -0.224778 -0.849201
686 -0.573711 0.980814 0.0205049 -1.43717 -0.0256129 1.01354 -0.0922274 -0.600879
579 -0.798587 1.18525 -0.0266633 -1.81268 0.248331 0.972262 0.213556 -1.16554
791 -0.727128 1.06085 -0.0140929 -1.49567 0.127868 0.949395 -0.0100654 -0.950982
488 -0.760246 1.38719 0.152596 -1.26563 0.565365 0.993528 -0.155765 -0.7463
412 -0.584052 0.939764 0.103013 -1.65779 -0.0699946 0.882466 0.0801085 -0.962498
790 -0.700018 1.00594 -0.0345529 -1.6328 0.191923 0.933007 0.0958181 -0.997685
95 -0.672201 0.931056 -0.0514148 -1.37624 -0.157836 0.815974 -0.183033 -0.715057
782 -0.519693 0.996004 0.00820526 -1.61337 -0.14382 0.956186 0.0281209 -0.813399
584 -0.616895 1.00768 -0.109677 -1.54818 -0.0125456 1.02402 -0.0323187 -0.845168
93 -0.725599 1.08216 -0.0476545 -1.59709 0.174073 1.02729 0.0245455 -1.04167
118 -0.582261 0.912564 -0.085583 -1.34831 0.154277 0.785573 -0.0587711 -0.727348
341 -0.506193 1.22539 0.157469 -1.41262 -0.135112 1.59722 -0.284004 -0.214269
835 -0.594965 0.886627 -0.0915194 -1.3587 -0.127943 1.06751 -0.136621 -0.752828
217 -0.529683 1.01514 -0.0682785 -1.65565 0.0571216 1.09407 -0.104368 -0.93579
583 -0.547174 0.968228 0.0487079 -1.50999 0.0199612 0.978999 0.00341757 -0.822616
785 -0.687387 1.11778 -0.249589 -1.00823 0.15005 1.00878 -0.224836 -0.441241
665 -1.16789 1.36933 -0.359406 -0.940921 0.0347005 1.34838 -0.26094 -0.310531
666 -1.02861 1.2169 -0.454994 -1.05906 0.0485635 1.37132 -0.352577 -0.243679
668 -0.852909 1.27963 -0.356722 -0.966674 0.237591 1.3436 -0.297791 -0.509413
437 -1.12575 1.27744 -0.489527 -1.25989 0.0644942 1.32999 0.101705 -0.119699
83 -0.675047 1.02809 0.0614517 -1.90657 -0.125513 0.999097 0.0944362 -1.25637
43 -0.343312 0.897769 0.00983472 -1.21745 0.0147346 0.786835 -0.243584 -0.891971
841 -0.798838 1.06917 -0.0366588 -1.63291 -0.210631 1.09554 0.143659 -0.914071
547 -0.476637 1.298 -0.030365 -1.0367 0.0888618 1.12004 -0.398847 -0.620684
923 -0.437492 1.1735 0.00304735 -1.12617 -0.0308464 1.43234 -0.321476 -0.436797
334 -0.775252 1.14044 -0.30984 -0.681896 -0.0651534 1.19248 -0.299903 -0.62713
775 -0.816911 1.32101 -0.263161 -0.582682 0.181923 1.24967 -0.276766 -0.786415
731 -0.608587 1.26972 -0.119695 -0.981663 0.0539979 1.11698 -0.589373 -0.556753
979 -0.702777 1.1253 -0.107141 -1.09931 -0.25499 1.17121 -0.679085 -0.691225
260 -0.800441 1.24634 0.15334 -0.907681 0.497439 0.79679 -0.239882 -0.651031
561 -0.995892 1.43793 0.265644 -1.16226 0.666404 0.915365 -0.323208 -0.786655
139 -1.0558 1.6977 0.105918 -0.959239 0.697374 1.12072 -0.104955 -0.885433
262 -0.917929 1.41474 0.105987 -1.0995 0.58911 0.982645 -0.250125 -0.671955
115 -0.608741 0.991109 -0.0677022 -1.41199 0.0795874 0.932003 0.0362409 -0.840409
136 -0.882426 1.04661 0.107213 -1.99992 0.151779 0.988062 0.319416 -1.14263
807 -0.587105 1.13017 0.0469692 -1.22707 0.0803629 1.19716 -0.151674 -0.472958
855 -0.406666 1.05711 -0.142601 -1.03079 0.0344623 0.931581 -0.550745 -0.839733
622 -0.290739 1.1171 -0.261645 -1.10957 -0.00998157 0.988131 -0.53742 -0.758249
625 -0.226431 0.864383 -0.252775 -1.02083 -0.0321132 0.884663 -0.65367 -0.737172
232 -0.456816 0.954236 -0.396288 -1.4165 0.14744 1.19082 -0.748564 -0.529823
642 -0.605498 0.931763 -0.278805 -1.37444 0.127607 1.28999 -0.613361 -0.437313
671 -0.99459 1.30271 -0.390055 -1.07643 0.17698 1.31664 -0.261807 -0.377806
527 -1.00183 1.30132 -0.418135 -1.10066 0.276608 1.3028 -0.386315 -0.430343
516 -0.617615 1.47767 -0.0415019 -1.11449 0.0985855 1.24215 -0.482881 -0.449101
191 -0.509261 1.03588 -0.0847534 -1.09506 0.0195333 1.36697 -0.327343 -0.422687
810 -0.443929 1.14778 -0.166635 -1.14122 0.077792 0.92304 -0.492613 -0.940143
872 -0.67961 1.20425 -0.132015 -0.820362 0.141334 1.12558 -0.34262 -0.832347
745 -0.704592 1.15706 -0.3679 -0.547956 0.0115796 1.21974 -0.380246 -0.711353
577 -0.803671 1.12807 0.0554957 -1.04774 -0.434987 1.07229 -0.799318 -0.636622
573 -0.827663 1.02483 -0.0415869 -1.22057 -0.426764 1.00831 -0.714997 -0.700461
422 -0.782886 1.08984 -0.180475 -0.865605 -0.268329 1.13599 -0.644574 -0.760383
247 -1.02595 1.44446 -0.583427 -0.197159 0.0283047 1.57473 -0.434192 -1.0544
331 -0.732354 1.20037 -0.180659 -0.837352 0.039765 1.21706 -0.289108 -0.744832
958 -0.519126 1.111 -0.034583 -1.28674 -0.00847652 1.13331 -0.104905 -0.685112
797 -0.562113 0.974544 -0.141172 -1.22828 0.159085 0.925426 -0.170358 -0.602838
930 -0.635904 1.04138 0.041143 -1.52464 0.210668 1.0393 0.00569594 -0.831177
994 -0.695696 1.04756 -0.165077 -1.35331 0.104051 1.13632 -0.509968 -0.606842
956 -0.566319 0.984803 -0.299173 -1.36939 0.128724 1.15627 -0.48609 -0.489168
259 -0.806044 1.26627 0.0501714 -1.1094 0.514854 0.867444 -0.142489 -0.671041
127 -1.09451 1.99086 0.160809 -1.18297 1.007 0.974781 -0.386206 -1.01662
97 -0.665853 0.909432 0.0596393 -1.59026 0.155623 0.91576 0.136388 -0.974094
87 -0.605082 1.03423 -0.0631606 -1.81088 0.194153 0.948452 0.213315 -1.14358
672 -0.749879 1.10308 -0.169085 -0.894395 0.233623 0.988867 -0.125503 -0.530404
365 -1.11689 1.63345 0.245013 -1.15766 0.908296 0.96484 -0.122443 -0.891038
86 -0.813674 0.98277 -0.0186321 -1.86857 0.152843 1.02329 0.14961 -1.36382
477 -0.802215 1.14438 -0.360341 -0.63625 0.0942681 1.30648 -0.251014 -0.834503
551 -0.973231 1.34055 -0.474756 -0.344175 0.0722636 1.52933 -0.4824 -1.03253
552 -0.952744 1.41592 -0.499561 -0.292813 -0.034402 1.67049 -0.448843 -0.762532
696 -0.863042 1.23022 -0.204447 -0.683395 0.118225 1.39444 -0.289904 -0.66559
546 -0.39376 1.07381 -0.361739 -1.06949 -0.0557058 1.01905 -0.706417 -0.796016
116 -0.554309 1.01203 -0.00703858 -1.40408 0.18366 0.756159 -0.0180561 -0.869412
102 -0.613035 0.998095 -0.0483459 -1.49675 0.180462 0.787176 0.0489888 -0.982874
732 -0.352257 1.31629 -0.136754 -1.09226 0.115376 0.976657 -0.591575 -0.762725
691 -0.59425 1.32465 0.0873038 -1.09293 0.131749 1.15271 -0.44948 -0.525081
985 -0.727707 1.46327 0.106901 -1.09909 0.0760507 1.2993 -0.563192 -0.610325
897 -0.793162 1.15994 -0.0459399 -1.05688 -0.468373 1.1059 -0.853114 -0.606046
426 -0.725727 1.07294 -0.0727057 -1.06771 -0.610053 1.09287 -0.776415 -0.634333
294 -0.765353 1.06072 0.0340767 -1.03978 -0.588866 1.14834 -0.92482 -0.568753
890 -0.912966 1.14975 -0.353892 -0.657405 -0.19117 1.41983 -0.496963 -0.713119
921 -0.780762 1.22947 -0.0558849 -1.17878 -0.331341 1.11967 -0.767457 -0.566238
255 -0.705288 1.1514 0.0282753 -1.07282 -0.0221559 0.935519 -0.651143 -0.622466
973 -0.77733 1.14935 -0.24838 -1.17263 0.140394 1.24879 -0.432039 -0.48407
788 -0.583505 0.961982 0.0433541 -1.26813 0.0454058 0.901685 -0.136633 -0.850853
871 -0.588093 0.989073 0.0600656 -1.37237 0.0399122 0.845418 -0.153209 -0.853975
948 -0.681617 1.16424 0.00182918 -1.31761 -0.036885 1.06908 -0.219253 -0.890605
104 -0.76463 1.04361 -0.194795 -1.54389 -0.0268175 1.07367 -0.0209196 -0.709001
581 -0.79385 1.10349 -0.129384 -1.74281 -0.0341303 1.10293 -0.149581 -0.910541
92 -0.541599 0.918851 0.0445692 -1.63223 0.0125688 0.91865 0.0184663 -0.968489
635 -0.59492 0.733641 -0.483608 -1.74786 0.406137 1.27996 -0.649583 -0.247498
231 -0.452463 0.819318 -0.359627 -1.51934 0.241402 1.16594 -0.635752 -0.369132
812 -0.622676 0.977673 -0.222215 -1.12851 0.101068 1.00065 -0.36201 -0.465135
902 -0.584711 0.979389 -0.335166 -1.25826 0.102892 1.16203 -0.602273 -0.554712
246 -0.606713 0.933974 -0.304937 -1.37625 0.118124 1.2719 -0.310439 -0.261241
225 -0.46186 0.727419 -0.339893 -1.64957 0.267904 1.0899 -0.681422 -0.386686
646 -0.487005 0.796462 -0.176759 -1.24463 0.0948278 1.01727 -0.482359 -0.467286
370 -0.923395 1.50485 0.248078 -1.24057 0.674348 0.775062 -0.05819 -0.73569
165 -0.853429 1.32881 -0.0438582 -1.08799 0.394522 1.01925 -0.240342 -0.62479
895 -0.628022 1.0611 -0.012692 -1.35774 0.0366626 0.908049 -0.316111 -0.794191
989 -0.664893 1.19623 -0.0562451 -1.452 0.136157 1.07661 -0.143738 -0.928377
580 -0.570605 1.05838 0.0758126 -1.51684 0.145882 1.09784 0.0394649 -0.834031
829 -0.662508 1.10953 -0.0404008 -1.23922 0.177996 0.954416 -0.150306 -0.753962
124 -0.628457 1.07768 -0.143841 -1.40592 0.0590841 0.983997 -0.053357 -0.643756
113 -0.540117 1.06934 -0.0216304 -1.46743 0.114979 1.00337 -0.110771 -0.765886
101 -0.563005 1.20939 -0.144752 -1.38704 0.127955 1.02069 -0.218323 -0.945004
903 -0.418014 0.817678 -0.300657 -1.24143 0.14005 0.963824 -0.555642 -0.397077
170 -0.41969 0.761992 -0.408397 -2.12958 0.419506 1.56333 -1.01113 -0.0228719
815 -0.460093 0.745486 -0.179903 -1.39183 0.136391 1.03177 -0.285046 -0.301346
88 -0.443662 0.778799 -0.476966 -1.85392 0.330844 1.38765 -0.710462 -0.29604
907 -0.723726 1.37297 -0.0108464 -0.976964 0.288772 1.12505 -0.387998 -0.684541
3 -0.119584 1.22032 -0.520529 -1.5544 0.244482 1.09702 -1.15684 -1.45003
558 -0.743246 1.12632 -0.189874 -0.779067 -0.248222 1.1659 -0.54435 -0.634323
880 -0.668184 1.1195 -0.252907 -0.895688 0.0269832 1.27031 -0.445616 -0.641823
578 -0.725281 0.981284 0.0312159 -1.90383 -0.0860085 0.999199 0.262037 -1.28898
545 -0.510036 0.950809 -0.0122647 -1.77629 -0.02842 0.974237 -0.0809328 -1.10269
833 -0.746012 1.2125 -0.0467884 -0.942746 0.311588 0.998136 -0.288782 -0.572888
406 -0.850369 1.4022 0.130379 -0.916189 0.689773 0.748289 -0.259512 -0.687379
129 -1.25804 1.86353 0.171953 -1.35208 1.12203 1.10905 -0.190435 -0.986097
409 -0.843204 1.2488 -0.0905435 -0.943009 0.401544 1.06296 -0.0985471 -0.514621
934 -0.735353 1.25712 -0.24986 -0.82716 0.000406999 1.36583 -0.340135 -0.748016
315 -0.968106 1.35136 -0.454268 -0.362394 -0.168371 1.61476 -0.525884 -1.14686
389 -0.820653 1.20476 -0.328701 -0.577373 -0.000776568 1.17106 -0.376179 -0.89001
618 -0.703046 1.26874 -0.332727 -0.789378 -0.0542691 1.29432 -0.560607 -0.850162
968 -0.738674 1.09326 -0.0821697 -1.22159 0.0441753 1.16281 -0.604403 -0.470571
283 -0.906956 1.26788 0.0173961 -1.16262 -0.824974 1.21476 -1.1098 -0.645099
69 -0.628908 0.976257 -0.103389 -1.06271 -0.361712 0.965183 -0.735088 -0.475072
57 -0.243048 1.10211 -0.351164 -1.12836 -0.114076 1.13745 -0.871521 -1.1558
12 -0.0954625 1.34544 -0.18046 -1.44417 0.316735 0.752853 -0.863607 -1.51631
809 -0.314937 1.06266 -0.141075 -1.12355 0.0775316 0.942776 -0.65748 -0.79454
297 -0.650617 1.09404 -0.134683 -1.1425 -0.393766 1.088 -0.635696 -0.478535
479 -0.65802 0.988727 -0.371527 -0.716592 0.119452 1.24838 -0.412979 -0.640351
309 -1.13306 1.41557 -0.543339 -0.442608 -0.104485 1.71999 -0.37511 -1.32536
485 -0.9031 1.12408 -0.357357 -0.428821 -0.020781 1.37574 -0.411852 -0.811185
472 -0.914831 1.20801 -0.541622 -0.435511 -0.156734 1.5455 -0.444516 -0.901193
553 -0.77073 1.04287 -0.237099 -0.621695 0.0187638 1.08868 -0.243668 -0.683004
313 -1.09579 1.33104 -0.662226 -0.400076 0.00086008 1.68501 -0.338443 -0.9387
457 -0.661654 0.960916 -0.154311 -1.40041 -0.0761179 1.14511 -0.0908026 -0.559081
366 -0.924018 1.27419 0.0912418 -1.07087 0.652656 0.946964 -0.161724 -0.688032
739 -0.936747 1.6041 0.11377 -1.05302 0.824552 0.851997 -0.25328 -0.792665
490 -1.00875 1.42487 0.0760268 -1.10847 0.434083 0.892595 -0.112201 -0.500643
805 -0.689744 0.951346 -0.0552135 -1.60277 0.193099 0.927005 -0.0439582 -0.898842
461 -0.731924 1.1024 -0.0814377 -1.5878 0.179591 1.00189 -0.1013 -0.954096
463 -0.425148 1.00428 -0.257699 -1.09339 -0.00856081 0.946434 -0.600949 -0.750281
64 -0.708122 1.17234 -0.36688 -0.96322 0.283477 1.08986 -0.422383 -0.514722
955 -0.855334 1.36394 -0.295211 -1.05124 0.266156 1.2623 -0.278667 -0.461491
993 -0.968887 1.41457 -0.343696 -1.07442 0.247777 1.30741 -0.2794 -0.471778
814 -0.589135 0.982957 -0.264631 -1.33158 0.132637 1.26485 -0.57094 -0.314547
640 -0.598561 0.9331 -0.299287 -1.48919 0.0521802 1.2662 -0.593382 -0.372741
711 -0.526281 1.47076 0.101552 -1.04578 -0.00814936 1.23648 -0.361368 -0.535399
725 -0.663952 1.04105 -0.00275966 -1.26632 0.0634443 0.946874 -0.244983 -0.763447
534 -0.938585 1.17747 -0.36487 -0.700527 0.167354 1.27631 -0.231544 -0.5374
777 -0.735839 1.15173 -0.227476 -0.740712 0.0361482 1.25624 -0.366755 -0.609285
727 -0.478544 1.68422 0.211343 -0.850567 0.0479785 1.32081 -0.526214 -0.502182
620 -0.342289 1.08466 -0.203092 -1.11703 -0.0930294 1.00944 -0.479234 -0.595071
24 -0.133006 1.17908 -0.243077 -1.30602 0.213476 0.837254 -0.979468 -1.15646
261 -0.93483 1.31851 0.0915319 -1.06761 0.701246 0.798087 -0.235634 -0.514588
647 -0.581151 0.884201 -0.184551 -1.16065 0.123993 1.04583 -0.475238 -0.482043
358 -0.592819 1.20079 0.0253341 -1.1369 0.00984512 1.35044 -0.223025 -0.252593
779 -0.625474 1.28478 -0.123509 -1.11891 -0.0348263 1.43282 -0.237918 -0.544645
454 -0.733732 1.10092 -0.313923 -1.11415 -0.239583 1.32715 0.0451132 0.0120759
629 -0.691623 1.12639 -0.508255 -1.29283 -0.265323 1.37041 -0.0231028 -0.0398015
626 -0.996573 1.44646 -0.488407 -1.3802 -0.33757 1.72408 0.312024 -0.0233006
424 -0.684821 1.07193 -0.066602 -1.13842 -0.188317 1.13341 -0.555372 -0.726951
504 -0.678908 1.09409 0.00996503 -1.06223 -0.456421 1.09473 -0.844696 -0.626238
29 -0.238755 1.10689 -0.265704 -1.14855 -0.0625157 0.88813 -0.80829 -1.0903
377 -0.853119 1.24813 -0.107812 -0.925662 0.380621 0.975451 -0.160949 -0.5536
520 -1.00949 1.46943 -0.230773 -1.05926 0.441014 1.30196 -0.301262 -0.41614
526 -0.88806 1.30874 -0.249343 -0.954085 0.415258 1.14004 -0.281698 -0.459003
400 -0.68952 1.06289 -0.027963 -1.5283 0.144206 1.00231 -0.036075 -0.830653
685 -0.618169 1.03805 0.0981108 -1.26586 -0.0575249 1.33979 -0.207275 -0.34483
292 -0.714652 1.09059 -0.079914 -1.2312 -0.631944 1.11474 -1.05376 -0.755633
186 -0.632902 1.23833 0.0896011 -1.26425 0.125464 1.43049 -0.158541 -0.422726
243 -0.67513 0.961752 -0.282856 -1.11424 -0.153972 1.15441 -0.142414 -0.237012
432 -1.09089 1.50787 -0.629504 -1.67316 -0.470689 1.84079 0.373987 -0.0581969
648 -0.63836 0.962892 -0.339876 -1.25816 -0.13009 1.30029 -0.20585 -0.140596
627 -0.876679 1.33884 -0.333919 -1.28519 -0.144875 1.57191 0.220147 0.026007
831 -0.766191 1.27681 -0.272485 -0.524412 0.0728388 1.32188 -0.328178 -0.709785
755 -0.890493 1.23448 -0.220143 -1.11115 0.183633 1.14885 -0.310335 -0.455542
492 -0.912649 1.35294 -0.22383 -1.04167 0.290638 1.27722 -0.126305 -0.474488
449 -0.618353 1.09815 -0.312145 -1.22219 -0.114304 1.27271 -0.144202 -0.262181
891 -0.588464 1.10117 -0.302521 -1.23699 -0.0205585 1.21911 -0.118826 -0.279999
240 -0.47343 0.838244 -0.214495 -1.21573 0.182776 1.07559 -0.593486 -0.460007
630 -0.660342 1.39969 0.025474 -0.899338 0.0772861 1.08635 -0.327802 -0.493008
158 -0.906104 1.46 0.223338 -1.05846 0.698786 0.876631 -0.127364 -0.544879
132 -1.35586 1.48282 0.342456 -1.38279 0.879619 1.11265 -0.240981 -0.965461
489 -0.946331 1.32756 -0.0508728 -0.788868 0.565627 0.863532 -0.259034 -0.752007
59 -0.191074 1.40605 -0.153339 -1.25204 0.386433 0.748414 -0.847884 -1.26482
19 -0.276452 1.30124 0.240019 -1.48743 0.0163892 1.68399 -0.266913 -0.273926
185 -0.627477 1.21264 0.189612 -1.23873 0.0179317 1.32198 -0.0711583 -0.240783
656 -0.83172 1.53352 0.140476 -1.13771 0.677552 0.918739 -0.0476888 -0.679956
741 -0.693333 1.27461 0.0200208 -0.960937 0.534453 0.759676 -0.282423 -0.717346
399 -0.991898 1.49963 0.165129 -0.950302 0.682398 0.968227 -0.157831 -0.669859
599 -0.8456 1.35152 0.100803 -1.14649 0.474958 0.996517 -0.0572891 -0.371172
145 -0.983356 1.30722 0.171034 -1.13515 0.643611 0.949092 -0.159731 -0.585332
747 -0.617667 0.873066 -0.478272 -1.52306 0.321676 1.25378 -0.776008 -0.500784
557 -0.794532 1.0564 -0.350431 -0.439618 0.0442904 1.27696 -0.328317 -0.78138
783 -0.594904 1.06145 -0.0934529 -1.37902 -0.0322991 1.05787 0.0516151 -0.679957
94 -0.649654 0.933533 0.0891915 -1.69432 -0.226638 0.848663 -0.100547 -0.903235
89 -0.443118 1.00069 -0.0161549 -1.96263 -0.074444 0.864265 -0.089739 -1.28862
401 -0.56245 0.962932 -0.0196992 -1.30952 0.169704 0.912453 -0.0333234 -0.930672
403 -0.832619 1.3653 0.0139064 -1.04698 0.580924 0.94679 -0.181846 -0.709208
368 -0.913122 1.41601 0.160261 -1.02313 0.544882 0.869706 -0.192393 -0.730352
200 -0.468923 1.00189 0.00375403 -1.12197 -0.0270573 1.13014 -0.320444 -0.293297
258 -0.751309 1.30328 0.232263 -1.10079 0.624558 0.915899 -0.159068 -0.641518
385 -0.324363 1.19789 -0.103102 -1.1752 0.270243 0.810544 -0.626298 -0.929232
528 -0.81286 1.02603 -0.488742 -0.671135 0.196228 1.27569 -0.446676 -0.602494
882 -0.775354 1.15333 -0.359361 -0.603092 0.179944 1.26644 -0.233261 -0.704812
924 -0.712211 1.07846 -0.178612 -1.48196 -0.113597 1.10144 -0.0130358 -0.699967
834 -0.639858 0.998141 -0.0392439 -1.56028 -0.0159255 1.07867 -0.0406172 -0.830502
589 -0.711451 0.970364 -0.0716183 -1.40311 0.077388 0.916613 0.0187054 -0.807189
85 -0.893823 1.02891 -0.0449972 -1.6844 -0.202079 0.985683 0.279819 -1.03997
397 -0.851424 0.98636 0.178194 -1.33892 0.309286 0.727312 0.028733 -0.875057
447 -0.682525 1.18478 -0.307579 -1.31472 -0.25841 1.47524 -0.08086 -0.251317
764 -0.75688 1.16591 -0.254869 -1.18039 -0.287872 1.40989 0.136537 -0.0229711
892 -0.731778 0.99702 -0.2931 -0.988967 -0.0610521 1.10131 0.102663 -0.186162
141 -1.12029 1.60649 0.14276 -1.15398 0.725412 0.988161 0.044886 -0.587363
421 -0.730045 1.15603 -0.0639099 -1.16164 -0.487771 1.12726 -0.816919 -0.546456
670 -0.955749 1.2248 -0.347229 -0.997533 0.207287 1.1543 -0.356189 -0.454697
840 -0.773002 1.21803 -0.171869 -1.14143 0.215079 1.16845 -0.393252 -0.626422
535 -0.601262 1.21997 -0.201793 -1.05034 0.152651 1.0886 -0.440077 -0.615547
830 -0.520067 1.15333 -0.00911542 -0.951351 0.156489 1.10946 -0.261913 -0.448537
961 -0.538139 1.10589 0.0569945 -1.11509 -0.116906 1.34208 -0.447671 -0.496338
818 -0.782175 1.16989 -0.410986 -0.53598 -0.0612424 1.3545 -0.4154 -0.707988
242 -0.514379 0.8835 -0.264735 -1.4215 0.113907 1.13916 -0.638598 -0.528535
233 -0.486323 0.712579 -0.30632 -1.51937 0.236993 1.20274 -0.710145 -0.425815
219 -0.571926 0.746918 -0.542129 -1.76643 0.369341 1.30839 -0.773735 -0.258084
901 -0.546823 1.0275 -0.220738 -1.36488 0.082574 1.14661 -0.440606 -0.4783
218 -0.624916 0.74282 -0.479547 -1.52196 0.229027 1.36858 -0.818306 -0.250028
746 -0.643732 1.15092 -0.397394 -0.524558 -0.102297 1.15761 -0.493247 -0.819619
598 -0.926844 1.29203 -0.375307 -1.06279 -0.247679 1.42991 -0.0445328 -0.18658
519 -0.982604 1.12733 -0.499742 -1.2122 0.250611 1.30455 -0.398565 -0.326547
317 -1.11072 1.38833 -0.633497 -0.233188 -0.00993974 1.71735 -0.418324 -1.01911
559 -0.837326 1.07931 -0.439049 -0.546208 -0.0460747 1.32742 -0.261354 -0.559414
316 -0.934877 1.39931 -0.520228 -0.124269 0.143103 1.51006 -0.399087 -1.0981
332 -0.670273 1.069 -0.368832 -0.602141 0.0151913 1.32596 -0.317022 -0.816089
335 -0.656535 1.18722 -0.239948 -0.85945 0.00919538 1.31035 -0.266781 -0.656818
226 -0.52515 0.800066 -0.37539 -1.82894 0.192548 1.41631 -0.814946 -0.282108
982 -0.599973 0.940928 -0.239937 -1.45577 0.253439 1.18648 -0.555098 -0.551406
237 -0.482148 0.851628 -0.265155 -1.44254 0.161705 1.17179 -0.626887 -0.567318
977 -0.832871 1.39589 -0.371497 -0.639807 0.0230372 1.49338 -0.371045 -0.915414
612 -1.01125 1.3572 -0.319271 -0.654803 0.210291 1.49277 -0.371432 -0.907081
333 -0.870184 1.11025 -0.45983 -0.61764 0.0959916 1.41583 -0.406675 -0.850666
467 -1.07369 1.35045 -0.572697 -0.315815 -0.00475713 1.77744 -0.339521 -1.17579
842 -0.55425 1.01264 -0.0476329 -1.47427 0.025494 0.957659 -0.172894 -0.833905
353 -0.520522 1.10686 -0.0697062 -1.23261 -0.126478 1.38812 -0.224113 -0.198432
77 -0.354394 1.02514 -0.199062 -1.21946 0.0862723 0.999899 -0.580263 -0.743777
34 -0.373508 1.27693 -0.217468 -1.13889 0.189821 1.02913 -0.617463 -1.03365
513 -1.04724 1.34934 -0.388749 -1.11471 0.405707 1.36976 -0.262146 -0.365782
885 -0.683031 1.02481 -0.261815 -1.11169 0.218153 1.15246 -0.343399 -0.467836
103 -0.768337 1.06155 -0.366933 -0.868026 0.0984606 1.31852 -0.214383 -0.92177
352 -0.416238 1.03816 0.0398532 -1.19369 -0.0203152 1.20384 -0.32372 -0.303202
700 -0.468347 1.14435 0.0189303 -1.2324 0.00650328 1.27962 -0.362217 -0.304119
235 -0.507663 0.811051 -0.243174 -1.54664 0.229512 1.09859 -0.501037 -0.468119
230 -0.507761 0.643386 -0.366745 -1.60527 0.200455 1.12635 -0.750308 -0.412859
90 -0.65554 0.980688 0.112351 -1.94362 -0.0631049 0.946071 0.159708 -0.869
438 -0.582705 1.18941 -0.0285932 -1.13071 0.010221 1.65466 -0.180158 -0.296583
193 -0.643876 1.22493 -0.0581215 -1.01527 0.0212296 1.338 -0.228474 -0.529065
52 -0.17137 1.19752 -0.234952 -1.48167 0.0799184 1.03243 -0.869459 -1.07372
624 -0.391292 1.09107 -0.114687 -1.19084 0.203966 0.852495 -0.603694 -0.968523
749 -0.786799 1.43254 0.0894208 -1.03192 0.62946 0.929823 -0.310311 -0.727192
382 -0.397059 1.32494 -0.204483 -0.972272 0.184027 1.02399 -0.620278 -1.09458
53 -0.0997214 1.2365 -0.137752 -1.36052 0.23399 0.869245 -0.947989 -1.18178
65 -0.182425 1.07027 -0.203757 -1.18165 0.136329 0.790241 -0.706259 -0.96449
772 -0.617197 1.08969 0.0288294 -1.29708 0.123866 0.900504 -0.0316946 -0.797857
239 -0.65233 0.832154 -0.210552 -1.4722 0.163952 1.21181 -0.522797 -0.46357
234 -0.502772 0.79808 -0.309261 -1.46898 0.136351 1.18844 -0.569064 -0.397324
988 -0.854219 1.29716 -0.265509 -0.98383 -0.163773 1.4431 -0.506383 -0.772023
858 -0.859477 1.20063 -0.213391 -0.988485 0.146293 1.22969 -0.191869 -0.885787
799 -0.444579 0.748684 -0.336513 -1.68346 0.208115 1.20388 -0.601014 -0.371916
350 -0.421237 1.21154 -0.0729862 -1.17451 0.0366551 1.29383 -0.313275 -0.417734
853 -0.546448 1.12431 -0.0118517 -1.22493 0.0601306 1.23059 -0.347711 -0.296168
883 -0.881265 1.17675 -0.251843 -1.09301 0.230624 1.23021 -0.361417 -0.355355
381 -0.942417 1.2645 -0.433186 -0.865883 0.17356 1.26919 -0.327103 -0.421166
540 -0.90458 1.25384 -0.481929 -1.02925 0.120191 1.16337 -0.258509 -0.261852
515 -1.33767 1.44458 -0.544793 -0.892636 0.368031 1.41146 -0.249208 -0.330314
263 -0.833774 1.24412 -0.256043 -0.843111 0.404087 1.00902 -0.219835 -0.489955
166 -0.892818 1.32406 0.074843 -1.10008 0.451229 0.949726 -0.132371 -0.613746
148 -0.920555 1.40743 0.10331 -0.976121 0.616437 0.861701 -0.0829976 -0.709457
250 -1.04747 1.58542 0.0902554 -0.749559 0.896888 0.963845 -0.171877 -0.981589
321 -0.877604 1.22372 -0.400136 -0.514655 0.0327693 1.54737 -0.444143 -1.00578
555 -0.717184 1.13433 -0.183241 -0.765297 0.0433562 1.2775 -0.409577 -0.832909
827 -0.701231 1.368 -0.158024 -0.846771 0.0962366 1.29227 -0.487162 -0.681595
768 -0.566279 0.992522 -0.302673 -1.35992 0.171994 1.29315 -0.625923 -0.440058
793 -0.460932 0.832115 -0.23236 -1.31275 0.159845 0.915563 -0.371484 -0.483223
367 -0.797061 1.37056 0.0323165 -1.03019 0.681905 0.797726 -0.139113 -0.923429
537 -0.960837 1.55445 0.0678237 -1.13448 0.870356 0.875321 -0.195258 -0.929502
161 -0.874618 1.16993 0.0851353 -1.01355 0.448514 0.879267 -0.0127199 -0.495523
651 -0.467079 1.47808 0.102918 -0.848032 -0.0644924 1.18742 -0.507427 -0.617602
174 -0.418496 1.58775 0.0256686 -1.05221 0.149157 1.24441 -0.66534 -0.669321
905 -0.753295 1.47388 -0.108828 -1.08314 0.057272 1.35967 -0.472333 -0.647223
41 -0.257705 1.06866 -0.235476 -1.22077 0.0231242 1.02793 -0.668143 -0.849054
202 -0.545497 1.10687 0.0057188 -1.28029 -0.0876225 1.36049 -0.302397 -0.346302
204 -0.545335 1.04814 -0.0323052 -1.27696 0.0995954 1.32493 -0.193361 -0.253592
860 -0.496263 1.07679 -0.0238933 -1.29814 -0.0161088 1.32178 -0.226068 -0.219598
270 -0.526972 1.11383 -0.0707084 -1.09017 0.100914 1.09304 -0.279648 -0.494006
171 -0.976842 1.44163 -0.523397 -0.419099 0.185153 1.7685 -0.3391 -1.00127
322 -0.93276 1.37499 -0.42427 -0.534904 0.0927235 1.60874 -0.414357 -0.993824
474 -0.730417 1.22676 -0.343707 -0.731279 -0.0919603 1.47396 -0.423434 -0.77567
359 -0.467259 1.00193 0.0122388 -1.1328 0.0238453 1.06366 -0.274166 -0.443768
687 -0.607107 1.26007 0.0060348 -1.20383 0.0718218 1.27549 -0.340252 -0.477753
198 -0.50052 1.06637 -0.0318495 -0.898761 0.0394515 1.37822 -0.230733 -0.439647
445 -0.738522 1.26346 -0.422534 -1.25117 -0.187372 1.31932 0.0572115 -0.0637884
58 -0.187604 1.04574 -0.342096 -1.1363 0.0814775 1.00373 -0.691299 -0.872468
14 -0.0326373 1.06699 -0.324298 -1.33943 0.053354 1.17039 -0.795809 -1.03815
521 -0.993266 1.43998 0.00805105 -1.03965 0.60321 0.931423 -0.150333 -0.663088
361 -1.04184 1.63661 0.169734 -0.959693 0.826043 0.982409 -0.266768 -0.911294
763 -0.671281 1.09596 -0.195336 -1.16629 -0.140538 1.15533 0.100073 -0.195496
508 -0.667094 1.15316 -0.191824 -1.1224 -0.24346 1.22833 -0.285067 -0.263044
567 -0.950679 1.27021 0.120838 -1.20729 0.581392 0.903201 -0.103209 -0.845027
375 -0.976053 1.46232 0.113376 -0.979266 0.74818 0.882711 -0.0960848 -0.713209
657 -0.758297 1.24888 0.120034 -1.00146 0.56012 0.784058 -0.24443 -0.742473
431 -0.63566 1.09527 0.00968912 -1.14752 -0.371925 1.0743 -0.706394 -0.519605
868 -0.667981 1.0035 -0.154878 -1.15362 -0.435528 1.15039 -0.85729 -0.523595
278 -0.919282 1.15347 -0.0247211 -1.08976 -0.839837 1.3827 -1.08497 -0.408599
299 -0.632493 1.06532 -0.058305 -1.09455 -0.307077 1.10581 -0.630067 -0.573666
826 -0.601122 1.5353 0.195327 -1.06753 0.204723 1.20332 -0.308988 -0.65186
652 -0.545514 1.39986 -0.0146198 -0.96994 0.0560715 1.18508 -0.294876 -0.431211
693 -0.462832 0.963976 0.0406394 -0.946541 0.0361778 1.06614 -0.186919 -0.316087
354 -0.481071 0.964053 -0.0249688 -1.02732 -0.0394403 1.19013 -0.232614 -0.220071
679 -0.815181 1.29127 -0.196206 -1.05454 0.297435 1.19055 -0.274688 -0.60495
514 -1.26717 1.43488 -0.552383 -0.96471 0.324064 1.44455 -0.304014 -0.274208
676 -0.914701 1.17967 -0.178462 -1.04098 0.312636 1.00137 -0.161568 -0.467925
195 -0.585996 1.14509 0.06343 -1.2332 0.0291107 1.25778 -0.255935 -0.387644
704 -0.553905 1.05733 -0.0766027 -1.19623 0.0210613 1.19164 -0.34611 -0.314073
349 -0.37665 1.08243 0.0179503 -1.19923 -0.000999509 1.14968 -0.306307 -0.339223
391 -0.354346 0.999189 -0.217855 -1.07327 0.0220053 0.833373 -0.646203 -0.777561
48 -0.326055 0.837414 -0.189111 -0.885257 0.130247 0.892384 -0.471733 -0.601602
954 -0.363043 1.15379 -0.255714 -1.0747 0.0433176 1.14763 -0.668011 -0.991786
761 -0.687795 1.08491 -0.299574 -1.21551 -0.466609 1.32782 -0.183822 -0.229802
816 -0.619365 0.8604 -0.168364 -1.09594 0.130528 1.11396 -0.457861 -0.413471
709 -0.582699 1.56281 0.0906321 -0.983223 0.0339295 1.16175 -0.557783 -0.556236
162 -0.887039 1.21105 0.0735403 -1.11119 0.637874 0.86838 -0.157311 -0.472951
771 -0.543448 0.951182 -0.20992 -1.43612 0.203978 1.11763 -0.499733 -0.375071
710 -0.560447 1.38403 0.0661158 -1.09926 0.130708 1.19836 -0.391104 -0.692451
45 -0.374411 1.04863 -0.155396 -0.976646 0.0332293 0.913397 -0.521442 -0.756696
967 -0.776693 1.22354 -0.169603 -1.21396 -0.127202 1.26944 -0.211473 -0.271704
759 -0.888071 1.31013 -0.367597 -1.08637 0.16271 1.28434 -0.18103 -0.377
851 -0.719837 1.26719 -0.208517 -1.09506 0.200748 1.22211 -0.408675 -0.4884
776 -0.762446 1.14914 -0.271967 -0.74289 0.168397 1.19469 -0.341094 -0.502495
757 -0.829817 1.17334 -0.25825 -0.979199 0.271865 1.14704 -0.253828 -0.358822
274 -1.13899 1.30382 -0.655698 -0.958569 0.105431 1.25638 -0.60492 -0.251902
754 -1.00301 1.41197 -0.234199 -1.07602 0.19129 1.27732 -0.306786 -0.347999
121 -0.604017 0.957967 -0.00225291 -1.45797 0.118013 0.868522 -0.18599 -0.901143
300 -0.714899 1.15427 -0.011313 -1.18213 -0.290082 1.17699 -0.833835 -0.601868
574 -0.713647 1.02588 0.0633189 -1.10049 -0.569056 1.07029 -0.749347 -0.585221
922 -0.646722 0.994153 -0.100222 -1.07011 -0.471684 1.12713 -0.590497 -0.436961
500 -0.684709 1.0927 -0.0890604 -1.1294 -0.387733 1.21021 -0.756727 -0.414841
879 -0.443547 0.797884 -0.268898 -1.6732 0.257069 1.15136 -0.57602 -0.572451
393 -0.252861 1.01554 -0.324457 -1.24353 -0.0602115 0.919352 -0.651539 -0.847486
224 -0.549452 0.808477 -0.269615 -1.67425 0.285474 1.23966 -0.884434 -0.277018
770 -0.598697 0.91236 -0.362182 -1.4711 0.243405 1.20043 -0.624763 -0.349465
638 -0.464312 0.841671 -0.31459 -1.66976 0.354039 1.10741 -0.720138 -0.507977
716 -0.550869 1.20928 0.0225434 -0.967561 0.130598 1.16005 -0.527711 -0.620166
575 -0.719941 1.0902 -0.0534356 -1.08529 -0.2066 0.977443 -0.660422 -0.575819
276 -1.03965 1.21975 -0.0719107 -1.12936 -0.752913 1.34637 -1.20629 -0.483094
425 -0.753299 1.13427 0.0459251 -0.8819 -0.161738 0.943088 -0.626646 -0.532738
380 -0.269123 1.33055 -0.262169 -1.25841 0.195365 0.936032 -1.00914 -1.36508
925 -0.598971 1.16479 -0.311937 -1.11921 -0.134547 1.14259 -0.0402065 -0.204668
602 -0.645136 1.01639 -0.252971 -1.12639 -0.182213 1.30462 -0.0928079 -0.20388
254 -0.750108 1.24334 -0.324226 -1.18594 -0.0492068 1.24161 -0.0906121 -0.196287
408 -0.91177 1.27404 0.100563 -1.06291 0.657693 0.947455 -0.105435 -0.63888
984 -0.824785 1.33685 0.0126163 -1.08365 0.507252 1.03989 -0.179596 -0.56868
153 -0.858115 1.43817 0.118995 -0.864753 0.756669 0.806798 -0.193496 -0.717767
330 -0.740738 1.16783 -0.357497 -0.452195 -0.0286094 1.37734 -0.46645 -0.784532
801 -0.649814 0.95168 -0.322681 -1.36849 0.128802 1.11192 -0.468811 -0.371517
396 -0.871907 1.50495 0.158769 -1.09208 0.575645 0.982614 -0.191588 -0.709418
517 -1.16205 1.47087 -0.499558 -0.95676 0.478464 1.31496 -0.197267 -0.380964
470 -0.941665 1.31956 -0.431228 -0.318492 0.149711 1.45461 -0.230483 -0.910373
898 -0.746984 1.0913 -0.346609 -0.577774 -0.0791259 1.24441 -0.489253 -0.800364
453 -0.796682 1.10314 -0.365005 -1.12625 -0.237837 1.39388 0.118283 -0.141656
501 -0.793404 1.14331 -0.232307 -1.12183 -0.046828 1.18286 -0.523318 -0.49812
953 -0.676537 1.12664 -0.105005 -1.04089 -0.530521 1.15654 -0.899299 -0.636181
886 -0.632807 1.04096 -0.0101119 -1.08066 -0.496197 1.0209 -0.775669 -0.611754
861 -0.581094 1.09937 0.0639168 -1.12195 0.093121 1.18109 -0.299993 -0.344667
196 -0.49932 1.03859 -0.109739 -1.27762 -0.0217937 1.23728 -0.434462 -0.371657
971 -0.547434 1.12268 -0.000911391 -1.25572 0.033161 1.22626 -0.362801 -0.376223
405 -0.704475 1.21377 0.0835995 -1.26748 0.217855 1.19977 -0.180155 -0.358158
177 -0.488664 1.28519 0.203176 -1.41436 0.00919775 1.5188 -0.047832 -0.161946
887 -0.831957 1.12969 -0.0557894 -1.19202 -0.587543 1.18746 -0.966841 -0.612151
265 -0.846768 1.37434 0.0990699 -0.965767 0.619817 0.859437 -0.233058 -0.797994
253 -0.864687 1.45826 0.0449164 -1.06436 0.669047 0.814369 -0.154592 -0.720834
248 -1.20987 1.62988 0.312886 -1.04748 0.854028 0.95841 -0.239875 -0.907183
935 -0.804217 1.22448 -0.371563 -0.851185 -0.00796376 1.43922 -0.349837 -0.739363
478 -0.836408 1.22124 -0.289863 -0.597898 0.0782855 1.37703 -0.340428 -0.859931
856 -0.623131 0.850209 0.0301554 -2.06136 -0.0144158 1.04893 0.138484 -0.911161
781 -0.664516 1.00846 -0.0588851 -1.67838 0.0665315 1.02313 -0.248464 -0.920667
37 -0.233302 1.03962 -0.191899 -1.14179 -0.0830165 0.928301 -0.745213 -0.946105
800 -0.597101 0.816086 -0.275256 -1.29762 0.209889 1.07424 -0.543355 -0.434534
163 -0.750665 1.16308 0.0180058 -1.13244 0.463153 0.773362 -0.0710322 -0.680031
694 -0.63803 1.03502 -0.0749798 -1.2018 0.0424815 1.15328 -0.262833 -0.512295
734 -0.657449 1.50727 -0.0106587 -1.10941 -0.114229 1.22421 -0.576017 -0.681875
944 -0.582757 1.34436 -0.0689901 -1.09916 0.0745717 1.21471 -0.465737 -0.690684
959 -0.728645 1.42396 -0.0521071 -1.11823 1.64661e-05 1.23717 -0.574382 -0.649765
719 -0.709987 1.39653 -0.0383599 -1.10148 -0.0206631 1.2608 -0.375576 -0.61847
724 -0.747457 1.29362 -0.0761302 -1.16528 -0.124476 1.21009 -0.5363 -0.564362
576 -0.621977 0.956363 -0.0541038 -1.3265 -0.128058 0.98988 -0.293906 -0.642163
660 -0.867359 1.2737 0.0125877 -0.978121 0.555266 0.892714 -0.0702548 -0.577053
493 -0.881158 1.30379 -0.0214776 -1.06774 0.752275 0.89849 -0.1921 -0.633585
866 -0.500022 0.946634 -0.333101 -1.38293 0.188558 1.17366 -0.594558 -0.424719
825 -0.559573 1.67911 0.0315899 -0.894069 0.219178 1.22813 -0.616522 -0.599554
846 -0.611402 1.29152 -0.103767 -1.0296 0.141 1.20846 -0.525823 -0.520195
717 -0.601059 1.2422 -0.0627267 -1.03901 0.0569251 1.12407 -0.499192 -0.514259
570 -0.853502 1.35148 0.0708118 -1.17226 0.48106 1.02224 -0.252913 -0.712195
369 -1.11436 1.23414 -0.343388 -0.829981 0.293164 1.15936 -0.266636 -0.368635
252 -0.741592 1.34931 0.0296976 -1.20748 0.523205 0.766169 -0.16054 -0.837816
106 -0.870921 1.4049 0.136641 -1.11914 0.589214 0.773892 -0.10505 -0.784936
152 -0.89854 1.42175 0.191177 -0.996455 0.679451 0.753523 -0.069882 -0.620648
991 -0.77872 1.17081 0.0800123 -0.981102 0.393056 0.89941 -0.255695 -0.711909
610 -0.929609 1.22669 -0.253854 -0.654694 0.0311648 1.44089 -0.328986 -0.952637
873 -0.755852 1.18835 -0.261508 -0.897139 0.00514174 1.43297 -0.356011 -0.665522
614 -0.763615 1.1269 -0.383428 -0.526035 0.0318172 1.45089 -0.316549 -0.761524
133 -0.999136 1.93403 0.157118 -1.19334 0.947204 1.07842 -0.175386 -0.791016
751 -0.954213 1.33999 0.133719 -1.08909 0.572566 0.946089 -0.0297558 -0.941028
63 -0.655434 1.33017 0.129746 -1.00805 0.68303 0.721889 -0.25452 -0.759901
144 -0.927865 1.38331 0.0547034 -1.03135 0.642413 0.995069 -0.10042 -0.852473
73 -0.279392 0.942249 -0.311988 -0.904841 0.0619632 0.927154 -0.397015 -0.762456
38 -0.260127 1.08455 -0.131804 -1.11446 0.20099 0.820671 -0.617144 -0.938173
808 -0.321574 1.22466 -0.182281 -1.26683 0.27053 0.935049 -0.775047 -1.04899
753 -0.956908 1.33583 -0.360624 -1.1141 0.319906 1.21743 -0.411657 -0.43988
760 -0.79483 1.15082 -0.262 -0.952894 0.180345 1.05582 -0.227731 -0.323472
384 -0.281903 1.08158 -0.347351 -0.998219 0.0601883 0.888431 -0.81026 -1.10958
569 -0.856836 1.15564 -0.0591011 -0.710881 0.324284 1.1185 -0.187487 -0.745216
933 -0.652193 1.00328 -0.145759 -1.48159 0.184057 1.1619 -0.413001 -0.596584
31 -0.125825 1.13028 -0.274727 -1.29607 -0.0895942 0.91756 -0.768211 -0.911328
733 -0.684293 1.30267 -0.0389893 -0.902232 0.213236 1.03082 -0.4069 -0.621542
811 -0.224548 1.02514 -0.18974 -1.26339 0.10808 0.955188 -0.752015 -0.882291
869 -0.73588 1.0299 -0.288845 -0.787008 -0.0672369 1.24031 -0.281085 -0.718268
473 -0.986542 1.32891 -0.375552 -0.491644 -0.198757 1.50625 -0.52326 -0.981109
942 -0.648741 1.27407 -0.036489 -0.839694 0.0853494 1.13681 -0.491449 -0.670742
556 -0.722566 1.10401 -0.130686 -0.902168 -0.0759147 1.3782 -0.346523 -0.401379
692 -0.56667 1.10332 0.0177906 -1.34555 0.000653923 1.38435 -0.328206 -0.372516
266 -0.933854 1.46761 0.104142 -1.02335 0.66507 0.809709 -0.229527 -0.757832
465 -0.711882 1.3655 -0.0163587 -1.12915 0.521847 0.840169 -0.38131 -0.838171
155 -0.947002 1.44963 0.0931113 -1.07745 0.51678 0.843936 -0.140102 -0.612888
523 -1.01829 1.35866 -0.344273 -1.11719 0.253395 1.231 -0.355672 -0.390887
773 -0.836946 1.36701 0.0635119 -1.09858 0.424691 1.0146 -0.251129 -0.665974
821 -0.650569 1.12403 -0.287012 -0.800864 0.0206413 1.21411 -0.292047 -0.630403
854 -0.420766 1.17049 -0.239787 -1.26384 0.00793184 1.11927 -0.613128 -0.912632
697 -0.459399 1.21236 0.0804964 -1.29278 -0.0289513 1.33552 -0.24317 -0.398788
343 -0.498913 1.21311 0.302935 -1.20187 0.295391 1.18418 -0.130946 -0.43328
427 -0.766808 1.12045 -0.266497 -1.02743 -0.0662551 1.1058 -0.421718 -0.508935
56 -0.0523669 1.12037 -0.349987 -1.31598 -0.0030797 0.850959 -0.739891 -1.1492
419 -0.798324 1.13701 -0.0490735 -1.07609 -0.505154 1.17602 -0.934741 -0.576714
498 -0.806413 1.17821 0.014907 -1.20944 -0.469664 1.24271 -0.729545 -0.465073
417 -0.809052 1.0979 0.113457 -1.21456 -0.498049 1.02231 -0.825928 -0.673828
159 -0.954428 1.32983 0.0731286 -1.0722 0.489607 0.85057 -0.221292 -0.597813
712 -0.497045 1.38733 -0.0533244 -0.899413 0.134282 1.08977 -0.34189 -0.584716
47 -0.272891 0.995967 -0.221781 -1.37469 0.0405206 0.81969 -0.436672 -1.02159
476 -0.902052 1.28323 -0.386526 -0.472545 0.135639 1.23757 -0.290805 -0.815549
464 -0.338536 1.19282 -0.130913 -1.28919 0.148347 0.992301 -0.589494 -0.880666
669 -0.882118 1.07202 -0.440804 -0.915642 0.141941 1.16687 -0.234001 -0.278694
722 -0.621747 1.18212 0.0106352 -0.964015 -0.0854127 1.14039 -0.38048 -0.488106
951 -0.750733 1.17475 0.00537776 -0.877968 -0.224374 1.06027 -0.675531 -0.58187
621 -0.487672 1.07954 -0.231639 -1.1201 0.0570226 1.09596 -0.468371 -0.624232
245 -0.663617 1.07649 -0.108786 -1.40356 0.317055 1.15455 -0.393575 -0.551813
838 -0.804922 1.18006 -0.270834 -0.996151 0.150156 1.20438 -0.37793 -0.354668
228 -0.523954 0.797523 -0.311384 -1.55147 0.182776 1.27842 -0.620315 -0.279037
911 -0.831906 1.22201 -0.317249 -0.73714 0.0982699 1.20696 -0.391192 -0.702836
946 -0.757385 1.23737 -0.196611 -0.832566 0.219 1.15726 -0.295922 -0.730822
950 -0.647671 1.34362 -0.0657517 -1.08001 0.0507759 1.18448 -0.480023 -0.653416
728 -0.667395 1.45206 0.138924 -1.03532 0.142482 1.16908 -0.446277 -0.663207
908 -0.603247 1.07565 -0.0474854 -0.923092 0.142287 0.954692 -0.403699 -0.519756
374 -1.01149 1.3332 0.177712 -0.964155 0.68712 0.907695 -0.158136 -0.702277
565 -1.03774 1.36126 0.128484 -0.978507 0.67343 0.922558 -0.166086 -0.710484
969 -0.576295 0.921033 -0.179154 -1.34704 0.258952 1.05692 -0.52249 -0.399083
257 -0.841071 1.31238 0.216926 -1.14813 0.380474 0.995117 -0.273042 -0.596235
786 -0.654375 0.914833 -0.0325787 -1.52336 0.0125592 0.980262 -0.0700821 -0.755385
566 -0.927338 1.28193 0.149501 -1.11935 0.514178 0.95029 -0.324834 -0.764993
402 -1.11604 1.47158 0.187948 -1.13833 0.775918 0.908844 -0.0869009 -0.796422
529 -0.914354 1.25838 -0.175568 -1.07984 0.264828 1.13776 -0.264915 -0.508172
568 -0.728303 1.26301 0.106624 -1.05216 0.479847 0.766746 -0.233201 -0.746982
39 -0.249707 1.0003 -0.17729 -1.16115 0.0766156 0.806637 -0.714551 -0.922977
487 -0.62342 1.06567 -0.262982 -0.654086 0.0404666 1.18678 -0.3632 -0.66325
275 -0.986884 1.39572 -0.549246 -0.263484 -0.184891 1.72837 -0.500102 -1.05306
151 -0.936676 1.39279 0.133847 -0.974194 0.76472 0.854387 -0.0884286 -0.678108
987 -0.620275 1.03728 -0.0272792 -1.05237 0.302287 0.960889 -0.14698 -0.613383
832 -0.691502 1.2545 -0.0399743 -1.04645 0.0769979 1.07305 -0.379699 -0.591465
495 -0.786196 1.37063 0.0626825 -1.0527 0.679936 0.85825 -0.193623 -0.616018
798 -0.596895 0.742319 -0.288265 -1.64912 0.209598 1.34208 -0.83412 -0.295669
392 -0.324835 1.01482 -0.141907 -1.06843 0.00891118 0.91134 -0.569062 -0.815219
721 -0.492672 1.1412 0.153774 -1.06274 0.0181303 1.0446 -0.25836 -0.613556
142 -0.96857 1.58575 0.221572 -1.12519 0.887213 0.878647 -0.205142 -0.781578
744 -0.838452 1.40281 0.119513 -0.986224 0.58568 0.860729 -0.102664 -0.734161
820 -0.795469 1.29175 0.0341613 -0.961484 0.37209 0.894736 -0.173747 -0.505926
452 -0.725431 1.22376 -0.325041 -1.30735 -0.173019 1.30424 -0.12054 -0.291071
932 -0.613027 0.996208 -0.275136 -1.34962 0.159275 1.13687 -0.41421 -0.298167
293 -0.653526 0.923651 -0.174233 -0.952908 -0.321824 1.13755 -0.706687 -0.568554
62 -0.160972 1.21031 -0.188476 -1.18389 0.0838454 1.00343 -0.742264 -0.958926
949 -0.50537 1.0684 -0.095941 -1.5436 0.0506898 0.93219 -0.151614 -0.95938
192 -0.601446 1.08035 -0.0442766 -1.38399 0.0193392 1.03048 -0.0367303 -0.730267
824 -0.821814 1.1523 -0.375096 -0.320929 0.066508 1.28265 -0.187793 -0.752473
481 -0.71226 1.10625 -0.172435 -0.78581 0.00449568 1.2609 -0.317592 -0.619873
390 -0.362804 0.974835 -0.24639 -1.22902 -0.112399 0.964177 -0.47489 -0.667534
864 -0.573162 1.07613 -0.0168691 -1.09858 -0.168091 1.242 -0.409977 -0.342653
703 -0.714253 1.35659 -0.0131636 -1.23027 0.174746 1.21286 -0.354928 -0.580476
480 -0.869066 1.29687 -0.371958 -0.376554 0.100825 1.38149 -0.30069 -0.862806
823 -0.680663 1.18443 -0.324615 -0.610733 -0.0274895 1.35096 -0.276646 -0.700275
981 -0.8183 1.39886 0.0134402 -1.0025 0.559869 0.833957 -0.195026 -0.66295
915 -0.607234 0.927528 -0.228337 -1.32918 0.0620769 1.14512 -0.726806 -0.568911
98 -0.679341 0.992581 0.0114295 -1.54889 0.105798 0.974884 -0.00329916 -0.914898
307 -0.499335 1.03822 0.0524012 -1.14939 -0.184027 1.21566 -0.47303 -0.441912
532 -0.851139 1.18324 -0.364489 -0.907945 0.137246 1.09996 -0.398861 -0.447157
407 -0.715086 1.31166 0.0112898 -1.04711 0.724528 0.824381 -0.18581 -0.5702
264 -0.860802 1.29583 0.16256 -0.876126 0.340426 0.836016 -0.310235 -0.585371
143 -0.927265 1.444 0.163109 -1.13511 0.628906 0.989826 -0.0639841 -0.584563
302 -0.656445 1.02129 0.0382586 -0.973716 -0.0967983 0.910199 -0.438359 -0.555785
736 -0.633279 1.38729 0.0458459 -0.974858 0.00425431 1.09655 -0.478918 -0.614584
105 -0.521922 1.0021 -0.114387 -1.60151 0.108637 0.851568 -0.0594315 -0.99569
847 -0.585556 1.31633 0.0741763 -0.920483 0.0582142 1.07161 -0.464847 -0.367675
205 -0.416225 1.01414 0.0573984 -1.2433 0.0202522 1.2741 -0.338786 -0.3206
295 -0.537317 1.12414 0.0870042 -1.1288 -0.251837 1.15335 -0.398998 -0.315126
938 -0.62974 0.975301 -0.11189 -1.25133 0.0733014 1.01246 -0.18561 -0.685153
852 -0.403971 0.95878 -0.0832689 -1.0447 0.00162408 1.15486 -0.356361 -0.39093
875 -0.520921 1.25244 0.153931 -1.4484 0.000665914 1.36086 -0.0749265 -0.310473
794 -0.764766 1.15032 -0.214677 -0.915673 0.0520076 1.2959 -0.334382 -0.800124
623 -0.360553 1.12485 -0.367259 -0.989958 -0.0140672 1.17323 -0.646348 -0.886744
940 -0.353729 1.12999 -0.191887 -1.15384 0.0785682 1.0161 -0.612295 -0.926164
531 -0.698213 1.13522 -0.285663 -1.03397 0.189205 1.15987 -0.284973 -0.472114
512 -0.664241 0.972203 -0.0912595 -1.10602 -0.27104 1.07642 -0.595359 -0.429887
298 -0.675989 1.0874 0.0549196 -0.873315 -0.328409 1.00549 -0.734297 -0.506719
72 -0.414479 1.16318 -0.327392 -1.03386 0.0956164 0.94604 -0.670451 -0.902057
806 -0.752183 1.1445 -0.0816981 -1.37449 0.039039 1.03766 -0.107383 -0.803482
649 -0.50749 0.885206 -0.227211 -1.38584 0.0681012 1.14033 -0.582692 -0.364041
804 -0.707881 1.10782 -0.187433 -0.868928 0.139515 1.128 -0.431303 -0.653701
999 -0.68906 1.29898 -0.345233 -1.0715 -0.024821 1.29386 -0.463101 -0.896867
325 -0.717873 1.22301 -0.388975 -0.406226 -0.122294 1.32973 -0.463217 -0.882801
914 -0.525439 0.872792 -0.238841 -1.35145 0.226854 1.1206 -0.511562 -0.510771
525 -0.809852 1.27251 -0.238924 -1.07994 0.236122 1.18387 -0.259907 -0.465362
896 -1.02578 1.32799 -0.293226 -1.0154 0.202238 1.26547 -0.267927 -0.438342
675 -0.820837 1.15177 -0.278747 -1.0508 0.176387 1.13704 -0.334901 -0.4091
511 -0.797594 1.13178 -0.270056 -0.88351 0.019735 1.0568 -0.404257 -0.308928
530 -0.787304 1.23104 -0.266638 -0.988479 0.138278 1.15576 -0.293003 -0.565682
615 -0.72919 1.2191 -0.122946 -0.840194 0.0798096 1.1913 -0.461972 -0.583488
496 -0.82548 1.24732 0.0262003 -1.23003 -0.637132 1.20443 -1.12029 -0.660107
357 -0.47868 1.16104 0.119129 -1.05562 0.179845 1.16884 -0.162611 -0.346957
304 -0.775324 1.10047 0.0745595 -1.16757 -0.643198 1.07282 -0.981139 -0.513145
884 -0.780736 1.1974 -0.229293 -0.833968 0.245765 1.23068 -0.275121 -0.71811
269 -0.816227 1.33928 0.127547 -0.934944 0.547835 0.813367 -0.106027 -0.620416
603 -0.710403 1.17886 -0.190357 -1.258 -0.2129 1.29966 -0.123412 -0.287221
206 -0.502794 0.995467 0.018306 -1.16189 0.0706717 1.02688 -0.227262 -0.373506
268 -0.92452 1.27141 0.182501 -0.958569 0.39885 0.738381 -0.348599 -0.577696
659 -0.774674 1.30827 0.168427 -0.98611 0.367141 0.832876 -0.255044 -0.652302
667 -0.760037 1.54266 -0.0890304 -0.863658 0.0611587 1.20627 -0.591652 -0.571271
723 -0.578276 1.19483 0.0555421 -0.925326 0.154391 1.04625 -0.343254 -0.509038
107 -0.702791 1.08761 0.0576509 -1.47066 0.0684242 0.987386 -0.0801368 -0.743079
164 -0.937465 1.2474 0.159737 -1.07642 0.577867 0.847931 -0.190377 -0.744332
117 -0.626668 1.12249 -0.0428438 -1.36193 0.121484 1.03246 -0.0783419 -0.761017
650 -0.905477 1.21855 -0.393095 -0.738211 0.0608688 1.47427 -0.36679 -0.764075
917 -0.319435 0.928189 -0.149831 -1.02591 -0.00297443 0.932435 -0.53465 -0.767359
149 -0.890107 1.40092 0.0350453 -1.05149 0.48743 0.95376 0.0179148 -0.484618
702 -0.48401 1.02628 -0.189866 -1.22354 0.0723761 1.02205 -0.403736 -0.508669
458 -0.771412 1.09226 -0.267177 -1.15032 -0.331546 1.35219 0.204742 -0.13076
182 -0.516279 1.06398 0.0893483 -1.34629 -0.0831707 1.48126 -0.34535 -0.195731
730 -0.586586 1.42538 0.00175041 -0.921902 0.0769989 1.12445 -0.40994 -0.453932
388 -0.342213 1.17054 -0.182132 -1.21285 0.18692 0.826825 -0.778632 -1.0751
327 -0.79358 1.28884 -0.253512 -0.691204 0.0806079 1.42418 -0.336119 -0.787907
336 -0.899713 1.28444 -0.29879 -0.74472 0.140473 1.36904 -0.374713 -0.833529
199 -0.539698 1.10692 0.00608983 -1.12113 0.0423383 1.2418 -0.10627 -0.336509
876 -0.615359 1.23492 0.0716386 -1.36786 0.122043 1.29724 -0.146767 -0.335987
183 -0.492053 1.17939 0.0992283 -1.26199 -0.108499 1.23846 -0.406052 -0.414616
112 -0.661749 1.00504 0.0236965 -1.32151 0.123459 0.854584 0.0201617 -0.904413
742 -0.916469 1.33795 -0.172777 -0.68126 0.306175 1.11872 -0.296097 -0.825827
286 -0.863367 1.14045 0.0344954 -0.994498 -0.816653 1.30618 -1.02085 -0.690394
952 -0.829625 1.21841 -0.0195974 -1.10458 -0.338256 1.15284 -0.787097 -0.58785
484 -0.787151 1.25136 -0.253732 -0.633022 0.0416312 1.33219 -0.275546 -0.771863
329 -0.856571 1.24467 -0.449665 -0.55447 -0.0431293 1.41882 -0.198544 -0.719398
899 -0.79792 1.23077 -0.222534 -0.884744 0.0231822 1.19146 -0.276085 -0.803126
894 -0.528041 1.0152 0.0286314 -1.37057 -0.0160999 0.966285 -0.209367 -0.653777
735 -0.636274 1.39736 -0.0234163 -0.960831 0.086767 1.17806 -0.474868 -0.552132
990 -0.775246 1.21546 0.0113682 -1.18874 -0.0963447 1.0611 -0.586741 -0.67201
462 -0.668294 0.993752 -0.0985574 -1.08598 -0.463408 1.07109 -0.772748 -0.601276
863 -0.639948 1.25007 0.10919 -1.28895 0.0757535 1.4978 -0.191722 -0.231053
661 -0.844732 1.25803 0.110204 -0.960586 0.629802 0.838512 -0.130471 -0.669044
962 -0.826889 1.37494 0.0508824 -1.31403 0.478335 0.98147 -0.0499893 -0.725604
256 -0.878943 1.33067 -0.0254503 -1.03998 0.431912 1.07529 -0.245431 -0.710305
980 -0.743913 1.26852 -0.0645541 -1.08779 0.256788 1.00097 0.0119977 -0.493384
290 -0.682675 0.964879 -0.0217807 -1.24949 -0.585783 1.21691 -1.04489 -0.518618
803 -0.497675 0.938086 -0.270537 -1.40264 0.210454 1.20018 -0.51951 -0.417389
828 -0.517557 1.32658 0.0177197 -0.891447 -0.00448915 1.04448 -0.557797 -0.650694
976 -0.802084 1.28236 -0.335314 -0.877738 0.199132 1.26441 -0.411004 -0.892348
738 -0.666422 1.24964 -0.209945 -0.651089 0.0843263 1.17493 -0.353473 -0.718818
456 -0.723506 1.08279 -0.318189 -0.929248 -0.114686 1.27022 -0.0516582 -0.288313
503 -0.880235 1.2051 -0.158264 -1.05864 -0.384999 1.22371 -0.849914 -0.510513
893 -0.726676 1.01416 0.0764768 -1.34829 0.0976132 0.957414 -0.0529045 -0.748592
70 -0.280438 1.0319 -0.29306 -1.14575 0.127079 0.885164 -0.703534 -0.79485
802 -0.639772 0.940874 -0.273701 -1.38449 0.0542751 1.32371 -0.605107 -0.38081
363 -0.839821 1.5212 0.0855127 -1.25741 0.853796 0.865573 -0.246753 -0.855901
644 -0.71479 1.02859 -0.137354 -1.31428 0.0790557 1.19189 -0.544638 -0.595482
76 -0.346988 1.03971 -0.225234 -1.16367 0.0500052 0.959438 -0.65974 -0.817154
758 -0.948409 1.32175 -0.321067 -0.995197 0.183873 1.20303 -0.250947 -0.417215
643 -0.490382 1.30414 0.0240937 -0.993139 0.121688 1.08835 -0.443093 -0.560009
415 -0.758397 1.14341 0.0463948 -1.21053 -0.670589 1.16153 -1.08153 -0.651949
326 -0.665456 1.15711 -0.401217 -0.574069 -0.0532682 1.44321 -0.480842 -0.927948
850 -0.834604 1.19959 -0.354451 -0.676338 0.157628 1.27209 -0.303892 -0.712854
328 -0.789907 1.07044 -0.315979 -0.594097 -0.188794 1.30324 -0.32573 -0.625289
843 -0.719614 1.16827 -0.0733868 -1.30631 0.197716 1.10971 -0.119028 -0.851663
714 -0.636087 1.28369 0.0112105 -1.01734 0.0265609 1.1517 -0.432566 -0.55495
376 -0.816886 1.06957 -0.0427715 -0.915227 0.523704 0.859385 -0.151332 -0.627017
774 -0.931845 1.4037 -0.208477 -0.538417 0.193763 1.31747 -0.176871 -0.930985
428 -0.727781 1.14151 -0.115101 -1.10341 -0.342413 1.20521 -0.674261 -0.611185
241 -0.506429 0.957662 -0.221576 -1.1716 0.122372 1.05856 -0.572263 -0.474877
729 -0.545448 1.34528 0.0125585 -1.02229 0.119247 1.27208 -0.467334 -0.62738
778 -0.886745 1.15172 -0.414701 -0.317342 -0.125286 1.36487 -0.347808 -0.758435
613 -0.882733 1.22893 -0.409884 -0.651492 0.14555 1.37077 -0.316027 -0.823914
720 -0.725642 1.2189 -0.155413 -1.18809 -0.21751 1.29043 -0.000304026 -0.262831
460 -0.592124 1.02941 -0.342658 -1.04588 -0.178586 1.13436 -0.138698 -0.225711
628 -0.820002 1.35528 -0.326913 -1.29863 -0.321628 1.52205 0.0727745 -0.0193003
769 -0.414946 0.928547 -0.23864 -1.38296 0.375351 0.99964 -0.519757 -0.416099
305 -0.630743 1.11065 0.00100467 -1.14638 -0.338881 1.11503 -0.687935 -0.552816
544 -0.334805 0.998126 -0.284184 -1.11844 -0.022572 0.975117 -0.648295 -0.845417
150 -0.671968 1.40429 0.110428 -1.01369 0.706542 0.731064 -0.346144 -0.984125
964 -0.516249 0.894487 -0.268501 -1.51771 0.171591 1.08128 -0.595281 -0.458523
813 -0.59771 1.08071 -0.121372 -1.31125 0.30785 1.0723 -0.552624 -0.445045
965 -0.647498 1.02083 -0.113978 -1.28837 -0.0072052 1.06706 -0.233819 -0.771178
960 -0.622935 1.29773 -0.126126 -0.953636 0.129879 1.17055 -0.437873 -0.621833
929 -0.550247 1.1402 0.0587473 -1.24701 -0.0398292 1.27679 -0.286569 -0.352056
74 -0.374382 0.921775 -0.31143 -1.20767 0.102828 0.978424 -0.583772 -0.563739
475 -0.821942 1.21725 -0.418314 -0.452489 -0.0690739 1.40387 -0.45079 -0.881637
966 -0.657014 1.12664 -0.240287 -0.909056 -0.0203617 1.2654 -0.422131 -0.703246
61 -0.678757 1.10235 -0.0943603 -1.49042 0.154788 0.938588 -0.019853 -0.887438
943 -0.590818 1.34462 0.0158037 -0.99891 0.163539 1.11987 -0.393236 -0.613762
606 -0.663197 1.02143 -0.318519 -1.0595 -0.203013 1.30015 0.185464 -0.10591
111 -0.808765 1.15283 -0.258207 -1.06185 0.180965 1.14403 -0.168396 -0.49891
486 -0.86936 1.24841 -0.444634 -0.647891 -0.0939244 1.47908 -0.364974 -0.868628
792 -0.742382 1.16158 -0.0759328 -1.47562 0.113898 1.04894 -0.111105 -0.848517
678 -0.859301 1.08608 -0.190247 -0.871918 0.102909 1.05618 -0.364813 -0.38487
267 -0.874429 1.40543 0.0758016 -0.933571 0.799907 0.706696 -0.209454 -0.726413
634 -0.666107 1.14065 -0.172683 -1.00723 -0.0903751 1.07438 -0.0948202 -0.290456
119 -0.726248 1.17918 -0.0262476 -1.20729 0.22666 0.919435 -0.173656 -0.699412
510 -0.635938 1.08929 -0.0615718 -1.17374 -0.318635 1.07053 -0.644456 -0.548863
296 -0.701388 1.06616 -0.065724 -1.0234 -0.499234 1.1099 -0.798753 -0.65202
677 -0.84794 1.12333 -0.295897 -0.949742 0.14164 1.19161 -0.314049 -0.416322
596 -0.710055 1.19808 -0.388987 -1.35052 -0.376375 1.37317 0.125411 -0.0719397
78 -0.265394 0.920875 -0.213472 -0.9934 0.0803696 0.827689 -0.482537 -0.695508
737 -0.691186 1.14897 -0.153785 -0.924713 0.188502 1.15716 -0.386476 -0.470403
822 -0.72558 0.985393 -0.204472 -1.10221 0.048458 1.07374 -0.112852 -0.875067
978 -0.770049 1.14569 -0.105447 -1.01701 -0.123034 1.13622 -0.48348 -0.490174
910 -0.640001 1.12047 -0.050495 -1.05756 0.0150918 1.17354 -0.290065 -0.336584
796 -0.510876 0.950805 -0.108593 -1.42894 0.0705698 0.959999 -0.171478 -0.713408
641 -0.453378 0.856969 -0.416278 -1.53761 0.126303 1.20296 -0.607632 -0.360095
