1000 8
894 -1.05535 0.173803 0.81197 -1.45873 -0.152056 -0.591017 -0.4609 -0.0960844
217 -1.16472 0.409162 0.547854 -1.60053 -0.235036 -0.63997 -0.486371 -0.139078
695 -0.896488 0.595683 0.618497 -1.88985 -0.692129 0.207335 -0.606645 -0.0898576
554 -0.84091 0.249823 0.814416 -1.56327 -0.489114 -0.625776 -0.386772 -0.160493
675 -0.793617 0.187339 0.942321 -1.27928 -0.520956 -0.694511 -0.484277 -0.231401
896 -1.00967 0.145121 0.925596 -1.48523 -0.68802 -0.873527 -0.634186 -0.318372
997 -1.1026 0.165298 1.00616 -1.56345 -0.571001 -0.569523 -0.671312 -0.258492
563 -1.66993 -0.273106 0.77833 -1.47044 -0.474316 -0.358132 -0.665601 0.28142
658 -1.23485 -0.108511 0.822829 -1.36925 -0.377271 -0.344808 -0.582648 0.0886623
837 -1.02115 0.107487 1.08339 -1.41582 -0.637859 -0.749066 -0.623984 -0.261973
515 -0.936316 0.0847603 1.27217 -1.41553 -1.08145 -1.1962 -0.58663 -0.607555
760 -0.827983 0.225254 1.11835 -1.23644 -0.553887 -0.801658 -0.534047 -0.35537
274 -0.948951 0.146484 1.54657 -1.31349 -0.876432 -1.26 -0.864008 -0.777203
513 -1.04806 0.154256 1.12578 -1.59268 -1.07875 -1.1636 -0.675012 -0.512569
669 -0.927404 0.151539 0.98277 -1.31821 -0.662584 -0.896672 -0.583959 -0.352617
995 -1.07684 0.159076 1.10403 -1.51499 -0.650929 -0.634442 -0.680594 -0.256927
449 -0.920833 0.0383107 1.11775 -1.42296 -0.497622 0.129707 -0.481267 -0.382502
891 -0.939478 0.0726949 1.39312 -1.6599 -0.673697 0.141435 -0.698649 -0.132758
436 -0.939986 0.0319872 1.8203 -1.55722 -0.929723 0.256121 -0.509375 -0.143733
609 -0.842597 0.184998 1.47623 -1.48971 -0.581938 0.128039 -0.480124 -0.282418
633 -0.73605 0.15129 1.38101 -1.35034 -0.636706 0.0685049 -0.526769 -0.336486
813 -0.970082 0.290065 0.649663 -1.69866 -0.431378 -0.115959 -0.686238 -0.0722566
215 -0.8594 0.392193 0.494408 -1.79064 -0.445077 -0.00944666 -0.962701 -0.21494
797 -0.962887 0.215322 0.639926 -1.44753 -0.297525 -0.442602 -0.427014 0.0428454
642 -0.868975 0.298845 0.678537 -1.66903 -0.331324 -0.0867219 -0.750161 -0.302368
636 -0.702131 0.519426 0.49799 -2.12237 -0.301279 0.144349 -1.06536 -0.275985
170 -0.729782 0.677822 0.328836 -2.18357 -0.384286 0.0915723 -1.3409 -0.350565
224 -0.859555 0.314652 0.700837 -1.6649 -0.280685 -0.00918804 -0.815867 -0.179573
717 -0.748707 0.459608 0.615919 -1.66274 -0.489517 0.0417938 -0.469153 -0.133994
326 -0.938133 0.082107 0.797839 -1.84519 -0.043014 -0.432759 -0.227614 -0.424584
308 -0.981584 -0.087669 0.933282 -2.66114 0.0572068 -0.447235 0.259892 -0.560597
208 -0.668629 0.747409 0.704163 -2.26674 -0.256513 0.203614 -1.30416 -0.460659
234 -0.842034 0.393938 0.63832 -1.66571 -0.400001 -0.100866 -0.821167 -0.176986
747 -1.01579 0.286938 0.617748 -1.90903 -0.346366 0.14351 -0.843564 -0.227054
798 -0.768483 0.357681 0.605553 -1.87335 -0.311482 0.0227718 -1.02387 -0.185967
496 -1.04444 0.0260455 1.5758 -1.59634 0.0886958 -0.314216 -0.774394 -0.270785
298 -0.900228 0.135737 1.26616 -1.32676 0.0508197 -0.292297 -0.535816 -0.135678
425 -0.9773 0.0718878 1.19092 -1.20937 -0.0413745 -0.179928 -0.581324 -0.0345977
282 -1.08707 0.10239 1.63579 -1.38505 0.0643759 -0.133654 -0.818475 -0.187927
482 -0.787942 0.196569 0.821689 -2.09844 -0.0457028 -0.541585 0.1921 -0.239189
131 -0.972127 0.110763 1.06538 -2.61699 -0.171995 -0.853139 0.400008 -0.257835
314 -0.689543 0.210364 1.06047 -2.52908 -0.113126 -0.671905 0.216003 -0.28262
551 -0.891352 0.0337261 0.98617 -2.34345 -0.0435868 -0.7022 0.189563 -0.370903
247 -0.856926 0.0964771 0.901459 -2.3321 -0.0832698 -0.479502 0.278067 -0.212679
222 -0.714214 0.143465 0.86827 -2.06778 -0.121042 -0.27275 -0.0500773 -0.421895
316 -0.87724 0.0740046 0.680813 -2.25199 -0.0496927 -0.502765 0.282468 -0.247358
82 -2.06861 -0.503477 0.912298 -1.55822 -0.556998 -0.425171 -0.626888 0.538828
740 -1.40744 -0.0747279 0.711427 -1.50269 -0.479719 -0.303082 -0.721258 0.22702
189 -0.786769 0.465638 0.579953 -1.80219 -0.490879 -0.321172 -1.07229 0.453125
838 -0.936239 0.174376 0.856402 -1.54007 -0.44119 -0.453031 -0.556583 -0.150178
754 -1.08249 0.0860919 1.25112 -1.48468 -0.519645 -0.77305 -0.593983 -0.258209
525 -0.831907 0.100752 1.0422 -1.36451 -0.781544 -0.866287 -0.58819 -0.376956
753 -0.976247 0.160705 1.04349 -1.45307 -0.845501 -1.01836 -0.728087 -0.570205
64 -0.950888 0.0670791 0.876655 -1.11161 -0.738713 -0.756151 -0.649702 -0.475401
662 -0.879894 0.349984 1.41783 -1.60906 -1.0475 -1.1945 -0.644758 -0.672235
559 -0.601175 0.241412 0.797134 -1.70257 -0.182467 -0.602826 -0.00100678 -0.238781
310 -0.947199 0.212906 0.815321 -2.62978 -0.122763 -0.565533 0.235886 -0.442578
350 -0.902919 0.303282 0.664407 -1.69875 -0.43108 -0.307865 -0.757318 0.055161
874 -0.84944 0.383077 0.817288 -1.58188 -0.453562 -0.326072 -0.808635 0.250492
681 -0.853656 0.637345 0.666295 -2.10698 -0.625872 -0.528918 -1.03056 0.604101
690 -0.899639 0.168956 0.567964 -1.53719 -0.38882 -0.247316 -0.665293 0.0159654
194 -0.615548 0.485157 0.765166 -1.69357 -0.419124 -0.428457 -0.932695 0.408137
173 -0.881609 0.539 0.501394 -1.91516 -0.62416 -0.400792 -0.991315 0.473836
682 -1.0025 0.503605 0.579064 -1.94067 -0.60113 -0.514762 -0.869913 0.567631
178 -0.964346 0.377392 0.432262 -1.69683 -0.512641 -0.265385 -0.876543 0.132799
866 -0.967269 0.277213 0.822466 -1.8003 -0.270566 -0.0742921 -0.776409 -0.228035
237 -1.00488 0.10283 0.619843 -1.58742 -0.332857 0.0303357 -0.739089 -0.422405
207 -0.743713 0.532775 0.513582 -2.18144 -0.366379 0.19362 -1.21817 -0.42647
220 -0.998472 0.151437 0.931448 -1.4049 -0.708206 -0.776555 -0.768739 -0.601277
288 -0.887003 0.119587 1.36279 -1.29359 -0.100752 -0.421361 -0.738244 -0.167061
415 -1.17307 0.0312288 1.39529 -1.28678 0.0086058 -0.105346 -0.8236 -0.397829
410 -1.1945 0.0379644 1.86391 -1.66591 0.540774 -0.526005 -0.871455 -0.333607
272 -0.980811 0.249919 2.06786 -1.68115 0.314679 -0.364731 -1.13416 -0.228251
638 -1.03996 0.245414 0.569094 -1.70818 -0.419679 0.0368034 -0.982354 -0.284044
811 -1.31032 -0.0510616 0.533017 -1.54086 -0.310383 0.0119637 -0.663963 -0.756051
58 -1.39744 -0.231827 0.444994 -1.76816 -0.176799 0.113045 -0.676155 -0.891174
36 -1.43611 -0.135426 0.632811 -1.52088 -0.353767 -0.117228 -0.562504 -0.745898
12 -1.85161 -0.315227 0.514251 -1.86659 -0.326968 -0.141737 -0.757394 -1.02112
57 -1.23244 -0.237582 0.824333 -1.75507 -0.112894 -0.0227893 -0.366323 -0.927111
3 -1.803 -0.289998 0.781384 -2.08437 -0.115708 -0.000690469 -0.658338 -1.13144
465 -1.57392 -0.248763 0.643358 -1.44047 -0.402975 -0.139756 -0.564804 -0.226295
330 -0.728094 0.20588 0.72104 -1.84198 -0.204838 -0.389605 -0.0984961 -0.161809
911 -0.852968 0.194184 0.705869 -1.81826 -0.286253 -0.399664 -0.254171 -0.111959
165 -1.27575 -0.0390311 0.834641 -1.52336 -0.36321 -0.334473 -0.458326 0.111876
370 -1.40515 -0.208534 0.733161 -1.2681 -0.4315 -0.224423 -0.510136 0.21958
130 -2.10189 -0.471891 0.964206 -1.38918 -0.933974 -0.458913 -0.864795 0.295251
264 -1.46885 -0.178672 0.853069 -1.25457 -0.417001 -0.286347 -0.568943 0.1684
160 -1.70458 -0.197908 0.838319 -1.18763 -0.560763 -0.382096 -0.574354 0.42505
560 -1.661 -0.293438 0.975064 -1.41776 -0.451126 -0.332981 -0.658616 0.310941
990 -1.14217 0.0365645 1.02515 -1.46856 -0.269128 -0.30103 -0.606779 0.0152696
594 -1.03363 0.0248077 1.69521 -1.40885 -0.755234 0.385797 -0.77249 -0.18853
591 -0.94205 0.131971 1.6527 -1.51684 -0.702205 0.420878 -0.710142 -0.477978
628 -0.905279 0.0790669 1.59292 -1.51998 -0.69425 0.347021 -0.621503 -0.313318
441 -0.913157 0.108231 1.48913 -1.37944 -0.688588 0.224809 -0.641715 -0.56677
179 -0.635276 0.227696 1.49584 -1.48445 -0.624338 0.286463 -0.481799 -0.216952
275 -0.758867 0.0955252 1.07086 -2.27524 -0.0244024 -0.37752 0.226139 -0.35324
569 -1.00853 -0.0572095 0.767234 -1.64325 -0.175203 -0.37781 -0.066083 0.0196795
647 -0.808581 0.175 0.680856 -1.48112 -0.244899 -0.170562 -0.660376 -0.101448
635 -0.82067 0.340549 0.524303 -1.68835 -0.430999 -0.101839 -0.940194 -0.161036
407 -1.26177 -0.0317584 0.757868 -1.44374 -0.347093 -0.267474 -0.604161 0.107377
148 -1.55755 -0.134301 0.788984 -1.32263 -0.44383 -0.263248 -0.566021 0.249562
364 -1.79609 -0.267695 0.854298 -1.31163 -0.542645 -0.274327 -0.643319 0.417064
373 -1.39416 -0.228334 0.701962 -1.19671 -0.543399 -0.289964 -0.685738 0.265137
248 -1.69812 -0.426595 0.956675 -1.4661 -0.45887 -0.358719 -0.496707 0.580497
947 -1.42752 -0.14985 0.730857 -1.43252 -0.409613 -0.209032 -0.559905 0.129629
885 -0.866745 0.114993 0.937874 -1.42023 -0.56235 -0.68333 -0.539883 -0.286498
437 -0.944765 0.168228 1.43935 -1.3761 -0.934999 -1.07127 -0.717956 -0.460078
666 -0.891591 0.223026 1.42908 -1.36841 -0.943969 -0.843729 -0.698511 -0.476394
526 -0.939017 0.0736825 1.01548 -1.29832 -0.86707 -0.934117 -0.653995 -0.262627
663 -1.1713 0.109291 1.23452 -1.52613 -0.983159 -1.2696 -0.679754 -0.600517
133 -2.07463 -0.365799 0.875492 -1.65108 -0.661048 -0.228718 -0.680491 0.340411
744 -1.44234 -0.263892 0.776833 -1.30363 -0.41505 -0.314116 -0.541163 0.327994
141 -1.54454 -0.139897 1.04057 -1.40329 -0.451683 -0.147974 -0.599259 0.425272
794 -0.96661 0.249072 0.741538 -1.82557 -0.203017 -0.485241 -0.352701 -0.165315
966 -0.895347 0.256828 0.715617 -1.79822 -0.254784 -0.37844 -0.379115 -0.0894365
859 -0.86366 0.531902 0.661678 -2.01223 -0.425536 -0.478571 -0.689609 0.406493
707 -0.977809 0.719127 0.669234 -2.085 -0.881034 0.297936 -0.460687 -0.22409
905 -0.824412 0.480125 0.772712 -1.80415 -0.575207 0.160578 -0.486471 -0.0723905
880 -0.926008 0.340837 0.726344 -1.73668 -0.438956 -0.0961616 -0.530901 -0.216856
737 -0.689339 0.327604 0.687564 -1.53395 -0.53042 -0.190395 -0.552761 -0.136414
706 -0.903072 0.75217 0.682383 -2.22277 -0.884829 0.260804 -0.334192 -0.173046
622 -1.19516 -0.112964 0.601343 -1.51061 -0.256463 0.0792814 -0.472293 -0.697154
6 -1.61299 -0.235177 0.661842 -1.99923 -0.239415 0.115107 -0.577957 -0.955096
538 -1.52621 -0.236366 0.575262 -1.54625 -0.229481 0.104035 -0.560792 -0.733104
53 -1.80406 -0.415442 0.605421 -1.66743 -0.337981 0.0293518 -0.620029 -0.863926
51 -1.63008 -0.252863 0.706007 -1.65357 -0.333301 0.135435 -0.685658 -1.04252
29 -1.49879 -0.198862 0.663266 -1.63758 -0.197773 -0.0286097 -0.464888 -0.929387
0 -1.64785 -0.0408025 0.357679 -2.15023 -0.169605 -0.0284051 -0.710003 -1.09579
48 -1.27888 -0.131243 0.565361 -1.60712 -0.282992 0.0051638 -0.646696 -0.757324
126 -0.956639 0.718754 0.458697 -2.26997 -0.623994 -0.525684 -1.08997 0.813073
185 -0.838323 0.327354 0.729651 -1.61717 -0.487281 -0.210993 -0.846288 0.359581
196 -0.850042 0.442729 0.481707 -1.65819 -0.489745 -0.347924 -0.816769 0.293033
341 -0.864969 0.446712 0.431615 -1.95344 -0.722273 -0.591975 -0.99265 0.402772
680 -1.0136 0.414691 0.262797 -1.9014 -0.65654 -0.423207 -1.18226 0.303423
851 -0.950637 0.21179 0.860469 -1.39902 -0.709417 -0.876589 -0.713843 -0.271324
672 -1.0345 0.0523792 0.822131 -1.15125 -0.451312 -0.609817 -0.571048 -0.0157845
668 -0.869804 0.243465 1.05368 -1.34766 -0.704535 -0.914291 -0.603878 -0.329095
637 -0.777542 0.61598 0.695468 -1.93308 -0.678102 0.220823 -0.780453 -0.0937939
907 -0.9054 0.405877 0.694171 -1.68201 -0.591546 0.0101491 -0.586517 -0.087275
516 -0.826698 0.621151 0.772402 -1.93046 -0.795841 -0.0783373 -0.730356 -0.132626
708 -0.959704 0.818013 0.737221 -1.93743 -0.675729 -0.00580977 -0.533471 -0.126878
549 -1.0331 0.249727 0.676272 -1.60745 -0.426862 -0.0249259 -0.548285 -0.300144
715 -0.817506 0.404173 0.836142 -1.55344 -0.55812 0.0548027 -0.597726 -0.121448
712 -0.847457 0.370224 0.746415 -1.84634 -0.560606 -0.056747 -0.523934 -0.16402
716 -0.720462 0.455327 0.679782 -1.6893 -0.473415 -0.0847474 -0.61576 -0.190604
533 -0.796506 0.176228 0.941937 -1.31826 -0.544157 -0.761941 -0.589565 -0.279369
534 -0.843899 0.0742628 0.901938 -1.33533 -0.591907 -0.770743 -0.353004 -0.302078
670 -0.974116 0.101958 1.0967 -1.38427 -0.615688 -0.839981 -0.627371 -0.291399
660 -1.44465 -0.11493 0.850188 -1.20681 -0.452209 -0.301098 -0.602826 0.232937
81 -2.09677 -0.41449 0.882031 -1.64563 -0.420415 -0.425289 -0.568376 0.420765
691 -1.07884 0.198427 0.728327 -1.69993 -0.479021 -0.165476 -0.692743 0.0840121
736 -0.768918 0.339066 0.727032 -1.655 -0.480382 0.00967694 -0.574905 -0.0733911
961 -0.913965 0.271104 0.765622 -1.81211 -0.397341 -0.239757 -0.732877 0.187643
176 -0.777946 0.526151 0.595376 -1.8998 -0.46836 -0.488664 -0.881699 0.481533
202 -0.974142 0.292409 0.630913 -1.53961 -0.355301 -0.312656 -0.745771 0.121645
41 -1.36653 -0.0797449 0.688741 -1.58621 -0.308695 -0.0545586 -0.578883 -0.698047
380 -1.86479 -0.308664 0.776969 -1.80895 -0.2898 0.0779473 -0.565839 -0.89587
35 -1.22516 -0.0911576 0.54202 -1.63754 -0.119306 -0.104947 -0.218448 -0.748934
101 -1.15097 0.190955 0.662076 -1.56758 -0.189301 -0.5715 -0.458082 -0.182317
161 -1.34753 -0.210821 0.84283 -1.21386 -0.496005 -0.182223 -0.489151 0.250526
626 -0.895245 -0.00703591 1.61304 -1.60061 -0.78491 0.380082 -0.505846 -0.361604
246 -0.885243 0.175355 0.802747 -1.59528 -0.357848 -0.121483 -0.627084 -0.17579
232 -0.948764 0.251441 0.691682 -1.67173 -0.341832 -0.0156273 -0.78113 -0.307834
546 -1.27438 -0.183864 0.71493 -1.65218 -0.213978 -0.0791167 -0.445151 -0.823082
548 -1.35045 -0.196362 0.652716 -1.45182 -0.255088 0.0638461 -0.510987 -0.682077
52 -1.70576 -0.235359 0.553504 -1.82206 -0.263757 -0.0603542 -0.684164 -0.887746
4 -1.78405 -0.189348 0.784244 -1.95184 -0.385622 -0.037484 -0.705055 -1.25114
95 -1.04092 0.241214 0.794966 -1.47285 -0.117732 -0.779227 -0.627156 -0.00896289
84 -1.34485 0.456055 0.510812 -1.76258 -0.145809 -0.942407 -0.635156 0.135468
790 -1.31157 0.146325 0.704948 -1.51073 -0.106892 -0.82799 -0.458104 0.141515
782 -0.991159 0.305617 0.949577 -1.49901 -0.105589 -0.783782 -0.608748 0.162383
424 -0.999668 0.103724 1.2578 -1.36845 -0.0111218 -0.379066 -0.596329 -0.0514973
422 -0.953661 0.0783096 1.27146 -1.44619 0.0825814 -0.381358 -0.505637 -0.226452
578 -1.39064 0.509652 0.625002 -1.70258 -0.158383 -1.19178 -0.365944 0.14191
586 -1.10781 0.257127 0.740851 -1.41326 -0.190246 -0.617462 -0.436916 -0.0269629
80 -1.60837 0.530783 0.693403 -1.6868 -0.268901 -1.39549 -0.685289 0.212975
469 -1.21786 0.286148 0.718639 -1.76937 -0.148804 -0.82093 -0.327149 -0.00307719
400 -1.39626 0.202434 0.694361 -1.46809 -0.251428 -0.747855 -0.573202 0.0395858
844 -1.05299 0.197558 0.845095 -1.52938 -0.194932 -0.533154 -0.480301 -0.00151827
85 -1.43978 0.25522 0.767562 -1.47663 -0.01632 -1.02299 -0.430697 -0.0698044
809 -1.37891 -0.118501 0.560873 -1.47313 -0.394614 0.0431981 -0.572238 -0.71423
643 -0.804315 0.498827 0.621586 -1.7068 -0.47896 0.0773864 -0.617919 -0.178974
705 -0.992106 0.969966 0.724358 -2.13227 -0.910234 0.244661 -0.499364 -0.235777
235 -0.854723 0.332765 0.660546 -1.74252 -0.40257 -0.154567 -0.843039 -0.140017
60 -1.36885 -0.233339 0.666926 -1.68569 -0.214138 -0.0827293 -0.440334 -0.863184
26 -1.30054 -0.0862697 0.897048 -1.58934 -0.165131 -0.02644 -0.701038 -0.65161
919 -1.0671 0.00123441 1.35489 -1.52491 -0.52718 0.180521 -0.681249 -0.510745
593 -0.937295 0.081683 1.39488 -1.4865 -0.56907 0.170364 -0.511765 -0.151512
698 -0.797274 0.364558 0.695012 -1.69671 -0.495482 -0.304988 -0.792395 0.293579
683 -0.913338 0.491303 0.570152 -1.87269 -0.505414 -0.231708 -0.862262 0.328191
183 -0.846056 0.506601 0.640892 -1.70441 -0.501729 -0.274462 -0.907593 0.445014
353 -0.774315 0.340487 0.712668 -1.51473 -0.321069 -0.270832 -0.685923 0.105684
291 -1.0541 0.0224916 1.36884 -1.36944 -0.114935 -0.496616 -0.712172 -0.0778752
429 -0.979928 0.106361 1.14873 -1.44383 -0.127963 -0.341433 -0.663809 0.0344742
688 -0.851849 0.409734 0.518801 -1.76097 -0.519482 -0.344314 -0.904657 0.305203
342 -1.05349 0.267551 0.331595 -1.88767 -0.441722 -0.182155 -0.985299 0.101816
45 -1.22599 -0.15408 0.529243 -1.40565 -0.27621 -0.0319335 -0.503796 -0.551177
385 -1.56664 -0.342427 0.565569 -1.5183 -0.29281 -0.0442323 -0.533771 -0.634546
868 -0.992406 0.0895528 1.13508 -1.61665 -0.207776 -0.224038 -0.679228 -0.211448
306 -0.827909 0.136893 1.16343 -1.55984 -0.130613 -0.416325 -0.462006 -0.128474
503 -0.895183 0.0962159 1.4242 -1.38375 -0.217406 -0.477373 -0.617682 -0.186449
381 -1.01404 0.0433586 1.18023 -1.36208 -0.860244 -1.08133 -0.68403 -0.731049
2 -2.11852 -0.452589 0.714954 -1.82709 -0.29343 -0.0673086 -0.716618 -0.912424
389 -0.984339 0.0763756 0.674268 -1.7713 -0.0670788 -0.29067 -0.1883 -0.361929
315 -0.778992 0.107309 0.831731 -2.32878 -0.0905279 -0.567783 0.118928 -0.19856
960 -0.88542 0.319615 0.797102 -1.70604 -0.347272 -0.145274 -0.502162 -0.0661433
825 -1.00505 0.413739 0.859756 -1.87795 -0.511684 0.086018 -0.611897 -0.0606037
532 -0.946335 0.167303 1.08003 -1.47776 -0.642979 -0.689196 -0.571263 -0.333962
292 -1.14903 0.0332021 1.30853 -1.51375 0.0224694 -0.276133 -0.743583 -0.323255
462 -1.09155 0.0109352 1.09664 -1.29475 -0.0686774 -0.185694 -0.616377 -0.319487
897 -1.00597 -0.0444729 1.50811 -1.44971 0.153508 -0.34913 -0.598996 0.00848247
289 -0.978713 0.186373 1.41834 -1.37851 0.242585 -0.356635 -0.817027 0.0307733
279 -1.02473 0.0431726 1.89851 -1.47635 0.338564 -0.481446 -0.860433 -0.0695783
571 -1.03241 -0.0690947 1.62101 -1.34949 0.135977 -0.303186 -0.772384 -0.018838
280 -1.17321 -0.0903615 1.81602 -1.41319 0.463749 -0.272484 -0.868329 -0.354056
209 -0.758249 0.533709 0.625214 -2.0952 -0.437335 0.229869 -1.24942 -0.225391
800 -0.844283 0.34358 0.565863 -1.708 -0.443743 0.0275396 -0.835922 -0.110771
241 -0.781536 0.281057 0.591531 -1.54213 -0.415226 0.0241041 -0.722154 -0.176689
932 -0.881768 0.248085 0.768906 -1.58382 -0.358751 -0.208462 -0.697765 -0.173001
867 -0.889566 0.163078 0.633722 -1.61514 -0.320985 -0.0970305 -0.77584 -0.348261
877 -0.77422 0.336305 0.765358 -1.63057 -0.375447 -0.17864 -0.724163 -0.0668801
985 -0.950946 0.497128 0.929247 -1.89935 -0.540726 -0.249575 -0.575501 0.0704294
343 -0.884055 0.396019 0.506984 -1.65414 -0.497578 -0.286914 -0.842834 0.321757
168 -0.827821 0.633762 0.311672 -2.31369 -0.551822 -0.482846 -1.18393 0.432224
355 -0.652207 0.293714 0.638564 -1.79666 -0.118104 -0.404787 -0.195982 -0.0455194
536 -0.749234 0.251072 1.09043 -2.22512 -0.0242604 -0.704014 0.0565082 -0.169241
172 -0.706952 0.5988 0.663663 -2.00847 -0.460517 -0.437393 -0.852399 0.671941
664 -1.02367 0.197282 0.927092 -1.64213 -0.787556 -0.980503 -0.44335 -0.227838
501 -0.921272 0.169329 1.10261 -1.41244 -0.360444 -0.627665 -0.617744 -0.272934
366 -1.74534 -0.240884 0.740779 -1.45038 -0.470033 -0.208214 -0.67406 0.254295
408 -1.52466 -0.172864 0.770435 -1.40349 -0.405882 -0.30872 -0.521609 0.278716
884 -1.12715 0.0291258 0.802036 -1.60112 -0.376006 -0.455508 -0.297209 -0.162246
611 -1.17038 0.105785 0.85565 -2.00055 -0.238152 -0.42232 -0.368698 -0.261774
557 -0.752549 0.0748501 0.650308 -1.62983 -0.0693233 -0.372581 -0.0444414 -0.234769
198 -0.751269 0.309761 0.480442 -1.66782 -0.272752 -0.433769 -0.410881 0.0171985
340 -0.736446 0.504148 0.52203 -2.34763 -0.441429 -0.548392 -0.778897 0.587707
552 -0.746131 0.273837 0.837998 -2.31575 -0.168207 -0.716147 0.157587 -0.244636
471 -0.837717 0.197837 0.7663 -2.11366 -0.0879582 -0.397714 0.0747835 -0.245475
212 -0.860115 0.198807 0.83265 -2.26182 -0.183891 -0.476289 0.0382224 -0.0502035
882 -0.872229 0.151679 0.836199 -1.86632 -0.323009 -0.546703 -0.180317 -0.230727
531 -0.886881 0.0154764 1.2292 -1.32246 -0.708865 -0.536706 -0.529095 -0.373265
759 -0.991856 0.18562 1.03834 -1.29477 -0.711175 -0.773765 -0.559139 -0.326073
138 -1.89632 -0.433584 0.796204 -1.35226 -0.600483 -0.221742 -0.613945 0.371675
128 -2.17256 -0.385978 0.853701 -1.58142 -0.612069 -0.197126 -0.782173 0.342297
371 -1.50825 -0.123336 0.787045 -1.30229 -0.452187 -0.226782 -0.525288 0.171109
517 -0.944729 0.146942 1.11629 -1.52151 -0.855811 -1.14411 -0.527078 -0.434515
677 -0.851566 0.194937 1.05939 -1.53439 -0.502773 -0.637022 -0.622645 -0.22255
968 -0.960496 0.229976 1.0593 -1.58037 -0.310483 -0.383486 -0.761477 -0.150326
91 -1.11745 0.368611 0.806956 -1.66759 -0.19759 -0.854451 -0.62211 0.161061
931 -1.09922 0.178691 0.843165 -1.54939 -0.295409 -0.574136 -0.476808 -0.0255602
86 -1.43691 0.352857 0.689593 -1.74302 -0.0296384 -1.12213 -0.388387 0.218051
857 -1.08345 0.123094 0.76583 -1.67729 -0.0457647 -0.764535 -0.378249 0.0404112
321 -0.681939 0.225575 0.848777 -2.21681 -0.0508624 -0.65947 0.053108 -0.172874
171 -0.926931 0.0817253 0.754047 -2.27981 -0.10309 -0.50022 -0.0127337 -0.00168573
311 -0.760139 0.226927 0.913858 -2.45016 -0.108707 -0.647264 0.173351 -0.122139
823 -0.889701 0.102977 0.795536 -1.82965 -0.312418 -0.237239 -0.251084 -0.125382
514 -0.806809 0.200966 1.12852 -1.61982 -0.848547 -1.4104 -0.466501 -0.630153
369 -0.914583 0.0223126 0.973919 -1.41717 -0.722665 -0.861992 -0.449691 -0.154016
776 -0.877677 0.213741 0.892915 -1.49581 -0.601977 -0.827603 -0.471034 -0.270193
758 -0.944528 0.173227 1.04856 -1.32195 -0.65403 -0.79503 -0.634878 -0.34268
993 -1.06139 0.101219 1.0413 -1.46136 -0.655039 -0.717074 -0.579545 -0.472981
409 -0.938716 0.124305 0.849052 -1.21658 -0.549436 -0.621238 -0.483308 -0.316281
261 -1.36463 -0.182878 0.822886 -1.26141 -0.385765 -0.163441 -0.618834 0.231936
568 -1.50692 -0.240008 0.608039 -1.30842 -0.419586 -0.226749 -0.515317 -0.116034
152 -1.50459 -0.186259 0.742207 -1.3069 -0.418398 -0.275877 -0.670496 0.243412
127 -2.22392 -0.405529 0.869315 -1.71995 -0.577414 -0.198109 -0.628362 0.439497
268 -1.21957 -0.0789908 0.838366 -1.22442 -0.3018 -0.196453 -0.504317 0.0881269
402 -1.41665 -0.0819224 0.804625 -1.4826 -0.449649 -0.273754 -0.61798 0.196304
567 -1.5014 -0.180346 0.796869 -1.28932 -0.464208 -0.34927 -0.600514 0.365858
132 -2.11566 -0.39292 0.970942 -1.65589 -0.553812 -0.367824 -0.684474 0.714953
959 -0.985688 0.281265 1.01242 -1.79938 -0.407708 -0.232101 -0.662062 -0.184875
944 -0.978552 0.223164 0.797792 -1.58573 -0.425106 -0.0941792 -0.600994 -0.21079
174 -1.08038 0.515803 0.61043 -1.91014 -0.563942 0.24616 -0.558662 -0.271442
906 -0.933954 0.371475 0.740504 -1.75686 -0.638628 -0.136435 -0.49173 -0.199805
846 -0.905726 0.429963 0.641455 -1.74287 -0.627533 0.104387 -0.562585 -0.0518667
476 -0.805734 0.154396 0.822001 -2.08299 -0.0583883 -0.562554 0.118163 -0.0555839
972 -0.987514 0.185122 0.707223 -1.80575 -0.427787 -0.431071 -0.589666 0.0734178
862 -0.897997 0.42921 0.662146 -1.90642 -0.485228 -0.501938 -0.62648 0.247464
556 -0.899499 0.31019 0.696066 -1.81533 -0.351807 -0.398401 -0.526068 0.165898
528 -0.58707 0.158612 0.789703 -1.83567 -0.283666 -0.600439 -0.242108 -0.329162
802 -0.976419 0.277309 0.834679 -1.89118 -0.454957 -0.155617 -0.85651 -0.168437
974 -0.895783 0.214708 0.875114 -1.74547 -0.419633 -0.283301 -0.725046 -0.242584
762 -0.809082 0.272026 0.869386 -1.50755 -0.423549 0.0319089 -0.628861 -0.233771
228 -0.680898 0.400688 0.672609 -1.89077 -0.371934 0.058716 -0.970913 -0.172024
649 -0.782222 0.338392 0.71974 -1.67409 -0.372445 -0.111523 -0.767458 -0.157256
640 -0.846111 0.481779 0.701939 -1.98819 -0.321759 -0.100722 -0.922963 -0.242883
814 -0.864513 0.28636 0.641375 -1.69063 -0.326706 -0.0957524 -0.797165 -0.106934
210 -0.811754 0.504662 0.611031 -2.01975 -0.258504 0.297408 -1.23098 -0.139484
157 -1.33872 -0.0542989 0.725346 -1.43069 -0.431387 -0.200402 -0.588599 0.231156
486 -0.662435 0.143088 0.88747 -1.7999 -0.143882 -0.372982 0.0146412 -0.203091
774 -0.943416 0.105464 0.886845 -1.83179 -0.236898 -0.550083 -0.0601317 -0.157121
336 -1.05651 0.0664641 0.851969 -1.94744 -0.272925 -0.451359 -0.256856 -0.0678652
327 -0.925206 -0.0135232 0.830617 -1.90819 -0.211058 -0.392497 -0.166401 -0.243419
742 -1.13349 0.0455306 0.772903 -1.79847 -0.316805 -0.436335 -0.197226 -0.0532405
741 -1.44286 -0.145699 0.720233 -1.17322 -0.427028 -0.150324 -0.634608 0.195492
793 -0.955896 0.258277 0.522847 -1.51308 -0.328112 -0.0660838 -0.683356 -0.192554
233 -0.863833 0.275175 0.480079 -1.58656 -0.324999 0.0604306 -0.816095 -0.310743
982 -0.895845 0.297181 0.592182 -1.71256 -0.392825 -0.150645 -0.808387 -0.0877815
915 -1.04754 0.17101 0.831718 -1.52796 -0.21644 -0.157391 -0.702446 -0.173414
242 -0.743227 0.267544 0.5478 -1.63872 -0.355257 -0.0536779 -0.713274 -0.226434
393 -1.22521 -0.0742253 0.556824 -1.3353 -0.244849 -0.052761 -0.45415 -0.5767
512 -1.02604 0.121074 1.35442 -1.37938 -0.021922 -0.381482 -0.696092 -0.0702608
273 -1.31655 -0.0653307 2.04415 -1.61048 0.549736 -0.421244 -1.16037 -0.215633
277 -1.05071 0.0921095 1.91332 -1.55856 0.333765 -0.531911 -0.811421 -0.0244562
283 -1.04681 0.118626 1.76785 -1.41666 0.206961 -0.330692 -0.948755 0.0418818
278 -0.842824 0.175343 1.93646 -1.48735 0.211773 -0.153757 -0.811336 -0.031073
284 -0.984684 0.0838972 1.71119 -1.35991 0.139424 -0.265118 -0.870346 -0.0956275
761 -0.918499 0.0667464 1.2568 -1.41868 -0.314153 -0.0198304 -0.53732 -0.190745
244 -0.912271 0.189987 1.0579 -1.51618 -0.454745 0.0899422 -0.672471 -0.25221
444 -0.795938 0.175829 1.62399 -1.41639 -0.661839 0.0960257 -0.616297 -0.379205
924 -1.03702 0.265228 0.879285 -1.60156 -0.182093 -0.534869 -0.515301 -0.0863441
822 -0.883849 0.256509 0.870495 -1.58971 -0.227971 -0.560289 -0.289937 -0.00772911
397 -1.26484 0.136645 0.743656 -1.28308 -0.248373 -0.787199 -0.454129 0.314273
281 -1.08488 0.386662 0.881601 -1.79156 -0.137358 -0.94288 -0.427188 0.225855
540 -0.922842 0.138702 1.10261 -1.23622 -0.697561 -0.609099 -0.627638 -0.546516
671 -0.909112 0.196 1.14 -1.36336 -0.64575 -0.721962 -0.596411 -0.396757
529 -0.862329 0.166419 0.920882 -1.43362 -0.547315 -0.744171 -0.547739 -0.240347
187 -0.764084 0.482779 0.678258 -1.90809 -0.463301 -0.277542 -0.706822 0.327089
169 -0.878912 0.72878 0.523562 -2.25593 -0.65787 -0.469575 -1.34057 0.720615
686 -1.05663 0.347155 0.725509 -1.44931 -0.277622 -0.69693 -0.460518 0.121331
438 -0.668881 0.387163 0.762989 -1.89113 -0.637274 -0.408766 -0.647811 0.145767
199 -0.859583 0.324713 0.668992 -1.39236 -0.501633 -0.34835 -0.70805 0.273178
180 -0.955666 0.367426 0.737234 -1.73949 -0.611384 -0.400682 -0.952607 0.251261
699 -0.821009 0.355785 0.617036 -1.7959 -0.552653 -0.386342 -0.85199 0.301357
7 -0.922652 0.456421 0.247132 -2.12878 -0.504344 -0.259203 -0.904107 0.168798
443 -1.00547 0.0712038 1.51301 -1.49194 -0.553052 0.106267 -0.628581 -0.34357
604 -0.844955 0.141879 1.42597 -1.54168 -0.342264 0.0752001 -0.435867 -0.37477
726 -0.657169 0.193958 0.898369 -2.53246 -0.17745 -0.455869 0.248805 -0.403322
320 -0.806893 -0.0535967 0.716234 -2.32078 -0.0382097 -0.535816 0.272601 -0.585999
10 -1.74247 -0.293686 0.500573 -1.87235 -0.236189 -0.0541539 -0.629895 -0.85065
863 -1.07711 0.268234 0.592205 -1.73395 -0.466427 -0.279902 -0.783287 0.332644
566 -1.28875 0.0152763 0.882128 -1.38179 -0.414815 -0.222914 -0.61683 0.0194237
561 -1.50923 -0.153852 1.08425 -1.39617 -0.320339 -0.370004 -0.686714 0.388288
430 -0.912381 0.010438 1.31504 -1.2919 0.00447852 -0.21196 -0.624187 -0.127944
271 -1.10513 0.154112 2.0858 -1.62756 0.430445 -0.519069 -0.974446 -0.132749
694 -0.922541 0.379071 0.687847 -1.61524 -0.440474 -0.49534 -0.61722 0.144046
195 -0.868321 0.386161 0.642985 -1.63262 -0.496227 -0.307351 -0.663501 0.161187
359 -0.898102 0.390667 0.599428 -1.70603 -0.338768 -0.439202 -0.729308 0.134483
175 -0.869141 0.527501 0.619728 -1.87545 -0.502896 -0.323249 -0.973201 0.456279
709 -0.728287 0.691187 0.78501 -1.81375 -0.647888 0.153958 -0.694571 -0.0712389
731 -0.699449 0.488827 0.717261 -1.82901 -0.491131 0.0285775 -0.540862 -0.0665088
730 -0.748877 0.445959 0.799929 -1.73032 -0.654321 0.126368 -0.551846 -0.166793
30 -1.41086 -0.134431 0.549123 -1.67589 -0.191733 0.0448881 -0.654794 -0.918305
32 -1.34149 -0.221869 0.606098 -1.81036 -0.0333743 -0.093693 -0.272205 -0.937194
18 -1.71055 -0.185027 0.61747 -1.85352 -0.388914 -0.0419718 -0.693289 -1.13881
193 -0.77195 0.32337 0.578815 -1.74401 -0.353544 -0.218013 -0.510626 -0.0474922
732 -1.11317 0.104066 0.546668 -1.66241 -0.44513 0.11646 -0.518435 -0.380636
31 -1.43055 -0.180984 0.651814 -1.64055 -0.332201 0.166197 -0.505371 -0.903337
387 -1.38272 -0.192706 0.567793 -1.59749 -0.280489 0.155827 -0.55277 -0.903593
914 -0.903737 0.224806 0.798836 -1.57165 -0.248209 -0.0918881 -0.672113 -0.260776
216 -0.703372 0.395701 0.669217 -2.02954 -0.308669 0.0341094 -0.918423 -0.223639
420 -1.18396 0.259995 1.00105 -1.56733 -0.181589 -0.66187 -0.580891 -0.0790149
114 -1.15759 0.20328 0.753397 -1.48125 -0.282987 -0.556455 -0.517321 -0.115119
810 -1.34705 -0.166387 0.635757 -1.5321 -0.26987 -0.258366 -0.451317 -0.621191
463 -1.41309 -0.134318 0.645657 -1.414 -0.292634 -0.053456 -0.556612 -0.806431
61 -1.18617 0.0841951 0.765596 -1.48726 -0.207753 -0.673922 -0.437018 -0.0785894
394 -1.04788 0.575046 0.667932 -1.92673 -0.875061 0.218408 -0.566049 0.0549805
833 -0.875576 0.273721 0.666314 -1.50176 -0.369252 -0.108793 -0.46699 -0.00257754
167 -1.06348 0.132686 0.56559 -1.31494 -0.414071 -0.0714657 -0.469168 0.146686
598 -0.859434 0.116223 1.32641 -1.41103 -0.597069 0.0908192 -0.554699 -0.216471
434 -0.845415 0.0587634 2.00589 -1.81848 -1.125 0.380332 -0.512699 -0.44257
632 -0.805574 0.0244454 1.15796 -1.37595 -0.510396 0.0421564 -0.435506 -0.250692
184 -0.916057 0.358747 0.447437 -1.66671 -0.495133 -0.385562 -0.841188 0.298358
498 -1.05943 0.0730053 1.65787 -1.3294 0.0920584 -0.254779 -0.759558 -0.0685491
575 -0.983963 0.0617995 1.08282 -1.41353 -0.194638 -0.337595 -0.747522 -0.0221957
419 -1.00118 0.122729 1.29799 -1.40712 0.0522423 -0.316962 -0.800888 -0.113597
659 -1.1543 0.0164125 0.771046 -1.30599 -0.364862 -0.276011 -0.508535 0.128711
276 -1.06245 0.02769 1.9328 -1.51145 0.374564 -0.467798 -0.901263 -0.0500068
821 -0.611587 0.300662 0.817662 -1.85322 -0.157807 -0.52353 -0.153472 -0.092508
323 -0.700573 0.135384 0.671425 -2.09506 -0.147702 -0.529295 0.0600799 -0.17625
693 -0.802128 0.304456 0.513424 -1.65386 -0.439247 -0.376155 -0.70298 0.245555
354 -0.646766 0.386784 0.594835 -1.55232 -0.348609 -0.316166 -0.678418 0.193339
383 -1.45803 -0.091657 0.495512 -1.76929 -0.271303 0.187268 -0.80312 -0.869084
17 -1.74804 -0.225295 0.631203 -1.63387 -0.327409 -0.227231 -0.648761 -1.06166
543 -1.31688 -0.12822 0.619524 -1.4115 -0.373235 -0.201353 -0.51878 -0.332659
541 -1.42747 -0.0936139 0.601956 -1.63537 -0.301906 -0.0196865 -0.606038 -0.792111
9 -1.64623 -0.161016 0.678469 -1.82266 -0.191948 0.202177 -0.812516 -1.03609
964 -0.895177 0.202601 0.685131 -1.5324 -0.321849 -0.303512 -0.734768 -0.0341038
789 -1.42934 0.350207 0.618367 -1.54305 -0.152628 -0.925573 -0.507897 0.00282849
786 -0.939111 0.196269 0.676789 -1.43062 -0.349922 -0.753522 -0.564462 -0.0171723
309 -0.925532 0.207867 1.17263 -2.70239 0.0987973 -0.63652 0.296926 -0.319237
119 -1.20201 0.103058 0.748676 -1.41427 -0.254823 -0.476686 -0.524465 2.00821e-05
519 -0.848176 0.240236 1.18014 -1.48459 -0.878641 -0.944645 -0.699932 -0.399519
111 -1.02255 0.0832007 0.944508 -1.29951 -0.38533 -0.708314 -0.681481 -0.23042
79 -1.75511 0.364858 0.670588 -1.60146 0.0692833 -1.14772 -0.759095 -0.0561415
24 -1.66743 -0.26541 0.610802 -1.65017 -0.228376 -0.0753834 -0.725574 -0.893981
68 -1.50385 -0.180978 0.566091 -1.59572 -0.168725 -0.208584 -0.56696 -0.768745
236 -0.824838 0.239232 0.586066 -1.7111 -0.261114 -0.0856019 -0.514153 -0.215345
865 -1.06014 0.211214 0.641928 -1.5755 -0.377858 -0.165948 -0.768405 -0.228096
104 -1.20143 0.16799 0.909762 -1.39064 -0.275124 -0.525878 -0.631788 -0.084679
581 -1.18175 0.27221 0.876025 -1.56021 -0.345307 -0.822931 -0.66035 -0.0275354
564 -0.966803 0.0203994 1.11784 -1.42532 -0.509391 0.0449868 -0.483604 -0.107574
986 -0.94179 0.136844 1.26747 -1.63296 -0.618262 0.0303041 -0.642389 -0.305951
455 -0.794316 0.0836368 1.26889 -1.39127 -0.591512 0.0955033 -0.517118 -0.28002
243 -0.772421 0.106033 1.11848 -1.40086 -0.498517 0.167421 -0.673011 -0.303197
265 -1.40983 -0.132635 0.75976 -1.25464 -0.430999 -0.297839 -0.554568 0.044634
144 -1.77922 -0.323507 0.932157 -1.55567 -0.377104 -0.440287 -0.467426 0.433019
250 -1.54366 -0.250266 0.747072 -1.61409 -0.388809 -0.330466 -0.287397 0.19828
363 -1.79359 -0.148155 0.763923 -1.45195 -0.647175 -0.427269 -0.742696 0.527483
253 -1.65744 -0.282144 0.718415 -1.30876 -0.564391 -0.245188 -0.732342 0.328875
606 -0.768215 0.113958 1.13946 -1.30585 -0.55925 0.147661 -0.573009 -0.116185
447 -0.954858 0.176926 1.19109 -1.6034 -0.507033 0.0616817 -0.70408 -0.261308
719 -0.913596 0.232518 0.875559 -1.63711 -0.446898 -0.0866641 -0.593628 -0.118766
734 -0.943456 0.288998 0.798486 -1.63355 -0.415611 -0.137904 -0.60468 -0.052335
711 -0.831134 0.424258 0.786524 -1.66246 -0.610839 0.0212523 -0.576561 -0.136853
439 -0.846413 0.129008 1.46882 -1.47399 -0.614083 0.368772 -0.584513 -0.608996
254 -1.00886 -0.0456544 1.11709 -1.41231 -0.470595 -0.0682346 -0.682506 -0.211243
134 -0.937386 0.0321257 1.91321 -1.59226 -0.940114 0.458713 -0.679053 -0.307507
376 -1.06271 -0.0584972 0.668535 -1.34121 -0.386524 -0.254822 -0.417797 0.0661936
313 -0.582759 0.329607 1.06341 -2.64055 -0.100646 -0.565008 0.272537 -0.275492
317 -0.761622 0.209083 0.915685 -2.33319 -0.0674007 -0.539921 0.122219 -0.158445
977 -1.09774 0.135619 0.824827 -1.83851 -0.278265 -0.317062 -0.424725 -0.125757
848 -0.981268 0.173075 0.746434 -1.88034 -0.212003 -0.508502 -0.248211 -0.215021
550 -1.2429 -0.061127 0.6366 -1.57366 -0.329467 -0.255724 -0.581055 -0.441135
5 -1.80108 -0.200994 0.542029 -1.88318 -0.300661 -0.203433 -0.726981 -1.12657
14 -1.42039 -0.168698 0.520231 -1.96278 -0.160975 -0.0498306 -0.591215 -1.02478
579 -1.52949 0.300263 0.78612 -1.64822 -0.287113 -1.06113 -0.502442 0.269204
112 -0.987499 0.396437 0.631617 -1.39469 -0.318799 -0.641432 -0.439633 0.15205
948 -1.10554 0.222729 0.93484 -1.70839 -0.304023 -0.51254 -0.567646 -0.162982
651 -0.890636 0.480176 0.894187 -1.76015 -0.531704 0.0940588 -0.551433 -0.150048
722 -0.662405 0.376892 0.887124 -1.51849 -0.286151 0.0891248 -0.42185 -0.178781
735 -0.783663 0.396369 0.633427 -1.74575 -0.465386 0.078149 -0.499227 -0.114533
860 -0.736294 0.405795 0.588398 -1.67208 -0.386233 -0.412127 -0.742272 0.252202
204 -0.845263 0.242094 0.641522 -1.54483 -0.345241 -0.301476 -0.620994 0.0730624
488 -1.52318 -0.21616 0.675067 -1.37267 -0.394909 -0.412345 -0.694088 0.351368
684 -0.962738 0.260976 0.671196 -1.88759 -0.501836 -0.340131 -0.705585 0.117926
854 -1.2167 -0.0181208 0.703971 -1.6094 -0.197322 -0.149807 -0.547224 -0.628938
25 -1.5369 -0.184615 0.527119 -1.67579 -0.20562 -0.0801259 -0.633805 -0.874017
625 -1.11572 -0.11333 0.52915 -1.34556 -0.238229 -0.0303761 -0.607853 -0.442854
213 -0.849633 0.363967 0.630644 -1.95124 -0.29145 0.215247 -0.999822 -0.180032
607 -0.786938 0.197505 0.947619 -1.42511 -0.410634 0.163973 -0.661873 -0.203744
433 -0.996263 0.106579 1.83838 -1.59491 -0.770408 0.40118 -0.904016 -0.465571
520 -0.95586 0.124097 1.00102 -1.45606 -0.744691 -0.770881 -0.590214 -0.320956
981 -1.13346 0.0207548 0.804095 -1.24729 -0.446855 -0.28783 -0.63294 0.0991058
521 -1.47396 -0.230162 0.910347 -1.27255 -0.687962 -0.342488 -0.6201 0.318543
50 -1.26996 -0.10455 1.13743 -1.54365 -1.44547 -1.23961 -0.639232 -0.699805
129 -2.03677 -0.419677 0.80239 -1.59573 -0.606011 -0.434806 -0.631912 0.549962
379 -1.18627 0.0464415 0.605195 -1.37627 -0.209636 -0.499055 -0.393419 0.0842025
870 -1.07499 0.127217 0.694778 -1.43562 -0.247788 -0.568396 -0.383975 -0.247109
853 -0.897191 0.283293 0.60088 -1.55705 -0.520403 -0.407647 -0.820515 0.161791
692 -0.888864 0.399968 0.534288 -1.64702 -0.447341 -0.344364 -0.74091 0.272013
685 -0.888119 0.478734 0.795777 -1.70419 -0.5167 -0.352621 -0.826485 0.313643
186 -0.988052 0.301577 0.540438 -1.74224 -0.392852 -0.302227 -0.747879 0.207042
181 -0.885615 0.512123 0.695225 -1.91041 -0.488474 -0.455151 -0.965181 0.381458
864 -0.852954 0.238973 0.684217 -1.47356 -0.307424 -0.325201 -0.730628 0.205371
929 -1.03997 0.242326 0.502526 -1.596 -0.474251 -0.295459 -0.635559 0.0846137
386 -1.31639 -0.194948 0.659684 -1.46527 -0.231502 0.0162217 -0.559458 -0.609228
23 -1.62394 -0.273106 0.513121 -1.74171 -0.295978 0.0718626 -0.705362 -0.918025
156 -0.900169 0.0679148 0.775165 -1.92231 -0.0504858 -0.548957 0.143945 -0.0907203
372 -1.31422 -0.0571564 0.78178 -1.44029 -0.366587 -0.214723 -0.646805 0.0902215
657 -1.37949 -0.116328 0.75988 -1.35363 -0.421049 -0.177269 -0.489124 0.23469
973 -0.967666 0.140024 0.974499 -1.59325 -0.471502 -0.491103 -0.714342 -0.253926
527 -0.934921 0.112646 1.0769 -1.46659 -0.695768 -0.675985 -0.591398 -0.348601
770 -0.842879 0.2243 0.786721 -1.64233 -0.402384 -0.318142 -0.727159 -0.132825
933 -1.03536 0.251537 0.800765 -1.75322 -0.265607 -0.342332 -0.707146 -0.114514
223 -0.784405 0.38344 0.523998 -1.76373 -0.232846 -0.0200512 -0.87232 -0.363375
214 -0.930898 0.413179 0.53781 -1.86813 -0.378792 0.152386 -0.965481 -0.290789
351 -0.824463 0.320334 0.620235 -1.7967 -0.395144 -0.348292 -0.693231 0.204173
998 -1.06343 0.181472 0.825707 -1.84009 -0.388699 -0.328068 -0.613533 0.0328108
928 -1.0378 0.102743 0.686062 -1.68582 -0.426566 -0.29217 -0.552423 -0.148815
613 -0.924485 0.0940965 0.78389 -1.83083 -0.23005 -0.43763 -0.212298 -0.170484
612 -0.956449 0.020244 0.716427 -1.88313 -0.186846 -0.333859 -0.246635 -0.175275
976 -0.857902 0.252937 0.868934 -2.10214 -0.28963 -0.382428 -0.276229 -0.0607828
975 -1.13016 0.251558 0.715882 -1.55553 -0.289591 -0.644788 -0.485319 -0.0025178
192 -1.12365 0.300656 0.728617 -1.66319 -0.236181 -0.735661 -0.616732 0.180189
124 -1.04903 0.268856 0.942467 -1.52099 -0.268423 -0.500086 -0.640676 0.028871
103 -0.899074 0.26105 0.835505 -1.94783 -0.101537 -0.926986 -0.0992231 -0.200522
470 -0.907798 -0.0161424 0.824423 -2.19794 -0.0609933 -0.503347 0.251745 -0.223955
487 -0.697872 0.17746 0.725457 -1.93185 -0.133861 -0.456462 0.070952 -0.132189
616 -0.815457 0.181047 0.648348 -1.64747 -0.15021 -0.297887 -0.292509 -0.212782
382 -1.53331 -0.323007 0.576462 -1.65067 -0.247516 -0.0778221 -0.484398 -0.764121
65 -1.40768 -0.276603 0.543744 -1.45426 -0.261327 -0.0647515 -0.552281 -0.752751
748 -1.26498 -0.142238 0.532747 -1.55682 -0.239187 0.0544832 -0.60291 -0.623122
252 -1.56311 -0.0992022 0.766517 -1.4336 -0.415605 -0.405674 -0.619272 0.10742
537 -1.63583 -0.241209 0.744224 -1.49701 -0.605199 -0.236246 -0.621791 0.256266
59 -1.57575 -0.246385 0.574774 -1.65533 -0.239708 -0.0316993 -0.55387 -0.828001
66 -1.45247 -0.155108 0.522118 -1.53899 -0.210764 -0.0929104 -0.494396 -0.817971
984 -1.39772 -0.0534078 0.831066 -1.36425 -0.345101 -0.135354 -0.561605 0.0556569
406 -1.37437 -0.178188 0.733158 -1.17324 -0.440355 -0.26022 -0.519127 0.229539
13 -1.928 -0.271735 0.78661 -1.48969 -0.538792 -0.259215 -0.720656 0.38602
656 -1.52639 -0.0248549 0.828884 -1.42624 -0.397253 -0.344991 -0.596609 0.430931
495 -1.24305 -0.0887018 0.823375 -1.33993 -0.402701 -0.303081 -0.623128 0.0733715
38 -1.30099 -0.0811166 0.551958 -1.58073 -0.319765 -0.022274 -0.523572 -0.683432
392 -1.37867 -0.144023 0.598543 -1.485 -0.354067 -0.0899663 -0.526528 -0.628807
20 -1.73607 -0.202381 0.913124 -1.7422 -0.158162 0.0818857 -0.86979 -1.21953
939 -1.29296 -0.0615872 0.744723 -1.58494 -0.26125 -0.045488 -0.716432 -0.701923
917 -1.33026 -0.161622 0.603744 -1.37668 -0.244471 -0.0173046 -0.550075 -0.83282
27 -1.37121 -0.263235 0.499183 -1.54205 -0.268128 -0.156911 -0.38457 -0.779385
970 -0.94792 0.156261 0.784912 -1.64715 -0.38431 -0.137103 -0.69301 -0.0890388
395 -1.25442 0.213148 0.73533 -1.69068 -0.411353 -0.0840195 -0.895794 0.0536017
464 -1.33322 -0.075467 0.693038 -1.51647 -0.275167 -0.0340594 -0.502526 -0.601304
631 -0.783256 0.136041 1.2826 -1.44807 -0.567779 0.114589 -0.606209 -0.148558
452 -0.986237 0.0603501 1.25371 -1.67943 -0.534202 -0.056317 -0.524055 -0.243097
653 -0.970245 0.25116 1.14423 -1.52861 -0.421573 -0.0878679 -0.597672 -0.0624043
562 -1.30411 0.155772 0.916086 -1.46663 -0.311701 -0.867348 -0.433018 0.267644
87 -1.44113 0.281501 0.816015 -1.55544 -0.245204 -1.17032 -0.516763 0.269711
431 -0.888846 0.192307 1.15354 -1.5375 -0.159501 -0.316501 -0.736274 -0.0644965
297 -1.0626 0.158548 1.20422 -1.43214 -0.195422 -0.287944 -0.613993 -0.0573292
779 -0.885994 0.37763 0.734211 -1.83511 -0.343823 -0.522751 -0.47053 0.212104
358 -0.764901 0.303233 0.720461 -1.5241 -0.332255 -0.459084 -0.681664 0.0226161
226 -0.720807 0.545065 0.385773 -1.99457 -0.369445 -0.0304203 -1.12151 -0.207223
211 -0.755399 0.44524 0.883787 -1.7087 -0.224595 0.259475 -1.14193 -0.54855
231 -0.81577 0.376647 0.630143 -1.80712 -0.367532 -0.0847838 -0.802474 -0.191708
831 -0.762053 0.323502 0.8902 -1.92827 -0.25915 -0.288717 -0.0933133 -0.185072
312 -0.790817 0.120518 0.820548 -2.6094 -0.189253 -0.695602 0.268837 -0.133845
191 -0.66236 0.397157 0.609408 -1.76015 -0.311299 -0.306883 -0.521144 0.134601
349 -0.869363 0.303082 0.521127 -1.52067 -0.38608 -0.165868 -0.724748 -0.0276294
587 -0.991125 0.275414 0.768828 -1.53298 -0.327645 -0.64361 -0.440523 -0.0230412
580 -1.15738 0.324155 0.64637 -1.54651 -0.32485 -0.796605 -0.442569 0.29158
829 -0.987103 0.325664 0.908007 -1.57041 -0.333543 -0.403716 -0.558174 0.0855084
841 -1.18495 0.307161 0.962296 -1.70425 -0.21306 -0.825605 -0.530161 -0.0880352
324 -0.895566 0.0351048 0.717564 -1.84731 -0.214235 -0.497981 -0.0313575 -0.217712
337 -0.835687 0.107834 0.777797 -1.76317 -0.113789 -0.428697 -0.141238 -0.173951
819 -0.86184 0.232749 0.800689 -1.93573 -0.102581 -0.522111 -0.244568 -0.232361
21 -1.67517 -0.18807 0.656501 -1.73098 -0.249066 0.120927 -0.848389 -1.06052
304 -0.907421 -0.00105619 1.22303 -1.25192 0.00580169 -0.231541 -0.70492 -0.113154
507 -0.990027 0.00831325 1.2689 -1.34746 0.0490824 -0.275188 -0.68857 -0.116206
19 -0.807931 0.462359 0.527631 -1.83758 -0.498061 -0.430058 -0.947629 0.215578
923 -0.834799 0.311122 0.632136 -1.85018 -0.341979 -0.298806 -0.557186 0.0681761
849 -0.902781 0.182409 0.803864 -2.21784 -0.134486 -0.472491 -0.00681278 -0.199293
641 -0.842513 0.428785 0.678351 -1.83783 -0.315057 -0.055948 -0.971932 -0.320172
435 -1.09568 0.000371839 1.88298 -1.59386 -0.908405 0.468577 -0.587276 -0.202807
655 -1.0763 0.0361298 1.1031 -1.63288 -0.434117 -0.0695747 -0.636778 -0.20352
926 -1.1073 -0.0427826 0.965486 -1.52824 -0.387672 0.116193 -0.541305 -0.470592
442 -0.853438 0.0941067 1.34731 -1.47549 -0.578795 0.144057 -0.608618 -0.321422
597 -0.754465 0.146306 1.27839 -1.47556 -0.512528 0.287317 -0.514847 -0.254679
456 -0.74517 0.107653 1.26224 -1.46919 -0.500015 0.0869053 -0.297297 -0.217148
432 -0.849925 0.114458 2.02045 -1.81746 -1.04731 0.410848 -0.502946 -0.497708
589 -1.14264 0.282598 0.804774 -1.52242 -0.187745 -0.762172 -0.420192 0.0418003
834 -1.11782 0.329327 0.816407 -1.68581 -0.227164 -0.855032 -0.512752 0.144582
15 -0.963679 0.376651 0.432267 -1.97951 -0.189657 0.0887783 -1.14564 -0.503811
646 -0.809011 0.349997 0.554597 -1.56351 -0.299797 -0.117888 -0.694178 -0.173225
293 -0.790311 0.0696641 1.30968 -1.39147 0.084042 -0.426738 -0.674151 0.0419874
332 -0.712856 0.198601 0.814732 -2.04454 -0.118399 -0.450494 0.0194889 -0.297065
46 -1.21342 0.0511028 0.642543 -1.47426 -0.259255 -0.393457 -0.539682 -0.224552
871 -1.35661 0.0921117 0.8046 -1.53651 -0.300819 -0.563524 -0.516355 0.0981356
155 -1.66164 -0.0795014 0.823446 -1.38148 -0.419596 -0.230652 -0.651252 0.183136
125 -2.10363 -0.349759 0.890327 -1.67901 -0.644759 -0.182531 -0.511671 0.687126
143 -1.66981 -0.168171 0.715661 -1.35148 -0.500203 -0.248332 -0.700687 0.471594
362 -0.936527 0.0544407 1.55769 -1.51546 -0.680115 0.350279 -0.554361 -0.299816
345 -0.770891 0.101671 1.2383 -1.5107 -0.430221 0.0802787 -0.634287 -0.295471
440 -0.822601 0.138797 1.66696 -1.59344 -0.646843 0.313467 -0.552089 -0.461913
450 -0.847233 0.0748392 1.39401 -1.38594 -0.61958 0.333492 -0.46476 -0.389831
967 -0.927202 0.114224 1.27993 -1.56009 -0.444151 -0.0443644 -0.619319 -0.296451
746 -0.75395 0.143226 0.609022 -1.68255 -0.167944 -0.343342 -0.163722 -0.311658
639 -0.71012 0.386232 0.780118 -1.75758 -0.357794 -0.105007 -0.846557 -0.161229
766 -0.67619 0.379427 0.520469 -1.72549 -0.31992 0.0429105 -0.906912 -0.176297
627 -0.878046 0.05339 1.61069 -1.49763 -0.725463 0.327314 -0.634177 -0.170722
457 -0.953278 0.150377 0.761018 -1.36903 -0.309676 -0.45077 -0.454902 0.0417674
856 -1.1951 0.403719 0.727489 -1.54688 -0.124521 -0.958236 -0.579324 0.180855
879 -0.989067 0.19229 0.714283 -1.70124 -0.382606 -0.0498389 -0.787463 -0.208764
227 -0.901479 0.360853 0.863277 -1.87741 -0.274981 -0.155132 -0.738962 -0.318526
225 -0.896519 0.33053 0.576847 -1.65859 -0.20664 0.0595708 -0.780781 -0.46567
913 -1.02336 0.154339 0.605708 -1.63811 -0.226137 0.0475091 -0.859916 -0.440731
676 -1.01662 0.218224 0.864435 -1.42309 -0.453163 -0.58286 -0.513763 -0.267035
883 -0.867731 0.194445 0.794904 -1.36489 -0.586891 -0.654892 -0.620584 -0.181704
374 -1.38606 -0.0657622 0.776419 -1.28248 -0.364707 -0.283953 -0.634462 0.267078
302 -0.967299 0.0611283 1.26692 -1.37471 -0.0311819 -0.320076 -0.675462 -0.0470974
164 -1.46546 -0.138253 0.841552 -1.2913 -0.36899 -0.307635 -0.52431 0.245208
63 -1.75681 -0.319864 0.683814 -1.24287 -0.351975 -0.166489 -0.525459 0.156836
150 -1.66272 -0.287135 0.617815 -1.23969 -0.331988 -0.255461 -0.521169 0.000867242
582 -1.11516 0.420596 0.613316 -1.59351 -0.21178 -0.910106 -0.490627 0.0760845
88 -0.887634 0.55759 0.386811 -1.95193 -0.288697 -0.115551 -1.18321 -0.286292
74 -1.00349 0.177803 0.478816 -1.66419 -0.350498 -0.0668498 -0.851573 -0.334122
229 -0.920868 0.18225 0.498621 -1.60176 -0.342529 -0.0915398 -0.768123 -0.104595
218 -0.649454 0.460961 0.785632 -2.02018 -0.396646 0.0762119 -0.881922 -0.326623
816 -0.766366 0.237494 0.673495 -1.63851 -0.212396 -0.130754 -0.450019 -0.230789
945 -0.777466 0.342477 0.678548 -1.91621 -0.394127 0.0674103 -0.732683 -0.196992
876 -0.939486 0.227593 0.814011 -1.56346 -0.453904 -0.233583 -0.720703 0.125863
522 -0.888737 0.114638 1.11875 -1.55024 -0.746176 -0.681394 -0.501794 -0.474484
238 -0.841782 0.28141 0.692613 -1.57918 -0.323795 -0.107723 -0.66528 -0.0424015
158 -1.36381 -0.130844 0.80771 -1.33117 -0.470815 -0.211342 -0.497516 0.254883
630 -0.929398 0.3031 0.791971 -1.57837 -0.58749 0.0226462 -0.566406 -0.0478159
723 -0.866007 0.257794 0.597609 -1.54969 -0.371291 -0.0449336 -0.523928 -0.0151162
718 -0.88818 0.342204 0.718678 -1.63226 -0.410001 -0.0343852 -0.509569 -0.129285
950 -1.00361 0.307735 0.744268 -1.76137 -0.379194 -0.062177 -0.514149 -0.202116
11 -1.07064 0.0507927 0.836035 -2.53104 -0.0748188 -0.578393 0.37358 -0.300921
530 -0.878048 0.162984 1.0949 -1.4639 -0.665679 -0.624257 -0.573428 -0.346186
492 -1.14582 0.0536645 1.05005 -1.5203 -0.538394 -0.520515 -0.593313 -0.147253
701 -0.910554 0.240295 0.607905 -1.60889 -0.297927 -0.28679 -0.639846 0.0500348
727 -0.95082 0.731286 0.738461 -1.98136 -0.866277 0.244564 -0.571825 -0.0806631
714 -0.872713 0.378847 0.629306 -1.64077 -0.473406 -0.0480683 -0.522357 -0.0435613
190 -0.758144 0.515456 0.444159 -1.61941 -0.444816 -0.432588 -0.892779 0.33273
113 -1.12052 0.216649 0.513268 -1.42896 -0.276105 -0.453354 -0.626221 -0.166065
55 -1.74217 -0.470539 0.691489 -1.53732 -0.224999 0.0448752 -0.631403 -0.845894
83 -1.39873 0.420012 0.811486 -1.58407 -0.0967226 -0.948612 -0.516906 -0.124781
787 -1.03798 0.2622 0.827479 -1.63073 -0.340342 -0.656829 -0.605783 0.17993
339 -0.902977 0.486198 0.425551 -1.99731 -0.411131 -0.335564 -1.09407 0.317028
855 -1.13458 -0.0820753 0.620203 -1.45823 -0.247897 -0.0174354 -0.564933 -0.553303
16 -1.86268 -0.385283 0.491749 -1.72267 -0.166461 -0.0711598 -0.701733 -0.863783
898 -0.839606 0.0973882 0.758494 -1.91803 -0.169671 -0.389617 -0.0660947 -0.35501
473 -0.792291 0.167369 0.99254 -1.99604 -0.0186459 -0.418094 -0.0821921 -0.236053
899 -0.984394 0.113484 0.842925 -1.89301 -0.246951 -0.51529 -0.237756 -0.188941
738 -0.6905 0.356686 0.749875 -1.93648 -0.303908 -0.321701 -0.09268 -0.182089
696 -0.83203 0.0726207 0.707642 -2.0141 -0.238115 -0.470565 -0.0900265 -0.146868
333 -0.809862 0.082869 0.720564 -1.77615 -0.2204 -0.381177 -0.235847 -0.253322
137 -1.79762 -0.278207 0.718668 -1.46881 -0.549637 -0.183634 -0.543392 0.288525
828 -0.856263 0.258708 0.828445 -1.53694 -0.413786 -0.161657 -0.567023 0.0680275
300 -1.00786 0.0902713 1.32139 -1.45512 -0.0897813 -0.334747 -0.695082 -0.0668326
413 -1.04589 0.0788599 1.66334 -1.4103 0.0904091 -0.372661 -0.87305 -0.077616
427 -0.929424 0.0398758 1.09536 -1.26703 -0.392969 -0.68585 -0.581381 -0.329249
270 -1.00507 0.236709 0.575185 -1.55492 -0.456224 -0.202942 -0.817889 0.124597
136 -1.50246 0.377665 0.924904 -1.53155 -0.0178295 -1.1695 -0.429139 0.186644
807 -0.998319 0.3147 0.700274 -1.6633 -0.259944 -0.518836 -0.551419 0.178283
751 -1.39705 -0.120657 0.759507 -1.38992 -0.362547 -0.392747 -0.519896 0.175969
56 -1.63674 -0.241001 0.515815 -1.69828 -0.278721 0.135965 -0.550912 -0.970422
544 -1.44633 -0.146372 0.62561 -1.5745 -0.34595 0.0131833 -0.51052 -0.888891
33 -0.978372 0.323059 0.609145 -1.63312 -0.392139 0.0339064 -0.596059 -0.36162
889 -1.02763 0.104038 1.16647 -1.48773 -0.132664 -0.360819 -0.521041 -0.0947033
299 -0.972161 0.0371436 0.979988 -1.36181 -0.103675 -0.242456 -0.662892 -0.181106
952 -0.969577 0.0976866 1.15019 -1.58295 -0.113336 -0.207976 -0.74469 -0.126459
615 -0.678633 0.355306 0.764708 -1.8523 -0.288948 -0.179767 -0.323847 -0.179308
827 -0.916972 0.42167 0.647735 -1.98481 -0.571398 0.103088 -0.447714 -0.203532
325 -0.748121 0.100337 0.700891 -2.0719 0.0159155 -0.491328 0.133545 -0.211848
8 -0.918745 0.155146 0.990789 -2.4607 0.0706363 -0.691812 0.156536 -0.254221
614 -0.726044 0.135303 0.830396 -1.84676 -0.259711 -0.629935 -0.0887225 -0.259394
89 -1.47729 0.168048 0.555489 -1.50667 -0.00908034 -0.763239 -0.615924 -0.352632
94 -1.11591 0.30962 0.843422 -1.46814 -0.0907559 -0.924286 -0.618824 0.0570579
92 -1.14463 0.331165 0.693526 -1.49174 -0.225102 -0.920491 -0.61935 0.208443
412 -1.06514 0.463233 0.830257 -1.44319 -0.0749785 -0.803391 -0.551149 0.289898
547 -0.888289 0.509961 0.55349 -1.77506 -0.604193 0.23122 -0.573661 -0.247385
689 -0.780669 0.347386 0.554711 -1.55425 -0.471463 -0.280293 -0.74148 0.239676
399 -1.53338 -0.294382 0.791791 -1.56546 -0.414081 -0.277723 -0.372355 0.497828
842 -1.24732 0.236647 0.688803 -1.53646 -0.190487 -0.725361 -0.436046 0.0109178
969 -0.845789 0.382825 0.747119 -1.70831 -0.3727 -0.0824216 -0.818112 -0.210893
505 -0.83005 0.210606 0.769807 -1.52347 -0.304374 -0.0303128 -0.773571 -0.15261
769 -0.983945 0.250125 0.614361 -1.69918 -0.353781 -0.0691578 -0.798283 0.0127473
771 -0.794451 0.397659 0.632554 -1.67302 -0.340893 -0.0627571 -0.790969 -0.152697
588 -1.07884 0.312266 0.662926 -1.49452 -0.277854 -0.573552 -0.531205 0.0714277
346 -0.824794 0.424951 0.598149 -1.69416 -0.415722 -0.327195 -0.813736 0.272492
910 -0.865575 0.243659 0.742395 -1.51455 -0.471157 -0.44997 -0.59955 0.124564
755 -1.10944 0.0677553 1.00068 -1.39347 -0.475828 -0.659484 -0.604518 -0.309337
294 -0.925569 0.0853247 1.49873 -1.32911 0.0408774 -0.403337 -0.7436 -0.115833
497 -0.996208 0.138618 1.80484 -1.38769 0.160516 -0.208285 -0.876993 -0.00449045
592 -0.98654 0.0306352 1.73622 -1.67741 -0.763762 0.360429 -0.6824 -0.44267
328 -0.718685 0.0988006 0.787195 -1.73605 -0.105472 -0.262472 -0.10504 -0.241975
251 -1.77474 -0.331391 0.761884 -1.39669 -0.505018 -0.295819 -0.651593 0.460798
483 -0.865936 0.0938204 0.762815 -1.53483 -0.132056 -0.357409 -0.101245 -0.0899688
478 -0.878235 0.24766 0.848898 -1.99678 -0.0962464 -0.491294 -0.0252761 -0.210603
1 -1.95671 -0.318869 0.58012 -1.86964 -0.427271 -0.0777115 -0.816756 -1.08107
42 -1.28289 -0.120379 0.617381 -1.51047 -0.24412 -0.0731299 -0.611925 -0.689752
428 -0.976912 0.115146 1.18097 -1.52454 -0.141381 -0.362614 -0.711913 -0.239638
951 -0.886492 0.0717112 1.3241 -1.39534 -0.069027 -0.196827 -0.616248 -0.0508737
573 -0.986971 0.0862128 1.29755 -1.30301 0.0843453 -0.456569 -0.704465 -0.0401553
577 -0.930763 0.0999611 1.12828 -1.39279 -0.112047 -0.350818 -0.725108 -0.0258594
832 -0.903479 0.344927 0.833946 -1.68053 -0.43267 -0.112996 -0.632874 -0.0342559
572 -0.854973 0.178469 1.36126 -1.55642 0.00543284 -0.274321 -0.761162 -0.181377
921 -1.17126 0.0222089 1.34673 -1.50657 -0.0988159 -0.262153 -0.782961 -0.104895
219 -0.670248 0.414498 0.731942 -1.80168 -0.448567 -0.122412 -0.926849 -0.403627
617 -0.839594 0.258291 0.688988 -1.70375 -0.166531 -0.028096 -1.00802 -0.325238
710 -0.897382 0.545549 0.678668 -1.78169 -0.683701 -0.0516978 -0.566085 -0.107955
904 -1.04054 0.413978 0.696101 -1.79638 -0.732615 0.171315 -0.54561 -0.296374
54 -0.954525 0.602841 0.544734 -1.81792 -0.744035 0.229451 -0.548021 -0.267227
912 -0.766562 0.474616 0.645987 -1.93836 -0.326713 0.12138 -0.997113 -0.107641
135 -2.16957 -0.376352 0.858829 -1.5943 -0.48332 -0.343897 -0.677798 0.60194
773 -1.35305 -0.0756092 0.805981 -1.28059 -0.384794 -0.255289 -0.512545 0.155988
49 -1.32081 -0.122812 0.594588 -1.27642 -0.180534 -0.011959 -0.554696 -0.715477
900 -0.892368 0.238149 0.658285 -1.63886 -0.359634 -0.187666 -0.732221 -0.138103
881 -0.933184 0.201607 0.869265 -1.57226 -0.228359 -0.165094 -0.66658 -0.174286
418 -0.924168 0.00822437 1.4507 -1.43518 0.0596629 -0.277089 -0.805259 -0.155786
147 -1.5092 -0.215424 0.68696 -1.51219 -0.47272 -0.239257 -0.483394 0.191412
334 -0.637854 0.125237 0.759208 -1.98903 -0.0673536 -0.521634 -0.00764307 -0.210157
775 -0.980441 0.0252809 0.787749 -1.84282 -0.137313 -0.42093 -0.0773681 0.0964713
267 -1.36978 -0.172958 0.709788 -1.1916 -0.33972 -0.252038 -0.549607 0.272195
140 -1.80464 -0.242956 1.00994 -1.32938 -0.587478 -0.0463387 -0.729478 0.514132
149 -1.34657 -0.166948 0.930403 -1.23126 -0.449217 -0.0722077 -0.643929 0.351176
159 -1.42187 -0.168605 0.993404 -1.30663 -0.306195 -0.303018 -0.627342 0.279838
858 -0.856236 0.203386 0.798922 -1.7172 -0.194867 -0.436737 -0.26895 -0.0453374
610 -0.990783 0.155876 0.844893 -2.08369 -0.198995 -0.559821 -0.0644812 -0.0330829
249 -1.99375 -0.359798 0.966169 -1.54808 -0.56785 -0.299217 -0.731177 0.634989
361 -1.78497 -0.375598 0.732159 -1.40795 -0.517295 -0.227356 -0.477181 0.282431
728 -0.782838 0.698944 0.676398 -1.92008 -0.636112 0.054118 -0.527467 -0.0348245
902 -0.982089 0.205244 0.743222 -1.71005 -0.322757 -0.210788 -0.694564 -0.171316
368 -1.48783 -0.215619 0.738016 -1.33017 -0.544215 -0.178376 -0.700528 0.389746
255 -1.10339 -0.0714275 1.23381 -1.35458 -0.0844356 -0.100768 -0.728668 -0.311737
367 -1.73835 -0.341875 0.697101 -1.38736 -0.445081 -0.242596 -0.496829 0.272132
697 -0.89715 0.318999 0.602086 -1.78905 -0.396921 -0.438883 -0.837862 0.0836186
704 -0.816263 0.272799 0.594322 -1.64211 -0.327057 -0.191299 -0.688239 -0.00188812
375 -1.43071 -0.185682 0.760156 -1.29933 -0.423852 -0.271558 -0.628199 0.267816
991 -1.22023 -0.0825284 0.840409 -1.48862 -0.325498 -0.256834 -0.566284 0.00865436
601 -0.983962 0.038742 1.10331 -1.33713 -0.444108 0.00246317 -0.601905 -0.202734
287 -1.00516 0.0596686 1.58868 -1.43584 0.142966 -0.174391 -0.74901 -0.18841
720 -0.819207 0.128799 1.05663 -1.59141 -0.541359 0.112861 -0.53537 -0.288523
634 -0.995241 0.0342201 1.12678 -1.42006 -0.470862 -0.0254822 -0.49539 -0.308744
763 -1.03871 -0.0484182 1.13245 -1.32524 -0.382419 0.0949443 -0.528741 -0.340428
508 -0.892215 0.0932965 1.40648 -1.49716 -0.353452 -0.018047 -0.6274 -0.305265
446 -0.925973 0.282908 0.964999 -1.80626 -0.354888 -0.0062819 -0.790856 -0.309314
767 -0.831233 0.235278 0.695065 -1.57013 -0.394123 -0.231857 -0.65467 -0.229221
756 -0.980369 0.0474039 1.00502 -1.47633 -0.720171 -0.759113 -0.641363 -0.183606
39 -1.308 -0.186453 0.507871 -1.52391 -0.178665 -0.0787532 -0.579095 -0.906134
115 -1.09853 0.187139 0.624995 -1.38023 -0.27642 -0.673772 -0.510613 0.0288738
983 -0.964839 0.242951 0.744616 -1.80075 -0.446927 -0.229211 -0.798286 -0.0480274
595 -0.916172 0.101342 1.23472 -1.51731 -0.650892 0.19216 -0.685444 -0.328096
404 -1.03677 -0.0215252 0.931079 -1.30067 -0.76285 -0.81023 -0.463729 -0.292505
892 -0.943122 -0.0321095 0.992988 -1.22379 -0.450031 0.0917857 -0.559257 -0.0799878
903 -0.800084 0.218215 0.534448 -1.53244 -0.392909 -0.248553 -0.761196 -0.335786
318 -0.926033 0.0368587 1.72902 -1.77682 0.343712 -0.353939 -0.498742 -0.170909
472 -0.61706 0.212162 0.830061 -2.13779 -0.0210967 -0.496804 0.140186 -0.243035
679 -1.05063 0.124895 0.942125 -1.33946 -0.571989 -0.51103 -0.648961 -0.16134
678 -0.69657 0.202597 0.900972 -1.23329 -0.368326 -0.64829 -0.427899 -0.136369
489 -1.44648 -0.24298 0.804746 -1.33623 -0.395788 -0.431991 -0.396775 0.291249
674 -0.78225 0.174895 0.951034 -1.49787 -0.347934 -0.602677 -0.327853 -0.319328
511 -0.787912 0.143599 1.24325 -1.26323 -0.368156 -0.651792 -0.634666 -0.301689
667 -0.689973 0.538434 0.729311 -1.8889 -0.679993 -0.0597565 -0.519528 -0.231195
908 -0.759781 0.456898 0.69877 -1.58406 -0.43988 -0.124704 -0.474701 -0.00203056
909 -0.876288 0.649442 0.567502 -1.99403 -0.572783 -0.545866 -0.967432 0.557188
873 -0.840881 0.130842 0.80262 -1.75741 -0.221055 -0.298758 -0.39091 -0.0124637
946 -0.805296 0.283906 0.69165 -1.83011 -0.228242 -0.290892 -0.232726 -0.187186
467 -1.0691 0.168683 0.799614 -2.34731 -0.116169 -0.729553 0.287023 -0.358427
623 -1.07328 -0.101719 0.678852 -1.61842 -0.0766468 -0.153574 -0.379871 -0.477294
70 -1.17807 -0.142415 0.560923 -1.33726 -0.156591 -0.132517 -0.457357 -0.44909
518 -0.79411 0.624899 0.689314 -1.79845 -0.839378 0.0727067 -0.370732 -0.129662
934 -0.8711 0.147481 0.781784 -1.76843 -0.215951 -0.449837 -0.156443 -0.140359
319 -0.73618 0.0989898 0.888895 -2.11582 -0.182278 -0.753875 0.164731 -0.28404
826 -1.12626 0.356062 0.77116 -1.69064 -0.711346 0.0921282 -0.656922 0.131655
724 -0.922368 0.243787 0.909583 -1.6768 -0.421016 -0.118615 -0.524942 -0.125878
942 -0.786272 0.275456 0.751038 -1.70857 -0.389788 -0.173258 -0.446521 -0.0842988
890 -0.765826 0.213974 0.975746 -1.76043 -0.181224 -0.408663 -0.31714 -0.11211
792 -1.09344 0.273129 0.768423 -1.37167 -0.23061 -0.615494 -0.505023 -0.00587736
121 -1.14586 0.111504 0.650307 -1.22917 -0.249198 -0.368221 -0.523637 -0.227655
97 -1.23488 0.367797 0.703076 -1.53263 -0.24282 -1.00573 -0.475822 0.255836
448 -0.810714 0.0565498 1.30265 -1.4166 -0.455112 0.149078 -0.535039 -0.281156
629 -0.91728 0.0932389 1.41196 -1.48129 -0.631641 0.346586 -0.704008 -0.511354
729 -0.885796 0.495137 0.705449 -1.63409 -0.581224 0.132883 -0.561723 -0.169703
757 -0.956501 0.22097 0.85914 -1.34116 -0.682244 -0.619957 -0.63112 -0.337115
608 -0.809627 0.113094 1.14686 -1.37394 -0.573516 0.0572089 -0.613067 -0.1131
596 -1.00187 -0.032195 1.21406 -1.31362 -0.480213 0.133362 -0.661663 -0.500199
768 -0.78298 0.277941 0.604411 -1.7074 -0.368091 -0.119344 -0.725831 -0.150605
338 -0.864964 0.158849 0.849567 -1.81221 -0.133832 -0.506768 -0.117063 -0.160154
818 -0.836368 0.0949121 0.945776 -1.70501 -0.0724608 -0.43241 -0.302245 -0.0900605
259 -1.64567 -0.144396 0.73821 -1.32903 -0.38558 -0.363401 -0.602648 0.290501
468 -0.907664 0.128331 0.925413 -2.29395 -0.218651 -0.432009 0.183455 -0.440444
791 -1.12396 0.185967 0.818764 -1.47018 -0.252632 -0.627659 -0.458805 0.125524
805 -1.19976 0.352814 0.799315 -1.56451 -0.17571 -0.726907 -0.61119 0.160871
956 -0.851337 0.340108 0.830032 -1.77091 -0.366566 -0.130832 -0.728915 -0.111449
545 -1.28368 0.229297 0.754063 -1.48187 -0.268476 -0.922055 -0.489735 -0.0559096
777 -0.858341 0.217854 0.754269 -1.96728 -0.138539 -0.461862 -0.10733 -0.188884
750 -0.851431 0.193406 0.673099 -1.55215 -0.512954 0.00123279 -0.483272 -0.0416621
142 -1.65098 -0.231294 0.745824 -1.34313 -0.413415 -0.273694 -0.608843 0.272491
116 -1.18366 0.0895884 0.681929 -1.31857 -0.233562 -0.633083 -0.460562 0.123808
266 -1.77504 -0.334099 0.827864 -1.24205 -0.564063 -0.232702 -0.713437 0.269838
151 -1.4066 -0.204419 0.819892 -1.19082 -0.319897 -0.276884 -0.480841 0.35135
510 -0.973669 0.0892164 1.23388 -1.27839 -0.0680351 -0.376595 -0.529323 -0.118919
99 -1.18369 0.107699 0.946269 -1.44775 -0.124879 -0.629452 -0.586329 0.0384801
978 -1.01098 0.120485 1.02989 -1.53429 -0.330075 -0.435905 -0.660711 -0.113268
888 -0.972515 0.0554057 1.26989 -1.46205 -0.0220935 -0.390529 -0.691239 0.048303
145 -1.74912 -0.243903 0.922881 -1.24387 -0.427562 -0.187219 -0.648678 0.479873
602 -1.00544 0.0458228 1.24129 -1.46539 -0.524717 0.113977 -0.630893 -0.337479
925 -1.00314 0.097829 1.2952 -1.50788 -0.526488 0.151161 -0.649438 -0.26715
458 -0.714237 0.150281 1.27329 -1.31838 -0.563656 0.103818 -0.537665 -0.337954
474 -0.823288 0.234327 0.911388 -2.24066 -0.114102 -0.458572 -0.15343 -0.310042
935 -0.805079 0.179317 0.795715 -1.75413 -0.257965 -0.407071 -0.239456 -0.205048
322 -0.804983 0.214034 0.920275 -2.25275 -0.186691 -0.498124 -0.0514151 -0.178164
28 -1.34526 -0.115877 0.440106 -1.54431 -0.371406 -0.0912347 -0.628649 -0.788583
524 -0.994803 -0.00106645 1.11932 -1.31636 -0.634864 -0.875511 -0.650392 -0.478445
576 -1.07674 0.0982404 0.935974 -1.25304 -0.0314611 -0.532187 -0.554885 -0.243614
105 -1.23139 0.0649139 0.444085 -1.44923 -0.104236 -0.572921 -0.606123 -0.204764
765 -1.22037 0.135769 0.608757 -1.58984 -0.190931 -0.724924 -0.298047 -0.0511025
451 -0.650038 0.139738 1.38153 -1.51098 -0.513168 0.196849 -0.51961 -0.251929
146 -1.55598 -0.221223 0.715853 -1.38795 -0.42026 -0.36473 -0.51658 0.204151
416 -1.13616 -0.0408432 1.13197 -1.51067 0.00219564 -0.407067 -0.516108 0.0605862
301 -0.982623 0.0902187 1.28614 -1.35411 -0.147816 -0.302922 -0.765148 -0.0253643
745 -0.687456 0.145165 0.825314 -1.80548 0.0239108 -0.403464 -0.0963741 -0.183526
565 -1.35771 -0.0991752 0.722815 -1.47165 -0.387963 -0.293881 -0.491622 0.189987
713 -1.00636 0.333346 0.854254 -1.7253 -0.404637 -0.187012 -0.646521 -0.0986993
426 -0.899685 -0.000397045 1.34951 -1.31581 0.18062 -0.263243 -0.689021 -0.0605256
139 -1.64899 -0.18418 0.820757 -1.60136 -0.325007 -0.384931 -0.408552 0.503148
405 -0.966369 0.420312 0.68903 -1.64677 -0.445587 -0.34213 -0.741471 0.373248
71 -1.3842 -0.175 0.564172 -1.44841 -0.190225 -0.0748514 -0.578475 -0.527407
920 -1.20776 -0.191961 0.630624 -1.42786 -0.295377 -0.0730325 -0.47483 -0.727711
509 -0.935452 0.180494 1.31289 -1.42863 -0.102587 -0.231608 -0.724796 -0.11532
999 -1.11637 0.0768976 0.859786 -1.81141 -0.251075 -0.386473 -0.510388 -0.185668
804 -0.957109 0.166363 0.844762 -1.76856 -0.193688 -0.43013 -0.483994 -0.0666782
100 -1.15404 0.311731 0.671209 -1.51894 -0.262844 -0.597804 -0.490641 -0.00669747
466 -1.09681 -0.0713135 0.53224 -1.19301 -0.236809 -0.0582857 -0.412351 -0.338934
62 -1.33305 -0.057519 0.514504 -1.50276 -0.237169 -0.028861 -0.503741 -0.66376
778 -0.6512 0.163263 0.811419 -2.0426 -0.0130314 -0.539928 0.166999 -0.186516
245 -0.982618 0.214147 0.734492 -1.74127 -0.382321 -0.0863407 -0.754837 -0.125222
240 -0.621957 0.406999 0.545866 -1.588 -0.256531 -0.0200096 -0.681828 -0.148493
307 -0.769055 0.300536 0.845045 -1.44466 -0.188258 -0.324479 -0.658413 0.165396
177 -0.682651 0.516583 0.658037 -1.73065 -0.458141 -0.312625 -0.948723 0.43366
499 -0.921326 0.172399 1.122 -1.39008 -0.15522 -0.293196 -0.643415 -0.0982317
106 -1.5368 -0.0512598 0.789879 -1.30909 -0.357523 -0.474324 -0.66452 0.209771
365 -1.87187 -0.326606 0.839241 -1.41462 -0.705061 -0.298486 -0.739564 0.448361
163 -1.28464 -0.0348759 0.665112 -1.25129 -0.353282 -0.301572 -0.573544 0.193331
788 -1.053 0.185284 0.85382 -1.4211 -0.113457 -0.580755 -0.444567 -0.028571
22 -1.49606 -0.262335 0.731318 -1.55712 -0.144661 -0.0161411 -0.751206 -0.862776
624 -1.46549 -0.300811 0.534174 -1.4918 -0.242055 -0.0116929 -0.529859 -0.625967
378 -1.5487 -0.187483 0.824445 -1.41144 -0.497663 -0.200852 -0.632963 0.147196
938 -0.92621 0.186578 0.784739 -1.41713 -0.355168 -0.726405 -0.491989 -0.0852609
396 -1.68053 -0.240157 0.839838 -1.43991 -0.488423 -0.332854 -0.65175 0.219641
749 -1.63713 -0.301931 0.803912 -1.31918 -0.486533 -0.286373 -0.633312 0.320395
257 -1.45202 -0.12704 0.850894 -1.33501 -0.472356 -0.30651 -0.700406 0.330275
417 -1.10878 0.0424335 1.61905 -1.31524 0.0861732 -0.404442 -0.731208 -0.04005
303 -0.953866 0.0513875 1.34015 -1.39112 -0.0764875 -0.268681 -0.660038 -0.0844031
166 -1.44592 -0.0550626 0.80981 -1.42828 -0.362581 -0.358033 -0.531605 0.313723
619 -1.27808 -0.167517 0.681377 -1.39587 -0.182478 0.0655869 -0.536052 -0.679104
153 -1.54056 -0.273528 0.688124 -1.29664 -0.471401 -0.309985 -0.52694 0.336158
200 -0.775745 0.30872 0.644307 -1.45675 -0.433577 -0.29549 -0.703493 0.258135
203 -0.982688 0.250162 0.721093 -1.56649 -0.377389 -0.416356 -0.652965 0.262303
188 -0.904622 0.241346 0.740915 -1.73822 -0.358224 -0.37339 -0.591518 0.191724
971 -0.879107 0.317752 0.559489 -1.5143 -0.302581 -0.369293 -0.691657 0.155537
295 -0.87208 0.270731 0.979439 -1.46012 -0.18953 -0.260037 -0.7871 0.0942663
875 -0.821677 0.477825 0.69062 -1.83477 -0.539343 -0.517745 -0.837795 0.416644
843 -1.20218 0.083329 0.793147 -1.43243 -0.319788 -0.521258 -0.530973 0.190147
205 -0.823135 0.228086 0.553911 -1.43639 -0.267945 -0.269023 -0.695994 0.127708
847 -0.792282 0.424881 0.712033 -1.63089 -0.574318 0.073888 -0.599614 0.061507
78 -1.23369 -0.187788 0.46163 -1.29947 -0.239291 -0.17995 -0.434396 -0.615367
69 -0.898454 0.0283664 1.1958 -1.15656 0.0944972 -0.208933 -0.583806 -0.113801
490 -1.64645 -0.381261 1.10392 -1.22553 -0.462432 -0.271386 -0.620188 0.352901
453 -0.770689 0.0538629 1.16073 -1.4474 -0.530474 -0.0238646 -0.485857 -0.23339
801 -0.861499 0.330537 0.707344 -1.73768 -0.398159 -0.0902531 -0.805784 -0.236257
523 -1.06493 0.115486 1.07107 -1.48857 -0.672047 -0.76953 -0.614047 -0.336119
988 -0.951114 0.252946 0.951483 -1.74338 -0.216093 -0.297229 -0.544282 -0.109495
73 -1.2878 -0.170275 0.42593 -1.34221 -0.286679 0.0472273 -0.455291 -0.718103
290 -0.899849 0.105729 1.30729 -1.43629 -0.0786417 -0.334807 -0.833636 -0.0764769
102 -1.18393 0.302723 0.691427 -1.36337 -0.0759344 -0.812709 -0.521718 0.147894
799 -0.810814 0.40698 0.712679 -1.78688 -0.313838 -0.143056 -0.848565 -0.227328
937 -0.831909 0.35065 0.731793 -1.58202 -0.323393 -0.231056 -0.48212 -0.134113
739 -1.71283 -0.246155 0.800434 -1.39389 -0.493837 -0.391493 -0.598068 0.379429
480 -0.892881 0.101122 0.812439 -2.00832 -0.0787124 -0.437963 0.0726263 -0.10769
795 -0.764977 0.413223 0.626546 -1.50479 -0.405549 -0.38737 -0.644478 0.194393
878 -0.867424 0.343674 0.779826 -1.60264 -0.358948 -0.260639 -0.696244 0.17079
962 -1.43985 -0.121589 0.840465 -1.44082 -0.474021 -0.358143 -0.612267 0.344302
206 -0.883952 0.250246 0.58613 -1.54622 -0.382044 -0.298101 -0.656498 0.200908
357 -0.972059 0.240499 0.592261 -1.43943 -0.483243 -0.289496 -0.772145 0.273933
772 -1.31073 0.151885 0.762458 -1.40906 -0.39628 -0.626975 -0.461657 0.118855
835 -1.0487 0.297849 0.577916 -1.40914 -0.304306 -0.804022 -0.526327 0.0828799
955 -1.06569 -0.00894942 0.895924 -1.38451 -0.570048 -0.626733 -0.564412 -0.133394
377 -1.05957 0.0446007 0.778658 -1.27433 -0.489066 -0.495552 -0.49524 -0.206052
256 -1.31792 -0.108333 0.914589 -1.28272 -0.578431 -0.461106 -0.590125 0.156621
494 -1.09216 0.09454 0.908932 -1.45851 -0.31166 -0.277752 -0.595533 -0.0307701
979 -1.14178 0.0475987 0.910999 -1.54368 -0.334058 -0.311311 -0.643841 -0.0724832
584 -1.15667 0.20535 0.737069 -1.61716 -0.129312 -0.701562 -0.515543 -0.0281701
780 -1.25978 0.335959 0.771501 -1.60646 -0.138486 -0.846985 -0.426472 0.259764
108 -1.17998 0.231854 0.698508 -1.62481 -0.298065 -0.636307 -0.486214 0.0472639
118 -1.06299 0.181189 0.692434 -1.32813 -0.157653 -0.698369 -0.449731 0.129607
93 -1.2362 0.199547 0.946866 -1.58142 -0.0497413 -1.01846 -0.519831 0.235293
347 -0.951761 0.255964 0.617203 -1.49627 -0.384125 -0.341364 -0.602526 0.109658
34 -1.46205 -0.205892 0.555261 -1.67618 -0.248962 -0.000974725 -0.639268 -0.744412
940 -1.23247 -0.146911 0.602462 -1.37526 -0.279579 -0.0533468 -0.560328 -0.668939
824 -0.67351 0.133417 0.775541 -1.53967 -0.195286 -0.515945 -0.0357088 -0.335213
221 -0.765556 0.423571 0.817599 -2.06018 -0.404817 0.0485417 -1.06603 -0.16656
239 -0.92463 0.242762 0.632678 -1.66113 -0.308486 -0.246748 -0.73218 -0.0568688
783 -1.11183 0.0922854 0.95409 -1.48392 -0.261349 -0.521292 -0.409479 0.0260243
965 -0.999678 0.242362 0.884847 -1.83284 -0.174327 -0.536202 -0.365108 -0.0296238
403 -1.63243 -0.304371 0.748701 -1.34408 -0.54428 -0.330046 -0.747348 0.40157
987 -1.21588 -0.118096 0.790774 -1.29726 -0.323558 -0.29381 -0.472553 0.19734
109 -1.22993 0.108364 0.859583 -1.51749 -0.323448 -0.515052 -0.489786 0.0860918
806 -1.00707 0.187856 0.710396 -1.35741 -0.167176 -0.332703 -0.438061 -0.105539
665 -0.905463 0.136518 1.045 -1.47763 -0.86789 -1.10042 -0.691245 -0.390027
963 -0.968797 0.134694 0.875511 -1.40615 -0.554819 -0.616485 -0.501117 -0.132867
703 -0.986922 0.168043 0.805058 -1.50945 -0.35502 -0.318116 -0.594048 0.192138
539 -1.26515 -0.160727 0.64765 -1.55228 -0.251438 -0.0957585 -0.471887 -0.619721
542 -1.28815 -0.152184 0.688407 -1.43252 -0.356012 -0.106353 -0.543173 -0.816201
491 -0.970952 0.0607823 1.27205 -1.34775 -0.653073 0.131269 -0.708557 -0.225268
764 -0.753805 0.161542 1.11439 -1.3919 -0.477645 0.105791 -0.60973 -0.156118
992 -0.902657 0.153255 0.894101 -1.51278 -0.419562 -0.461702 -0.47851 -0.262491
852 -0.867429 0.370916 0.510534 -1.6369 -0.316228 -0.323974 -0.775058 0.183073
182 -0.74987 0.544056 0.705454 -1.90882 -0.370827 -0.295695 -1.12662 0.393321
269 -1.51939 -0.143509 0.656411 -1.22618 -0.556972 -0.244888 -0.652656 0.392178
808 -1.42798 -0.212442 0.556726 -1.52861 -0.228396 -0.0237931 -0.593078 -0.746587
953 -0.999122 0.0728565 1.06598 -1.46701 -0.0994671 -0.210607 -0.633185 -0.123671
110 -0.977698 0.184472 0.728201 -1.33021 -0.15677 -0.478112 -0.515525 -0.0190499
47 -1.30994 -0.212321 0.533884 -1.4833 -0.135694 -0.021976 -0.469988 -0.808071
861 -0.962655 0.155095 0.48549 -1.42624 -0.392755 -0.306579 -0.698704 0.321898
648 -0.856911 0.243551 1.04569 -1.43308 -0.412805 -0.0711496 -0.63202 -0.166244
461 -1.27151 0.128894 0.679799 -1.51344 -0.115883 -0.592727 -0.496993 -0.128641
107 -1.24314 0.0936733 0.927962 -1.49153 -0.125766 -0.4814 -0.576655 -0.00121673
980 -1.32334 -0.145981 0.91342 -1.29854 -0.48412 -0.162267 -0.607735 0.278608
43 -1.071 0.149658 0.609195 -1.36742 -0.156031 -0.634649 -0.435075 -0.200295
725 -0.993993 0.283721 0.733887 -1.47781 -0.246083 -0.445108 -0.475691 -0.0861901
893 -1.19631 0.158746 0.662786 -1.4951 -0.203802 -0.665628 -0.483057 0.094002
895 -1.20237 0.139639 0.77452 -1.50707 -0.276952 -0.438969 -0.570141 -0.115841
752 -1.12973 -0.0679714 1.01489 -1.50304 -0.480215 -0.0396537 -0.479733 -0.0739955
570 -1.35421 -0.0578049 0.760024 -1.45772 -0.402357 -0.285892 -0.516349 0.183517
850 -0.838239 0.0433882 0.825973 -1.70945 -0.256847 -0.408495 -0.232865 -0.163987
618 -1.12765 -0.0491847 0.705703 -1.75323 -0.249067 -0.129281 -0.451481 -0.477949
605 -0.892633 0.111397 1.05839 -1.38303 -0.494821 -0.42761 -0.537778 -0.227662
839 -1.10376 0.0912173 0.803755 -1.36199 -0.467682 -0.719691 -0.570139 0.0352046
98 -1.07726 0.200517 0.68414 -1.48755 -0.204671 -0.706124 -0.489406 0.0171944
644 -0.946426 0.258808 0.669514 -1.65869 -0.213391 -0.256939 -0.752046 -0.123587
553 -0.665388 0.243287 0.730985 -1.97944 -0.148626 -0.614392 0.109784 -0.098428
994 -1.091 0.257804 0.88929 -1.68959 -0.341055 -0.2957 -0.591558 -0.0764254
781 -1.33779 0.181188 0.843565 -1.61882 -0.182625 -0.785533 -0.557719 0.05023
90 -1.26109 0.33043 0.612206 -1.61314 -0.122731 -0.939174 -0.661046 0.103069
72 -1.29503 -0.118076 0.615435 -1.55129 -0.112697 -0.0202547 -0.461012 -0.658458
296 -0.853103 0.115247 1.3566 -1.34824 -0.0725696 -0.351653 -0.666956 0.0707188
820 -1.1855 -0.116576 0.810328 -1.22618 -0.388433 -0.312594 -0.534084 0.166306
599 -1.28438 -0.102883 0.93806 -1.36255 -0.499817 -0.0684965 -0.654372 0.285555
555 -0.978611 -0.00732672 0.72945 -1.71723 -0.160538 -0.497823 -0.172667 0.0135672
331 -0.825715 0.0682171 0.731369 -2.00363 -0.142348 -0.489697 -0.0786195 -0.0962274
872 -0.908436 0.0652118 0.872232 -1.87796 -0.267033 -0.495167 -0.114355 -0.243189
411 -0.912513 0.0544426 1.65011 -1.61288 0.0359976 -0.300585 -0.691407 -0.0515879
305 -0.987112 0.157578 1.11132 -1.53917 -0.148675 -0.339742 -0.684171 -0.0190225
484 -0.770156 0.231437 0.694406 -1.95761 -0.195678 -0.456749 -0.0105229 -0.191111
916 -1.09078 0.0436723 0.886151 -1.41251 -0.467882 -0.104685 -0.565749 -0.32375
44 -1.29032 -0.0894742 0.637333 -1.34283 -0.170502 -0.0603289 -0.636595 -0.604219
687 -1.04886 0.304218 0.61056 -1.75019 -0.44533 -0.324364 -0.742925 0.124598
384 -1.23466 -0.225715 0.556116 -1.53443 -0.219847 -0.0974608 -0.434754 -0.94866
621 -1.18093 -0.100122 0.690345 -1.51868 -0.319501 -0.0283109 -0.623485 -0.560754
721 -0.76737 0.427912 0.617565 -1.58864 -0.617574 0.00345978 -0.600803 -0.0765229
901 -0.923101 0.266532 0.795537 -1.75254 -0.372421 -0.144137 -0.81739 -0.0647679
603 -0.972828 0.019508 1.23065 -1.43259 -0.488376 -0.0217259 -0.685173 -0.234971
96 -1.11216 0.363239 0.688881 -1.50987 -0.229082 -0.831242 -0.413355 -0.00866236
583 -1.10269 0.356979 0.808916 -1.41325 -0.257381 -0.746872 -0.467483 0.0459386
485 -0.777537 0.241827 0.864162 -1.8859 -0.063853 -0.462331 -0.155901 -0.0641456
918 -0.801073 0.100368 0.834859 -1.53785 -0.471653 -0.605935 -0.35816 -0.234114
502 -1.01801 0.0661797 1.28329 -1.35763 -0.111932 -0.323672 -0.747606 -0.292721
936 -0.904219 0.210968 0.817493 -1.53999 -0.418396 -0.0815182 -0.586566 -0.127409
391 -1.34018 -0.167028 0.528267 -1.36614 -0.264043 -0.00177834 -0.498951 -0.651194
845 -0.938 0.469035 0.886311 -1.76711 -0.536558 -0.084313 -0.595857 -0.0454261
230 -0.920421 0.159496 0.564485 -1.53015 -0.301743 -0.0313269 -0.778671 -0.230283
957 -0.729504 0.366433 0.670989 -1.53689 -0.464783 -0.392888 -0.700463 0.112616
743 -1.37157 -0.0498597 0.809885 -1.29165 -0.43713 -0.37659 -0.684926 0.143964
812 -0.868531 0.259199 0.634367 -1.57343 -0.268097 -0.164696 -0.642406 -0.102595
817 -0.913262 0.179685 0.846271 -2.2023 -0.209806 -0.488478 -0.189011 -0.292487
401 -1.21915 0.174447 0.805195 -1.54974 -0.08909 -0.828744 -0.336234 0.165786
535 -1.04788 0.0695756 0.900006 -1.34659 -0.41951 -0.503163 -0.526421 -0.322678
650 -0.788428 0.159173 0.820522 -1.70901 -0.243832 -0.340083 -0.330285 -0.217821
958 -1.08163 0.243026 0.790822 -1.49152 -0.275266 -0.62029 -0.538287 0.181876
388 -1.55317 -0.229632 0.55662 -1.66546 -0.279842 -0.0035848 -0.675153 -0.912687
77 -1.36256 -0.203215 0.59207 -1.55741 -0.233438 -0.00158144 -0.54887 -0.715497
390 -1.33581 -0.165286 0.584648 -1.32449 -0.349133 0.0476669 -0.500563 -0.837161
76 -1.31992 -0.173208 0.533546 -1.51602 -0.173411 -0.00772574 -0.499281 -0.837873
414 -1.11573 0.113276 1.37827 -1.45648 -0.0405593 -0.39235 -0.708585 -0.106755
479 -0.642101 0.292274 0.746689 -2.17981 -0.0333961 -0.366295 -0.00185467 -0.168443
335 -0.747157 0.193225 0.72316 -1.72882 -0.187125 -0.435112 -0.264536 -0.125756
120 -0.910383 0.131332 1.04946 -1.26042 -0.481164 -0.00554152 -0.53615 -0.167252
784 -1.1461 0.221047 1.02932 -1.49414 -0.198334 -0.47163 -0.519602 -0.0371254
37 -1.34143 -0.216898 0.538353 -1.44801 -0.20161 -0.0716769 -0.531018 -0.694553
600 -0.76542 0.151116 1.14616 -1.28532 -0.461575 -0.0155099 -0.491819 -0.210023
421 -0.997576 0.0307991 1.43782 -1.4206 0.0570294 -0.242858 -0.807807 -0.100201
922 -0.931711 0.0727899 1.1797 -1.25864 -0.16366 -0.090399 -0.615548 -0.111017
348 -0.838087 0.389859 0.850768 -1.7142 -0.550182 -0.329635 -0.835266 0.184152
493 -1.46304 -0.11658 0.843162 -1.30345 -0.564484 -0.435332 -0.528265 0.10721
123 -0.960188 0.22986 0.749638 -1.37838 -0.298124 -0.590879 -0.470917 -0.0204057
398 -1.62063 -0.225354 0.812553 -1.34205 -0.517539 -0.254297 -0.75488 0.471933
574 -0.926666 0.134883 1.23759 -1.4099 -0.0712639 -0.216975 -0.647984 -0.126354
286 -1.01086 0.100283 1.6248 -1.39807 0.211058 -0.371919 -0.752406 -0.0518693
117 -1.20925 0.130788 0.769567 -1.56389 -0.127134 -0.815626 -0.598554 0.182375
652 -0.80838 0.481411 0.675621 -1.66865 -0.682881 0.0379261 -0.538634 -0.0543115
285 -0.961061 -0.000663659 1.76584 -1.39208 0.247534 -0.37093 -0.838441 0.0238997
459 -0.879362 0.0677741 1.11397 -1.36759 -0.434514 -0.00275773 -0.597109 -0.314047
506 -0.890238 0.10765 1.30451 -1.43108 -0.0512748 -0.322806 -0.705936 -0.154488
67 -1.38423 -0.196351 0.671233 -1.27485 -0.405324 -0.1826 -0.475626 -0.0141155
803 -0.847914 0.21316 0.727321 -1.70617 -0.36341 -0.101478 -0.72728 -0.166032
585 -0.857513 0.413841 0.65853 -1.75163 -0.382673 -0.453565 -0.73794 0.321492
475 -0.755782 0.107286 0.984171 -2.00863 -0.00112975 -0.5018 0.0987191 -0.20205
927 -0.908573 0.0063528 1.21055 -1.25026 0.0574457 -0.370329 -0.661782 -0.0341313
329 -0.841575 0.1665 0.870942 -1.99504 -0.232894 -0.412802 -0.174044 -0.216086
262 -1.49219 -0.137244 0.926706 -1.41837 -0.4057 -0.247427 -0.629388 0.114078
645 -0.861007 0.276385 0.788216 -1.85414 -0.336644 -0.132978 -0.712696 -0.167176
941 -0.89292 0.354735 0.672658 -1.65404 -0.407466 -0.156672 -0.698762 -0.00553719
887 -0.896682 0.0690783 1.48395 -1.45418 0.091743 -0.432573 -0.640737 -0.0762137
661 -1.27758 -0.0874839 0.714045 -1.27597 -0.422841 -0.266527 -0.636567 0.281414
258 -1.29441 -0.0210821 0.564796 -1.30243 -0.474368 -0.370632 -0.680462 0.311633
954 -1.24758 -0.116689 0.706491 -1.66686 -0.206267 -0.0609477 -0.519695 -0.702623
943 -0.997156 0.267565 0.625035 -1.46242 -0.521299 -0.0485273 -0.540142 -0.171205
654 -0.91328 0.184852 0.900382 -1.52847 -0.607427 -0.0178901 -0.545051 -0.14466
815 -0.800183 0.325525 0.734418 -1.49207 -0.397928 -0.09154 -0.773769 -0.121706
996 -1.14027 0.2335 0.7983 -1.536 -0.204877 -0.610573 -0.454692 -0.0565064
356 -0.824885 0.317943 0.637914 -1.71338 -0.376743 -0.106286 -0.820928 0.0372798
201 -0.698974 0.437548 0.519385 -1.64962 -0.399308 -0.279533 -0.788063 0.197506
949 -1.15377 0.174775 0.710039 -1.51367 -0.168696 -0.611678 -0.580694 -0.193985
75 -1.43184 -0.190349 0.64568 -1.19713 -0.301545 -0.281059 -0.620666 0.0897494
886 -0.951177 0.0840463 1.23116 -1.31331 0.0693124 -0.275878 -0.671679 -0.12495
260 -1.36805 -0.188045 0.804692 -1.09794 -0.371284 -0.315449 -0.648934 0.27433
263 -0.968946 -0.00940343 0.882284 -1.27141 -0.703843 -0.606375 -0.629303 -0.12003
344 -0.916672 0.407818 0.456277 -1.91237 -0.441906 -0.245463 -0.865119 0.168097
197 -0.742511 0.447137 0.563793 -1.60773 -0.353808 -0.373833 -0.690606 0.280404
352 -0.810934 0.427568 0.555038 -1.61701 -0.490945 -0.304381 -0.733365 0.173955
477 -0.757868 0.208057 0.80877 -1.89535 -0.0578557 -0.682019 0.00518484 -0.152252
481 -0.700087 0.156043 0.650889 -1.68466 -0.195372 -0.348495 -0.249488 -0.00112948
796 -1.10231 0.162642 0.724865 -1.42925 -0.222733 -0.431921 -0.487116 -0.157291
423 -1.00078 0.108467 1.39916 -1.48798 -0.17676 -0.202776 -0.836475 -0.18946
445 -0.928302 -0.0319597 1.30891 -1.45406 -0.629279 0.264935 -0.469108 -0.330238
620 -0.999589 -0.0627174 0.746759 -1.38253 -0.274199 0.13041 -0.489027 -0.561093
40 -1.106 -0.189116 0.500909 -1.38163 -0.179046 0.00516323 -0.483227 -0.675675
830 -0.899447 0.35874 0.632255 -1.59774 -0.525987 -0.140283 -0.5373 0.00291204
930 -1.30463 0.338322 0.826741 -1.63393 -0.28575 -0.913806 -0.609425 0.32556
836 -1.13203 0.15318 0.804023 -1.51423 -0.260082 -0.649074 -0.531489 0.0817978
162 -1.26572 0.0104668 0.695051 -1.22636 -0.354903 -0.18684 -0.603878 0.314432
154 -1.13476 0.100302 0.735347 -1.52352 -0.244115 -0.519055 -0.426287 0.128581
785 -0.818757 0.202737 0.977717 -1.29729 -0.624089 -1.05474 -0.461639 -0.423911
460 -0.924378 -0.0464667 1.16474 -1.40398 -0.53032 0.111373 -0.598387 -0.310872
122 -0.937806 0.111182 1.00899 -1.32536 -0.369707 -0.219756 -0.497202 -0.162436
558 -0.8655 0.142796 0.916843 -1.80673 -0.0837196 -0.406755 -0.165866 -0.223895
500 -1.03708 0.117009 1.53043 -1.48323 -0.134841 -0.314451 -0.783992 -0.162635
454 -0.667909 0.109021 1.25243 -1.32557 -0.510349 0.12547 -0.532626 -0.274549
360 -0.831582 0.23693 0.68569 -1.5962 -0.338042 -0.38616 -0.642169 0.110749
733 -1.05991 0.312903 0.716667 -1.55263 -0.547006 -0.0297916 -0.589534 0.043135
504 -0.940805 0.0768425 1.47619 -1.26463 0.0576934 -0.352777 -0.742356 -0.022393
673 -1.11962 0.198166 1.09308 -1.6376 -0.405255 -0.60353 -0.65023 -0.169778
702 -0.828135 0.280047 0.563296 -1.66521 -0.277501 -0.20195 -0.728156 -0.107894
989 -1.18142 0.0654434 0.93059 -1.61501 -0.380889 -0.491117 -0.629629 -0.0290664
700 -0.835079 0.372519 0.506796 -1.67689 -0.379866 -0.368428 -0.789886 0.199224
840 -1.03754 0.0732072 0.914909 -1.4464 -0.494954 -0.50029 -0.537743 -0.241646
869 -0.757705 0.165705 0.732302 -1.73253 -0.217194 -0.389623 -0.181737 -0.112519
590 -1.10966 0.186696 0.863517 -1.58137 -0.321909 -0.606638 -0.550166 -0.0395254
