1000 8
108 -0.695069 0.529006 0.892034 0.0614182 -0.809064 -0.306328 1.14795 -1.08921
79 -0.682972 0.603186 0.999361 -0.225413 -1.44919 -0.749253 1.38621 -1.43755
104 -0.631822 0.749859 1.01141 0.270252 -0.710487 -0.200328 1.25342 -1.09709
996 -0.733174 0.84512 0.990935 0.299783 -0.709825 -0.202063 1.22804 -1.09974
448 -0.993066 0.852797 0.701157 0.594753 -0.150908 0.231016 1.47787 -1.05109
633 -0.964124 0.788079 0.664653 0.550981 -0.327077 0.0496309 1.22205 -0.988089
594 -1.04661 0.852782 0.74698 0.713657 -0.2328 0.159331 1.61022 -1.09533
925 -0.737004 0.764421 0.877506 0.676167 -0.398462 -0.197359 1.13301 -0.873389
434 -1.38088 1.01188 0.840922 0.80925 -0.0171175 0.117761 2.03727 -1.27702
573 -0.369275 1.08874 0.974557 0.483888 -0.747692 0.0553595 1.16913 -0.802178
283 -0.273924 1.30648 0.968878 0.506953 -0.787162 0.116007 1.33684 -0.775552
577 -0.443057 1.17945 0.869312 0.517452 -0.669811 0.0386416 1.16842 -0.830807
277 -0.377254 1.85825 0.99639 0.653764 -1.09219 0.27245 1.54499 -0.865324
273 -0.320869 1.76853 1.27619 0.739435 -1.13195 0.208599 1.58282 -0.831237
421 -0.367578 1.39607 0.861893 0.655405 -0.910228 0.14254 1.23225 -0.763854
512 -0.476979 1.14531 0.802154 0.470774 -0.811401 0.084748 1.19394 -0.862402
410 -0.425208 1.8569 1.23783 0.705439 -1.37553 0.024369 1.4027 -0.843288
570 -0.691054 0.273696 1.41288 0.0378298 -0.659759 -0.241195 1.22663 -0.67446
372 -0.592855 0.299058 1.53632 0.0926526 -0.647705 -0.305688 1.18705 -0.687581
128 -0.759926 0.0815404 2.00253 0.276671 -1.17601 -0.472743 1.64966 -0.560169
373 -0.569965 0.126943 1.56799 0.136948 -0.709008 -0.18873 1.22537 -0.611495
130 -0.649135 0.0619931 1.94494 0.270624 -1.07374 -0.17768 1.52435 -0.513009
363 -0.621221 0.110557 1.70826 0.0929048 -0.804275 -0.261089 1.3616 -0.697381
269 -0.569912 0.223511 1.48644 0.0550927 -0.601489 -0.22771 1.1958 -0.5936
631 -0.851386 0.718652 0.799667 0.657582 -0.281228 0.0227478 1.22086 -0.997717
452 -0.731421 0.958174 0.920395 0.563164 -0.424394 -0.0407063 1.27692 -0.978449
449 -0.763834 0.819471 0.845756 0.714866 -0.425748 -0.102776 1.18742 -0.883809
891 -0.903539 0.843418 0.863631 0.61038 -0.432055 -0.0611781 1.41158 -1.00439
451 -0.859103 0.882069 0.73178 0.439701 -0.27318 0.0418222 1.39213 -0.938485
310 -1.64735 1.12463 1.64769 0.33944 -0.747153 0.0845444 0.725559 -0.736592
320 -1.41069 0.813375 1.49096 0.389621 -0.685267 0.00299592 0.461726 -0.460529
470 -1.5742 0.915929 1.39804 0.249724 -0.735414 0.024501 0.700973 -0.472984
898 -1.04453 0.79444 1.29393 0.396186 -0.654426 -0.114878 0.639572 -0.572073
473 -1.135 1.10474 1.03771 0.379674 -0.811183 0.136803 0.883866 -0.584294
845 -0.782701 0.509184 1.16153 1.00897 -0.416863 0.0835416 0.914147 -1.29642
985 -0.612008 0.606992 1.22681 0.745033 -0.383703 0.0877319 1.11544 -1.2565
889 -0.486138 1.08608 0.82742 0.53096 -0.679353 0.0104571 1.05945 -0.882485
271 -0.295911 1.9361 1.22031 0.768811 -1.18299 0.24271 1.56409 -0.826072
294 -0.275204 1.37361 0.718012 0.503713 -0.866679 0.0972906 1.30872 -0.834623
571 -0.0688217 1.50821 0.992124 0.582617 -0.872399 0.182364 1.47327 -0.775697
490 -0.65676 0.403645 1.48093 0.195673 -0.770058 -0.147825 1.38274 -0.609054
145 -0.643355 0.159622 1.39518 0.0427076 -0.702169 -0.206016 1.37785 -0.653779
471 -1.47825 0.946017 1.23186 0.182927 -0.661126 0.147966 0.766677 -0.587636
316 -1.69047 0.932578 1.57473 0.287237 -0.732243 0.221314 0.623968 -0.570013
827 -0.990077 0.374889 1.16147 0.851974 -0.396881 0.119056 0.944388 -1.22297
711 -0.842203 0.31359 1.13358 1.05099 -0.2159 0.0339784 1.00445 -1.37516
637 -0.819943 0.316222 1.25835 1.06778 -0.121083 -0.00675686 0.966834 -1.48006
695 -0.643702 0.276385 1.42705 1.03418 -0.159792 -0.0823603 0.781985 -1.47528
549 -0.598525 0.477892 1.15626 0.783244 -0.422685 -0.252478 0.794609 -0.991453
880 -0.802409 0.5006 1.08943 0.718831 -0.317872 -0.110417 0.886717 -1.06959
737 -0.683483 0.365663 0.949736 0.81857 -0.428582 -0.139077 0.931161 -1.04198
753 -0.709398 0.722867 1.02958 0.621636 -0.971732 -0.416784 1.06315 -0.991383
491 -0.865652 0.757718 0.774296 0.539575 -0.185928 -0.00223793 1.46474 -1.01105
592 -1.1151 1.01548 0.790311 0.699347 -0.239627 -0.0104384 1.73851 -1.23056
124 -0.810854 0.649926 0.807834 0.147784 -0.834598 -0.302767 1.375 -1.13301
791 -0.607738 0.525669 0.85188 -0.0823344 -0.99551 -0.449511 1.2363 -1.23324
136 -0.645319 0.506309 0.903558 -0.39316 -1.29183 -0.622491 1.53144 -1.42315
85 -0.763879 0.782213 0.768268 -0.337705 -1.2761 -0.493261 1.37383 -1.28959
5 -0.432945 0.884419 1.90272 1.00319 -1.18782 -1.01786 0.649961 -0.873573
23 -0.294205 0.846645 1.94348 0.809282 -0.739019 -0.726413 0.720693 -0.726841
809 -0.45485 0.688074 1.71479 0.979407 -0.699227 -0.615774 0.555185 -0.834905
22 -0.297367 0.829986 1.7074 1.02601 -0.865305 -0.749306 0.78662 -0.822134
422 -0.577169 1.15505 1.03399 0.438418 -0.85593 0.037229 1.09222 -0.757484
318 -0.582401 1.47482 1.10043 0.542858 -0.936958 0.172658 1.17183 -0.712223
499 -0.427837 1.04835 0.908861 0.279293 -0.72715 -0.0552693 1.13415 -0.810457
272 -0.0620378 1.80316 1.11154 0.715537 -0.896316 0.111278 1.74104 -1.15443
286 -0.516688 1.49272 0.830046 0.545768 -0.821379 0.272623 1.28303 -0.771054
416 -0.773645 1.03014 1.01634 0.422689 -0.82264 0.0081683 0.994018 -0.694374
82 -1.01118 0.0325331 1.96734 0.0841755 -1.1508 -0.126003 1.48724 -0.530197
488 -0.60104 0.251869 1.58718 -0.165497 -0.837622 -0.269271 1.4257 -0.873691
403 -0.67274 0.256241 1.49991 0.0548781 -0.715565 -0.141228 1.17667 -0.593116
367 -0.680175 0.133486 1.69058 0.0933612 -0.857864 -0.310267 1.14852 -0.424818
152 -0.590078 0.0611349 1.72227 -0.0654662 -0.716486 -0.258906 1.24914 -0.427973
127 -0.836277 0.148115 2.22095 0.256311 -1.25079 -0.298965 1.67445 -0.446003
81 -0.827568 0.0657342 2.16055 0.00435986 -1.16299 -0.412288 1.54843 -0.667643
125 -1.06109 -0.00538604 1.96955 -0.0615294 -1.01279 -0.180666 1.88911 -0.789101
138 -0.754267 0.00110469 1.80976 0.213333 -0.906469 -0.279016 1.36047 -0.479936
53 -0.462279 0.644386 2.14877 0.736663 -0.764916 -0.862433 0.671763 -0.813399
626 -1.16822 0.867832 0.838822 0.739187 -0.213445 0.100837 1.64337 -1.12205
629 -0.87568 0.802231 0.922327 0.718888 -0.360505 -0.0818446 1.18284 -0.878217
243 -0.72164 0.739997 0.785292 0.510154 -0.334528 -0.098843 1.22661 -0.936248
435 -1.22174 0.884659 0.79759 0.938758 -0.223241 0.151607 1.89724 -1.1191
122 -0.771552 0.701572 0.84982 0.336223 -0.512874 -0.0622433 1.16984 -0.897243
591 -1.04043 0.96822 0.754322 0.929369 -0.183194 0.0471072 1.7555 -1.05801
179 -1.13231 1.03349 0.760872 0.631776 -0.0263442 0.305887 1.59101 -0.982652
275 -1.49457 1.28464 1.57534 0.425865 -0.724334 0.178555 0.680999 -0.546425
308 -1.82305 1.25643 1.84739 0.400013 -0.87925 0.0236121 0.678857 -0.684642
78 -0.396121 0.597099 1.17426 0.587032 -0.780582 -0.541338 0.653906 -0.67168
1 -0.484918 0.831807 2.11618 1.06573 -1.05474 -0.860009 0.819052 -0.836309
10 -0.442096 0.624277 2.03845 0.717142 -0.940529 -0.857597 0.691199 -0.786282
28 -0.342629 0.629575 1.63594 0.737751 -0.730125 -0.653941 0.618872 -0.644626
52 -0.479002 0.817131 2.02143 0.795754 -0.796502 -0.832044 0.565207 -0.938911
58 -0.369965 0.726575 1.96627 0.616274 -0.469578 -0.807217 0.486723 -0.845542
21 -0.414251 1.07321 1.74723 0.883182 -0.878793 -0.651963 0.703833 -0.657192
9 -0.352041 0.98019 2.01398 1.11187 -0.722285 -0.88625 0.722202 -0.828936
16 -0.453371 0.747727 1.76229 0.934147 -0.812038 -0.979773 0.667559 -0.774475
56 -0.338013 0.765591 1.90034 0.968106 -0.805975 -0.784195 0.619198 -0.702537
861 -0.505804 0.483162 1.53617 -0.0858285 -0.324868 -0.138566 0.996701 -0.895464
341 -0.56532 0.886026 1.71584 -0.289193 -0.242151 -0.16535 0.976363 -1.10207
339 -0.468254 0.980156 1.87086 -0.322468 -0.139491 -0.00979956 1.13102 -1.28456
181 -0.535688 0.661631 1.58582 -0.322086 -0.173003 -0.196529 1.44207 -1.40209
205 -0.573967 0.762107 1.45512 -0.250864 -0.151005 -0.0227052 1.15224 -1.0141
344 -0.612048 0.828754 1.67712 -0.364526 -0.235772 -0.028639 1.16467 -1.16657
704 -0.647259 0.695038 1.5594 0.0237518 -0.282899 -0.208525 1.06167 -0.988258
178 -0.466534 0.687249 1.99219 -0.329253 -0.0181437 -0.118017 1.06724 -1.25085
432 -1.24367 1.20045 0.863747 0.847695 -0.0174729 0.160137 1.91228 -1.11334
445 -0.810898 0.780598 0.816559 0.837998 -0.305814 -0.0895428 1.26264 -0.803698
454 -0.818537 0.734828 0.732165 0.498131 -0.262176 -0.0100122 1.19185 -0.933139
388 -0.416295 0.594593 1.53313 0.628248 -0.727014 -0.583192 0.602932 -0.613608
142 -0.661433 0.0962502 1.67715 0.00380516 -0.866796 -0.20819 1.3313 -0.58301
377 -0.70979 0.522438 1.20083 0.335003 -0.746363 -0.282633 1.21805 -0.883573
556 -0.742107 0.770578 1.40104 -0.0723586 -0.374116 -0.0674443 1.01081 -0.812458
131 -1.95782 1.24871 1.56478 0.228449 -0.905057 0.0804918 0.884848 -0.755706
480 -1.30874 0.800343 1.13414 0.282009 -0.642504 0.00362545 0.843732 -0.640037
484 -1.3237 0.858019 1.18161 0.176179 -0.636842 0.0817048 0.87447 -0.656908
309 -1.8593 1.30672 1.45085 0.187989 -1.05065 0.19343 0.845074 -0.794851
456 -0.973285 0.860283 0.807899 0.416087 -0.385706 0.143685 1.05382 -0.789763
597 -0.909683 0.816669 0.803237 0.666438 -0.390764 -0.00569532 1.23591 -0.893389
362 -0.836317 0.699714 0.869004 0.638639 -0.249684 0.13021 1.62151 -0.892974
129 -0.829286 -0.0897621 1.92355 0.155564 -1.01499 -0.271934 1.75261 -0.680241
407 -0.647003 0.178839 1.42048 0.116096 -0.580866 -0.209838 1.22386 -0.792924
148 -0.726722 0.0840979 1.54642 -0.0884372 -0.787414 -0.0694876 1.30157 -0.537377
161 -0.642249 0.1872 1.29683 0.109859 -0.636962 -0.114249 1.34262 -0.557057
628 -0.88118 0.911792 0.752454 0.828339 -0.25381 0.103506 1.48725 -1.17792
364 -0.6803 0.100562 1.90297 0.0171685 -0.890429 -0.261852 1.45882 -0.532694
132 -0.797263 -0.117986 2.01513 0.0395447 -1.10903 -0.400172 1.79925 -0.64129
408 -0.806816 0.476099 1.34111 0.203662 -0.642101 -0.0808359 1.11462 -0.74308
366 -0.555447 0.0573083 1.66219 0.109984 -0.823474 -0.254242 1.40706 -0.72414
157 -0.718473 0.222068 1.54785 0.14862 -0.637204 -0.199069 1.33769 -0.72849
647 -0.386691 0.384204 1.15181 0.314103 -0.403511 -0.408652 1.12473 -1.07005
602 -0.725645 0.845693 0.788522 0.593181 -0.453275 -0.147332 1.28588 -0.895464
441 -0.973885 0.975074 0.761021 0.691671 -0.20858 0.105563 1.48179 -1.00674
455 -1.02394 0.839274 0.781788 0.397849 -0.406248 0.123323 1.37137 -0.828957
442 -0.88909 0.905 0.859688 0.657154 -0.309736 0.0282864 1.4091 -0.995547
771 -0.414071 0.588721 1.18258 0.271381 -0.309208 -0.490525 1.09465 -1.13477
232 -0.464722 0.611028 1.22488 0.497711 -0.365682 -0.582732 0.990221 -1.13914
208 -0.216432 0.576792 1.20031 0.568987 -0.00600641 -0.784601 1.38238 -1.77893
639 -0.176986 0.642181 1.07997 0.374429 -0.139938 -0.450389 1.28154 -1.45083
798 -0.303893 0.668318 1.23738 0.432697 -0.216891 -0.463111 1.1923 -1.37675
747 -0.44522 0.595488 1.26536 0.320765 -0.341081 -0.571248 1.1882 -1.25599
912 -0.263885 0.547985 1.35434 0.262577 -0.184836 -0.391398 1.28084 -1.40903
866 -0.528668 0.59163 1.35783 0.523067 -0.37099 -0.347839 1.17554 -1.24698
825 -0.806579 0.2433 1.43595 1.12329 -0.385063 -0.000791247 1.07367 -1.3564
0 -0.659478 1.08352 2.14353 0.724013 -0.827808 -0.720832 0.536301 -0.805099
3 -0.593036 1.17479 2.14198 0.997022 -1.05119 -1.00036 0.699661 -0.772563
461 -0.541388 0.646528 0.986289 0.067472 -0.856511 -0.498094 1.03432 -1.0331
457 -0.674888 0.738901 0.844297 0.0899242 -0.693322 -0.265781 1.29658 -1.15225
91 -0.52335 0.637973 0.90645 -0.231994 -1.0671 -0.480431 1.42852 -1.45694
115 -0.676594 0.459956 0.843814 0.0794394 -0.748512 -0.300751 1.05781 -1.14509
615 -0.797776 0.500033 1.13225 0.683018 -0.411654 -0.0827042 0.911862 -1.09765
736 -0.694345 0.44538 1.0364 0.669477 -0.333575 -0.0535757 0.946038 -1.13388
651 -0.802651 0.408697 1.07073 1.14476 -0.264551 0.0515865 0.925379 -1.43667
709 -0.83102 0.382381 1.12646 1.20324 -0.244845 0.0705567 0.946693 -1.43052
936 -0.578375 0.546218 1.04446 0.585868 -0.379339 -0.0830658 0.959801 -1.06842
497 -0.114023 1.59588 0.910764 0.645035 -0.795631 0.127649 1.53201 -0.716596
888 -0.390177 1.16263 0.911344 0.421652 -0.843262 0.018844 1.22198 -0.789626
304 -0.331824 1.05899 0.831249 0.633199 -0.744621 0.0152379 1.13831 -0.734439
814 -0.39102 0.641478 1.14295 0.278785 -0.184023 -0.378854 1.06971 -1.13074
213 -0.430982 0.547368 1.38531 0.577245 -0.12205 -0.82182 1.27992 -1.37678
207 -0.124473 0.670771 1.45625 0.469115 -0.0372219 -1.02847 1.52118 -1.81196
245 -0.578063 0.493545 1.22663 0.364319 -0.441205 -0.413559 1.16982 -1.01684
249 -0.859916 0.166928 1.9865 -0.0196034 -0.93846 -0.164845 1.47583 -0.607927
250 -0.821601 0.162334 1.68742 0.0167229 -0.790116 -0.183941 1.30008 -0.422893
311 -1.82367 0.955761 1.72805 0.128265 -0.779174 0.305473 0.880661 -0.598224
216 -0.261165 0.476303 1.25756 0.395318 -0.130906 -0.635568 1.24332 -1.52072
211 -0.130422 0.742241 1.13101 0.5079 -0.191366 -0.704997 1.27863 -1.4458
793 -0.257063 0.547922 1.0565 0.386313 -0.458599 -0.651353 0.984244 -1.03991
214 -0.202514 0.703143 1.29443 0.442822 -0.0462066 -0.679461 1.29916 -1.66607
223 -0.271211 0.500233 1.1194 0.333761 -0.41893 -0.70367 1.11233 -1.32249
875 -0.664719 0.735306 1.32948 -0.173061 -0.397782 0.0155797 1.14518 -1.05176
172 -0.608576 0.815677 1.63916 -0.427113 -0.223866 0.031254 1.20195 -1.1984
126 -0.695034 0.884807 2.04779 -0.353784 0.168223 -0.0538953 1.24826 -1.47907
171 -1.58019 0.857813 1.58461 -0.0434376 -0.519523 0.207321 0.862345 -0.645558
355 -1.05618 0.810857 1.1842 0.0670277 -0.535978 0.0926925 0.813322 -0.644441
559 -1.22222 0.872989 0.988333 0.302293 -0.603073 0.000695547 0.816732 -0.751956
613 -1.04391 0.746646 1.31322 0.355137 -0.701487 -0.0891339 0.892328 -0.776586
850 -0.899056 0.620352 1.29771 0.163186 -0.678059 -0.0632122 0.961274 -0.650667
992 -0.903073 0.677358 1.17149 0.566641 -0.64242 -0.213906 1.10669 -1.05505
492 -0.836727 0.563194 1.11323 0.283247 -0.821538 -0.322133 1.18489 -0.869396
437 -1.069 0.944933 0.48275 0.574085 -0.954403 -0.362809 1.31679 -1.22009
111 -0.782216 0.69034 0.887317 0.362593 -0.873166 -0.272316 1.1324 -0.984783
524 -0.679431 0.911336 0.893579 0.5426 -0.900424 -0.238801 1.02437 -0.896125
274 -0.91207 1.19526 0.600439 0.839292 -1.19461 -0.501421 1.27082 -1.19216
800 -0.422745 0.551573 1.16796 0.34887 -0.284659 -0.385768 1.08169 -1.11963
209 -0.123165 1.00346 1.02568 0.464215 -0.132693 -0.459256 1.53045 -1.53685
913 -0.401697 0.516228 1.14512 0.380472 -0.393182 -0.378375 0.998202 -0.998139
218 -0.439675 0.706858 1.22275 0.328349 -0.130621 -0.553357 1.29811 -1.32909
221 -0.342021 0.728181 1.15373 0.410141 -0.365589 -0.560199 1.35132 -1.43802
877 -0.46181 0.601433 1.23324 0.168635 -0.238712 -0.360836 1.1277 -1.24819
970 -0.495603 0.614927 1.22398 0.353997 -0.416034 -0.403763 1.21049 -1.16766
900 -0.392807 0.623603 1.21224 0.341635 -0.372157 -0.497616 1.20059 -1.23847
799 -0.269664 0.629298 1.13988 0.444676 -0.329642 -0.618428 1.19988 -1.33117
231 -0.219648 0.488409 1.18979 0.323772 -0.238734 -0.549881 1.13642 -1.22493
251 -0.765242 0.139094 1.89594 0.163608 -0.811877 -0.267385 1.23442 -0.442935
146 -0.604313 0.159718 1.67962 0.117796 -0.831001 -0.277398 1.23525 -0.548353
155 -0.63755 0.0526611 1.70963 -0.103066 -0.882141 -0.298428 1.37863 -0.68023
980 -0.773795 0.389137 1.32194 0.145204 -0.628088 -0.211761 1.22861 -0.782899
962 -0.677657 0.370414 1.49568 0.0945944 -0.812897 -0.173509 1.30389 -0.875506
658 -0.649564 0.413044 1.58809 0.187457 -0.814863 -0.381035 1.14069 -0.771855
660 -0.534032 0.382532 1.23761 0.14832 -0.666886 -0.198189 0.908772 -0.603442
663 -1.24411 1.01207 0.670537 0.595085 -1.28758 -0.394813 1.32845 -1.32065
295 -0.453104 0.839652 1.19147 0.0878834 -0.385624 0.0284466 1.12186 -0.904867
291 -0.330327 1.25724 0.915715 0.5711 -0.903525 0.0441288 1.37135 -0.798142
494 -0.387362 0.772627 0.9792 0.29773 -0.771318 -0.132535 1.20313 -0.738442
429 -0.361383 1.09886 0.969346 0.380547 -0.726934 -0.0812415 1.21304 -0.840948
425 -0.384153 0.93251 0.929632 0.434256 -0.784201 -0.0455232 1.19782 -0.783972
278 -0.200475 1.64878 0.981622 0.693712 -0.84242 0.175243 1.5658 -0.790363
282 -0.464209 1.28333 1.02715 0.589403 -0.879621 0.0282608 1.31021 -0.900767
541 -0.47537 0.667796 1.5325 0.665432 -0.745001 -0.62708 0.76804 -0.792207
4 -0.6588 1.10321 1.95278 1.10042 -0.979168 -0.854165 0.708064 -0.644981
542 -0.45243 0.748219 1.41784 0.639089 -0.704924 -0.57554 0.581848 -0.690834
664 -1.07944 0.946174 0.936254 0.327528 -0.998683 -0.187172 0.929156 -0.953475
838 -0.951221 0.785237 0.795305 0.302275 -0.780294 -0.114672 1.07368 -0.952562
110 -0.648352 0.703294 0.853476 0.106235 -0.792547 -0.280326 1.03953 -0.975177
590 -0.718118 0.639682 0.956523 0.167518 -0.779254 -0.290102 1.21769 -1.09292
673 -0.78518 0.823435 1.10678 0.219507 -0.754119 -0.339183 1.21816 -1.15402
787 -0.573271 0.682903 1.14086 0.0014685 -0.664942 -0.218549 1.14812 -1.04678
83 -0.65167 0.672866 0.920807 -0.250415 -1.29854 -0.689239 1.26129 -1.48164
359 -0.585447 0.615623 1.4003 -0.0955055 -0.281799 -0.0497833 1.06246 -1.07201
195 -0.70549 0.609423 1.61071 0.0218871 -0.325092 -0.0590455 1.0827 -1.15313
184 -0.439672 0.649645 1.87937 0.025903 -0.194736 -0.27981 0.953003 -1.03341
196 -0.539147 0.708409 1.6125 -0.171173 -0.105484 -0.0508925 1.14804 -1.15501
336 -1.15257 0.802761 1.23857 0.221054 -0.711296 -0.018952 0.793644 -0.721962
742 -1.29362 0.742761 1.37744 0.132609 -0.697633 0.0866575 0.853912 -0.558193
817 -1.45748 1.05229 1.25512 0.471182 -0.738138 0.143905 0.787887 -0.760423
324 -1.35306 0.775972 1.27727 0.265205 -0.823414 0.0456263 0.821459 -0.511442
14 -0.449922 0.846885 1.6858 0.653884 -0.84352 -0.806663 0.674378 -0.83519
51 -0.406335 0.798292 1.82802 0.92266 -0.900102 -0.778197 0.710371 -0.668825
76 -0.4163 0.642715 1.39736 0.68591 -0.610762 -0.576346 0.738843 -0.663487
230 -0.282285 0.562304 1.06279 0.455833 -0.370421 -0.537199 1.05483 -1.18206
802 -0.575995 0.714525 1.24629 0.37028 -0.43472 -0.433043 1.28684 -1.20039
974 -0.608974 0.722294 1.11667 0.358569 -0.54372 -0.509374 1.31611 -1.25262
529 -0.729098 0.690793 0.835103 0.348796 -0.782298 -0.255417 1.08832 -1.13864
579 -0.737751 0.592351 0.851136 -0.161868 -1.14361 -0.622352 1.40635 -1.36639
780 -0.613599 0.624101 0.824008 -0.245776 -1.04748 -0.45347 1.2823 -1.19494
90 -0.537827 0.769106 1.05075 -0.256425 -0.740073 -0.397419 1.21723 -1.35399
765 -0.621079 0.655519 0.839962 -0.114855 -0.911873 -0.540336 1.0487 -1.03109
789 -0.610356 0.710839 0.912664 -0.257 -1.16397 -0.754459 1.37035 -1.42077
895 -0.551521 0.66061 1.24576 0.240593 -0.805894 -0.381493 1.02602 -0.951853
832 -0.676253 0.488165 1.08468 0.593299 -0.4392 -0.0378906 1.08482 -1.10329
830 -0.605365 0.483743 1.06463 0.460401 -0.285046 -0.015328 0.915578 -1.07611
710 -0.867597 0.345321 1.2272 0.796482 -0.300817 -0.0722262 0.982258 -1.39529
33 -0.724693 0.433835 1.32236 0.903221 -0.403122 -0.205592 0.860184 -1.12928
732 -0.617951 0.408981 1.28966 0.997033 -0.438405 -0.36526 0.817978 -1.1548
706 -1.11375 0.193435 1.51493 1.6112 -0.205847 0.109333 0.945217 -1.81043
240 -0.316618 0.377559 1.04127 0.455109 -0.127269 -0.441062 1.01198 -1.25806
636 -0.129457 0.508963 1.21764 0.473022 -0.13684 -0.828419 1.44105 -1.74073
215 -0.145467 0.43669 1.32453 0.522898 -0.167191 -0.905885 1.44621 -1.66584
642 -0.272258 0.527618 1.0931 0.554741 -0.146002 -0.650009 1.2219 -1.49775
901 -0.383394 0.534991 1.14876 0.287155 -0.303411 -0.473359 1.13726 -1.25389
640 -0.329581 0.719456 1.22948 0.40577 -0.270564 -0.514719 1.18156 -1.32333
649 -0.408452 0.640078 1.18716 0.339805 -0.303731 -0.325196 1.04956 -1.23684
395 -0.369041 0.411355 1.47005 0.354194 -0.465253 -0.452444 1.407 -1.22947
743 -0.554428 0.421696 1.2618 0.17284 -0.619886 -0.173494 0.989086 -0.664223
253 -0.758514 0.0153086 1.751 0.0262549 -0.867331 -0.192433 1.33218 -0.566511
399 -0.800172 0.144334 1.71325 -0.0097422 -0.699796 -0.0790092 1.20859 -0.603048
11 -1.85446 0.940758 1.74318 0.273214 -0.957445 0.0646575 0.656175 -0.644951
610 -1.4113 0.902766 1.28576 0.241134 -0.775267 0.0946153 0.887921 -0.800509
389 -1.08769 0.720903 1.35697 0.262933 -0.692306 -0.151444 0.628365 -0.561
819 -1.08349 0.842451 1.05909 0.279383 -0.695435 -0.116299 0.849262 -0.899346
103 -1.16344 0.943564 1.05711 0.107929 -0.830599 -0.0336551 0.882561 -0.807289
821 -1.13203 0.844384 1.09018 0.199512 -0.504885 0.037558 0.813844 -0.696122
314 -1.76853 1.12305 1.3601 0.272039 -0.803226 0.0837767 0.720706 -0.678183
536 -1.46774 1.25676 1.43418 0.413046 -0.849856 0.150619 0.863419 -0.439415
804 -0.951695 0.829525 1.2368 0.285204 -0.627211 -0.134048 0.906898 -0.732304
977 -1.05814 0.845692 1.39855 0.464015 -0.704264 -0.0594874 0.928919 -0.826561
612 -1.15681 0.681955 1.49322 0.286045 -0.831622 0.00916695 0.890312 -0.578573
170 -0.134809 0.70989 1.51512 0.222196 0.0686631 -0.71015 1.31039 -1.67522
279 0.0244531 1.71757 0.965949 0.531564 -0.850083 0.113463 1.50399 -0.965051
280 -0.115877 1.68898 1.08327 0.726876 -0.954623 0.0382048 1.38664 -0.829445
886 -0.327422 1.18429 0.938745 0.574154 -0.718851 0.099572 1.13165 -0.699777
953 -0.459514 1.11194 0.839606 0.522951 -0.59418 -0.003306 1.07054 -0.818738
415 -0.373916 1.42621 1.04256 0.717485 -0.795086 0.00640984 1.17959 -0.73648
496 -0.243793 1.54298 1.10434 0.849951 -0.908947 0.0411482 1.38602 -0.858442
446 -0.487347 0.767722 1.15293 0.507696 -0.226603 -0.379141 1.28501 -1.44252
767 -0.391776 0.627759 0.990612 0.410424 -0.305449 -0.396262 1.04552 -1.20538
460 -0.793806 0.814398 0.913169 0.679925 -0.303785 -0.175099 1.1616 -0.950846
619 -0.37013 0.660415 1.29885 0.63196 -0.577664 -0.499596 0.702056 -0.648344
708 -0.951365 0.344801 1.17088 1.05494 -0.281901 0.0547328 0.978196 -1.51332
729 -0.888089 0.289625 1.14922 1.10119 -0.310958 -0.0993394 0.924124 -1.38542
735 -0.731573 0.466485 1.07899 0.849859 -0.339567 -0.10157 0.940163 -1.15836
943 -0.720779 0.43292 1.19012 0.669862 -0.30557 -0.160628 0.947691 -1.00816
174 -0.831948 0.23516 1.53509 0.839694 -0.124656 -0.0740031 0.94416 -1.39666
855 -0.466302 0.568521 1.33566 0.604489 -0.509414 -0.501728 0.737384 -0.702305
506 -0.309173 1.07476 0.850207 0.495047 -0.623289 -0.073047 1.16768 -0.866269
509 -0.414368 1.05349 0.898301 0.37386 -0.523005 -0.0122928 1.22035 -0.745014
287 -0.298352 1.41881 0.925068 0.496102 -0.784402 0.106199 1.33795 -0.771422
417 -0.364093 1.26089 0.862837 0.54309 -0.858533 -0.0164452 1.22463 -0.815883
498 -0.413442 1.16233 0.891531 0.560629 -0.692092 0.142633 1.40489 -0.861073
430 -0.395385 1.14598 0.935358 0.479799 -0.75211 -0.0198441 1.03128 -0.734317
276 -0.316591 1.62619 0.977398 0.744494 -1.02786 0.205949 1.4582 -1.01481
419 -0.401991 1.18053 0.900586 0.684406 -0.777405 0.105616 1.2713 -0.829105
921 -0.3887 1.30697 0.911011 0.569565 -0.759677 0.105543 1.36578 -0.807596
290 -0.30797 1.42017 0.906783 0.583869 -0.793653 0.0666466 1.40738 -0.996064
574 -0.504701 1.12254 0.925672 0.573083 -0.688724 0.126515 1.26389 -0.817703
300 -0.528145 1.09034 0.958498 0.562402 -0.647052 0.132034 1.21361 -0.895565
959 -0.764884 0.634466 1.13524 0.802651 -0.451957 0.01696 1.13548 -1.24004
731 -0.887171 0.311933 1.11117 1.09546 -0.251124 -0.0213522 0.813329 -1.48133
516 -0.820014 0.278795 1.20913 1.0168 -0.278262 -0.107893 1.00564 -1.47837
823 -1.21341 0.773614 1.08162 0.133813 -0.464447 0.000690398 0.780816 -0.693789
323 -1.54172 0.98383 1.30312 0.15105 -0.602796 0.16282 0.73073 -0.647223
312 -1.90457 1.13315 1.62618 0.211093 -0.774251 0.150214 0.771163 -0.538852
156 -1.17541 0.665016 1.19319 0.155108 -0.646645 0.0277408 0.798823 -0.580189
368 -0.724582 0.0963331 1.54971 0.354444 -0.607339 -0.138113 1.28928 -0.860168
730 -0.791722 0.37177 1.03372 1.24564 -0.228518 0.0493926 1.00842 -1.38717
727 -1.09324 0.194366 1.368 1.26951 -0.286591 0.104168 0.814022 -1.56049
707 -1.02863 0.216688 1.43972 1.47477 -0.34742 0.0747426 0.857802 -1.58995
705 -1.05982 0.181262 1.29745 1.20681 -0.329871 0.033282 1.033 -1.80827
907 -0.754537 0.292892 1.29723 0.694627 -0.46073 -0.163753 0.930622 -0.978748
185 -0.565882 0.555856 1.48455 -0.0834691 -0.202294 -0.042341 1.16666 -0.987822
180 -0.528789 0.73376 1.50873 -0.0793124 -0.243252 -0.00575037 1.29352 -1.02591
199 -0.638761 0.48628 1.2523 -0.0216661 -0.386798 -0.0772339 1.06945 -0.855675
876 -0.657585 0.630506 1.4577 0.0523487 -0.42934 -0.121423 1.14233 -1.05574
874 -0.577259 0.637785 1.37878 0.000400596 -0.357096 -0.0539876 1.24049 -0.873282
350 -0.568579 0.687388 1.45912 0.125823 -0.472715 -0.124895 1.0097 -0.907315
923 -0.840472 0.800583 1.47824 0.020048 -0.356865 0.00728506 0.86889 -1.05232
334 -1.27514 0.812437 1.27099 0.278111 -0.607668 0.130299 0.687075 -0.660753
387 -0.281398 0.703144 1.53161 0.803533 -0.617601 -0.782797 0.618069 -0.853009
380 -0.556135 0.769454 1.91414 0.76302 -0.853174 -0.729353 0.789166 -0.799531
70 -0.366141 0.621152 1.46811 0.653376 -0.640964 -0.593628 0.631748 -0.60929
12 -0.403537 0.943873 2.03442 0.914082 -0.999613 -0.799314 0.706863 -0.796392
17 -0.51985 0.824554 1.73126 0.952652 -1.07251 -0.986876 0.650708 -0.802881
20 -0.449089 0.930028 1.79405 1.1238 -0.891042 -0.896872 0.663708 -0.833675
382 -0.765754 0.765208 1.71025 0.747607 -0.886324 -0.594241 0.655299 -0.620475
905 -0.878341 0.488157 1.1762 1.09547 -0.317217 0.019564 0.969619 -1.36156
988 -1.03372 0.911834 1.08732 0.327712 -0.602327 -0.0168048 0.981648 -0.848555
474 -1.28288 1.09048 1.22122 0.364482 -0.655134 0.0774072 0.84838 -0.648226
322 -1.5381 0.927655 1.31331 0.351567 -0.749434 0.0992138 0.807646 -0.737443
942 -0.85171 0.58756 1.23457 0.748569 -0.378738 -0.0703566 0.900856 -1.02061
908 -0.761826 0.370457 1.03875 0.8315 -0.276364 -0.0990902 0.836167 -1.16596
744 -0.6392 0.286039 1.33091 0.134054 -0.741838 -0.195292 1.09926 -0.633633
947 -0.693189 0.335786 1.47131 0.0875562 -0.680623 -0.279014 1.14509 -0.693348
567 -0.658679 0.254883 1.42628 0.0249127 -0.784869 -0.105704 1.13092 -0.623379
560 -0.541074 0.465944 1.57393 0.131965 -0.88924 -0.12628 1.38156 -0.510391
361 -0.723431 0.255502 1.73703 0.193788 -0.97424 -0.14831 1.37039 -0.40665
547 -0.759828 0.344289 1.1599 0.913553 -0.287147 -0.0377942 0.766399 -1.27674
846 -0.647358 0.319205 1.22778 0.95529 -0.247168 -0.0936457 0.958607 -1.34253
643 -0.569557 0.337319 1.15209 0.964735 -0.195274 -0.224415 0.944721 -1.39896
812 -0.271643 0.49607 1.1952 0.597446 -0.273183 -0.49555 1.14181 -1.29546
326 -1.16957 0.888417 1.11154 0.441832 -0.68995 0.0963932 0.75907 -0.611166
760 -0.832942 0.762003 0.69749 0.425143 -0.747564 -0.207182 1.05219 -1.00402
755 -0.816066 0.890036 0.729154 0.458586 -0.947448 -0.275182 1.2883 -1.10638
754 -0.893001 0.956407 0.781929 0.495455 -1.00751 -0.172065 1.27597 -1.07469
50 -1.09446 0.665238 0.819152 0.886358 -1.30285 -0.385156 1.14468 -1.11861
598 -0.739554 0.813915 0.858873 0.482862 -0.421892 -0.0408884 1.21102 -0.806469
2 -0.412185 0.737509 2.03795 0.790079 -1.14357 -0.941243 0.875985 -0.67937
681 -0.718937 0.86949 1.78727 -0.394158 -0.259309 -0.0231309 1.21811 -1.26389
632 -0.953368 0.906033 0.804024 0.542434 -0.274152 0.0800803 1.30308 -0.94173
935 -1.02896 0.717536 1.18662 0.470711 -0.480923 0.0233151 0.84827 -0.848619
614 -1.2482 0.931317 1.11447 0.362991 -0.679081 0.0365812 0.832334 -0.708056
332 -1.3348 0.929025 1.2806 0.198271 -0.701802 0.125456 0.679755 -0.751953
467 -1.84733 1.12596 1.32217 0.12378 -0.962291 0.0544803 0.786853 -0.875904
779 -0.809848 0.766754 1.31843 0.0156515 -0.468821 -0.0388366 1.00032 -0.987703
694 -0.67264 0.693769 1.29802 -0.0568189 -0.47537 -0.195209 1.11933 -1.00098
169 -0.498443 1.05456 2.02028 -0.478169 -0.0234947 0.0597975 1.37346 -1.38602
203 -0.734623 0.483798 1.40833 -0.0784663 -0.432263 -0.125473 1.06735 -0.842602
133 -0.870555 0.0179665 2.0854 0.2499 -1.04774 -0.3285 1.54461 -0.642396
385 -0.467328 0.543905 1.81167 0.757338 -0.71596 -0.585943 0.758089 -0.679027
220 -0.517195 0.793545 0.954795 0.480774 -0.682054 -0.51803 1.08093 -1.01369
734 -0.868024 0.468194 1.16401 0.833017 -0.320528 0.000207689 0.983766 -1.27641
826 -0.783271 0.107768 1.33241 0.823865 -0.277665 -0.0190414 1.08511 -1.28727
652 -0.743693 0.412457 1.00407 0.8654 -0.221116 0.0413386 0.911557 -1.14105
394 -1.01995 0.0105651 1.43052 1.11879 -0.234243 0.128141 1.16036 -1.42957
712 -0.829379 0.461733 1.18121 0.630455 -0.298444 0.015216 0.966577 -1.13272
750 -0.865682 0.255644 1.16225 0.719357 -0.434998 0.0117661 0.791755 -0.921821
654 -0.779897 0.50286 1.16206 0.74767 -0.426024 -0.077597 1.01214 -1.16391
166 -0.638345 0.238271 1.37905 -0.0683285 -0.799268 -0.103264 1.30627 -0.720936
656 -0.729467 0.22435 1.65236 -0.0112642 -0.71997 -0.176425 1.29838 -0.700745
267 -0.564352 0.123734 1.55329 0.102634 -0.726778 -0.153592 1.21161 -0.547805
313 -1.68292 1.20183 1.42191 0.232112 -0.520507 0.23574 0.948362 -0.667317
553 -1.20703 0.770658 0.986691 0.208101 -0.645064 -0.0224668 0.734027 -0.585668
775 -1.29947 0.563931 1.35302 0.267801 -0.570114 0.0346112 0.731291 -0.666022
188 -0.79077 0.490743 1.62072 -0.209877 -0.412899 -0.0201437 1.21521 -0.879447
585 -0.660779 0.634995 1.47396 -0.211441 -0.433616 -0.0483177 1.14969 -1.06636
347 -0.561415 0.500494 1.59539 -0.0403729 -0.356248 0.0295429 1.08673 -0.988368
887 -0.30727 1.3876 0.942208 0.417207 -0.849522 0.112084 1.35766 -0.882417
296 -0.522324 1.06671 0.920166 0.493259 -0.651714 0.0632428 1.10126 -0.883737
897 -0.559987 1.38631 0.959439 0.513711 -0.803145 0.15293 1.17089 -0.789892
426 -0.384284 1.31496 0.891038 0.533823 -0.790695 0.0992114 1.19953 -0.749276
57 -0.550466 0.939692 1.71806 0.914845 -0.83798 -0.605165 0.557536 -0.617796
920 -0.362229 0.574926 1.30115 0.64437 -0.685441 -0.51136 0.575671 -0.737254
18 -0.505583 0.737362 1.85938 0.838377 -0.832737 -0.654491 0.656005 -0.694073
865 -0.410141 0.516729 1.19669 0.469679 -0.463624 -0.589817 1.10194 -1.15383
638 -0.210658 0.494358 1.30987 0.492837 -0.249566 -0.7282 1.17475 -1.34403
851 -0.847096 0.812648 1.11105 0.19621 -0.599851 -0.240981 0.987799 -0.950103
758 -1.04667 0.767831 1.07263 0.356609 -0.75175 -0.199616 1.04657 -0.920646
678 -0.719323 0.886958 0.705087 0.457681 -0.757096 -0.126998 0.982032 -0.943453
504 -0.279498 1.38741 0.86599 0.556976 -0.761076 0.0617064 1.3462 -0.901559
284 -0.335037 1.70217 1.01372 0.695549 -0.895023 0.259096 1.49648 -0.824146
927 -0.392495 1.19438 0.815957 0.432038 -0.629018 0.086797 1.0997 -0.796088
756 -0.811662 0.769755 0.75885 0.406849 -0.771571 -0.294872 1.06817 -1.02717
666 -0.951397 0.922236 0.745908 0.502566 -0.837942 -0.195746 1.24469 -1.10021
519 -0.927888 0.747005 0.861286 0.523441 -1.00081 -0.419579 1.26635 -1.21338
533 -1.0526 0.782749 0.680049 0.524012 -0.965427 -0.252767 1.09843 -1.12586
64 -0.616655 0.65887 0.895841 0.604595 -0.862312 -0.438287 0.969441 -0.904854
515 -0.986951 1.04604 0.758655 0.621107 -1.08624 -0.326577 1.19258 -1.16198
60 -0.572773 0.890596 1.62051 0.787259 -0.949565 -0.536058 0.574528 -0.63965
26 -0.296096 0.956485 1.50248 0.845176 -0.787336 -0.498302 0.799519 -0.666672
30 -0.434021 0.730405 1.56566 0.801761 -0.783728 -0.659261 0.665171 -0.711917
466 -0.448812 0.583508 1.40395 0.494207 -0.595155 -0.500044 0.625186 -0.57452
24 -0.438774 0.757166 1.84995 0.979886 -0.829969 -0.898946 0.614086 -0.853746
932 -0.348086 0.588008 1.11016 0.409119 -0.312879 -0.487661 1.18945 -1.2451
635 -0.156302 0.432983 1.14497 0.48787 -0.210007 -0.862169 1.34972 -1.56099
84 -0.546581 0.5265 0.854653 -0.290311 -1.21986 -0.903125 1.48658 -1.57013
80 -0.815576 0.539606 0.972611 -0.463526 -1.32321 -0.597375 1.32327 -1.6023
105 -0.558006 0.51501 0.914923 -0.0226081 -1.00026 -0.503331 1.06836 -1.08566
949 -0.563359 0.633637 0.9447 0.0426983 -0.844969 -0.359086 1.03351 -1.03385
113 -0.566865 0.576701 0.994564 0.122826 -0.818287 -0.36902 1.06409 -1.03902
852 -0.496481 0.618164 1.25223 0.0434346 -0.371965 -0.103875 0.918486 -0.895793
182 -0.303383 0.755622 1.43987 -0.125117 -0.138336 -0.0185048 1.32504 -1.15584
202 -0.582503 0.685312 1.39091 -0.00696174 -0.361948 -0.0729459 1.05195 -1.00589
92 -0.602454 0.57184 0.879458 -0.177257 -0.790353 -0.511767 1.17352 -1.20485
783 -0.727453 0.673603 0.928703 0.132526 -0.781011 -0.33405 1.20316 -1.07367
906 -0.784247 0.441148 1.0444 0.912376 -0.404326 -0.199942 0.884892 -1.28384
333 -1.20493 0.844259 1.23327 0.253547 -0.71252 0.0238145 0.711373 -0.604989
869 -1.22908 0.914386 0.984945 0.245099 -0.787104 0.0707639 0.808949 -0.718745
915 -0.332833 0.783587 1.07512 0.459197 -0.545606 -0.318959 1.16671 -0.919158
242 -0.393683 0.540068 1.14664 0.409143 -0.365787 -0.544077 1.13355 -1.12539
233 -0.193364 0.649741 1.28872 0.533339 -0.236952 -0.80716 1.05192 -1.20112
39 -0.505306 0.657689 1.279 0.649604 -0.671829 -0.556553 0.592189 -0.780743
904 -0.825055 0.402439 1.24742 1.057 -0.24309 -0.10394 0.916713 -1.36022
552 -1.42011 0.959046 1.32951 0.136659 -0.617184 0.0203163 0.610095 -0.548525
627 -0.958769 0.856147 0.9662 0.457163 -0.302791 0.0880171 1.48016 -1.05447
986 -0.900687 0.893135 1.0032 0.496414 -0.394928 0.0190864 1.37743 -0.949414
134 -1.20325 0.931207 0.714032 0.782163 -0.137349 0.134269 1.95788 -1.0744
606 -0.73636 0.815978 0.745008 0.498892 -0.365994 0.0689484 1.22148 -0.854978
444 -0.774287 1.00103 0.6694 0.704037 -0.409728 0.0991227 1.50939 -0.834771
653 -0.813512 0.680632 0.877444 0.330164 -0.492894 -0.123248 1.28451 -0.935767
244 -0.698664 0.782986 0.919056 0.416277 -0.4199 -0.156652 1.20958 -0.934747
401 -0.730693 0.605289 0.901882 -0.0978529 -0.962743 -0.318633 1.01208 -0.921225
236 -0.476055 0.554092 1.06648 0.406986 -0.341155 -0.434004 0.915147 -0.977943
317 -1.60559 1.06585 1.29637 0.306691 -0.704331 0.121657 0.78223 -0.446406
976 -1.05359 0.699293 1.3126 0.278728 -0.569365 -0.0485474 0.924744 -0.763767
955 -0.850153 0.715971 1.01625 0.316108 -0.734091 -0.25917 1.19492 -0.916621
840 -0.736868 0.725418 1.05332 0.456797 -0.741242 -0.359901 1.01935 -0.948259
993 -0.962472 0.833957 1.21246 0.397512 -0.725638 -0.247434 1.29994 -1.11245
540 -0.924332 0.873362 0.917005 0.63113 -0.715711 -0.3052 1.19753 -1.00165
837 -0.858416 0.798927 1.07773 0.479441 -0.890575 -0.222342 1.18221 -0.939731
517 -1.19149 0.927378 0.720075 0.455465 -1.05502 -0.323262 1.18769 -1.00416
371 -0.748467 0.274493 1.54787 0.0234293 -0.737983 -0.227304 1.28848 -0.606553
535 -0.688987 0.834545 1.03123 0.521238 -0.799902 -0.344147 1.04581 -0.989191
75 -0.529493 0.170392 1.41812 0.117562 -0.649342 -0.296451 1.02611 -0.577403
59 -0.424713 0.653284 1.82391 0.751969 -0.7588 -0.754315 0.664395 -0.751018
538 -0.445109 0.457467 1.77159 0.704285 -0.739534 -0.680708 0.655174 -0.695964
539 -0.558391 0.806671 1.67635 0.720678 -0.796794 -0.690471 0.67249 -0.696616
917 -0.417837 0.570255 1.37376 0.82061 -0.653981 -0.529553 0.556586 -0.725555
987 -0.71131 0.275713 1.25113 -0.0562603 -0.723736 -0.19113 1.11382 -0.679293
175 -0.580362 0.83822 1.81189 -0.526463 0.00319029 0.018507 1.35045 -1.40471
862 -0.587219 0.729225 1.58958 -0.1974 -0.335933 0.0378035 1.05145 -1.01408
465 -0.61024 0.445831 1.63955 0.232865 -0.864879 -0.409498 0.958934 -0.617088
871 -0.553297 0.624577 1.03709 -0.139247 -0.955312 -0.511338 1.14183 -1.09163
856 -0.574116 0.788185 1.03664 -0.247305 -0.915847 -0.527779 1.31936 -1.4449
412 -0.567302 0.721832 0.815829 -0.140368 -0.834649 -0.286511 1.15553 -1.13086
87 -0.755852 0.672974 0.879549 -0.271937 -1.4313 -0.677554 1.27672 -1.11267
794 -0.936152 0.714795 1.1106 0.0942906 -0.811957 -0.196497 1.01149 -0.881133
266 -0.629615 0.309132 1.61867 0.138646 -0.861576 -0.247266 1.21341 -0.654463
739 -0.62816 0.287328 1.51865 0.130896 -0.766166 -0.155837 1.26996 -0.705242
197 -0.588446 0.663126 1.49225 -0.359762 -0.207091 0.060916 1.14732 -1.04624
183 -0.542471 0.764905 1.45997 -0.0866227 -0.254202 0.0768077 1.15087 -1.06594
683 -0.523857 0.666783 1.6046 -0.132236 -0.201977 -0.0800074 1.23955 -1.29394
342 -0.520851 0.798491 1.91249 -0.0665279 -0.236309 -0.276958 1.0218 -1.07778
45 -0.495859 0.618209 1.56174 0.544448 -0.663273 -0.485599 0.526185 -0.702114
398 -0.627705 0.275194 1.53206 0.104394 -0.733139 -0.161333 1.36965 -0.698312
984 -0.824467 0.460598 1.29916 0.416737 -0.604047 -0.0245296 1.31069 -0.905559
406 -0.794204 0.155345 1.49967 0.130761 -0.711437 -0.0834573 1.28478 -0.513916
63 -0.57386 0.215425 1.54378 0.261412 -0.629179 -0.307294 1.01951 -0.597212
158 -0.638902 0.186183 1.50214 0.111146 -0.683009 -0.175735 1.32521 -0.723892
163 -0.650474 0.201348 1.38519 -0.0948512 -0.800187 -0.274661 1.22714 -0.617212
719 -0.775653 0.476246 1.13333 0.805933 -0.376165 -0.0538257 1.07806 -1.2308
944 -0.675658 0.600747 1.11903 0.628423 -0.462943 -0.161557 0.960795 -0.981543
952 -0.499361 1.08222 0.947439 0.498985 -0.708727 0.0683352 1.20547 -0.874415
241 -0.410113 0.462169 1.0566 0.480716 -0.297341 -0.488573 0.964269 -1.05493
54 -0.899399 0.167914 1.40216 1.38416 -0.134714 -0.0386542 0.911021 -1.62778
738 -1.16423 0.572559 1.17327 0.404119 -0.525377 0.0798566 0.807247 -0.746505
696 -1.31166 0.850476 1.50352 0.205185 -0.603156 0.104908 0.774932 -0.68988
994 -0.519276 0.707068 1.01245 0.435862 -0.474605 -0.354744 1.14796 -1.16505
930 -0.608618 0.595271 0.862467 0.0121684 -1.00748 -0.411696 1.32263 -1.31045
931 -0.66067 0.802032 0.964272 0.176419 -0.911531 -0.322146 1.18011 -1.13002
999 -0.985221 0.976985 1.4376 0.401211 -0.837016 -0.15066 1.00567 -0.87736
420 -0.605809 0.827069 0.969591 0.173514 -0.918729 -0.34618 1.19426 -1.17581
49 -0.350056 0.693446 1.1872 0.561068 -0.587739 -0.364422 0.598962 -0.537127
66 -0.369623 0.690653 1.60484 0.702016 -0.773348 -0.799807 0.585687 -0.770088
464 -0.391503 0.624741 1.30752 0.551161 -0.52794 -0.400957 0.800138 -0.761245
687 -0.496759 0.665717 1.53614 0.0344442 -0.232681 -0.0803486 1.05517 -1.08597
349 -0.372003 0.651288 1.48427 -0.101511 -0.218864 -0.113499 0.963489 -0.945709
36 -0.541112 0.865055 1.51849 0.816995 -0.776449 -0.716256 0.6544 -0.867306
621 -0.512084 0.807275 1.4064 0.817218 -0.741261 -0.596325 0.707142 -0.77714
6 -0.682986 0.926342 1.9696 0.853167 -0.558775 -0.855485 0.600842 -0.856405
811 -0.329472 0.708551 1.52516 0.646723 -0.690317 -0.606441 0.658805 -0.821586
65 -0.427258 0.62077 1.73689 0.810728 -0.776565 -0.743767 0.686441 -0.733248
27 -0.521095 0.707599 1.85392 0.701009 -0.824657 -0.672159 0.593969 -0.70196
774 -1.54325 0.853367 1.30428 0.147029 -0.736448 0.108338 0.807162 -0.683287
13 -0.915947 0.0497971 1.97854 0.248917 -0.891836 -0.0739675 1.3827 -0.54175
820 -0.671156 0.355615 1.25614 0.14332 -0.670503 -0.202718 1.16192 -0.694318
149 -0.729765 0.248801 1.46107 0.128658 -0.621834 -0.157581 1.40296 -0.68984
723 -0.698781 0.291264 1.03163 0.678783 -0.335266 -0.00519759 0.868041 -1.05123
73 -0.410818 0.636721 1.39728 0.631819 -0.667151 -0.529457 0.483407 -0.545726
86 -0.733094 0.636829 0.82904 -0.297187 -1.3981 -0.689666 1.31882 -1.33618
477 -1.25355 0.824072 0.980933 0.121465 -0.793399 0.038502 0.773749 -0.596269
433 -0.984206 1.27009 0.769725 1.12488 -0.150218 -0.109062 1.97602 -1.1781
19 -0.651548 0.869127 1.95737 -0.269602 -0.278458 -0.0912957 1.10277 -1.03858
190 -0.460027 0.624867 1.62424 -0.207685 -0.144214 -0.016242 1.05189 -1.09748
692 -0.585328 0.621795 1.4942 -0.0267889 -0.352338 -0.145287 1.13368 -1.037
191 -0.84397 0.7645 1.41137 -0.0258013 -0.241973 -0.0818812 0.810199 -0.928649
201 -0.461025 0.559347 1.30741 0.00770774 -0.204229 -0.154948 1.14122 -0.994742
168 -0.716113 1.13758 2.121 -0.313518 0.0980325 0.121718 1.16157 -1.24684
526 -0.875304 0.659888 0.884638 0.574761 -0.901579 -0.282245 1.16859 -0.979688
997 -0.758134 0.695278 1.24315 0.377293 -0.711213 -0.255335 1.32143 -1.12358
7 -0.651031 0.963635 2.16136 -0.24973 0.00655169 0.0285456 1.06911 -1.40491
315 -1.60375 1.06639 1.40544 0.41327 -0.839189 0.0885818 0.683924 -0.567081
934 -1.25169 0.905383 1.23008 0.2394 -0.619789 0.0705986 0.899788 -0.696064
868 -0.578681 1.00227 1.00443 0.558258 -0.675879 -0.235051 1.09016 -0.870857
288 -0.472492 1.34199 0.829455 0.545768 -0.8745 0.0974932 1.22743 -0.862749
713 -0.629015 0.455539 1.13474 0.678809 -0.516951 -0.0950837 1.01396 -1.19099
189 -0.548693 0.611261 1.64787 -0.309782 -0.363166 -0.0755144 1.22737 -1.05146
957 -0.511794 0.606827 1.2395 0.0414745 -0.308211 0.00113363 1.12868 -0.975435
343 -0.346278 0.571156 1.6071 -0.135309 -0.386578 -0.0197026 1.25097 -0.997149
357 -0.563645 0.52494 1.43743 0.0195204 -0.36741 -0.0903908 0.99645 -0.93589
206 -0.552835 0.576525 1.50195 -0.0972319 -0.269035 -0.11441 1.07784 -1.04538
680 -0.612039 0.918595 1.66161 -0.289569 -0.0710395 0.068017 1.05347 -1.04612
797 -0.455752 0.392757 0.912069 -0.0540547 -0.790986 -0.462903 1.15005 -1.15916
691 -0.625555 0.476492 1.35246 0.381073 -0.417651 0.00750343 1.06319 -1.13123
733 -0.709933 0.310926 1.19847 0.733642 -0.325762 -0.00366682 1.00759 -1.09305
926 -0.742584 0.73254 0.960592 0.584807 -0.425373 -0.142153 1.14889 -0.82706
439 -0.9189 0.832722 0.780972 0.734562 -0.101665 0.027492 1.47007 -1.15274
822 -0.919841 0.753865 0.965698 0.132499 -0.697027 -0.172664 0.990274 -0.913752
924 -0.713623 0.793317 0.908853 0.152884 -0.829598 -0.25417 1.37662 -1.15244
806 -0.660523 0.727101 0.911817 0.128176 -0.779917 -0.154926 1.20593 -1.02938
940 -0.566798 0.7454 1.51886 0.666641 -0.668442 -0.575053 0.761262 -0.718238
769 -0.401687 0.435713 1.31522 0.171597 -0.339477 -0.34493 1.18985 -1.10087
210 -0.132378 0.678302 1.19143 0.610129 -0.0523259 -0.772168 1.58388 -1.69418
566 -0.664302 0.368636 1.512 0.128353 -0.798527 -0.135185 1.25623 -0.633279
749 -0.610006 0.208482 1.70812 0.12955 -0.840472 -0.309039 1.30089 -0.651163
144 -0.842054 0.157499 1.69801 -0.0463847 -0.938698 -0.0885718 1.4206 -0.551528
139 -1.06352 0.222278 1.62436 -0.0306276 -0.927438 -0.0315865 1.32776 -0.467577
604 -0.792126 0.958402 0.83349 0.627749 -0.357555 0.0292698 1.28058 -0.851608
761 -0.683091 0.977797 0.85516 0.446383 -0.545584 -0.00516585 1.3063 -0.858309
593 -0.998596 0.702348 0.804209 0.678024 -0.302218 0.0968407 1.48976 -1.07144
609 -1.08866 0.941206 0.934287 0.540918 -0.260318 0.150309 1.47328 -1.01053
458 -0.869057 0.772333 0.72346 0.450105 -0.30808 0.0622179 1.36156 -0.935323
246 -0.465876 0.534433 1.07142 0.454697 -0.386854 -0.460295 1.12683 -1.10704
645 -0.637676 0.720024 1.14867 0.460926 -0.427837 -0.309138 1.14087 -1.15203
227 -0.195583 0.75647 1.15485 0.603341 -0.273826 -0.648484 1.2821 -1.59007
41 -0.581578 0.634003 1.36947 0.394006 -0.577252 -0.352298 0.810387 -0.764401
34 -0.487109 0.683083 1.66388 0.797172 -0.720636 -0.617271 0.781472 -0.776629
265 -0.531435 0.40324 1.48889 0.340073 -0.730071 -0.328687 1.08993 -0.676295
77 -0.377194 0.639781 1.35045 0.483599 -0.573729 -0.510495 0.729173 -0.775491
657 -0.636929 0.099469 1.5669 0.0919916 -0.646609 -0.186167 1.18156 -0.68227
617 -0.263614 0.619958 1.28575 0.589454 -0.415736 -0.641202 1.03722 -1.27186
224 -0.193903 0.623796 1.10355 0.442294 -0.313665 -0.531806 1.25834 -1.35172
176 -0.457812 0.809342 1.74936 -0.463562 -0.201494 0.105975 1.32627 -1.27243
348 -0.429774 0.648068 1.41992 -0.142629 -0.102555 0.074631 1.10468 -1.0543
194 -0.409978 0.669639 1.3851 -0.263425 -0.166684 0.146644 1.15796 -0.911794
229 -0.292138 0.458737 1.15774 0.168512 -0.282696 -0.765704 1.25594 -1.33291
88 -0.115555 0.546089 1.1966 0.434304 -0.140572 -0.936206 1.69119 -1.90415
702 -0.317435 0.553641 1.26285 0.292416 -0.338073 -0.463621 1.12496 -1.16364
726 -1.97853 1.10841 1.56922 0.489728 -0.808757 0.254378 0.699643 -0.798052
338 -1.19507 0.767865 1.15794 0.187745 -0.68487 -0.0464979 0.81846 -0.652394
15 -0.171325 0.665004 1.36041 0.609547 -0.335267 -0.921213 1.15004 -1.52073
973 -0.626442 0.878612 0.894188 0.437499 -0.756877 -0.313137 1.20649 -1.02928
427 -0.596578 1.0703 0.793533 0.522415 -0.85621 -0.239893 1.09734 -0.965906
528 -1.20448 0.832964 1.1405 0.329149 -0.760436 -0.0731871 0.87149 -0.683445
319 -1.51309 1.00316 1.20078 0.231612 -0.745664 0.135015 0.857357 -0.537913
777 -1.19075 0.74151 1.09818 0.380846 -0.549802 0.0785086 0.685664 -0.6856
558 -0.921318 0.979069 0.958936 0.453054 -0.643023 0.19093 0.807608 -0.620238
306 -0.664199 1.08927 0.835418 0.435922 -0.630963 0.107107 1.06483 -0.674929
954 -0.48944 0.700019 1.64336 0.658579 -0.684875 -0.554165 0.601577 -0.757543
854 -0.476552 0.690704 1.4737 0.509636 -0.577961 -0.416207 0.787116 -0.754594
25 -0.441987 0.759227 1.62303 0.732539 -0.730412 -0.749694 0.687291 -0.862423
228 -0.425195 0.580633 1.16049 0.392599 -0.272903 -0.512597 1.18678 -1.29062
107 -0.521561 0.695513 0.918993 0.20311 -0.814169 -0.238188 1.0943 -0.96112
114 -0.609389 0.630815 0.920523 0.0951919 -0.762627 -0.343053 0.999148 -1.00551
89 -0.460275 0.71523 0.912322 0.00798412 -1.12588 -0.631283 1.08923 -1.24582
102 -0.575057 0.503732 0.80216 -0.0899768 -1.02065 -0.330992 1.13525 -1.0531
522 -1.05602 0.781314 0.785702 0.632886 -0.713827 -0.23578 1.18332 -1.10023
404 -0.828978 0.658259 0.864793 0.353682 -0.789103 -0.14118 1.16414 -0.951851
147 -0.781038 0.322449 1.64724 -0.0234532 -0.580705 -0.124311 1.10381 -0.602389
340 -0.752605 0.970265 1.86249 -0.506163 -0.186917 0.146938 1.10783 -1.13735
689 -0.497259 0.563855 1.39059 -0.0880844 -0.217931 0.0028588 0.98689 -1.04316
716 -0.719346 0.461547 1.04425 0.645705 -0.342384 -0.0977679 0.880006 -1.02545
717 -0.549587 0.366991 1.13875 0.589748 -0.283418 -0.237322 0.918087 -1.09876
557 -1.30096 0.781066 1.08265 0.344847 -0.618889 0.00241885 0.513197 -0.483912
384 -0.681043 0.827475 1.57422 0.733408 -0.802643 -0.592579 0.512358 -0.635397
595 -0.753644 0.831001 1.06718 0.701593 -0.257966 -0.200037 1.3077 -0.837102
718 -0.746171 0.467246 1.03958 0.62558 -0.36542 -0.0484541 0.891532 -1.19242
847 -0.567323 0.308374 1.0994 0.751176 -0.262509 0.00509955 0.863764 -1.21469
217 -0.546431 0.608949 1.14069 0.149121 -0.688172 -0.469673 1.10874 -1.18521
655 -0.740522 0.823325 1.04379 0.574902 -0.456041 -0.0763642 1.35119 -0.97624
98 -0.623927 0.576596 1.00176 0.0176314 -0.847525 -0.395508 1.18941 -1.13763
835 -0.612445 0.642644 1.07643 -0.0111536 -0.58627 -0.298305 1.08539 -0.99715
119 -0.495897 0.431093 1.07174 0.0550121 -0.913899 -0.402416 1.14914 -0.853391
95 -0.48045 0.789071 0.750728 -0.0436916 -1.15631 -0.425245 1.29635 -1.08837
834 -0.632925 0.620877 0.869007 -0.00797729 -0.673167 -0.318737 1.18528 -1.11068
493 -0.577334 0.357528 1.44947 0.170585 -0.64661 -0.217895 1.21287 -0.701391
507 -0.361477 1.15703 0.888223 0.485966 -0.697443 -0.0261285 1.15483 -0.684756
38 -0.365821 0.585128 1.56354 0.689742 -0.61923 -0.544348 0.558142 -0.795442
32 -0.55072 0.898687 1.66101 0.689438 -0.866083 -0.642352 0.56068 -0.711189
776 -1.03622 0.774588 0.895402 0.285073 -0.65593 -0.132228 0.822386 -0.815371
757 -0.839707 0.712956 0.88901 0.475584 -0.666482 -0.175237 1.03372 -1.02384
662 -1.4447 1.0085 0.615986 0.749468 -1.24324 -0.35422 1.21974 -1.34316
675 -0.891206 0.656983 0.799623 0.400679 -0.760581 -0.158667 0.896678 -0.975366
514 -1.35431 0.958588 0.768755 0.504233 -0.988893 -0.231103 1.00233 -1.04747
659 -0.573235 0.411872 1.41169 0.219715 -0.595383 -0.134464 1.15156 -0.627865
575 -0.520487 0.934589 1.06841 0.475043 -0.67023 0.0208193 1.15586 -0.800057
140 -0.745091 0.135801 1.62291 0.0750243 -0.776583 -0.197155 1.43898 -0.625484
948 -0.723989 0.718643 1.0935 0.435688 -0.73036 -0.167899 1.21028 -1.10964
259 -0.602611 0.189262 1.58342 0.0952887 -0.793153 -0.263724 1.33664 -0.575218
162 -0.455332 0.272651 1.35066 0.081496 -0.516919 -0.239546 1.14158 -0.810103
378 -0.551931 0.282972 1.57306 0.157596 -0.781457 -0.408753 1.1115 -0.680692
137 -0.872404 0.0270014 1.78118 0.326738 -0.824924 -0.1145 1.26545 -0.619171
159 -0.687938 0.336669 1.44188 0.0915401 -0.750819 -0.0686622 1.33295 -0.626308
264 -0.646627 0.395607 1.35662 0.191639 -0.759769 -0.00607444 1.13629 -0.588632
481 -1.12084 0.849026 1.1514 0.0562084 -0.565374 0.0425725 0.83847 -0.688102
212 -1.59601 0.723036 1.52949 0.181878 -0.721645 -0.0459709 0.895696 -0.632536
153 -0.638895 0.156096 1.46736 -0.0206232 -0.641569 -0.163104 1.25446 -0.527569
396 -0.770174 0.200752 1.84563 0.0508178 -0.815601 -0.201772 1.25491 -0.593144
160 -0.644796 0.235338 1.40879 -0.0388657 -0.685528 -0.128113 1.15478 -0.509175
839 -0.730139 0.672875 1.00943 0.0907464 -0.836661 -0.285265 1.21837 -1.0161
741 -0.554358 0.262057 1.54695 0.0677279 -0.687932 -0.276282 1.07936 -0.610053
143 -0.56298 0.192249 1.58982 -0.0925968 -0.734751 -0.297777 1.40166 -0.705759
641 -0.401438 0.654752 1.13748 0.532566 -0.279797 -0.581002 1.17293 -1.20443
150 -0.604763 0.262141 1.62076 0.248809 -0.712859 -0.227971 1.05063 -0.414837
369 -0.985166 0.665931 0.787261 0.307929 -0.953218 -0.296897 1.04308 -0.924354
665 -0.845809 0.942863 0.866287 0.374986 -0.912129 -0.320449 1.07345 -1.07397
397 -0.625789 0.447399 0.810472 -0.211078 -1.00994 -0.463907 1.25086 -1.05854
192 -0.702349 0.613964 1.18691 -0.0324483 -0.701756 -0.292888 1.17754 -1.00674
247 -1.5514 0.952061 1.58499 0.266865 -0.812775 0.172419 0.830212 -0.369537
483 -1.12272 0.672872 1.21635 0.28465 -0.605325 0.0452129 0.779813 -0.521167
796 -0.51229 0.635224 0.82318 0.123515 -0.725303 -0.262205 1.05727 -0.94899
790 -0.610352 0.672078 0.788586 -0.237346 -1.07822 -0.492464 1.24972 -0.927136
782 -0.557035 0.851591 0.827244 -0.046328 -0.859318 -0.310973 1.17462 -1.03276
424 -0.56104 1.03295 0.89628 0.393216 -0.761328 -0.0460177 1.21693 -0.835941
411 -0.553548 1.53189 1.03165 0.605008 -1.02916 0.251331 1.45034 -0.797092
358 -0.630889 0.750843 1.49553 -0.0639059 -0.455147 -0.0154505 1.09537 -1.11159
668 -0.962981 0.876116 0.791671 0.432806 -0.799513 -0.248218 1.21461 -1.16559
263 -0.709803 0.599678 1.10536 0.346123 -0.701176 -0.220678 1.07108 -0.878061
501 -0.571093 0.879753 1.07815 0.419627 -0.837538 -0.148199 1.23308 -0.823769
781 -0.597256 0.675729 1.05806 -0.166488 -0.923125 -0.455616 1.28149 -1.27406
256 -0.666537 0.247474 1.5547 0.0420823 -0.803115 -0.138989 1.19347 -0.660514
551 -1.53609 1.14215 1.33693 0.311563 -0.893761 0.0574319 0.607895 -0.626843
520 -0.923632 0.784722 1.23394 0.292312 -0.688607 -0.226304 1.23024 -1.06708
428 -0.497474 1.4026 0.985201 0.561697 -0.883541 0.0437409 1.2846 -0.905443
235 -0.327856 0.667359 1.11943 0.158359 -0.320976 -0.504938 1.17816 -1.31915
239 -0.335289 0.615627 1.01163 0.317079 -0.377458 -0.462208 1.16072 -1.16507
768 -0.445363 0.614324 1.20031 0.425138 -0.401776 -0.309753 1.09134 -1.18673
644 -0.495899 0.63252 1.0864 0.340318 -0.46323 -0.43817 1.1716 -1.14231
582 -0.638103 0.536635 0.885341 -0.021988 -0.89888 -0.512614 1.27305 -1.24491
299 -0.340048 1.03319 0.963191 0.445177 -0.616928 -0.0209822 1.13946 -0.730605
302 -0.293581 1.07955 0.943679 0.412672 -0.705436 0.0774537 1.20215 -0.840163
289 -0.204423 1.24216 0.830349 0.528424 -0.716785 0.0242456 1.31051 -0.858774
413 -0.470285 1.50401 0.854636 0.541208 -0.91915 0.125968 1.34524 -0.796297
120 -0.726095 0.760073 0.610656 0.537805 -0.324021 0.02363 1.23511 -0.861574
482 -1.42354 0.974213 1.11351 0.184661 -0.654495 0.130763 0.785886 -0.567794
8 -1.52734 1.28707 1.5054 0.224783 -0.876232 0.169802 0.825569 -0.553547
328 -0.98168 0.886976 1.11397 0.246534 -0.483714 0.142175 0.890962 -0.732518
495 -0.737512 0.380797 1.48476 0.0722385 -0.634822 -0.202619 1.13658 -0.789594
813 -0.398733 0.559062 1.15719 0.449804 -0.37057 -0.440423 1.27896 -1.284
436 -1.17609 0.855715 0.829804 0.725143 -0.229101 0.125634 1.73524 -1.12569
222 -1.41892 0.886195 1.28884 0.507751 -0.56101 -0.115274 0.643127 -0.643633
544 -0.477099 0.630614 1.37477 0.672253 -0.687675 -0.500135 0.626704 -0.716923
42 -0.433619 0.732298 1.31672 0.693444 -0.668307 -0.45799 0.697529 -0.684557
72 -0.463494 0.668299 1.3701 0.630057 -0.612964 -0.400627 0.749819 -0.669393
964 -0.370862 0.629543 1.1332 0.44583 -0.490165 -0.538995 1.14428 -1.27381
945 -0.419158 0.554389 1.21595 0.411229 -0.238872 -0.573983 1.22886 -1.16875
360 -0.747059 0.675583 1.26959 0.10221 -0.492355 -0.027535 1.00108 -0.88654
873 -1.0519 0.837546 1.10396 0.189467 -0.629919 0.0719162 0.816883 -0.767859
106 -0.534457 0.265525 1.40539 0.0562755 -0.782128 -0.290003 1.16004 -0.792873
546 -0.583686 0.757833 1.54011 0.657847 -0.687023 -0.55105 0.648325 -0.665274
392 -0.415495 0.661251 1.62074 0.725873 -0.679832 -0.580034 0.669049 -0.770844
463 -0.434871 0.636337 1.39383 0.598242 -0.764478 -0.668002 0.662273 -0.662435
752 -0.766849 0.631421 1.07641 0.591262 -0.434653 -0.0345737 1.2764 -0.999544
720 -0.723705 0.691715 0.863421 0.614635 -0.32658 -0.0872921 1.21648 -0.966637
564 -0.915604 0.718072 0.907824 0.463325 -0.319849 0.0305467 1.30941 -0.835984
674 -0.955421 0.852187 1.05173 0.463558 -0.715567 -0.234937 1.10222 -0.947516
864 -0.54575 0.76877 1.24275 0.0319191 -0.409789 -0.0865104 0.987815 -0.862779
929 -0.506227 0.620067 1.36497 0.126897 -0.477289 -0.123208 0.91193 -0.852471
863 -0.668035 0.659445 1.46357 -0.159087 -0.324578 -0.119489 1.0819 -1.00741
682 -0.517541 0.766535 1.68355 -0.408264 -0.230027 0.164137 1.27124 -1.19717
909 -0.506784 0.59249 1.75344 -0.167821 -0.25218 0.0840822 1.32007 -1.27958
697 -0.465444 0.596166 1.55076 -0.0107284 -0.318978 -0.114684 0.974269 -1.03235
646 -0.426418 0.661191 0.924039 0.243251 -0.463719 -0.351177 1.16711 -1.1678
714 -0.726306 0.227833 1.17006 0.878051 -0.298735 0.0542011 0.974949 -1.27151
950 -0.781559 0.514762 1.1532 0.892317 -0.388853 -0.106725 0.99975 -1.27727
828 -0.645818 0.501049 1.21124 0.757913 -0.380925 -0.203507 0.814699 -1.08949
117 -0.553959 0.549438 0.987696 0.110668 -0.876458 -0.214742 1.16007 -1.02368
97 -0.430096 0.453454 0.889761 -0.238799 -1.06295 -0.359017 1.21089 -1.0485
795 -0.330105 0.524628 1.1654 -0.199104 -0.330735 -0.0818572 1.0366 -0.997761
879 -0.232906 0.634583 1.25591 0.466594 -0.370015 -0.747213 1.09541 -1.31685
238 -0.32942 0.43025 1.27242 0.255947 -0.338202 -0.495855 1.17873 -1.05293
914 -0.396332 0.605356 1.15728 0.421435 -0.386733 -0.486953 0.965352 -1.17858
112 -0.627253 0.385769 0.737444 -0.0462243 -0.826698 -0.305233 1.08246 -1.17262
919 -0.779713 0.952734 0.901056 0.772327 -0.310308 -0.000577074 1.40468 -0.974985
543 -0.49594 0.520386 1.53878 0.67271 -0.67926 -0.488657 0.798284 -0.618036
563 -0.730493 0.149266 1.49333 0.0285072 -0.781945 -0.26014 1.24174 -0.591064
684 -0.605143 0.751683 1.77199 -0.220484 -0.179312 -0.00524643 1.22669 -1.17324
998 -0.702129 0.72327 1.44284 0.17641 -0.4696 -0.233662 1.07474 -1.05282
351 -0.570531 0.73014 1.6535 -0.123776 -0.281451 -0.0228499 1.16344 -1.16327
521 -0.754394 0.364349 1.28576 0.233554 -0.738397 -0.11448 1.25287 -0.715714
409 -0.714618 0.515059 1.21795 0.283985 -0.82362 -0.214969 1.13393 -0.848456
698 -0.634122 0.609093 1.49068 0.000596549 -0.170229 0.0657753 1.17163 -1.10047
766 -0.348368 0.569684 1.15665 0.222276 -0.131363 -0.365388 1.05816 -1.20982
531 -0.728788 0.727379 0.904021 0.546407 -0.709489 -0.205697 0.926704 -0.882099
177 -0.52827 0.92829 1.61277 -0.255752 -0.154489 0.0677506 1.34786 -1.08079
679 -0.90181 0.764179 1.08283 0.418412 -0.706971 -0.23958 1.10218 -1.05876
523 -0.853876 0.829283 0.836979 0.550397 -0.727807 -0.225624 1.1739 -1.13186
478 -1.54263 0.99522 1.25627 0.310062 -0.871348 0.0918718 0.864418 -0.769031
824 -1.25705 0.792813 1.08154 0.122217 -0.575972 0.0792835 0.653659 -0.561621
479 -1.01294 0.720958 1.20327 0.322149 -0.475008 -0.0787989 0.791542 -0.750997
816 -0.48217 0.567575 1.13084 0.422375 -0.420251 -0.315718 1.07424 -1.09208
916 -0.655334 0.854687 1.05701 0.592301 -0.60151 -0.160416 1.2723 -0.939969
335 -0.993841 0.7844 1.12673 0.211945 -0.620165 0.00184253 0.769298 -0.763521
902 -0.396 0.619567 1.12353 0.513332 -0.297775 -0.557228 1.17818 -1.1664
258 -0.635297 0.258868 1.59884 -0.095241 -0.766836 -0.208077 1.29553 -0.68299
975 -0.729186 0.625981 0.972703 -0.0190688 -0.849057 -0.397146 1.25488 -1.15589
841 -0.857185 0.737602 0.886201 -0.0114912 -0.972322 -0.407653 1.25462 -1.21207
365 -0.702971 -0.00352963 1.84564 0.0430131 -0.906855 -0.232168 1.43961 -0.532593
748 -0.390323 0.714174 1.60676 0.819888 -0.597349 -0.571296 0.677666 -0.877574
620 -0.627783 0.63122 1.05098 0.772767 -0.388002 -0.316175 0.664452 -0.850971
345 -0.640402 0.964775 0.908881 0.469106 -0.327249 0.175446 1.51492 -0.881391
225 -0.244986 0.555562 1.21616 0.534272 -0.295171 -0.71906 1.08282 -1.24699
786 -0.660856 0.630636 0.736024 -0.0852477 -0.889714 -0.462936 1.15971 -1.10297
530 -0.781749 0.547219 0.944712 0.436141 -0.665123 -0.239396 1.018 -0.98855
254 -0.742118 0.678898 1.0966 0.489848 -0.550243 -0.106085 1.39726 -0.897882
995 -0.806114 0.858527 1.20306 0.447772 -0.693448 -0.258768 1.24588 -1.17621
918 -0.903216 0.746426 0.851393 0.452228 -0.667219 -0.0848956 0.868619 -0.83075
785 -0.699286 0.737175 0.902581 0.440048 -0.805556 -0.247775 0.999849 -0.961872
513 -1.12073 0.912571 0.768745 0.597582 -1.17055 -0.324691 1.16485 -1.16352
991 -0.826644 0.497614 1.29328 0.213772 -0.657343 -0.070329 0.980031 -0.692627
778 -1.3178 0.887345 1.11994 0.267565 -0.685313 0.0387297 0.597185 -0.537572
715 -0.670169 0.368267 1.08363 0.51201 -0.265655 -0.0173057 0.957374 -1.01759
894 -0.612404 0.757889 0.964261 0.190875 -0.814838 -0.359697 1.13982 -1.04704
686 -0.655174 0.638345 0.961554 -0.13066 -0.725022 -0.363178 1.2603 -1.12686
43 -0.566279 0.60198 0.801678 -0.0126566 -0.865733 -0.545534 1.01657 -1.03182
74 -0.259898 0.575349 1.26393 0.426305 -0.450022 -0.602697 1.00745 -1.02152
872 -1.09262 0.883921 1.29531 0.459405 -0.658663 -0.0910566 0.617046 -0.613574
354 -0.421126 0.629075 1.30387 -0.175488 -0.240577 -0.00684335 1.07252 -0.98103
972 -0.723887 0.718011 1.30197 0.0441513 -0.474669 0.00769937 0.854682 -0.902722
981 -0.688111 0.372498 1.36393 0.077341 -0.631227 -0.113573 1.20789 -0.817934
751 -0.655839 0.385333 1.42228 0.150932 -0.752161 -0.212088 1.15031 -0.73148
562 -0.651666 0.511306 1.0643 -0.0788879 -0.965063 -0.428521 1.28461 -1.0784
257 -0.569748 0.451291 1.54363 9.8051e-05 -0.719752 -0.0660419 1.38298 -0.728315
622 -0.508577 0.781804 1.23241 0.719858 -0.442722 -0.460996 0.706755 -0.754972
550 -0.561417 0.732182 1.37628 0.572458 -0.701497 -0.514495 0.715437 -0.756104
414 -0.288474 1.26902 1.02922 0.460246 -0.905598 0.0828727 1.37468 -0.732614
951 -0.418959 0.978155 0.971396 0.678086 -0.621205 0.0382778 1.08835 -0.91969
979 -0.517761 0.882792 1.05857 0.441348 -0.67391 -0.0780964 1.06285 -0.794886
700 -0.407981 0.609928 1.60099 -0.210904 -0.191463 -0.111805 1.1758 -1.15917
438 -0.816601 0.93868 1.42258 -0.298598 -0.151004 0.124431 1.14675 -0.99582
623 -0.592038 0.849189 1.42727 0.690293 -0.693871 -0.465351 0.678457 -0.807801
47 -0.520354 0.605733 1.27905 0.438275 -0.732296 -0.599665 0.599792 -0.806768
588 -0.662471 0.514456 1.03136 0.065252 -0.700673 -0.219969 1.04429 -1.01338
818 -1.25541 1.05327 1.12332 0.397828 -0.753152 0.109266 0.89994 -0.746736
31 -0.512225 0.467823 1.26695 0.903551 -0.551976 -0.459236 0.693773 -0.898497
899 -0.985827 0.673303 1.09775 0.325877 -0.684517 -0.109218 0.855749 -0.819107
616 -0.955802 0.838806 1.33202 0.221742 -0.519377 -0.1379 0.725363 -0.609365
135 -0.733293 0.000967161 2.18233 0.0114684 -1.12537 -0.310892 1.74323 -0.714951
443 -0.842154 0.929995 0.842948 0.70139 -0.380595 0.0584992 1.38698 -1.0453
625 -0.389109 0.58936 1.36461 0.594593 -0.505699 -0.575754 0.634793 -0.738946
688 -0.404982 0.733932 1.47772 -0.1987 -0.268128 -0.055283 1.0371 -0.959677
983 -0.600876 0.797613 1.56626 0.0185449 -0.47285 -0.18869 1.17712 -1.08423
928 -0.672521 0.855679 1.55725 0.145651 -0.480991 -0.264454 1.04712 -1.00792
759 -0.863132 0.850666 0.870516 0.430691 -0.695697 -0.258522 0.954286 -0.942556
669 -0.879903 0.778696 0.689699 0.419149 -0.839909 -0.352856 1.14046 -1.11822
701 -0.502986 0.771347 1.37122 0.11145 -0.37035 -0.0941385 0.873656 -0.879661
48 -0.415566 0.670823 1.42213 0.596698 -0.47666 -0.653487 0.688301 -0.835505
29 -0.430674 0.8699 1.67039 0.806742 -0.86661 -0.60104 0.607572 -0.699716
383 -0.32164 0.730645 1.58004 0.710958 -0.689764 -0.6462 0.703242 -0.847017
792 -0.541353 0.472558 0.98337 0.0450179 -0.846058 -0.40308 1.08981 -0.956625
370 -0.59482 0.205656 1.58876 0.0038224 -0.81509 -0.377668 1.29672 -0.688838
141 -0.758428 0.238776 1.46438 0.148789 -0.790235 -0.175524 1.27967 -0.712792
187 -0.705039 0.716884 1.63043 -0.0388844 -0.252386 0.00448161 1.13591 -1.14234
561 -0.64287 0.434718 1.50259 0.229108 -0.781091 -0.0555022 1.45612 -0.578192
565 -0.73858 0.213629 1.4937 -0.0175014 -0.681734 -0.0727783 1.22385 -0.696217
469 -0.720964 0.550083 1.06872 -0.0310403 -1.05389 -0.500165 1.11307 -1.15064
100 -0.666933 0.391824 1.10583 0.118897 -0.791242 -0.377392 1.08183 -1.1169
285 -0.296756 1.39594 0.888262 0.566397 -0.877952 0.210561 1.37285 -0.76267
476 -1.23807 0.743199 1.29359 0.185566 -0.729709 0.100856 0.883197 -0.535025
728 -0.857713 0.245662 1.13112 1.10931 -0.23265 0.00484501 0.909871 -1.56632
518 -1.06036 0.279822 1.11403 1.11264 -0.356513 0.152393 0.845415 -1.48933
667 -0.982806 0.488127 1.10254 1.0532 -0.343446 -0.0349788 0.973361 -1.40162
386 -0.261866 0.802838 1.35274 0.878373 -0.672945 -0.549618 0.748514 -0.717033
548 -0.424641 0.664728 1.75945 0.846403 -0.700423 -0.830915 0.61501 -0.677122
608 -0.751195 0.780045 0.702235 0.419837 -0.24303 -0.12949 1.2055 -0.998627
815 -0.444727 0.610607 1.00534 0.342959 -0.305922 -0.536953 1.17427 -1.26465
453 -0.89749 0.827894 0.679534 0.529767 -0.35953 -0.0308992 1.25169 -0.987416
260 -0.680386 0.315047 1.42528 0.0910798 -0.732142 -0.168852 1.34202 -0.559906
262 -0.731082 0.430565 1.36954 0.214134 -0.719449 -0.170268 1.30307 -0.756835
329 -1.40037 0.894269 1.18394 0.320136 -0.648942 0.0446261 0.863151 -0.627714
440 -0.992686 0.799208 0.926565 0.650617 -0.303546 0.103631 1.30752 -1.02726
634 -0.789578 0.731042 0.911768 0.64622 -0.336845 -0.0114264 1.16401 -0.977621
661 -0.639139 0.265334 1.48419 0.0286247 -0.577491 -0.192718 1.17056 -0.61165
525 -0.740673 0.697964 0.907159 0.336767 -0.812468 -0.336352 1.02977 -0.939753
966 -1.08806 0.920083 1.30931 0.0972655 -0.703433 0.0560184 0.913017 -0.735301
725 -0.674334 0.540785 0.930521 0.189253 -0.693178 -0.331607 1.07093 -1.07992
784 -0.599239 0.794176 1.00065 0.1451 -0.918248 -0.259635 1.27801 -1.18744
829 -0.698254 0.563255 1.09322 0.175106 -0.673019 -0.305589 1.21014 -1.05574
596 -0.813401 0.842707 0.706885 0.642953 -0.242348 -0.00191368 1.32085 -0.943111
884 -0.963337 0.745163 1.33566 0.417493 -0.743188 -0.162 0.970446 -0.758395
337 -1.31084 0.853252 1.21324 0.330633 -0.589195 0.0500253 0.738942 -0.701028
165 -0.720825 0.435727 1.40411 0.0712833 -0.715262 -0.185569 1.21016 -0.646958
151 -0.695137 0.215559 1.63218 0.0370059 -0.737865 -0.133571 1.37445 -0.496337
489 -0.789908 0.311595 1.55759 0.0988443 -0.789399 -0.148499 1.06255 -0.491919
630 -0.864876 0.253351 1.03446 0.870224 -0.259016 0.16555 1.12685 -1.23405
883 -0.805292 0.704896 0.936303 0.364841 -0.845317 -0.225919 1.04159 -0.999665
293 -0.426241 1.43485 0.822351 0.554282 -0.85033 0.187254 1.22755 -0.872838
292 -0.345557 1.26175 1.03995 0.680951 -0.929857 -0.0909689 1.18299 -0.837557
37 -0.438989 0.729268 1.51675 0.658219 -0.646009 -0.583756 0.680796 -0.671913
99 -0.607694 0.871149 0.947024 0.0864908 -0.996886 -0.254405 1.29834 -1.10661
459 -0.671746 0.845053 0.810583 0.590339 -0.400307 -0.0645246 1.24174 -0.815739
555 -0.955299 0.704432 1.17463 0.180308 -0.633578 -0.060811 0.831259 -0.537012
860 -0.500942 0.64746 1.48078 -0.0800821 -0.271718 -0.0555569 1.12392 -1.20408
885 -0.759101 0.658483 0.8001 0.377655 -0.638154 -0.339071 1.02619 -1.03612
381 -0.858327 0.859511 0.718348 0.660809 -1.03054 -0.483725 0.976414 -1.06505
503 -0.403414 1.28294 0.915916 0.631276 -0.821336 -0.0205852 1.38062 -0.899879
788 -0.54852 0.731567 0.887003 0.130188 -0.845694 -0.374363 1.13038 -0.935577
237 -0.433546 0.70199 1.2856 0.457651 -0.603233 -0.446558 1.01383 -0.920475
116 -0.591551 0.360417 0.943858 -0.172129 -0.903748 -0.37662 1.14615 -0.929487
584 -0.653808 0.667873 0.890059 -0.0445495 -0.874387 -0.27389 1.19231 -1.09851
569 -1.01442 0.659558 1.15518 0.142429 -0.597457 0.0200397 0.828529 -0.564819
93 -0.569386 0.66572 0.856457 -0.10205 -1.14172 -0.338595 1.36677 -1.18567
301 -0.591181 1.14964 0.812372 0.500125 -0.717788 -0.00289211 1.18497 -0.79884
118 -0.490774 0.465691 0.812121 -0.0364653 -0.664173 -0.253918 0.974903 -0.89326
307 -0.503878 0.876835 1.36148 -0.100012 -0.357802 0.0496131 1.10608 -0.905747
858 -0.98909 0.681132 1.07557 0.205604 -0.669661 -0.0822241 0.93448 -0.847193
578 -0.822052 0.610932 0.946246 -0.387499 -1.39151 -0.574735 1.36113 -1.34804
580 -0.71823 0.534184 1.06452 -0.0944594 -0.988943 -0.342165 1.21175 -1.06071
958 -0.512383 0.485857 0.936091 -0.0187568 -0.798275 -0.296936 1.17416 -1.08211
281 -0.708193 0.744006 0.897101 -0.0516111 -1.08798 -0.343307 1.13164 -1.01135
303 -0.456423 1.17378 0.808677 0.430147 -0.771745 -0.0325814 1.15205 -0.78923
933 -0.540982 0.720008 1.24403 0.283353 -0.546035 -0.493241 1.282 -1.33348
770 -0.477814 0.679628 1.18399 0.294637 -0.325113 -0.446773 1.24521 -1.31635
123 -0.733182 0.544487 0.936911 0.200108 -0.860737 -0.303435 1.09538 -1.10378
603 -0.764892 0.889956 0.885065 0.49525 -0.488293 -0.0648009 1.36111 -0.924549
109 -0.68546 0.502834 1.20258 0.0350718 -0.757845 -0.309474 1.06894 -0.851573
843 -0.643204 0.685022 1.25146 -0.0169918 -0.844465 -0.301256 1.13749 -1.04052
965 -0.800597 0.683998 1.00617 0.170455 -0.697168 -0.191776 1.08181 -0.965004
55 -0.349844 0.58856 1.99648 0.758037 -0.911935 -0.837391 0.923666 -0.559187
857 -0.810815 0.800542 0.955246 0.069509 -0.835905 -0.258781 1.13722 -0.969393
878 -0.573872 0.656579 1.20806 -0.0493075 -0.361436 -0.088296 1.06278 -0.975321
173 -0.467436 0.791937 1.64432 -0.540348 -0.220916 -0.0176523 1.3227 -1.32882
859 -0.837604 0.907646 1.54072 -0.298182 -0.425046 0.167646 1.00047 -0.992841
353 -0.509807 0.656525 1.2512 0.0149959 -0.266489 0.0389144 1.08899 -0.913612
938 -0.695571 0.717517 0.94146 0.175041 -0.721124 -0.273136 1.10532 -1.13707
327 -1.39159 0.956781 1.31337 0.295831 -0.754975 0.0497862 0.745322 -0.658155
690 -0.417099 0.643805 1.59721 -0.0289856 -0.365521 -0.199985 0.939072 -0.932677
939 -0.425046 0.831713 1.4589 0.817888 -0.822911 -0.527236 0.844111 -0.740291
261 -0.596628 0.298491 1.33508 0.178157 -0.579744 -0.28354 1.15703 -0.654909
248 -0.937135 0.148609 1.89872 0.0546971 -0.92914 -0.013711 1.39467 -0.395709
374 -0.525122 0.296279 1.41457 0.0568685 -0.704117 -0.225305 1.22075 -0.587545
69 -0.0685629 1.1708 0.898657 0.578335 -0.765303 -0.0865062 1.11366 -0.630681
193 -0.78455 0.631559 1.41424 0.0669385 -0.176585 -0.00554388 0.988438 -0.999317
186 -0.654005 0.68772 1.54355 -0.154657 -0.292347 -0.0189778 1.16819 -1.0477
807 -0.690492 0.574246 1.22462 -0.0144684 -0.566624 -0.0882934 1.10409 -0.926887
346 -0.520919 0.799546 1.58414 -0.0889141 -0.299121 0.040807 1.17513 -1.12198
527 -0.780203 0.830158 1.17031 0.48062 -0.692451 -0.323031 1.2643 -1.17081
968 -0.519401 0.694331 1.03387 0.413336 -0.587267 -0.448968 1.17283 -1.19015
164 -0.61972 0.224348 1.49358 -0.0178201 -0.665304 -0.244058 1.37052 -0.67235
581 -0.666171 0.736288 1.02898 0.0221306 -0.917614 -0.360119 1.31211 -1.10092
805 -0.565096 0.577965 0.874164 0.0190816 -0.734857 -0.437644 1.18851 -1.17831
376 -0.811674 0.40175 1.44601 0.14646 -0.533948 -0.285727 1.03431 -0.701697
67 -0.42688 0.206816 1.69805 0.203293 -0.738385 -0.399294 1.01666 -0.545673
252 -0.654751 0.302837 1.61857 0.0932073 -0.876494 -0.31771 1.16381 -0.794005
693 -0.529638 0.623447 1.38358 -0.179888 -0.3372 -0.019482 1.16874 -1.01657
510 -0.480186 1.01155 0.924451 0.430966 -0.808033 -0.0768632 1.13137 -0.926097
402 -0.742607 0.181535 1.70418 0.0776002 -0.763874 -0.241754 1.36915 -0.709772
475 -1.44135 0.8936 1.19583 0.175613 -0.653605 0.107945 0.790324 -0.630812
447 -0.811295 0.867484 0.87238 0.666538 -0.30196 0.00216386 1.40921 -1.00388
589 -0.591072 0.644752 0.919523 0.00326386 -0.778563 -0.283183 1.10803 -1.01846
468 -1.63014 0.863987 1.41717 0.515713 -0.693495 0.105019 0.672946 -0.730737
486 -1.21703 0.951889 1.09507 0.269031 -0.754012 0.113666 0.82411 -0.677014
331 -1.12737 0.851994 1.37634 0.145817 -0.597485 0.022453 0.777899 -0.623111
330 -1.25002 0.894085 1.21142 0.33827 -0.668144 0.158854 0.764871 -0.640344
982 -0.355259 0.681094 1.13827 0.373365 -0.451905 -0.409827 1.09127 -1.10424
226 -0.30495 0.641677 1.24326 0.358048 -0.228348 -0.453862 1.14789 -1.21807
219 -0.35446 0.512029 1.17267 0.454815 -0.209679 -0.666692 1.2106 -1.46126
671 -0.931224 0.914406 0.85879 0.586279 -0.898223 -0.220376 1.19693 -1.15997
500 -0.532399 1.10234 1.02803 0.566398 -0.724462 -0.0149176 1.24359 -0.93988
922 -0.494759 0.961554 1.00476 0.533851 -0.5427 -0.107415 1.05584 -0.787378
298 -0.463525 1.01925 0.920293 0.576236 -0.647743 0.014044 1.0792 -0.872368
62 -0.362123 0.649979 1.64834 0.605351 -0.734304 -0.634033 0.699792 -0.683001
268 -0.488516 0.211206 1.33088 0.146325 -0.729293 -0.18246 1.16203 -0.563685
450 -0.708709 0.856557 0.96351 0.706444 -0.329517 -0.0727718 1.15266 -0.892041
967 -0.876316 0.8887 1.02776 0.510557 -0.539811 -0.106188 1.21887 -0.910799
896 -0.842771 0.846698 0.930001 0.42923 -0.788217 -0.287478 1.1177 -1.00812
989 -0.650475 0.729313 1.20815 0.239939 -0.718851 -0.251982 1.22372 -1.06659
576 -0.502153 0.698832 0.771737 0.201262 -0.702683 -0.149285 1.05772 -0.937422
969 -0.478692 0.623352 1.15492 0.460015 -0.351616 -0.322506 1.30082 -1.27359
624 -0.388496 0.596002 1.60991 0.762767 -0.721443 -0.691272 0.581384 -0.715012
703 -0.626386 0.610578 1.33658 0.0865519 -0.436352 -0.133641 1.08312 -0.906899
853 -0.535983 0.684996 1.4208 -0.0585913 -0.380469 -0.119451 1.07377 -1.01617
882 -1.29311 0.830894 1.10772 0.309663 -0.754264 -0.0285444 0.784682 -0.623032
611 -1.1812 0.845856 1.35984 0.453316 -0.695175 -0.0679808 0.832753 -0.698158
849 -1.38015 0.845439 1.33715 0.328066 -0.746576 -0.0159158 0.723632 -0.671105
472 -1.59341 1.04426 1.1595 0.351431 -0.798477 0.230202 0.671257 -0.642407
808 -0.482925 0.742964 1.96644 0.890817 -0.765363 -0.703159 0.632886 -0.730572
418 -0.39582 1.23912 0.863825 0.544057 -0.695104 0.0571969 1.18286 -0.862811
572 -0.534773 0.895335 0.926272 0.403293 -0.529236 -0.0793769 1.04223 -0.824481
534 -0.877145 0.757545 0.875854 0.342805 -0.730444 -0.119432 0.945707 -0.896632
831 -1.24849 0.734912 1.20552 0.331508 -0.545028 0.0523028 0.728806 -0.707781
61 -0.64629 0.596488 1.01733 0.134056 -0.845729 -0.42097 1.08999 -0.976152
946 -1.101 0.734583 1.14694 0.462049 -0.588442 -0.092783 0.848334 -0.80166
325 -1.34948 1.09492 1.23702 0.306945 -0.703261 0.124672 0.738144 -0.538535
462 -0.358574 1.03098 1.09317 0.47085 -0.696505 -0.126057 1.07717 -0.754523
554 -0.989325 0.800042 0.891081 0.388964 -0.68947 -0.0929055 0.900266 -0.836555
321 -1.56377 1.09561 1.32154 0.331144 -0.771272 0.037432 0.634518 -0.575091
762 -0.630549 0.597439 0.97077 0.407375 -0.327675 -0.328084 1.18731 -1.13791
40 -0.37532 0.595832 1.45172 0.586671 -0.640389 -0.569464 0.637716 -0.616794
601 -0.720022 0.746004 0.951198 0.585009 -0.434361 -0.0445877 1.22661 -0.791359
46 -0.502561 0.632742 1.22817 0.280653 -0.838672 -0.504539 0.856306 -0.884294
676 -0.717547 0.701098 0.890669 0.29778 -0.657517 -0.221595 1.1484 -0.999497
672 -0.879523 0.541491 0.980822 0.286768 -0.808494 -0.296355 0.999676 -0.861599
677 -0.75796 0.770179 0.856334 0.470537 -0.740314 -0.306828 1.11688 -1.04956
391 -0.489003 0.795524 1.60695 0.781216 -0.793394 -0.708432 0.541183 -0.623283
911 -1.06136 0.717576 1.19269 0.247165 -0.651585 -0.0735017 0.907635 -0.622658
990 -0.512619 0.88529 1.01378 0.324718 -0.708619 -0.0789478 1.19342 -0.845176
356 -0.536392 0.691377 1.54869 -0.0757856 -0.180228 -0.0452376 1.14311 -1.07829
204 -0.568367 0.653637 1.38085 -0.0217771 -0.205219 -0.11685 1.14963 -1.13681
764 -0.651855 0.700232 0.879635 0.278715 -0.287665 0.0723846 1.25613 -0.961071
903 -0.353855 0.608484 0.967165 0.416943 -0.396176 -0.513869 1.00922 -1.11971
545 -0.611269 0.666486 1.04082 -0.0316936 -1.11083 -0.601695 1.08404 -1.15777
745 -1.09886 0.759324 1.12675 0.28751 -0.59439 0.0315107 0.763794 -0.578736
890 -1.15532 0.915397 1.08136 0.318317 -0.628553 0.0289699 0.783834 -0.629266
910 -0.564623 0.664509 1.34865 0.0732026 -0.460078 -0.0554984 1.11784 -0.93011
587 -0.771922 0.522021 1.06615 0.0633654 -0.810375 -0.225106 1.17624 -0.924761
154 -0.81729 0.422364 1.07127 -0.115307 -0.919462 -0.250541 1.17296 -0.913706
586 -0.556692 0.680731 0.780455 -0.0406757 -0.9922 -0.366734 1.23633 -1.03034
96 -0.675823 0.564766 0.883349 -0.00175186 -0.978197 -0.424657 1.32725 -1.32649
881 -0.371008 0.632267 1.10997 0.447589 -0.422794 -0.337477 1.1141 -1.1139
724 -0.857788 0.572663 1.22559 0.689 -0.455684 -0.00446204 1.03934 -1.17834
44 -0.395864 0.61658 1.22109 0.579681 -0.55996 -0.462449 0.559169 -0.70615
431 -0.359526 1.12899 0.852038 0.449491 -0.726561 0.04724 1.21891 -0.887875
956 -0.462979 0.491618 1.14309 0.407483 -0.307692 -0.335686 0.984376 -1.0603
71 -0.419504 0.628135 1.31649 0.480824 -0.697373 -0.430823 0.703467 -0.683271
670 -0.722646 0.827961 0.81166 0.481179 -0.929659 -0.218001 1.1896 -1.00319
699 -0.629143 0.721414 1.51918 -0.101582 -0.257216 -0.0617986 1.14732 -0.959933
685 -0.580901 0.766865 1.39416 -0.26722 -0.290594 -0.0499628 1.20418 -1.09508
960 -0.831148 0.508994 1.17126 0.698264 -0.383171 0.0131249 0.837556 -1.06593
511 -0.665425 0.891432 0.70107 0.402727 -0.590523 -0.0869259 1.08957 -0.854174
423 -0.58307 1.23004 0.775772 0.566394 -0.777737 0.0946509 1.40468 -0.839092
978 -0.473515 0.994978 0.952939 0.426037 -0.758771 -0.141727 1.23244 -0.861627
94 -0.585754 0.734692 0.8363 -0.0360864 -0.909342 -0.433211 1.23023 -1.21058
971 -0.528002 0.688553 1.44011 -0.11427 -0.2642 0.0129637 1.11782 -1.1619
297 -0.448358 1.10681 0.89244 0.562162 -0.710137 0.0714493 1.25629 -0.936442
305 -0.459383 1.11548 0.947062 0.345001 -0.692826 0.0817835 1.19124 -0.859551
167 -0.692162 0.267972 1.11679 0.427086 -0.387549 -0.077982 1.00187 -0.908901
721 -0.572301 0.273205 1.16914 0.714789 -0.227847 0.00661216 0.789435 -1.13722
893 -0.673783 0.556844 1.05479 0.0599252 -0.881767 -0.35063 1.16693 -1.07168
255 -0.306871 1.00405 1.11291 0.398821 -0.806565 0.0271226 1.25886 -0.477076
740 -0.686285 0.365802 1.63106 0.00690103 -0.633006 -0.283975 1.16943 -0.769161
375 -0.600361 0.228883 1.64502 0.0979851 -0.736211 -0.276466 1.28251 -0.737494
763 -0.600882 0.741004 1.05825 0.618187 -0.412904 -0.163138 1.13503 -0.764082
941 -0.609957 0.641064 1.34809 0.153135 -0.237098 -0.124298 1.04298 -1.09375
35 -0.487091 0.682266 1.35099 0.553841 -0.670791 -0.462504 0.528858 -0.680694
583 -0.62438 0.57472 0.973441 -0.106718 -0.945138 -0.502928 1.20455 -1.32391
379 -0.6111 0.301753 1.01607 -0.0648339 -0.804845 -0.32063 1.09054 -0.883959
848 -1.13382 0.81154 1.21805 0.370133 -0.590861 -0.0280942 0.687894 -0.564204
405 -0.578143 0.622612 1.43271 -0.184317 -0.304467 -0.0587937 1.2449 -0.96865
810 -0.605892 0.682488 1.5725 0.603688 -0.752936 -0.506219 0.724144 -0.652985
773 -0.751343 0.389209 1.37291 0.18087 -0.698939 -0.211398 1.15524 -0.822744
505 -0.20501 0.747531 0.96508 0.387634 -0.458025 -0.268704 1.28165 -1.17847
605 -0.8139 0.81706 0.852437 0.425364 -0.664934 -0.121507 1.22977 -0.950051
650 -0.953172 0.817648 1.10523 0.303024 -0.617369 -0.030267 0.807637 -0.770056
844 -0.573257 0.847717 0.960989 0.179185 -0.738301 -0.275151 1.10783 -1.0297
393 -0.394387 0.696175 1.39336 0.677234 -0.59974 -0.504748 0.789245 -0.809798
508 -0.645317 0.841922 0.95254 0.515691 -0.405136 -0.102153 1.26357 -0.946829
599 -0.692046 0.448501 1.24439 0.233774 -0.538256 -0.0555825 1.35229 -0.704369
842 -0.702628 0.716729 1.03492 0.0433424 -0.83413 -0.312076 1.01267 -1.00752
200 -0.515516 0.599793 1.2154 0.0921473 -0.379895 -0.0227079 1.01705 -0.860806
833 -0.660893 0.268091 1.157 0.49337 -0.416207 0.000752631 1.07266 -0.992045
746 -1.05765 0.862677 1.101 0.393116 -0.636943 -0.0957757 0.612167 -0.484207
537 -0.726701 0.242608 1.80304 0.117848 -0.717202 -0.272046 1.31679 -0.730646
618 -0.797534 0.648533 1.28773 0.46516 -0.437975 -0.23903 0.714508 -0.765883
532 -0.842333 0.896051 0.951244 0.503272 -0.79106 -0.181558 1.10728 -1.01549
121 -0.387971 0.62287 0.946905 0.166158 -0.808423 -0.503202 0.904703 -0.887526
870 -0.678995 0.631067 1.06312 0.137719 -0.808192 -0.488925 1.07536 -1.0071
568 -0.492907 0.333014 1.41664 0.319223 -0.728331 -0.291189 0.952552 -0.581768
867 -0.39266 0.556456 1.35725 0.409913 -0.377669 -0.494142 1.16233 -1.19213
600 -0.864222 0.855011 0.738709 0.453906 -0.375152 -0.0681215 1.37836 -0.969191
352 -0.473561 0.548001 1.40058 -0.105411 -0.0926838 -0.0937214 1.10342 -1.13888
722 -0.576139 0.603862 0.948409 0.59685 -0.394953 -0.0326199 0.921042 -0.926295
390 -0.41281 0.787572 1.23788 0.757506 -0.62554 -0.546259 0.619743 -0.623615
801 -0.435043 0.607094 1.05003 0.407428 -0.307864 -0.418154 1.13471 -1.13816
234 -0.423051 0.60123 1.12134 0.422022 -0.318786 -0.421864 1.11947 -1.20116
68 -0.398214 0.596732 1.58902 0.585251 -0.80944 -0.757498 0.700621 -0.816871
607 -0.581915 0.760479 1.04032 0.537165 -0.362577 -0.260473 1.26817 -0.905762
648 -0.65798 0.679073 0.75751 0.426796 -0.39368 0.00610831 1.18386 -0.913839
836 -0.666224 0.637885 0.927865 0.0742203 -0.725295 -0.351395 1.15698 -1.00787
400 -0.635521 0.495125 1.1086 -0.050659 -0.828388 -0.387912 1.26639 -1.10082
803 -0.423473 0.656275 1.15915 0.299008 -0.180547 -0.390708 1.24001 -1.33929
485 -1.251 0.883377 1.1406 0.236444 -0.626799 0.0955573 0.72907 -0.612011
961 -0.585372 0.6763 1.40637 -0.0545452 -0.387311 -0.109714 1.11447 -1.04511
963 -0.729079 0.769921 0.964534 0.338839 -0.68055 -0.194037 1.10528 -0.899317
502 -0.531885 1.04633 0.79725 0.532888 -0.696503 -0.0635517 1.11374 -0.96838
772 -0.696616 0.506822 1.1401 0.0483532 -0.8473 -0.325037 1.23444 -0.937092
937 -0.641026 0.440735 1.06674 0.496328 -0.428467 -0.142993 0.877555 -1.07682
487 -1.32463 0.859243 1.14086 0.252756 -0.752169 0.0473803 0.733497 -0.628169
101 -0.556917 0.690132 1.21486 0.315382 -0.904896 -0.50509 1.02703 -1.079
892 -0.745488 0.757744 0.771941 0.493092 -0.287729 0.0456377 1.23785 -0.83826
270 -0.454714 0.483901 1.36817 -0.0860903 -0.291291 -0.127453 1.02378 -0.890426
198 -0.599991 0.652179 1.3266 -0.0923636 -0.316282 -0.114252 0.859336 -0.844671
