1000 8
487 -0.760274 -0.99225 -0.0276242 -0.0145214 0.56985 -0.697632 -1.27038 0.219384
726 -0.84454 -1.62756 -0.21583 -0.201519 1.15211 -1.08305 -1.66958 0.157702
706 -0.596505 -1.18295 0.476286 0.428365 0.584296 -1.1406 -1.53089 1.38264
31 -1.50663 -0.660686 -0.0960366 0.347758 0.651243 -0.540641 -1.09661 0.809143
380 -1.73012 -0.856603 0.0169 0.424187 0.940425 -0.529424 -1.24749 0.740407
940 -1.37253 -0.70215 -0.00182109 0.255005 0.645824 -0.475391 -1.15879 0.648007
57 -1.71342 -0.778482 -0.19093 0.290311 0.871706 -0.57296 -1.19493 0.938756
56 -1.96382 -0.547196 -0.0686384 0.38776 1.08383 -0.417218 -1.33402 0.942132
73 -1.43804 -0.54509 -0.0554776 0.278037 0.658196 -0.392721 -0.976546 0.637496
468 -0.883959 -1.4072 -0.283659 -0.173462 1.01478 -0.92371 -1.66809 0.401406
495 -1.26412 -1.00912 0.17955 0.262576 -0.11482 -0.717847 -1.18077 0.36041
371 -1.41229 -0.991976 0.23534 0.29903 -0.117226 -0.838463 -1.01022 0.299723
407 -1.1283 -1.01197 0.176078 0.230199 -0.243912 -0.715891 -1.16957 0.183164
635 -1.06955 -0.810243 0.0293403 0.33897 -0.0742254 -1.22329 -1.97007 -0.366116
762 -0.914382 -0.629339 0.0717565 0.133127 0.0956609 -0.920855 -1.50425 0.218134
228 -0.923851 -0.533154 0.101556 0.238914 0.114257 -1.09257 -1.90602 -0.0410233
218 -1.02616 -0.618021 -0.159464 0.226265 0.267341 -1.17203 -1.77346 -0.119197
913 -1.22954 -0.653486 0.0164094 0.229274 0.338777 -0.884837 -1.398 0.303512
865 -1.1148 -0.793657 0.0176523 0.228587 0.226275 -0.904866 -1.55313 0.209425
15 -1.10233 -0.650522 -0.0381168 0.3209 0.188368 -1.11274 -1.76734 -0.0983822
358 -0.758441 -0.424084 0.278861 -0.0245452 0.29296 -0.857007 -1.59878 0.458709
668 -0.75732 -0.447271 0.211671 -0.320704 0.374967 -1.5319 -1.68385 0.693079
674 -0.717254 -0.718586 0.0296367 -0.116505 0.458776 -1.08441 -1.37364 0.447755
992 -0.952018 -0.736384 0.113777 -0.0273148 0.270783 -1.08709 -1.49207 0.6929
492 -1.13163 -0.778861 0.131552 0.0429224 0.162094 -1.06489 -1.42194 0.519238
111 -1.00135 -0.547595 0.144237 -0.0233677 0.175059 -0.938922 -1.33374 0.515359
838 -0.850331 -0.631319 0.0137676 -0.124275 0.29983 -1.19552 -1.50804 0.571503
605 -0.924805 -0.518362 -0.062199 -0.0987039 0.152793 -1.03035 -1.50798 0.654751
997 -1.07277 -0.770528 0.336463 -0.0296071 0.170157 -1.12219 -1.49202 0.51328
925 -1.26734 -0.570124 -0.311195 -0.0826068 0.324461 -0.675877 -1.6139 0.83234
602 -1.25843 -0.580412 -0.231248 -0.0422752 0.292522 -0.759844 -1.59403 0.813274
603 -1.25192 -0.644669 -0.200275 -0.076543 0.18241 -0.862989 -1.63466 0.82869
433 -1.476 -0.340236 -0.75756 -0.278537 -0.126255 -0.849626 -2.01649 1.17774
606 -0.851291 -0.30887 -0.117935 -0.204736 -0.0458653 -0.648703 -1.56604 0.767054
595 -1.21852 -0.391444 -0.344748 -0.151078 0.102398 -0.649277 -1.79131 0.964725
891 -1.09711 -0.472903 -0.27367 -0.193064 0.0993364 -0.80653 -1.73817 0.798634
451 -0.868765 -0.522036 -0.447617 -0.27048 0.198323 -0.713103 -1.59472 0.672041
764 -0.801823 -0.364988 -0.0921793 -0.106034 0.0514576 -0.65574 -1.49918 0.657206
627 -1.15461 -0.431548 -0.373678 -0.221272 -0.182196 -0.778606 -1.76225 0.929853
832 -0.950828 -0.761158 0.129492 0.169251 0.290349 -0.886101 -1.40255 0.796118
577 -1.01099 -0.826702 -0.118334 0.156659 0.102536 -0.855661 -1.15243 0.617052
277 -1.10041 -1.29687 -0.569207 0.24093 -0.0787457 -1.62521 -1.12828 1.00954
887 -1.1887 -0.916149 -0.122511 0.222906 0.0550436 -1.07577 -1.27114 0.730969
411 -1.09978 -1.09261 -0.399675 0.111911 -0.0102595 -1.24806 -1.282 0.82797
285 -1.07167 -1.12417 -0.49044 0.277439 -0.104167 -1.34767 -1.11138 0.835872
273 -1.19585 -1.33548 -0.700799 0.444945 -0.210597 -1.72434 -1.24762 1.0063
410 -1.19307 -1.27997 -0.53218 0.368494 -0.0425683 -1.4159 -1.24516 1.14596
416 -1.0359 -0.958203 -0.069538 0.170916 0.123952 -1.01231 -1.09405 0.575154
269 -1.31643 -0.944198 0.373881 0.289255 -0.264949 -0.674519 -1.13064 0.187796
363 -1.46791 -1.17174 0.387485 0.295868 -0.167696 -0.836925 -1.27145 0.241195
80 -1.43203 -0.985276 0.85635 0.0657048 -0.219578 -0.0393443 -2.01253 0.814404
583 -1.15988 -0.749032 0.537256 0.130768 -0.0437781 -0.189287 -1.69992 0.680338
79 -1.67498 -1.2191 0.626857 -0.0323045 -0.37573 0.049217 -1.84429 0.934785
92 -1.19315 -0.809368 0.428745 0.0318934 -0.227282 -0.180426 -1.60696 0.539368
579 -1.47021 -0.983745 0.659953 0.0478636 -0.263266 -0.111208 -1.75685 0.678342
87 -1.57094 -1.0771 0.75445 0.180684 -0.175443 0.00107313 -1.75175 0.86462
102 -1.31242 -0.864712 0.567981 0.0579229 -0.211105 -0.120172 -1.48904 0.735277
880 -0.764145 -0.851842 0.263327 0.160607 0.444351 -0.933777 -1.54535 0.71442
174 -0.660396 -0.806671 0.476717 0.524051 0.655073 -0.858315 -1.58122 1.36317
637 -0.521918 -0.929666 0.396719 0.436539 0.35419 -0.963911 -1.59975 1.14173
630 -0.730311 -0.904997 0.166067 0.260239 0.158382 -0.829841 -1.33602 1.01747
727 -0.5331 -0.962674 0.471388 0.378058 0.615279 -0.953788 -1.66653 1.61119
695 -0.645824 -0.687122 0.672742 0.387767 0.596175 -0.923384 -1.64947 1.3524
718 -0.717006 -0.74955 0.340219 0.129971 0.382572 -0.89269 -1.5151 0.881532
705 -0.619779 -1.0502 0.576092 0.348958 0.510886 -0.909085 -1.71154 1.80791
716 -0.731276 -0.692797 0.169689 0.116602 0.258226 -0.776527 -1.40224 0.81527
834 -1.06764 -0.717696 0.391643 0.115614 0.0726828 -0.406622 -1.53652 0.624043
841 -1.36067 -0.844972 0.331151 0.0238072 0.11834 -0.329409 -1.66129 0.63987
835 -1.03377 -0.55051 0.392446 0.0881426 -0.0446858 -0.382315 -1.53539 0.510705
578 -1.20531 -1.08867 0.733798 0.0479659 0.0342527 -0.00681127 -1.83498 0.562313
836 -1.11543 -0.695688 0.406145 0.0811777 0.139935 -0.516782 -1.43809 0.653064
192 -1.17895 -0.816253 0.275424 0.139558 0.0693114 -0.524131 -1.48158 0.546007
975 -1.11119 -0.852992 0.321621 0.113376 0.0867931 -0.563804 -1.45008 0.573066
96 -1.18105 -0.973713 0.490757 0.140526 -0.0444002 -0.375015 -1.58252 0.673648
586 -1.13593 -0.826609 0.335435 0.103247 -0.111218 -0.436783 -1.4334 0.689841
765 -1.32618 -0.929375 0.333847 0.0822854 0.213873 -0.172575 -1.35137 0.553408
539 -1.44691 -0.745525 0.0379081 0.307546 0.936281 -0.523329 -1.31525 0.670299
5 -1.998 -0.743272 0.244405 0.370305 1.09442 -0.592781 -1.53112 0.962349
1 -2.18924 -0.765885 0.207964 0.575831 1.04892 -0.716857 -1.35701 1.09605
77 -1.39017 -0.61914 0.0929458 0.291071 0.600986 -0.542909 -1.18866 0.575769
23 -1.86162 -0.656342 0.1145 0.451962 1.02462 -0.526189 -1.30727 0.921696
0 -1.93022 -0.752105 0.205867 0.4441 1.15544 -0.599681 -1.44231 0.657172
8 -1.0028 -1.51825 -0.23367 -0.101332 0.952494 -1.19696 -1.403 0.201163
323 -0.770734 -1.13 -0.0474616 -0.190082 0.727167 -0.815135 -1.44116 0.109405
313 -0.82503 -1.33515 -0.243906 -0.404246 0.974912 -1.01033 -1.82025 0.0613824
319 -0.84912 -1.31142 -0.00622044 -0.200398 0.778869 -1.04435 -1.43799 0.125304
931 -1.17003 -0.823049 0.228034 0.0428169 0.0253082 -0.538892 -1.45222 0.580037
91 -1.14489 -0.800968 0.562582 0.0220261 -0.110976 -0.25177 -1.66054 0.551128
457 -1.04512 -0.680565 0.214537 -0.0146688 -0.0567876 -0.509592 -1.57852 0.679536
839 -1.16822 -0.731651 0.343261 -0.00511165 0.0289557 -0.688335 -1.37676 0.667702
856 -1.16288 -0.861605 0.645843 0.031087 -0.262357 -0.152029 -1.86007 0.768815
173 -1.03606 -0.250033 0.689626 0.0642082 0.15348 -0.57425 -2.20554 0.463132
680 -1.12662 -0.154199 0.766036 -0.000860629 0.520658 -0.708749 -2.24579 0.293069
28 -1.48681 -0.485644 0.144082 0.34396 0.850142 -0.453502 -1.21226 0.719581
10 -2.14381 -0.701548 0.221902 0.481155 0.980844 -0.311111 -1.37635 0.946089
48 -1.49004 -0.554824 -0.00832414 0.321062 0.708658 -0.549223 -1.22613 0.550339
4 -2.02807 -0.709522 -0.106392 0.376111 1.13273 -0.627296 -1.45479 0.955299
449 -1.10336 -0.403156 -0.281301 -0.146052 0.164412 -0.862132 -1.49412 0.842142
755 -0.862761 -0.537986 0.0541099 -0.150715 0.163005 -1.19001 -1.48723 0.611549
955 -1.02897 -0.705449 0.150856 0.0147892 0.135744 -1.04418 -1.4084 0.608711
993 -0.995056 -0.739145 0.0844569 -0.0785148 0.295547 -1.1959 -1.54412 0.687644
540 -1.00305 -0.544595 0.0201476 -0.0793126 0.374398 -0.989756 -1.4676 0.764718
434 -1.33019 -0.381308 -0.708581 -0.542052 -0.021088 -0.660798 -2.01556 1.13915
435 -1.37658 -0.483178 -0.657414 -0.349835 -0.167417 -0.727854 -1.89085 1.25398
243 -0.91884 -0.469305 -0.234724 -0.161847 0.179586 -0.846917 -1.39723 0.566879
455 -0.883123 -0.579631 -0.259208 -0.321055 0.266772 -0.921699 -1.54727 0.604761
986 -1.08976 -0.766409 -0.100071 -0.041979 0.172389 -0.949245 -1.5744 0.643917
671 -0.815444 -0.634771 0.217234 -0.148629 0.279031 -1.35085 -1.57293 0.758856
274 -0.97498 -0.540368 -0.00965606 -0.271113 0.393437 -1.68996 -1.37436 0.965593
599 -1.16549 -0.815059 0.159835 0.126255 -0.107953 -0.66926 -1.20855 0.28176
396 -1.63543 -1.1523 0.279437 0.368835 -0.0464004 -0.725838 -1.02332 0.290075
696 -0.797236 -1.22659 0.00679351 -0.193702 0.696916 -0.923923 -1.51011 0.0990792
882 -0.692072 -1.04696 -0.0279074 -0.147188 0.612319 -1.01054 -1.45487 0.186648
247 -1.0253 -1.65195 -0.168261 -0.252384 0.870507 -1.10199 -1.46418 0.0094089
482 -0.799002 -1.10091 -0.0849787 -0.0940841 0.591299 -0.918092 -1.32346 0.285066
309 -0.939935 -1.95448 -0.192922 -0.197889 0.864775 -0.853041 -1.77004 0.198806
478 -0.905069 -1.11137 0.0841692 -0.0243639 0.466918 -0.802523 -1.4172 0.263885
469 -1.2786 -1.02504 0.405009 0.216014 0.0689809 -0.300263 -1.55308 0.502762
66 -1.56076 -0.510179 0.122061 0.355741 0.63716 -0.353026 -1.1859 0.716676
51 -1.88693 -0.620391 -0.0390263 0.435001 0.897325 -0.601997 -1.3531 0.838079
129 -1.82536 -1.55655 0.588007 0.520695 -0.37194 -0.857142 -1.28712 0.368208
135 -1.7857 -1.51561 0.387986 0.417356 -0.346005 -1.06393 -1.37541 0.267314
238 -1.09634 -0.793994 0.161802 0.205607 0.0559449 -0.884618 -1.42685 0.0648609
207 -1.40349 -0.534456 -0.243758 0.641779 0.215648 -1.33908 -2.08396 -0.649519
210 -1.05659 -0.750099 -0.0169779 0.338372 0.0260467 -1.30766 -1.78952 -0.0938226
88 -1.01208 -0.719795 0.0932767 0.221861 0.091554 -1.18069 -1.95241 -0.00584223
815 -0.991059 -0.692845 0.0386178 0.0815635 0.150659 -0.804962 -1.44066 0.313443
592 -1.19563 -0.502422 -0.442167 -0.225984 0.0410814 -0.74929 -1.90082 0.917652
124 -1.12234 -0.742447 0.131542 0.0222206 0.0398387 -0.514938 -1.46301 0.572578
851 -0.740122 -0.572192 0.164989 -0.166557 0.258566 -1.15303 -1.58672 0.602398
759 -0.792989 -0.524771 0.228836 -0.215317 0.231047 -1.25707 -1.53898 0.711101
404 -0.848105 -0.753494 0.26874 -0.0244928 0.045053 -1.07391 -1.22837 0.543475
513 -0.763109 -0.496651 0.309503 -0.38816 0.403475 -1.83877 -1.68862 0.816772
532 -0.745599 -0.617261 0.143387 -0.137354 0.287481 -1.23182 -1.44462 0.70579
292 -1.20308 -0.911365 -0.261197 0.249729 0.0854943 -1.13531 -1.20464 0.92387
271 -1.18821 -1.28041 -0.699495 0.318689 -0.125249 -1.82814 -1.24271 1.13471
293 -0.884563 -0.93696 -0.364328 0.0556176 0.13215 -1.1209 -1.10099 0.549514
697 -0.980685 -0.42859 0.395895 0.0368951 0.390075 -0.633458 -1.68093 0.439706
852 -0.816749 -0.482446 0.31222 0.0442748 0.288891 -0.720352 -1.59828 0.27254
226 -0.929199 -0.604538 0.134956 0.256882 0.180913 -1.11972 -1.91147 -0.0557575
201 -0.819957 -0.449298 0.300003 0.0789018 0.203714 -0.703393 -1.63584 0.212043
126 -1.3071 -0.283379 0.803507 0.0609661 0.198181 -0.782795 -2.54893 0.255845
181 -0.972692 -0.333836 0.522076 0.0624255 0.286441 -0.675116 -2.09891 0.315891
189 -0.856803 -0.316042 0.711899 -0.0074552 0.149799 -0.733607 -2.14917 0.387058
168 -1.10394 -0.397138 0.712251 -0.0322921 0.703796 -0.817791 -2.48624 0.123879
746 -0.814585 -0.879652 0.0310563 -0.0945186 0.516851 -0.782677 -1.173 0.277952
890 -0.890997 -1.16465 -0.198965 -0.141175 0.608857 -1.10827 -1.43848 0.26925
284 -1.1498 -0.946983 -0.357753 0.291336 -0.19224 -1.24902 -1.176 0.946695
276 -1.02491 -1.11664 -0.597036 0.23226 0.0426013 -1.54799 -1.15673 0.839406
496 -1.18919 -0.953868 -0.338319 0.380807 0.144303 -1.33692 -1.17204 1.00018
291 -1.1734 -0.928271 -0.125122 0.170442 -0.0966272 -1.13633 -1.23672 0.805995
257 -1.31162 -0.938696 0.217911 0.175327 -0.141206 -0.723873 -1.20887 0.332006
258 -1.25726 -0.889229 0.389615 0.245819 -0.219251 -0.683814 -1.14329 0.236719
417 -1.12272 -0.937454 -0.259611 0.231413 -0.0979507 -1.14279 -1.09231 0.861179
498 -1.24432 -1.0468 -0.440759 0.257121 -0.099581 -1.25779 -1.09727 0.925549
421 -1.13517 -1.02881 -0.325996 0.278124 0.0267816 -1.15818 -1.1166 0.817019
294 -1.06846 -1.00963 -0.310833 0.178169 -0.0521506 -1.21293 -1.05999 0.799396
290 -1.12626 -1.02409 -0.355561 0.183329 -0.0941057 -1.29343 -1.156 0.739667
138 -1.63895 -1.37608 0.233816 0.369869 -0.143353 -0.902383 -0.966551 0.372168
483 -0.829933 -1.09444 -0.00205381 0.0211657 0.48556 -0.785769 -1.18972 0.205478
365 -1.78871 -1.37123 0.284958 0.408505 -0.303007 -0.825277 -1.14221 0.338414
406 -1.35456 -1.08213 0.297933 0.312921 -0.187323 -0.693532 -0.934645 0.30373
82 -1.90294 -1.70922 0.368304 0.401244 -0.161544 -0.939121 -1.17637 0.263417
741 -1.29981 -0.988001 0.250502 0.381901 -0.0935609 -0.613596 -0.855638 0.339443
397 -1.18093 -0.920588 0.433377 0.145995 -0.344558 -0.285838 -1.44269 0.508908
521 -1.24356 -0.884711 0.109042 0.11009 -0.131903 -0.90985 -1.12943 0.545435
361 -1.55092 -1.52211 0.251292 0.301592 -0.0724137 -0.903632 -1.11083 0.174714
981 -1.084 -0.890673 0.233393 0.143671 -0.0265732 -0.784416 -1.31145 0.39211
253 -1.54628 -1.16915 0.322855 0.308757 -0.216415 -0.638047 -1.11425 0.292465
127 -1.98786 -1.56965 0.421977 0.352275 -0.190528 -1.15213 -1.19943 0.322893
268 -1.3162 -1.03296 0.189094 0.300167 -0.181501 -0.771137 -1.01889 0.374973
13 -1.95119 -1.46652 0.337324 0.547194 -0.0555602 -0.894321 -1.00401 0.459989
514 -0.719531 -0.727963 0.244966 -0.371882 0.487757 -1.745 -1.63783 0.650529
50 -1.03748 -0.51033 0.515534 -0.27133 0.31383 -1.81106 -1.3464 0.937574
817 -0.984256 -1.17736 -0.0417548 -0.014087 0.454552 -1.11297 -1.45996 0.40353
819 -0.941539 -0.941903 0.113815 0.0273624 0.404492 -0.811915 -1.57324 0.283665
236 -0.887002 -0.741325 -0.0764398 0.165575 0.336846 -1.0219 -1.50909 -0.155414
230 -1.07059 -0.660189 0.0609829 0.270327 0.178347 -0.897203 -1.52214 0.00511014
134 -1.30854 -0.350169 -0.675203 -0.432317 -0.27168 -0.96529 -1.9254 0.98215
461 -1.33566 -0.793648 0.285733 0.209108 0.212169 -0.345528 -1.51887 0.624995
61 -1.31984 -0.816791 0.297788 0.0321669 0.0372009 -0.290062 -1.38846 0.642934
78 -1.48401 -0.538597 0.0383531 0.290655 0.674678 -0.557616 -1.06405 0.629834
63 -1.69369 -1.00029 0.136031 0.398353 -0.0947594 -0.605967 -0.862299 0.432081
125 -1.91117 -1.59133 0.349034 0.262369 -0.455681 -0.855903 -1.40107 0.259157
162 -1.15211 -0.928607 0.211672 0.269346 -0.164254 -0.715134 -1.05463 0.201132
116 -1.24739 -0.91218 0.411423 0.0942069 -0.265859 -0.295226 -1.31603 0.420577
152 -1.49064 -1.0782 0.333372 0.26654 -0.221509 -0.769485 -1.06456 0.257272
133 -1.70611 -1.51908 0.462795 0.343683 -0.132499 -0.966059 -1.22319 0.287665
212 -1.02677 -1.36897 0.127766 -0.0659811 0.711085 -1.01268 -1.57795 0.048359
312 -0.858364 -1.51645 -0.0230895 -0.203779 0.873913 -1.12258 -1.62174 -0.00909059
275 -0.980678 -1.48965 -0.397001 -0.258282 1.07859 -1.13122 -1.51175 0.238153
471 -0.849235 -1.3284 -0.172871 -0.107863 0.79884 -0.987232 -1.59607 -0.0329305
436 -1.17517 -0.528608 -0.604592 -0.491149 -0.0809997 -0.865058 -1.77601 1.10902
591 -1.36948 -0.269288 -0.711818 -0.346043 0.0313721 -0.738464 -1.81385 1.07221
924 -1.18618 -0.76641 0.343768 0.0663235 0.0655789 -0.44772 -1.56841 0.574907
240 -0.774921 -0.692851 0.157825 0.225717 0.18869 -0.96315 -1.39278 0.310128
636 -1.0265 -0.842349 0.0797232 0.166823 0.121616 -1.24663 -1.76902 -0.207846
208 -0.903435 -0.913708 -0.197517 0.300097 0.101544 -1.44472 -2.01683 -0.284927
395 -1.25876 -0.9872 0.139411 0.326563 -0.0364264 -1.17852 -1.77736 -0.00449919
650 -0.799972 -0.947866 -0.120272 -0.0793355 0.53159 -0.909611 -1.46615 0.210547
336 -0.957353 -1.13492 -0.0326123 -0.107518 0.630939 -0.895784 -1.31424 0.267039
648 -0.895673 -0.388441 -0.173221 -0.201547 0.00534132 -0.661185 -1.54967 0.570669
447 -1.05892 -0.490052 -0.272767 -0.181721 0.0748008 -0.746919 -1.65433 0.976927
169 -0.987165 -0.266509 0.826519 0.042749 0.392779 -0.883904 -2.65879 0.397834
351 -0.879419 -0.304191 0.60528 -0.0446514 0.232743 -0.659858 -1.96731 0.423507
339 -1.04085 -0.163005 0.641658 0.075614 0.379989 -0.679392 -2.26186 0.406552
863 -1.04118 -0.519407 0.388533 0.0873659 0.170031 -0.804481 -1.72078 0.420253
356 -0.960787 -0.651824 0.381897 0.0672502 0.252658 -0.804561 -1.75182 0.404117
221 -1.02697 -0.745865 0.0817931 0.201378 0.120895 -1.06858 -1.70068 0.218278
941 -0.845768 -0.557959 0.346854 0.163786 0.284871 -0.83444 -1.70228 0.600668
698 -0.809286 -0.185907 0.510202 0.0174834 0.352829 -0.87132 -2.19603 0.547725
184 -1.06624 -0.254568 0.545161 0.135544 0.396769 -0.562683 -1.90617 0.448547
178 -1.05563 -0.28106 0.721154 0.0655042 0.175286 -0.62993 -2.17341 0.515984
795 -0.920444 -0.34845 0.421851 -0.0124918 -0.0170364 -0.52842 -1.64333 0.422916
682 -0.987414 -0.358858 0.601656 -0.0153048 0.192191 -0.639694 -2.17039 0.463679
175 -1.00364 -0.279477 0.510034 0.0141237 0.253803 -0.694479 -2.30046 0.478318
301 -1.04736 -0.826204 -0.155572 0.1454 0.00748301 -0.942022 -1.20419 0.602251
413 -1.09232 -1.06179 -0.300472 0.148111 -0.156056 -1.15244 -1.1491 0.857195
248 -1.55052 -1.45998 0.162253 0.339531 -0.28859 -0.959134 -1.07624 0.280565
224 -1.11094 -0.692344 0.167577 0.341881 0.0406204 -1.19887 -1.7143 -0.0141617
964 -0.979046 -0.709665 0.210698 0.221665 0.0715062 -0.93239 -1.66889 0.186234
505 -0.97816 -0.798585 0.0436027 0.266083 -0.00619368 -0.949393 -1.47618 0.330162
974 -1.06058 -0.761709 0.0947345 0.125021 0.127834 -0.900984 -1.60755 0.229806
227 -1.05136 -0.687155 -0.0674869 0.220211 0.274285 -1.18544 -1.77476 0.0765323
616 -0.978395 -0.943866 0.0197486 -0.0208959 0.502247 -0.797613 -1.34094 0.278333
310 -0.971004 -1.41037 -0.156462 -0.425308 1.17863 -1.08612 -1.96918 0.26403
610 -0.889641 -1.30992 -0.163123 -0.145329 0.914638 -0.909492 -1.48565 0.235916
467 -0.876526 -1.55034 -0.0786904 -0.25808 1.15129 -0.827017 -1.71427 0.304707
480 -1.00706 -1.2865 -0.0775793 -0.00916575 0.421218 -0.91664 -1.23126 0.232844
611 -1.06962 -1.16034 -0.0187274 -0.0913563 0.664901 -1.05457 -1.64127 0.308429
305 -1.21317 -0.83955 -0.123152 0.222966 -0.0228398 -0.987326 -1.26968 0.8124
500 -1.10534 -0.798937 -0.287088 0.123423 -0.0104884 -1.07905 -1.31527 0.827315
423 -1.05706 -0.795685 -0.247611 0.0913275 -0.0410838 -1.07224 -1.31577 0.898318
574 -1.04171 -0.849833 -0.158715 0.203835 0.0914815 -1.01624 -1.1909 0.673481
509 -1.07538 -0.661234 -0.160719 0.10394 0.0140374 -0.974692 -1.27302 0.737968
180 -0.909928 -0.370039 0.367035 -0.117254 0.165426 -0.935631 -1.96633 0.534637
732 -1.03973 -0.633054 0.251576 0.172307 0.505931 -0.725484 -1.36066 0.968481
652 -0.719113 -0.719578 0.12776 0.153762 0.255432 -0.777393 -1.47414 1.20567
826 -0.672747 -0.982635 0.368706 0.399097 0.243962 -0.982281 -1.49898 1.13385
394 -0.742782 -1.25176 0.460376 0.357431 0.305303 -0.964171 -1.34233 1.27926
547 -0.750547 -0.762998 0.289254 0.274672 0.478176 -0.816234 -1.40991 1.01518
536 -0.940731 -1.37153 -0.280059 -0.197679 0.889445 -1.14659 -1.57074 0.247108
477 -0.786777 -1.10489 -0.102104 -0.0624625 0.537683 -0.728868 -1.27562 0.18826
86 -1.35096 -1.16569 0.547801 -0.0394423 -0.131345 -0.0811536 -1.71636 0.626863
93 -1.3698 -0.993672 0.470685 0.114591 -0.229375 -0.263451 -1.54362 0.607907
958 -1.11024 -0.773291 0.413279 0.183806 -0.0785083 -0.497009 -1.51279 0.506724
930 -1.30611 -0.964234 0.57034 0.115708 -0.149078 -0.259803 -1.63315 0.549945
780 -1.26557 -0.930238 0.67938 0.123772 -0.129231 -0.22489 -1.66193 0.562775
464 -1.40039 -0.534945 0.103439 0.28073 0.578542 -0.516282 -1.31318 0.688177
687 -1.07286 -0.52045 0.444865 0.0894028 0.359793 -0.722322 -1.74227 0.523382
193 -0.75549 -0.589808 0.325503 0.0596839 0.391523 -0.771794 -1.75083 0.509975
3 -2.36906 -0.778467 -0.122059 0.431921 1.18938 -0.666102 -1.59005 0.84475
9 -1.96957 -0.481533 -0.14274 0.441245 1.06863 -0.558022 -1.45769 0.949838
831 -0.724226 -1.0875 -0.0688971 -0.0621316 0.576332 -0.848015 -1.28623 0.437129
976 -0.952314 -1.28911 0.0083559 -0.0080157 0.584938 -1.01791 -1.50533 0.117518
821 -0.718112 -0.826617 0.0875605 -0.140642 0.580233 -0.845031 -1.64046 0.181194
681 -1.03522 -0.307202 0.73184 -0.0358024 0.280084 -0.883365 -2.44957 0.317336
348 -0.765882 -0.354355 0.43834 0.0167413 0.193744 -0.809907 -1.90264 0.472203
199 -0.818847 -0.321366 0.462391 0.0296745 0.177535 -0.670671 -1.80699 0.317893
683 -0.979816 -0.353621 0.685995 0.160294 0.272195 -0.741591 -2.18427 0.531177
712 -0.69275 -0.867561 0.29604 0.18724 0.475109 -0.836955 -1.50162 0.994726
211 -1.03907 -0.603355 -0.238238 0.352187 0.24742 -1.17773 -1.75716 -0.106143
84 -1.49918 -0.90768 0.662922 0.166325 -0.148636 -0.167462 -1.8283 0.54546
794 -0.946603 -0.933214 0.00948725 -0.0500054 0.539975 -0.74652 -1.42116 0.280221
847 -0.63391 -0.660307 0.316474 0.176602 0.261025 -0.813634 -1.37833 0.9549
985 -0.856572 -0.735503 0.247688 0.115799 0.277334 -0.882626 -1.68563 0.910775
828 -0.917957 -0.748409 0.195968 0.196229 0.379198 -0.889892 -1.2675 0.873153
942 -0.799088 -0.743857 0.0555121 0.0783558 0.382108 -0.874833 -1.4974 0.711228
322 -0.929244 -1.18926 -0.00462855 -0.137568 0.790445 -0.964135 -1.66286 0.229946
849 -0.970193 -1.10711 -0.0190721 -0.0711562 0.647393 -0.909214 -1.42218 0.232428
260 -1.31697 -1.0933 0.158334 0.308807 -0.16461 -0.788831 -0.953815 0.418124
561 -1.44681 -1.25573 0.111663 0.345543 -0.39795 -1.009 -1.07417 0.398616
67 -1.51034 -1.00468 0.272394 0.327819 0.0514281 -0.636823 -0.901445 0.433956
270 -0.950502 -0.5413 0.416846 0.0847781 0.107802 -0.670884 -1.53352 0.354227
971 -0.85541 -0.429609 0.57767 0.00358766 0.134415 -0.528162 -1.82368 0.483578
545 -1.35902 -0.866218 0.616452 0.0860535 0.00638353 -0.0553758 -1.62126 0.788775
244 -1.12493 -0.551758 -0.216664 -0.059918 0.00790643 -0.959459 -1.6321 0.422903
177 -0.983698 -0.227194 0.549332 0.00384779 0.161487 -0.693269 -2.14725 0.473394
19 -1.1494 -0.219743 0.708257 0.0284799 0.592508 -0.735277 -2.13066 0.388532
878 -0.941031 -0.362446 0.33864 0.0374968 0.139576 -0.77356 -1.77165 0.400189
609 -0.967586 -0.41565 -0.409632 -0.353965 0.240051 -0.894943 -1.72158 0.784395
466 -1.44539 -0.572948 0.0194117 0.293567 0.652362 -0.467931 -1.04362 0.58819
538 -1.63769 -0.680765 0.0545822 0.471712 0.841576 -0.443943 -1.08811 0.827645
548 -1.60578 -0.537607 -0.012348 0.218194 0.860042 -0.480355 -1.23647 0.778009
65 -1.59261 -0.616539 0.00281752 0.2936 0.68287 -0.482016 -1.14529 0.722199
18 -1.86031 -0.808249 -0.0163548 0.480557 0.83844 -0.62321 -1.20774 0.706361
44 -1.3895 -0.627875 0.0490681 0.229193 0.494244 -0.472017 -1.05175 0.611863
651 -0.66044 -0.819783 0.23068 0.231092 0.449949 -0.953227 -1.43311 1.38954
298 -0.921702 -0.782305 0.00312112 0.19798 0.200041 -0.863464 -1.06557 0.727178
318 -1.08307 -1.09316 -0.331164 0.132146 0.0559318 -1.27307 -1.2582 0.76875
308 -1.12572 -1.60249 -0.110667 -0.197034 1.20523 -0.967882 -1.69622 0.0285226
32 -1.51128 -0.885186 -0.0778483 0.23592 0.886629 -0.581404 -1.23973 0.582607
131 -0.91667 -1.65236 -0.0862657 -0.436231 1.0589 -1.17184 -1.93525 0.133441
156 -0.766724 -1.05051 -0.0145544 -0.107063 0.46519 -0.979207 -1.2494 0.205374
783 -1.17671 -0.78667 0.440832 0.133428 -0.136159 -0.32895 -1.60402 0.693485
562 -1.33813 -0.968879 0.359539 0.171873 -0.235485 -0.280023 -1.44451 0.560318
437 -0.930953 -0.426387 0.176711 -0.438998 0.0964186 -1.45694 -1.57317 0.840511
519 -0.892229 -0.504961 0.189947 -0.239769 0.294605 -1.409 -1.69956 0.739524
530 -0.952747 -0.604457 0.101488 -0.0354548 0.235328 -1.11095 -1.46658 0.638873
522 -0.765109 -0.567331 0.087119 -0.246061 0.34458 -1.32367 -1.53236 0.701093
885 -0.753471 -0.487276 0.165737 -0.064019 0.202075 -1.05979 -1.34784 0.481463
107 -1.17268 -0.873047 0.271929 0.0878581 -0.0976395 -0.522892 -1.41474 0.675846
114 -1.2775 -0.837414 0.31758 0.159898 0.13311 -0.50688 -1.49368 0.556688
420 -1.19529 -0.888448 0.235851 0.204907 -0.0750653 -0.602753 -1.47572 0.771796
792 -1.23872 -0.853447 0.264657 0.21071 -0.0318803 -0.588763 -1.45573 0.581929
844 -1.16377 -0.79874 0.289919 0.170478 0.0597027 -0.552288 -1.45357 0.592056
400 -1.31746 -0.901059 0.469525 0.257826 -0.304035 -0.407958 -1.52668 0.564559
926 -1.22116 -0.648124 -0.142689 -0.0587575 0.139727 -0.717575 -1.39291 0.683671
626 -1.11426 -0.594194 -0.647501 -0.30466 0.154668 -0.725691 -1.74633 0.934175
593 -1.13195 -0.6158 -0.476468 -0.18189 -0.0692217 -0.729764 -1.51235 0.952513
491 -1.16998 -0.514995 -0.237539 -0.138337 -0.00229553 -0.73638 -1.42442 0.641374
604 -1.08785 -0.575733 -0.340844 -0.152423 0.279538 -0.700279 -1.46706 0.75628
314 -0.808647 -1.43427 -0.0530897 -0.44677 0.856303 -0.886291 -1.67192 0.222848
472 -0.6592 -1.15131 -0.075252 -0.166969 0.708364 -0.900652 -1.42273 0.145591
553 -0.768193 -0.93632 -0.0361858 -0.140413 0.586663 -0.769877 -1.24922 0.250831
950 -0.961339 -0.735651 0.333672 0.203885 0.396312 -0.904653 -1.53889 0.870297
709 -0.60222 -0.79457 0.372054 0.266712 0.35884 -0.990634 -1.43053 1.21006
516 -0.626242 -0.76829 0.335779 0.177979 0.329241 -1.07289 -1.59878 1.26748
935 -0.885767 -0.893226 -0.0724249 -0.0615978 0.46457 -0.833253 -1.45555 0.408408
946 -0.811951 -0.942984 0.0852685 -0.0594074 0.582102 -0.807015 -1.38864 0.466893
479 -0.867213 -1.00635 0.00670464 -0.0765177 0.562078 -0.884037 -1.4204 0.204891
810 -1.51588 -0.792448 0.107172 0.288938 0.76744 -0.563567 -1.26455 0.637003
12 -2.07064 -0.710479 0.172094 0.516746 0.810834 -0.434716 -1.33006 0.933505
809 -1.39597 -0.654919 0.0895729 0.307386 0.677059 -0.45951 -1.09233 0.793957
543 -1.40302 -0.791544 0.0249433 0.208659 0.515497 -0.61798 -1.19474 0.634611
14 -1.68123 -0.647172 0.122054 0.41581 1.17192 -0.493042 -1.56585 0.659224
52 -1.8951 -0.664393 0.135469 0.429265 0.949764 -0.399556 -1.44354 0.820078
920 -1.22069 -0.609803 -0.0147588 0.125963 0.468196 -0.476946 -1.09806 0.597448
908 -0.840939 -0.789938 0.279577 0.0931418 0.318622 -0.810166 -1.42551 0.951239
707 -0.659773 -1.01638 0.37342 0.424423 0.651257 -1.0441 -1.40458 1.24435
657 -1.24687 -0.983284 0.235233 0.234035 0.0162162 -0.694707 -0.967519 0.4821
368 -1.38376 -1.03309 0.459589 0.277929 -0.11949 -0.72638 -1.11707 0.518288
398 -1.41606 -1.15465 0.356855 0.267346 -0.384112 -0.746739 -1.17466 0.362665
136 -1.39143 -1.25347 0.646978 0.144193 -0.356927 -0.185857 -1.71221 0.74749
321 -0.926104 -1.28322 -0.0173384 -0.091908 0.717916 -0.866932 -1.47523 0.160924
103 -0.813491 -0.920627 0.138867 -0.195892 0.520395 -0.889462 -1.51812 0.270569
113 -1.16246 -0.710966 0.376931 0.162402 0.172583 -0.366452 -1.41254 0.554083
6 -1.84407 -0.669274 0.0768533 0.430386 1.12638 -0.47814 -1.56681 0.785804
217 -1.1653 -0.718659 0.569689 0.321775 0.0631498 -0.212509 -1.63476 0.520389
608 -1.04954 -0.47334 -0.209379 -0.0542733 0.180801 -0.658264 -1.37952 0.699666
254 -1.2407 -0.697494 -0.0552093 0.0283642 0.0896629 -0.795167 -1.53717 0.770075
916 -1.31067 -0.609947 -0.26139 -0.059713 0.216092 -0.775207 -1.53186 0.834608
919 -1.33637 -0.517733 -0.45264 -0.106281 0.327362 -0.769785 -1.61434 1.03634
26 -1.47795 -0.613376 -0.162023 0.241909 0.643108 -0.618417 -1.34288 0.798698
2 -2.30239 -0.885967 0.0634777 0.492168 0.94045 -0.527804 -1.34032 0.82597
89 -1.47028 -0.83085 0.504754 0.175369 0.0397574 -0.167588 -1.55156 0.784087
782 -1.09254 -0.865255 0.600607 0.0430021 -0.111656 -0.27034 -1.54537 0.748542
729 -0.665581 -0.774272 0.219694 0.194826 0.345514 -0.969911 -1.44148 1.12257
54 -0.661499 -0.790363 0.518801 0.466243 0.538783 -0.839348 -1.39877 1.51246
735 -0.889642 -0.735462 0.181951 0.234189 0.340005 -0.954195 -1.43716 0.753677
846 -0.828737 -0.754639 0.195801 0.205772 0.298434 -0.906984 -1.44735 0.74815
904 -0.84129 -0.753052 0.377061 0.350585 0.644616 -0.867456 -1.46495 1.27
71 -1.49574 -0.531094 0.0984559 0.288111 0.564299 -0.487087 -1.12547 0.600893
21 -1.8213 -0.365016 -0.0617191 0.359698 0.879881 -0.516155 -1.43474 0.816968
619 -1.53994 -0.507447 -0.0868957 0.324765 0.704171 -0.35745 -1.08752 0.852467
460 -1.1002 -0.439272 -0.300994 -0.110055 0.18698 -0.621285 -1.48411 0.856085
147 -1.41234 -1.07184 0.353527 0.237487 -0.18395 -0.740282 -1.14276 0.0935386
566 -1.56445 -1.25759 0.159976 0.37285 -0.159813 -0.85792 -1.11277 0.375327
170 -1.03515 -0.434975 0.254815 0.343827 0.252652 -1.13561 -2.17362 -0.286305
799 -0.956904 -0.806435 0.0228497 0.0673705 0.116562 -0.925238 -1.65227 0.218194
912 -0.975958 -0.55995 0.191006 0.232436 0.135051 -0.960214 -1.71034 -0.0292253
37 -1.52554 -0.618122 -0.0450629 0.395622 0.671582 -0.423137 -1.10613 0.791004
30 -1.61627 -0.651515 -0.0356098 0.400456 0.817287 -0.555669 -1.1777 0.656892
128 -2.10848 -1.33658 0.495168 0.466744 -0.296785 -0.942152 -1.26383 0.25802
984 -1.26748 -0.85356 0.160125 0.241383 -0.124748 -0.681039 -1.15927 0.464421
402 -1.50674 -1.19927 0.342518 0.277612 -0.26831 -0.832424 -1.24418 0.381646
751 -1.42879 -1.08849 0.22518 0.221232 -0.119126 -0.680304 -1.31613 0.404807
962 -1.44848 -0.946283 0.327498 0.158939 -0.0736494 -0.64454 -1.42029 0.401307
206 -0.89849 -0.34321 0.539686 0.100576 0.16234 -0.661464 -1.83453 0.391657
923 -0.899165 -0.56431 0.335654 -0.0140229 0.472364 -0.798781 -1.84925 0.551435
350 -0.965727 -0.471154 0.330062 0.11244 0.306885 -0.663582 -1.69784 0.370808
972 -0.933134 -0.612627 0.287255 0.0726648 0.264464 -0.709866 -1.68322 0.545258
282 -1.35214 -0.885569 -0.294952 0.337866 0.101627 -1.15183 -1.14438 0.892044
297 -1.11625 -0.850027 -0.224558 0.153892 0.00734241 -0.971482 -1.15135 0.763107
596 -1.00708 -0.406437 -0.352131 -0.119892 0.0327271 -0.715481 -1.53813 0.839825
441 -1.11292 -0.326039 -0.380227 -0.258472 0.0733692 -0.859502 -1.64963 0.825828
349 -0.941162 -0.186697 0.390824 0.0884111 0.38918 -0.517715 -1.72229 0.409575
187 -0.915997 -0.462456 0.444782 -0.0325864 0.38906 -0.769159 -1.83401 0.416675
405 -1.0623 -0.607057 0.45197 0.155948 0.186694 -0.739234 -1.58225 0.443422
499 -1.01623 -0.724041 0.146536 0.0127096 -0.0500842 -0.745237 -1.35885 0.626018
429 -1.03961 -0.703259 0.0153987 0.219267 -0.100782 -0.99012 -1.27132 0.690487
418 -0.958513 -0.832219 -0.200287 0.254587 0.0338764 -1.10615 -1.17401 0.73661
453 -0.89496 -0.465256 -0.308762 -0.159752 0.119473 -0.91355 -1.43775 0.746814
265 -1.24849 -0.950767 0.235897 0.262179 -0.0606026 -0.632406 -1.09026 0.40357
34 -1.4648 -0.673365 0.0158078 0.354281 0.695984 -0.620079 -1.22044 0.66537
42 -1.4205 -0.625827 -0.110467 0.373373 0.642235 -0.634785 -1.09697 0.792326
766 -0.912639 -0.567064 0.118825 0.113009 0.0775039 -0.880921 -1.64534 0.11848
214 -1.12947 -0.632838 0.0784225 0.340283 0.323247 -1.09273 -1.81483 -0.0443637
295 -0.81691 -0.359517 0.211355 0.0735597 0.231442 -0.712075 -1.64752 0.542928
425 -1.07547 -0.933603 -0.188426 0.210573 -0.0903469 -0.996039 -1.03463 0.706107
278 -1.24084 -1.08001 -0.612178 0.155655 -0.205907 -1.34661 -1.17297 1.0542
693 -0.805939 -0.377913 0.448487 -0.00537806 0.237967 -0.718057 -1.87772 0.487017
340 -0.940639 -0.525323 0.566088 -0.0904891 0.52526 -0.821341 -2.37119 0.328196
862 -0.890115 -0.538099 0.361683 -0.0381911 0.321805 -0.686246 -1.94124 0.403922
700 -0.96329 -0.384699 0.457938 0.0927033 0.181681 -0.742089 -1.8265 0.44086
205 -0.94512 -0.372718 0.534195 0.0917488 0.175793 -0.594454 -1.81766 0.399924
346 -1.04546 -0.455199 0.466138 0.00254621 0.258114 -0.839451 -1.94266 0.52696
393 -1.32704 -0.677195 0.0437023 0.22169 0.593323 -0.630155 -1.20342 0.523528
625 -1.3264 -0.522373 -0.00834842 0.31048 0.671865 -0.53245 -1.17035 0.57106
355 -0.767618 -0.824682 0.0606211 -0.194158 0.48121 -0.849829 -1.52016 0.222262
171 -0.943307 -1.42741 0.0261795 -0.0817871 0.825975 -0.882408 -1.64385 -0.0527094
216 -1.1429 -0.782153 -0.0645672 0.207984 0.21667 -1.19249 -1.8307 -0.180549
209 -1.03958 -0.605026 -0.209933 0.286759 -0.0833485 -1.40286 -2.07899 -0.243643
802 -0.952424 -0.689304 0.024317 0.140234 0.176671 -0.931932 -1.60998 0.134823
262 -1.48679 -1.0495 0.247231 0.287048 -0.0567423 -0.772137 -1.20933 0.342466
359 -1.00672 -0.374237 0.547626 0.00193115 0.259871 -0.53245 -1.90845 0.408213
83 -1.38199 -0.980902 0.704338 0.0657325 -0.0546516 0.00113786 -1.78445 0.992597
788 -1.20947 -0.768016 0.247748 0.0914006 0.00569114 -0.47271 -1.29539 0.636716
85 -1.34037 -1.09256 0.504839 -0.171182 -0.138019 0.0496867 -1.76015 0.796767
43 -1.15098 -0.64786 0.365599 0.15247 0.185286 -0.222267 -1.21828 0.601895
121 -1.16864 -0.755862 0.328545 0.134 0.11628 -0.392822 -1.31146 0.544791
845 -0.759325 -0.832668 0.233715 0.22852 0.293609 -0.87129 -1.49068 1.03154
959 -1.00503 -0.820395 0.156005 0.207275 0.244299 -0.920117 -1.41585 0.799141
719 -0.86926 -0.688586 0.137618 0.11177 0.275706 -0.838525 -1.50305 0.890075
907 -0.783738 -0.816524 0.176345 0.137049 0.256836 -0.77035 -1.25052 0.762703
977 -1.0627 -0.811438 0.0755093 -0.0247603 0.437871 -0.825579 -1.46482 0.367885
317 -0.802353 -1.41326 -0.170597 -0.269712 0.958687 -1.11964 -1.64157 0.038401
486 -0.787093 -1.17092 -0.166418 -0.0931121 0.573766 -0.875815 -1.40103 0.227657
829 -1.19903 -0.828765 0.367327 0.205923 0.0267079 -0.51251 -1.40594 0.705033
580 -1.3434 -0.815957 0.680287 0.178922 -0.1755 -0.381108 -1.55786 0.634009
796 -1.07019 -0.711642 0.426347 0.0384868 -0.0580604 -0.284471 -1.44852 0.514083
331 -0.858217 -1.00159 0.0125321 -0.0718725 0.641866 -0.807938 -1.35116 0.213267
334 -0.794851 -0.888724 0.00276364 -0.0887777 0.47545 -0.805982 -1.39586 0.267217
775 -0.801624 -0.9255 -0.00698879 -0.0748832 0.515991 -0.751809 -1.31219 0.246782
324 -0.880404 -1.10688 -0.113271 -0.134486 0.634842 -0.886827 -1.31257 0.230861
337 -0.858458 -1.13087 -0.0487207 -0.126057 0.580539 -0.844655 -1.44357 0.182653
640 -0.975191 -0.730339 -0.0425637 0.10501 0.237874 -0.994861 -1.73276 0.0132179
814 -1.07526 -0.633935 0.139558 0.112333 0.251775 -0.959376 -1.52951 0.217504
502 -1.00116 -0.651559 -0.0854249 0.0561011 0.107823 -0.893064 -1.36775 0.659037
633 -0.855844 -0.429101 -0.237771 -0.108595 0.0521504 -0.761119 -1.46782 0.658273
17 -1.88369 -0.689415 0.0660539 0.291835 0.940515 -0.545985 -1.21745 0.840789
533 -0.712506 -0.509281 0.174278 -0.212044 0.318368 -1.29276 -1.50308 0.71688
662 -0.858924 -0.603067 0.213422 -0.456026 0.351309 -1.95316 -1.70802 1.05841
666 -0.842153 -0.508527 0.0979247 -0.208599 0.217172 -1.38001 -1.66522 0.739538
837 -0.879154 -0.62786 0.261278 -0.123469 0.179011 -1.22741 -1.48945 0.691797
664 -0.836768 -0.510598 0.154851 -0.249205 0.483086 -1.36081 -1.70879 0.773978
873 -0.866356 -0.879868 0.0497679 -0.0640168 0.56327 -0.891118 -1.48933 0.288883
552 -0.855916 -1.10192 0.00660236 -0.224692 0.793963 -1.06755 -1.56068 0.122894
876 -1.0371 -0.560265 0.426705 0.0332461 0.143026 -0.854648 -1.69513 0.426519
364 -1.6966 -1.34519 0.491279 0.399623 -0.348179 -0.818018 -1.16272 0.179126
81 -1.99634 -1.6902 0.47171 0.344686 -0.191049 -0.659916 -1.3132 0.123177
130 -2.05926 -1.3857 0.439943 0.430417 -0.179115 -1.04908 -1.10179 0.397638
715 -0.750028 -0.713485 0.113587 0.129858 0.2713 -0.775337 -1.4639 1.07118
850 -0.981579 -1.13375 0.0105729 -0.0534709 0.470682 -0.85122 -1.43601 0.280447
222 -0.868602 -1.28529 -0.273239 -0.129417 0.760283 -0.970638 -1.40668 0.213088
557 -0.739252 -1.08301 -0.228594 -0.207964 0.738405 -0.874625 -1.2997 0.178842
384 -1.43252 -0.748465 -0.0840856 0.176781 0.914994 -0.671111 -1.17477 0.670845
584 -1.12824 -0.816871 0.357264 0.086241 0.0702269 -0.343607 -1.53078 0.54859
424 -1.0517 -0.87499 -0.00646533 0.206323 -0.0554551 -0.919419 -1.22728 0.826984
272 -1.22972 -1.00993 -0.657113 0.309605 -0.0628093 -1.67187 -1.28996 0.993257
512 -0.899794 -0.796974 -0.221439 0.183203 -0.00762132 -1.03909 -1.19418 0.693153
90 -1.229 -0.839169 0.536615 0.0767341 0.0440893 -0.241484 -1.71639 0.540478
689 -0.676899 -0.32618 0.629608 0.0568667 0.244715 -0.68935 -1.93507 0.358865
188 -1.00211 -0.647961 0.488817 0.0439046 0.164535 -0.69305 -1.7327 0.12337
703 -0.964518 -0.628152 0.395748 0.103042 0.217034 -0.775387 -1.71656 0.367161
910 -0.918071 -0.472415 0.247037 0.0225554 0.22764 -0.791757 -1.55987 0.513864
172 -0.974186 -0.323857 0.575848 -0.0785585 0.0338515 -0.59675 -2.08262 0.47378
723 -0.713658 -0.839031 0.339044 0.219443 0.076394 -0.792323 -1.30654 0.840736
399 -1.4244 -1.2942 0.372665 0.307005 -0.25226 -0.757556 -1.18196 0.231647
861 -0.932179 -0.552125 0.372791 0.0724068 0.0317193 -0.623272 -1.52794 0.393233
190 -0.953717 -0.188974 0.628297 0.0584561 0.326494 -0.643599 -2.18181 0.420547
7 -1.05477 -0.336924 0.761853 0.0500019 0.73875 -0.620547 -2.46789 0.397
185 -0.955626 -0.337652 0.345252 0.016435 0.123157 -0.591385 -1.85723 0.457201
382 -1.52813 -0.758188 -0.0515646 0.247615 0.853585 -0.618252 -1.10114 0.723622
25 -1.72402 -0.626942 0.019802 0.463968 0.827215 -0.482813 -1.27736 0.700557
108 -1.02806 -0.889345 0.478182 0.0775198 0.0886025 -0.536994 -1.56623 0.791974
937 -0.749483 -0.701262 0.270101 0.111055 0.357495 -0.872578 -1.52109 0.850567
960 -0.864403 -0.862456 0.169103 0.127205 0.312247 -0.855461 -1.42887 0.713032
825 -0.831973 -1.00914 0.412527 0.318601 0.420117 -1.0491 -1.51437 1.06767
119 -1.2365 -0.857151 0.328322 0.168517 -0.175504 -0.429277 -1.24515 0.518041
895 -1.16644 -0.780761 0.279637 0.0853194 0.105103 -0.551671 -1.37526 0.616103
939 -1.37212 -0.722752 0.0562899 0.278131 0.52067 -0.658335 -1.21717 0.647888
898 -0.861311 -1.19508 -0.199733 -0.0816941 0.815611 -0.821334 -1.27367 0.220294
473 -0.815443 -1.29316 -0.295197 -0.0769762 0.740031 -1.13631 -1.41585 0.329962
315 -0.85167 -1.54399 -0.119861 -0.134239 1.09411 -1.06142 -1.50357 0.138466
485 -0.812422 -1.05293 -0.126391 -0.0370744 0.612613 -0.859911 -1.43124 0.261489
818 -0.939005 -1.0648 -0.108362 -0.00557323 0.474348 -0.938661 -1.322 0.339092
11 -0.988372 -1.64215 -0.112535 -0.0953324 1.16607 -1.07921 -1.60931 0.135932
389 -1.02059 -0.913156 -0.0855335 0.0875636 0.700642 -0.766991 -1.18004 0.367577
999 -1.23446 -0.758121 0.0989125 0.141263 0.450535 -0.731013 -1.43621 0.553225
311 -1.03105 -1.59617 -0.0856865 -0.316559 0.990685 -1.01898 -1.75712 -0.0493647
470 -0.870962 -1.41581 -0.222883 -0.0820044 0.737407 -0.935086 -1.36652 0.155181
144 -1.52073 -1.49083 0.264077 0.320421 -0.422281 -0.855193 -1.11826 0.164993
132 -1.96336 -1.68588 0.330345 0.37691 -0.369154 -0.989946 -1.3389 0.14928
145 -1.44642 -1.20408 0.212006 0.356965 -0.319983 -0.789732 -1.15331 0.129873
866 -1.08783 -0.750862 0.0468467 0.197816 0.318539 -0.949522 -1.62177 0.347022
241 -0.943101 -0.649514 0.0979153 0.225877 0.24393 -1.02166 -1.62405 0.110654
357 -1.06076 -0.53095 0.545003 0.0583233 0.0522747 -0.614495 -1.60455 0.303865
827 -0.725001 -0.97801 0.28897 0.217004 0.46311 -0.979818 -1.45457 0.877023
711 -0.761562 -0.859243 0.247193 0.206991 0.320193 -0.755431 -1.40157 1.09211
730 -0.817827 -0.693568 0.143108 0.217978 0.341609 -0.733983 -1.35788 1.13073
820 -1.25816 -0.903167 0.204653 0.229115 -0.16072 -0.817643 -1.05646 0.412491
884 -0.93927 -1.01483 0.0288795 -0.14183 0.453492 -0.999996 -1.46251 0.310768
231 -0.969536 -0.701183 0.0633902 0.124996 0.271069 -0.963734 -1.52393 0.0739823
956 -1.02456 -0.748545 0.111655 0.0780721 0.173958 -0.86462 -1.41706 0.317333
881 -1.13186 -0.748579 0.0830936 0.190357 0.216613 -1.01881 -1.55683 0.250218
768 -0.988711 -0.66264 0.0175799 0.135867 0.148945 -0.889414 -1.66811 0.19077
237 -1.15788 -0.71786 0.00536921 0.326421 0.479101 -0.961329 -1.52938 0.195184
982 -1.03572 -0.705374 0.146982 0.221849 0.227526 -0.951357 -1.66468 0.0898659
390 -1.49601 -0.493248 -0.107675 0.238102 0.759262 -0.45789 -1.09952 0.8103
737 -0.709357 -0.658489 0.200453 0.137616 0.315299 -0.978186 -1.2994 0.740464
708 -0.623641 -1.02816 0.504066 0.272589 0.474023 -0.888356 -1.62806 1.42179
710 -0.723321 -0.900622 0.461263 0.223459 0.337391 -0.830726 -1.62337 1.14642
944 -0.825877 -0.70507 0.253014 0.282452 0.46554 -0.829239 -1.42068 0.988301
549 -0.978586 -0.665679 0.273786 0.182316 0.482349 -0.717613 -1.35395 0.838682
219 -1.00599 -0.75207 -0.0995297 0.191273 0.14431 -1.29085 -1.83644 -0.246973
182 -1.02331 -0.261148 0.415222 0.113693 0.19161 -0.835445 -2.08577 0.300355
69 -1.00586 -0.645704 -0.146434 0.253995 0.0482378 -0.925497 -1.08321 0.729342
758 -0.804375 -0.54516 0.0981165 -0.151983 0.283275 -1.29388 -1.4947 0.614094
995 -1.05546 -0.68693 0.160395 -0.0855766 0.320431 -1.10942 -1.67472 0.671531
607 -0.995749 -0.559453 -0.126114 -0.142118 0.0882716 -0.729586 -1.51178 0.749324
432 -1.47737 -0.369601 -0.939131 -0.622156 0.111508 -0.88909 -2.14135 1.14799
440 -1.2537 -0.402615 -0.716649 -0.366837 0.148588 -0.823204 -1.70777 1.08957
444 -1.06695 -0.474192 -0.491232 -0.288275 0.0353403 -0.825578 -1.64471 0.973732
106 -1.59368 -1.06276 0.329464 0.297498 -0.0896908 -0.575754 -1.16596 0.36223
252 -1.63837 -1.28369 0.283788 0.214488 -0.0263048 -0.619477 -1.23471 0.317946
949 -1.19267 -0.796909 0.315481 0.101226 0.163251 -0.465834 -1.43842 0.622351
781 -1.22833 -0.864747 0.541836 0.0488824 -0.175141 -0.223413 -1.67627 0.737892
858 -0.882351 -0.91148 0.0780581 -0.0307076 0.366886 -0.645837 -1.55024 0.430671
329 -0.926907 -1.13428 -0.155996 -0.090492 0.711057 -0.835421 -1.35964 0.322023
875 -0.962652 -0.454107 0.373282 0.0555333 0.211204 -0.691108 -1.81537 0.526753
167 -0.873387 -0.884255 0.263772 0.314476 0.0756659 -0.699316 -1.18881 0.69716
22 -1.80872 -0.694337 -0.130063 0.355991 0.860738 -0.614639 -1.2369 0.928874
60 -1.51034 -0.635747 0.036263 0.302067 0.767765 -0.589534 -1.11493 0.725976
534 -0.787335 -0.593614 0.185959 -0.0992022 0.282794 -1.07608 -1.39701 0.557618
55 -2.0977 -0.705817 0.0170305 0.463391 0.855525 -0.514628 -1.18468 0.819138
537 -1.58523 -1.13599 0.281011 0.202745 -0.144304 -0.741857 -1.23645 0.328599
163 -1.23119 -0.931942 0.241389 0.15507 -0.0998225 -0.596716 -1.07026 0.328379
75 -1.60904 -0.954902 0.200552 0.337516 0.0571422 -0.523133 -0.861136 0.345693
255 -1.25281 -0.933556 -0.177723 0.302502 -0.0780369 -0.968526 -0.834778 0.658707
261 -1.39281 -1.02964 0.133204 0.308061 -0.19036 -0.784015 -1.21093 0.230901
917 -1.31039 -0.648983 0.0439724 0.266095 0.581328 -0.56235 -1.10047 0.697304
778 -0.780627 -0.968205 -0.210917 -0.26374 0.633317 -0.839872 -1.36182 0.176276
333 -0.807007 -1.13772 -0.118486 -0.114987 0.561837 -0.940371 -1.22829 0.156755
612 -1.0621 -1.19597 -0.029066 0.024188 0.582888 -0.825242 -1.2831 0.28977
148 -1.60438 -1.30132 0.266678 0.380671 -0.378511 -0.662143 -1.17801 0.155661
445 -1.20006 -0.499247 -0.454287 -0.179598 0.0459568 -0.626867 -1.42425 0.872885
575 -0.985834 -0.804289 -0.0524554 0.229616 -0.054819 -0.932695 -1.07744 0.609641
659 -1.44771 -1.05547 0.216683 0.387317 -0.227196 -0.696025 -1.02946 0.37892
656 -1.59348 -1.30694 0.39107 0.271306 -0.328618 -0.737614 -1.21972 0.183271
987 -1.38258 -1.02939 0.250505 0.242175 -0.260523 -0.65747 -1.09874 0.239241
490 -1.55237 -1.22382 0.120739 0.258507 -0.383367 -0.849549 -1.07033 0.569178
739 -1.61293 -1.3438 0.309755 0.379209 -0.291604 -0.825611 -1.05361 0.349241
137 -1.76836 -1.44603 0.286864 0.414283 -0.0701353 -0.904518 -0.969135 0.341615
157 -1.33694 -0.924141 0.129082 0.190596 0.0254253 -0.730604 -1.18522 0.290048
366 -1.6302 -1.14599 0.40182 0.351093 -0.268337 -0.735326 -1.21661 0.239252
462 -1.08284 -0.732367 -0.169024 0.244726 0.168234 -0.811383 -1.06627 0.761866
463 -1.39713 -0.670929 0.0480558 0.31175 0.651787 -0.379913 -1.14028 0.7405
53 -1.96231 -0.782772 0.162196 0.500498 0.827532 -0.462371 -1.16573 0.784457
367 -1.70942 -1.21634 0.347268 0.407668 -0.0993761 -0.670341 -1.02621 0.317569
146 -1.5918 -1.22126 0.246519 0.43981 -0.153984 -0.670772 -1.00877 0.30455
97 -1.18345 -0.932527 0.424842 0.103937 -0.123655 -0.179924 -1.45491 0.562156
601 -1.22533 -0.676951 -0.165754 -0.0533606 0.178524 -0.66271 -1.35455 0.782273
122 -1.12609 -0.554774 -0.168243 -0.109393 -0.0812999 -0.462555 -1.47005 0.812306
362 -1.37585 -0.425165 -0.619574 -0.301236 -0.104309 -0.782944 -1.59042 1.01899
869 -0.771684 -0.963064 -0.129816 -0.121508 0.617593 -0.798387 -1.24312 0.312223
857 -1.05734 -0.891905 0.320563 -0.0580294 0.0561513 -0.465751 -1.57262 0.576966
996 -1.14872 -0.791725 0.132593 0.0199983 0.0812523 -0.697214 -1.53036 0.630774
139 -1.55888 -1.33068 0.243673 0.374219 -0.148828 -0.804767 -1.11631 0.208381
736 -0.909991 -0.799557 0.177658 0.143556 0.231939 -0.795953 -1.48354 0.801286
234 -0.970266 -0.727816 0.0465226 0.201168 0.134402 -1.0873 -1.65963 0.0186473
914 -1.03576 -0.737475 0.0879423 0.142044 0.254379 -0.870894 -1.46023 0.122873
372 -1.53787 -1.10513 0.310947 0.326062 0.0264152 -0.730422 -1.25365 0.496783
843 -1.26363 -0.927508 0.410318 0.137128 -0.0670761 -0.429579 -1.47798 0.526621
772 -1.30005 -1.03689 0.577797 0.236535 -0.242268 -0.440801 -1.57467 0.495123
690 -1.06013 -0.320211 0.388913 0.0734063 0.334333 -0.667991 -1.73805 0.534872
377 -1.01537 -0.76686 0.209957 0.0126769 0.162225 -1.00595 -1.37607 0.558671
387 -1.72024 -0.497362 -0.0751796 0.455059 0.895363 -0.522142 -1.17251 0.669992
647 -0.916201 -0.790928 0.0361871 0.160245 0.114033 -0.921061 -1.47532 0.151318
112 -0.931054 -0.831209 0.543653 0.0994869 -0.0329349 -0.221723 -1.49216 0.771707
725 -1.13128 -0.79264 0.407858 0.0999694 0.0526668 -0.669451 -1.43252 0.704184
673 -0.95331 -0.72992 0.371132 -0.0209228 0.0824656 -0.963991 -1.59239 0.818191
787 -1.13514 -0.743774 0.418424 0.0127989 0.0824364 -0.574902 -1.55783 0.55726
117 -1.19706 -0.931561 0.42557 0.068528 -0.20114 -0.250748 -1.38809 0.435874
474 -0.782198 -1.20348 -0.114638 -0.17289 0.800157 -0.988518 -1.55215 0.162407
412 -1.14599 -0.978756 0.651872 0.101236 -0.280691 -0.265244 -1.50827 0.79739
176 -0.948404 -0.344402 0.603966 0.00136203 0.0822928 -0.665409 -2.00687 0.434136
183 -0.925173 -0.319874 0.449355 0.112259 0.152662 -0.741371 -1.87784 0.50765
943 -0.913977 -0.743282 0.16268 0.143163 0.269111 -0.753535 -1.34548 0.771426
33 -0.980331 -0.727584 0.191686 0.291333 0.499175 -0.692395 -1.28317 0.954077
316 -0.887284 -1.52926 -0.143162 -0.241594 0.975183 -0.987942 -1.49523 0.0804546
702 -0.95867 -0.570837 0.202669 0.165785 0.170024 -0.847418 -1.65145 0.198108
713 -1.09908 -0.920056 0.281646 0.171744 0.342 -0.814136 -1.58986 0.928516
667 -0.595219 -0.815458 0.310626 0.263743 0.439217 -1.10444 -1.5153 1.19865
643 -0.719307 -0.826062 0.193148 0.258168 0.368442 -0.814633 -1.37943 0.673866
728 -0.456187 -0.861965 0.410737 0.32224 0.463845 -1.00443 -1.51206 1.42507
886 -0.988445 -0.799835 -0.112722 0.170881 0.164892 -1.05831 -1.31696 0.661419
198 -0.790026 -0.490194 0.2943 0.0124159 0.27963 -0.712278 -1.61382 0.421242
928 -1.13006 -0.529731 0.325357 0.0781686 0.316284 -0.743209 -1.77357 0.512301
29 -1.52818 -0.656097 -0.000720569 0.270443 0.659382 -0.685668 -1.17631 0.727944
251 -1.65757 -1.22431 0.335589 0.45918 -0.10806 -0.73246 -1.01758 0.284496
897 -1.18542 -0.956744 -0.264708 0.177854 -0.0319128 -1.19128 -1.15781 0.810377
927 -0.925849 -0.782005 -0.0578544 0.154162 0.0314512 -0.83457 -1.06331 0.622899
235 -1.06855 -0.570815 0.126488 0.156278 0.11566 -0.798149 -1.60531 0.208547
246 -0.966068 -0.660031 -0.136111 0.104122 0.216459 -0.862094 -1.51179 0.315552
645 -0.919417 -0.83023 0.00258894 0.07187 0.223503 -0.871173 -1.54736 0.259973
446 -1.04292 -0.670833 -0.208734 0.134808 0.217668 -0.948262 -1.78524 0.284442
239 -1.03331 -0.680705 -0.0117847 0.137539 -0.00219113 -0.920698 -1.76605 0.126769
385 -1.51709 -0.705971 0.0651046 0.382782 0.754189 -0.475503 -1.06181 0.691106
618 -0.934202 -0.92278 0.000706308 0.0262802 0.737936 -0.791786 -1.35177 0.373857
742 -1.13551 -1.11603 0.0413847 0.0766229 0.320896 -0.841057 -1.17895 0.202448
544 -1.42112 -0.638108 0.0307033 0.26758 0.656465 -0.636121 -1.20547 0.705469
430 -1.1673 -0.839583 -0.274737 0.333308 0.131538 -1.01956 -0.986468 0.839197
951 -1.08654 -0.917128 -0.105077 0.241507 0.126559 -1.02934 -1.24384 0.728445
531 -0.674149 -0.408697 0.0528509 -0.143784 0.214425 -1.15947 -1.36254 0.687142
381 -0.835167 -0.48028 0.237895 -0.169112 0.483208 -1.51912 -1.40131 0.785359
824 -0.747479 -0.941027 -0.112715 -0.174932 0.596353 -0.78213 -1.27541 0.191753
551 -0.917217 -1.47029 -0.194582 -0.334155 0.93567 -1.10374 -1.53452 0.223683
899 -1.03607 -1.10859 0.0591656 -0.0903538 0.621624 -0.813728 -1.49297 0.305329
628 -1.1653 -0.540773 -0.577318 -0.124979 0.0769087 -0.812452 -1.59262 1.10442
629 -1.19336 -0.317563 -0.403435 -0.0591987 0.356003 -0.655434 -1.53625 0.81948
701 -1.04784 -0.375832 0.340647 0.131172 0.463367 -0.587121 -1.63288 0.557797
16 -1.93084 -0.640177 0.0435017 0.461263 0.899311 -0.420337 -1.31412 0.87507
515 -0.845329 -0.533025 0.231926 -0.347498 0.369068 -1.62106 -1.6789 0.716379
938 -1.0686 -0.748173 0.25315 0.0144347 0.0151847 -0.454801 -1.38149 0.496328
806 -1.10425 -0.795649 0.217012 0.143573 0.17352 -0.583061 -1.27895 0.583187
95 -1.11674 -0.880169 0.342363 0.0386841 -0.277772 -0.363664 -1.44186 0.646264
582 -1.18158 -0.869123 0.386289 0.133838 -0.0727235 -0.331331 -1.57518 0.487737
523 -0.794444 -0.5755 0.0947471 -0.065886 0.189866 -1.13369 -1.55729 0.616496
527 -0.985376 -0.672656 0.165468 -0.0453773 0.293093 -1.19188 -1.64533 0.63716
64 -0.90826 -0.467848 0.175446 -0.0866433 0.505285 -1.08706 -1.3922 0.685217
597 -1.07782 -0.500345 -0.31632 -0.0779729 0.147433 -0.716818 -1.5137 0.84309
456 -0.871381 -0.62007 -0.196928 -0.214221 0.343597 -0.796863 -1.44786 0.62452
598 -1.02061 -0.648722 -0.131559 -0.163703 0.240842 -0.87737 -1.49562 0.647942
563 -1.51693 -1.25409 0.277825 0.38699 -0.170429 -0.774481 -1.07491 0.342716
740 -1.44213 -1.00354 0.372844 0.301146 -0.284981 -0.751347 -1.24682 0.256858
909 -1.01283 -0.305164 0.554548 0.0397954 0.128216 -0.717775 -2.17741 0.565732
733 -0.794854 -0.944357 0.31348 0.203642 0.191749 -0.803633 -1.38065 0.901554
518 -0.456475 -0.934606 0.332491 0.235973 0.52012 -0.988225 -1.41129 1.27666
905 -0.785223 -0.943619 0.301961 0.166893 0.403087 -0.943482 -1.52757 1.01018
790 -1.36325 -1.04226 0.453754 0.0467436 -0.193008 -0.191128 -1.49554 0.544335
800 -0.985779 -0.720502 0.100122 0.183351 0.00334688 -0.98792 -1.56711 -0.0292898
232 -1.07083 -0.738716 0.000906688 0.265 0.299735 -1.05656 -1.51204 0.0624709
642 -0.97173 -0.753385 -0.0163742 0.213891 0.248361 -0.952092 -1.59909 0.100456
475 -0.757428 -1.2398 -0.199552 -0.146125 0.711787 -0.89631 -1.31724 0.194134
332 -0.694773 -1.26334 -0.171698 -0.224547 0.853154 -0.943522 -1.36211 0.185964
443 -0.994261 -0.435064 -0.363295 -0.300893 -0.0209824 -0.802065 -1.61042 0.857044
594 -1.25673 -0.407277 -0.354714 -0.238054 -0.0285647 -0.702779 -1.59131 0.854825
223 -1.09982 -0.683338 -8.76808e-05 0.267161 0.254304 -0.866033 -1.61765 -0.0699163
197 -0.860711 -0.373434 0.622854 0.0124526 0.101421 -0.612714 -1.8066 0.360392
859 -1.04166 -0.518179 0.598012 0.0402769 0.214279 -0.61257 -1.98229 0.386941
807 -0.997035 -0.627021 0.382251 0.0845015 0.172533 -0.622565 -1.51761 0.443324
600 -1.0979 -0.490462 -0.112307 -0.14407 -0.0431915 -0.594283 -1.60637 0.811007
143 -1.35327 -1.09657 0.420206 0.243711 -0.257083 -0.718248 -1.27587 0.146174
149 -1.51777 -1.1343 0.19253 0.24177 -0.356605 -0.847323 -1.18771 0.369197
489 -1.45728 -1.13169 0.192714 0.25025 -0.209508 -0.887963 -1.03152 0.282737
560 -1.58402 -1.23161 0.311063 0.314304 -0.268222 -0.786164 -1.18984 0.36529
164 -1.47873 -1.19481 0.288385 0.35745 -0.302306 -0.806214 -1.09064 0.231747
870 -1.34717 -0.83102 0.404811 0.172039 0.0721331 -0.293813 -1.52651 0.701234
894 -1.23222 -0.728808 0.303516 0.151535 0.0515052 -0.412729 -1.45665 0.631485
773 -1.28366 -1.04535 0.153593 0.109499 -0.0742423 -0.859236 -1.21656 0.343942
256 -1.29789 -1.02836 0.225889 0.117253 0.0519551 -0.903274 -1.20116 0.381078
784 -1.2786 -0.854542 0.332015 0.102768 0.0101072 -0.507277 -1.52103 0.689226
686 -1.09644 -0.7556 0.409364 0.113179 0.0202826 -0.402718 -1.48945 0.527169
893 -1.25106 -0.873983 0.426912 0.0998633 -0.0816743 -0.495722 -1.47415 0.530912
123 -1.05412 -0.776475 0.304499 0.0971978 0.0185904 -0.655242 -1.26918 0.521096
115 -0.987416 -0.779443 0.388056 0.139645 -0.0490046 -0.374494 -1.40727 0.687811
100 -1.17054 -0.847786 0.538294 0.136391 -0.158438 -0.445015 -1.45318 0.66741
281 -1.07898 -1.13185 0.318484 -0.101471 0.052999 -0.405457 -1.57262 0.556304
568 -1.36962 -0.945728 0.269484 0.29028 -0.0956297 -0.548148 -1.15807 0.342364
338 -0.857991 -1.0619 0.000742563 -0.0850342 0.418171 -0.749634 -1.45115 0.31526
774 -1.00623 -1.3288 -0.0951701 -0.111455 0.600391 -0.872305 -1.34946 0.19924
220 -1.06979 -0.565896 0.059528 -0.00604612 0.469214 -1.18258 -1.45112 0.436232
501 -1.05376 -0.777979 0.0353742 -0.0648502 0.143882 -1.02684 -1.44479 0.60839
661 -1.31834 -1.01418 0.282865 0.2893 -0.243971 -0.603336 -1.03507 0.307463
166 -1.25385 -0.921824 0.30927 0.195802 -0.145618 -0.625242 -1.16204 0.35536
803 -0.967581 -0.714343 0.144568 0.0859619 0.107504 -0.980229 -1.61661 0.216148
722 -0.796075 -0.806966 0.119416 0.150428 0.264726 -0.89173 -1.22866 0.781709
39 -1.502 -0.52385 0.0907233 0.309312 0.779754 -0.453869 -1.06704 0.777095
565 -1.2975 -1.06694 0.202293 0.23185 -0.190339 -0.748653 -1.17742 0.172221
991 -1.25184 -0.989022 0.138499 0.167301 0.101233 -0.794474 -1.14167 0.264115
302 -1.11288 -0.922486 -0.0447309 0.251493 -0.163347 -1.0931 -1.16855 0.60252
952 -1.09006 -0.996779 -0.142498 0.206923 0.192338 -1.07406 -1.33541 0.853147
299 -1.09983 -0.846165 -0.124906 0.170263 0.106545 -0.90404 -1.15867 0.720972
200 -0.872506 -0.295979 0.355976 0.033039 0.23806 -0.593084 -1.53653 0.415408
779 -0.913428 -0.562233 0.297446 -0.0550386 0.304631 -0.840847 -1.55936 0.447714
833 -0.792958 -0.901384 0.195395 0.210889 0.0724777 -0.884926 -1.20416 0.733411
738 -0.690547 -1.05101 0.0741838 0.0554623 0.525 -0.863837 -1.26145 0.409143
830 -0.695663 -0.734445 0.359248 0.31207 0.372617 -0.746661 -1.49254 1.05182
370 -1.54266 -1.13153 0.405159 0.233008 -0.229066 -0.672035 -1.091 0.32519
789 -1.47944 -0.920107 0.732355 0.0784677 -0.16529 -0.221769 -1.70148 0.764012
576 -1.08264 -0.817491 0.155163 0.0251835 -0.0846131 -0.478401 -1.27361 0.595197
921 -1.22216 -0.952534 -0.298816 0.215196 -0.157854 -1.22349 -1.17775 0.852505
572 -0.977386 -0.953308 -0.286721 0.218708 0.108172 -1.16581 -1.14265 0.590055
303 -1.11882 -0.878691 -0.183706 0.145281 -0.161115 -0.984449 -1.16693 0.735868
497 -1.1488 -0.805256 -0.552788 0.0573772 -0.2332 -1.23671 -1.27385 0.948975
194 -0.872087 -0.253187 0.431983 -0.0538978 0.126875 -0.779931 -1.87683 0.401889
202 -1.03571 -0.514363 0.26814 0.100376 0.227102 -0.760378 -1.60849 0.445629
195 -1.02688 -0.455805 0.394256 0.0577017 0.223141 -0.787755 -1.91941 0.450898
812 -1.06317 -0.745353 0.101101 0.165552 0.0226921 -0.976658 -1.43323 0.20695
747 -1.14816 -0.772931 0.00446913 0.24436 0.207945 -1.0961 -1.70016 -0.217048
142 -1.56444 -1.21724 0.292581 0.275417 -0.260352 -0.710402 -1.04599 0.222882
153 -1.35062 -1.18963 0.233666 0.348562 -0.223675 -0.79172 -0.928326 0.172938
24 -1.84112 -0.63325 0.0106721 0.333296 0.817877 -0.507907 -1.14572 0.825473
68 -1.54381 -0.663636 0.114546 0.312955 0.572386 -0.345143 -1.14234 0.819471
968 -0.950952 -0.822424 0.0432931 0.202868 0.0959739 -1.05844 -1.47883 0.286841
994 -1.05509 -0.782727 0.166256 0.114204 0.0704675 -0.664375 -1.44353 0.374574
900 -1.04667 -0.754839 0.129238 0.250763 0.13888 -1.00609 -1.61914 0.16523
983 -1.18223 -0.660852 0.242913 0.132413 0.318279 -0.843285 -1.71073 0.496598
998 -1.12709 -0.626024 0.34145 0.0497881 0.314388 -0.852739 -1.86175 0.485849
724 -0.967154 -0.824394 0.0992477 0.162359 0.259596 -0.923608 -1.4385 0.869799
734 -0.791877 -0.89348 0.177331 0.167585 0.365173 -0.897169 -1.44717 1.01368
304 -0.993816 -0.786344 -0.0385726 0.210543 0.207004 -0.911558 -1.13258 0.664061
415 -1.35698 -0.803494 -0.204954 0.341108 0.346106 -0.973212 -1.149 0.877446
286 -0.966548 -1.04183 -0.292221 0.209656 0.0998095 -1.15047 -1.10861 0.782051
288 -1.08092 -0.874096 -0.173399 0.203872 0.0873109 -1.29925 -1.1818 0.991013
196 -0.881143 -0.490683 0.35901 0.105851 0.248533 -0.72285 -1.51254 0.367913
74 -1.15926 -0.597585 0.112471 0.17573 0.277753 -0.77339 -1.4063 0.43929
879 -1.10626 -0.640046 0.122046 0.191632 0.115265 -0.814516 -1.58669 0.296159
571 -1.24977 -1.04481 -0.428996 0.369128 -0.178099 -1.28444 -1.05487 0.907827
280 -1.33497 -0.965882 -0.611912 0.353968 0.0997178 -1.27286 -1.0249 1.06962
215 -1.10698 -0.770595 0.141897 0.206914 0.0804852 -1.0712 -1.78794 -0.192754
813 -1.0307 -0.823627 0.151663 0.17054 0.205813 -0.931323 -1.46356 0.331664
793 -1.14122 -0.62336 0.111007 0.192119 0.356402 -0.646018 -1.33861 0.267296
342 -1.12161 -0.458406 0.557688 0.134773 0.424995 -0.749837 -1.99587 0.490471
699 -0.875995 -0.311029 0.458157 -0.00371576 0.148232 -0.752892 -1.84049 0.417106
354 -0.799956 -0.535467 0.385062 0.0291296 0.215349 -0.718386 -1.72895 0.289116
438 -0.870394 -0.436126 0.392621 -0.187388 0.330202 -0.905008 -2.06145 0.337014
229 -1.05225 -0.673814 0.0300558 0.252385 0.147944 -1.04967 -1.6248 -0.164546
892 -1.02148 -0.486947 -0.282848 -0.0701863 0.0663755 -0.687094 -1.28352 0.660416
151 -1.55041 -1.25385 0.286499 0.435229 -0.355216 -0.813479 -1.08168 0.238367
757 -0.779521 -0.554388 0.135596 -0.155916 0.308722 -1.30107 -1.53661 0.707152
263 -0.864137 -0.697056 0.202491 -0.0375591 0.0513903 -1.05875 -1.20174 0.513215
760 -0.724087 -0.48961 0.135734 -0.144645 0.227324 -1.12748 -1.36128 0.64498
517 -0.710067 -0.585296 0.185324 -0.398185 0.281983 -1.67441 -1.5895 0.733634
663 -0.962716 -0.578291 0.327721 -0.370168 0.306896 -1.74757 -1.64365 0.925683
419 -1.1252 -0.88474 -0.156057 0.234089 -0.00585091 -1.08162 -1.06238 0.767364
945 -1.18253 -0.653836 0.142308 0.247307 0.206921 -0.919962 -1.44057 0.19621
867 -1.1565 -0.759236 0.0566023 0.235848 0.22808 -0.974161 -1.61313 0.134371
932 -1.06932 -0.778122 0.0830127 0.158272 0.0603446 -0.975177 -1.60311 0.184384
639 -0.893592 -0.682915 0.0126604 0.124524 0.116004 -1.10381 -1.74527 0.0166274
756 -1.03598 -0.500298 0.10748 -0.0858045 0.279187 -1.27369 -1.47929 0.664699
524 -1.10808 -0.526617 0.0643593 0.103245 0.597848 -0.970828 -1.27666 0.773045
503 -1.00896 -0.793683 -0.176946 0.128477 0.143035 -1.01984 -1.39411 0.610348
428 -1.0425 -1.01286 -0.156293 0.158354 0.167671 -1.03155 -1.29305 0.592459
750 -0.699137 -1.06985 0.238595 0.209202 0.273158 -0.879315 -1.16603 0.642175
979 -1.15638 -0.714011 -0.0190962 0.222076 0.192488 -0.727988 -1.29095 0.588586
798 -0.961794 -0.647506 0.11208 0.377456 0.132364 -1.11334 -1.73666 0.0473902
731 -0.734135 -0.719723 0.253602 0.183871 0.345049 -0.920252 -1.36118 0.763366
753 -0.976758 -0.684117 0.209492 -0.127129 0.330211 -1.37998 -1.43896 0.723935
804 -0.812791 -0.878726 -0.0521871 0.0540179 0.34662 -0.884368 -1.39129 0.249752
767 -0.895554 -0.560606 0.106818 0.138711 0.287168 -0.909828 -1.4754 0.150236
954 -1.35584 -0.773194 0.0496487 0.249875 0.745824 -0.77001 -1.48967 0.754481
38 -1.30025 -0.619421 0.0671682 0.342719 0.576418 -0.543758 -1.14083 0.843542
59 -1.70534 -0.742705 0.0530153 0.424054 0.769956 -0.563646 -1.16 0.735972
58 -1.45669 -0.373847 0.0565618 0.337342 0.86346 -0.42817 -1.36001 0.619084
450 -1.16546 -0.535851 -0.352494 -0.17452 0.262367 -0.785227 -1.67982 0.972883
448 -1.00959 -0.399233 -0.254182 -0.210096 0.074621 -0.817121 -1.59505 0.795574
46 -1.21896 -0.729755 0.286315 0.217035 0.132302 -0.462285 -1.32175 0.608467
717 -0.690972 -0.750332 0.284623 0.219776 0.353987 -0.874509 -1.52143 0.771794
978 -0.995693 -0.72879 -0.052027 0.112052 0.139974 -1.04121 -1.32166 0.635025
105 -1.26676 -0.809563 0.29816 0.115263 0.193795 -0.451434 -1.39381 0.534893
327 -0.861482 -1.20105 -0.0646163 -0.0307344 0.700044 -0.921632 -1.37195 0.197724
965 -1.23664 -0.978854 0.226378 0.1266 -0.0619778 -0.500628 -1.53731 0.571505
901 -0.970518 -0.591859 0.0541658 0.110236 0.139242 -0.844607 -1.54385 0.327776
966 -0.81093 -0.843077 0.0226972 9.81399e-05 0.456224 -0.797951 -1.3777 0.353174
330 -0.706056 -1.07015 -0.0261311 -0.072178 0.670111 -0.878226 -1.3726 0.213821
213 -1.27027 -0.714589 -0.0988913 0.237169 0.117453 -1.20962 -1.67237 -0.184024
159 -1.34743 -1.20496 0.121777 0.331995 -0.195811 -0.915666 -1.05568 0.391653
249 -1.73762 -1.34086 0.444543 0.344481 -0.339829 -0.922336 -1.36675 0.261468
442 -1.10449 -0.477312 -0.407408 -0.237948 0.141462 -0.650493 -1.68777 0.954439
204 -0.850655 -0.49379 0.399431 -0.0168967 0.162431 -0.781232 -1.75277 0.334606
860 -0.950429 -0.443853 0.404042 0.0312602 0.224476 -0.670145 -1.80365 0.340181
649 -0.904479 -0.638417 0.00360439 0.144605 0.174676 -0.934941 -1.70215 0.122251
403 -1.53698 -1.04944 0.288217 0.259553 -0.0952343 -0.734505 -1.10243 0.39163
555 -1.03634 -0.931179 0.089985 -0.0249728 0.284237 -0.866712 -1.25786 0.244127
326 -1.05421 -1.05324 -0.123226 -0.0494145 0.743222 -0.758823 -1.28831 0.335831
653 -1.10712 -0.570206 -0.228295 -0.0541688 -0.0553592 -0.735271 -1.63343 0.753632
777 -0.729771 -1.09624 -0.000173635 0.0186124 0.553419 -0.935481 -1.38367 0.434968
118 -1.14916 -0.720691 0.354199 0.074535 0.0617742 -0.38213 -1.2911 0.46845
325 -0.778641 -1.06301 -0.120378 -0.117805 0.613066 -0.798014 -1.26183 0.163752
431 -0.874994 -0.625545 -0.0155126 0.0774106 0.00174711 -0.966398 -1.32489 0.547434
953 -1.10345 -0.904875 -0.111406 0.246775 0.219921 -0.978545 -1.22794 0.701279
888 -1.02741 -0.837648 -0.0425298 0.0868547 0.0661269 -0.987557 -1.23981 0.568155
266 -1.66902 -1.24981 0.220804 0.41855 -0.14739 -0.823111 -1.0157 0.276655
558 -0.864717 -0.902914 -0.147809 -0.0801509 0.425367 -0.979244 -1.2348 0.378058
797 -1.08808 -0.706577 0.28794 0.159127 -0.0297265 -0.533126 -1.41356 0.320686
786 -0.965936 -0.658135 0.403573 0.0616725 0.0260518 -0.447737 -1.42103 0.6013
669 -0.819953 -0.511784 0.196732 -0.226869 0.252186 -1.25746 -1.52896 0.76619
488 -1.35289 -0.93025 0.355337 0.186248 -0.161732 -0.70003 -1.3025 0.280385
267 -1.38485 -1.20729 0.297871 0.408131 -0.338316 -0.786392 -0.936064 0.140322
872 -1.00622 -1.00289 -0.0545885 -0.0808329 0.571517 -0.943541 -1.4316 0.225992
569 -0.952333 -0.93775 -0.0653794 0.0130779 0.47232 -0.703469 -1.15353 0.16383
386 -1.46238 -0.569005 -0.115951 0.414006 0.722726 -0.650744 -1.11661 0.843301
906 -0.820974 -0.761962 0.314348 0.208962 0.426843 -0.863728 -1.40222 0.903558
529 -0.87337 -0.553808 0.174812 -0.091431 0.210435 -1.06756 -1.45466 0.643653
328 -0.748413 -0.925936 -0.242758 -0.235407 0.467852 -0.862698 -1.33006 0.322169
704 -0.927542 -0.386135 0.324397 0.101255 0.249087 -0.801436 -1.84516 0.322485
40 -1.47851 -0.489802 0.0020566 0.293718 0.72548 -0.439943 -0.992761 0.708232
936 -0.713477 -0.607255 0.206101 0.162871 0.336739 -0.699089 -1.28083 0.852078
150 -1.61824 -1.17793 0.180608 0.452099 -0.118933 -0.654253 -0.975447 0.32773
658 -1.33823 -1.0656 0.143349 0.299111 0.0537332 -0.773686 -1.20126 0.395687
989 -1.25428 -0.961976 0.284834 0.122638 0.0212601 -0.736723 -1.34274 0.574103
104 -1.16895 -0.7456 0.263166 0.143027 -0.0647151 -0.504714 -1.4267 0.515312
581 -1.13985 -0.82963 0.417502 0.114128 -0.209575 -0.522669 -1.55117 0.634637
35 -1.39096 -0.65797 -0.00378914 0.186298 0.938573 -0.39338 -1.01558 0.562263
506 -0.956989 -0.742566 -0.189443 0.171004 0.0127489 -1.02476 -1.23918 0.515832
279 -1.09347 -0.984764 -0.42366 0.330878 -0.193183 -1.49049 -1.24975 0.889184
871 -1.25244 -0.93355 0.324791 0.21002 -0.0296735 -0.42298 -1.35725 0.655951
620 -1.21654 -0.611977 -0.0879285 0.229354 0.698444 -0.419535 -1.24687 0.863639
622 -1.42789 -0.560857 -0.163385 0.328334 0.687629 -0.489951 -1.17489 0.901516
855 -1.20109 -0.518703 0.0994766 0.256544 0.680818 -0.496454 -1.14943 0.670075
525 -0.702199 -0.548634 0.205275 -0.194582 0.212137 -1.0509 -1.36019 0.618946
754 -0.87271 -0.590815 0.0419595 -0.126687 0.13116 -1.31387 -1.52932 0.767211
842 -1.27183 -0.870972 0.325128 0.111116 0.0810566 -0.342055 -1.4564 0.672538
401 -1.20032 -0.940974 0.413096 0.0654686 -0.0294862 -0.180388 -1.43671 0.590259
493 -1.30255 -0.971082 0.174748 0.252908 -0.0993643 -0.773319 -1.01996 0.321412
250 -1.46874 -1.31971 0.173823 0.262767 -0.177037 -0.711196 -1.00701 0.111847
375 -1.45905 -1.17649 0.363157 0.307781 -0.298233 -0.833652 -1.15659 0.253674
179 -1.03589 -0.291112 -0.204019 -0.326633 -0.0027786 -0.695914 -1.83008 0.811443
264 -1.42211 -1.02847 0.0994183 0.281739 -0.0326074 -0.775936 -0.969909 0.411729
613 -1.10807 -1.16486 0.0405299 -0.098245 0.562998 -0.963194 -1.41163 0.206316
409 -1.08098 -0.764392 0.140249 -0.00945539 0.183018 -0.976573 -1.27465 0.552299
896 -0.961937 -0.542189 0.167878 -0.0643104 0.382227 -1.1584 -1.45389 0.637602
665 -0.910783 -0.513751 0.272897 -0.279732 0.303599 -1.28032 -1.60139 0.831544
678 -0.778441 -0.636062 0.0501582 -0.128628 0.132302 -1.16798 -1.26441 0.637071
617 -0.96066 -0.604329 0.0229453 0.329606 0.237195 -0.85782 -1.41683 0.225094
903 -0.853886 -0.589291 0.107005 0.17605 0.194579 -0.896453 -1.39346 0.149683
808 -1.65284 -0.722387 -0.0246699 0.439833 0.78226 -0.471865 -1.2786 0.791165
624 -1.45054 -0.696945 0.128872 0.381923 0.510511 -0.472828 -1.00401 0.63718
378 -1.35507 -0.923814 0.170153 0.20446 -0.0286117 -0.651198 -1.10561 0.305936
688 -0.894742 -0.352474 0.482174 0.00544422 0.135451 -0.674243 -1.87971 0.483302
341 -0.999586 -0.181872 0.528403 -0.0907389 0.448315 -0.793855 -2.17132 0.501544
233 -1.15609 -0.645336 0.116965 0.248384 0.323718 -0.94008 -1.44561 0.0511902
186 -1.03505 -0.482573 0.479564 0.0678652 0.148953 -0.670898 -1.92752 0.423635
685 -0.915257 -0.471657 0.515656 -0.0769736 0.207285 -0.808084 -2.00549 0.361071
564 -1.17028 -0.575375 -0.301571 -0.119748 -0.0898183 -0.627287 -1.45925 0.663644
823 -0.888479 -0.916844 -0.141514 -0.137794 0.554662 -0.767837 -1.33455 0.329084
427 -0.866862 -0.666431 0.0206827 -0.00793987 0.105602 -1.1287 -1.21801 0.619574
160 -1.46007 -1.06626 0.171872 0.277358 -0.125861 -0.705165 -1.07669 0.319691
141 -1.57217 -1.29636 0.114097 0.248217 -0.188132 -0.706267 -1.20993 0.487213
614 -0.747673 -0.9801 -0.0982152 -0.135345 0.543122 -0.894295 -1.40953 0.313349
526 -0.861697 -0.684543 0.355528 -0.0870405 0.109391 -1.08617 -1.33687 0.555734
585 -1.04846 -0.505186 0.448924 0.0175941 0.188328 -0.621209 -1.74229 0.556092
638 -1.12129 -0.79472 0.0681422 0.181376 0.188393 -0.952505 -1.43873 0.0512329
811 -1.412 -0.613388 0.130567 0.231307 0.462266 -0.57308 -1.16233 0.605251
20 -1.826 -0.66223 -0.154054 0.408128 0.936949 -0.584374 -1.37307 0.886934
918 -0.844107 -0.695007 0.20792 -0.0518098 0.240203 -1.0882 -1.42586 0.5699
641 -1.03658 -0.687712 0.0353499 0.0981122 0.0700931 -1.05634 -1.67697 0.214693
933 -1.12528 -0.744887 0.186065 0.0323419 0.111437 -0.888425 -1.74445 0.340412
646 -0.923353 -0.747652 0.0215534 0.145678 0.0941544 -0.792011 -1.40634 0.244951
654 -0.880882 -0.75133 0.0105924 0.0271101 0.117267 -0.889924 -1.39295 0.844904
452 -1.11365 -0.543091 -0.354008 -0.144865 0.139517 -0.897393 -1.68976 0.905665
990 -1.2388 -0.911456 0.0549023 0.231926 0.0510395 -0.911414 -1.37461 0.570567
439 -1.15967 -0.397777 -0.494675 -0.205216 0.158984 -0.67139 -1.61796 1.03969
426 -1.00858 -0.805058 -0.174147 0.116238 0.10135 -0.96866 -1.14595 0.750318
988 -0.956939 -0.909717 0.000186853 2.98101e-05 0.446861 -0.964053 -1.53953 0.55105
360 -0.928442 -0.539548 0.380814 0.0600216 0.358696 -0.726793 -1.85982 0.297645
969 -1.04239 -0.801443 0.0812959 0.212736 0.0938129 -1.02664 -1.51868 0.339076
191 -0.813925 -0.499171 0.366095 -0.029693 0.391999 -0.806824 -1.79439 0.120654
510 -1.09313 -0.792392 -0.0731314 0.170127 0.0631903 -0.93723 -1.33459 0.600061
259 -1.58628 -1.15417 0.408842 0.316361 -0.248708 -0.653581 -1.11493 0.338105
672 -0.955854 -0.667891 0.144124 0.045879 0.097676 -0.872314 -1.25132 0.569331
883 -0.820269 -0.471299 0.206671 -0.0888788 0.280816 -1.16241 -1.48765 0.573762
140 -1.78136 -1.35049 0.29766 0.393604 -0.36935 -0.923601 -1.19042 0.273718
902 -1.12422 -0.712727 0.00218943 0.198614 0.211292 -0.946741 -1.51006 0.289617
567 -1.51714 -1.19679 0.361487 0.30487 -0.30282 -0.720391 -1.1595 0.26131
511 -0.855017 -0.559637 -0.067487 -0.0609544 0.106467 -1.01115 -1.27921 0.561617
655 -1.23522 -0.774166 -0.119441 -0.0849166 0.0991703 -0.839899 -1.63258 0.776431
343 -0.997754 -0.399503 0.464539 0.0532934 0.0692286 -0.606234 -1.67427 0.396022
556 -0.848807 -0.520938 0.349965 -0.117307 0.372369 -0.820782 -1.76757 0.300166
379 -1.01925 -0.848514 0.308216 0.101044 -0.0330178 -0.364555 -1.22964 0.519343
414 -1.17484 -1.05446 -0.143662 0.216667 -0.164992 -1.19835 -1.12913 0.763487
41 -1.22546 -0.652941 0.139059 0.149453 0.413249 -0.609964 -1.38422 0.638507
853 -0.81219 -0.281183 0.444066 0.0464217 0.251821 -0.75501 -1.73833 0.349163
110 -1.16779 -0.890746 0.236908 0.128734 0.0248845 -0.460419 -1.38236 0.691078
948 -1.24765 -0.984091 0.231677 0.0939031 0.074231 -0.667855 -1.59181 0.741739
632 -1.07904 -0.543004 -0.303479 -0.129585 0.267097 -0.716569 -1.54095 0.798762
422 -1.03661 -1.08784 -0.15722 0.127245 0.081438 -1.02188 -1.14205 0.669473
749 -1.45471 -1.17547 0.297668 0.240709 -0.270099 -0.793486 -1.17622 0.262702
203 -1.0712 -0.592788 0.460745 0.138826 -0.0204461 -0.651707 -1.6004 0.245629
27 -1.49995 -0.771492 -0.0185535 0.315866 0.758612 -0.520809 -1.17093 0.762973
868 -1.069 -0.701196 -0.0224535 0.222824 0.153982 -0.839562 -1.25314 0.634226
306 -0.895333 -0.836544 -0.0823586 0.0286463 0.159451 -0.875324 -1.23555 0.532822
559 -0.640704 -0.913172 0.0315085 -0.249766 0.641459 -0.99274 -1.32877 0.267737
934 -0.803939 -0.971468 0.0471516 -0.0848987 0.579253 -0.858958 -1.4382 0.288052
848 -0.954197 -0.871303 0.0764345 -0.00488213 0.512536 -0.880282 -1.48108 0.360207
588 -1.05686 -0.741534 0.37336 0.0692866 -0.00747379 -0.545008 -1.42559 0.665036
528 -0.723922 -0.960369 -0.0127219 -0.0573374 0.594749 -1.0514 -1.41775 0.160246
621 -1.28696 -0.509769 -0.059219 0.199644 0.593555 -0.575426 -1.20247 0.695704
481 -0.793509 -0.937044 0.0397861 -0.0148605 0.469514 -0.765413 -1.42365 0.257405
785 -0.85465 -0.516719 0.262722 -0.179426 0.266847 -1.10181 -1.55108 0.721101
805 -1.2024 -0.895643 0.531277 0.152232 -0.302127 -0.362274 -1.53469 0.569249
644 -1.03803 -0.730382 0.12895 0.1499 0.217525 -0.861172 -1.5172 0.298775
679 -0.998445 -0.728607 0.1718 -0.0414032 0.175104 -1.12622 -1.50148 0.604715
546 -1.46676 -0.71886 -0.0990258 0.173924 0.731539 -0.578476 -1.34247 0.756207
47 -1.30069 -0.625612 0.0430258 0.148918 0.566061 -0.459366 -1.20433 0.705381
36 -1.3997 -0.430134 0.0837503 0.167296 0.738592 -0.571195 -1.12241 0.665431
335 -0.866695 -0.974797 0.0272778 -0.0428141 0.597176 -0.750683 -1.50295 0.34432
392 -1.48707 -0.66051 0.0633521 0.337978 0.639223 -0.558322 -1.16927 0.619249
771 -0.958986 -0.661593 0.0798973 0.136799 0.202474 -0.884153 -1.52482 0.215197
344 -1.02638 -0.401193 0.655887 -0.024668 0.239139 -0.593349 -2.12862 0.447188
520 -0.960143 -0.779521 0.250875 -0.0917059 0.244366 -1.18215 -1.56342 0.606664
541 -1.63843 -0.638483 -0.0256107 0.305274 0.760703 -0.58427 -1.42253 0.711485
76 -1.40563 -0.570761 -0.0298539 0.272959 0.738865 -0.509822 -1.11557 0.683513
542 -1.46146 -0.587551 0.0480734 0.258758 0.762392 -0.611426 -1.19453 0.704348
573 -1.03968 -0.820461 0.0189378 0.164343 -0.000678204 -0.865861 -1.08298 0.53249
776 -0.719624 -0.645593 0.0609653 -0.203289 0.377499 -1.03613 -1.39581 0.559617
980 -1.31187 -0.836141 0.237107 0.212659 -0.0397045 -0.736791 -1.35303 0.346799
714 -0.852105 -0.846546 0.202996 0.240421 0.305794 -0.834154 -1.40268 0.902385
670 -0.947562 -0.715554 0.184888 -0.0472261 0.134682 -1.26879 -1.41833 0.623946
154 -1.19021 -0.875808 0.355736 0.126712 -0.0508695 -0.492849 -1.40935 0.49184
374 -1.39971 -1.1292 0.203286 0.274454 -0.315304 -0.867152 -1.01112 0.311126
296 -1.11797 -0.799999 -0.145099 0.153879 0.0554734 -1.00206 -1.22816 0.819815
320 -0.91667 -1.35268 -0.178687 -0.14875 0.927796 -0.927298 -1.26002 0.11115
242 -1.09403 -0.708303 0.0541097 0.239173 0.34452 -0.960374 -1.45954 0.150445
99 -1.22879 -0.867748 0.351664 0.0924685 -0.0653279 -0.497036 -1.65869 0.738232
369 -0.857878 -0.631763 0.212034 -0.264851 0.287844 -1.35239 -1.49272 0.650932
677 -0.864897 -0.694536 0.0985195 -0.119143 0.269389 -1.18118 -1.40101 0.502669
911 -0.862876 -1.01602 0.0693849 0.0121487 0.387522 -0.779833 -1.29462 0.233223
287 -1.24835 -0.886016 -0.414577 0.198187 -0.12396 -1.19973 -1.1292 0.878345
49 -1.18772 -0.509959 -0.0563324 0.293707 0.495593 -0.511801 -0.913806 0.651973
391 -1.46891 -0.630807 0.0192149 0.33983 0.69463 -0.568135 -1.14053 0.755616
161 -1.26043 -0.927662 0.0942533 0.278955 -0.281572 -0.696044 -0.925251 0.270949
373 -1.45383 -1.03381 0.231311 0.308171 -0.0931995 -0.742892 -1.04629 0.255763
874 -0.95674 -0.230727 0.519071 0.0423097 0.128993 -0.745686 -1.9354 0.423623
745 -0.760183 -1.14033 -0.1379 -0.168238 0.703535 -0.961291 -1.35448 0.145665
675 -0.696859 -0.528396 0.151503 -0.136193 0.238534 -1.12536 -1.37093 0.666908
550 -1.40581 -0.711419 0.0592304 0.222865 0.511327 -0.633813 -1.43006 0.636552
743 -1.28511 -0.981886 0.102745 0.258663 -0.0573601 -0.748704 -1.10596 0.464368
692 -0.88756 -0.388683 0.434733 0.0501919 0.251339 -0.802864 -1.81511 0.374071
155 -1.52798 -1.20088 0.22715 0.351789 -0.174013 -0.692387 -1.06168 0.268605
922 -1.06352 -0.699468 -0.182088 0.122419 0.10669 -0.835047 -1.14428 0.676275
484 -0.817185 -0.920795 -0.0430828 -0.0640097 0.485031 -0.851114 -1.35853 0.330001
634 -1.24177 -0.412254 -0.341416 0.0402917 0.18763 -0.587294 -1.36099 0.953291
840 -0.923599 -0.650154 0.187018 0.0197584 0.220076 -1.13313 -1.47759 0.650011
494 -1.07924 -0.823961 -0.0404492 0.22454 -0.00392101 -0.752389 -1.09912 0.656673
763 -1.26583 -0.554109 -0.18856 -0.025201 0.231837 -0.650358 -1.20065 0.739652
554 -0.70547 -0.586206 0.180565 -0.126039 0.459779 -1.16726 -1.4208 0.664543
752 -1.12317 -0.664051 -0.091277 -0.118703 -0.00316111 -0.843282 -1.39104 0.769748
98 -1.14449 -0.782374 0.559749 0.00439699 -0.00289075 -0.154771 -1.5951 0.527159
345 -1.13651 -0.518876 -0.246069 -0.141723 0.159544 -0.866503 -1.59535 0.826529
72 -1.24645 -0.664507 -0.0601214 0.222882 0.842732 -0.538524 -1.04442 0.516625
62 -1.35064 -0.613329 0.058058 0.183794 0.522885 -0.569164 -1.20462 0.703739
465 -1.64071 -0.926319 0.158501 0.396371 0.299224 -0.596489 -1.013 0.411718
165 -1.27137 -0.96688 0.166314 0.117176 -0.136534 -0.746761 -1.14587 0.347614
590 -1.08056 -0.728252 0.274766 0.0536616 -0.00510905 -0.422402 -1.56793 0.664654
967 -1.17637 -0.633274 -0.0368476 0.0205533 0.203656 -0.933369 -1.62822 0.777179
694 -0.984816 -0.560833 0.456382 0.00266172 0.196492 -0.585608 -1.74344 0.440278
615 -0.765548 -0.87126 0.208404 0.0605193 0.422176 -0.942698 -1.35039 0.75798
691 -0.995478 -0.684471 0.321137 0.0295573 0.285679 -0.821915 -1.69262 0.59366
589 -1.03677 -0.765551 0.366147 0.095509 0.0364231 -0.42412 -1.47186 0.543411
970 -1.05212 -0.787756 0.146261 0.213502 0.109578 -0.931587 -1.67753 0.223817
877 -0.976502 -0.632174 0.173905 0.0973011 0.126226 -0.831462 -1.62893 0.332759
94 -1.18951 -0.884817 0.391578 0.119513 -0.178308 -0.371196 -1.50954 0.589695
459 -1.09761 -0.552628 -0.261386 -0.113786 0.121554 -0.614812 -1.37564 0.782882
684 -1.03545 -0.404691 0.491516 0.0412261 0.323768 -0.786546 -1.95535 0.451588
676 -0.828543 -0.617314 0.177151 -0.0567731 0.169096 -0.983992 -1.5175 0.597384
289 -1.06768 -0.945915 -0.172229 0.298123 -0.205168 -1.08126 -1.18086 0.819435
854 -1.42204 -0.659575 0.00569818 0.333978 0.836741 -0.589624 -1.36641 0.708817
507 -1.15065 -0.918218 -0.0381225 0.161558 0.0704878 -0.957968 -1.29094 0.630461
889 -0.966873 -0.893654 -0.208279 0.0973498 0.232085 -1.02691 -1.2425 0.618372
508 -1.0789 -0.603421 -0.176372 -0.0596266 0.0879685 -0.883054 -1.47174 0.74949
283 -1.19767 -1.03819 -0.32105 0.244422 -0.095454 -1.24164 -1.19785 0.836009
816 -0.940959 -0.688252 0.0416621 0.147031 0.256533 -0.977549 -1.47438 0.0401611
225 -1.14608 -0.645267 -0.08466 0.401118 0.295198 -0.916261 -1.46139 -0.0601933
947 -1.32384 -1.11992 0.227377 0.244812 -0.100741 -0.805393 -1.21711 0.288868
458 -0.969706 -0.502862 -0.343781 -0.193455 0.111724 -0.688519 -1.55212 0.871995
383 -1.61259 -0.632233 -0.0458558 0.402519 0.765514 -0.607572 -1.17583 0.695161
408 -1.2446 -1.02251 0.172896 0.156273 -0.178296 -0.764998 -1.15574 0.403585
347 -1.01906 -0.556771 0.517843 0.0931342 0.175214 -0.711614 -1.68849 0.477452
353 -0.827978 -0.324809 0.378132 0.0639141 0.192434 -0.730329 -1.72097 0.4387
454 -0.944806 -0.309876 -0.474353 -0.287111 -0.00981848 -0.76958 -1.58886 0.883183
720 -0.99713 -0.612169 -0.198051 -0.0737013 0.100691 -0.705518 -1.48877 0.78647
158 -1.42375 -1.16054 0.336614 0.388853 -0.359141 -0.755638 -0.939635 0.228948
388 -1.58216 -0.616036 0.0648213 0.38868 0.679206 -0.507176 -1.14914 0.719382
963 -1.1362 -0.71916 0.221619 0.00234191 0.185899 -0.81892 -1.41626 0.519859
915 -1.1741 -0.771599 0.0351457 0.203847 0.235724 -0.957996 -1.51704 0.350031
791 -1.26068 -0.936004 0.386018 0.119363 -0.0546615 -0.451221 -1.49594 0.529398
660 -1.00438 -0.870482 0.138573 0.155028 -0.00555857 -0.784568 -1.09047 0.356127
770 -1.00972 -0.720201 0.14587 0.125146 0.190363 -0.872625 -1.54064 0.35267
761 -0.998719 -0.604568 -0.299311 -0.159441 -0.0780171 -0.795795 -1.46755 0.814509
973 -0.923588 -0.647295 0.0694073 0.0241569 0.218725 -0.915512 -1.40894 0.523471
504 -0.973518 -0.887076 -0.224449 0.163302 -0.00834206 -1.00556 -1.07598 0.75378
961 -0.936102 -0.56015 0.260566 0.0890471 0.241691 -0.738342 -1.64108 0.60477
300 -1.08307 -0.876799 -0.0543563 0.144229 -0.00387738 -0.941487 -1.09083 0.638766
587 -1.24534 -0.799207 0.388397 0.106805 -0.0313418 -0.474517 -1.5165 0.621447
352 -0.823388 -0.39288 0.445419 -0.00959461 0.295193 -0.599509 -1.74783 0.481848
864 -0.817082 -0.43117 0.283481 0.0487875 0.177257 -0.737238 -1.59591 0.372802
721 -0.545691 -0.584757 0.385543 0.23462 0.309845 -0.746987 -1.40533 0.885599
957 -0.892731 -0.45394 0.379537 0.0115249 0.0742759 -0.645552 -1.74188 0.50067
376 -1.14536 -1.0009 0.180422 0.0863333 0.00765595 -0.823417 -1.10008 0.175893
535 -0.934525 -0.702042 0.0395382 0.0136911 0.297179 -0.83667 -1.22217 0.567887
929 -0.974173 -0.46675 0.254702 0.110105 0.257393 -0.535087 -1.50702 0.43722
822 -0.989172 -0.980782 0.228926 -0.060532 0.244775 -0.552232 -1.4148 0.42558
307 -0.883662 -0.619894 0.112898 0.0465458 0.17339 -0.804594 -1.39779 0.547728
744 -1.30155 -1.05234 0.256374 0.256354 -0.120767 -0.736661 -1.06858 0.319872
748 -1.30155 -0.687216 0.07047 0.337729 0.475892 -0.545186 -1.14639 0.672268
801 -0.841063 -0.668911 0.101133 0.063852 0.131782 -0.893908 -1.42184 0.236088
476 -0.76553 -1.2145 -0.076484 -0.169868 0.60671 -0.848597 -1.30084 0.109948
245 -1.08323 -0.729969 0.0442031 0.212829 0.232177 -0.797488 -1.40987 0.230117
109 -1.19237 -0.959075 0.425495 0.117174 -0.0772019 -0.530404 -1.36879 0.492799
101 -1.383 -0.924051 0.242434 0.171676 0.217608 -0.508289 -1.52497 0.661753
769 -1.07599 -0.738026 0.187855 0.162907 0.0561682 -0.869293 -1.39375 0.166241
570 -1.2423 -0.978827 0.261482 0.22103 -0.0507574 -0.790174 -1.2345 0.367054
631 -0.945181 -0.440041 -0.24067 -0.124911 0.0509517 -0.734847 -1.57655 0.89985
70 -1.40375 -0.549261 0.0895982 0.242624 0.583189 -0.39777 -1.13502 0.676881
45 -1.06443 -0.598796 0.138336 0.163782 0.434432 -0.488079 -1.17579 0.530612
623 -1.32877 -0.714373 0.00690044 0.190245 0.679183 -0.577716 -1.16714 0.607374
120 -0.949021 -0.493289 -0.19172 -0.194906 -0.0135747 -0.580675 -1.34201 0.716989
