1000 8
999 -1.34918 -1.4977 0.748246 -0.213484 0.122393 -0.754794 0.261134 0.958865
931 -1.4068 -1.33095 0.927577 -0.447215 0.557208 -0.479015 0.198452 0.537322
91 -1.48318 -1.32081 0.960924 -0.340879 0.649311 -0.353304 0.0227013 0.263705
799 -1.71586 -1.16715 0.52802 -0.833454 0.227268 -0.267495 -0.0527276 0.382721
231 -1.72502 -1.14732 0.456156 -0.795804 0.250695 -0.287431 -0.0157393 0.406643
207 -2.0926 -1.53155 0.304004 -1.1517 0.226111 -0.391216 0.26119 0.317875
220 -1.52728 -0.846224 0.885343 -0.391355 0.0158053 -1.09064 0.225484 0.647018
903 -1.31847 -0.985491 0.484622 -0.595305 0.283522 -0.307833 0.0871736 0.37642
274 -2.00826 -0.569797 1.01822 -0.117262 0.0346241 -1.51192 0.143949 0.771596
317 -1.19876 -1.68926 0.312796 0.293889 -0.0621689 -0.871576 -0.0237095 1.11884
308 -1.23786 -1.93213 0.407279 0.323168 0.0394414 -1.04854 0.262219 1.41
322 -1.23184 -1.71394 0.422672 0.185715 0.11963 -0.847862 0.0418113 1.09069
614 -1.1076 -1.21568 0.521509 0.146475 -0.0396344 -0.843127 0.12758 0.935054
212 -1.13282 -1.77883 0.558701 0.201375 0.0388272 -0.920566 0.0232125 1.04476
552 -1.06226 -1.70539 0.56689 0.192691 -0.161501 -0.834638 0.173602 1.18356
320 -0.912293 -1.60659 0.468669 0.213335 -0.118042 -0.852685 0.177581 1.17141
131 -1.38106 -2.0565 0.564786 0.540205 -0.00818991 -1.26997 0.0429812 1.36277
325 -0.967847 -1.46069 0.474199 0.0946973 -0.0304172 -0.754674 0.0821403 0.998712
922 -1.29127 -1.00577 0.740915 -0.501046 -0.0039466 -0.432364 0.105662 0.530735
278 -1.67059 -0.804721 0.861662 -0.504126 0.322021 -0.230798 0.450608 1.0569
497 -1.5843 -0.804566 0.924879 -0.515411 0.238303 -0.323634 0.45216 0.990808
571 -1.58714 -0.907681 0.9198 -0.49929 0.412723 -0.383169 0.531138 0.992564
287 -1.62083 -0.747827 0.888453 -0.546823 0.261961 -0.248985 0.572738 1.03564
888 -1.24212 -0.963208 0.90547 -0.468232 0.399686 -0.506146 0.489403 0.780477
915 -1.34168 -1.15542 0.682164 -0.528012 0.182998 -0.415732 0.253915 0.53291
24 -1.18624 -1.19917 0.772758 -0.851007 -0.25333 -1.13369 1.0651 1.09378
9 -1.23356 -1.31266 0.726668 -1.05759 -0.405487 -0.69884 0.872959 1.26798
747 -1.79787 -1.31934 0.506362 -1.0111 0.120021 -0.385223 0.0498132 0.32498
214 -1.75386 -1.21017 0.455266 -0.997271 0.0552707 -0.299528 0.109993 0.52194
798 -1.71535 -1.17387 0.498693 -0.955109 0.164308 -0.237929 0.149352 0.615552
496 -1.55384 -1.05893 0.779833 -0.693051 0.476405 -0.45491 0.616872 1.03345
952 -1.37594 -1.05864 0.78847 -0.506386 0.446459 -0.401303 0.372607 0.83322
302 -1.26346 -1.00247 0.781674 -0.423844 0.403061 -0.413581 0.380244 0.769518
279 -1.82957 -0.766116 0.89467 -0.654805 0.42965 -0.0798039 0.570483 1.18418
272 -2.23075 -0.701421 1.17244 -0.533649 0.476332 -0.219678 0.616855 1.42609
383 -1.25416 -1.07453 0.585984 -0.834813 -0.00946721 -0.704244 0.713109 0.863142
913 -1.39416 -1.08022 0.496758 -0.613527 0.135475 -0.342251 0.24021 0.485679
865 -1.58733 -1.23632 0.637904 -0.742587 0.241495 -0.352089 0.0646061 0.375838
236 -1.48251 -1.20642 0.422725 -0.448549 0.168489 -0.363617 -0.00362551 0.524191
15 -2.01728 -1.23593 0.359126 -1.04246 0.243871 -0.24194 0.164818 0.544389
226 -1.86422 -1.28501 0.593595 -0.812268 0.119354 -0.186533 -0.0987309 0.551238
680 -1.44451 -1.49714 0.94007 -0.290605 -0.520327 -0.281297 -0.250343 0.984473
200 -1.23561 -1.16578 0.683515 -0.266529 -0.0749218 -0.140676 -0.225132 0.769092
282 -1.72786 -0.771982 0.89705 -0.525157 0.376565 -0.406459 0.558322 1.2133
99 -1.386 -1.25535 0.907476 -0.386901 0.634018 -0.544447 0.190801 0.557217
277 -1.82078 -0.766853 0.933163 -0.307541 0.656127 -0.340114 0.656435 1.36988
110 -1.35105 -1.23272 1.03637 -0.362138 0.737718 -0.448021 0.243677 0.424868
79 -1.76349 -1.52475 1.46259 -0.428604 1.22359 -0.448105 0.408997 0.0977126
111 -1.3467 -0.978148 0.777349 -0.319403 0.218132 -0.842638 0.0806231 0.497417
120 -1.26779 -1.18343 0.789603 -0.392208 -0.116353 -0.347819 -0.190162 0.265686
90 -1.60373 -1.31158 1.22047 -0.414673 0.799828 -0.330253 0.260608 0.166057
420 -1.526 -1.23381 1.01214 -0.476918 0.677288 -0.418198 0.414873 0.585948
590 -1.44779 -1.24854 1.03653 -0.325005 0.542949 -0.418348 0.1332 0.46614
600 -1.47573 -1.34906 1.05259 -0.43217 0.00353044 -0.352471 -0.172335 0.347917
433 -1.87344 -1.43996 1.125 -0.80478 -0.692239 -0.598793 -0.262272 0.332571
423 -1.40886 -0.997705 0.879075 -0.451044 0.221469 -0.387867 0.278534 0.849055
574 -1.26298 -0.994262 0.721228 -0.303346 0.26009 -0.53933 0.33484 0.831925
273 -1.98956 -0.831286 1.07401 -0.561029 0.618424 -0.45705 0.861772 1.38927
561 -1.10579 -1.39323 1.35325 -0.318597 0.455877 -0.770603 0.244179 0.501797
135 -0.942725 -1.88186 1.73565 -0.0848147 0.488874 -1.16083 0.113351 0.445709
324 -0.889348 -1.5071 0.760584 0.241549 0.200976 -0.839462 0.0696914 0.855999
960 -0.930472 -1.46107 0.454412 -0.187334 0.377867 -0.624164 0.157499 0.936283
950 -1.03991 -1.49088 0.438544 -0.442447 0.471681 -0.449491 0.228554 0.963023
549 -0.991924 -1.3939 0.477347 -0.491692 0.577958 -0.464804 0.277331 0.896332
904 -1.0324 -1.65158 0.460603 -0.690797 0.880836 -0.430187 0.382219 0.990394
707 -0.965827 -1.99038 0.387126 -0.862834 1.25513 -0.474918 0.344082 1.25987
906 -1.04897 -1.61296 0.394533 -0.586698 0.923394 -0.497683 0.372666 0.993758
615 -1.04324 -1.58655 0.504979 -0.429265 0.412209 -0.454263 0.214011 0.941823
667 -1.03047 -1.49378 0.326178 -0.545703 0.794577 -0.490238 0.243152 1.02923
992 -1.23789 -1.28277 0.818857 -0.332876 0.334712 -0.880097 0.132051 0.671584
492 -1.25817 -1.25648 0.977295 -0.258594 0.206762 -0.986456 0.0415267 0.489442
7 -1.48445 -1.83141 0.80407 -0.412959 -0.443784 -0.0960076 -0.442294 1.27195
701 -1.15651 -1.27144 0.640366 -0.368608 -0.123949 -0.4346 0.0169518 0.738176
270 -0.921102 -1.2791 1.01866 -0.246168 0.012042 -0.504941 -0.134574 0.6005
127 -0.802305 -1.93 1.82024 -0.313655 0.280226 -1.35125 0.27174 0.640374
268 -0.820285 -1.16233 1.01874 -0.221622 0.335103 -0.624464 0.262788 0.406918
128 -0.962542 -1.86042 1.89842 -0.63629 0.180996 -1.32483 0.374191 0.230891
362 -1.56915 -1.46704 1.2278 -0.735521 -0.604112 -0.5341 -0.29428 0.147041
432 -1.98276 -1.61411 1.14208 -0.702212 -0.86732 -0.685932 -0.175846 0.367756
822 -1.19935 -1.31782 0.752871 -0.160029 0.409532 -0.618688 0.152968 0.582033
109 -1.2416 -1.35159 1.08762 -0.399498 0.542065 -0.590215 0.113229 0.425251
843 -1.27515 -1.33813 0.967763 -0.283242 0.39266 -0.564841 0.166927 0.576999
739 -0.891745 -1.42981 1.21752 -0.180567 0.379688 -0.865755 0.212135 0.356571
363 -0.892263 -1.55518 1.44964 -0.254039 0.495663 -0.910163 0.0852551 0.178862
80 -1.6142 -1.55556 1.20223 -0.0934572 1.13049 -0.390865 0.157623 0.441895
583 -1.34902 -1.28416 0.884429 -0.448012 0.526804 -0.379061 0.138737 0.360837
98 -1.35618 -1.2086 0.919354 -0.403982 0.723493 -0.414515 0.169178 0.379102
61 -1.21184 -1.16828 0.990126 -0.450471 0.441736 -0.421816 0.373262 0.476925
461 -1.34271 -1.26742 1.06484 -0.443584 0.653616 -0.33941 0.276194 0.343864
141 -0.767185 -1.77366 1.59384 -0.243578 0.4416 -1.04159 0.100804 0.250104
907 -0.857497 -1.67839 0.778315 -0.505365 0.690846 -0.574533 0.221966 0.635164
330 -1.05488 -1.51371 0.485485 0.0318012 0.202045 -0.677402 0.0256117 0.94516
911 -1.12317 -1.48673 0.573191 0.0235182 0.167222 -0.757467 0.0256305 0.82802
315 -1.13194 -2.0247 0.351073 0.346871 0.0566514 -0.960858 0.126276 1.41084
11 -1.01149 -2.01962 0.513788 0.491195 -0.0458518 -1.25206 0.261732 1.48685
554 -1.13055 -1.28396 0.663674 -0.0763884 0.14976 -0.899949 0.0900769 0.78608
695 -0.837713 -1.71002 0.412311 -0.78042 0.897166 -0.499899 0.371358 1.08164
378 -0.768115 -1.23666 1.06311 -0.281871 0.2538 -0.825138 0.231366 0.388755
366 -0.92164 -1.49894 1.49591 -0.314979 0.45942 -0.847903 0.152559 0.197933
259 -0.781291 -1.48574 1.29073 -0.269975 0.378311 -0.928762 0.138809 0.256035
893 -1.22734 -1.24942 0.997517 -0.271314 0.584807 -0.616851 0.170161 0.397108
975 -1.40963 -1.20006 0.94496 -0.446706 0.582806 -0.622876 0.214324 0.460732
101 -1.26863 -1.17996 1.01786 -0.462705 0.375729 -0.581343 0.359943 0.531183
217 -1.26976 -1.292 0.926336 -0.383911 0.730721 -0.502516 0.245174 0.378717
400 -1.25852 -1.32672 1.13078 -0.377157 0.650459 -0.682256 0.238638 0.356715
753 -1.39198 -0.896518 0.982796 -0.221682 0.0983376 -1.19975 0.187834 0.691208
64 -1.30771 -0.88134 0.859241 -0.329179 -0.0735626 -1.19451 0.2903 0.583636
1 -1.12015 -1.3771 1.13721 -1.00856 -0.138727 -1.26197 1.13001 0.965042
68 -0.924798 -0.941443 0.726785 -0.573129 0.0928464 -0.720727 0.678888 0.7382
66 -1.00112 -1.09809 0.693221 -0.695117 -0.0328171 -0.72308 0.813005 0.861384
464 -1.09 -1.26034 0.804254 -0.57518 -0.0852347 -0.689026 0.341718 0.767658
447 -1.5384 -1.53226 0.992414 -0.511301 -0.236214 -0.557326 -0.169427 0.516293
404 -1.39352 -0.949372 0.963809 -0.182487 0.166368 -1.04432 -0.00742605 0.359136
522 -1.40347 -0.959266 0.771783 -0.209022 -0.0564815 -1.09681 0.0327722 0.505584
885 -1.33734 -1.06887 0.771637 -0.210203 0.00381481 -0.821865 0.0374527 0.513025
635 -1.97695 -1.18151 0.589505 -1.0428 0.271345 -0.344278 0.0609941 0.309857
229 -1.69417 -1.22208 0.593311 -0.750234 0.454921 -0.228082 0.0132789 0.258894
149 -0.996769 -1.34309 1.23763 -0.267548 0.327888 -0.706524 -0.0329337 0.135659
435 -1.75837 -1.73581 1.09946 -0.756051 -0.41937 -0.470619 -0.481579 0.196327
436 -1.70112 -1.6426 1.11372 -0.596438 -0.550367 -0.618368 -0.337401 0.216146
919 -1.63077 -1.31334 0.837984 -0.707782 -0.509506 -0.563358 -0.12501 0.46999
781 -1.51413 -1.32085 1.25493 -0.380606 0.844578 -0.422038 0.233406 0.298983
856 -1.62289 -1.35207 1.11655 -0.40293 0.672368 -0.202982 0.0413722 0.191474
879 -1.6682 -1.17115 0.718039 -0.781207 0.32213 -0.240313 0.154991 0.345558
74 -1.19629 -0.997541 0.572101 -0.683827 0.18752 -0.428358 0.370667 0.549905
88 -2.10367 -1.39593 0.635681 -1.07348 0.578843 -0.200291 0.0246116 0.340432
215 -1.94742 -1.33423 0.550817 -0.946505 0.458007 -0.178788 0.0410267 0.307334
125 -0.886609 -2.01067 1.73013 -0.167079 0.394228 -1.17639 0.125939 0.424295
138 -0.598353 -1.55884 1.44965 -0.288123 0.425068 -1.2176 0.266576 0.363623
365 -0.859744 -1.56358 1.55991 -0.312417 0.363954 -1.07444 0.222544 0.246253
269 -0.721905 -1.26279 1.15419 -0.145416 0.204046 -0.708075 0.0779714 0.386685
250 -0.777656 -1.65243 1.53273 -0.037916 0.391139 -1.11077 0.128498 0.342088
311 -1.24571 -1.99053 0.570399 0.504571 -0.0216513 -1.00596 0.0356093 1.26649
8 -1.40157 -1.696 0.413902 0.447223 -0.0299954 -0.890408 0.263424 1.58463
27 -0.905957 -1.36296 0.756645 -0.720198 -0.195581 -1.10217 0.871936 1.04487
62 -0.950749 -1.14553 0.827778 -0.710053 -0.102535 -0.739432 0.77531 0.821106
32 -1.07109 -1.34044 0.658875 -0.508868 -0.219538 -0.868058 0.802492 1.11404
6 -1.15795 -1.51279 0.805976 -0.945061 -0.380316 -1.18003 0.956344 1.18726
37 -1.05802 -1.02713 0.723043 -0.667572 -0.0874526 -0.778303 0.831958 0.823575
51 -1.18522 -1.33903 0.912908 -0.941625 -0.449671 -0.975078 0.934247 0.98814
920 -0.928469 -1.06553 0.716279 -0.618778 -0.221046 -0.605814 0.459192 0.652957
52 -1.20879 -1.17024 0.677507 -0.828268 -0.446179 -0.865346 0.81048 1.11989
28 -1.04129 -1.15701 0.693038 -0.756256 -0.268398 -0.965173 0.894378 0.973743
816 -1.43816 -1.20381 0.43087 -0.576961 0.180907 -0.42117 0.112787 0.546869
225 -1.65488 -1.04188 0.462212 -1.07335 0.0214911 -0.291722 0.371061 0.416375
945 -1.55478 -1.30602 0.541563 -0.638276 0.188428 -0.293416 0.0786353 0.457766
210 -1.84799 -1.26465 0.498229 -1.00724 0.443696 -0.20011 0.171341 0.466253
381 -1.48053 -0.77459 0.849108 -0.140737 -0.00148071 -1.36461 0.266836 0.592928
275 -1.26446 -1.61176 0.419828 0.43292 -0.0660041 -0.92338 0.210163 1.35293
387 -1.0862 -1.11624 0.551552 -0.838126 -0.245164 -0.67459 0.7212 0.833114
380 -0.894839 -1.33959 0.957327 -0.756268 -0.134996 -1.05178 0.897531 0.945683
31 -1.03941 -1.27317 0.626846 -0.882791 -0.157176 -0.783792 0.858291 0.954268
60 -0.980271 -1.11013 0.565821 -0.592239 -0.147018 -0.880603 0.750171 0.944473
5 -1.21202 -1.27842 0.999085 -1.05208 0.000501766 -1.20162 1.24164 1.03676
33 -1.0578 -1.46264 0.554825 -0.591439 0.374122 -0.581973 0.446804 0.937211
732 -0.957729 -1.36567 0.606376 -0.821129 0.327794 -0.589226 0.520151 0.925754
651 -1.07722 -1.73144 0.325435 -0.896391 1.04595 -0.27044 0.180963 1.04144
948 -1.41965 -1.38134 0.804268 -0.384988 0.440033 -0.543834 0.181932 0.654579
89 -1.42062 -1.28891 1.10658 -0.49462 0.646009 -0.441561 0.447207 0.455722
12 -1.09354 -1.29755 0.969678 -0.868826 -0.223639 -0.929447 0.939588 1.1341
811 -1.10597 -1.05713 0.624382 -0.660939 0.0329519 -0.61237 0.566935 0.772242
18 -1.10702 -1.30772 0.879806 -0.944562 -0.320646 -1.07977 1.04646 1.11497
0 -1.04132 -1.53286 0.904219 -0.88709 -0.56299 -1.04924 0.986831 1.34588
331 -1.0194 -1.43533 0.673598 -0.0337341 0.0491784 -0.693748 0.119736 0.803702
313 -1.28981 -1.86119 0.355254 0.35309 -0.141678 -0.897063 -0.0999141 1.14351
558 -1.11791 -1.18196 0.489818 -0.130962 0.114246 -0.563446 0.23021 0.876367
817 -1.31497 -1.61147 0.709585 -0.0208476 0.173115 -0.820627 0.17046 1.00975
849 -1.16571 -1.48312 0.510337 0.0199568 0.0555046 -0.745827 0.201587 1.01845
613 -1.04462 -1.48657 0.760647 -0.0663214 0.0672494 -0.901167 0.160419 0.900103
636 -2.17874 -1.46375 0.466725 -1.03899 0.505011 -0.0872175 0.0601529 0.351419
964 -1.49304 -1.12146 0.621328 -0.70716 0.355018 -0.357095 0.134109 0.334863
930 -1.2033 -1.33481 1.04169 -0.278299 0.72445 -0.407392 0.0810028 0.444438
97 -1.11654 -1.29988 1.15447 -0.185431 0.763151 -0.341837 0.0268503 0.393524
117 -1.22826 -1.1996 0.997591 -0.238839 0.659731 -0.51816 0.0868777 0.447124
36 -1.04474 -1.13708 0.776477 -0.612525 -0.126827 -0.830843 0.664689 0.855031
3 -1.3284 -1.3909 0.643121 -1.01839 -0.262239 -0.962665 1.07291 1.1716
30 -1.06962 -1.17966 0.69997 -0.680773 -0.169988 -0.840148 0.750174 0.938096
216 -2.02097 -1.3425 0.447521 -0.817279 0.282846 -0.268714 0.0742617 0.497653
973 -1.55548 -0.920249 0.869118 -0.322975 0.239678 -0.737299 0.203997 0.66412
523 -1.58327 -0.98988 0.877706 -0.31105 0.0890011 -0.947605 0.10043 0.560695
527 -1.45854 -1.24131 0.913924 -0.27612 0.104354 -1.06433 0.0242452 0.655307
441 -1.3829 -1.33972 0.885116 -0.500992 -0.490549 -0.581441 -0.0992636 0.387768
629 -1.54529 -1.31377 0.733556 -0.61575 -0.455566 -0.502818 -0.210578 0.430716
595 -1.44916 -1.44427 0.774523 -0.564879 -0.386886 -0.449108 -0.113104 0.550569
925 -1.28073 -1.18994 0.66836 -0.573619 -0.160566 -0.536628 0.0899032 0.476528
591 -1.62493 -1.3272 1.00811 -0.776871 -0.57503 -0.510125 -0.118498 0.355298
345 -1.47855 -1.21932 0.874505 -0.595422 -0.376501 -0.357056 -0.12009 0.642431
709 -0.995748 -1.56426 0.36156 -0.705201 0.91526 -0.287584 0.306224 0.919953
936 -0.950676 -1.21719 0.548011 -0.576282 0.635259 -0.338024 0.281537 0.862491
174 -1.01588 -1.71653 0.464707 -0.879928 0.749713 -0.474117 0.335954 1.22227
880 -1.17686 -1.40954 0.387716 -0.536179 0.532801 -0.403925 0.294295 0.811096
211 -1.91068 -1.18411 0.422282 -1.02669 0.202145 -0.173691 0.178338 0.434292
881 -1.6269 -1.30455 0.718747 -0.673872 0.256807 -0.300274 0.171299 0.650471
223 -1.67486 -1.05233 0.509537 -0.925978 0.276786 -0.215958 0.220498 0.464113
218 -1.86305 -1.269 0.499389 -0.661918 0.167086 -0.336025 -0.0692993 0.40248
426 -1.26049 -0.811603 0.710989 -0.368131 0.308228 -0.398821 0.438079 0.837747
886 -1.5137 -0.906889 0.745571 -0.50704 0.42169 -0.367578 0.479116 0.9287
276 -1.83038 -0.703797 0.831778 -0.232162 0.526114 -0.399189 0.553927 1.27419
280 -1.91804 -0.675411 1.03765 -0.664124 0.541009 -0.394844 0.911579 1.40182
271 -2.00706 -0.71825 1.02779 -0.365082 0.691808 -0.289368 0.777815 1.5899
304 -1.27329 -0.863345 0.738218 -0.471367 0.437002 -0.350915 0.405315 0.850234
724 -1.16708 -1.28659 0.721998 -0.5394 0.4995 -0.535511 0.307625 0.768233
654 -1.10167 -1.33761 0.664845 -0.594714 0.32902 -0.448242 0.0648025 0.640666
699 -1.44884 -1.43529 0.807506 -0.254166 -0.149069 -0.345415 -0.244032 0.775869
685 -1.42741 -1.42411 0.802048 -0.210913 -0.0921663 -0.299555 -0.172507 0.852794
834 -1.38826 -1.28628 0.914453 -0.330692 0.480891 -0.37579 0.0369987 0.577228
589 -1.24517 -1.16448 0.913598 -0.204365 0.665907 -0.406338 0.0729931 0.419366
136 -1.55967 -1.32196 1.29515 -0.254109 1.08975 -0.260481 0.167351 0.322571
807 -1.29232 -1.41849 0.841254 -0.248034 0.253379 -0.406016 0.0734548 0.698404
93 -1.31364 -1.33427 1.22975 -0.292172 0.83783 -0.42553 0.190195 0.508522
166 -0.972108 -1.53093 1.27272 -0.207196 0.397496 -0.85085 0.166359 0.461677
118 -1.12859 -1.19636 0.901963 -0.301997 0.503592 -0.473071 0.0538833 0.275591
122 -1.32723 -1.23871 0.771485 -0.451702 -0.0417597 -0.307128 -0.27786 0.312006
459 -1.18345 -1.17765 0.713409 -0.526675 -0.213558 -0.4358 -0.00912907 0.350382
440 -1.56113 -1.48586 0.820226 -0.524766 -0.366858 -0.448975 -0.323673 0.472408
439 -1.46203 -1.36321 0.860355 -0.723154 -0.596484 -0.503188 -0.0116675 0.480253
347 -1.15546 -1.42474 0.854323 -0.318243 0.0455593 -0.323584 -0.219538 0.841223
687 -1.32924 -1.5258 0.953347 -0.403439 -0.153646 -0.333136 -0.155043 0.938775
710 -1.04612 -1.56186 0.559553 -0.55138 0.820673 -0.463436 0.209978 0.96342
944 -1.06634 -1.43884 0.68242 -0.515451 0.590493 -0.552556 0.283123 0.862927
742 -0.946934 -1.45877 0.852593 -0.0955478 0.209713 -0.78702 0.179093 0.774886
319 -1.19984 -1.65342 0.531508 0.314988 0.00011227 -0.933304 0.00630208 1.09627
517 -1.71774 -1.06886 0.900809 -0.0549803 0.0972476 -1.32934 -0.0585174 0.643253
755 -1.63234 -1.00469 0.99993 -0.145756 0.09816 -1.02381 -0.107012 0.467876
86 -1.6168 -1.37619 1.1231 -0.222684 1.06952 -0.331555 0.22312 0.314055
858 -1.15991 -1.52575 0.542375 0.0200915 0.289077 -0.640573 0.0696281 0.902467
873 -1.21165 -1.55318 0.614452 0.0339151 0.0330847 -0.675187 0.035389 1.01152
610 -1.21838 -1.80966 0.676177 0.186206 0.130616 -0.865757 0.157012 1.11025
991 -0.89337 -1.44335 0.871794 -0.153641 0.283552 -0.713971 0.11525 0.478901
262 -0.958697 -1.38557 1.05551 -0.228316 0.303351 -0.717268 0.0970043 0.541132
266 -0.85614 -1.49155 1.29276 -0.22767 0.239541 -0.862831 0.168025 0.506975
599 -0.877175 -1.36573 1.18928 -0.142128 0.258117 -0.687439 -0.0915043 0.386128
605 -1.32844 -1.20539 0.854343 -0.347991 0.0210534 -0.709048 0.0693773 0.450054
501 -1.26852 -1.17074 0.912842 -0.243952 0.14939 -0.750557 0.140488 0.617967
56 -1.24036 -1.28608 0.629281 -1.0832 -0.284787 -0.831834 0.946771 0.946214
625 -1.19093 -1.02292 0.560353 -0.723386 -0.216816 -0.704374 0.709541 0.833512
94 -1.43926 -1.04539 1.06559 -0.382187 0.664612 -0.287415 0.25959 0.367681
281 -1.44711 -1.20848 0.934118 -0.0942305 0.791238 -0.44378 0.196764 0.500262
115 -1.21157 -1.20099 0.883637 -0.312415 0.71229 -0.400807 0.176562 0.397598
100 -1.19353 -1.38319 0.877615 -0.31071 0.622876 -0.516299 0.210293 0.536424
894 -1.2753 -1.15097 0.930742 -0.408305 0.554543 -0.437393 0.214176 0.55934
870 -1.22724 -1.18539 0.898762 -0.310488 0.488805 -0.457869 0.222449 0.53214
463 -0.932322 -1.01981 0.704045 -0.64105 -0.186585 -0.788339 0.686593 0.829441
789 -1.46645 -1.38997 1.10634 -0.387229 0.717282 -0.516006 0.253336 0.266567
344 -1.42774 -1.42698 0.805252 -0.297356 -0.107869 -0.294962 -0.188199 0.848072
342 -1.37984 -1.37217 0.809111 -0.432684 -0.415982 -0.399471 -0.0888182 1.11262
743 -0.787033 -1.23444 1.11608 -0.319807 0.443841 -0.699387 0.25741 0.438134
253 -0.825031 -1.64038 1.45174 -0.284314 0.382037 -1.05734 0.223137 0.292021
148 -0.652694 -1.5048 1.3747 -0.228869 0.426353 -0.883642 0.0486564 0.287747
249 -0.923031 -1.84211 1.73493 -0.210098 0.441649 -1.05462 0.108821 0.326613
396 -0.772776 -1.58964 1.30246 -0.231248 0.324996 -0.96831 0.283086 0.425525
129 -0.946449 -1.90123 1.72843 -0.411049 0.48724 -1.20496 0.250416 0.274786
243 -1.3817 -1.18478 0.719568 -0.507475 -0.0997822 -0.332804 -0.16645 0.443326
626 -1.678 -1.69444 0.997405 -0.559234 -0.453341 -0.506106 -0.530909 0.285638
442 -1.59195 -1.30637 0.891903 -0.664763 -0.396764 -0.327479 -0.14443 0.384356
653 -1.51144 -1.28753 0.92363 -0.44579 -0.200013 -0.335031 -0.311862 0.420817
453 -1.39549 -1.26247 0.841188 -0.402366 -0.241327 -0.542262 -0.301405 0.366459
457 -1.35465 -1.1812 0.888073 -0.388894 0.246361 -0.29775 -0.0161901 0.285731
836 -1.24836 -1.22451 0.818317 -0.286531 0.390776 -0.464682 0.18161 0.45373
192 -1.32013 -1.23391 1.00486 -0.313082 0.533393 -0.391986 0.0717683 0.517866
124 -1.40867 -1.25569 0.922311 -0.380416 0.298607 -0.477777 -0.0014372 0.483649
791 -1.35987 -1.25013 0.909661 -0.374701 0.654404 -0.385746 0.00691841 0.346463
989 -1.18823 -1.24785 1.00733 -0.288629 0.369999 -0.597966 0.174303 0.490327
581 -1.41868 -1.29312 0.968608 -0.36732 0.674365 -0.464331 0.100942 0.430884
458 -1.32788 -1.18107 0.763835 -0.380448 -0.252746 -0.4652 -0.144286 0.260404
924 -1.45099 -1.22192 0.992622 -0.402814 0.384667 -0.487738 0.118952 0.446684
594 -1.49477 -1.40918 0.991392 -0.528756 -0.339697 -0.616623 -0.263527 0.275002
666 -1.63534 -0.999603 0.908015 -0.31066 0.0261217 -1.12666 0.040078 0.671082
502 -1.51533 -0.86498 0.763601 -0.520524 0.435712 -0.292508 0.40339 0.974323
536 -1.31304 -1.60758 0.520257 0.330826 -0.0640715 -0.961903 0.243081 1.42489
804 -1.18866 -1.28759 0.577237 -0.106159 0.0528269 -0.613926 0.0967889 0.84899
476 -0.872328 -1.4582 0.558295 0.173264 0.0636 -0.785452 0.0475173 0.969507
612 -0.958636 -1.41577 0.709683 -0.019187 -0.0126326 -0.894558 0.290046 0.933508
977 -1.13221 -1.5299 0.576982 -0.0582834 0.169049 -0.782987 0.125576 0.937861
434 -1.82757 -1.77839 1.26482 -0.686084 -0.679683 -0.826517 -0.434948 0.0377289
328 -1.05922 -1.37104 0.348004 0.105269 -0.0462589 -0.529058 -0.021515 0.876127
631 -1.47442 -1.35554 0.796676 -0.416273 -0.133943 -0.484201 -0.202667 0.476364
516 -1.19953 -1.70418 0.463086 -0.809487 0.849959 -0.425249 0.144569 0.81095
727 -1.02092 -2.17515 0.346741 -0.807809 1.27256 -0.355999 0.235828 1.33755
706 -1.13803 -2.03309 0.204079 -0.842796 1.07001 -0.447454 0.320754 1.22952
777 -0.969452 -1.59884 0.390171 -0.0400919 0.348704 -0.681053 0.063909 1.00163
899 -1.02243 -1.30504 0.640073 -0.0726394 0.164166 -0.614849 0.222112 0.745665
312 -1.29809 -1.98015 0.455306 0.399264 -0.0834483 -1.00279 0.0210325 1.41991
841 -1.52795 -1.34558 0.970651 -0.402515 0.453351 -0.533277 0.0813411 0.598997
869 -1.14943 -1.39561 0.477927 0.167463 0.00569137 -0.700455 0.0437847 0.898863
467 -1.25246 -1.85811 0.42722 0.425846 0.0513811 -1.0036 0.193826 1.40033
726 -1.31679 -1.94131 0.26381 0.373685 0.100225 -0.968202 0.163899 1.53202
728 -0.885935 -1.75293 0.447011 -0.706121 1.19259 -0.386804 0.245781 0.933934
908 -1.04612 -1.49319 0.544691 -0.484995 0.723975 -0.388629 0.231306 0.809944
985 -1.28871 -1.56596 0.672943 -0.574798 0.653543 -0.344601 0.202635 1.13183
847 -0.938576 -1.54313 0.554175 -0.542675 0.647334 -0.31696 0.209319 0.835629
107 -1.21807 -1.25378 1.05759 -0.404653 0.516606 -0.399524 0.203318 0.385578
744 -0.819933 -1.3536 1.26753 -0.225193 0.35068 -0.841433 0.137505 0.364265
133 -0.899283 -1.8747 1.74923 -0.289864 0.342705 -1.15955 0.298077 0.453703
403 -0.802618 -1.51008 1.40078 -0.256018 0.327562 -1.00769 0.101598 0.210876
182 -1.57943 -1.42822 0.875051 -0.516026 -0.108562 -0.112999 -0.387731 1.00066
852 -1.24253 -1.09598 0.634597 -0.381389 0.000355056 -0.335503 -0.102557 0.672406
340 -1.65185 -1.7899 0.830968 -0.180349 -0.401949 -0.224608 -0.461377 1.30681
864 -1.33661 -1.26894 0.67567 -0.253741 -0.0288278 -0.43618 -0.13465 0.786622
929 -1.20446 -1.30549 0.795115 -0.355356 -0.0291012 -0.364794 -0.136173 0.84213
105 -1.25044 -1.23786 0.962701 -0.397722 0.521745 -0.469915 0.286872 0.455072
113 -1.1798 -1.12405 0.773595 -0.515407 0.342392 -0.425498 0.357794 0.513572
875 -1.41711 -1.46467 0.853974 -0.246672 -0.09594 -0.276918 -0.298822 0.721682
674 -1.13548 -1.13618 0.669599 -0.154123 0.181443 -0.785549 0.109169 0.750409
662 -1.95045 -0.882756 0.876605 -0.0352199 0.100366 -1.51662 -0.0141387 0.585314
678 -1.2854 -0.828542 0.657599 -0.257667 0.174204 -0.73518 0.213384 0.680397
515 -1.8792 -0.83485 1.02584 -0.160455 -0.126827 -1.58773 -0.0134385 0.730963
263 -1.27298 -0.987489 1.0296 -0.153958 0.104242 -1.12653 0.107604 0.495618
310 -1.28832 -1.98908 0.379469 0.271348 -0.17604 -0.977747 0.145352 1.39723
551 -1.19841 -1.66918 0.532468 0.419797 -0.0651986 -1.2424 0.243975 1.22887
316 -0.989525 -1.79392 0.370769 0.373278 -0.0104947 -0.994631 0.07774 1.17618
82 -0.836466 -1.81207 1.64124 -0.33477 0.418968 -1.2805 0.278319 0.512224
25 -1.12598 -1.19661 0.785082 -0.923556 -0.0977924 -0.895138 0.905215 0.901415
76 -0.94492 -1.06646 0.677124 -0.654797 -0.114507 -0.723631 0.607246 0.905915
390 -0.99214 -1.03709 0.669894 -0.783374 -0.257191 -0.7405 0.689319 0.757209
21 -1.19629 -1.21386 0.885272 -0.821347 -0.344399 -0.804849 0.876987 0.99507
71 -0.846764 -1.0428 0.793949 -0.477922 -0.00612308 -0.796231 0.527942 0.729097
83 -1.4142 -1.29473 1.12791 -0.431038 0.893718 -0.418985 0.500081 0.386149
379 -0.984692 -1.10894 1.06468 -0.268582 0.512098 -0.511096 0.109679 0.312673
150 -0.619439 -1.42913 1.32486 -0.233438 0.198259 -1.0751 0.441511 0.367725
563 -0.89385 -1.53929 1.25862 -0.266787 0.405599 -0.854385 0.187643 0.394444
137 -0.698239 -1.64733 1.36843 -0.259469 0.330563 -1.1665 0.292028 0.507198
16 -1.01063 -1.37399 0.810898 -0.913837 -0.269198 -1.07399 1.04162 1.05536
702 -1.31392 -1.14255 0.523152 -0.547872 0.208748 -0.389486 0.00843242 0.44389
201 -1.26594 -1.2566 0.708934 -0.326611 0.0513636 -0.148866 -0.317964 0.818248
168 -1.60878 -1.72159 0.866094 -0.36613 -0.445077 -0.00926581 -0.4947 1.48255
349 -1.14942 -1.2465 0.723842 -0.379297 -0.266454 -0.215363 -0.156655 0.872912
792 -1.29787 -1.33032 1.04849 -0.255372 0.667146 -0.518689 0.210152 0.430131
203 -1.09853 -1.46694 1.03545 -0.20388 0.148008 -0.380699 -0.244269 0.70973
998 -1.36374 -1.3884 0.915596 -0.39578 0.157585 -0.541936 0.0868209 0.841651
126 -1.44129 -1.86899 1.208 -0.383292 -0.112927 0.146338 -0.597046 1.28833
172 -1.42117 -1.62504 0.954909 -0.184358 -0.186443 -0.233527 -0.473783 0.897947
377 -1.13021 -1.14486 1.13698 -0.250801 0.241446 -1.0311 -0.00357693 0.353343
676 -1.28863 -1.1509 0.993162 -0.18462 0.296422 -0.836583 -0.036916 0.370649
50 -1.79305 -0.870433 1.04303 -0.178006 0.0142731 -1.86746 0.1129 0.676047
785 -1.40518 -0.894312 0.874023 -0.188041 0.126451 -0.872326 0.0976536 0.508604
760 -1.42579 -0.79888 0.753484 -0.186033 0.0950296 -1.02993 0.00694488 0.530913
665 -1.53955 -0.938077 0.951441 -0.110583 0.0520644 -1.22267 0.148662 0.496076
170 -2.2144 -1.46939 0.442487 -1.10868 0.244491 -0.0100106 -0.178499 0.573882
617 -1.53484 -1.04992 0.512707 -0.792734 0.172717 -0.322833 0.255465 0.487979
237 -1.4379 -1.20403 0.599076 -0.796054 0.0850835 -0.403937 0.3678 0.645936
866 -1.44658 -1.35448 0.670257 -0.569263 0.332803 -0.48217 0.127902 0.611867
803 -1.56432 -1.13609 0.602123 -0.594561 0.153135 -0.287561 0.0608909 0.583466
209 -2.14854 -1.33762 0.535086 -1.1186 0.240583 -0.154036 0.0462842 0.603782
780 -1.31954 -1.32071 1.07365 -0.344124 0.782192 -0.474887 0.191211 0.245715
452 -1.43461 -1.36114 0.837446 -0.38714 -0.120733 -0.535114 -0.185034 0.526559
449 -1.38278 -1.14273 0.877084 -0.344021 -0.312401 -0.681071 -0.0758898 0.450825
521 -0.936027 -1.37551 1.21333 -0.156466 0.238387 -0.919114 0.120307 0.269511
370 -0.875604 -1.46044 1.43847 -0.230604 0.463471 -0.897844 0.147797 0.233943
165 -0.969927 -1.41368 1.0982 -0.155524 0.343396 -0.820555 0.160366 0.444738
55 -0.796636 -1.29937 1.24566 -0.888845 -0.184515 -1.14645 0.909161 0.738232
386 -1.08763 -1.13564 0.781485 -0.855875 -0.150982 -0.767349 0.872131 0.912155
2 -1.07704 -1.35252 1.08349 -1.00806 -0.301693 -1.26547 0.993066 0.903741
388 -0.838666 -1.186 0.992958 -0.557403 -0.0309097 -0.944015 0.769284 0.756759
130 -0.894812 -1.75967 1.74789 -0.467559 0.204375 -1.33972 0.423845 0.485646
303 -1.37963 -0.909272 0.868439 -0.389334 0.400274 -0.394045 0.356879 0.793835
69 -1.2403 -0.688081 0.665548 -0.508983 0.223841 -0.42201 0.575928 0.914147
505 -1.55926 -1.08171 0.671673 -0.662046 0.344626 -0.319569 0.307838 0.636658
395 -1.50378 -1.40484 1.04933 -0.735496 0.352901 -0.574705 0.180387 0.22715
969 -1.59706 -1.36873 0.636301 -0.701214 0.221558 -0.373243 0.166201 0.496679
221 -1.87477 -1.32498 0.532899 -0.872367 0.308085 -0.164114 0.0758963 0.461345
578 -1.59087 -1.38297 1.16506 -0.113313 1.11237 -0.443392 0.210863 0.392761
545 -1.26872 -1.19158 1.04722 -0.416642 0.538721 -0.567897 0.387061 0.464857
802 -1.64709 -1.30945 0.639541 -0.70421 0.139337 -0.407804 0.121365 0.596985
645 -1.57971 -1.32965 0.566356 -0.441386 0.130214 -0.507521 0.052146 0.705088
446 -1.81338 -1.24548 0.557157 -0.888738 -0.00374266 -0.183701 0.0239637 0.421214
227 -1.94462 -1.21231 0.6096 -1.03716 0.0969126 -0.270296 0.13131 0.488773
339 -1.52741 -1.52015 0.797044 -0.487828 -0.46425 -0.0909903 -0.23399 1.14963
892 -1.16146 -1.21272 0.873062 -0.398877 -0.101583 -0.457119 -0.131476 0.322978
491 -1.30187 -1.22192 0.85503 -0.429837 -0.0812988 -0.596194 -0.0885202 0.227601
592 -1.75485 -1.45328 1.00016 -0.62046 -0.419655 -0.556625 -0.294161 0.36898
815 -1.48454 -1.16351 0.655057 -0.639922 0.0940097 -0.300426 -0.01584 0.183905
766 -1.63419 -1.19226 0.495454 -0.669266 0.130817 -0.194937 -0.0300031 0.395399
639 -1.68039 -1.11585 0.537961 -0.738675 0.207896 -0.227855 0.0281334 0.404013
912 -1.74799 -1.3078 0.595391 -0.673279 0.175561 -0.248545 0.0517358 0.436516
81 -0.7391 -1.79645 1.64315 -0.364322 0.444345 -1.12663 0.394728 0.503053
75 -0.59011 -1.26936 1.21604 -0.240484 0.241483 -0.887478 0.307019 0.369746
157 -0.843432 -1.46654 1.27232 -0.280607 0.38719 -0.873057 0.152853 0.268587
140 -0.900312 -1.51655 1.39878 -0.360688 0.224606 -0.904122 -0.0136277 0.222647
982 -1.33345 -1.15328 0.610854 -0.576513 0.129807 -0.390222 0.204885 0.602884
994 -1.32309 -1.20033 0.683608 -0.514508 0.2499 -0.464353 0.0818777 0.496639
968 -1.54405 -1.15506 0.680875 -0.504614 0.306584 -0.382463 0.114265 0.526112
283 -1.67093 -0.790764 0.933051 -0.427807 0.594023 -0.30071 0.519587 1.11071
414 -1.70887 -0.76442 1.0556 -0.440766 0.464037 -0.495057 0.54787 1.01328
499 -1.51709 -0.815057 0.834082 -0.347823 0.377642 -0.218968 0.325742 0.798551
121 -1.27368 -1.22011 0.989203 -0.465281 0.609248 -0.480346 0.294247 0.383311
22 -1.25011 -1.20164 0.872087 -0.955283 -0.207863 -0.973511 1.02421 0.95965
53 -0.974028 -1.32706 0.985655 -0.893498 -0.300465 -1.25466 1.05319 1.16982
939 -1.19508 -1.11109 0.691811 -0.605283 0.0216781 -0.646707 0.583643 0.785765
20 -1.44374 -1.20997 0.702088 -0.925366 -0.333873 -0.945907 0.9677 1.11005
247 -0.95267 -1.66852 0.708337 0.445561 0.0503805 -1.04392 0.0584699 1.11981
976 -1.18352 -1.43211 0.662259 -0.152558 0.175658 -0.645202 0.17245 0.775529
846 -1.06924 -1.52526 0.462469 -0.57053 0.692692 -0.32154 0.231508 0.772621
825 -1.02367 -1.63811 0.594966 -0.703029 0.871146 -0.521399 0.355908 0.961755
827 -1.15456 -1.57722 0.458534 -0.546544 0.646733 -0.486521 0.306344 1.00407
54 -0.837785 -1.72656 0.270566 -0.845431 1.01003 -0.359006 0.398406 1.12798
546 -1.10305 -1.21965 0.758263 -0.734545 -0.30438 -0.927082 0.785894 0.982218
542 -1.04313 -1.01805 0.644868 -0.710974 -0.0851161 -0.848772 0.681651 0.855207
848 -1.20018 -1.43763 0.596213 -0.0369434 0.0170495 -0.821907 0.177121 0.932431
831 -1.04915 -1.38835 0.434487 -0.132554 0.00728766 -0.591365 0.123932 0.793661
468 -1.11314 -1.74489 0.319403 0.0954954 -0.105318 -0.855787 0.233488 1.27351
164 -0.885951 -1.3391 1.14409 -0.195238 0.409628 -0.743273 0.0882165 0.328772
658 -0.986178 -1.34397 1.09651 -0.332365 0.334574 -0.894995 0.240912 0.503407
962 -1.03974 -1.44472 1.25073 -0.276866 0.419046 -0.703892 0.0520918 0.462234
70 -0.992255 -1.1162 0.76965 -0.595235 -0.0879589 -0.784558 0.707224 0.817068
296 -1.46283 -0.83046 0.704935 -0.449407 0.538733 -0.259906 0.535406 1.06004
290 -1.65526 -0.793307 0.764385 -0.707128 0.489264 -0.266464 0.447976 0.857129
921 -1.40692 -1.09685 0.942799 -0.429084 0.521586 -0.416481 0.459758 0.990527
882 -1.07656 -1.33416 0.472591 0.120569 -0.0709616 -0.955643 0.0592392 0.934185
294 -1.4111 -0.823919 0.836832 -0.366064 0.422003 -0.374257 0.398883 0.908759
832 -1.11127 -1.48563 0.553629 -0.603375 0.66611 -0.345289 0.251123 0.873235
577 -1.35316 -1.09747 0.704852 -0.401842 0.433941 -0.423285 0.392423 0.77932
887 -1.22862 -0.966538 0.725481 -0.474129 0.345267 -0.36101 0.396379 0.812806
844 -1.20089 -1.12163 0.980101 -0.335048 0.450767 -0.449253 0.217366 0.465781
85 -1.46797 -1.28276 1.22815 -0.16672 0.797097 -0.494367 0.365594 0.267917
485 -1.0514 -1.39922 0.588956 0.0427414 0.0547778 -0.659102 0.0709106 0.816142
321 -1.1573 -1.73352 0.493212 0.196818 -0.0694353 -0.866786 0.166308 1.15643
309 -1.47266 -2.0423 0.3852 0.55989 0.0859145 -0.902545 0.206648 1.47995
473 -1.36874 -1.64533 0.400579 0.236146 0.102119 -0.810861 0.114044 1.18008
898 -1.04853 -1.55369 0.411409 0.109824 -0.0725293 -0.805577 0.189869 1.02456
486 -1.11595 -1.43565 0.412686 0.141515 0.030393 -0.677657 0.0813838 0.931964
774 -1.12711 -1.64515 0.593794 0.148062 0.120223 -0.888112 0.151711 1.0152
13 -0.861365 -1.81898 1.49388 -0.310539 0.470637 -1.1909 0.309427 0.405989
812 -1.46589 -1.33433 0.65968 -0.654801 0.318368 -0.366563 0.222705 0.512291
213 -1.80573 -1.40962 0.50519 -0.901829 0.107845 -0.404332 0.167623 0.417991
479 -1.19564 -1.5438 0.21467 0.0796621 -0.00288811 -0.693631 0.0924023 1.0375
641 -1.6986 -1.25367 0.548579 -0.788409 0.29151 -0.216498 0.0270698 0.356881
510 -1.46794 -0.834919 0.813042 -0.528121 0.411869 -0.421914 0.472578 0.908071
4 -1.17273 -1.46777 0.989993 -0.874161 -0.430835 -1.23017 1.0166 1.08209
466 -0.847529 -1.10181 0.772113 -0.600633 -0.0830056 -0.732817 0.655514 0.665287
10 -1.01053 -1.40078 1.03338 -0.843669 -0.2637 -1.07181 0.952029 0.911574
746 -0.966733 -1.24644 0.475122 -0.119371 -0.0514247 -0.612186 0.286306 0.997885
17 -1.15044 -1.2132 0.839049 -0.806731 -0.247228 -1.10098 1.00608 1.10136
385 -0.764611 -1.23809 0.863163 -0.641406 -0.122288 -0.994915 0.893897 0.890274
369 -1.21819 -1.07385 0.816317 -0.132629 0.0714378 -1.12335 0.0168341 0.490564
664 -1.58582 -1.19516 0.809074 -0.191414 -0.0687989 -1.10432 -0.00646558 0.79261
670 -1.40489 -1.07441 0.894187 -0.23373 0.206775 -0.953755 0.164675 0.630487
230 -1.58332 -1.17298 0.565801 -0.821809 0.222219 -0.378605 0.212539 0.403701
238 -1.3078 -1.15416 0.659694 -0.672287 0.291886 -0.379768 0.0537203 0.327018
48 -1.02452 -1.02786 0.610409 -0.536955 -0.0789136 -0.573265 0.461055 0.601384
661 -0.879395 -1.31282 1.07117 -0.197688 0.399722 -0.701762 0.0984295 0.27822
364 -0.741956 -1.71304 1.60589 -0.274937 0.370968 -1.06555 0.154954 0.338408
402 -0.853055 -1.55092 1.45391 -0.224262 0.425903 -0.902037 0.233558 0.363973
258 -0.829263 -1.34794 1.33027 -0.121782 0.296677 -0.653404 0.0160966 0.376081
481 -1.12087 -1.46819 0.613172 0.09274 0.11593 -0.611153 0.0142496 0.896134
775 -0.94089 -1.62641 0.49834 0.113424 0.0784872 -0.827573 0.134793 0.974839
171 -1.24718 -1.83989 0.59963 0.190315 0.124606 -0.867362 -0.0315548 1.04702
399 -0.690699 -1.70103 1.35708 -0.104841 0.467612 -0.959759 0.08033 0.395157
537 -0.851832 -1.68096 1.47612 -0.373901 0.343187 -0.957757 0.131513 0.378192
376 -0.971905 -1.38117 1.08805 -0.295548 0.329646 -0.68477 0.0363722 0.344512
143 -0.868957 -1.38021 1.20482 -0.224253 0.262872 -0.747364 0.105033 0.37388
565 -0.889248 -1.4432 1.22166 -0.23064 0.315601 -0.821148 0.170624 0.477326
374 -0.861152 -1.38375 1.35579 -0.282974 0.456551 -0.89145 0.198616 0.453065
566 -0.943748 -1.41274 1.26841 -0.295403 0.35573 -0.845743 0.293957 0.47351
624 -1.05431 -1.06226 0.68178 -0.653254 -0.225487 -0.83452 0.768741 0.829906
14 -1.20484 -1.36987 0.775458 -0.868746 -0.235539 -0.843384 0.918097 1.15479
87 -1.56442 -1.45424 1.30345 -0.207988 1.03793 -0.487223 0.362967 0.321499
567 -1.03284 -1.49849 1.37217 -0.264854 0.469103 -0.924978 0.108792 0.305349
560 -1.06483 -1.55096 1.50235 -0.338311 0.480837 -0.985043 0.346501 0.498716
361 -0.723886 -1.68291 1.41251 -0.194629 0.282018 -1.11794 0.38454 0.424243
508 -1.50158 -1.20415 0.908345 -0.541468 -0.0130551 -0.462638 -0.0206801 0.627785
477 -1.20488 -1.47359 0.506944 0.218577 0.268225 -0.776375 0.0515638 0.867133
917 -0.954154 -1.01278 0.54686 -0.68998 -0.0740467 -0.782884 0.84328 0.948524
132 -1.0038 -1.88702 1.65736 -0.281604 0.452264 -1.1658 0.211333 0.266291
465 -0.912168 -1.39474 1.08293 -0.443144 0.194195 -0.89824 0.350906 0.591498
408 -0.887715 -1.43596 1.21236 -0.116543 0.341433 -0.899576 0.0782177 0.340527
698 -1.41296 -1.46481 0.875838 -0.378124 -0.116652 -0.360001 -0.222505 0.727406
609 -1.60953 -1.43676 0.842405 -0.318275 -0.474917 -0.484631 -0.208314 0.396038
941 -1.27685 -1.31758 0.696071 -0.439645 0.179662 -0.358556 0.0512488 0.640164
718 -1.0545 -1.39041 0.522123 -0.475465 0.486078 -0.432297 0.211146 0.768872
923 -1.29279 -1.39636 0.750341 -0.188617 -0.135067 -0.558611 -0.00720314 0.908869
19 -1.28081 -1.51934 0.934563 -0.323431 -0.479804 -0.277223 -0.3426 1.1265
355 -1.1189 -1.49007 0.531408 0.201848 0.0186543 -0.795399 -0.0231485 0.919295
559 -1.1813 -1.27964 0.452571 0.11598 -0.0596139 -0.784135 0.121116 0.858609
890 -1.30609 -1.33394 0.658364 0.014244 0.178331 -0.682799 0.193823 0.943722
745 -1.17578 -1.34808 0.432168 0.162019 -0.0543725 -0.672875 0.156758 1.07858
974 -1.71791 -1.22012 0.683529 -0.679802 0.132169 -0.431444 0.126875 0.54974
914 -1.51723 -1.13313 0.551033 -0.621146 0.20994 -0.355048 0.120938 0.431074
356 -1.37901 -1.24517 0.701158 -0.297109 0.0261852 -0.298692 -0.191716 0.718299
694 -1.24473 -1.41595 0.725068 -0.303447 0.130049 -0.367203 -0.0597441 0.795487
779 -1.12316 -1.3704 0.709297 -0.204249 -0.0411246 -0.528376 -0.00408472 0.870931
859 -1.42015 -1.60613 0.925653 -0.176258 -0.170391 -0.224443 -0.313356 1.11404
38 -0.940249 -1.07237 0.673361 -0.704587 0.0747516 -0.741611 0.634899 0.856975
705 -1.02599 -1.98601 0.448646 -0.930222 1.27674 -0.434917 0.386248 1.03469
712 -1.0431 -1.58819 0.540829 -0.58041 0.659908 -0.474414 0.287162 0.895523
637 -0.954512 -1.81005 0.442053 -0.829252 0.904128 -0.238167 0.157521 0.973902
630 -0.927724 -1.56754 0.618194 -0.563681 0.60143 -0.461682 0.0815332 0.656754
265 -0.826192 -1.34491 1.19296 -0.200909 0.275489 -0.83816 0.157965 0.438115
398 -1.04202 -1.57956 1.31673 -0.290686 0.34988 -0.738114 -0.0250334 0.213451
162 -0.838095 -1.4108 1.19117 -0.274171 0.380236 -0.712621 0.097814 0.18628
805 -1.37585 -1.1778 1.00217 -0.364873 0.644498 -0.277549 0.113838 0.408149
790 -1.26704 -1.257 1.10589 -0.277151 0.721797 -0.480565 0.289524 0.311266
153 -0.63066 -1.36032 1.16961 -0.182799 0.345715 -0.920965 0.181541 0.231446
34 -0.944735 -1.24233 0.852038 -0.65345 0.0367691 -0.772801 0.72004 0.793063
940 -0.970087 -1.08531 0.748151 -0.597432 -0.04831 -0.742915 0.54309 0.739841
382 -0.959847 -1.25853 0.830192 -0.584639 0.0467446 -0.866519 0.854882 1.0027
78 -0.912437 -0.913146 0.680153 -0.506545 -0.0611859 -0.661627 0.546135 0.777001
949 -1.35447 -1.22893 0.910929 -0.425695 0.512983 -0.504953 0.262904 0.447598
796 -1.2668 -1.11622 0.882988 -0.364404 0.464799 -0.421731 0.0610755 0.393039
246 -1.57449 -1.1538 0.562682 -0.76593 0.0885964 -0.316481 -0.0388249 0.466476
222 -1.10208 -1.61704 0.379112 0.0478073 -0.0475753 -0.710513 0.217583 1.07995
384 -0.962475 -1.21884 0.66564 -0.546886 -0.240809 -0.993279 0.910177 1.00619
29 -1.25841 -1.10878 0.846878 -0.745905 -0.262527 -0.848247 0.932277 1.11413
415 -1.64367 -0.809328 0.857487 -0.625347 0.254971 -0.551452 0.715845 1.17989
288 -1.69995 -0.720146 0.864763 -0.430953 0.400028 -0.546183 0.51734 1.01348
540 -1.37621 -1.00512 0.792294 -0.332298 -0.0151251 -0.901672 0.0541333 0.470289
341 -1.55182 -1.40792 0.884765 -0.394779 -0.30428 -0.260458 -0.255234 1.02077
981 -0.933095 -1.18691 1.13898 -0.227524 0.24618 -0.792821 0.0734325 0.364335
656 -0.907672 -1.49099 1.40754 -0.24229 0.497076 -0.903724 0.0341535 0.330129
593 -1.45681 -1.50396 0.889907 -0.613576 -0.323574 -0.396052 -0.231367 0.272377
531 -1.32671 -1.05056 0.803497 -0.297587 -0.125434 -0.763103 0.111515 0.600194
759 -1.4771 -1.13127 0.882225 -0.286387 0.0270611 -0.938744 -0.0198551 0.582225
469 -1.15648 -1.36362 1.02644 -0.171443 0.641275 -0.654921 0.229541 0.439826
938 -1.291 -1.10451 0.877477 -0.249605 0.405597 -0.647462 0.0841892 0.51018
786 -1.26446 -1.07932 0.907202 -0.292458 0.342276 -0.550148 0.204849 0.42936
897 -1.46362 -0.869896 0.963398 -0.300157 0.43943 -0.494119 0.455027 0.998536
286 -1.44688 -0.888752 0.734472 -0.312267 0.442268 -0.408299 0.500546 1.30252
289 -1.67136 -0.760097 0.831885 -0.440305 0.50206 -0.275641 0.482815 0.92885
410 -2.05157 -0.778472 1.15947 -0.529216 0.728854 -0.326297 0.834573 1.43659
176 -1.60716 -1.5696 0.94789 -0.202645 -0.0357046 0.0175865 -0.633565 0.939065
909 -1.56833 -1.59844 0.923824 -0.311542 -0.134253 -0.155821 -0.479338 0.964272
23 -1.14257 -1.36224 0.855435 -0.871009 -0.231686 -0.934665 0.982884 1.159
146 -0.625272 -1.47272 1.37392 -0.384828 0.420561 -0.998127 0.304215 0.381424
155 -0.815814 -1.34354 1.18552 -0.296662 0.351744 -0.888295 0.255152 0.423424
854 -1.04846 -1.13991 0.778082 -0.656675 -0.113176 -0.790123 0.660129 0.894011
638 -1.53841 -1.16515 0.709965 -0.927334 0.252605 -0.254989 0.168404 0.337706
208 -2.25635 -1.40429 0.244433 -1.12222 0.298746 -0.200665 0.100003 0.605405
256 -0.910935 -1.42662 1.26523 -0.197613 0.266073 -0.971655 0.163457 0.505517
850 -1.05339 -1.34717 0.721819 -0.0488328 0.154559 -0.757126 0.0510076 0.734876
851 -1.35994 -1.0165 0.86897 -0.1647 -0.0498108 -1.0611 0.0549982 0.671517
632 -1.49277 -1.43638 0.834873 -0.518083 -0.373252 -0.610337 -0.205851 0.390946
611 -1.26629 -1.56792 0.652605 -0.0881996 0.139498 -0.793988 0.148881 1.07564
884 -1.19827 -1.47266 0.951187 -0.17819 0.087645 -0.947324 0.0944352 0.652191
704 -1.39605 -1.3333 0.687771 -0.361829 0.128037 -0.283022 -0.176427 0.755535
195 -1.20583 -1.51955 0.694728 -0.418833 0.268747 -0.250502 -0.24105 0.939292
228 -1.99792 -1.2857 0.437885 -0.968448 0.261767 -0.315757 -0.0212763 0.394262
900 -1.62382 -1.31486 0.605778 -0.768495 0.332658 -0.322913 0.147748 0.420333
514 -1.68723 -0.918601 0.858094 0.0409469 0.010631 -1.46223 0.0743512 0.787295
767 -1.41531 -1.13102 0.53774 -0.445363 0.158974 -0.40594 0.0319428 0.542033
314 -1.32991 -1.8034 0.416823 0.444719 0.0423257 -1.01435 0.10853 1.28268
821 -1.1155 -1.44495 0.662794 0.0391875 -0.0378807 -0.633828 -0.0514318 0.783713
252 -0.902947 -1.40841 1.26621 -0.244404 0.384724 -0.899779 0.259716 0.357388
987 -0.840295 -1.22205 1.10853 -0.127633 0.382601 -0.643207 0.0531066 0.219518
145 -0.856413 -1.56825 1.37617 -0.243328 0.443669 -0.880216 0.0749867 0.23932
84 -1.77013 -1.48497 1.13796 -0.300106 1.1603 -0.229115 0.144967 0.25613
580 -1.21276 -1.41363 1.12591 -0.137461 0.622789 -0.467166 0.0709421 0.459619
368 -0.773552 -1.60147 1.37396 -0.29849 0.468201 -0.83863 0.190909 0.371027
257 -0.934346 -1.40176 1.25727 -0.14875 0.333356 -0.74905 0.155443 0.565106
152 -0.750101 -1.53936 1.49527 -0.248786 0.320638 -1.06851 0.209108 0.202952
260 -0.850775 -1.30262 1.29597 -0.215249 0.386568 -0.841112 0.150694 0.249803
371 -0.775842 -1.47694 1.36869 -0.250491 0.494969 -0.933993 0.0928301 0.270101
597 -1.52584 -1.4312 0.860617 -0.644063 -0.398675 -0.302494 -0.30389 0.300569
450 -1.4331 -1.29777 0.753491 -0.570871 -0.365932 -0.570656 0.0712065 0.44364
967 -1.4287 -1.2823 0.938184 -0.380364 -0.0905742 -0.606958 0.0435501 0.607183
837 -1.46836 -1.1076 0.911668 -0.22193 0.139474 -1.13545 0.109205 0.563334
513 -1.8185 -0.908984 0.936939 -0.122263 -0.114286 -1.58877 -0.0610713 0.741018
180 -1.57337 -1.31073 0.908901 -0.269666 -0.219522 -0.388426 -0.390807 0.890918
116 -1.12082 -1.17477 1.07915 -0.240533 0.779529 -0.476859 0.19076 0.197105
579 -1.42376 -1.42591 1.25662 -0.296337 0.922857 -0.563945 0.160394 0.325112
206 -1.13974 -1.35228 0.837353 -0.223956 -0.00496061 -0.369826 -0.209694 0.71896
102 -1.30905 -1.22962 1.09823 -0.213525 0.894067 -0.396553 0.172005 0.345873
606 -1.30553 -1.25942 0.697958 -0.391075 -0.292731 -0.356192 -0.238969 0.386222
204 -1.37018 -1.27848 0.699149 -0.367611 0.00556443 -0.348411 -0.131813 0.792472
343 -1.07103 -1.38731 1.01727 -0.314567 -0.00277515 -0.412732 -0.309801 0.696548
596 -1.45951 -1.20499 0.797963 -0.593463 -0.504275 -0.522621 -0.103984 0.38725
762 -1.50878 -1.23969 0.635722 -0.580724 0.0318018 -0.304535 -0.0903903 0.387824
219 -1.98519 -1.27173 0.521858 -0.970015 0.137557 -0.261451 -0.0394725 0.314027
640 -1.74478 -1.24787 0.483012 -0.890198 0.183507 -0.31773 0.20048 0.452488
842 -1.32111 -1.16906 1.02839 -0.221254 0.601597 -0.457991 0.276815 0.418526
412 -1.37431 -1.18133 1.05562 -0.272569 0.806438 -0.298236 0.138301 0.53152
430 -1.4381 -0.794489 0.72551 -0.413077 0.338082 -0.381881 0.504847 0.966835
42 -1.07058 -1.04701 0.681704 -0.618174 -0.123887 -0.800429 0.754515 1.02964
544 -1.11229 -1.13106 0.654992 -0.806778 -0.133501 -0.816567 0.759208 1.05737
177 -1.52774 -1.44371 0.958862 -0.221918 -0.180674 -0.0828112 -0.380672 0.917376
429 -1.42288 -1.07828 0.874052 -0.41315 0.260598 -0.355799 0.257707 0.842529
293 -1.4823 -0.903582 0.549432 -0.338633 0.369405 -0.289388 0.52437 1.08085
413 -1.59536 -0.86756 0.861404 -0.442127 0.546268 -0.261105 0.593689 1.00012
411 -1.58537 -1.00055 0.754442 -0.206064 0.194269 -0.379109 0.302296 1.02335
305 -1.39259 -0.995049 0.657172 -0.321241 0.221568 -0.363806 0.257006 0.903725
267 -0.666135 -1.22817 1.14767 -0.16542 0.323818 -0.800766 0.0831529 0.248848
255 -1.15679 -0.884163 0.805943 -0.428161 0.396447 -0.580905 0.591028 0.816527
425 -1.36481 -0.924672 0.740093 -0.428698 0.383828 -0.450902 0.374908 0.798213
500 -1.46609 -1.02137 0.789012 -0.446584 0.312057 -0.417422 0.406838 0.913029
397 -1.3342 -1.18615 1.16444 -0.186215 0.775981 -0.471361 0.167572 0.156086
95 -1.46786 -1.01625 0.915482 -0.261798 0.742618 -0.379087 0.340694 0.384211
57 -1.14592 -1.09799 0.679415 -0.739843 -0.100621 -0.762402 0.904831 1.1552
550 -1.0323 -1.14011 0.685157 -0.52124 0.0167571 -0.908028 0.59603 0.887176
621 -1.12055 -1.20728 0.717445 -0.632958 -0.0807814 -0.709063 0.69241 0.88463
169 -1.62182 -1.88979 0.994836 -0.343798 -0.40031 0.0261711 -0.60078 1.21118
700 -1.28838 -1.31769 0.662319 -0.225334 -0.106019 -0.184501 -0.199397 0.834689
401 -1.12386 -1.3436 1.02553 -0.129115 0.660251 -0.546814 0.145348 0.356689
482 -1.02372 -1.46125 0.415326 0.200602 0.0124848 -0.660221 0.0511116 0.945936
472 -1.0445 -1.58446 0.375654 0.241576 0.0381033 -0.86494 0.116877 1.04394
373 -0.741861 -1.42318 1.43431 -0.287035 0.387528 -0.861262 0.188068 0.341674
947 -0.809122 -1.47755 1.1046 -0.204815 0.192773 -0.913544 0.289274 0.49468
248 -0.767634 -1.7195 1.5085 -0.252463 0.401572 -1.11766 0.198203 0.424254
495 -0.743593 -1.37142 1.299 -0.254104 0.357389 -0.872389 0.188438 0.332268
67 -0.643895 -1.34673 1.27346 -0.243698 0.179779 -0.958839 0.321521 0.394708
568 -0.906795 -1.26218 1.19198 -0.259772 0.30176 -0.768704 0.282894 0.419241
659 -0.868544 -1.2923 1.15956 -0.285102 0.392483 -0.802868 0.162752 0.424344
160 -0.779918 -1.40497 1.26364 -0.156756 0.327113 -0.902927 0.129716 0.350871
660 -0.804597 -1.21758 1.0849 -0.249015 0.371551 -0.804364 0.0394563 0.361663
663 -1.81653 -0.963896 1.12423 -0.136386 0.169106 -1.53056 0.0480017 0.574665
993 -1.51492 -1.13755 1.11636 -0.213255 0.0919824 -1.19643 0.013825 0.470863
493 -0.778314 -1.39262 1.33584 -0.169646 0.346117 -1.00757 0.207554 0.258402
437 -1.67838 -1.05096 1.00867 -0.244477 -0.00554883 -1.33868 0.000640329 0.403898
49 -0.820931 -0.963562 0.683132 -0.631359 -0.102361 -0.771685 0.725824 0.783968
333 -1.09872 -1.33078 0.463064 0.0482912 0.0953202 -0.701431 0.180848 0.867343
518 -0.932484 -1.60687 0.490747 -0.54446 1.03892 -0.44928 0.189162 0.922603
684 -1.41926 -1.40837 0.798123 -0.382215 -0.188401 -0.385402 -0.0486471 0.841584
352 -1.18779 -1.24977 0.612626 -0.287769 -0.0431316 -0.216667 -0.311802 0.771017
354 -1.44916 -1.29527 0.617341 -0.213677 -0.129101 -0.0903726 -0.398027 0.858095
360 -1.39037 -1.40359 0.759663 -0.259274 -0.108276 -0.396834 -0.193709 0.858722
928 -1.48868 -1.37047 0.79357 -0.450335 -0.129302 -0.439457 -0.0279838 0.867213
173 -1.53931 -1.59363 1.05352 -0.221422 -0.22616 -0.0179178 -0.648215 1.01467
205 -1.14355 -1.11976 0.678803 -0.2459 0.0436887 -0.381418 -0.111867 0.755134
175 -1.57236 -1.59396 0.775384 -0.265425 -0.178048 -0.138627 -0.55417 0.862757
857 -1.42546 -1.24182 0.962555 -0.251483 0.587742 -0.398991 0.112611 0.332543
46 -1.06356 -1.1692 0.850058 -0.432455 0.308402 -0.618852 0.367625 0.583987
588 -1.30669 -1.28006 0.953033 -0.216128 0.724436 -0.467302 0.0835291 0.489535
845 -1.13467 -1.47611 0.63467 -0.634894 0.775122 -0.35816 0.412695 1.04314
104 -1.30959 -1.3199 0.890083 -0.339244 0.514027 -0.473223 0.0775567 0.460602
443 -1.63083 -1.41737 0.806758 -0.60072 -0.358925 -0.410433 -0.303935 0.299618
142 -0.690699 -1.61357 1.6441 -0.273587 0.444939 -1.04437 0.306937 0.244514
119 -1.20587 -1.2882 1.01571 -0.320122 0.644489 -0.464327 0.136743 0.265625
419 -1.4323 -0.911014 0.841155 -0.546073 0.589168 -0.330803 0.568623 1.04469
300 -1.24866 -0.961554 0.735135 -0.411009 0.293523 -0.452421 0.311478 0.854598
291 -1.36526 -0.944415 0.90121 -0.260256 0.399818 -0.630889 0.335671 0.718037
494 -1.09546 -0.987957 1.033 -0.38918 0.439945 -0.495594 0.385408 0.547931
154 -1.18723 -1.28247 0.974756 -0.186349 0.465426 -0.534894 0.13224 0.470524
338 -1.11644 -1.36146 0.654317 -0.101526 0.213768 -0.665149 0.0733491 0.79006
329 -1.16054 -1.56878 0.447062 0.0517249 -0.0656121 -0.643882 0.0667298 0.910202
538 -0.810513 -1.27959 0.755124 -0.843934 0.00407257 -0.975948 1.00327 1.0367
73 -0.908161 -1.11138 0.617362 -0.595621 -0.162566 -0.741565 0.667939 0.941451
471 -1.05235 -1.56113 0.44209 0.195285 0.0249779 -0.791754 0.0063114 0.871495
872 -1.13585 -1.49158 0.656642 -0.0425363 0.0497053 -0.813907 0.203142 0.981861
810 -1.0417 -1.21523 0.811993 -0.633893 -0.0150449 -0.772708 0.710533 0.93247
114 -1.25312 -1.17752 0.955823 -0.423688 0.607783 -0.470476 0.226485 0.360849
407 -0.875663 -1.36309 1.28476 -0.308242 0.376813 -0.813174 0.00373278 0.169709
741 -0.763749 -1.2344 1.04599 -0.429699 0.173483 -0.899778 0.381609 0.475043
750 -0.870604 -1.50738 0.596104 -0.441812 0.647779 -0.550192 0.160849 0.693549
937 -1.01879 -1.39854 0.598507 -0.314478 0.512903 -0.423965 0.137928 0.784849
708 -1.04779 -1.81213 0.424719 -0.660703 1.18321 -0.325573 0.234706 0.987248
905 -1.07223 -1.65167 0.458995 -0.658154 0.731616 -0.353513 0.123735 0.71004
731 -0.994246 -1.5078 0.439241 -0.651246 0.699435 -0.300792 0.186455 0.795882
576 -1.24464 -1.01458 0.878299 -0.489134 0.420906 -0.421119 0.35997 0.409431
997 -1.2386 -1.417 1.19968 -0.331718 0.198877 -0.895908 0.026721 0.496984
529 -1.42899 -1.04038 0.844189 -0.319945 0.156963 -0.968005 0.111077 0.579413
963 -1.21192 -1.05767 0.741501 -0.258257 0.159738 -0.648819 0.126067 0.610772
520 -1.44687 -1.03307 1.0897 -0.14446 0.116603 -1.14232 0.0397115 0.620966
159 -0.937447 -1.51231 1.43707 -0.187467 0.476214 -0.831133 0.177867 0.31997
144 -0.847697 -1.68945 1.39716 -0.066384 0.45003 -0.934808 0.156254 0.339936
534 -1.21304 -0.924607 0.579907 -0.0188049 -0.0756156 -1.01241 0.0333447 0.654836
196 -1.28169 -1.29892 0.837509 -0.345257 0.0144819 -0.405314 -0.108698 0.692696
688 -1.41403 -1.22566 0.743193 -0.37294 -0.213706 -0.318234 -0.0647035 0.802805
438 -1.56962 -1.64961 0.794432 -0.141682 -0.403305 -0.322447 -0.427429 1.08053
186 -1.26645 -1.48273 0.819326 -0.259065 -0.0472439 -0.374385 -0.203453 0.857803
235 -1.49369 -1.17457 0.682747 -0.765932 0.249697 -0.21866 0.085829 0.447706
45 -0.784619 -1.05775 0.623561 -0.553705 -0.144236 -0.699994 0.606836 0.78798
951 -1.30332 -0.940895 0.655476 -0.457486 0.447284 -0.401705 0.409695 0.922004
284 -1.55895 -0.749306 0.840908 -0.39749 0.34112 -0.283821 0.476255 1.08749
350 -1.26193 -1.22125 0.732993 -0.450069 -0.219171 -0.39861 -0.0572013 0.848452
697 -1.34864 -1.38997 0.673399 -0.482978 -0.2109 -0.348436 0.0460383 0.887961
251 -0.765178 -1.55188 1.39746 -0.285291 0.262704 -1.02807 0.330584 0.343807
562 -1.20312 -1.35804 1.01148 -0.208838 0.624616 -0.540068 0.165006 0.311506
555 -1.04516 -1.52398 0.560077 0.102199 0.080023 -0.781146 0.0586431 0.892378
224 -1.64849 -1.15198 0.697695 -0.856821 0.344552 -0.183655 0.128384 0.306574
417 -1.53126 -0.876612 1.03789 -0.438479 0.597439 -0.377866 0.524344 0.997297
58 -1.08985 -1.19923 0.632933 -0.662686 -0.368405 -0.722199 0.658024 1.11684
671 -1.53079 -1.07296 0.844501 -0.278965 0.180831 -0.970434 0.0633186 0.613665
986 -1.44983 -1.4819 0.836761 -0.401536 -0.0879873 -0.561111 -0.109738 0.62863
564 -1.34701 -1.48813 0.910297 -0.406195 -0.275259 -0.521566 -0.299166 0.312791
957 -1.42795 -1.24293 0.688156 -0.316299 0.00533946 -0.347285 -0.209755 0.721859
358 -1.17256 -1.23038 0.75306 -0.339563 -0.192434 -0.413204 -0.0940746 0.719466
910 -1.43358 -1.37957 0.691745 -0.312307 -0.108432 -0.429651 -0.180105 0.666061
681 -1.62367 -1.62575 0.967902 -0.26866 -0.266369 -0.124517 -0.467596 0.963057
862 -1.35283 -1.5241 0.784024 -0.221893 -0.131447 -0.31698 -0.274815 0.817077
556 -1.24513 -1.41067 0.724759 -0.100068 -0.0760117 -0.493646 -0.050673 0.815268
669 -1.45934 -0.965414 0.768974 -0.111671 0.0665801 -0.995931 0.00783092 0.505755
646 -1.3399 -1.0348 0.531639 -0.506598 0.313638 -0.313269 0.249197 0.461181
582 -1.60938 -1.42754 0.93814 -0.410494 0.797055 -0.368805 0.101106 0.278083
261 -0.956511 -1.37659 1.38619 -0.412145 0.355112 -0.910336 0.0973936 0.274062
990 -1.22068 -1.15763 0.85209 -0.39676 0.314354 -0.597742 0.309776 0.716829
460 -1.40537 -1.27215 0.818886 -0.44554 -0.299454 -0.43931 -0.140839 0.328672
752 -1.27907 -1.33686 0.961339 -0.458307 -0.11312 -0.528434 -0.0325412 0.303843
980 -1.02227 -1.25674 1.09234 -0.329406 0.114493 -0.720012 0.00332566 0.344668
189 -1.40081 -1.55849 0.869775 -0.279057 -0.11882 -0.270845 -0.388044 0.726469
874 -1.33062 -1.46826 0.918477 -0.255598 -0.17438 -0.345502 -0.314165 0.726964
876 -1.31293 -1.33291 0.84073 -0.276607 0.0234426 -0.314295 -0.102223 0.67018
584 -1.34604 -1.37815 0.965019 -0.331625 0.588403 -0.480318 0.137669 0.506654
860 -1.43261 -1.39736 0.736773 -0.275585 -0.0597638 -0.433397 -0.138968 0.727537
649 -1.55947 -1.1747 0.536005 -0.636085 0.149312 -0.355816 -0.0537819 0.453617
984 -0.904723 -1.42397 1.2498 -0.2174 0.200106 -0.836523 0.0901448 0.223374
488 -0.9077 -1.53996 1.55269 -0.229862 0.257826 -0.867052 0.0174979 0.264769
877 -1.43635 -1.17164 0.590297 -0.442753 0.0314757 -0.291171 -0.0171379 0.482747
970 -1.46193 -1.17618 0.680468 -0.608481 0.255275 -0.342415 0.150979 0.42307
783 -1.20595 -1.29302 0.887859 -0.3524 0.496186 -0.547592 0.174353 0.454981
955 -1.36292 -1.06915 1.06782 -0.259834 0.149659 -1.1259 0.0853999 0.525061
720 -1.20334 -1.32032 0.779318 -0.547084 0.0529951 -0.519282 -0.155897 0.514371
445 -1.23677 -1.27235 0.78914 -0.497201 -0.201601 -0.578898 -0.0100531 0.450641
959 -1.20245 -1.38877 0.797414 -0.527991 0.463588 -0.54072 0.293234 0.804329
958 -1.22989 -1.31784 0.959409 -0.362755 0.378115 -0.414826 0.117929 0.561829
26 -1.21497 -1.10955 0.717343 -0.793571 -0.256126 -0.873723 0.829417 1.03553
895 -1.32796 -1.25765 0.911283 -0.409438 0.367168 -0.458811 0.208162 0.446454
39 -0.877638 -1.13659 0.598575 -0.53721 -0.126502 -0.787786 0.80214 1.01658
838 -1.45187 -1.20186 0.782591 -0.285825 0.141732 -0.837479 0.0330354 0.536663
764 -1.40923 -1.2993 0.795586 -0.348244 -0.304921 -0.356547 -0.249005 0.354554
828 -1.01363 -1.2894 0.597524 -0.530607 0.665563 -0.376746 0.40283 0.872896
183 -1.33567 -1.44962 0.719534 -0.303242 0.0386478 -0.20574 -0.125251 0.935705
353 -1.32628 -1.25125 0.765947 -0.316649 0.00724231 -0.462006 -0.0651518 0.711255
585 -1.34364 -1.52215 0.894932 -0.232953 0.121313 -0.341435 -0.151008 0.692534
690 -1.21434 -1.29547 0.706006 -0.357974 -0.234993 -0.423647 -0.0105676 0.748843
456 -1.309 -1.37379 0.614746 -0.333685 -0.271553 -0.441538 -0.230851 0.481254
648 -1.32415 -1.20445 0.684037 -0.483165 -0.182602 -0.291858 -0.199958 0.296204
627 -1.6773 -1.61519 1.05427 -0.416085 -0.320295 -0.452309 -0.397925 0.34097
719 -1.17225 -1.55746 0.684055 -0.525571 0.616511 -0.531974 0.203922 0.745666
187 -1.37949 -1.46369 0.7961 -0.27831 -0.0387847 -0.224735 -0.27612 0.939992
123 -1.14643 -1.16139 0.897041 -0.285658 0.579814 -0.616376 0.161071 0.361447
519 -1.68533 -0.958033 0.899776 -0.213194 0.087266 -1.25081 0.0758273 0.52778
524 -1.34357 -0.859113 0.719924 -0.380803 0.197227 -0.952162 0.378537 0.710409
405 -1.19476 -1.37996 0.939556 -0.30824 0.0818466 -0.442002 -0.115206 0.628402
334 -1.06091 -1.51697 0.556514 0.102286 0.0441503 -0.676362 0.0751962 1.0262
96 -1.39243 -1.28452 1.0331 -0.428126 0.890184 -0.46363 0.180746 0.487811
181 -1.49621 -1.47244 0.918315 -0.259937 -0.0978341 -0.202341 -0.295003 0.859224
683 -1.55679 -1.64825 0.85663 -0.367207 -0.00768005 -0.1995 -0.23353 0.937942
839 -1.17821 -1.19801 0.966971 -0.302344 0.398358 -0.671172 0.0302081 0.395615
348 -1.24332 -1.41393 0.791141 -0.278467 -0.0659865 -0.208343 -0.371928 0.807789
351 -1.28722 -1.37374 0.791625 -0.275161 -0.109989 -0.338438 -0.276465 0.783183
740 -1.01501 -1.42528 1.15133 -0.311094 0.279207 -0.740998 0.00216843 0.516906
191 -1.35021 -1.33444 0.594668 -0.274447 -0.0174102 -0.300063 -0.220377 0.954103
692 -1.34165 -1.30058 0.715623 -0.230997 -0.134297 -0.412776 -0.11577 0.880587
41 -1.01859 -1.12687 0.725005 -0.604885 -0.080217 -0.676929 0.597857 0.823851
721 -1.00366 -1.31893 0.496236 -0.488488 0.452686 -0.403766 0.0904149 0.707577
826 -0.941081 -1.72343 0.719839 -0.561668 0.711754 -0.574854 0.122865 0.824877
158 -0.696162 -1.3455 1.15648 -0.301073 0.345735 -0.802718 0.222428 0.400311
835 -1.23689 -1.12618 0.842033 -0.30901 0.503975 -0.381427 0.0165621 0.394557
618 -1.21053 -1.41027 0.439297 -0.0672792 0.0290724 -0.693441 0.119724 0.996451
818 -1.22692 -1.3599 0.612321 0.0619832 0.213214 -0.63005 0.196508 1.06917
587 -1.22985 -1.24168 1.0015 -0.249433 0.47788 -0.539157 0.173633 0.451926
730 -0.970952 -1.54895 0.37271 -0.793785 0.77745 -0.40084 0.346833 0.913792
729 -1.05223 -1.64029 0.369591 -0.705931 0.897828 -0.424524 0.221665 1.00789
830 -1.06109 -1.54955 0.625221 -0.482193 0.567718 -0.338351 0.0676613 0.73666
193 -1.13216 -1.40741 0.67234 -0.358032 0.0581628 -0.326451 -0.0621804 0.863803
199 -1.12389 -1.14754 0.863551 -0.272554 0.063726 -0.389518 -0.20237 0.639069
686 -1.31894 -1.1264 0.90939 -0.291675 0.35102 -0.370715 0.0475676 0.399432
462 -1.29267 -0.982884 0.760923 -0.464011 0.158176 -0.562786 0.433766 0.806719
927 -1.27931 -0.833869 0.78966 -0.38741 0.328608 -0.355209 0.428737 0.763191
483 -0.857042 -1.33569 0.430379 0.0919056 0.0695621 -0.673985 0.135029 0.842147
318 -1.63159 -0.951357 0.707848 -0.277405 0.458642 -0.372102 0.603063 1.29532
416 -1.3334 -0.95842 0.832628 -0.384966 0.437815 -0.480258 0.37373 0.87216
424 -1.39748 -0.976132 0.83642 -0.306704 0.327154 -0.406783 0.336136 0.825885
422 -1.33078 -1.00886 0.751267 -0.248859 0.419062 -0.386693 0.3722 0.991159
573 -1.37666 -0.955119 0.763281 -0.351779 0.443438 -0.398564 0.463086 0.797048
575 -1.31674 -1.05934 0.886209 -0.500094 0.482356 -0.544091 0.412857 0.884029
713 -1.12975 -1.53581 0.670728 -0.647872 0.702746 -0.525389 0.356436 0.822125
722 -1.00929 -1.32906 0.49991 -0.605544 0.665608 -0.292544 0.230788 0.766544
714 -1.03604 -1.43386 0.558076 -0.542291 0.628745 -0.424246 0.258203 0.876906
475 -1.08509 -1.32942 0.459538 0.0499519 0.0425377 -0.679941 0.0608264 0.988855
431 -1.49448 -0.993041 0.875463 -0.430424 0.303506 -0.375402 0.364153 0.85521
421 -1.67883 -0.809474 0.835058 -0.542943 0.481987 -0.462656 0.591653 1.02527
427 -1.37244 -0.806026 0.784711 -0.301015 0.235485 -0.785789 0.246777 0.722929
620 -0.983529 -1.01756 0.5439 -0.586824 0.0243364 -0.604644 0.652799 0.87613
855 -0.938161 -1.12831 0.692774 -0.619427 0.06765 -0.585195 0.6472 0.907576
72 -0.912361 -1.13724 0.642372 -0.540764 -0.046883 -0.732469 0.488167 0.796119
623 -1.01067 -1.24665 0.685786 -0.434355 -0.0850092 -0.728941 0.532035 0.856105
375 -0.759433 -1.46975 1.35803 -0.186194 0.407877 -0.872049 0.125667 0.33257
814 -1.51344 -1.19528 0.671259 -0.644093 0.134966 -0.421292 0.18096 0.587377
619 -0.980866 -0.983983 0.654427 -0.644587 -0.170004 -0.759728 0.670127 0.735032
108 -1.26505 -1.34971 0.954831 -0.387831 0.719617 -0.403154 0.188731 0.555589
902 -1.36548 -1.23803 0.696735 -0.574073 0.206908 -0.558078 0.334869 0.604694
541 -1.2075 -1.1893 0.716721 -0.744115 -0.156369 -0.900496 0.831336 1.00323
92 -1.44892 -1.2391 1.10377 -0.330015 0.741985 -0.383974 0.119512 0.20201
891 -1.39433 -1.42402 0.799971 -0.334783 -0.307818 -0.463048 -0.159105 0.571429
748 -0.903854 -1.03713 0.580761 -0.745691 0.0879981 -0.657469 0.714521 0.829793
996 -1.47106 -1.28955 0.892932 -0.371714 0.401487 -0.529424 0.105433 0.506933
197 -1.30769 -1.35818 0.858119 -0.285354 -0.0594846 -0.244815 -0.24703 0.804154
323 -1.1329 -1.69535 0.384438 0.315459 -0.068798 -0.713652 -0.120625 1.22111
156 -0.940155 -1.54629 0.511361 0.196635 0.0713823 -0.826026 0.104097 0.877007
63 -0.724116 -1.33815 1.15319 -0.272275 0.313858 -0.907544 0.189369 0.248817
833 -1.05215 -1.45328 0.774519 -0.439929 0.490584 -0.616586 0.174223 0.658609
240 -1.39903 -1.13602 0.388768 -0.703149 0.330715 -0.22812 0.119416 0.587221
603 -1.36496 -1.27317 0.812639 -0.497615 -0.0945508 -0.507518 -0.0812021 0.557428
254 -1.34021 -1.40639 1.0332 -0.432731 -0.120039 -0.606003 -0.12556 0.442216
715 -0.952907 -1.46106 0.596793 -0.567262 0.630239 -0.446244 0.149518 0.705327
734 -1.23666 -1.44218 0.707379 -0.636126 0.493375 -0.581238 0.277507 0.808574
853 -1.39387 -1.27664 0.817411 -0.242829 -0.122198 -0.557477 -0.133221 0.739631
883 -1.46342 -1.08966 0.807378 -0.179542 -0.0999637 -0.97246 -0.0833427 0.675708
926 -1.25264 -1.23498 0.792555 -0.538009 -0.097137 -0.571056 0.123519 0.52062
245 -1.40479 -1.19091 0.765567 -0.627413 0.301687 -0.495277 0.17127 0.435191
244 -1.38594 -1.32209 0.837226 -0.457694 -0.047784 -0.51011 -0.0500289 0.477276
134 -1.87939 -1.67219 1.30447 -0.582756 -0.640374 -0.604287 -0.445088 0.208308
264 -0.77807 -1.3911 1.34738 -0.184826 0.352085 -0.928509 0.273542 0.376266
65 -0.885652 -1.11446 0.721427 -0.772188 -0.0639319 -0.882899 0.850993 0.976182
535 -1.1871 -0.976296 0.703998 -0.452182 -0.0466924 -0.964724 0.442786 0.801423
840 -1.33513 -1.08675 0.771472 -0.367793 0.153568 -0.787874 0.269702 0.706923
801 -1.46161 -1.10434 0.583437 -0.524098 0.14517 -0.456444 0.092174 0.520027
490 -1.04201 -1.40032 1.22011 -0.340925 0.247401 -0.816583 -0.0176527 0.284428
601 -1.18644 -1.2581 0.790747 -0.383755 -0.171636 -0.468924 0.0704728 0.571742
336 -1.10146 -1.51059 0.669174 -0.0384427 0.137328 -0.784244 0.0678729 0.892788
106 -0.941432 -1.33012 1.22526 -0.31725 0.454863 -0.799875 0.162802 0.407513
285 -1.46681 -0.815434 1.02412 -0.406375 0.522657 -0.293147 0.559963 0.975218
677 -1.45243 -1.0842 0.78861 -0.211507 0.0691158 -0.860262 0.101302 0.537332
668 -1.53399 -0.979136 0.933118 -0.190426 0.00613371 -1.06518 -0.0587214 0.634639
455 -1.29711 -1.25576 0.770668 -0.316993 -0.242326 -0.542238 -0.148335 0.443255
470 -1.02406 -1.7183 0.438895 0.268718 0.0637597 -0.883575 0.214707 1.08034
966 -1.13657 -1.3717 0.648368 -0.0775014 0.0886896 -0.500109 0.0597332 0.825047
198 -1.27834 -1.27034 0.637459 -0.161101 -0.0484436 -0.370452 -0.325644 0.757776
178 -1.374 -1.41968 0.717585 -0.480133 -0.361784 -0.257528 -0.156816 1.04972
232 -1.5124 -1.14592 0.50302 -0.784456 0.126948 -0.431776 0.34622 0.666449
507 -1.45654 -0.894591 0.783298 -0.446863 0.481891 -0.368791 0.518224 0.965665
35 -0.813372 -1.14272 0.57383 -0.535751 -0.0372703 -0.72586 0.669672 0.848955
602 -1.45864 -1.2367 0.742979 -0.600572 -0.27832 -0.459167 -0.0517395 0.535655
916 -1.4176 -1.27086 0.865098 -0.631186 -0.353665 -0.603586 0.0650446 0.478811
655 -1.40986 -1.34919 0.828397 -0.470167 -0.114423 -0.519132 -0.0333784 0.507011
448 -1.40207 -1.27943 0.755115 -0.451861 -0.297293 -0.557183 -0.2063 0.443692
179 -1.60235 -1.47683 0.796778 -0.38366 -0.462696 -0.418102 -0.417496 0.501174
679 -1.3345 -1.28679 0.935716 -0.183651 0.0884542 -0.847497 0.0442253 0.605842
533 -1.29903 -0.932818 0.786155 -0.236918 0.10988 -0.977257 0.0436336 0.523754
673 -1.44136 -1.23944 0.849947 -0.339867 0.362638 -0.700591 0.0873293 0.44546
725 -1.21312 -1.20281 0.798969 -0.420837 0.420415 -0.564842 0.220461 0.602785
784 -1.36406 -1.17118 0.886176 -0.347396 0.41421 -0.552587 0.227296 0.692453
682 -1.56173 -1.54538 0.866701 -0.280809 -0.241576 -0.112566 -0.438769 0.919537
972 -1.35744 -1.44462 0.77532 -0.214373 0.00680904 -0.459845 -0.07509 0.856046
418 -1.71071 -0.775004 0.798213 -0.656786 0.550527 -0.218555 0.605455 0.940157
292 -1.57896 -0.822671 0.881502 -0.492757 0.419184 -0.465223 0.597089 1.00429
40 -0.932405 -1.06876 0.696985 -0.681651 -0.185206 -0.776657 0.779571 0.810334
756 -1.43448 -0.982629 0.864595 -0.291589 0.0262103 -0.975765 0.0635592 0.593319
776 -1.2181 -1.14757 0.752388 -0.133123 0.0230018 -0.891846 0.0980549 0.691098
889 -1.28627 -1.10829 0.682708 -0.399574 0.445759 -0.3522 0.383375 0.936807
934 -1.1628 -1.58141 0.503534 -0.0259806 0.0103124 -0.692085 0.0619219 1.04413
988 -1.20898 -1.51868 0.571229 -0.120975 0.305141 -0.644224 0.115014 0.909378
896 -1.39929 -1.15086 0.889473 -0.227567 0.0555369 -1.0342 0.100879 0.695173
933 -1.51118 -1.31466 0.806626 -0.564987 0.265979 -0.442488 0.11946 0.512435
770 -1.64166 -1.27716 0.672038 -0.570714 0.18132 -0.397374 -0.0216234 0.509833
995 -1.61276 -1.28013 0.987383 -0.371786 0.00945906 -0.889573 0.0414566 0.560193
765 -1.20079 -1.14733 0.975282 -0.368087 0.569103 -0.4833 0.411161 0.399315
788 -1.18888 -1.05982 0.972646 -0.310043 0.546685 -0.489356 0.324912 0.380342
782 -1.3574 -1.16558 0.968677 -0.324469 0.497232 -0.330839 0.180937 0.490697
548 -0.996191 -1.066 0.726509 -0.76554 -0.163171 -0.864778 0.869943 0.794586
954 -1.04112 -1.15996 0.674542 -0.582618 -0.0314949 -0.753517 0.7074 0.964995
43 -1.13736 -1.13566 0.832446 -0.339017 0.454165 -0.509132 0.210617 0.456188
769 -1.31584 -1.27003 0.691705 -0.589566 0.224786 -0.372917 -0.0261745 0.205157
139 -0.930628 -1.64132 1.31008 0.0749913 0.362158 -1.05641 0.049627 0.461347
241 -1.40852 -1.1224 0.436321 -0.645283 0.28376 -0.356934 0.117981 0.53342
528 -1.30105 -1.4091 0.383217 0.0410693 -0.000984722 -0.800787 0.048189 0.927727
616 -1.06079 -1.44475 0.573452 -0.0964759 0.0373243 -0.644577 0.107632 0.943229
794 -1.14535 -1.53596 0.656333 0.0269877 0.296606 -0.663904 0.0504533 0.817768
946 -1.06464 -1.48991 0.601409 -0.176494 0.20897 -0.588467 0.114721 0.770216
935 -1.17162 -1.4649 0.539186 -0.149141 -0.0694634 -0.592305 0.0157345 0.875502
761 -1.33492 -1.14621 0.709043 -0.387167 -0.0429753 -0.450646 -0.012055 0.488915
824 -1.02807 -1.28587 0.36324 0.175894 -0.00465241 -0.69923 0.0672973 0.866197
572 -1.40061 -1.1303 0.56123 -0.282517 0.358311 -0.407656 0.317702 0.961195
299 -1.37255 -0.977944 0.713867 -0.447917 0.326146 -0.395577 0.37214 0.836759
971 -1.35562 -1.42508 0.766748 -0.31175 0.000914653 -0.288797 -0.160115 0.770171
771 -1.48075 -1.15815 0.58341 -0.632378 0.212877 -0.253504 0.137004 0.449885
737 -1.01131 -1.26404 0.522602 -0.484115 0.385787 -0.440633 0.232003 0.777712
112 -1.09557 -1.22665 0.8764 -0.366393 0.894073 -0.324503 0.160629 0.448062
716 -1.03629 -1.34411 0.544454 -0.559835 0.666488 -0.371887 0.234386 0.745506
829 -1.2988 -1.32306 0.8832 -0.389267 0.418773 -0.511656 0.192451 0.543577
604 -1.36876 -1.22584 0.727469 -0.358554 -0.229998 -0.446012 -0.152957 0.461557
757 -1.42268 -1.12445 0.660307 -0.203404 0.0361877 -0.927214 -0.0570998 0.688826
644 -1.47148 -1.20924 0.658717 -0.547213 0.434722 -0.354372 0.0871359 0.427009
643 -1.24402 -1.28544 0.569975 -0.675992 0.490086 -0.422729 0.208405 0.57033
733 -0.906989 -1.37657 0.607431 -0.436871 0.571338 -0.423507 0.162962 0.686941
758 -1.42782 -0.900562 0.816264 -0.179313 0.125463 -1.05924 0.154041 0.684895
942 -1.00693 -1.37825 0.622041 -0.48646 0.527623 -0.442062 0.191679 0.792373
547 -1.0367 -1.54199 0.423121 -0.645631 0.759766 -0.438218 0.294114 0.887479
394 -0.804075 -1.89154 0.638869 -0.689904 0.907268 -0.510885 0.21013 0.882849
867 -1.42364 -1.2138 0.591511 -0.724268 0.173038 -0.364707 0.196218 0.528744
77 -1.03791 -1.09772 0.601077 -0.731815 -0.0173292 -0.725688 0.682184 0.89236
691 -1.09588 -1.26499 0.694698 -0.386354 0.269193 -0.414801 0.0544887 0.711861
652 -1.05345 -1.45482 0.505276 -0.64651 0.70899 -0.371848 0.151215 0.815246
711 -1.10806 -1.53311 0.545414 -0.67958 0.748505 -0.453818 0.116013 0.796316
768 -1.54328 -1.3454 0.570309 -0.663404 0.283336 -0.316722 0.0617964 0.703794
868 -1.54079 -0.939007 0.685436 -0.543315 0.274548 -0.377995 0.246338 0.795162
451 -1.378 -1.36551 0.728149 -0.23125 -0.309973 -0.555987 -0.197029 0.466616
480 -0.965434 -1.40394 0.46569 0.0394164 0.111529 -0.69402 0.139881 0.811966
484 -1.09315 -1.36238 0.520586 -0.0574736 0.0849269 -0.509886 -0.00127689 0.736319
553 -1.04745 -1.43367 0.466128 0.144779 0.0570442 -0.644146 0.0267742 0.893041
943 -0.961244 -1.33685 0.650771 -0.518032 0.429235 -0.559495 0.281644 0.720536
335 -1.11929 -1.51917 0.485588 0.0136891 0.0834789 -0.679289 0.0420942 0.933233
772 -1.05276 -1.25551 1.00235 -0.256394 0.454247 -0.57963 0.172887 0.405768
754 -1.59809 -1.079 0.890497 -0.182617 0.0188277 -1.06384 -0.0586822 0.601755
512 -1.39862 -0.873119 0.793534 -0.445436 0.314817 -0.403042 0.32194 0.80739
978 -1.40959 -1.00351 0.915462 -0.35963 0.255138 -0.599354 0.347797 0.85743
503 -1.39971 -0.860129 0.7448 -0.418155 0.260473 -0.568882 0.385369 0.71996
147 -0.734366 -1.52673 1.31403 -0.172931 0.214861 -0.842418 0.160987 0.359897
307 -1.37509 -1.27046 0.736959 -0.177507 -0.0280022 -0.167614 -0.202325 0.79068
871 -1.25895 -1.27258 1.00242 -0.37555 0.469857 -0.591755 0.387577 0.362987
703 -1.12451 -1.41001 0.925173 -0.227204 -0.0338907 -0.399294 -0.143481 0.756577
188 -1.01638 -1.58279 1.00681 -0.242334 0.0936178 -0.442194 -0.162584 0.754568
239 -1.41175 -1.12306 0.590385 -0.599372 0.245244 -0.418654 0.150074 0.454541
498 -1.41272 -0.938749 1.08394 -0.433774 0.397837 -0.434814 0.435181 0.808991
598 -1.46375 -1.2015 0.872041 -0.41108 -0.243875 -0.499126 -0.0692353 0.576721
672 -1.42269 -1.06323 0.918964 -0.164509 0.135878 -0.858135 0.0983509 0.491026
367 -0.731028 -1.52685 1.44363 -0.404509 0.515235 -0.910759 0.317721 0.241851
793 -1.3481 -0.954008 0.492078 -0.751563 0.160348 -0.325838 0.294471 0.469388
918 -1.28331 -1.08565 0.75159 -0.0957026 0.0758773 -0.93895 0.142144 0.60708
819 -1.36598 -1.39537 0.583463 -0.133919 0.281391 -0.677502 0.0830491 0.80199
813 -1.49725 -1.27084 0.701084 -0.602741 0.342607 -0.384988 0.123195 0.408879
167 -0.910999 -1.34578 0.771028 -0.464594 0.450919 -0.611 0.11771 0.645277
185 -1.29405 -1.43287 0.838521 -0.258327 -0.0466357 -0.363237 -0.357933 0.734678
608 -1.39148 -1.2146 0.817702 -0.378689 -0.0658976 -0.400011 -0.179688 0.417814
444 -1.61548 -0.993693 0.85717 -0.459881 -0.339353 -0.42159 -0.162103 0.420199
526 -1.3137 -0.891347 0.904291 -0.180679 0.00315224 -1.17132 0.0195748 0.47263
346 -1.48833 -1.44941 0.796123 -0.241379 -0.00799581 -0.281423 -0.238585 0.980893
337 -1.08469 -1.35717 0.621102 0.0188438 0.230415 -0.645166 0.0997938 0.781426
190 -1.34559 -1.3065 0.704932 -0.304601 -0.136444 -0.186468 -0.350345 0.834355
44 -0.882633 -1.0001 0.665101 -0.708058 -0.135621 -0.771435 0.776498 0.875235
372 -1.00819 -1.54213 1.27925 -0.413501 0.368089 -0.874566 0.385688 0.506819
570 -0.960231 -1.50839 1.33076 -0.218051 0.470938 -0.90647 0.195875 0.353414
511 -1.37296 -0.817834 0.842707 -0.188085 0.217425 -0.639384 0.155079 0.646305
586 -1.35861 -1.14949 1.01008 -0.319709 0.724279 -0.339339 0.173289 0.487461
326 -1.01625 -1.45117 0.455951 0.0668612 -0.0661555 -0.777369 0.255636 1.0688
965 -1.34348 -1.38738 0.866495 -0.177287 0.493839 -0.529073 0.15389 0.587743
478 -1.24927 -1.57607 0.568337 0.0106118 0.130785 -0.803159 0.156455 1.02458
736 -1.07967 -1.4519 0.478428 -0.561809 0.662281 -0.320414 0.144305 0.747849
543 -0.819889 -1.16094 0.88211 -0.526888 0.031978 -0.872343 0.597515 0.6738
809 -0.9897 -1.09828 0.725146 -0.740729 0.0520135 -0.674153 0.886203 1.06969
569 -0.992891 -1.43674 0.814104 -0.0241075 0.160705 -0.778943 0.0546198 0.757036
393 -1.04418 -1.01851 0.630719 -0.679442 -0.181286 -0.764857 0.724364 0.774984
901 -1.49983 -1.19061 0.603856 -0.622762 0.177482 -0.360985 -0.015163 0.559403
738 -1.08332 -1.38937 0.496816 -0.112092 0.19299 -0.642722 0.193669 0.828877
878 -1.29019 -1.40008 0.791561 -0.299264 -0.0393426 -0.433754 -0.0761108 0.668689
163 -0.732717 -1.30475 1.23058 -0.150219 0.411268 -0.671991 0.116428 0.251277
735 -1.10652 -1.43706 0.472521 -0.577353 0.645424 -0.403614 0.233542 0.77455
357 -1.18021 -1.31759 0.908778 -0.254993 -0.00476767 -0.445484 -0.154234 0.675726
103 -1.29802 -1.41008 0.73244 0.028405 0.156555 -0.818596 0.0281718 0.780816
675 -1.30441 -0.998813 0.814064 -0.22641 -0.075457 -0.862997 0.0970952 0.542456
696 -1.09687 -1.55333 0.584318 0.0198296 0.0755608 -0.692253 0.0145373 1.04299
184 -1.22605 -1.26535 0.740634 -0.385024 -0.0716265 -0.407307 -0.0253081 0.895911
557 -0.965809 -1.27962 0.401184 -0.0148281 -0.0179622 -0.733562 0.16548 0.839394
751 -0.960726 -1.32479 1.15133 -0.187892 0.417942 -0.74452 0.169051 0.4005
297 -1.31795 -0.970072 0.686009 -0.393499 0.244876 -0.51172 0.261092 0.821522
808 -1.05947 -1.1516 0.739831 -0.786089 -0.149146 -0.785271 0.710838 0.959854
392 -1.04183 -1.08587 0.671763 -0.48778 -0.05305 -0.724777 0.495877 0.720472
332 -1.07798 -1.4006 0.344208 0.124051 0.0399472 -0.697773 0.128284 1.03454
194 -1.3664 -1.19402 0.660549 -0.295699 -0.103516 -0.11397 -0.324462 0.826479
787 -1.36087 -1.32463 0.978074 -0.346565 0.3873 -0.521986 0.0301459 0.520354
961 -1.43211 -1.43731 0.665512 -0.262787 -0.00254868 -0.326671 -0.227007 0.836565
202 -1.29088 -1.33138 0.774814 -0.325065 0.0440867 -0.434632 -0.0949807 0.79382
956 -1.59023 -1.21093 0.60301 -0.620455 0.302379 -0.336263 0.04303 0.52121
504 -1.44809 -0.84906 0.837489 -0.503918 0.367763 -0.34269 0.589 0.963541
800 -1.39129 -1.26088 0.574837 -0.709837 0.286291 -0.402867 0.13781 0.346971
301 -1.32052 -1.05838 0.815741 -0.412283 0.260219 -0.509378 0.382333 0.815569
306 -1.31175 -0.99881 0.721926 -0.364653 0.239825 -0.401651 0.359076 0.88965
932 -1.44534 -1.22085 0.634003 -0.635625 0.249281 -0.435391 0.0166806 0.515603
773 -0.899155 -1.4234 1.18393 -0.178349 0.38197 -0.871009 0.0695234 0.414417
628 -1.5817 -1.41832 0.961881 -0.635308 -0.358667 -0.554096 -0.200335 0.30196
539 -1.0215 -1.10655 0.758992 -0.66691 -0.157954 -0.962405 0.840545 0.971208
234 -1.6081 -1.24013 0.509128 -0.741612 0.261352 -0.288086 0.119971 0.359095
391 -1.01924 -1.05777 0.768355 -0.640079 -0.170113 -0.824593 0.827086 0.920208
474 -1.22775 -1.63997 0.482297 0.143807 0.033893 -0.795125 0.0780362 1.15627
532 -1.52597 -0.885632 0.82967 -0.304374 0.105289 -0.938882 0.0881454 0.590907
298 -1.19375 -1.0402 0.603084 -0.50201 0.447849 -0.352843 0.40993 0.811289
953 -1.53456 -0.895696 0.781608 -0.545196 0.384344 -0.396433 0.593676 1.03633
861 -1.06221 -1.24254 0.827269 -0.289008 -0.0956977 -0.534877 -0.090116 0.571243
823 -1.14246 -1.5163 0.545567 0.0102307 0.0220473 -0.641497 -0.0644204 0.743493
657 -0.834238 -1.43287 1.13655 -0.351553 0.479723 -0.886935 0.253754 0.478644
530 -1.3241 -1.05172 0.731499 -0.272918 0.19221 -0.808702 0.222131 0.679835
797 -1.25697 -1.18928 0.854871 -0.393973 0.679649 -0.403709 0.0953756 0.332309
525 -1.38053 -0.919773 0.893568 -0.164709 0.192509 -0.984287 0.0991891 0.599364
863 -1.31542 -1.4164 0.804928 -0.264299 0.00424537 -0.42517 -0.0933446 0.720445
979 -1.28513 -1.08847 0.799879 -0.437857 0.11573 -0.561964 0.310434 0.763387
622 -1.07942 -1.13794 0.580262 -0.680049 -0.130584 -0.755738 0.595852 0.826242
242 -1.48692 -1.09529 0.481023 -0.771174 0.181126 -0.435607 0.233704 0.601422
151 -0.782589 -1.44965 1.33575 -0.290839 0.438999 -0.968167 0.233497 0.309705
406 -0.697254 -1.37107 1.24269 -0.241609 0.345886 -0.849994 0.085679 0.271206
607 -1.34984 -1.29274 0.860602 -0.452159 -0.0521172 -0.524278 -0.115401 0.396518
454 -1.5438 -1.30954 0.849386 -0.408854 -0.457189 -0.480448 -0.388142 0.261037
47 -0.956128 -1.12114 0.724634 -0.464722 0.0215516 -0.76696 0.699628 0.775227
161 -0.748151 -1.28289 1.03373 -0.244288 0.210614 -0.627017 -0.0271841 0.257435
389 -0.969134 -1.38781 0.529991 -0.0286874 -0.0224416 -0.771528 0.274013 0.96558
634 -1.41296 -1.3438 0.798335 -0.581705 -0.318067 -0.586076 0.160288 0.559927
650 -1.23833 -1.29357 0.464339 0.0101279 0.0632514 -0.652693 0.138625 0.827352
359 -1.20155 -1.40399 0.736102 -0.271483 0.0348144 -0.248927 -0.137035 0.754568
327 -1.10062 -1.60527 0.460401 0.116233 0.0655616 -0.858195 0.0952153 1.038
487 -1.09702 -1.48219 0.507049 0.172269 0.169037 -0.796693 0.0212383 1.01154
820 -1.06684 -1.20369 1.06182 -0.310376 0.323211 -0.764578 0.151443 0.478189
59 -0.899883 -1.20752 0.892995 -0.725731 -0.113101 -0.932678 0.820392 0.917245
233 -1.52514 -1.07867 0.564496 -0.746122 0.273927 -0.385543 0.269966 0.455523
806 -1.24651 -1.1339 0.943987 -0.344211 0.56754 -0.443777 0.145434 0.593741
509 -1.3463 -0.892159 0.796669 -0.484165 0.245455 -0.278915 0.195959 0.830733
763 -1.35509 -1.29183 0.945292 -0.648272 -0.316149 -0.594417 0.138969 0.473844
749 -0.830542 -1.44036 1.28934 -0.166918 0.444769 -0.885425 0.17757 0.422505
723 -0.884315 -1.33346 0.737287 -0.391708 0.514003 -0.500506 0.210539 0.547179
506 -1.41387 -0.824535 0.785433 -0.594028 0.257745 -0.301824 0.43956 0.768488
489 -0.930299 -1.40164 1.28828 -0.215733 0.327841 -1.034 0.0388582 0.439263
409 -1.11981 -1.05539 0.930593 -0.208054 0.207887 -0.984639 0.109256 0.42334
983 -1.35978 -1.36224 0.772316 -0.352943 0.0831085 -0.464511 -0.0323178 0.667435
642 -1.67419 -1.23388 0.54769 -0.673304 0.333836 -0.310643 0.113049 0.483162
295 -1.22773 -1.12584 0.749859 -0.255724 -0.0200967 -0.289199 -0.102705 0.657975
689 -1.1711 -1.42592 0.664336 -0.271149 0.119578 -0.276443 -0.161903 0.782211
647 -1.31476 -1.07764 0.673567 -0.593458 0.276731 -0.354384 0.0602638 0.429916
795 -1.18926 -1.16515 0.702567 -0.230658 0.129244 -0.277146 -0.0913127 0.588513
717 -0.97109 -1.39536 0.476458 -0.483255 0.52676 -0.455568 0.190275 0.701866
633 -1.54738 -1.24374 0.716538 -0.34619 -0.346085 -0.571829 -0.30349 0.334073
693 -1.29434 -1.37678 0.702668 -0.247966 -0.203154 -0.226905 -0.322654 0.809668
428 -1.36401 -0.981461 0.727131 -0.363035 0.262393 -0.407291 0.386551 0.934087
778 -1.01021 -1.44494 0.353501 0.234402 -0.0650096 -0.787373 0.0779125 0.982783
