1000 4
957 -1.62711 1.31073 -0.821955 -0.201403
180 -2.04208 1.26977 -0.768453 -0.311248
795 -1.43591 1.2477 -0.837312 -0.0521904
126 -2.13989 1.60402 -0.864885 0.0660357
185 -1.71485 1.44359 -0.711347 -0.151237
205 -1.55774 1.38826 -0.766547 -0.208867
346 -1.82131 1.70856 -1.00794 -0.378172
305 -1.34792 1.72148 -0.714293 -0.952856
767 -1.27727 1.36869 -0.996045 -0.563211
170 -1.16656 1.9339 -1.3273 -0.539952
771 -1.08265 1.62248 -0.994161 -0.479291
641 -0.959719 1.90476 -1.17862 -0.439795
443 -1.47338 2.26774 -0.581592 -0.0495218
435 -1.58017 2.79122 -0.481948 0.0308521
631 -1.61432 1.85837 -0.446536 -0.034881
179 -1.58899 2.22509 -0.381532 0.137117
362 -1.43964 2.31981 -0.483286 -0.101545
912 -1.26072 1.82339 -1.11238 -0.632641
216 -1.32152 1.82709 -1.09314 -0.541005
211 -0.965174 2.0643 -1.2172 -0.597202
223 -0.978207 1.72284 -1.32883 -0.529922
639 -1.10703 1.63983 -0.979775 -0.869144
219 -1.24541 1.71446 -1.07918 -0.620266
766 -1.11986 1.63719 -1.01881 -0.52003
176 -1.88998 1.44633 -0.801208 -0.204407
719 -1.9121 1.56123 -0.920804 0.0302702
734 -1.73578 1.73422 -0.845964 -0.246543
705 -2.4191 1.87045 -1.4363 0.433145
717 -1.59111 1.3796 -1.00993 -0.0503299
937 -1.50715 1.46107 -0.877084 -0.174117
695 -2.08446 1.51321 -1.20206 0.205619
825 -1.96388 1.60488 -0.783074 -0.142674
737 -1.58971 1.28427 -0.869585 -0.192863
516 -2.29716 1.51894 -0.914003 0.04987
20 -1.34833 1.60277 -2.12381 -0.929633
0 -1.60112 1.77214 -2.27 -0.658221
18 -1.29576 1.6182 -1.82387 -0.5764
146 -1.18609 1.94719 -0.700271 -0.589946
248 -1.40284 2.28742 -0.271794 -0.859307
133 -1.48918 2.06895 -0.589568 -0.81581
568 -1.15731 1.5317 -0.84128 -0.515956
402 -1.28123 2.1883 -0.573017 -0.809514
135 -1.35202 2.43118 -0.46788 -0.922013
258 -1.25895 1.54518 -0.542234 -0.570816
448 -1.3879 1.85054 -0.569888 -0.00601835
626 -1.76579 2.40757 -0.501781 0.12175
246 -1.33733 1.6156 -0.847614 -0.236046
901 -1.45462 1.55487 -0.987619 -0.158043
181 -1.88657 1.74462 -0.908575 -0.0410602
175 -1.90666 1.5862 -0.880852 -0.151895
7 -2.01475 1.39934 -1.12622 -0.00945591
172 -1.90172 1.58634 -0.832009 -0.152443
295 -1.49998 1.46438 -0.656242 -0.574409
316 -2.11538 1.72553 -0.542158 0.20679
325 -1.60392 1.61112 -0.513691 -0.022559
416 -1.35009 1.98722 -0.662006 -1.09034
276 -1.68953 1.94255 -0.711773 -1.51135
417 -1.3356 1.87687 -0.76176 -1.28515
303 -1.31615 1.75356 -0.691014 -1.15216
271 -1.8761 1.94607 -0.851407 -1.83428
288 -1.5268 1.55508 -0.764138 -1.33228
110 -1.42982 1.36604 -1.21407 -0.308932
789 -1.69908 1.61012 -1.509 -0.0732612
947 -1.23195 1.708 -0.691021 -0.685921
251 -1.20288 1.91807 -0.619225 -0.703956
403 -1.25203 1.7722 -0.643104 -0.822756
367 -1.09317 1.81573 -0.759488 -0.670262
488 -1.40377 1.57069 -0.935203 -0.515754
85 -1.51828 1.74345 -1.38201 0.027658
83 -1.65917 1.59524 -1.72448 0.0021329
784 -1.4994 1.56769 -1.23818 -0.245382
99 -1.55128 1.61613 -1.32567 -0.476516
817 -1.82762 1.7168 -0.663297 -0.504462
482 -1.75234 1.51246 -0.692624 0.126232
480 -1.81572 1.59953 -0.538254 0.0747835
309 -2.41609 2.04874 -0.603915 0.198505
477 -1.71855 1.53814 -0.679903 -0.0282366
536 -1.92501 1.62268 -0.64506 -0.23303
4 -1.54915 1.74471 -2.13511 -0.620618
542 -1.1985 1.04406 -1.38122 -0.656225
198 -1.65203 1.51516 -0.705247 0.0725854
344 -1.79504 1.4931 -0.879536 -0.0609365
342 -1.89661 1.49619 -1.10256 -0.193162
270 -1.39101 1.45024 -0.799739 -0.240022
45 -1.14383 1.19043 -1.29426 -0.305301
385 -1.05819 1.23235 -1.35565 -0.587794
612 -1.74659 1.60332 -0.785825 -0.246626
559 -2.01865 1.09529 -0.536531 -0.12995
662 -3.00227 1.08069 -0.946722 -1.1137
672 -1.79375 1.02661 -0.915561 -0.704814
995 -2.19053 1.15457 -0.895104 -0.746172
87 -1.54777 1.68633 -1.62945 -0.076519
192 -1.68764 1.58519 -1.1955 -0.187219
788 -1.29949 1.40129 -1.0998 -0.344214
340 -2.16158 1.58084 -0.726964 -0.0795572
693 -1.57459 1.37272 -0.723995 -0.0716596
697 -1.6041 1.29441 -1.09267 -0.120315
23 -1.2982 1.61199 -1.87359 -0.816804
1 -1.69568 1.74688 -2.23146 -0.856881
12 -1.63182 1.61459 -2.13577 -0.651019
808 -1.3348 1.23848 -1.63459 -0.54233
378 -1.23327 1.61423 -0.783587 -0.618624
249 -1.41995 2.22147 -0.495383 -0.781992
128 -1.26923 2.21891 -0.647944 -0.851824
143 -1.25342 2.09048 -0.654564 -0.730479
741 -1.11977 1.54915 -0.84072 -0.59614
13 -1.26737 2.19925 -0.615447 -0.841835
859 -1.98616 1.55755 -0.903454 -0.0664834
924 -1.54838 1.61553 -1.13434 -0.131193
591 -1.33075 2.40501 -0.741076 0.0810599
31 -1.25761 1.51043 -1.77195 -0.332381
706 -2.13292 1.70851 -1.04665 0.334252
714 -1.68023 1.4455 -0.821121 0.117467
724 -1.65294 1.4934 -0.880306 -0.385463
654 -1.57819 1.51057 -0.846789 -0.214466
875 -1.83886 1.40257 -0.785921 -0.246767
681 -2.13874 1.55162 -0.849734 -0.110353
169 -2.17313 1.58492 -0.868276 -0.0765456
691 -1.77443 1.55891 -0.960232 -0.226875
732 -1.74626 1.48737 -1.08933 -0.0812388
720 -1.45856 1.75079 -0.656548 0.143138
628 -1.62221 2.15113 -0.644995 0.0485875
182 -1.61705 1.62489 -0.771003 -0.511736
190 -1.70951 1.29305 -0.792064 -0.137536
353 -1.42322 1.44536 -0.760613 -0.241817
441 -1.56398 1.98124 -0.524457 -0.192576
452 -1.54362 2.13354 -0.645053 -0.0861536
297 -1.20868 1.582 -0.664677 -1.01634
282 -1.428 1.79382 -0.892023 -1.36712
425 -1.14998 1.62213 -0.66706 -1.04936
870 -1.62207 1.34121 -1.37652 -0.343181
587 -1.56681 1.38125 -1.08544 -0.280524
80 -1.92266 1.6911 -1.85227 0.177302
114 -1.46733 1.348 -1.42107 -0.133226
810 -1.2965 1.2797 -1.41475 -0.520098
391 -1.30719 1.1984 -1.83139 -0.559567
5 -1.65876 1.57299 -2.20348 -0.600053
393 -1.21429 1.25219 -1.6433 -0.539623
625 -1.13565 1.24271 -1.46469 -0.578503
213 -1.1177 2.05208 -1.28969 -0.59673
230 -1.10649 1.59952 -1.21778 -0.651639
395 -1.2914 1.96778 -1.04321 -0.567815
363 -1.39731 1.87272 -0.7349 -0.656047
769 -1.17586 1.65604 -0.936829 -0.488862
147 -1.43479 1.79626 -0.447728 -0.60584
965 -1.48848 1.48737 -1.05775 -0.294598
582 -1.50385 1.52877 -1.39343 -0.210668
790 -1.32875 1.54618 -1.35837 -0.180965
377 -1.61792 1.29888 -0.709063 -0.823427
50 -2.64986 1.13792 -0.926784 -1.23662
409 -1.78548 1.28246 -0.572665 -0.873076
129 -1.46186 2.38193 -0.512844 -0.960348
466 -1.16263 1.33142 -1.57651 -0.495356
10 -1.40764 1.65669 -2.08948 -0.695216
464 -1.28276 1.36939 -1.31301 -0.461356
548 -1.31232 1.32424 -1.62855 -0.565669
538 -1.19786 1.28976 -1.6398 -0.485505
55 -1.17341 1.57248 -1.7426 -0.671366
873 -1.83043 1.65174 -0.793589 -0.128463
360 -1.58029 1.43327 -0.800253 -0.156041
680 -1.95038 1.25784 -1.11098 -0.317697
200 -1.54275 1.21236 -0.750199 -0.326289
177 -1.96243 1.57293 -0.689096 -0.299122
689 -1.58657 1.23186 -1.0103 0.00932679
792 -1.33627 1.58238 -1.25603 -0.289768
136 -1.44941 1.93725 -1.62399 0.155032
102 -1.31507 1.4948 -1.21536 -0.00357742
398 -1.25837 1.99036 -0.495764 -0.47498
61 -1.33329 1.55822 -1.44344 -0.0748052
401 -1.46856 1.40784 -1.16186 -0.134487
609 -1.63406 1.984 -0.373574 -0.0524821
596 -1.32865 1.66348 -0.49378 -0.0945014
343 -1.74159 1.32852 -0.819298 -0.22764
188 -1.5239 1.52966 -0.838666 -0.197572
171 -1.94927 1.93141 -0.595061 0.139595
565 -1.16139 1.95458 -0.604035 -0.612088
125 -1.37773 2.65367 -0.487729 -0.607812
127 -1.53903 2.48119 -0.570138 -1.00067
721 -1.7812 1.22166 -0.804439 0.192899
712 -1.86597 1.48964 -0.788975 0.172984
637 -1.91674 1.65531 -0.899728 0.247225
727 -2.23365 1.8006 -1.137 0.309322
554 -2.06316 0.986866 -0.81242 -0.46662
675 -1.9617 0.79533 -0.863053 -0.672091
868 -1.16664 1.62231 -0.785756 -1.0735
15 -1.17934 1.98505 -1.42616 -0.546894
659 -1.14658 1.59238 -0.685203 -0.557135
140 -1.20402 1.99768 -0.545461 -0.629051
149 -1.37214 1.92229 -0.462797 -0.595268
917 -1.11544 1.1869 -1.3869 -0.337182
24 -1.43025 1.42292 -2.19725 -0.676096
546 -1.47445 1.31235 -1.55633 -0.314777
56 -1.29604 1.50326 -2.13757 -0.635025
499 -1.23076 1.61832 -0.774876 -0.874101
79 -1.58651 1.96192 -1.57885 0.00843498
92 -1.55944 1.45504 -1.36162 -0.163986
97 -1.28173 1.44283 -1.33313 0.0132503
383 -1.13064 1.39746 -1.61753 -0.653919
913 -1.15175 1.62377 -1.12452 -0.534965
214 -1.26722 1.9467 -1.26267 -0.591661
747 -1.10953 2.0297 -1.16549 -0.57086
800 -1.13129 1.7426 -0.910291 -0.527854
221 -1.297 1.82345 -1.0774 -0.720192
209 -1.20142 2.07619 -0.970333 -0.685925
950 -1.84781 1.55643 -0.923807 0.088538
718 -1.89779 1.46393 -0.799893 0.10206
722 -1.3765 1.33401 -0.680976 -0.149252
278 -1.43981 2.07433 -0.515211 -1.18842
272 -1.78455 2.07985 -0.923514 -1.82477
431 -1.51552 1.43208 -0.723832 -1.11558
978 -1.45 1.50065 -0.948807 -1.13393
888 -1.33653 1.76194 -0.781692 -1.19433
429 -1.50105 1.63798 -0.784789 -1.10936
809 -1.33379 1.3008 -1.49889 -0.529524
543 -1.24594 1.56329 -1.34794 -0.616448
14 -1.39334 1.53782 -1.9014 -0.495095
620 -1.18471 1.51484 -1.21091 -0.15537
6 -1.43985 1.71605 -1.98118 -0.714617
624 -1.1152 1.30409 -1.33948 -0.513517
52 -1.40346 1.415 -1.8198 -0.628031
68 -1.15494 1.31695 -1.47991 -0.417359
460 -1.22517 1.78625 -0.665191 -0.0561539
432 -1.59232 2.63349 -0.639102 0.11091
449 -1.27052 1.67007 -0.823032 -0.08141
891 -1.45707 1.95143 -0.628716 -0.0352347
436 -1.65988 2.48555 -0.333896 -0.0237223
447 -1.4564 1.93284 -0.654348 -0.124414
627 -1.5987 2.13883 -0.522251 -0.0250966
892 -1.26635 1.68679 -0.496279 -0.142247
2 -1.45459 1.66398 -2.1157 -0.769881
22 -1.27865 1.5701 -1.90923 -0.851008
450 -1.32644 1.74231 -0.82254 -0.0801038
967 -1.65917 1.65606 -0.679837 -0.268396
601 -1.50229 1.72821 -0.651626 -0.235186
440 -1.71082 2.09131 -0.505655 0.0548329
597 -1.4685 1.94712 -0.565168 0.111048
433 -1.72085 2.53915 -0.385637 -0.239258
715 -1.82914 1.40413 -0.744284 0.0899213
394 -2.09723 1.74155 -0.83444 0.196265
828 -1.48344 1.50465 -0.831384 -0.281806
33 -1.7677 1.53373 -0.987404 -0.10682
944 -1.60442 1.59897 -1.01378 -0.179223
959 -1.75931 1.5467 -0.839996 -0.216037
131 -2.52673 1.65587 -0.440753 -0.163562
164 -1.23546 1.90784 -0.591561 -0.592782
658 -1.45784 1.60565 -1.02326 -0.524409
163 -1.10283 1.62843 -0.541803 -0.445656
815 -1.11121 1.60253 -0.883126 -0.246549
592 -1.68527 2.15391 -0.566192 0.0205713
602 -1.49796 1.75096 -0.687948 -0.148576
434 -1.75883 2.52421 -0.498579 0.0510882
329 -1.74274 1.7375 -0.589453 -0.0233167
989 -1.64038 1.66394 -1.14702 -0.327346
791 -1.44193 1.61434 -1.37134 -0.106858
124 -1.48929 1.563 -0.982593 -0.221825
842 -1.51691 1.39243 -1.15134 -0.230351
856 -1.69683 1.52071 -1.42477 -0.0965406
879 -1.28977 1.61167 -1.26352 -0.463465
881 -1.36949 1.685 -1.01714 -0.537979
669 -2.25468 0.816006 -0.9928 -0.895045
581 -1.71877 1.5274 -1.16588 -0.587284
895 -1.39715 1.47102 -1.13198 -0.478116
119 -1.33869 1.47653 -1.02564 -0.339663
95 -1.20617 1.4911 -1.29005 -0.315405
397 -1.37551 1.42781 -1.1047 -0.378804
86 -1.6491 1.65212 -1.68711 0.0103862
679 -1.83363 1.14177 -0.739553 -0.814527
773 -1.41364 1.6281 -0.59564 -0.726826
520 -2.4008 0.96989 -1.02468 -1.05515
533 -2.09143 0.805749 -0.83531 -0.834811
519 -2.27362 0.955337 -1.04511 -0.991816
76 -1.3606 1.34388 -1.65779 -0.547398
25 -1.2939 1.49452 -1.94595 -0.614232
854 -1.4235 1.31112 -1.30867 -0.640941
954 -1.41478 1.39593 -1.48794 -0.581731
186 -1.67024 1.50684 -0.933846 -0.2146
438 -1.94024 1.49219 -0.829294 -0.0805279
311 -2.20978 1.86111 -0.363296 0.0911076
250 -1.45084 1.82803 -0.407153 -0.823319
407 -1.37734 1.88843 -0.485884 -0.765275
831 -1.68703 1.45189 -0.632876 -0.0104462
382 -1.34728 1.41732 -1.58376 -0.497111
361 -1.29969 2.03748 -0.624989 -0.851413
660 -1.18243 1.38543 -0.622112 -0.592488
396 -1.13714 1.96535 -0.607188 -0.755171
81 -1.16257 2.37891 -0.743399 -0.67783
560 -1.36543 1.99409 -0.608661 -0.891815
990 -1.24029 1.63869 -0.84892 -1.04291
414 -1.57911 1.9806 -0.921432 -1.57305
410 -1.57924 2.16866 -1.25071 -1.68111
413 -1.36547 1.87155 -0.699023 -1.326
273 -1.60293 2.24502 -0.969213 -1.7781
544 -1.30565 1.15693 -1.46298 -0.415375
939 -1.08881 1.42776 -1.58829 -0.735251
62 -1.2115 1.39991 -1.60585 -0.462659
59 -1.35541 1.48402 -1.67096 -0.631297
616 -1.62923 1.42834 -0.87181 -0.20492
212 -2.09782 1.80731 -0.616418 -0.113308
503 -1.4237 1.45312 -0.724463 -1.08013
428 -1.45017 1.73648 -0.715829 -1.04248
381 -2.09283 0.856507 -1.03165 -0.997211
824 -1.63626 1.061 -0.679317 -0.144501
467 -2.34063 1.66866 -0.790376 0.259463
468 -2.18973 1.76284 -0.792765 0.295046
123 -1.56173 1.22968 -1.15848 -0.458494
663 -2.75471 1.07837 -1.02656 -1.23639
529 -2.18333 0.911315 -1.00594 -0.748716
579 -1.5915 1.5762 -1.35511 -0.206346
281 -1.62912 1.38436 -1.23385 -0.30747
829 -1.56823 1.48555 -0.907614 -0.182436
298 -1.10497 1.58296 -0.662634 -0.884906
426 -1.21052 1.67036 -0.681935 -1.003
988 -1.85077 1.76313 -0.650713 -0.223585
335 -1.7413 1.74989 -0.717248 -0.0631129
275 -2.14492 1.7589 -0.331921 -0.152738
138 -1.18873 1.93537 -0.598007 -0.810497
132 -1.26166 2.49109 -0.591957 -0.79572
165 -1.40864 1.78015 -0.675512 -0.541346
370 -1.22123 1.7012 -0.485996 -0.622272
465 -1.11587 1.51003 -1.04866 -0.704442
3 -1.37093 1.88459 -2.18343 -0.590906
225 -1.18866 1.64589 -1.15901 -0.397369
816 -1.11738 1.57651 -0.914742 -0.471764
210 -1.17793 2.1396 -1.13668 -0.665273
218 -1.27088 1.81372 -1.04054 -0.674831
479 -1.67395 1.48314 -0.632189 -0.00697064
973 -1.53356 1.28837 -0.863111 -1.03926
53 -1.26398 1.59676 -1.94236 -0.764597
530 -2.21092 0.906609 -0.970891 -0.879549
599 -1.27502 1.64712 -0.51194 -0.408321
268 -1.10582 1.72844 -0.464177 -0.745813
528 -1.84476 1.28489 -0.607055 -0.406801
818 -1.61871 1.64344 -0.6218 -0.564553
243 -1.23343 1.79669 -0.568179 -0.221948
652 -1.79421 1.54951 -0.793695 0.210775
826 -1.97168 1.63952 -0.860642 0.138754
365 -1.3108 2.16496 -0.344077 -0.8031
142 -1.2529 1.99034 -0.461148 -0.760818
141 -1.28774 2.10844 -0.397979 -0.522695
260 -1.20079 1.61993 -0.491841 -0.881147
514 -2.7586 1.13746 -0.842797 -1.08355
103 -1.77826 1.47729 -0.84174 -0.134427
819 -1.62798 1.52555 -0.798457 -0.171888
589 -1.3318 1.38859 -1.02264 -0.0386084
379 -1.28204 1.22644 -0.894153 -0.22761
578 -1.8098 1.4993 -1.64695 0.149238
364 -1.29639 2.19081 -0.436549 -0.883683
797 -1.40083 1.38075 -1.09766 -0.347117
469 -1.49567 1.59832 -1.22205 -0.120509
981 -1.44748 1.45859 -0.807617 -0.488749
993 -2.13742 1.18402 -0.875029 -0.849397
668 -2.1734 1.114 -0.869267 -0.820163
674 -1.98197 1.22906 -0.825178 -0.389659
8 -2.20492 1.69091 -0.494366 -0.0262829
139 -1.56631 1.96186 -0.511959 -0.568628
635 -1.1139 2.06684 -1.14862 -0.615164
231 -1.16415 1.6639 -0.866084 -0.527795
207 -1.04887 2.17783 -1.55176 -0.555871
220 -2.14807 1.04967 -1.33809 -0.987589
404 -1.90446 1.05712 -0.635116 -0.775943
372 -1.28732 1.70129 -0.842871 -0.462598
716 -1.86128 1.44848 -0.906755 0.239682
827 -1.93163 1.77314 -0.932806 0.218953
846 -1.75413 1.48787 -0.890928 0.0181371
847 -1.8707 1.49969 -0.683084 0.0816646
683 -1.94731 1.57015 -0.920104 -0.0981177
290 -1.37611 1.87145 -0.808494 -1.37774
277 -1.72658 1.94968 -0.713262 -1.61138
274 -2.64453 1.13453 -0.925576 -1.44496
760 -2.08163 0.881835 -0.812762 -0.873092
437 -2.33499 1.06448 -0.74588 -0.985127
525 -2.18691 0.924805 -1.10703 -0.975862
517 -2.68733 1.01712 -0.969092 -1.13456
925 -1.46332 1.83663 -0.639998 -0.0988282
594 -1.65172 2.12323 -0.477771 -0.131297
47 -1.18652 1.22823 -1.40429 -0.442944
32 -1.34458 1.45364 -1.52113 -0.470928
28 -1.44813 1.17628 -1.70483 -0.695604
513 -2.78832 0.893548 -1.02023 -1.07742
532 -1.92128 0.94847 -0.955227 -1.09137
838 -1.90688 1.05078 -0.895037 -0.819572
228 -1.32483 1.78035 -0.998449 -0.669672
704 -1.58194 1.43663 -0.90217 -0.249456
195 -1.70643 1.4439 -0.842205 0.0587721
694 -1.64426 1.35412 -0.82924 -0.264545
684 -1.92619 1.47829 -1.00121 -0.186888
862 -1.8344 1.5998 -0.770853 -0.17281
173 -1.97763 1.3934 -0.898599 -0.149162
595 -1.53805 2.02665 -0.589562 -0.158514
387 -1.18213 1.41786 -1.74918 -0.508813
380 -1.30572 1.70265 -1.98646 -0.581273
869 -1.62138 1.45795 -0.684555 -0.10945
314 -2.09994 1.91098 -0.663143 0.2012
355 -1.6918 1.42689 -0.601459 -0.131979
168 -2.07976 1.54301 -0.993557 -0.071769
197 -1.58718 1.36401 -0.725236 -0.22841
876 -1.46186 1.58652 -0.781303 -0.235363
945 -1.34137 1.70638 -1.12564 -0.50298
607 -1.48904 1.5834 -0.642551 -0.28065
345 -1.54905 1.97074 -0.485089 -0.0995022
442 -1.57257 2.07679 -0.619419 0.0931688
653 -1.54332 1.88113 -0.703508 -0.108403
564 -1.47067 2.0961 -0.461582 -0.061813
763 -1.196 1.85532 -0.846456 -0.196922
508 -1.37711 1.85911 -0.525801 -0.376528
254 -1.6375 1.70049 -0.542818 -0.276371
540 -2.13487 0.8436 -0.901317 -0.750126
523 -2.28603 0.943106 -0.919893 -1.03218
418 -1.15734 1.86189 -0.982221 -1.243
292 -1.32277 1.79188 -1.1042 -1.39248
462 -1.1404 1.34767 -0.936113 -0.970163
922 -1.14643 1.59818 -0.644393 -0.647356
493 -1.45284 1.67314 -0.482981 -0.930088
863 -1.65421 1.5844 -0.833596 -0.163159
864 -1.26648 1.47448 -0.559943 -0.482306
286 -1.32872 2.01458 -0.806516 -1.56725
285 -1.40227 2.21581 -0.548894 -1.34127
67 -1.13815 1.50182 -0.872537 -0.666594
733 -1.55742 1.56095 -0.607256 -0.0493327
713 -1.73954 1.68567 -0.961804 -0.0372966
194 -1.58543 1.34797 -0.697034 -0.259191
348 -1.82699 1.31922 -0.725341 -0.0867967
229 -1.1306 1.85369 -1.15751 -0.459723
495 -1.47953 1.71144 -0.501251 -0.801988
130 -1.57364 2.247 -0.515477 -1.10861
82 -1.44291 2.34006 -0.598704 -0.809395
490 -1.30031 2.18358 -0.50238 -0.778357
266 -1.06729 1.81862 -0.543124 -0.826686
682 -1.82284 1.44457 -0.868674 -0.0993209
84 -1.54019 1.90388 -1.76095 0.0227541
178 -1.76857 1.35254 -1.04785 -0.143673
971 -1.60599 1.37071 -0.905469 -0.175558
708 -2.10057 1.67651 -1.10299 0.386133
832 -1.67335 1.58553 -0.942763 -0.190708
830 -1.73411 1.46936 -0.753696 0.0519967
580 -1.46725 1.63898 -1.31515 -0.0662959
611 -1.95374 1.72753 -0.845269 -0.0673326
310 -2.30563 1.75446 -0.839586 0.246476
134 -1.64635 2.58724 -0.38419 0.0277584
762 -1.27676 1.66914 -0.649159 -0.375204
446 -1.31984 1.84468 -0.920738 -0.443272
994 -1.29171 1.76122 -1.11993 -0.32445
900 -1.23091 1.80767 -1.06369 -0.505992
676 -1.97173 1.07181 -0.863355 -0.618533
301 -1.34141 1.81052 -0.747317 -1.18942
423 -1.32787 2.04764 -0.683174 -1.06195
497 -1.4511 2.08796 -0.512301 -1.26352
287 -1.23504 1.85147 -0.671407 -1.19007
509 -1.25157 1.49206 -0.684074 -0.757537
685 -1.87414 1.50515 -0.808119 -0.201879
699 -1.63749 1.35797 -0.67198 -0.266217
972 -1.58688 1.50027 -0.768507 -0.223572
905 -1.96402 1.64074 -0.98829 0.097757
880 -1.69742 1.50007 -0.914067 -0.21228
930 -1.35675 1.52348 -1.35851 -0.00552734
584 -1.36541 1.45861 -1.35018 -0.0503867
949 -1.45001 1.37223 -1.39544 -0.216105
796 -1.35209 1.40623 -1.33379 -0.100313
113 -1.39993 1.42832 -1.23395 -0.184708
319 -2.21729 1.5174 -0.392873 -0.105739
934 -1.78797 1.65745 -0.717985 -0.174475
315 -2.14542 1.79197 -0.669099 0.198976
312 -2.49631 1.79912 -0.36298 0.0308003
848 -1.92924 1.49466 -0.693381 -0.0610198
882 -1.98603 1.18821 -0.56068 -0.311396
247 -2.00988 1.8671 -0.319272 0.023562
339 -1.89927 1.49603 -1.02261 -0.30957
235 -1.34182 1.5953 -1.25002 -0.373533
189 -1.82809 1.52701 -0.805369 -0.160633
874 -1.67266 1.49847 -0.791485 -0.279369
909 -1.97502 1.33477 -0.912976 -0.0792835
852 -1.37292 1.40593 -0.698183 -0.401087
333 -1.88326 1.46889 -0.599724 -0.102308
696 -1.93535 1.54233 -0.535545 -0.0525572
775 -1.66406 1.75255 -0.554932 -0.0331233
334 -1.64892 1.64247 -0.597842 -0.0513629
923 -1.85885 1.60506 -0.825633 -0.130998
583 -1.56951 1.32762 -1.24406 -0.117011
781 -1.49605 1.65005 -1.62701 -0.295025
764 -1.30632 1.42054 -0.605498 -0.156413
648 -1.18748 1.9828 -0.572624 -0.0823371
368 -1.31827 1.89511 -0.47356 -0.626074
754 -2.21388 1.02156 -0.983849 -1.20167
511 -1.78551 0.981266 -0.814248 -0.996176
755 -2.09415 0.981548 -1.1202 -0.893509
955 -1.8426 1.2918 -0.833836 -0.707762
840 -1.81491 1.01318 -0.843842 -0.668265
569 -1.49292 1.50645 -0.461067 -0.337216
489 -1.28551 1.85615 -0.340065 -0.72318
193 -1.72216 1.5686 -0.804015 -0.127111
746 -1.75867 1.34628 -0.632753 0.0201272
384 -1.43892 1.17533 -1.60173 -0.353128
51 -1.35497 1.45536 -1.82774 -0.68246
782 -1.35964 1.44773 -1.37572 -0.19018
424 -1.33775 1.71054 -0.842536 -0.843213
783 -1.50834 1.40705 -1.19381 -0.201816
96 -1.77824 1.50505 -1.35389 -0.260688
728 -2.10722 1.38854 -0.947765 0.12729
473 -1.71105 1.71745 -0.688233 -0.0975833
11 -2.37879 1.59089 -0.779326 0.182479
563 -1.32151 1.99626 -0.687917 -0.610822
374 -1.11595 1.82224 -0.56992 -0.667342
232 -1.14151 1.63973 -1.18983 -0.476445
866 -1.39411 1.63422 -1.08345 -0.476701
224 -1.09942 1.99553 -1.05877 -0.685742
392 -1.23807 1.30428 -1.49373 -0.316904
38 -1.47548 1.19228 -1.58553 -0.251909
78 -1.15304 1.07524 -1.49707 -0.505566
57 -1.21025 1.47277 -1.81116 -0.571679
39 -1.23205 1.27051 -1.6798 -0.498061
975 -1.69059 1.52208 -1.17967 -0.392547
101 -1.50101 1.55085 -1.43213 -0.229374
843 -1.4895 1.64659 -1.07586 -0.281841
562 -1.41513 1.62351 -1.28379 -0.0976578
806 -1.52924 1.53363 -1.09418 -0.409722
938 -1.79652 1.13608 -1.02033 -0.377094
753 -2.3149 0.871295 -1.17733 -1.17646
997 -2.04006 1.40524 -0.802962 -0.545509
605 -1.69571 1.43555 -0.622985 -0.377585
501 -1.72989 1.09186 -0.888601 -0.908088
896 -2.06708 1.00476 -1.03461 -0.939666
27 -1.23073 1.40701 -1.66803 -0.598987
623 -1.28904 1.31119 -1.40418 -0.520714
26 -1.34935 1.36971 -1.51022 -0.867966
60 -1.44239 1.29094 -1.75025 -0.676839
577 -1.31533 1.65755 -0.772713 -1.11873
575 -1.42452 1.51507 -0.605136 -1.03401
106 -1.28481 1.83546 -0.793441 -0.513
661 -1.12665 1.64471 -0.467902 -0.467695
196 -1.55327 1.37622 -0.773614 -0.150295
798 -1.12806 1.88823 -0.963315 -0.789611
226 -1.28255 1.71041 -1.13076 -0.618905
144 -1.33479 1.80111 -0.643593 -0.477831
567 -1.20507 1.76928 -0.750302 -0.541883
349 -1.64285 1.27922 -0.877664 -0.122988
358 -1.72901 1.49709 -0.811117 -0.225384
845 -1.70962 1.65961 -0.857985 -0.061027
651 -1.79652 1.59414 -0.673435 -0.0225546
208 -0.979233 2.27189 -1.3009 -0.524983
279 -1.38624 1.85479 -0.762907 -1.40757
505 -1.20836 1.65936 -1.04319 -0.666059
646 -1.10663 1.61638 -1.06497 -0.384434
304 -1.27768 1.65734 -0.755073 -1.35115
415 -1.26627 1.66054 -1.07516 -1.52395
664 -2.36905 0.983241 -1.02989 -0.923202
974 -1.57171 1.56598 -1.00147 -0.482067
527 -2.00041 1.06656 -0.906443 -0.916725
665 -2.47014 0.871791 -0.969039 -0.938552
341 -2.09951 1.11878 -0.993747 -0.282637
835 -1.3654 1.24592 -0.984978 -0.309825
860 -1.7477 1.52609 -0.934209 -0.295335
9 -1.33505 1.59648 -2.04522 -0.788488
498 -1.38905 1.70874 -0.715139 -0.980538
159 -1.328 1.59208 -0.566607 -0.626921
154 -1.32856 1.56121 -1.06621 -0.132932
93 -1.42933 1.51293 -1.3613 -0.0899669
964 -1.28538 1.67732 -1.15695 -0.498059
802 -1.31692 1.73275 -0.929016 -0.556402
983 -1.79386 1.70102 -1.02299 -0.340371
356 -1.60953 1.50701 -0.932576 -0.32288
201 -1.63729 1.34926 -0.869845 -0.196156
821 -1.75637 1.47017 -0.586349 0.104687
439 -1.39458 2.02722 -0.710703 0.121884
750 -1.50186 1.41735 -0.722852 -0.131717
458 -1.29378 1.70559 -0.508996 0.0980466
547 -1.84815 1.46682 -1.08419 0.222806
388 -1.2471 1.23761 -1.5283 -0.581792
257 -1.41032 1.77547 -0.58199 -0.790524
496 -1.3446 1.82573 -1.07021 -1.47655
897 -1.33237 1.82178 -0.657085 -1.10454
289 -1.21994 1.77813 -0.797152 -1.12212
617 -1.11231 1.67016 -1.1543 -0.581202
240 -1.09113 1.56171 -0.865303 -0.425801
117 -1.40739 1.40825 -1.17793 -0.0642469
787 -1.58887 1.38795 -1.08835 -0.264681
284 -1.3826 2.09739 -0.647648 -1.59116
291 -1.46963 1.55435 -0.886207 -1.18136
979 -1.39078 1.54689 -1.00712 -0.947176
574 -1.17249 1.65755 -0.539327 -1.273
300 -1.22497 1.51042 -0.681198 -1.06935
483 -1.29306 1.54198 -0.532321 -0.150007
726 -2.24096 1.83918 -0.462253 0.0748162
280 -1.30803 2.0292 -1.17016 -1.68911
573 -1.35658 1.69492 -0.68566 -1.17365
647 -1.15112 1.67285 -0.849606 -0.490955
157 -1.3426 1.64056 -0.587411 -0.578562
865 -1.31204 1.81147 -1.09168 -0.5164
780 -1.33384 1.68105 -1.35282 -0.0687382
352 -1.70233 1.31967 -0.776289 -0.0924404
206 -1.51587 1.54549 -0.705345 -0.19412
908 -1.75743 1.45602 -0.828627 0.0770764
707 -2.04416 1.75768 -1.05308 0.139094
36 -1.31031 1.27686 -1.55794 -0.496302
621 -1.52106 1.16576 -1.4561 -0.566574
999 -1.67732 1.72532 -1.13859 -0.485559
931 -1.53478 1.51694 -1.23463 -0.355271
69 -1.03911 1.51537 -0.819723 -1.15769
571 -1.34307 2.00082 -0.698605 -1.43877
318 -1.41181 1.83909 -0.683051 -0.939796
475 -1.67444 1.62432 -0.472212 -0.106637
779 -1.79271 1.56994 -0.903052 -0.0906125
237 -1.29692 1.64288 -1.44437 -0.582406
638 -1.04992 1.94158 -1.18452 -0.589099
811 -1.18102 1.39215 -1.56963 -0.556483
902 -1.32753 1.57655 -1.10288 -0.404272
541 -1.44542 1.43588 -1.83597 -0.637624
915 -1.38174 1.64607 -1.01848 -0.641475
242 -1.30466 1.71507 -1.13312 -0.578836
236 -1.27598 1.57358 -0.831207 -0.358406
241 -1.11751 1.41605 -0.952017 -0.448293
919 -1.35855 1.91142 -0.873255 -0.102861
916 -1.47867 1.93288 -0.762832 -0.176315
17 -1.60173 1.42294 -2.07606 -0.578554
204 -1.63585 1.48339 -0.935675 -0.223425
19 -2.2049 1.26351 -0.968768 -0.363281
878 -1.65004 1.49008 -0.79751 -0.209036
354 -1.4869 1.49379 -0.661894 -0.179359
656 -1.35577 2.02275 -0.649632 -0.51837
371 -1.3977 1.93249 -0.38284 -0.74042
537 -1.25868 2.0456 -0.784447 -0.606609
64 -1.88081 0.85311 -1.01791 -0.762178
759 -1.85639 1.04289 -0.827334 -0.716228
884 -1.76118 1.54982 -0.611499 -0.411528
551 -2.08399 1.36096 -0.657487 -0.162182
552 -2.24361 1.47994 -0.529084 0.110526
412 -1.40525 1.46607 -1.26542 -0.0418811
293 -1.208 1.78408 -0.488806 -0.972046
524 -1.91746 1.02429 -1.03584 -1.16872
698 -1.77977 1.51943 -0.765232 0.0472699
757 -2.39119 0.920622 -0.726046 -0.963848
263 -2.06848 0.894164 -0.77601 -1.0421
833 -1.59265 1.63985 -0.766683 -0.16566
561 -1.37816 2.10168 -0.500919 -0.796111
259 -1.31017 1.75572 -0.730814 -0.762869
351 -1.62542 1.51712 -0.794581 -0.15283
58 -1.39525 1.32197 -1.61076 -0.425276
748 -1.37 1.28802 -1.62894 -0.491617
233 -1.12412 1.48069 -1.27131 -0.471029
484 -1.81696 1.51282 -0.577067 -0.0759295
187 -1.71191 1.47613 -0.854004 -0.186214
958 -1.401 1.44829 -1.0468 -0.264905
758 -2.14048 1.09017 -0.739991 -0.941904
851 -2.20771 0.913337 -0.992423 -0.825437
776 -2.10841 0.780661 -0.870029 -0.593141
883 -1.87351 0.945847 -0.892885 -0.615175
264 -1.286 1.79798 -0.36197 -0.827028
749 -1.33782 1.83909 -0.581654 -0.690733
317 -2.14202 1.83597 -0.449491 0.0643407
313 -2.14937 1.85406 -0.530862 0.156118
976 -1.71168 1.61764 -0.728017 -0.200947
774 -1.84983 1.49006 -0.527565 -0.0501177
474 -1.88815 1.77816 -0.647602 0.043539
265 -1.29231 1.71163 -0.757487 -0.615119
643 -1.53801 1.44074 -0.856544 -0.0745597
174 -1.91773 1.60305 -1.02479 0.0104402
731 -1.71077 1.53996 -0.853512 -0.013586
709 -1.92391 1.50867 -0.963393 0.0897629
557 -1.63135 1.33623 -0.594048 0.0972183
471 -1.7871 1.57527 -0.690908 0.20076
770 -1.28562 1.57677 -0.87022 -0.504927
813 -1.307 1.66356 -1.15174 -0.430041
245 -1.41013 1.7567 -0.895828 -0.670462
405 -1.56375 1.6212 -0.772506 -0.262087
502 -1.36226 1.63177 -0.787811 -0.968725
299 -1.30816 1.61789 -0.771581 -1.1169
42 -1.17204 1.16311 -1.49511 -0.70314
430 -1.16819 1.56036 -0.900903 -1.00624
43 -1.4267 1.12109 -1.28595 -0.218013
238 -1.11089 1.78418 -0.887643 -0.563446
308 -2.20584 2.01617 -0.576921 0.0506602
152 -1.27853 1.8355 -0.381082 -0.799759
373 -1.21203 1.88561 -0.561592 -0.870628
253 -1.27771 1.95569 -0.651916 -0.705087
686 -1.58061 1.40387 -1.1708 -0.253188
94 -1.39303 1.4775 -1.25447 -0.357288
150 -1.09474 1.77771 -0.805789 -0.797918
857 -1.60612 1.41449 -1.31008 -0.124372
996 -1.58492 1.71074 -1.19069 -0.326222
400 -1.49342 1.52701 -1.18933 -0.434546
756 -1.94152 1.0089 -0.841661 -0.952235
512 -1.39466 1.60736 -0.900666 -1.14995
500 -1.33114 1.96192 -0.820279 -0.934359
603 -1.51446 1.89445 -0.752489 -0.196087
390 -1.29527 1.34162 -1.51157 -0.435383
148 -1.15299 2.01442 -0.594208 -0.694739
991 -1.43808 1.69537 -0.721269 -0.634283
649 -1.30723 1.59783 -0.782268 -0.532695
234 -1.19651 1.67136 -1.02803 -0.547026
904 -1.87907 1.46175 -1.18842 0.0402707
239 -1.3178 1.61196 -1.06091 -0.433318
839 -1.55146 1.31819 -0.95949 -0.299876
893 -1.51442 1.5894 -1.26548 -0.319246
572 -1.1755 1.71591 -0.708372 -1.04593
535 -1.60273 1.15325 -0.920906 -0.862055
670 -2.08094 1.05105 -0.936011 -1.12101
369 -2.28229 0.905669 -0.677119 -1.01775
107 -1.41191 1.50238 -1.24032 -0.338471
307 -1.46717 1.35927 -0.626352 -0.630988
650 -1.63311 1.69576 -0.690819 0.0306837
73 -1.10008 1.13957 -1.54112 -0.402969
30 -1.13103 1.43462 -1.62059 -0.546892
657 -1.2907 1.60873 -0.602023 -0.586201
421 -1.51818 1.71267 -0.847103 -1.32691
419 -1.34514 1.7494 -0.72225 -1.0882
823 -1.78527 1.64232 -0.610257 -0.148287
338 -1.53714 1.58416 -0.844189 -0.125299
91 -1.46175 1.44624 -1.42733 -0.185719
600 -1.4922 1.77886 -0.597786 -0.133087
677 -2.00099 0.925082 -0.851829 -0.75546
191 -1.63438 1.41776 -0.66472 -0.387101
321 -1.91531 1.72922 -0.709875 0.0454905
470 -1.89753 1.69586 -0.619481 0.021266
320 -1.78837 1.54685 -0.626138 0.0846716
89 -1.59812 1.5477 -1.78127 -0.118348
510 -1.36924 1.57414 -0.728708 -1.15824
894 -1.63767 1.40738 -1.06536 -0.459155
116 -1.22166 1.45156 -1.13438 -0.167086
90 -1.54673 1.65255 -1.36481 -0.14975
586 -1.38767 1.30632 -1.185 -0.403961
765 -1.49718 1.3697 -1.30183 -0.170908
841 -1.85508 1.69688 -1.22157 -0.0524987
772 -1.52564 1.49677 -1.10503 -0.277158
963 -1.9967 0.903429 -0.986827 -0.776645
593 -1.4606 2.1337 -0.64938 -0.140144
227 -1.37074 1.93255 -1.17005 -0.508916
506 -1.18152 1.48868 -0.819793 -0.992417
630 -1.73093 1.5373 -0.640911 0.0979867
184 -1.66814 1.277 -1.06756 -0.163569
515 -2.74968 1.0748 -0.776982 -1.17659
910 -1.7877 1.25646 -0.841594 -0.176799
16 -1.40367 1.4785 -2.00791 -0.618482
539 -1.41462 1.42442 -1.57339 -0.52975
940 -1.24132 1.37823 -1.38377 -0.404465
504 -1.32467 1.8161 -0.72468 -1.2981
804 -1.49113 1.75044 -0.807421 -0.234151
610 -2.01807 1.72109 -0.70028 -0.0129248
104 -1.5981 1.72684 -1.02308 -0.212711
948 -1.59248 1.64877 -1.29331 -0.187304
980 -1.3522 1.55514 -0.749285 -0.440548
155 -1.26605 1.92736 -0.597647 -0.728549
217 -1.55385 1.59583 -1.32434 -0.231743
619 -1.10538 1.29376 -1.57707 -0.628886
74 -1.08647 1.50244 -1.12422 -0.501404
406 -1.21619 1.74395 -0.561538 -0.598827
984 -1.29816 1.95825 -0.645272 -0.588352
576 -1.20313 1.58326 -1.03978 -0.447661
738 -1.71128 1.40587 -0.506521 0.101338
156 -1.91866 1.58968 -0.43376 -0.0991385
692 -1.69682 1.35298 -0.873427 -0.391636
853 -1.84046 1.22108 -0.783313 -0.255486
453 -1.44449 1.94696 -0.430497 0.0486697
534 -1.97986 0.788278 -0.651245 -0.664631
21 -1.36731 1.45973 -1.88526 -0.763206
137 -1.53793 2.03431 -0.558414 -0.713439
702 -1.27637 1.50081 -0.897571 -0.40013
956 -1.27537 1.55815 -0.826096 -0.503218
667 -1.99948 1.46801 -0.877938 0.0681887
801 -1.30024 1.55679 -0.83736 -0.679308
29 -1.34227 1.30214 -1.80169 -0.601193
690 -1.54387 1.32791 -1.07841 -0.420505
935 -1.67872 1.63634 -0.769302 -0.0648305
632 -1.47537 1.74182 -0.628369 -0.0267987
844 -1.26513 1.54525 -0.940239 -0.535415
799 -1.06424 1.76286 -1.02744 -0.513244
618 -1.62635 1.47187 -1.00412 -0.0998854
642 -1.16973 1.54861 -1.00609 -0.439806
411 -1.46774 2.28459 -0.575097 -1.20999
422 -1.38592 1.71182 -0.836673 -0.995838
37 -1.15318 1.27645 -1.55428 -0.77873
622 -1.06814 1.46745 -1.22209 -0.437236
634 -1.35803 1.7423 -0.59692 -0.0181043
456 -1.44525 1.8478 -0.545377 0.121992
761 -1.24368 1.86156 -0.424644 -0.511216
703 -1.43638 1.54583 -0.781711 -0.26332
145 -1.14018 2.01226 -0.461225 -0.601536
203 -1.55793 1.50722 -0.708782 -0.15418
907 -1.77735 1.63609 -0.793744 -0.054639
711 -1.79629 1.67125 -0.82072 0.17454
671 -2.21527 1.19825 -0.823747 -0.804288
678 -1.75349 0.917867 -0.612175 -1.00735
606 -1.25837 1.53519 -0.501688 -0.108031
65 -1.20825 1.3227 -1.81538 -0.460295
386 -1.29065 1.28485 -1.54858 -0.765716
778 -1.80769 1.44537 -0.430689 0.176883
427 -1.89915 0.869162 -1.01257 -0.896605
522 -2.40416 0.989468 -0.709718 -0.777173
294 -1.40268 1.82856 -0.764224 -1.33343
745 -1.66239 1.49829 -0.646348 -0.207691
742 -1.73204 1.63328 -0.554277 -0.300105
375 -1.13359 1.85193 -0.464534 -0.588379
977 -1.93095 1.62597 -0.751058 -0.250503
75 -1.18891 1.50987 -0.606179 -0.540109
122 -1.23371 1.84594 -0.646701 -0.0648696
518 -2.08432 1.55239 -0.793996 0.16753
54 -1.84127 1.48547 -1.12901 0.277018
992 -1.88685 1.43305 -0.898577 -0.53419
615 -1.85078 1.55363 -0.810028 -0.0199978
614 -1.92679 1.30605 -0.562857 -0.132695
100 -1.41681 1.51827 -1.14914 -0.161893
46 -1.36512 1.42968 -1.233 -0.296614
921 -1.30743 1.95471 -0.630185 -1.27373
454 -1.28302 1.86437 -0.402151 0.0762977
328 -1.56514 1.65312 -0.429335 -0.0379963
481 -1.68365 1.63196 -0.607029 0.0404515
555 -1.54519 1.51108 -0.566057 -0.152719
744 -1.17221 1.57149 -0.770964 -0.625074
461 -1.36899 1.56969 -1.3451 -0.204049
725 -1.56173 1.3441 -1.03582 -0.171103
160 -1.2141 1.85519 -0.488604 -0.670966
66 -1.10739 1.48906 -1.52515 -0.378353
918 -1.78048 0.958961 -0.789427 -0.564457
521 -1.63347 1.66786 -0.623345 -0.787457
739 -1.22581 1.92406 -0.657469 -0.775668
167 -1.61197 1.56603 -0.709126 -0.0117478
153 -1.20363 1.79087 -0.326758 -0.641363
269 -1.27087 1.83048 -0.483377 -0.557344
389 -1.48269 1.41497 -0.961134 -0.107782
899 -1.65294 1.38956 -0.970964 -0.124517
740 -1.49028 1.73113 -0.594159 -0.669623
961 -1.68519 1.37845 -0.845774 -0.197638
556 -1.70071 1.40181 -0.744697 -0.173235
545 -1.57046 1.48489 -1.59595 -0.0751286
108 -1.52885 1.59163 -1.10184 -0.117375
936 -1.70771 1.49607 -0.891063 0.0499622
337 -1.51844 1.40577 -0.752209 -0.138363
952 -1.35693 1.80994 -0.827975 -1.22985
262 -1.30237 1.79831 -0.624655 -0.67408
655 -1.54442 1.91996 -0.837563 -0.303508
444 -1.39786 1.94217 -0.39035 -0.261396
837 -2.26734 1.01496 -0.967461 -0.968828
673 -1.72488 1.26364 -1.03028 -0.567564
590 -1.42019 1.40029 -1.04799 -0.291852
492 -1.87144 1.39898 -0.834756 -0.752637
613 -1.8874 1.59508 -0.717812 -0.267713
814 -1.36097 1.64078 -0.934847 -0.499731
283 -1.46225 2.07109 -0.6833 -1.56111
327 -1.86404 1.91174 -0.804154 0.0178319
889 -1.21034 1.69751 -0.624928 -0.941853
507 -1.23672 1.64861 -0.904509 -0.978932
215 -1.2039 1.91337 -1.24 -0.399111
463 -1.2301 1.27373 -1.7313 -0.491978
476 -1.69007 1.62873 -0.66637 0.023361
898 -1.57061 1.44701 -0.649531 -0.00113323
805 -1.44006 1.51482 -1.32626 -0.0482401
183 -1.85564 1.46189 -0.85703 -0.262541
553 -1.63155 1.38665 -0.688689 0.102457
324 -1.71465 1.69018 -0.510971 -0.124436
376 -1.28111 1.7169 -0.45393 -0.458467
890 -1.79019 1.83596 -0.397115 -0.0628656
855 -1.22134 1.20035 -1.07827 -0.326852
998 -1.89307 1.60991 -1.03795 -0.139215
751 -1.42602 1.71333 -0.583194 -0.689466
688 -1.71627 1.38902 -0.849535 -0.450443
941 -1.57878 1.63958 -0.836075 -0.398733
985 -1.84601 1.77737 -0.945558 -0.203119
445 -1.25799 1.92848 -0.494479 -0.0219928
326 -1.49643 1.51193 -1.00402 -0.0276558
222 -1.75581 1.70774 -0.671204 0.0656276
960 -1.7143 1.32066 -0.677205 -0.0282371
491 -1.49001 1.69 -0.387249 -0.169368
608 -1.52252 1.62968 -0.362562 -0.0692249
986 -1.72527 1.9674 -0.623425 -0.0725787
244 -1.344 1.91293 -0.648159 -0.335892
256 -1.64698 1.62111 -0.600698 -0.782079
105 -1.34459 1.3009 -1.27779 -0.078851
906 -1.91312 1.3336 -1.02585 -0.109384
261 -1.19009 1.68807 -0.606092 -0.63433
666 -2.28057 1.00206 -0.804425 -1.02235
88 -1.09407 2.08557 -1.21927 -0.401321
35 -1.32326 1.30902 -1.69773 -0.398986
807 -1.64053 1.61849 -0.987902 -0.194117
861 -1.43131 1.29236 -0.710805 -0.207448
399 -1.18686 2.07783 -0.517078 -0.518454
366 -1.10855 2.0143 -0.672442 -0.607549
911 -1.62797 1.41573 -0.689039 -0.114769
768 -1.40779 1.63031 -0.941423 -0.366408
640 -1.29383 1.86145 -1.04521 -0.454285
457 -1.35726 1.32763 -0.850006 -0.0825945
710 -1.89917 1.56782 -0.958948 -0.0177344
549 -1.66901 1.26808 -0.978426 0.0221555
296 -1.34599 1.7835 -0.663865 -1.15194
887 -1.29535 1.91318 -0.707804 -1.27094
786 -1.60902 1.15264 -1.23511 -0.260438
566 -1.29406 1.68687 -0.596157 -0.942163
736 -1.62538 1.5101 -0.868893 -0.14473
604 -1.3368 1.61392 -0.406886 -0.216032
112 -1.43592 1.28 -1.23234 0.143161
834 -1.4446 1.45929 -0.965904 -0.223044
151 -1.23361 1.99394 -0.428448 -0.789127
350 -1.4545 1.29475 -0.918182 -0.337134
40 -1.12312 1.18131 -1.48444 -0.368195
598 -1.71738 1.7089 -0.401313 -0.313398
459 -1.27223 1.74385 -0.546033 -0.120292
558 -1.45069 1.46331 -0.628047 -0.512223
962 -1.52059 1.78117 -0.819482 -0.526113
836 -1.46331 1.30858 -1.19717 -0.23192
914 -1.18579 1.66328 -1.09515 -0.385127
932 -1.35114 1.81346 -0.885004 -0.527698
687 -1.75792 1.51975 -0.912213 -0.11033
969 -1.27558 1.71749 -0.89214 -0.563068
803 -1.50746 1.60547 -0.897163 -0.503463
953 -1.21002 1.83129 -0.879771 -1.32048
886 -1.28829 1.81655 -0.782725 -1.23808
933 -1.39995 1.78824 -1.05362 -0.50757
743 -1.16386 1.76321 -0.573641 -0.635161
255 -1.27224 1.78102 -0.692514 -1.2362
877 -1.29647 1.54296 -0.849779 -0.387331
987 -1.18594 1.44421 -0.795323 -0.431273
478 -1.81671 1.66641 -0.931414 -0.035075
115 -1.54494 1.38884 -1.10797 -0.0482298
730 -1.67192 1.4893 -0.928379 0.111411
347 -1.60669 1.49762 -0.752293 -0.280268
729 -1.82287 1.39949 -1.00444 -0.0346848
849 -1.81632 1.70254 -0.530866 -0.0855741
63 -1.23166 1.68008 -0.77888 -0.590706
472 -1.91334 1.68173 -0.447327 -0.0186418
629 -1.28306 1.91975 -0.754419 -0.107825
451 -1.3733 1.72593 -0.455454 0.0976622
872 -1.64011 1.43579 -0.714183 -0.219552
636 -1.02296 2.08393 -1.22099 -0.465771
408 -1.43493 1.72807 -0.504636 -0.618519
777 -1.82066 1.53537 -0.688583 0.0470736
420 -1.53885 1.56034 -1.2765 -0.496936
785 -1.97352 0.88368 -0.772739 -0.685844
968 -1.40214 1.52481 -0.938186 -0.6461
858 -1.82375 1.66053 -0.83104 0.038922
645 -1.38886 1.62945 -0.910033 -0.400456
885 -1.7991 1.00594 -0.843284 -0.684936
71 -1.22107 1.31352 -1.32028 -0.594176
332 -1.91795 1.40358 -0.523087 0.214818
966 -1.54285 1.57231 -0.706743 -0.196525
794 -1.72166 1.61682 -0.883671 -0.0518447
485 -1.76177 1.71081 -0.569631 -0.0918477
77 -1.14635 1.42991 -1.56497 -0.542341
793 -1.0319 1.52314 -1.16844 -0.474001
34 -1.34437 1.41861 -1.78517 -0.545365
867 -1.24752 1.60506 -1.14524 -0.594037
970 -1.30795 1.65479 -1.02087 -0.491103
121 -1.2339 1.40925 -1.41999 -0.303674
302 -1.159 1.51632 -0.627984 -0.966206
822 -1.54577 1.54714 -0.986346 -0.232033
49 -1.00916 1.16039 -1.46973 -0.570217
267 -1.01636 1.67079 -0.408723 -0.59581
633 -1.62749 1.51508 -0.447376 -0.168128
161 -1.16534 1.76901 -0.362005 -0.424852
951 -1.42218 1.59154 -0.603727 -0.816936
72 -1.25323 1.15915 -1.34516 -0.312846
109 -1.48789 1.64712 -1.03408 -0.353951
331 -1.68304 1.59814 -0.66073 0.0415356
455 -1.42404 1.68639 -0.571571 -0.0240395
820 -1.24679 1.55734 -0.618897 -0.641883
252 -1.24107 1.94903 -0.776771 -0.577035
700 -1.50154 1.32102 -0.961558 -0.17779
70 -1.18557 1.22842 -1.67452 -0.452175
526 -2.04015 0.936025 -0.729248 -1.02602
158 -1.13515 1.71618 -0.530529 -0.604749
943 -1.59293 1.50057 -0.913556 -0.231245
98 -1.42945 1.39295 -1.24894 -0.116556
487 -1.78653 1.56103 -0.637591 0.112076
111 -1.88952 1.12917 -1.10107 -0.750993
723 -1.66578 1.49147 -0.735704 0.0680362
701 -1.55755 1.24723 -0.99607 -0.326372
585 -1.66515 1.52021 -0.971411 -0.245351
359 -1.57012 1.2576 -1.05728 0.0272609
928 -1.8863 1.66431 -0.958194 -0.248285
588 -1.46988 1.41955 -0.965396 -0.0755962
166 -1.3111 1.61311 -0.690044 -0.491273
330 -1.60365 1.42552 -0.554618 -0.0958745
486 -1.66177 1.57755 -0.544406 -0.0602263
550 -1.39147 1.47376 -1.37225 -0.314094
920 -1.1972 1.19037 -1.29695 -0.437091
44 -1.09331 1.22069 -1.45936 -0.426247
202 -1.51322 1.33381 -0.903972 -0.216731
322 -2.02507 1.63951 -0.649126 0.108483
41 -1.24146 1.25314 -1.35096 -0.483947
946 -1.76384 1.61405 -0.743376 -0.0650877
926 -1.36341 1.68626 -0.825394 -0.213962
812 -1.31602 1.62057 -1.01627 -0.317148
323 -1.77519 1.71284 -0.509596 0.0503926
494 -1.30308 1.5367 -0.803664 -0.856915
752 -1.34582 1.88672 -0.574637 -0.168146
570 -1.35213 1.59406 -0.674463 -0.557312
929 -1.61487 1.36016 -0.71866 -0.358074
982 -1.22759 1.51012 -1.1175 -0.478416
644 -1.24664 1.68652 -0.97726 -0.506242
850 -1.63974 1.4695 -0.679677 -0.153549
199 -1.44549 1.21016 -0.730119 -0.204771
735 -1.47586 1.5155 -0.998077 -0.220236
336 -1.78191 1.78664 -0.618693 -0.0747402
306 -1.38144 1.60771 -0.592695 -1.15506
531 -1.84407 0.90194 -0.860383 -0.750457
357 -1.50525 1.45892 -0.766054 -0.447097
903 -1.24198 1.42319 -0.951983 -0.398925
48 -1.35926 1.23224 -1.70409 -0.451718
162 -1.1352 1.81813 -0.589647 -0.652405
118 -1.33246 1.30392 -1.12222 -0.109986
942 -1.73052 1.37983 -0.807995 -0.185256
871 -1.46216 1.47999 -1.22061 -0.323691
927 -1.14503 1.69096 -0.531537 -1.13074
120 -1.28883 1.68213 -0.487688 -0.0767579
