1000 8
74 -0.0559112 1.10399 0.627684 0.738121 -1.01982 1.0659 -0.222448 0.230841
702 -0.144332 1.0062 0.590521 0.814419 -0.841369 1.09478 -0.348745 0.332833
7 -0.223195 1.39103 1.36644 1.42303 -0.911426 0.58147 -1.05914 0.0976711
700 -0.184373 1.09453 1.09788 1.05309 -0.766564 0.73072 -0.614434 0.0920458
690 -0.12902 1.06602 1.02944 1.1002 -0.667114 0.88776 -0.594427 0.0654456
681 -0.227386 1.14092 1.44998 1.42978 -0.603283 0.880741 -1.0096 0.290872
875 -0.160473 1.02113 1.2509 1.21241 -0.623208 0.83491 -0.600314 0.168287
341 -0.0497436 1.38223 1.3928 1.18359 -0.47481 0.735087 -0.744032 0.212054
395 0.132832 1.15414 0.491454 0.982927 -1.12694 1.64782 -0.412678 0.470823
230 -0.145048 1.23657 0.357808 0.703342 -1.08679 1.28169 -0.194714 0.399694
505 -0.288394 1.21294 0.610567 0.899568 -0.707569 1.3035 -0.231485 0.0874556
646 -0.170211 1.07362 0.602255 0.866477 -0.973604 1.22205 -0.212882 0.411205
223 -0.282521 1.21142 0.462351 0.76521 -1.02274 1.33482 -0.332062 0.653531
25 0.0824867 1.17905 1.47943 0.70329 -1.31715 0.754996 0.0525012 -0.419371
6 -0.0189195 1.34645 1.59473 0.885631 -1.57809 0.62585 -0.0889389 -0.564949
9 -0.0847098 1.47559 1.17063 0.53383 -1.58621 0.811129 0.00307766 -0.619921
55 0.234467 1.11017 1.37037 0.582527 -1.4218 0.905802 -0.0094196 -0.567954
630 -0.366463 0.963543 0.434121 1.10147 -0.914733 1.26411 -0.213258 -0.0419626
736 -0.4712 1.09056 0.659451 1.12553 -0.874507 1.12236 -0.248589 -0.11734
651 -0.816113 1.01263 0.474149 1.12499 -1.09687 1.37385 -0.134939 -0.126072
637 -0.844726 1.24849 0.455248 1.1025 -1.10854 1.32315 -0.465357 -0.0273288
174 -0.830905 1.22769 0.732284 0.883919 -1.33796 1.14121 -0.48264 -0.367402
717 -0.465702 0.969513 0.583149 0.870068 -0.910807 1.01847 -0.226735 0.108633
846 -0.518574 1.10513 0.600854 0.954328 -1.05401 1.1684 -0.339113 -0.093829
214 -0.207497 1.52836 0.357609 0.811393 -1.15733 1.58604 -0.535179 0.640126
458 -0.00499557 1.18641 0.435101 0.998067 -0.725282 1.2333 0.127088 0.333269
432 0.141899 1.60132 0.226086 1.41329 -0.855362 1.73048 0.6018 0.404904
454 -0.047015 0.967608 0.369592 0.937667 -0.665435 1.21206 0.0932879 0.136834
629 0.00806709 1.27265 0.392784 1.05742 -0.837454 1.32702 0.103312 0.220241
628 -0.130707 1.21166 0.478123 1.06531 -0.867803 1.54678 0.20863 0.0993323
634 -0.032718 0.959032 0.526037 0.968545 -0.814462 1.16219 0.142119 0.101843
763 -0.038164 0.948931 0.589237 0.8463 -0.829415 1.07272 0.0702796 0.054083
134 0.258052 1.50013 0.28972 1.26309 -0.795379 1.82945 0.515336 0.448823
761 -0.131916 1.22367 0.450771 1.10136 -0.67619 1.28852 0.186028 0.0706075
834 -0.211272 0.71882 1.12451 1.13409 -0.800836 1.02539 -0.0807098 0.308005
578 -0.218979 0.50736 1.68665 1.32199 -1.02226 1.09295 0.0202142 0.586216
84 -0.142247 0.590506 1.56324 1.18057 -1.19198 1.1481 -0.0243411 0.669122
97 0.0268453 0.501748 1.22014 1.01798 -0.86915 1.07478 -0.159244 0.390991
682 -0.232679 1.25142 1.43089 1.14514 -0.567292 0.789796 -0.922242 0.250747
173 -0.139693 1.19825 1.50605 1.09245 -0.629455 0.839876 -0.992581 0.383498
862 -0.194365 1.01684 1.00459 1.31027 -0.743453 0.674845 -0.564621 0.123291
340 -0.238442 1.18729 1.18575 1.49677 -0.736803 0.592492 -0.859225 0.00538139
552 -0.174361 0.865653 0.75847 1.82952 -1.13411 0.612965 0.128874 -0.323649
546 0.0343898 1.07181 0.993079 0.922972 -1.1651 0.800994 0.195892 -0.269696
793 -0.150521 1.07649 0.616196 0.791337 -0.924985 1.12699 -0.189316 0.179544
56 0.167278 1.19765 1.348 0.672093 -1.42573 0.68188 0.084992 -0.538552
808 0.139311 1.15476 1.26365 0.687891 -1.27648 0.730369 0.0779298 -0.546659
624 0.101181 0.932312 0.920802 0.702268 -0.980104 0.597052 -0.124621 -0.256493
34 -0.018635 1.17097 1.19505 0.821228 -1.21609 0.949863 -0.0942104 -0.334403
77 0.0271047 1.04223 0.988716 0.696659 -1.05258 0.76647 -0.0402549 -0.287138
1 0.141626 1.76187 1.61879 0.644311 -1.49365 0.938002 0.111604 -0.651997
52 -0.00798035 1.34614 1.57446 0.797324 -1.29173 0.609933 -0.126416 -0.499663
20 -0.103909 1.38346 1.41392 0.60425 -1.46312 0.740346 0.0646433 -0.671919
596 -0.0522253 1.08363 0.561275 0.932555 -0.759648 1.17478 0.0543776 0.0933761
436 0.28971 1.27765 0.242867 1.35626 -0.960991 1.78335 0.458427 0.264237
449 0.0727952 1.1919 0.638968 0.940668 -0.870468 1.12845 0.130938 0.0861698
437 0.209241 1.75285 0.889007 1.21314 -0.513228 1.15731 0.533331 0.234804
365 0.888436 0.78683 0.873189 1.0376 -1.05065 1.49774 -0.33631 -0.164632
135 0.966881 0.795393 1.00107 1.2099 -1.17625 1.72476 -0.534057 -0.102288
248 0.798922 0.703077 0.812571 1.1722 -1.0434 1.49475 -0.319179 -0.282286
285 -0.692421 1.35392 0.641515 1.16769 -0.443383 1.52684 -0.0394612 -0.49148
279 -0.822608 1.54203 0.908384 1.01255 -0.345479 1.52644 -0.190558 -0.301739
386 -0.141237 1.18126 1.15619 0.673855 -1.09172 0.880225 0.134305 -0.509655
28 0.103053 1.18514 1.25827 0.729796 -1.14949 0.640301 -0.0134293 -0.432191
18 0.0118795 1.41081 1.44013 0.73736 -1.51963 0.809351 0.15987 -0.696993
44 0.0217102 0.929159 0.9399 0.733824 -0.977796 0.722332 -0.00372189 -0.267773
0 -0.057818 1.43324 1.67781 1.0053 -1.63504 0.645605 0.0481675 -0.870178
16 0.0559629 1.15885 1.49993 0.683863 -1.41568 0.696024 -0.000398177 -0.558796
388 0.179534 1.0458 1.3668 0.776048 -1.19302 0.85308 0.0189702 -0.452498
701 -0.107012 1.04989 1.05209 0.957834 -0.674548 0.802359 -0.510832 -0.0415995
17 0.000814094 1.14162 1.49697 0.784821 -1.29965 0.725683 0.222656 -0.414681
746 -0.0960615 0.731844 0.594552 1.15799 -0.814483 0.586289 0.15821 -0.257648
316 -0.0146234 0.712138 0.703491 2.00137 -1.17303 0.699556 0.272379 -0.409031
311 -0.0348987 0.73669 0.781152 2.27414 -1.11795 0.715258 0.0112558 -0.299725
773 0.199122 0.770587 0.828368 1.04233 -0.9115 1.1545 -0.258289 -0.013072
679 0.104152 1.17148 0.861444 1.15446 -0.875694 1.20566 -0.0990083 0.0390197
81 0.978191 0.736305 1.11462 1.34557 -1.11461 1.65292 -0.45233 -0.0532448
82 0.835368 0.594062 1.07006 1.45788 -1.09162 1.58925 -0.333622 -0.305668
739 0.609292 0.756095 0.958485 1.01199 -0.948966 1.41038 -0.266525 -0.0965115
363 0.589705 0.792583 0.927391 1.01577 -1.01933 1.52622 -0.36026 0.114843
644 -0.232433 1.24292 0.605316 0.884641 -0.92919 1.25076 -0.259383 0.286609
768 -0.233688 1.25117 0.485277 0.900987 -0.955045 1.13398 -0.210334 0.227987
968 -0.185528 1.24265 0.517227 0.984118 -0.938491 1.37786 -0.206907 0.213472
994 -0.0567648 1.13794 0.672212 1.01338 -0.934807 1.24654 -0.192214 0.193898
964 -0.0704587 1.10016 0.635409 0.923995 -0.922847 1.18386 -0.190198 0.375295
224 -0.434601 1.37613 0.355495 0.89649 -0.968591 1.44004 -0.440159 0.365362
91 -0.219432 0.59827 1.29152 1.02874 -0.88264 1.07665 -0.202606 0.580272
617 -0.246598 1.37842 0.441532 0.860716 -0.910681 1.22103 -0.338335 0.425081
621 -0.059817 1.11244 1.15705 0.805894 -1.12692 0.787473 0.0802207 -0.342382
21 -0.00939646 1.29424 1.31719 0.677058 -1.17727 0.668917 -0.0374969 -0.551398
60 0.0372263 1.11416 1.08359 0.799294 -0.994568 0.678766 0.166668 -0.515841
69 -0.398412 1.0928 0.738389 0.846415 -0.439257 1.02223 -0.0801129 -0.270469
272 -0.90487 1.7012 0.850376 1.30099 -0.269801 1.83492 -0.0330263 -0.448371
466 0.164356 0.993918 1.2158 0.685797 -1.19178 0.664435 -0.0457537 -0.376095
3 0.0784164 1.42617 1.56788 0.751404 -1.7302 0.751321 0.0913467 -0.565977
57 -0.0742254 1.2603 1.30376 0.855727 -1.3112 0.621456 0.230735 -0.688559
622 -0.0355381 1.04169 1.02247 0.738687 -0.954637 0.638159 -0.0991536 -0.241133
4 0.172434 1.58217 1.35268 0.885501 -1.65605 0.86208 0.347501 -0.705864
441 0.17773 1.2883 0.512538 0.974098 -0.853964 1.21834 0.203661 0.137806
179 0.0506366 1.1739 0.440173 1.19185 -0.617997 1.12607 -0.0327115 0.420724
61 -0.0433216 0.762919 1.22473 0.881569 -1.06632 1.00416 0.0308415 0.16843
593 -0.0565315 1.15136 0.405789 1.01739 -0.931029 1.50141 0.203213 0.275702
442 -0.0921935 1.14394 0.599118 1.0094 -0.971346 1.27895 0.234893 0.284141
345 -0.0610302 1.17119 0.482029 1.04332 -0.75348 1.36859 -0.00626017 0.11002
598 -0.0636305 1.06512 0.665295 1.13083 -0.837414 1.10074 0.172675 0.0305579
433 0.0742827 1.63396 0.39948 0.971005 -0.879598 1.81818 0.597401 0.285831
243 -0.0872924 1.04314 0.374967 0.978634 -0.916087 1.1347 0.0245505 0.213132
207 0.0107068 1.63221 0.235341 0.968116 -1.6272 1.46574 -0.477895 0.765344
455 -0.134482 1.00989 0.560421 1.11564 -0.810656 1.10639 0.0143979 0.0761033
265 0.459777 0.793858 0.886132 0.888511 -0.887348 1.28502 -0.304646 -0.0679456
106 0.444498 0.760651 1.05969 0.900327 -0.90922 1.22425 -0.209299 0.0647229
13 0.84469 0.85785 0.979027 1.04909 -1.14022 1.58574 -0.410254 -0.367174
394 -0.639031 0.884036 0.554547 1.13936 -1.28374 1.49435 -0.356384 -0.346792
659 0.359448 0.911693 0.904196 0.873663 -0.844753 1.2743 -0.224899 -0.112874
820 0.305296 0.938676 0.800804 0.902201 -0.790717 1.18451 -0.157521 -0.0792413
490 0.457764 0.849686 0.828246 1.05871 -0.83858 1.41077 -0.226155 -0.0522514
145 0.660786 0.755871 0.835007 1.10817 -1.00648 1.53242 -0.307904 0.0974056
604 -0.171824 1.13099 0.44804 1.23948 -0.824241 1.27523 0.294153 0.0913062
244 -0.0840719 1.08207 0.480628 0.991654 -0.827015 1.2986 -0.0783532 0.22855
986 0.00796208 1.17476 0.640917 1.28823 -0.884825 1.36908 -0.0622923 0.16783
671 -0.117234 1.45436 0.809064 1.19291 -0.766269 1.06681 0.135796 -0.00325178
992 -0.0860548 1.24127 0.923325 1.20014 -0.929675 1.20521 -0.025183 -0.00833051
674 -0.0936528 1.18773 0.824143 1.31705 -0.877331 0.960906 0.0734976 0.0123703
668 -0.0698869 1.42425 0.827905 1.26779 -0.734773 0.995829 0.147735 0.0103778
274 0.0594744 2.03886 0.99595 1.05488 -0.4977 0.972202 0.530165 0.0220733
515 0.104924 1.69054 0.949682 1.26734 -0.588069 0.94121 0.540255 0.149656
226 -0.0485556 1.42246 0.458797 0.882323 -0.993931 1.27393 -0.400029 0.473792
231 -0.0824637 1.09335 0.41331 1.03441 -1.03512 1.16383 -0.266679 0.398003
976 -0.11304 0.921177 0.781864 1.59055 -1.10861 0.988113 -0.00263197 -0.106034
899 -0.163248 0.661129 0.886824 1.36909 -1.04792 0.779355 0.118246 -0.0502932
545 -0.185341 0.615594 1.56214 1.09301 -1.08691 0.992873 -0.0459087 0.326623
850 -0.105382 0.853199 0.772398 1.3039 -0.973713 0.797909 0.0110242 -0.0336366
256 0.195737 0.836535 0.97169 1.00187 -0.96659 1.12977 -0.177944 -0.123052
613 -0.010254 0.868853 0.686298 1.68386 -1.00694 0.783664 0.146894 -0.214043
378 0.21751 0.758078 0.777981 0.951904 -0.850274 1.09074 -0.193901 -0.0104553
249 0.715688 0.733821 0.955532 1.21125 -1.04724 1.43781 -0.522998 -0.0426911
599 0.314741 0.7798 0.728228 1.04667 -0.816375 1.27798 -0.276778 -0.0154095
342 -0.255503 1.30575 1.19539 1.07475 -0.818336 0.763214 -0.712305 0.0143672
45 -0.0718891 0.959228 1.03707 0.798586 -0.932507 0.658348 -0.171781 -0.324522
564 0.252814 1.02009 0.403792 1.06485 -0.869784 1.46303 0.087402 0.198151
595 -0.000628532 1.3052 0.686893 0.989363 -0.810285 1.24692 -0.0127021 0.210402
972 -0.1647 0.995536 0.974702 0.982521 -0.81028 0.853089 -0.360839 -0.0331535
923 -0.177763 1.0803 0.973262 1.1415 -0.730938 0.852277 -0.620342 -0.0025531
350 -0.11525 1.17018 1.15169 0.988435 -0.620363 0.821187 -0.626671 0.022462
51 0.120392 1.31484 1.33562 0.712554 -1.21067 0.900758 0.0273243 -0.526802
233 -0.0815248 1.2348 0.398372 0.740405 -1.08608 1.22199 -0.275167 0.426932
798 -0.375958 1.42193 0.314107 0.820486 -0.945674 1.29625 -0.383735 0.363308
814 -0.154466 1.16937 0.394456 0.884398 -0.892866 1.30665 -0.293773 0.385623
640 -0.167992 1.31594 0.413947 0.890541 -1.01154 1.31049 -0.326143 0.474392
227 -0.153631 1.4193 0.29823 0.992853 -1.07668 1.42464 -0.161961 0.499261
225 -0.0618167 1.27521 0.463253 0.768573 -1.01563 1.35496 -0.166901 0.541398
446 -0.0835038 1.30992 0.514864 1.03266 -0.992475 1.40026 -0.0782199 0.387073
942 -0.381788 0.966963 0.668931 1.17473 -0.903073 0.924327 -0.127478 -0.203165
880 -0.403207 0.966106 0.551632 1.17605 -1.00322 1.10291 -0.104854 -0.0631681
906 -0.646699 1.07049 0.702939 1.09966 -1.04973 1.17227 -0.23744 -0.155175
783 -0.199804 0.863252 1.02265 1.07473 -0.896396 1.08273 -0.0609874 0.141438
562 0.101656 0.716514 1.17418 1.01015 -0.897889 1.16671 -0.0310857 0.231317
843 0.0435439 0.844227 0.982917 1.05483 -0.813353 1.03625 -0.111983 0.124776
772 -0.0149713 0.687045 1.00909 1.03795 -0.902903 1.11406 -0.118125 0.236456
281 -0.248179 0.661702 1.37717 1.23428 -0.883214 1.12834 0.0937617 0.317807
168 -0.183661 1.48451 1.47487 1.54319 -0.877747 0.512999 -1.19821 0.171375
19 -0.0562184 1.34999 1.4202 1.22059 -0.784042 0.727902 -0.878824 0.0347347
126 0.0134007 1.50238 1.50642 1.42007 -0.584474 0.959987 -1.35705 0.423342
184 0.0149054 1.14505 1.32598 1.02699 -0.626589 0.764621 -0.786616 0.0715864
861 -0.0703547 0.96522 0.943998 1.00263 -0.706304 0.827522 -0.535602 0.109056
185 0.0307413 1.04833 0.944746 1.01664 -0.730438 0.987964 -0.554825 0.178755
434 0.209807 1.43309 0.322791 1.49147 -0.845073 1.81181 0.627294 0.430834
328 -0.155314 0.858708 0.540557 1.55974 -0.930251 0.811985 0.20255 -0.0540692
481 -0.100256 0.847078 0.742745 1.47702 -0.926463 0.809244 0.00905152 -0.15831
555 0.012404 0.667542 0.684831 1.52554 -1.07727 0.872514 0.107014 -0.153088
832 -0.463531 1.07659 0.709261 1.11244 -0.946845 1.24586 -0.150807 -0.11745
577 -0.528478 1.33249 0.727088 1.12308 -0.701592 1.30583 -0.0589298 -0.193965
277 -0.964974 1.61192 0.871994 1.30229 -0.413689 1.54505 0.0650609 -0.521838
99 -0.305336 0.856523 1.11453 1.1052 -0.791143 1.20948 -0.0118114 0.29713
79 -0.086052 0.55815 1.82133 1.20476 -1.16115 1.56177 0.178177 0.748022
797 -0.0123993 0.650405 0.926716 1.0195 -0.819217 0.98526 -0.110537 0.292995
579 0.0528736 0.663489 1.36943 1.24059 -1.12402 1.27198 -0.0155868 0.524743
822 -0.0979636 0.754779 0.990521 1.18606 -0.824584 1.09367 -0.0649621 0.145464
948 -0.268218 0.766272 1.0974 1.08531 -0.987187 1.16907 -0.0226 0.151285
170 -0.291152 1.64388 0.602231 0.840631 -1.09093 1.25955 -0.883337 0.864815
219 -0.0573835 1.47094 0.285357 0.974716 -1.03207 1.24209 -0.179572 0.673979
209 -0.312524 1.66669 0.153584 0.934101 -1.28937 1.61337 -0.580348 0.777914
747 0.0138524 1.29951 0.381361 0.657409 -1.3889 1.3758 -0.419962 0.382673
748 -0.0887166 1.12842 0.970437 0.718658 -1.1793 0.906049 -0.117892 -0.354849
245 0.0851316 1.17426 0.563754 1.00417 -1.08497 1.28651 -0.199178 0.184153
813 -0.0579871 1.1996 0.529565 1.00676 -1.02628 1.40368 -0.353123 0.296928
208 -0.493405 1.68295 0.29799 1.09878 -1.33719 1.57076 -0.521884 0.683255
232 -0.085758 1.27228 0.461718 0.855308 -1.10516 1.25209 -0.21298 0.294753
771 -0.0729118 1.06848 0.582577 0.947464 -0.914076 1.1705 -0.219828 0.312218
769 0.0693148 1.05728 0.545838 0.989866 -0.947675 1.22359 -0.21167 0.354831
641 -0.0359484 1.13842 0.433434 0.958376 -0.987225 1.38937 -0.224259 0.495845
563 0.445935 0.872851 0.91085 1.1739 -1.04565 1.24406 -0.338999 -0.11223
376 0.342895 0.812364 0.55084 0.964216 -0.86541 1.16641 -0.136968 0.0477899
313 -0.297569 0.944831 0.494917 1.97149 -1.12844 0.691934 0.141381 -0.13402
537 0.72127 1.01127 0.842041 0.956088 -0.998331 1.46024 -0.438107 0.0364727
488 0.534526 0.94767 1.18131 1.05569 -0.854922 1.26647 -0.595042 0.0667898
176 -0.173206 1.10986 1.3262 1.10508 -0.682784 0.906224 -0.994898 0.295833
194 -0.203929 1.12235 1.04051 1.00348 -0.530045 0.922704 -0.702647 0.112982
33 -0.372724 1.07974 0.857193 1.02427 -1.10581 1.0868 -0.215547 -0.210899
944 -0.408971 1.08159 0.789977 0.970755 -0.996483 1.13272 -0.143413 -0.146039
904 -0.764362 1.18334 0.768652 1.02814 -1.26459 1.07153 -0.290684 -0.264529
652 -0.515541 0.961823 0.525625 0.944195 -0.984747 1.16376 -0.226046 0.00376286
826 -0.554358 1.0078 0.646097 1.16886 -1.12648 1.30111 -0.438728 -0.065924
715 -0.404956 1.0165 0.616355 1.03471 -0.931317 1.03792 -0.222163 -0.038126
712 -0.670418 1.01714 0.633291 1.05363 -1.06052 1.14334 -0.254051 -0.137613
516 -0.77392 1.10037 0.541378 1.0626 -1.11285 1.36473 -0.270702 -0.00059519
847 -0.546617 0.92535 0.648902 1.02961 -0.923178 1.06891 -0.424278 -0.0654284
683 -0.210828 1.14731 1.04754 1.11 -0.772819 0.95801 -0.733553 0.220534
969 -0.103064 1.05568 0.45685 0.961354 -0.927416 1.18847 -0.194028 0.194265
650 -0.275737 0.95579 0.490449 1.35152 -1.07855 0.948549 0.0101757 0.0595564
486 -0.198175 0.827499 0.687271 1.37392 -0.904505 0.813802 0.112654 -0.176729
999 -0.186448 1.14649 0.874332 1.33657 -1.06089 1.22699 -0.0814478 -0.101489
611 -0.191277 0.878801 0.83251 1.73609 -1.18386 0.885388 0.149276 -0.171385
478 -0.130321 0.737091 0.834836 1.74329 -1.09037 0.881977 0.266784 -0.251618
774 0.00776898 0.776214 0.791874 1.56351 -1.03538 0.81733 0.130731 -0.214816
336 -0.102179 0.892429 0.749764 1.59031 -1.08559 0.870444 0.153121 -0.157607
742 0.115192 0.765045 0.687923 1.42118 -0.969233 0.86005 -0.0345136 -0.171246
324 0.00495788 0.691058 0.668833 1.48103 -1.06168 0.841571 0.0729106 -0.210738
337 -0.254625 0.820279 0.72227 1.40139 -1.00057 0.748496 0.0832748 -0.051351
584 -0.245132 0.736534 1.09555 0.966258 -0.913738 1.05763 -0.126673 0.463589
924 -0.190124 0.810138 1.14138 0.99247 -0.953495 1.23263 -0.0242958 0.436271
54 -0.908371 1.21301 0.625626 0.988223 -1.27435 1.13798 -0.359043 -0.354398
710 -0.633066 1.13252 0.784969 1.10135 -1.12733 1.21032 -0.368509 -0.0825346
347 -0.00133328 1.09693 1.10986 1.06199 -0.847635 0.942032 -0.682291 0.0399933
680 -0.0414975 1.39624 1.28887 1.08592 -0.620965 0.685544 -0.966053 0.227547
344 -0.229322 1.15985 1.37552 1.03385 -0.792274 0.696356 -0.856559 0.232781
205 -0.0754939 1.11158 1.14632 0.97486 -0.659403 0.781462 -0.634333 0.0571388
191 -0.274925 1.24798 0.98376 1.00609 -0.751381 0.79278 -0.543461 0.183238
438 -0.0133174 1.28691 0.998438 1.36427 -0.511023 0.790373 -0.654898 0.137617
198 -0.212208 0.872004 0.917089 1.2001 -0.680929 0.564188 -0.480564 0.0235096
928 -0.101314 1.07045 0.969376 1.23648 -0.849998 0.918229 -0.27268 -0.000325433
536 -0.401166 0.913676 0.599435 1.93934 -1.05825 0.839258 0.286953 -0.408795
276 -0.790986 1.61284 0.703761 1.32437 -0.407521 1.59362 0.0654316 -0.637971
287 -0.578121 1.32467 0.870041 0.979248 -0.435048 1.31945 -0.00411433 -0.665626
494 -0.236154 0.944027 0.893981 0.877318 -0.51886 1.19642 -0.0920492 -0.234319
318 -0.765337 1.13675 0.681399 1.43051 -0.50615 1.1799 0.0135746 -0.505572
298 -0.570164 1.13994 0.533238 0.985924 -0.471802 1.18429 -0.0970194 -0.404176
695 -0.771525 1.05547 0.680226 1.08188 -1.25167 1.05804 -0.465161 -0.21957
718 -0.526872 1.03213 0.676756 1.14862 -0.933674 1.09293 -0.293436 -0.118757
696 0.0239018 0.803047 0.740166 1.85138 -1.09998 0.655654 0.0886013 -0.306217
312 -0.116653 0.855874 0.792276 2.18098 -1.19615 0.632056 0.0625644 -0.348841
319 -0.124283 0.960197 0.722444 1.86011 -1.12668 0.590485 0.209708 -0.149891
517 0.171102 1.62201 0.906797 1.52254 -0.690812 0.833469 0.400073 0.0474292
663 0.0827278 1.87115 0.935371 1.42661 -0.439285 1.1226 0.378319 0.118791
662 0.00441599 1.93319 0.862125 1.55151 -0.473343 1.11751 0.59398 0.150326
38 0.0335055 1.05582 1.14643 0.719653 -1.12996 0.690241 0.0786844 -0.414942
59 0.122284 1.17596 1.34409 0.71853 -1.43201 0.870461 0.0846434 -0.589424
730 -0.446497 0.976881 0.563181 0.98061 -1.0294 1.21117 -0.0930723 -0.00993543
711 -0.439244 1.14975 0.694772 1.08818 -1.02593 1.28498 -0.20039 -0.00562704
705 -1.15045 0.974668 0.78634 1.03713 -1.42559 1.41415 -0.281315 -0.0491729
471 -0.114921 0.774012 0.577687 1.60836 -1.0499 0.788476 0.0804628 -0.148701
240 -0.292343 1.02656 0.336282 0.843077 -0.868798 1.15248 -0.316296 0.254982
636 -0.156078 1.24294 0.321635 0.904335 -1.16532 1.55078 -0.492953 0.739407
72 0.023259 0.911015 1.0149 0.888823 -1.05666 0.74443 0.0576149 -0.368995
855 -0.0995715 1.01268 0.968813 0.759511 -1.10154 0.810142 -0.00500131 -0.357479
23 0.036619 1.30426 1.35237 0.678172 -1.24245 0.756067 -0.133811 -0.556046
186 0.162396 1.11933 1.25099 1.16222 -0.632426 0.861057 -0.815077 0.0788466
181 -0.212837 1.18146 1.26091 1.12144 -0.712623 0.956898 -0.686879 0.326908
685 -0.111949 1.07513 1.13309 1.1292 -0.70052 0.848963 -0.533441 0.262918
556 -0.08347 0.914093 0.737394 1.04822 -0.815814 0.712547 -0.198281 -0.0162448
591 -0.0642756 1.35134 0.486703 0.982037 -0.94491 1.58058 0.297063 0.421762
440 -0.0670405 1.16965 0.364568 1.11314 -0.899103 1.41044 0.296105 0.261075
444 -0.10706 1.42818 0.332579 0.992284 -0.557653 1.52747 0.434465 0.179481
445 0.103342 1.1362 0.455785 0.902752 -0.821421 1.29376 0.227703 0.181676
459 0.0457951 1.02281 0.520803 0.96363 -0.739076 1.12831 0.158083 0.125615
362 0.081583 1.2503 0.408567 1.08707 -0.762182 1.66224 0.301952 0.255687
633 -0.101573 1.18745 0.413447 1.13963 -0.680734 1.24421 0.204955 0.245067
448 0.0380864 1.21759 0.476811 1.16951 -0.766197 1.34413 0.184604 0.304224
626 0.0814589 1.27503 0.344405 1.27742 -0.900748 1.62837 0.41065 0.287811
435 -0.0756638 1.32958 0.194202 1.37163 -0.915705 1.95934 0.42783 0.439895
122 -0.063498 0.922626 0.669812 0.950867 -0.758341 1.16744 0.112533 0.291518
85 -0.195779 0.64736 1.49386 1.16798 -0.86464 1.30151 0.226801 0.496027
98 -0.142376 0.549572 1.32487 1.04062 -0.937048 1.04685 -0.0117202 0.436638
857 -0.125387 0.573627 1.17988 1.16057 -0.998092 1.03566 0.0148747 0.335295
492 0.28641 1.24223 0.890966 1.21377 -0.816663 1.23417 -0.0625007 -0.0160273
264 0.346936 0.768154 0.757668 1.09885 -0.816133 1.2348 -0.200339 -0.219199
127 0.962204 0.865643 0.986239 1.30126 -1.20827 1.79533 -0.373654 -0.410935
150 0.368712 0.774179 0.909405 0.767906 -1.02856 0.952258 -0.0886241 -0.251986
139 0.598664 0.716873 0.812495 1.30554 -1.05563 1.36312 -0.26688 -0.161452
756 0.00460256 1.31542 0.774058 1.06306 -0.558321 0.998399 0.154806 0.0558656
918 -0.0977135 1.07173 0.683732 1.06667 -0.628611 0.865067 0.09126 0.026947
677 -0.0473764 1.18529 0.711594 1.11948 -0.767974 0.981445 0.0833616 -0.00640323
514 -0.00318077 1.4962 0.848731 1.50824 -0.736319 0.870331 0.478485 0.12493
667 -0.730169 1.13674 0.546702 1.26084 -1.09049 1.16846 -0.045014 -0.126361
827 -0.470318 1.0896 0.60152 1.28401 -1.08834 1.13678 -0.199832 -0.161398
202 -0.124176 1.06305 1.00173 1.02516 -0.693192 0.934023 -0.414445 0.0130924
961 -0.261949 1.20459 0.936627 1.04397 -0.711462 0.900586 -0.575274 0.0312652
270 -0.0484788 0.874186 0.842014 0.99608 -0.679472 0.862344 -0.348218 0.0697136
597 -0.0277274 1.12335 0.35487 1.03613 -0.807255 1.39318 0.281525 0.16698
450 -0.00267568 1.17392 0.64455 0.997805 -0.917554 1.12158 0.275082 -0.109083
632 -0.068498 1.0628 0.689054 1.1354 -0.898022 1.11394 0.128708 -0.0128552
594 0.0483603 1.34686 0.573482 1.13062 -0.897953 1.3585 0.155248 0.168311
720 -0.205374 1.00473 0.63085 0.91898 -0.870168 1.25371 -0.0354409 0.0147031
495 0.378268 0.928417 0.905098 0.964955 -0.810037 1.10573 -0.277689 0.00678379
876 -0.0251865 1.0513 0.995773 1.02519 -0.638897 0.985907 -0.538919 0.0868115
874 0.0539852 1.09769 1.05811 1.03832 -0.625588 0.957786 -0.661442 0.0970305
360 -0.166898 1.09493 1.03131 1.1327 -0.704165 0.677953 -0.530602 0.113517
354 -0.179468 1.04267 0.84424 0.959327 -0.570405 0.878837 -0.712733 0.156273
308 -0.328782 0.943981 0.834807 2.21479 -1.32616 0.709861 0.0893995 -0.42051
309 -0.229295 0.701137 0.892127 2.19787 -1.25101 0.933522 0.389118 -0.51
482 0.00710086 0.662417 0.654461 1.48132 -1.05169 0.716827 0.198788 -0.354638
11 0.110004 0.830881 0.912818 2.07955 -1.43445 0.786376 0.246519 -0.606528
775 -0.14503 0.680674 0.558135 1.40414 -1.08266 0.899826 0.110267 -0.170158
315 -0.1631 0.848625 0.757374 2.07619 -1.30418 0.829732 0.228211 -0.409301
610 -0.128547 0.831678 0.79301 1.65608 -1.19248 0.802821 0.211515 -0.329454
889 -0.701341 1.30713 0.669228 1.1664 -0.602637 1.19907 -0.0187864 -0.34622
496 -0.743304 1.7255 0.800095 1.06452 -0.554495 1.52458 -0.036131 -0.548894
299 -0.576815 1.28077 0.765197 0.946046 -0.503512 1.23821 0.063224 -0.376212
952 -0.585262 1.20143 0.814475 1.12699 -0.581061 1.29493 -0.0082474 -0.32816
572 -0.515344 1.17093 0.632205 1.22727 -0.606638 1.16121 -0.0581554 -0.339854
286 -0.869278 1.41279 0.829329 1.12507 -0.299416 1.3991 -0.00393331 -0.503216
273 -0.849567 1.62351 0.9388 1.21834 -0.419879 1.7937 0.0769065 -0.644208
76 0.0454573 1.07454 0.96369 0.780076 -0.980902 0.803726 -0.00591582 -0.356744
390 0.136978 1.04754 0.920834 0.691351 -0.968229 0.715125 0.131604 -0.318606
538 0.108295 1.04095 1.26538 0.692177 -1.33606 0.835579 -0.0492066 -0.536681
217 -0.170065 0.684835 1.26782 1.08668 -1.05862 1.18008 -0.225803 0.402209
836 -0.14695 0.716601 1.04733 1.01381 -0.813049 0.966567 -0.088899 0.269895
192 -0.0688138 0.904637 1.34816 1.14838 -1.00994 1.23687 -0.24461 0.35822
108 -0.385505 0.757828 1.07989 1.16854 -0.957832 1.13273 -0.185543 0.263577
110 -0.105836 0.676863 1.17972 0.946111 -0.754416 1.1052 -0.0540086 0.233352
89 -0.134873 0.582106 1.74769 0.968407 -1.03188 1.10015 0.0142569 0.474076
784 -0.383358 0.932026 1.11636 1.03782 -0.77995 1.16452 0.0524232 0.0683803
282 -0.769049 1.39619 0.946065 1.03394 -0.374911 1.46222 0.027544 -0.728669
307 -0.381088 1.12312 0.875409 0.903168 -0.549229 0.886226 -0.299624 -0.0962079
929 -0.0994063 0.965725 1.02894 0.760164 -0.684843 0.633935 -0.395511 -0.012986
863 -0.0837243 1.06964 0.981978 1.10271 -0.730308 0.907667 -0.484677 -0.00288995
356 -0.122675 1.13987 1.00088 1.04371 -0.758219 0.930879 -0.622391 0.15583
684 -0.109503 1.19473 1.25522 1.10863 -0.84193 0.822589 -0.625005 0.117327
998 -0.120987 1.11657 1.13378 1.11955 -0.868101 0.949992 -0.336414 0.0665496
218 -0.116692 1.32246 0.305028 1.14112 -1.09446 1.38098 -0.121221 0.501979
912 -0.203474 1.17305 0.479437 0.822693 -0.913713 1.25507 -0.414025 0.376252
238 -0.00389392 1.08669 0.455038 0.83591 -0.892784 1.28265 -0.376783 0.267503
398 0.486184 0.66182 0.781191 1.01058 -0.969874 1.44617 -0.365607 0.0561317
251 0.680457 0.799668 0.971053 1.01794 -0.967212 1.32947 -0.434186 -0.269091
144 0.592214 0.543455 0.878451 1.27069 -1.04432 1.33757 -0.151506 -0.0549858
159 0.224466 0.750923 0.693389 0.923897 -0.704978 1.21871 -0.142789 -0.185926
125 0.879934 0.735745 0.955852 1.42323 -1.21039 1.7221 -0.353628 -0.240175
131 -0.109822 0.9879 0.667858 2.21315 -1.2475 0.75246 0.408967 -0.405272
212 0.00441446 0.864216 0.610016 1.85979 -1.25035 0.893477 0.14623 -0.148186
333 -0.129299 0.791961 0.669182 1.53963 -0.966492 0.661795 0.179768 -0.182573
940 0.0506156 1.06266 1.14314 0.898911 -1.07463 0.90965 -0.0262103 -0.308066
539 0.0987463 1.13417 1.30633 0.877394 -1.19282 0.725003 0.00338291 -0.42826
962 0.352404 1.00209 0.928814 1.05576 -0.939141 1.30695 -0.305335 0.0705387
206 0.00442561 0.979113 0.951555 0.927691 -0.736465 0.87602 -0.445753 0.0594262
743 0.187838 0.824779 0.757523 0.95453 -0.85505 1.15232 -0.249953 -0.114622
741 0.459305 0.782892 0.893866 0.78113 -0.965756 1.1021 -0.217635 -0.196593
63 0.620536 0.78734 0.884003 0.850483 -1.05016 1.20007 -0.18076 -0.187357
984 0.281376 0.945001 0.771568 0.983771 -0.884022 1.27584 -0.150073 -0.031684
506 -0.425537 1.29658 0.632332 0.916106 -0.501143 1.17359 -0.112773 -0.0855538
271 -0.879371 1.72892 0.962045 1.46761 -0.456613 1.54517 0.0532879 -0.755079
425 -0.485177 1.16124 0.761137 0.925857 -0.469331 1.25271 0.0388642 -0.359333
951 -0.582004 1.18102 0.624057 1.03881 -0.674426 1.16289 -0.0425247 -0.369004
283 -0.744843 1.45223 0.747327 1.07943 -0.388665 1.60123 -0.0217972 -0.486545
268 0.236462 0.786188 0.642568 0.950306 -0.688326 1.20752 -0.176767 -0.162836
352 -0.212264 1.09963 0.846341 0.962906 -0.690583 0.852011 -0.572246 0.151319
201 -0.0412604 1.05073 0.800101 0.870313 -0.657489 0.808441 -0.445704 0.12146
178 -0.157179 1.31162 1.47302 0.999003 -0.660312 0.691026 -0.934744 0.238741
971 -0.132712 0.93615 1.02236 0.933565 -0.692152 0.855086 -0.507538 0.158967
5 0.0880626 1.43908 1.62327 0.682162 -1.62514 0.80725 0.286468 -0.525144
547 -0.64282 1.00838 0.592 0.962844 -1.03087 1.17411 -0.234208 -0.109243
326 -0.197436 0.858551 0.682418 1.44514 -1.20489 0.635733 0.229547 -0.283395
310 -0.256269 1.02996 0.815693 2.31892 -1.39653 0.597808 0.314539 -0.330318
468 -0.293575 1.00201 0.69625 1.89497 -1.41737 0.734308 0.293419 -0.404521
935 -0.23961 0.950843 0.76213 1.2994 -0.903459 0.897075 0.0977514 -0.139048
335 -0.206994 0.948221 0.898863 1.36339 -0.937831 0.811491 -0.21305 -0.0845348
334 -0.211915 0.769384 0.583376 1.29489 -0.809278 0.705481 0.0475914 -0.160237
731 -0.794334 0.992447 0.436506 1.11266 -1.10876 1.18489 -0.203439 -0.0449462
635 -0.145752 1.35274 0.381009 0.853081 -1.16528 1.43595 -0.375473 0.689977
903 -0.0488435 1.10327 0.492206 0.879392 -0.828928 1.11124 -0.124764 0.413417
229 0.0373983 1.11966 0.494447 0.920868 -1.10437 1.40462 -0.340097 0.591332
15 -0.12465 1.64279 0.43062 0.812606 -1.28862 1.29727 -0.434399 0.595723
866 -0.216202 1.24911 0.520606 0.936479 -0.928813 1.21036 -0.257247 0.22025
146 0.649222 0.706508 1.0157 0.969184 -1.10392 1.26704 -0.21086 -0.141706
155 0.583335 0.746245 0.910111 1.07739 -1.06962 1.36198 -0.239936 -0.0682759
257 0.308353 0.801298 0.922834 1.0489 -0.885418 1.2825 -0.418974 0.0178254
368 0.159741 0.71525 0.877196 0.982791 -1.00881 1.31441 -0.342355 -0.151295
733 -0.415732 0.917713 0.551322 0.988675 -1.03001 1.1596 -0.284332 -0.0818454
158 0.517371 0.793199 0.770599 1.02515 -0.970696 1.35162 -0.255385 -0.0818688
423 -0.406312 1.3532 0.73621 1.02997 -0.568435 1.37127 -0.013288 -0.250412
301 -0.49362 1.21766 0.68875 1.07638 -0.551706 1.22168 -0.0825582 -0.234526
500 -0.66187 1.38485 0.813738 1.09952 -0.562903 1.37355 0.0554805 -0.403578
509 -0.383472 1.16771 0.800525 0.998538 -0.442987 1.11987 -0.187359 -0.0924893
566 0.377517 0.871752 0.754531 1.16461 -0.950233 1.33254 -0.201841 -0.17827
414 -0.795782 1.58913 0.852494 1.14663 -0.370455 1.46308 0.047074 -0.389809
888 -0.395545 1.15168 0.696989 1.07232 -0.574581 1.18365 -0.0654008 -0.246281
101 0.00636365 0.780744 1.26289 1.09095 -0.975465 1.0095 -0.0129873 0.0924327
975 -0.128056 0.810278 1.12961 1.12239 -0.983804 1.11911 -0.0221639 0.301669
841 -0.183968 0.6801 1.22553 1.12898 -1.03405 1.13088 0.0426229 0.326562
86 -0.0931721 0.649799 1.64549 1.19061 -1.01487 1.04906 0.114174 0.498323
755 0.0125683 1.40133 0.896276 1.13369 -0.656217 1.03708 0.147103 0.225675
381 0.0589762 1.72571 0.970612 1.07273 -0.605395 0.853875 0.346187 -0.0607986
824 -0.0598793 0.715275 0.671313 1.37534 -0.798365 0.69662 0.0386035 -0.143142
665 -0.115334 1.51964 0.992697 1.17617 -0.474687 0.948952 0.226966 0.131597
369 0.173469 1.29198 0.865022 1.06607 -0.540221 0.927934 0.215713 0.0886802
776 -0.0343859 1.22023 0.828543 1.29805 -0.822998 0.880415 0.180988 0.00369575
757 -0.018891 1.3488 0.787388 1.18345 -0.717487 0.970324 0.0617574 0.000239819
528 -0.183882 0.914508 0.465603 1.51368 -0.880368 0.770727 0.18989 -0.0912553
50 0.331174 1.97256 1.03909 1.36867 -0.685162 0.933508 0.610546 -0.116038
532 -0.0167299 1.24835 0.88254 1.1502 -0.662958 0.777632 0.110454 -0.134949
754 -0.104589 1.49453 0.890658 1.21503 -0.590272 1.05023 0.18824 -0.0471896
215 -0.0636383 1.35008 0.38118 0.954819 -1.3028 1.54562 -0.444465 0.728196
642 -0.135599 1.17545 0.532516 1.01437 -1.02147 1.21931 -0.214149 0.340623
901 -0.0811757 1.13372 0.665811 1.03604 -0.970951 1.12395 -0.252266 0.353721
608 -0.0555132 1.06602 0.523276 1.01638 -0.807687 1.23858 0.0244409 0.229195
247 -0.076208 0.638767 0.617888 1.95189 -1.11022 0.885948 0.235373 -0.444853
172 -0.0650811 1.0852 1.31657 1.19285 -0.619451 0.850666 -0.87241 0.302756
143 0.528378 0.759356 0.904753 0.977696 -1.09069 1.34815 -0.444276 0.0400463
148 0.505167 0.697873 0.753961 1.01807 -1.00937 1.22118 -0.17476 -0.0172008
469 -0.0402583 0.677256 1.24292 1.16588 -1.02525 1.09484 -0.0977301 0.252547
93 -0.235624 0.684742 1.34117 1.13671 -0.838219 1.21762 -0.0994688 0.461375
35 0.0386983 0.99153 1.21811 0.850484 -1.23743 0.539367 0.205787 -0.485744
382 0.0391035 1.07042 1.20845 0.867623 -1.1699 0.7835 -0.0244012 -0.478669
550 0.0316309 1.12102 0.987775 0.898837 -1.05951 0.953032 0.0181062 -0.234478
848 -0.122806 0.964483 0.827868 1.39755 -1.03853 0.877658 0.115979 -0.112917
479 -0.198708 0.751992 0.476366 1.48773 -1.07517 0.860244 0.13041 -0.160265
213 -0.0340907 1.28811 0.400464 1.01759 -1.2102 1.42713 -0.348365 0.499618
204 -0.160393 1.03334 0.91609 1.05714 -0.72014 0.821551 -0.364101 0.167447
12 0.0958253 1.39013 1.61206 0.72744 -1.55966 0.755077 0.00602815 -0.647412
49 -0.101065 1.06753 0.950931 0.674969 -0.779906 0.727455 0.0893519 -0.562717
321 -0.252233 0.742584 0.848156 1.86117 -1.21211 0.766141 0.204964 -0.187816
14 -0.0735814 1.19135 1.51704 0.712549 -1.50054 0.63878 -0.0680233 -0.306369
40 0.0624953 0.884108 0.973772 0.578462 -1.02679 0.660136 0.0418701 -0.307908
58 -0.00187629 1.2466 1.1524 0.699651 -1.12941 0.637013 -0.120307 -0.395608
921 -0.419395 1.29195 0.776354 1.13043 -0.572153 1.36297 -0.0272297 -0.304337
419 -0.524364 1.33314 0.804776 1.04777 -0.547625 1.24903 0.00992561 -0.258891
255 -0.416716 1.16662 0.760715 0.872362 -0.583691 1.19358 0.0467063 -0.497684
29 -0.0708971 1.18944 1.20447 0.776671 -1.07448 0.777917 0.0716443 -0.65861
933 -0.195113 1.09653 0.812649 1.14189 -1.0593 1.21266 -0.13869 0.223523
970 -0.165387 1.13104 0.59579 1.05905 -0.971602 1.28354 -0.263284 0.366996
900 -0.120963 1.18313 0.598607 0.934892 -0.99614 1.36182 -0.256997 0.372431
216 -0.239764 1.28581 0.381117 1.09749 -1.11351 1.37906 -0.272907 0.469906
586 -0.22479 0.747564 1.08345 0.963175 -0.686329 1.04026 -0.109444 0.122953
83 -0.429486 0.54999 1.7007 0.98773 -1.04512 1.20959 0.0182079 0.44151
791 -0.00334138 0.725765 1.29719 1.15582 -0.993843 1.14422 -0.165274 0.435109
805 -0.143392 0.720563 1.19583 0.976156 -0.884277 1.10902 -0.110088 0.438605
401 0.0421449 0.393482 1.21312 1.23007 -0.898492 1.11735 0.00112766 0.161783
87 0.0985297 0.497784 1.68127 1.09143 -1.11575 1.14509 -0.0610138 0.500956
116 0.25937 0.602412 1.11874 0.873361 -0.797078 0.996021 -0.0697484 0.221513
765 -0.157072 0.54781 1.38341 1.00785 -0.979649 0.880579 -0.0227665 0.288076
551 -0.135104 0.78859 0.871405 1.86614 -1.11017 0.730832 0.419578 -0.423127
882 -0.136959 0.848741 0.647039 1.43294 -0.928404 0.727833 0.184337 -0.189703
614 -0.109026 0.903069 0.69722 1.38555 -0.775991 0.761821 0.188915 -0.102698
322 -0.254862 0.845612 0.637844 1.8627 -1.20726 0.754282 0.156393 -0.267729
794 -0.104679 0.704391 0.860002 1.44363 -1.07487 0.885377 0.154086 -0.0612387
325 -0.150199 0.839713 0.664814 1.51141 -0.968453 0.656648 0.187619 -0.239666
8 -0.199605 0.903826 0.746499 2.02874 -1.18305 0.729245 0.129534 -0.560739
475 -0.276585 0.697768 0.595688 1.74316 -1.04832 0.745843 0.245507 -0.41242
565 0.391443 0.653124 0.769397 1.05931 -0.916432 1.249 -0.190891 -0.083178
374 0.338412 0.764223 0.710831 0.962764 -0.825338 1.27842 -0.212572 -0.170142
416 -0.409469 1.10749 0.728784 1.15443 -0.549276 1.24615 -0.0449856 -0.307442
410 -0.98072 1.60251 1.28253 1.22301 -0.30608 1.66251 0.198637 -0.62408
280 -0.765071 1.58558 0.964993 0.980849 -0.44155 1.37846 0.0408914 -0.760621
504 -0.553285 1.27556 0.7342 1.08796 -0.553345 1.18453 -0.0155468 -0.239194
428 -0.502802 1.16275 0.812263 1.20332 -0.651709 1.14308 -0.0209273 -0.257086
503 -0.559163 1.35718 0.861532 1.08678 -0.444469 1.2828 0.0545876 -0.301775
887 -0.613194 1.25975 0.763726 1.09063 -0.546899 1.24068 -0.0489264 -0.20764
927 -0.48189 1.07044 0.732125 0.893126 -0.465924 1.03613 -0.130886 -0.198328
759 -0.00428992 1.23239 0.746013 1.15406 -0.743634 1.02679 0.0230642 0.09401
404 0.165254 1.12346 0.776866 1.09145 -0.742975 1.02613 0.040336 0.0247204
522 0.110569 1.41921 0.740627 1.25179 -0.734451 1.04774 0.348793 0.0552214
616 -0.0308091 0.839248 0.898847 1.25815 -1.0455 0.746761 -0.0149705 -0.139176
222 -0.000998329 0.808872 0.438824 1.7541 -1.06327 0.907778 0.278967 -0.190345
120 0.0240533 0.972158 0.582407 0.969116 -0.755294 1.21345 0.249455 0.229018
869 -0.23766 0.701684 0.80156 1.38571 -0.903344 0.79968 0.179721 -0.0960851
467 -0.234171 0.798251 0.914239 2.09035 -1.25545 0.70397 0.445662 -0.452634
785 -0.120591 1.17365 0.863315 1.0402 -0.736813 0.903228 0.107079 0.0202609
220 -0.0261807 1.53427 0.747873 1.0305 -0.795509 1.06355 0.109544 0.215571
963 -0.0231541 1.11797 0.881055 1.06623 -0.812191 0.970709 0.0789154 -0.0453357
96 -0.402776 0.783419 1.16446 1.12685 -0.952499 1.02819 -0.143019 0.35646
583 -0.196574 0.676073 1.44585 1.01888 -0.922411 0.952834 -0.21938 0.494914
789 -0.215263 0.599359 1.66007 0.869223 -1.12047 1.04997 -0.0970683 0.419753
210 -0.19956 1.38019 0.351891 0.87838 -1.2298 1.56159 -0.433447 0.630291
236 -0.117433 1.0688 0.387379 0.943503 -0.982561 1.09507 -0.0933548 0.250539
647 -0.090767 0.96929 0.589986 0.971015 -0.945653 1.11772 -0.256381 0.228744
946 -0.151171 0.913235 0.762427 1.22783 -0.982426 0.951139 0.0927099 -0.0949446
873 -0.289491 0.982329 0.7304 1.38835 -0.91039 0.842983 -0.0736268 -0.106545
275 -0.361854 0.940955 0.745108 2.15666 -1.02328 0.772072 0.297555 -0.476759
289 -0.768742 1.32929 0.792301 0.957026 -0.30402 1.39909 -0.00201768 -0.315379
254 0.124834 1.15072 0.713721 1.05389 -0.921668 1.33887 -0.0265505 0.0928146
252 0.324494 0.739649 1.05008 1.04482 -1.01304 1.17131 -0.16874 -0.13996
2 0.33896 1.41219 1.58515 0.645602 -1.61494 1.02133 0.127581 -0.80529
351 -0.238434 1.18745 1.24872 1.09268 -0.714038 0.762959 -0.836203 0.260747
47 0.0397827 0.86011 1.23282 0.800955 -1.07309 0.681792 0.0688378 -0.272616
778 -0.0996684 0.778324 0.659935 1.38335 -0.908715 0.643913 0.156279 -0.238783
329 -0.0930012 0.900401 0.682208 1.35742 -0.969551 0.867515 0.0154829 -0.089931
618 -0.140058 0.91517 0.756375 1.39592 -1.12374 0.805402 0.0622055 -0.173299
974 -0.0660712 1.17109 0.575778 0.94588 -0.932427 1.23763 -0.0720286 0.232977
327 -0.16001 0.861465 0.721869 1.64662 -1.0564 0.81853 0.13021 -0.304719
890 -0.193721 0.870312 0.527559 1.54818 -0.886006 0.845976 0.232894 -0.245923
745 -0.15452 0.79734 0.577185 1.62683 -0.881959 0.747001 0.169368 -0.217452
558 -0.290205 0.928052 0.56698 1.29164 -0.790386 0.90334 0.0485758 -0.28253
177 -0.152237 1.24477 1.3975 1.13997 -0.56404 0.901428 -0.835193 0.258885
183 -0.236081 1.11121 1.12931 1.11122 -0.55246 0.898027 -0.723381 0.112186
518 -0.912747 1.17258 0.520956 1.20194 -1.19351 1.16271 -0.196695 -0.254879
804 -0.146364 1.05195 0.482072 1.38043 -1.06781 1.15142 -0.111778 0.0880475
332 -0.175884 0.804077 0.635745 1.51708 -1.00131 0.731217 0.25435 -0.186759
476 -0.0599686 0.815537 0.60323 1.54401 -1.0077 0.843638 0.0859309 -0.185318
497 -0.686953 1.4494 0.659831 1.08749 -0.321711 1.45816 -0.0462958 -0.415869
284 -0.797773 1.48231 0.684327 1.00593 -0.260966 1.49011 0.0686135 -0.392756
278 -0.867 1.43412 0.677141 1.19816 -0.357515 1.59802 0.0710566 -0.466635
290 -0.525809 1.28228 0.560568 0.906353 -0.59052 1.383 -0.120354 -0.169649
294 -0.463934 1.22312 0.760064 1.14103 -0.515464 1.23774 0.0177421 -0.311246
396 0.667136 0.798154 0.909232 1.02866 -1.01235 1.38616 -0.334997 -0.2472
987 0.171007 0.7083 0.760368 0.928116 -0.854882 1.0397 -0.115437 0.126488
129 0.929099 0.67963 1.01027 1.26809 -1.2385 1.89318 -0.46344 -0.22378
348 -0.246244 1.10604 0.978678 0.99711 -0.585922 0.802813 -0.621113 0.115215
188 0.0540568 1.01427 1.0003 1.20066 -0.810582 0.926138 -0.547885 0.0581137
171 0.0703794 0.698281 0.761334 2.13238 -1.24052 0.836411 -0.0256142 -0.0927383
498 -0.625335 1.34549 0.697905 1.02956 -0.416952 1.5282 0.0865462 -0.400027
638 -0.156096 1.24362 0.440188 0.886143 -1.01902 1.349 -0.397903 0.393008
366 0.68154 0.78135 0.874776 1.07482 -1.00507 1.54404 -0.413083 -0.0391208
408 0.395999 0.703791 0.775281 1.00493 -0.90006 1.23473 -0.166345 -0.0444589
752 0.124154 1.10738 0.607953 1.10659 -0.945479 1.32405 0.0330668 0.00312782
609 0.0722166 1.10807 0.364044 1.22052 -0.814868 1.23161 0.307367 0.26203
253 0.621023 0.696717 0.946255 0.96362 -0.995837 1.31495 -0.297322 -0.0513489
619 0.0725426 1.10704 1.18979 0.648095 -1.20163 0.603902 -0.00776413 -0.466528
22 -0.133727 1.38223 1.39959 0.675312 -1.28382 0.848593 0.172697 -0.770462
353 -0.165882 1.07174 0.931474 1.04738 -0.67788 0.815497 -0.563477 0.144156
182 -0.25133 1.30482 1.01941 1.06283 -0.540664 0.889737 -0.752878 0.18911
653 -0.110483 1.0495 0.612899 0.93207 -0.791087 1.26711 0.0222712 0.124795
267 0.36674 0.692384 0.657792 0.858567 -0.824866 1.03559 -0.279322 -0.116072
856 -0.234221 0.552694 1.52156 1.04971 -1.10193 1.18667 -0.208428 0.581839
879 -0.110688 1.15681 0.655831 0.839805 -1.11888 1.17412 -0.182308 0.370381
211 -0.403821 1.53181 0.357115 0.788184 -1.11742 1.46702 -0.341528 0.532698
799 -0.19459 1.23543 0.469228 0.930644 -0.985755 1.42767 -0.282437 0.609028
691 -0.282308 0.991543 0.847194 1.05561 -0.843846 1.11443 -0.326311 -0.0174385
570 0.184444 0.808466 0.840713 0.959728 -0.906557 1.11028 -0.180583 0.00138151
166 0.204106 0.783557 0.816936 1.03343 -0.935272 1.17346 -0.14403 -0.00417375
561 0.29657 0.824664 0.703245 1.06049 -0.878603 1.41001 -0.30729 -0.142806
260 0.375304 0.746126 0.686279 0.824837 -0.725068 1.23871 -0.224839 -0.12031
130 1.08018 1.08667 1.29172 1.11066 -0.93729 1.63959 -0.366422 -0.32309
373 0.468575 0.77388 0.801739 1.02185 -1.01542 1.2427 -0.278844 -0.0927161
364 0.849178 0.700724 1.00579 1.04642 -0.969609 1.49442 -0.505239 -0.0778353
132 0.906757 0.708431 0.74948 1.48486 -1.24906 1.80587 -0.347631 -0.138488
384 0.037976 1.15294 1.21671 0.797449 -1.23238 0.564233 0.0736239 -0.510879
548 0.116578 1.04048 1.20361 0.734795 -1.0683 0.683315 0.00971348 -0.270357
391 -0.0130486 1.02041 1.09511 0.73185 -1.07216 0.70179 0.111483 -0.378988
897 -0.605138 1.19203 0.734412 1.1932 -0.4953 1.35463 0.0299673 -0.346212
426 -0.451312 1.13041 0.755479 0.96772 -0.548866 1.16288 -0.00551999 -0.276467
988 -0.286594 0.903369 0.643724 1.37102 -1.08969 0.92116 0.0475466 -0.143371
858 -0.229528 0.771906 0.940247 1.58029 -1.16035 0.832372 0.180061 -0.131363
934 -0.105514 0.836741 0.70673 1.44085 -1.09145 0.782111 0.0672156 -0.202176
860 -0.175148 1.10515 0.98597 1.08504 -0.776521 0.789695 -0.54942 0.136614
339 -0.288886 1.51179 1.39938 1.10426 -0.676105 0.772265 -1.1878 0.324717
767 -0.153337 1.15773 0.428655 0.863178 -0.877655 1.18952 -0.293862 0.320117
237 -0.123048 1.25984 0.508545 0.92354 -1.00575 1.20642 -0.242042 0.201607
800 0.0478862 1.17998 0.364298 0.794316 -1.01297 1.43371 -0.36057 0.507524
221 -0.162774 1.35227 0.347029 0.955478 -0.988707 1.48503 -0.344228 0.539518
413 -0.711604 1.38029 0.814002 1.08256 -0.421116 1.38307 0.0480199 -0.392201
639 -0.329719 1.34275 0.37862 0.935685 -0.722792 1.31669 -0.340872 0.402098
235 -0.0911314 1.12035 0.640268 0.945545 -1.02148 1.18104 -0.284998 0.328006
295 -0.190517 1.05745 0.914907 0.87174 -0.60006 0.886194 -0.447609 -0.0777745
175 -0.272263 1.21513 1.27066 1.215 -0.675359 0.912999 -0.85775 0.274119
795 -0.123671 0.82056 0.898917 0.853807 -0.607345 0.678062 -0.408438 0.164626
692 -0.0818296 1.03335 0.871022 0.999641 -0.705972 0.955102 -0.44079 0.216976
859 -0.189144 1.18409 1.37179 1.34884 -0.646161 0.733228 -0.849335 0.186536
323 -0.154477 0.706434 0.724538 1.69597 -1.01293 0.507371 0.118994 -0.187124
954 -0.0190756 1.1503 1.258 1.02325 -1.10961 0.669648 -0.105837 -0.420087
631 -0.268826 1.01176 0.575532 1.00418 -0.786774 1.16359 -0.050559 0.157636
648 -0.0732553 1.0455 0.527504 0.975431 -0.829999 1.25737 -0.11438 0.260431
764 -0.0401102 1.0245 0.528004 0.983914 -0.716616 1.16478 -0.0133718 0.203177
697 -0.123912 1.12021 1.17116 1.02953 -0.876244 0.868761 -0.570261 0.0300285
878 -0.116 1.01914 0.89849 1.0504 -0.633806 0.871185 -0.418761 0.118942
95 -0.204945 0.60107 1.12705 0.921866 -0.737524 1.23195 -0.0760877 0.470909
782 -0.367014 0.63992 1.30786 0.935915 -0.736277 1.07887 -0.171218 0.331316
806 -0.187903 0.809136 1.09285 0.962477 -0.852584 1.00515 -0.102509 0.190509
461 -0.167958 0.754776 1.31077 0.995007 -1.0339 1.04614 -0.0980683 0.345374
809 -0.0766157 1.03314 1.08328 0.716741 -1.18649 0.75782 -0.0566582 -0.439311
620 -0.071568 0.967748 0.858967 0.688914 -1.10283 0.690419 -0.022782 -0.302212
727 -0.988383 0.967647 0.613714 1.11782 -1.34911 1.32478 -0.253537 -0.163994
830 -0.37743 1.0156 0.671986 1.02148 -0.932703 1.15346 -0.219871 -0.0322341
845 -0.873954 1.12441 0.591239 1.18006 -0.979784 1.23754 -0.180319 -0.248009
959 -0.452163 1.21681 0.744565 1.11291 -1.02517 1.18759 -0.11374 -0.211217
300 -0.561547 1.26008 0.728543 1.03096 -0.506054 1.32281 0.0321287 -0.282747
922 -0.402846 1.20237 0.66155 0.949199 -0.629692 1.20668 -0.029548 -0.227667
510 -0.436472 1.06526 0.674431 0.906417 -0.598992 1.10916 -0.121956 -0.259053
990 -0.241884 1.11347 0.706535 1.03739 -0.630588 1.21215 -0.105198 -0.228191
133 0.869121 0.866037 1.13675 1.07145 -1.30507 1.52633 -0.510573 -0.243393
744 0.169596 0.820755 1.03749 1.0278 -0.864453 1.16406 -0.220657 0.0305073
203 0.015835 0.913582 1.0318 0.987589 -0.757846 1.001 -0.538148 0.0154983
807 -0.054934 0.918679 1.10868 1.12022 -0.775955 0.881293 -0.365478 0.0886953
136 -0.0957537 0.374658 1.55332 1.13544 -1.02575 1.33323 -0.0151468 0.487065
124 -0.110699 0.799108 1.1941 1.10929 -0.94384 1.20238 -0.00543738 0.447143
379 0.0481812 0.633958 0.957788 0.821649 -0.802204 0.998052 -0.0980241 0.1622
870 -0.103759 0.978732 1.12986 1.00846 -0.939288 1.04741 -0.0312699 0.178401
582 -0.198034 0.736711 1.2149 1.07752 -1.00287 1.13443 -0.116829 0.525574
996 -0.110248 0.934393 0.969567 1.18028 -0.98094 1.14292 -0.0134026 0.290961
397 0.0430955 0.575872 1.14216 0.920065 -0.894665 1.05127 -0.161907 0.321765
513 0.098712 1.71147 1.04206 1.39339 -0.589039 0.851049 0.375929 0.0193232
460 0.0842529 1.06082 0.54331 1.03247 -0.851836 1.21103 0.0711395 0.0907547
68 0.0105916 0.993584 1.13039 0.745333 -0.958426 0.782263 -0.133075 -0.182356
138 0.858789 0.750347 0.865423 1.06277 -1.11375 1.59003 -0.341732 -0.203793
128 1.14626 0.955581 1.13907 1.05984 -1.30729 1.79967 -0.417273 -0.356332
370 0.536818 0.719035 0.986029 0.84918 -1.00252 1.23193 -0.317101 -0.164912
686 -0.183833 0.858377 1.07406 0.988754 -0.832296 0.998265 -0.220456 0.236388
893 -0.105161 0.746846 1.18987 1.00004 -0.958933 1.01101 -0.181664 0.274909
842 -0.0725637 0.680527 1.17933 1.08313 -0.902066 0.960685 0.0461336 0.277178
966 -0.0542362 0.790244 0.846794 1.28221 -0.921152 0.836177 -0.0729879 -0.167188
926 -0.0796434 1.1872 0.794327 0.965343 -0.97568 1.14299 -0.0482868 -0.0175313
655 -0.122504 1.09202 0.782669 1.13226 -0.99253 1.27616 0.0301922 0.0159807
161 0.488119 0.774312 0.667036 1.00009 -0.892963 1.30209 -0.147681 0.0321406
104 -0.12249 0.883938 1.01536 1.20196 -0.902281 1.17154 -0.0789413 0.285383
576 -0.233014 0.80747 0.889975 1.01111 -0.710641 1.1323 0.0341891 0.0596502
424 -0.499829 1.10534 0.807461 1.04 -0.661015 1.28283 -0.0843744 -0.258671
979 -0.32673 1.17831 0.926128 0.92643 -0.630466 1.18676 -0.00467466 -0.307301
949 -0.0630573 0.69538 1.17699 1.03077 -0.949893 1.08331 -0.0487803 0.214805
781 -0.273439 0.623321 1.37353 0.997452 -0.965993 1.17713 -0.0225211 0.399643
90 -0.233629 0.634327 1.63732 0.966334 -0.973277 1.04238 -0.322824 0.640669
708 -0.885047 1.01485 0.691775 1.16904 -1.30351 1.29797 -0.263547 -0.158188
589 -0.0889376 0.655974 1.10023 0.996503 -0.753043 0.982523 -0.00480321 0.195031
819 -0.120473 1.05263 0.764677 1.23835 -0.928545 0.975552 -0.0241718 0.0697908
817 -0.113467 1.14157 0.774053 1.70649 -1.05318 0.990578 0.106457 -0.173846
849 -0.114189 0.886208 0.670178 1.55475 -1.01358 0.747642 0.0897078 -0.193471
896 -0.0305349 1.33915 0.822143 1.25657 -0.696934 0.829657 0.185957 0.0677783
997 0.0642419 1.22868 0.93175 1.16419 -0.810453 1.12921 -0.148025 0.0200221
409 0.0711108 1.10687 0.839695 0.97275 -0.788996 1.03491 -0.0423566 -0.0216701
343 0.099128 1.0551 1.1954 1.01728 -0.616674 0.871663 -0.715926 0.0967672
909 -0.226513 1.15146 1.32231 1.25736 -0.666529 0.753246 -0.931976 0.242139
180 0.0026576 1.29299 1.22511 1.13928 -0.512143 0.868248 -0.703196 0.228906
88 -0.220229 1.3534 0.480551 0.91446 -1.26521 1.55734 -0.595585 0.890717
803 -0.228942 1.12545 0.506986 0.927827 -0.888738 1.27408 -0.300972 0.353858
199 0.0585931 1.05512 0.987315 0.989879 -0.615428 0.870648 -0.618835 0.0965692
358 -0.149408 1.07951 1.04107 1.0883 -0.756765 0.82977 -0.543031 0.142481
195 -0.103886 1.02709 0.955248 0.99213 -0.765499 0.912023 -0.35334 0.138251
534 -0.00893409 1.09968 0.825635 1.08732 -0.727646 0.843803 0.147349 0.0211387
533 -0.038292 1.36901 0.808443 1.0533 -0.67 0.938861 0.249163 -0.0299133
852 -0.148856 1.10126 0.810649 1.00606 -0.656558 0.876822 -0.479643 0.174035
985 -0.628792 1.18924 0.770016 1.23997 -0.944692 1.25137 -0.293273 -0.128848
612 0.088916 0.876204 0.782782 1.4828 -1.06556 0.842555 0.0642223 -0.222281
70 0.0835405 0.930696 1.02715 0.586917 -1.03026 0.689111 0.0278552 -0.27036
37 -0.0179993 1.06389 1.04762 0.772848 -0.969259 0.857934 -0.029575 -0.332599
162 0.389748 0.760879 0.725145 0.831349 -0.801594 1.27046 -0.271846 -0.0237685
760 0.0554006 1.3829 0.77501 1.08168 -0.504101 0.947714 0.249663 0.143094
666 -0.0615211 1.59277 0.846604 1.2175 -0.451343 1.07387 0.360643 0.166052
502 -0.453898 1.16983 0.660057 0.939248 -0.578242 1.07962 -0.0112736 -0.160368
581 -0.172276 0.845834 1.22555 1.14984 -0.913672 1.26302 -0.0833413 0.191335
400 -0.110643 0.713833 1.0608 0.984489 -0.909406 1.34343 -0.14887 0.411319
167 -0.247618 0.846013 0.59714 0.935947 -0.994238 1.17863 -0.310808 -0.219035
833 -0.133921 0.867347 0.686875 0.944598 -0.866285 1.12087 -0.148009 -0.0429714
689 -0.177305 1.04018 0.988733 0.961829 -0.758669 0.899967 -0.455039 0.178782
189 0.0127011 1.08088 1.09413 0.952807 -0.552826 0.876045 -0.754099 0.191052
357 -0.0062253 1.03952 1.04804 0.950054 -0.745011 0.749719 -0.528559 0.15816
881 -0.272175 1.25857 0.511567 1.01166 -0.891925 1.24946 -0.171522 0.177962
105 -0.0388917 0.644498 1.27921 0.956198 -0.952755 0.988227 -0.09898 0.27071
402 0.587523 0.804586 0.846649 0.956382 -1.02907 1.37576 -0.371727 -0.11378
567 0.424673 0.742183 0.968246 1.02116 -0.92505 1.22388 -0.312157 0.0303265
418 -0.696953 1.44069 0.648884 0.993974 -0.432656 1.31142 0.065615 -0.243657
953 -0.545482 1.27485 0.661866 0.915791 -0.542041 1.26858 -0.0246505 -0.274181
886 -0.604089 1.21233 0.679143 0.991789 -0.520473 1.27442 -0.00875668 -0.326652
151 0.597174 0.722291 0.875488 0.904748 -0.91325 1.36071 -0.277744 -0.155462
239 -0.163582 1.14395 0.580497 0.872453 -0.972615 1.28024 -0.190349 0.43962
907 -0.520885 1.17937 0.638566 1.03677 -1.12356 1.21636 -0.236851 -0.179869
387 0.0231591 1.08517 0.971804 0.602887 -1.15182 0.698897 0.0232892 -0.245576
380 -0.0551266 1.37396 1.43686 0.833541 -1.43317 0.789826 0.0950789 -0.739358
885 0.00164529 1.27853 0.735204 1.10228 -0.697996 1.01021 0.122523 0.0736457
250 0.542239 0.739151 0.889137 1.15047 -0.991061 1.11644 -0.253152 -0.13059
367 0.525051 0.78378 1.09172 1.00086 -1.06215 1.27523 -0.322663 -0.161499
361 0.700233 0.677608 0.903443 1.14307 -1.00797 1.45664 -0.291583 -0.289111
825 -0.500687 1.18134 0.712652 1.1112 -1.20138 1.37427 -0.390687 -0.119909
385 0.235829 0.878006 1.19754 0.781926 -1.09862 0.814106 -0.0387954 -0.315543
508 -0.226167 1.11181 0.680917 1.0506 -0.740953 1.32064 -0.0243897 0.00142617
627 0.150735 1.23295 0.441182 1.18891 -0.762029 1.60277 0.120511 0.364398
569 -0.0120883 0.808427 0.739966 1.49994 -0.98175 0.912847 0.14116 -0.282609
872 -0.168402 0.948739 0.885418 1.54697 -1.0401 0.896448 0.0609169 -0.29249
331 -0.157528 0.827117 0.810094 1.65638 -0.986734 0.682658 0.0519646 -0.152805
142 0.800416 0.616765 0.929105 1.04352 -1.00028 1.4027 -0.381159 -0.134008
80 -0.140126 0.565064 1.92038 1.26723 -1.06258 1.11791 -0.05032 0.623737
588 -0.14161 0.825337 1.09512 1.12065 -0.912724 1.05338 -0.157234 0.162589
24 0.0987743 1.2785 1.31092 0.678781 -1.27308 0.661822 0.123048 -0.491668
456 -0.148428 0.909014 0.47416 1.152 -0.847134 1.08904 0.228028 0.04677
10 0.0973855 1.24918 1.72744 0.772685 -1.52821 0.785151 -0.165204 -0.49246
535 -0.0563222 1.21976 0.929192 1.01237 -0.764341 0.98272 0.0342702 -0.0615602
320 -0.0772582 0.686031 0.706108 1.7297 -1.15752 0.591271 0.191638 -0.367319
905 -0.734602 1.03696 0.545908 1.26181 -1.18275 1.24962 -0.0881531 -0.07617
719 -0.464393 1.15664 0.707561 1.20282 -0.988072 1.29068 -0.209748 -0.0982896
447 -0.0593837 1.23453 0.598082 1.09327 -0.926594 1.33098 0.0945355 0.0724676
349 -0.144053 1.02284 1.10728 0.955304 -0.642278 0.797279 -0.61599 0.113944
709 -0.966397 1.18746 0.432081 1.15536 -1.13332 1.33543 -0.375949 -0.104757
883 -0.0192829 1.43381 0.862184 1.0946 -0.631721 0.881205 0.11874 0.0181051
958 -0.127943 0.818215 0.992467 1.07158 -0.804833 1.03005 -0.229416 0.159349
153 0.64882 0.652892 0.798232 0.906887 -0.895886 1.30401 -0.262782 -0.117659
560 0.493516 0.899081 0.863588 1.02582 -0.887747 1.43135 -0.2762 -0.169746
169 -0.275788 1.51495 1.44247 1.17437 -0.752445 0.823038 -1.12281 0.453915
779 -0.0836254 0.964549 0.91758 1.19177 -0.731394 0.84346 -0.262827 0.0607538
796 -0.0580887 0.555774 1.16682 1.00034 -0.910104 1.07429 -0.126091 0.392498
831 -0.212663 0.736786 0.575798 1.47858 -0.986915 0.868041 0.0653284 -0.209636
462 -0.484903 1.25082 0.723612 0.965987 -0.612924 1.07657 -0.00549769 -0.352241
675 -0.0261048 1.28798 0.780295 1.18769 -0.680423 0.891678 0.276637 0.0668125
554 -0.148105 1.16544 0.659334 1.33533 -0.802967 0.894194 0.100192 -0.0756946
728 -0.863113 1.00476 0.542016 1.18477 -1.07256 1.22478 -0.263257 -0.062634
977 -0.179833 0.953536 0.718359 1.4687 -1.10213 1.08245 0.0150022 -0.14805
317 -0.182745 0.756974 0.649935 2.14128 -1.15937 0.678758 0.234239 -0.250131
464 0.153908 1.15425 1.22396 0.764938 -1.16052 0.692216 -0.0458235 -0.411712
687 -0.10034 1.08617 1.03027 1.05597 -0.819731 0.866961 -0.368212 0.0360531
193 -0.174966 0.947696 0.940511 1.14035 -0.603696 0.769491 -0.630909 0.117504
698 -0.192186 1.16763 1.14183 1.08902 -0.669316 0.872424 -0.717581 0.154643
840 -0.0246198 1.20843 0.915663 1.05879 -0.795058 0.976796 0.0354909 -0.0598403
585 -0.13243 1.08816 1.19966 1.1683 -0.809021 0.849038 -0.547055 0.122229
916 -0.0936088 1.17608 0.915892 1.02962 -1.07946 1.1972 0.0438694 -0.0376508
891 -0.0829459 1.1715 0.653968 1.0642 -0.863196 1.23955 0.00192707 0.110597
453 -0.0718176 1.10549 0.406635 1.04398 -0.747073 1.24013 0.186186 0.241374
443 -0.00468801 1.20482 0.493479 1.04492 -0.859395 1.46662 0.20717 0.284699
892 0.134429 1.08546 0.456436 0.868314 -0.731705 1.22575 0.0707459 0.163391
734 -0.532511 1.15778 0.73605 1.23607 -1.04422 1.25515 -0.17134 -0.0886345
724 -0.476733 1.14021 0.666339 1.09984 -0.869362 1.17987 -0.0628814 -0.155862
707 -1.0718 1.13616 0.499189 1.06963 -1.48791 1.33096 -0.441706 -0.290013
729 -0.609688 1.14416 0.630002 1.02823 -1.13661 1.30602 -0.210754 -0.166644
94 -0.339428 0.587532 1.37748 0.908853 -0.797218 1.188 -0.0813327 0.489441
242 -0.0186319 1.0881 0.547074 0.830605 -0.961567 1.10124 -0.144047 0.215819
393 0.0278702 1.02413 0.91839 0.775643 -1.02113 0.787462 -0.0763945 -0.279705
625 -0.0291395 0.994358 0.882729 0.751922 -1.08067 0.812876 -0.0704588 -0.107795
770 -0.150287 1.25753 0.652157 1.17391 -1.08124 1.28787 -0.137881 0.387141
527 -0.0689263 1.38842 0.973773 1.14162 -0.861873 1.21516 -0.0219794 0.0999883
818 -0.436387 1.0882 0.656524 1.45551 -0.814567 1.05409 0.0840056 -0.309433
338 -0.104276 0.911695 0.650394 1.22577 -0.911375 0.857804 0.0652543 -0.00260785
154 0.0592089 0.646844 1.01319 1.03827 -0.933026 1.15945 -0.129301 0.306307
415 -0.715477 1.36893 0.91299 0.94132 -0.474813 1.40167 -0.0488643 -0.627219
291 -0.533333 1.3634 0.801153 1.04946 -0.322225 1.26125 0.0948472 -0.431623
31 -0.118412 1.16733 1.05035 0.661587 -1.13929 0.804344 0.128784 -0.414289
706 -1.1389 0.95091 0.479766 1.29742 -1.49381 1.28182 -0.405945 -0.273571
403 0.475885 0.880709 1.10624 1.04358 -1.00781 1.30631 -0.451995 -0.0525671
790 -0.0521971 0.538484 1.31358 1.11442 -0.946143 1.12434 -0.0795161 0.392657
780 -0.170438 0.59539 1.2633 0.959147 -1.00419 1.06223 -0.174008 0.498441
938 -0.113999 0.978104 0.997846 1.02976 -0.829012 1.01518 -0.0101016 0.144408
491 0.102056 1.12488 0.509459 0.997972 -0.926866 1.3551 0.0369137 0.223836
688 -0.184238 1.17839 0.903966 0.960297 -0.641545 0.952863 -0.567755 0.20068
115 -0.134906 0.745584 1.07784 1.03995 -0.964411 1.07218 -0.0637021 0.226355
543 0.176561 0.973044 1.0317 0.920695 -1.06793 0.893099 -0.086592 -0.334813
716 -0.532243 1.00632 0.631509 1.03502 -0.980587 1.23835 -0.198509 -0.0380204
519 0.128927 1.60999 0.816705 1.10868 -0.578952 1.04722 0.306356 0.279061
520 0.124015 1.34557 1.03099 1.18243 -0.744932 1.05835 -0.0047746 0.103294
981 0.201061 0.870223 0.787374 1.01072 -0.794671 1.07393 -0.122527 0.041905
557 -0.0745177 0.836111 0.728308 1.22773 -0.927665 0.640549 0.143626 -0.260611
470 0.00334178 0.628433 0.626034 1.87434 -1.15908 0.872662 0.177579 -0.281055
103 -0.122679 0.900245 0.912884 1.46981 -0.905947 0.812532 0.184511 -0.022989
523 0.0203475 1.46336 0.824488 1.1753 -0.703447 1.15053 0.197799 0.105111
540 0.0925075 1.21502 0.813117 1.05688 -0.781016 0.979972 0.130327 -0.0404764
777 -0.317817 0.74722 0.568882 1.51115 -0.964134 0.736906 0.14664 -0.26406
288 -0.670402 1.306 0.749028 1.06542 -0.37723 1.32486 0.058498 -0.393965
499 -0.443154 1.07814 0.793967 0.928229 -0.385005 1.11571 -0.0332887 -0.126411
451 -0.0200211 1.07751 0.44607 1.175 -0.867699 1.07951 0.178098 0.102048
592 0.0124428 1.31022 0.434674 1.18056 -0.975935 1.52544 0.258283 0.316373
967 -0.0422884 1.19995 0.82114 1.11106 -0.932939 1.20661 0.0362692 -0.060399
439 0.0648727 1.34742 0.480459 1.00794 -0.893163 1.46422 0.269922 0.306809
823 -0.132672 0.701753 0.682045 1.5358 -0.969156 0.793175 0.0342074 -0.0876928
147 0.671197 0.800986 0.865795 1.10568 -0.943757 1.21789 -0.401688 -0.0762905
119 -0.0233521 0.605039 1.09367 0.958177 -0.846331 1.09759 -0.170934 0.231872
991 0.0127821 0.844227 0.776573 1.04929 -0.852963 1.03798 -0.116405 -0.0447595
53 0.2951 1.17483 1.43024 0.754955 -1.27828 0.837929 -0.0893959 -0.602162
422 -0.438335 1.08595 0.800295 1.23562 -0.595945 1.21086 0.0177266 -0.318834
574 -0.522739 1.20631 0.737965 0.989006 -0.402437 1.22262 -0.069851 -0.250771
864 -0.333687 1.06901 0.846885 0.925435 -0.46087 0.991289 -0.385487 -0.118896
200 -0.284932 1.12368 1.09522 0.964889 -0.417953 0.785787 -0.67326 -0.0433812
868 -0.310472 1.18001 0.714806 1.1138 -0.810346 1.11388 -0.0346136 -0.080453
306 -0.409997 1.08105 0.558396 1.18339 -0.599949 0.986988 0.0891771 -0.213769
740 0.427758 0.769359 0.751317 1.03975 -0.890633 1.18783 -0.30959 -0.121337
42 -0.157963 1.1098 1.00941 0.6828 -0.921119 0.770643 0.0372225 -0.447899
544 -0.0271644 1.05316 0.98302 0.735944 -1.06536 0.719173 -0.0228408 -0.317359
39 0.0222809 1.05406 1.12455 0.645278 -1.12451 0.697465 0.0440928 -0.424287
810 0.0149673 0.972012 1.15429 0.915334 -1.16894 0.903768 0.112395 -0.294862
377 0.11308 0.912608 0.694833 0.942075 -0.772826 0.913132 -0.0646139 0.0190058
669 0.029189 1.31403 0.773756 1.02539 -0.601715 0.96494 0.279969 0.0213265
995 -0.000452325 1.42746 0.960272 1.15989 -0.847286 1.12805 0.0931952 0.116819
693 -0.147803 0.987034 0.956582 1.02791 -0.770309 0.755494 -0.600688 0.16373
865 0.028802 1.21396 0.518175 0.953125 -1.03342 1.27376 -0.269318 0.258658
913 -0.0229177 1.23604 0.542271 0.911549 -1.10197 1.36509 -0.267348 0.252557
615 -0.435756 0.929583 0.608881 1.25482 -0.989893 0.989168 -0.0770186 -0.19594
296 -0.659575 1.26636 0.65426 1.11131 -0.463193 1.297 -0.064739 -0.340141
305 -0.606531 1.39403 0.801214 1.13152 -0.484969 1.18325 -0.0170352 -0.357641
411 -0.655832 1.3934 0.68718 1.1482 -0.402752 1.43179 0.100048 -0.295548
787 -0.0565741 0.888874 1.03895 1.01531 -0.782196 1.01926 -0.162747 0.247699
117 0.155184 0.530378 1.1337 1.06427 -0.833732 1.21027 -0.110343 0.411424
109 -0.00554987 0.800056 1.14463 1.11118 -0.908164 1.15965 -0.16623 0.263103
165 0.329572 0.775705 0.75728 1.00531 -0.941183 1.15453 -0.126924 -0.065035
911 -0.0306573 0.789105 0.681416 1.32019 -1.02841 0.850518 0.0364212 -0.14474
676 0.0133001 1.05642 0.833835 1.00259 -0.748813 0.897724 0.0755849 0.158202
111 -0.0979309 1.09043 0.856893 1.03066 -0.709945 1.08929 0.0726539 0.0838569
152 0.492295 0.710696 0.85233 0.956737 -0.937158 1.19572 -0.301246 -0.0996658
525 0.0211371 1.17168 0.825674 1.07856 -0.670113 0.93001 0.192996 -0.00355849
430 -0.511293 1.07847 0.81107 0.845473 -0.528076 1.03466 0.00391989 -0.349405
973 -0.224401 1.43027 0.810515 1.0624 -0.665283 1.21044 0.0585652 0.0988426
507 -0.583326 1.13065 0.746469 0.961814 -0.533928 1.23131 -0.0504842 -0.405943
914 -0.0296186 1.07179 0.484723 0.82608 -0.96128 1.13757 -0.142608 0.221925
234 -0.167138 1.20254 0.394706 0.928455 -0.994932 1.28174 -0.28489 0.426866
392 0.0211789 1.05827 0.987493 0.808991 -1.09667 0.759013 0.0355936 -0.341594
811 0.0428445 1.07232 1.09835 0.792188 -1.03992 0.648719 -0.141482 -0.316023
930 0.0113525 0.675192 1.12785 1.1288 -1.0368 1.25951 -0.174461 0.50295
314 -0.23208 0.810446 0.659956 2.11706 -1.16484 0.738063 0.296324 -0.221558
726 -0.289248 0.853379 0.655587 2.21399 -1.2392 0.76769 0.272203 -0.411935
656 0.381752 0.83874 0.943322 1.12279 -1.0348 1.31414 -0.310167 0.0776785
751 0.403364 0.793466 0.926498 0.923923 -0.972203 1.14156 -0.173272 0.0199808
137 0.709502 0.813178 1.01965 1.08322 -1.21318 1.39848 -0.330599 -0.333285
371 0.474566 0.950543 0.889015 1.0422 -0.957356 1.25805 -0.224212 -0.0766094
945 -0.122457 1.19017 0.480345 0.864674 -1.05297 1.30627 -0.301324 0.416821
258 0.221748 0.819257 0.924088 0.827109 -0.76598 1.05886 -0.455025 -0.0279713
399 0.651412 0.75677 0.831742 1.16346 -1.00332 1.35402 -0.292406 -0.0867893
427 -0.271315 1.38972 0.758572 1.03424 -0.489803 1.04464 0.151969 -0.113879
412 -0.314416 0.526211 1.457 1.03227 -0.904675 1.0974 -0.250682 0.430027
580 -0.144013 0.633452 1.32436 1.0669 -0.837949 1.13479 -0.18455 0.254461
30 0.0516809 1.17234 1.1568 0.670859 -1.30756 0.741976 0.0462318 -0.496363
541 -0.00429437 1.14664 1.03016 0.815394 -1.17216 0.877973 -0.0409714 -0.288888
26 -0.168535 1.29715 1.13297 0.813845 -1.03495 0.90215 0.123037 -0.609854
919 -0.0821437 1.26821 0.708541 0.947397 -1.08125 1.35456 0.356243 -0.105241
723 -0.438065 0.909306 0.613838 1.00847 -0.864491 1.04393 -0.277417 -0.08647
828 -0.690446 1.10526 0.576184 1.09312 -0.695586 1.17262 -0.276325 -0.159123
417 -0.566284 1.21932 0.806551 0.899716 -0.426465 1.32367 0.0140377 -0.316597
965 -0.200316 0.704191 1.08778 1.20737 -0.957009 1.03144 0.0257086 0.211581
792 -0.185937 0.623284 1.26639 1.14705 -0.825691 1.09932 -0.0671814 0.365346
121 -0.110295 0.682786 1.07117 0.895235 -0.865991 1.01972 -0.0586099 0.214255
420 -0.286461 0.964328 1.03066 1.14185 -0.826671 1.18243 -0.015315 0.0881237
932 0.0596492 1.14983 0.534343 0.859107 -0.950498 1.29899 -0.255164 0.325683
902 -0.0754789 1.12008 0.626125 0.910681 -0.916213 1.11175 -0.190659 0.23604
812 -0.0791082 1.0621 0.50389 0.832101 -0.963959 1.13329 -0.32852 0.291044
956 -0.187838 1.19882 0.563331 1.02051 -1.01415 1.33033 -0.222989 0.292389
917 0.0600934 0.949711 0.963286 0.754296 -1.07806 0.713462 0.0618796 -0.402262
66 0.0301681 0.944582 1.2169 0.657471 -1.06212 0.66162 -0.064774 -0.306756
346 -0.182094 1.28029 1.1652 0.998669 -0.747862 0.89115 -0.59527 0.116719
32 -0.0632778 1.0205 1.21933 1.03484 -1.29875 0.62544 0.0931788 -0.484059
62 0.131505 0.999723 1.2355 0.816052 -1.11441 0.774018 -0.0698654 -0.353818
123 -0.0481958 0.822716 0.980699 0.995861 -0.825623 0.958876 -0.0700022 0.328916
383 0.0505855 1.31526 0.960622 0.537819 -1.31855 0.911352 -0.0651757 -0.352384
141 0.622052 0.831971 0.659488 1.03947 -0.929055 1.42154 -0.285126 -0.0135483
829 -0.331327 0.830236 1.11197 1.02392 -0.855223 1.21693 -0.061703 0.156195
738 -0.247081 0.716859 0.529534 1.475 -1.05191 0.751607 0.117751 -0.216344
190 -0.110792 1.15138 1.22079 0.993969 -0.517403 0.747959 -0.872993 0.200459
993 -0.0862911 1.34518 0.890535 1.2631 -0.901649 1.16936 0.118667 0.0476964
955 0.00419393 1.32125 0.891114 1.17043 -0.792553 1.04521 0.0347137 0.0947964
112 -0.198565 0.55748 1.05662 0.988794 -0.849747 1.01634 -0.104042 0.368501
452 -0.129655 1.39499 0.655618 1.1895 -0.856854 1.3376 0.0942188 0.00355481
553 -0.14504 0.779642 0.639812 1.41077 -0.887264 0.718149 0.216453 -0.226061
853 -0.0118664 1.07233 0.926583 0.940114 -0.693574 0.86076 -0.412279 0.0691844
46 -0.00266792 0.974349 1.02239 0.842002 -1.00743 0.892558 -0.0463724 -0.0722483
871 -0.0608005 0.766557 1.15585 0.950753 -0.912348 1.11316 -0.0722247 0.201048
102 -0.0526166 0.55471 1.06524 0.914998 -0.857411 1.00804 -0.121002 0.380396
259 0.400388 0.839918 0.901277 0.946873 -0.935811 1.33185 -0.232986 -0.0373914
493 0.613119 0.90007 0.87189 0.957384 -0.816166 1.28008 -0.163654 0.00516044
722 -0.606287 0.940696 0.576918 0.985695 -0.808683 1.12952 -0.109055 -0.050435
735 -0.647275 1.1501 0.644178 1.083 -1.01727 1.25342 -0.2954 -0.116054
801 -0.112777 1.12331 0.448117 0.940639 -0.890688 1.26256 -0.195187 0.388097
750 -0.294379 0.881577 0.607888 1.05547 -1.03996 0.931348 -0.215717 -0.234752
160 0.407558 0.755423 0.847288 0.962453 -0.825605 1.23476 -0.204739 -0.0725692
266 0.439613 0.898327 0.895252 1.16786 -0.995084 1.39156 -0.226103 -0.116883
484 -0.175409 0.84294 0.791966 1.40254 -0.955821 0.841902 0.103333 -0.176439
480 -0.0288033 0.703718 0.726653 1.52686 -1.00378 0.801601 0.15434 -0.24463
330 -0.24911 0.837321 0.642646 1.38945 -0.887927 0.83331 0.0252762 -0.264555
877 -0.216174 1.02241 0.599906 1.0155 -0.750057 1.11387 -0.208625 0.220726
292 -0.639242 1.35014 0.872544 0.970915 -0.530813 1.17796 -0.00490731 -0.387759
714 -0.645871 1.02051 0.569126 0.94749 -0.989362 1.15167 -0.261843 -0.0874089
483 -0.0987118 0.680333 0.569953 1.38714 -0.986182 0.780982 0.22892 -0.218076
704 -0.142638 1.07156 0.878364 0.954917 -0.78723 0.85155 -0.466795 0.156999
228 -0.194249 1.49249 0.35374 0.840496 -0.929263 1.37657 -0.325436 0.634688
549 -0.445408 1.02348 0.6952 1.03417 -0.972956 1.0564 -0.159903 -0.220553
941 -0.131053 1.02428 0.692411 0.855843 -0.766118 0.996014 -0.351451 0.108784
92 -0.0567488 0.437277 1.26087 1.01823 -0.905485 1.10569 -0.0892486 0.500409
821 -0.170897 0.844892 0.713502 1.47061 -0.807621 0.761548 -0.0535861 -0.14029
568 0.356798 0.698821 0.972422 0.881551 -1.00497 1.05291 -0.187814 -0.126524
48 0.0210569 1.10825 1.03226 0.754134 -1.10391 0.709875 -0.0416523 -0.361006
844 -0.165639 0.869187 0.939907 0.992658 -0.808432 1.10736 -0.105828 0.113074
293 -0.662684 1.36082 0.542298 1.08652 -0.404502 1.22237 0.0290666 -0.202644
429 -0.459504 1.1725 0.803351 0.954827 -0.429518 1.20607 -0.0833493 -0.199032
978 -0.410205 1.23858 0.783199 1.04496 -0.589374 1.16162 -0.00635185 -0.178743
431 -0.442894 1.18597 0.767815 0.989155 -0.477861 1.10376 -0.199374 -0.146156
65 0.191293 1.11852 1.25856 0.628076 -1.28652 0.729326 0.0514235 -0.523027
721 -0.3964 0.902338 0.578851 1.00032 -0.920137 1.00402 -0.182219 -0.0394778
27 0.257753 1.05175 1.26778 0.90275 -1.29407 0.703335 -0.0440182 -0.608147
649 -0.145172 1.13369 0.397592 0.815064 -0.843293 1.08137 -0.248365 0.35568
673 -0.156277 1.01154 1.03598 1.07058 -0.808281 1.01528 -0.00108451 0.154904
725 -0.307628 0.623829 1.03042 0.975133 -0.907943 1.02912 0.0160627 0.150937
571 -0.629454 1.38928 0.826111 1.09214 -0.377858 1.43781 -0.0881613 -0.35326
302 -0.475402 1.18367 0.701012 1.02299 -0.450353 1.11603 -0.0384705 -0.180227
915 -0.153618 1.15672 0.657628 1.0132 -0.846116 1.264 -0.236284 0.109616
816 -0.104456 1.03495 0.573699 0.981072 -0.860939 1.06679 -0.131228 0.197431
472 -0.287144 0.726631 0.62606 1.82277 -1.06579 0.712648 0.22901 -0.305858
241 -0.148406 1.01363 0.41739 0.815877 -0.929735 1.18254 -0.225781 0.176664
405 0.0189151 0.993311 1.12474 1.02319 -0.71807 0.893953 -0.565924 0.1931
187 -0.195888 1.12852 1.17266 1.04862 -0.78641 0.971226 -0.563602 0.185982
465 0.162524 1.01367 1.05188 0.954497 -1.07191 1.17223 -0.0405218 -0.143333
262 0.26103 0.914243 0.819094 1.0619 -0.986464 1.26516 -0.298509 0.00225463
910 -0.0785242 0.981463 0.895224 1.05554 -0.787616 0.883626 -0.307419 0.0474782
78 0.0649253 1.05565 1.01351 0.702442 -0.926714 0.711639 0.0155241 -0.29695
939 -0.146021 1.19113 0.928529 0.77558 -0.876986 0.916155 0.00295358 -0.398881
573 -0.610833 1.27158 0.675106 0.972768 -0.5572 1.36962 0.0341757 -0.274865
835 -0.0361463 0.616123 1.11293 0.981703 -0.808617 0.906369 -0.182471 0.313951
526 0.0348581 1.25451 0.859679 1.00827 -0.653256 0.957968 0.17208 0.0281762
511 -0.125655 1.35205 0.7196 1.10316 -0.502673 1.09357 0.195578 -0.0566743
753 0.0294312 1.42983 1.01292 1.09117 -0.812371 0.992093 0.153977 -0.136079
732 -0.502845 1.06404 0.790686 0.839114 -1.16374 0.991306 -0.188591 -0.216462
947 0.446468 0.819793 0.863573 0.985132 -0.979591 1.24007 -0.291111 -0.0904303
989 0.0341138 0.908057 1.02026 1.22458 -1.02169 1.19072 -0.130407 0.0645231
895 -0.126535 0.818223 1.12411 0.998518 -0.942538 1.05214 -0.0760719 0.037331
197 -0.0652309 1.10868 1.16683 0.98132 -0.569291 0.741211 -0.834039 0.169286
657 0.372475 0.776882 0.845728 0.842609 -0.89762 1.21207 -0.346593 -0.114396
487 -0.165888 0.777481 0.705193 1.62718 -0.967213 0.731377 0.258357 -0.235961
304 -0.777946 1.4071 0.740439 0.890973 -0.451498 1.29171 -0.0126835 -0.537547
263 0.0962982 1.13813 0.763546 1.03864 -0.69806 1.0221 -0.0204032 -0.025929
531 0.117718 1.20856 0.807319 1.03656 -0.658346 0.955685 0.170828 -0.0995285
67 0.272897 0.787987 0.818017 0.823101 -0.889804 0.937063 -0.0980942 -0.156377
375 0.342657 0.793706 0.785007 0.992018 -0.851699 1.23402 -0.256166 -0.000130613
477 -0.219772 0.667704 0.697205 1.51262 -0.976165 0.784577 0.264899 -0.16238
406 0.530793 0.682695 0.807073 0.969124 -0.927237 1.22122 -0.312337 -0.0670625
407 0.193163 0.918764 0.750538 0.893069 -0.895246 1.21865 -0.146809 0.140289
529 0.0771421 1.26636 0.88059 1.1396 -0.815498 1.02237 0.0893723 0.0722946
530 -0.0481218 1.32366 0.806082 1.15578 -0.693531 1.05611 0.155438 -0.0592501
664 -0.00451534 1.61405 0.973457 1.50349 -0.618119 0.806969 0.248265 -0.0233126
501 -0.243129 1.20619 0.751997 0.961037 -0.588533 1.06535 0.0548882 -0.115002
802 -0.19651 1.12341 0.487119 0.947995 -0.952559 1.24774 -0.211996 0.179977
645 -0.233552 1.13059 0.512068 0.994441 -0.921024 1.08668 -0.0935863 0.133766
474 -0.271484 0.900413 0.630179 1.6646 -0.931692 0.751273 0.219218 -0.293624
149 0.415191 0.801362 0.668815 1.02205 -1.00937 1.40103 -0.305627 0.116905
950 -0.52269 1.17935 0.727067 1.17816 -1.03351 1.21072 -0.142928 -0.0932609
713 -0.530666 0.93549 0.710355 1.05409 -0.966328 1.1771 -0.208949 -0.0131144
489 0.515894 0.826344 0.755015 1.02189 -0.789464 1.22391 -0.248856 -0.121264
524 -0.0928532 1.43627 0.813269 1.02234 -0.616324 0.954892 0.182678 -0.0540885
937 -0.280223 0.949854 0.702525 0.949716 -0.823893 1.01456 -0.193213 0.00418929
960 -0.40021 1.01746 0.613997 1.19998 -0.967767 1.04341 -0.132704 -0.153856
140 0.632866 0.804088 0.81085 0.952306 -1.03292 1.44626 -0.30896 -0.0563919
113 -0.0741997 0.683069 1.24159 0.944164 -0.882384 0.876729 -0.151219 0.236405
485 -0.173585 0.76237 0.711016 1.46673 -1.00073 0.790464 0.219611 -0.239842
982 -0.0589879 1.25446 0.513535 0.897512 -0.955253 1.26902 -0.240948 0.320682
602 -0.137917 1.17852 0.744556 0.990347 -0.897702 1.24986 0.0885522 0.0174941
372 0.203179 0.927229 1.01117 1.03605 -0.976602 1.34198 -0.176189 -0.0419174
749 0.562467 0.646631 0.870214 1.02818 -1.02674 1.29625 -0.373466 -0.134583
559 -0.205381 0.867044 0.643313 1.34164 -0.805764 0.702122 0.118093 -0.0818661
643 -0.45031 0.978938 0.521873 0.903829 -0.944537 1.03395 -0.186642 0.0112227
678 -0.17488 1.10208 0.626798 0.954673 -0.547732 0.940922 0.204655 -0.0417276
758 0.0122949 1.35783 0.728233 1.10244 -0.602725 0.997186 0.166914 0.0816327
838 -0.0614976 1.29657 0.763028 1.24081 -0.721164 1.00969 0.128249 0.0889732
463 0.0268175 1.09345 1.13819 0.832811 -1.11191 0.735446 0.0186434 -0.359405
457 -0.0558665 0.833678 0.760999 0.904262 -0.752358 0.976945 0.0481992 0.208969
114 -0.115777 0.711716 1.25301 0.936793 -0.914513 1.02277 -0.0853814 0.252078
41 -0.0551457 1.15078 1.05923 0.806963 -1.08691 0.771283 -0.12417 -0.353641
359 -0.129266 0.955187 1.06413 0.984373 -0.763472 0.772132 -0.505215 0.113296
851 -0.0283996 1.29634 0.838468 1.08938 -0.728171 0.955391 -0.00427047 0.0769749
672 0.0969142 1.11433 0.790964 1.00103 -0.705734 1.04143 0.0774575 0.0595875
854 -0.0716349 1.15099 1.24193 0.955018 -1.06249 0.864695 0.034576 -0.511557
983 -0.172899 1.15598 0.902089 1.17931 -0.846171 0.965212 -0.333717 0.0877086
660 0.322909 0.844768 0.723586 0.864202 -0.685064 0.99825 -0.140056 -0.034663
75 0.247923 0.777855 0.896188 0.811347 -0.892006 1.02776 -0.226497 -0.121997
957 -0.0619031 0.964473 0.965681 1.03785 -0.53655 0.793061 -0.574754 0.126519
837 0.0210415 1.29053 0.851969 1.14813 -0.81601 1.03176 0.0950979 -0.00026472
355 -0.189496 0.802301 0.69242 1.47327 -0.860906 0.659331 -0.0457342 -0.129767
297 -0.483866 1.31133 0.728263 1.13531 -0.653154 1.23352 0.0400715 -0.294188
36 0.0972243 1.3148 1.21952 0.73617 -1.1309 0.744274 0.0732342 -0.49589
156 0.103415 0.783696 0.638179 1.65202 -1.12526 0.814549 0.218068 -0.203735
521 0.424002 0.803266 0.853598 1.05246 -0.906169 1.31163 -0.150884 -0.011105
658 0.29696 0.85634 0.850442 0.956904 -1.02204 1.19146 -0.148877 -0.132726
164 0.421124 0.644392 0.777007 1.05203 -0.905106 1.21907 -0.219227 -0.0920646
908 -0.523965 0.958491 0.613545 1.00857 -0.875457 1.00188 -0.190137 -0.0920804
925 0.0231326 1.16519 0.669297 0.989804 -0.869974 1.26149 0.202012 0.080759
590 -0.0877539 0.91017 1.10787 1.10632 -0.920723 1.04923 0.0048168 0.169639
542 -0.00715119 1.16531 1.1022 0.824395 -1.14107 0.598116 0.147612 -0.4646
920 0.00189905 0.925147 0.932972 0.712883 -0.90286 0.650761 0.0740401 -0.309645
737 -0.269126 0.990528 0.625125 0.995343 -0.919019 1.07735 -0.173802 -0.0535224
601 0.107158 1.04227 0.682044 0.932494 -0.833881 1.19643 0.0162149 -0.0401338
867 -0.03169 1.16461 0.633109 0.876736 -0.998938 1.07551 -0.221918 0.23638
607 -0.0189106 1.15511 0.530604 1.05973 -0.917224 1.21545 0.040979 0.151842
261 0.391558 0.856883 0.623409 0.873278 -0.871022 1.42755 -0.360894 0.0626993
786 -0.151824 0.684008 1.14885 0.916183 -0.787158 0.974228 -0.0659044 0.250678
269 0.363895 0.766135 0.800528 0.90822 -0.790886 1.11082 -0.322589 -0.00140157
670 0.00050423 1.44787 0.900931 1.07411 -0.71336 1.03391 0.190797 -0.0392128
512 -0.540387 1.36216 0.70686 1.05477 -0.413761 1.19779 0.0130963 -0.304783
603 -0.139968 1.22917 0.667447 1.08312 -0.858627 1.3261 0.107108 0.0419049
71 0.0127376 1.05533 1.04066 0.787291 -1.00002 0.814898 -0.0204663 -0.351936
894 -0.164376 0.857791 0.891661 1.0376 -0.854377 1.06849 -0.0553783 0.160574
421 -0.729442 1.36637 0.75815 1.03085 -0.434291 1.35723 0.0239508 -0.413853
661 0.431318 0.676063 0.811293 0.921628 -0.801351 1.06285 -0.468349 -0.0592718
73 0.0693564 0.936267 0.981977 0.823626 -1.07288 0.602031 0.0986149 -0.357138
605 -0.0781481 1.15725 0.682838 1.03988 -0.711864 1.0363 0.111736 0.0213106
606 0.0207163 1.12565 0.61439 0.942086 -0.664365 1.17993 -0.0778245 0.175108
107 -0.103782 0.702107 1.29323 0.965703 -0.888422 1.14772 -0.0821798 0.404481
303 -0.464449 1.13394 0.726011 1.00706 -0.553883 1.13664 -0.0860645 -0.209409
118 -0.0654158 0.640037 1.1518 0.924172 -0.77474 1.00092 -0.0970853 0.328451
64 0.0193618 1.3289 0.802711 0.92958 -0.723928 0.887083 0.174544 -0.0117369
788 -0.222802 0.779288 1.03689 0.918251 -0.806966 1.06328 -0.0981886 0.0896642
157 0.485067 0.839834 0.895664 0.958649 -0.932829 1.35444 -0.291689 -0.0289366
600 -0.012572 0.983653 0.620615 1.01146 -0.885447 1.11739 0.075131 0.242953
815 -0.0651852 0.959745 0.617168 0.867205 -0.784584 1.06098 -0.256101 0.323198
43 0.00972411 0.699838 1.14347 0.739381 -0.879482 0.810769 -0.0233903 0.00826717
623 -0.0816585 0.946506 0.955556 0.973075 -0.966824 0.700209 0.0104902 -0.320618
766 -0.192442 1.12886 0.465186 0.859276 -0.859211 1.15109 -0.35949 0.449431
839 -0.0248652 0.933243 0.979723 0.990884 -0.816399 1.0442 -0.0265505 0.0828432
936 -0.557569 0.984381 0.593363 0.998635 -0.939521 1.03663 -0.258367 -0.184125
943 -0.427922 1.08141 0.78766 1.09085 -0.985493 1.0391 -0.193897 -0.129562
100 -0.122418 0.805171 1.24203 1.06515 -0.938315 1.10249 -0.0970434 0.263664
898 -0.0496804 0.848954 0.802219 1.31891 -1.03664 0.875444 0.0637564 -0.262275
246 -0.0522814 1.12936 0.344028 0.891863 -0.978445 1.27566 -0.0896928 0.36615
980 0.22255 0.9006 0.831942 0.937796 -0.959634 1.19578 -0.145393 0.0179675
389 -0.0605121 0.828735 0.858671 1.20771 -1.17889 0.74224 0.17872 -0.334223
931 -0.124524 0.929133 0.989968 1.1347 -0.866075 1.176 -0.13289 0.1092
575 -0.424354 1.2818 0.727162 1.00388 -0.646118 1.30145 -0.0977937 -0.217796
884 -0.0297332 0.966029 0.802312 1.46734 -0.96155 0.939757 0.0773262 -0.0980097
694 -0.208391 1.00044 1.15178 1.07239 -0.764357 0.948068 -0.472379 0.268704
699 -0.146915 1.09685 1.10634 0.996696 -0.808612 0.833594 -0.549016 0.153988
473 -0.306219 0.869483 0.700805 1.54964 -0.935058 0.946463 0.154869 -0.33131
703 0.091595 1.00235 1.02336 1.11777 -0.896077 1.01643 -0.359475 0.101389
762 -0.0499919 1.08259 0.487183 0.893212 -0.804683 1.16115 -0.11063 0.356592
587 -0.0462662 0.830619 1.03625 1.06983 -0.885239 1.10984 -0.0838987 0.17555
196 -0.0794271 1.0127 0.82981 0.943619 -0.637911 0.894883 -0.549298 0.187144
654 -0.278311 1.01697 0.615945 1.04129 -0.909798 1.12611 -0.0377093 -0.0200912
163 0.377831 0.700538 0.83677 0.834046 -0.865174 1.07626 -0.327656 0.0271826
