1000 4
339 -1.08407 -2.01875 -0.727639 -1.84215
279 -1.48831 -2.4001 -0.681504 -1.09108
276 -1.7564 -2.39867 -0.72083 -0.989363
284 -1.57446 -2.17201 -0.758293 -0.884834
497 -1.44836 -2.00653 -0.560396 -0.81302
294 -1.44159 -1.83935 -0.62987 -0.961997
290 -1.56328 -2.09142 -0.48899 -1.02312
271 -1.80818 -2.54148 -0.757443 -1.22258
945 -1.20268 -1.65556 0.21755 -1.3392
816 -1.14994 -1.38443 0.139464 -1.32616
225 -1.06704 -1.61271 0.174601 -1.29152
211 -1.12852 -1.89332 0.130995 -1.23428
272 -1.90539 -2.65458 -0.878442 -1.1769
506 -1.38528 -1.8549 -0.520373 -1.00676
227 -1.41613 -1.71024 0.106454 -1.42057
509 -1.41947 -1.84869 -0.4947 -0.946502
423 -1.45273 -1.90897 -0.455743 -0.984586
306 -1.30771 -1.65909 -0.443801 -1.1898
508 -1.41727 -1.40952 0.0330354 -1.15932
447 -1.42583 -1.39831 0.0643452 -1.38938
464 -0.78828 -1.54553 -0.0896461 -1.69187
3 -0.895091 -1.80055 -0.067785 -2.64869
21 -0.825901 -1.59493 -0.395084 -2.27476
388 -0.907504 -1.45867 0.0569238 -1.80114
142 -1.81946 -1.25111 0.729062 -0.988308
141 -1.97758 -1.30905 0.71879 -1.25364
879 -1.24154 -1.72064 0.093136 -1.37619
74 -0.866332 -1.63745 0.113066 -1.26073
617 -0.973743 -1.76947 -0.0791428 -1.40928
964 -1.32138 -1.74736 0.264776 -1.12816
994 -1.34282 -1.69154 0.241175 -1.29426
224 -1.2007 -1.91736 -0.00613171 -1.04736
91 -1.43766 -1.74884 0.645254 -1.11696
173 -1.02872 -1.7197 -0.386653 -1.60982
594 -1.87259 -1.1314 0.21801 -1.44149
591 -1.71515 -1.12825 0.223109 -1.65634
440 -1.63271 -1.17392 0.272352 -1.52966
439 -1.55565 -1.17378 0.217902 -1.40858
134 -2.02049 -1.18045 0.0463364 -1.42158
648 -1.3278 -1.21774 0.222856 -1.13976
122 -1.47246 -1.25552 0.419139 -1.10189
435 -2.04477 -1.19197 0.286672 -1.57616
453 -1.41155 -1.0159 0.224562 -1.36872
436 -1.96631 -1.03507 0.273557 -1.53423
560 -1.9281 -1.50753 0.318029 -1.03595
132 -2.33673 -1.55981 0.941976 -1.36556
248 -2.15126 -1.24059 0.743573 -1.15138
13 -1.98031 -1.43889 0.925373 -1.30036
106 -1.7092 -1.49019 0.714514 -1.10085
265 -1.78086 -1.29237 0.535343 -1.09109
127 -2.36029 -1.38759 0.775599 -1.54166
143 -1.82621 -1.3696 0.678716 -1.10453
125 -2.24006 -1.6323 1.10635 -1.51119
126 -1.08595 -1.8155 -0.339276 -1.6367
745 -1.35168 -1.09452 -0.0110274 -1.58139
890 -1.3232 -1.32123 -0.0103902 -1.55333
746 -1.1636 -1.11052 0.0436467 -1.49603
17 -0.954246 -1.46421 -0.101826 -2.05937
0 -0.881596 -1.87339 0.0988083 -2.45096
5 -0.963366 -1.66533 -0.13617 -2.21965
542 -0.907139 -1.35987 -0.215198 -1.51444
664 -2.01911 -1.26601 -0.705468 -1.61958
754 -2.15109 -1.4542 -0.636792 -1.11481
512 -1.43946 -1.88847 -0.634033 -0.751109
12 -1.00862 -1.60907 0.132087 -2.10445
811 -0.85906 -1.38202 0.0530188 -1.51246
58 -0.796485 -1.63154 -0.236705 -1.96578
80 -1.50273 -2.27388 0.906038 -1.03361
83 -1.3472 -2.21226 0.743507 -1.05644
780 -1.31562 -1.69704 0.788845 -1.09925
68 -0.702933 -1.53977 0.0941719 -1.63533
2 -1.11215 -1.49693 0.0686481 -1.97731
1 -0.990431 -1.68555 -0.169979 -2.40399
78 -0.804735 -1.25563 -0.0324804 -1.38798
753 -1.9807 -1.24561 -0.452163 -1.30699
64 -1.5809 -1.04234 -0.42883 -1.28535
220 -2.0104 -1.269 -0.581401 -1.27847
903 -1.06329 -1.33302 -0.0494031 -1.08712
934 -1.24889 -1.21195 0.0968057 -1.66626
327 -1.32652 -1.2017 0.177727 -1.77545
860 -1.08385 -1.5057 -0.297566 -1.46172
191 -1.08629 -1.47121 -0.348653 -1.63435
308 -1.67301 -1.12372 0.387417 -2.44187
336 -1.37393 -1.28775 0.245362 -1.63459
326 -1.32002 -1.03314 0.2112 -1.8181
9 -0.845719 -1.82677 -0.247765 -2.35159
872 -1.28619 -1.24593 0.219358 -1.6728
884 -1.74433 -1.2062 0.142338 -1.29964
408 -1.72006 -1.19794 0.612752 -1.12562
366 -1.83093 -1.33687 0.746046 -1.19891
128 -2.4157 -1.35473 0.73617 -1.3112
365 -1.96714 -1.23157 0.658693 -1.193
661 -1.43543 -1.07972 0.509314 -0.917241
81 -2.04389 -1.65382 0.820383 -1.3172
375 -1.91951 -1.24869 0.570153 -1.08684
231 -1.06932 -1.6828 0.0392781 -1.3336
799 -1.23014 -1.78227 0.0223377 -1.17738
221 -1.28011 -1.8754 -0.00476038 -1.24532
210 -1.17598 -2.09977 0.320068 -1.22802
771 -1.16836 -1.61972 0.102669 -1.18035
641 -1.0664 -1.72041 0.183254 -1.25235
88 -1.08186 -2.26669 0.418043 -1.26625
215 -1.17191 -1.84039 0.239575 -1.3447
15 -0.931751 -2.06241 0.166967 -1.4673
646 -1.07381 -1.50131 0.237265 -1.01019
796 -1.29889 -1.51696 0.58107 -1.01653
949 -1.24891 -1.75472 0.50332 -1.10314
113 -1.18493 -1.52161 0.565866 -1.24517
79 -1.62941 -2.42152 1.03643 -1.08106
94 -1.30826 -1.80351 0.444201 -0.945308
107 -1.41916 -1.69485 0.364215 -0.96136
856 -1.44049 -2.01763 0.79209 -0.876774
86 -1.38946 -2.04377 0.888733 -1.04932
154 -1.39642 -1.44629 0.665336 -1.04404
133 -2.21152 -1.42847 0.848707 -1.41384
258 -1.43509 -1.19332 0.54748 -0.937778
250 -1.8628 -1.15022 0.600197 -1.23806
129 -2.38316 -1.64772 0.956075 -1.30743
563 -1.85227 -1.31645 0.638514 -1.07727
372 -1.77684 -1.47489 0.48652 -1.22224
515 -2.44689 -1.29713 -0.679419 -1.5199
662 -2.49818 -1.48662 -0.671245 -1.50466
540 -1.92757 -1.10114 -0.451348 -1.10486
995 -2.26996 -1.48163 -0.521956 -1.18081
758 -2.19336 -1.46609 -0.639569 -1.07964
519 -2.22719 -1.36441 -0.541572 -1.13692
111 -1.92817 -1.40455 -0.30481 -0.998917
492 -1.9475 -1.22761 -0.093155 -1.11762
868 -1.24248 -1.80107 -0.479318 -0.997517
292 -1.60426 -1.9905 -0.794055 -1.12587
37 -0.839342 -1.39351 -0.309007 -1.48091
462 -1.05481 -1.66621 -0.473696 -1.02996
273 -1.92771 -2.71525 -0.68609 -1.00757
410 -1.69096 -2.57784 -0.75331 -1.19781
415 -1.42302 -2.08329 -0.67554 -1.10155
767 -1.26292 -1.51231 -0.0329526 -1.19572
170 -0.909592 -2.09457 0.00934853 -1.48851
770 -1.3451 -1.59335 0.0743295 -1.29603
717 -0.649867 -1.96734 0.475715 -1.34035
705 -0.827635 -2.88537 1.00102 -1.72537
724 -1.10221 -1.87101 0.222158 -1.27057
734 -0.894455 -1.91065 0.315105 -1.30872
952 -1.35737 -2.00795 -0.38125 -1.05869
496 -1.62007 -2.41832 -0.693946 -0.997918
991 -1.60837 -1.33548 0.492251 -1.13492
262 -1.70357 -1.36683 0.56773 -1.18461
139 -2.10687 -1.3534 0.951028 -1.38477
399 -1.80369 -1.18247 0.821848 -1.27127
11 -1.59754 -1.07311 0.524129 -2.31234
131 -1.86373 -0.966099 0.126223 -2.30564
555 -1.47543 -1.08064 0.331292 -1.68673
565 -1.61584 -1.19531 0.531312 -1.03983
396 -1.80403 -1.19243 0.588973 -1.2923
69 -1.07527 -1.75151 -0.714408 -1.03365
182 -1.27179 -1.87174 -0.641085 -1.48478
957 -1.10911 -1.53657 -0.238212 -1.21854
909 -1.16582 -1.8258 -0.233522 -1.52862
343 -1.044 -1.50223 -0.306461 -1.42497
657 -1.44295 -1.36166 0.764961 -0.961543
148 -1.77308 -1.35782 0.678453 -1.11805
144 -2.05154 -1.36302 0.697555 -1.17962
403 -1.83715 -1.20666 0.537528 -1.04753
251 -2.07413 -1.22058 0.843205 -1.16438
368 -1.75557 -1.39625 0.564395 -1.04242
398 -1.80559 -1.45813 0.781955 -0.984824
347 -1.19063 -1.33823 0.142563 -1.32802
168 -1.186 -1.83672 -0.686713 -2.02778
169 -1.13609 -1.97162 -0.556404 -1.81484
681 -1.18783 -1.79129 -0.530475 -1.84012
194 -0.871673 -1.50802 -0.151736 -1.3463
175 -1.0042 -1.74661 -0.376964 -1.5367
340 -1.12354 -1.72009 -0.463943 -1.99713
864 -1.07265 -1.40987 -0.366496 -1.36955
929 -0.979471 -1.45779 -0.0708499 -1.31983
905 -0.920979 -2.15024 0.696304 -1.548
731 -0.771909 -2.01534 0.598686 -1.359
547 -0.674551 -2.04482 0.530092 -1.4979
721 -0.703724 -1.73867 0.429702 -1.12127
54 -0.589968 -2.27814 0.426363 -1.54638
906 -0.950185 -2.03506 0.426533 -1.35898
394 -1.05997 -2.05641 0.910862 -1.4343
733 -0.957564 -1.80927 0.709056 -1.24231
242 -1.10362 -1.67441 -0.0200714 -1.40377
393 -0.966324 -1.3618 -0.0433346 -1.60593
915 -1.23793 -1.53759 0.0142173 -1.30881
747 -1.27727 -1.56602 0.300041 -1.6137
640 -1.14719 -1.70611 0.142542 -1.31751
974 -1.54623 -1.66875 0.144823 -1.28407
28 -0.822275 -1.42478 -0.393534 -1.86272
10 -0.855749 -1.51843 0.255349 -2.0625
513 -2.57089 -1.34609 -0.79209 -1.4805
885 -1.76843 -1.16109 -0.347666 -0.969364
883 -1.6926 -1.19589 -0.572454 -1.10787
50 -2.4195 -1.34251 -0.446129 -1.44477
571 -1.54814 -2.22879 -0.66388 -0.906118
670 -1.92718 -1.30047 -0.603604 -1.18157
663 -2.78195 -1.46221 -0.670103 -1.34694
529 -2.06561 -1.33968 -0.15544 -0.990052
514 -2.4269 -1.35313 -0.583166 -1.46283
675 -1.84482 -1.13737 -0.366209 -1.04317
896 -2.00408 -1.3953 -0.461203 -1.08303
665 -2.16462 -1.39489 -0.602042 -1.19645
633 -1.52383 -1.12699 0.0637722 -1.19256
434 -2.03131 -1.03681 0.117482 -1.82923
626 -1.66073 -1.26293 0.256205 -1.64219
521 -1.96994 -1.17926 0.579378 -1.12944
165 -1.76085 -1.18867 0.573302 -1.0667
625 -0.738878 -1.55577 0.0392028 -1.67485
390 -0.835402 -1.24975 -0.0421 -1.75832
404 -1.81237 -1.15016 -0.091881 -1.04848
469 -1.44095 -1.77951 0.628431 -1.15329
379 -1.3256 -1.29734 0.660183 -0.774432
578 -1.42049 -2.14739 0.954366 -0.995296
85 -1.46814 -1.87021 0.68282 -1.18814
61 -1.20487 -1.63559 0.497746 -1.22028
790 -1.34356 -1.7347 0.82017 -0.97925
965 -1.38839 -1.68813 0.350603 -1.14911
582 -1.42534 -1.84922 0.568564 -0.960763
996 -1.25055 -1.57711 0.37125 -1.14173
52 -0.87946 -1.70482 -0.235152 -2.07049
53 -0.903171 -1.56613 -0.0401868 -2.17376
690 -0.913094 -1.5734 -0.304557 -1.67376
701 -0.961964 -1.55828 -0.360025 -1.54685
184 -1.11104 -1.56381 -0.324815 -1.53182
178 -1.06291 -1.69138 -0.368044 -1.58533
912 -1.26613 -1.91569 -0.0764052 -1.41783
723 -0.857285 -1.76707 0.5705 -1.18876
751 -1.75684 -1.24054 0.614813 -1.05054
402 -1.92255 -1.31021 0.825527 -1.10318
268 -1.42491 -1.09334 0.306343 -0.801252
283 -1.52595 -2.20387 -0.534534 -0.915483
897 -1.40118 -1.93124 -0.563604 -1.04168
556 -1.12369 -1.23436 -0.222141 -1.48645
862 -1.08898 -1.61749 -0.378212 -1.61968
331 -1.24385 -1.05586 0.202839 -1.68976
314 -1.56008 -1.01563 0.287572 -2.09494
604 -1.45204 -1.20908 0.189775 -1.50236
444 -1.71137 -1.12668 -0.0401759 -1.29275
433 -1.87112 -1.29526 -0.0057316 -1.57187
603 -1.56567 -1.50346 -0.129434 -1.23199
57 -0.902656 -1.4733 -0.0339115 -2.05539
14 -0.919799 -1.54775 -0.175157 -2.18314
930 -1.51333 -1.74437 0.842677 -0.999309
166 -1.71279 -1.48645 0.771025 -0.999446
164 -1.81968 -1.22669 0.705813 -1.12404
189 -1.14018 -1.55665 -0.433837 -1.30323
197 -1.07077 -1.60416 -0.456993 -1.56311
360 -1.08155 -1.65799 -0.248973 -1.66284
350 -0.984916 -1.39997 -0.229053 -1.45474
923 -1.09445 -1.58359 -0.0668614 -1.3647
19 -1.27284 -1.60598 -0.437443 -1.68406
692 -1.04008 -1.54495 -0.220545 -1.43855
411 -1.61141 -2.09583 -0.671386 -1.02753
255 -1.2678 -1.70787 -0.30762 -0.8837
286 -1.4123 -2.11747 -0.705824 -0.943147
304 -1.22349 -1.78179 -0.330981 -1.00054
975 -1.3296 -1.65461 0.445107 -1.14857
841 -1.47455 -1.71697 0.551232 -1.2134
442 -1.44995 -1.27363 0.314109 -1.51259
432 -2.02646 -1.13795 -0.00562279 -1.65704
437 -2.39128 -1.31183 -0.448906 -1.13329
516 -0.992481 -2.1688 0.594392 -1.40092
712 -0.754629 -1.90745 0.609119 -1.42139
332 -1.1814 -1.14293 0.269565 -1.60802
467 -1.71763 -1.07501 0.135505 -2.14997
750 -0.944252 -1.55282 0.572589 -1.17062
695 -0.83726 -2.15643 0.468006 -1.39417
715 -0.787305 -1.73194 0.559946 -1.2138
443 -1.67729 -1.17969 0.141311 -1.45324
457 -1.42654 -1.25448 0.330096 -1.08548
831 -1.10519 -1.10307 0.355917 -1.60494
976 -1.3244 -1.30372 0.465576 -1.82952
899 -1.3317 -1.27128 0.101704 -1.47014
252 -1.70142 -1.32779 0.765141 -1.326
89 -1.19899 -1.95529 0.61666 -1.22371
401 -1.31594 -1.5112 0.712254 -1.10168
713 -1.05733 -2.04681 0.671465 -1.37272
732 -0.68569 -1.8723 0.374659 -1.67429
652 -0.883428 -1.73908 0.490894 -1.15
904 -0.735874 -2.11048 0.503443 -1.44969
944 -0.825097 -1.69503 0.248954 -1.33934
33 -0.733493 -1.73516 0.316411 -1.66306
959 -1.18894 -1.64696 -0.0594011 -1.12719
300 -1.25799 -1.94939 -0.588652 -0.851684
837 -2.13942 -1.12916 -0.277168 -1.08994
520 -2.37508 -1.27443 -0.4658 -1.3191
525 -1.98103 -1.17101 -0.469999 -1.17359
606 -1.28465 -1.13434 0.0984769 -1.20117
441 -1.66087 -1.12666 -0.0240567 -1.39556
629 -1.4213 -1.09736 0.112774 -1.53605
161 -1.53739 -1.17907 0.51129 -0.925081
95 -1.27297 -1.8176 0.589004 -0.889485
397 -1.5704 -1.64837 0.643533 -0.683988
414 -1.6625 -1.98004 -0.464472 -0.980329
973 -1.53431 -1.3745 -0.138224 -1.18435
254 -1.70247 -1.40676 0.0058729 -1.16925
669 -2.19037 -1.17002 -0.518118 -1.05427
728 -0.831584 -2.23437 0.543801 -1.22171
826 -1.13102 -1.84749 0.668597 -1.31964
719 -0.953476 -2.05343 0.367648 -1.34315
763 -1.25966 -1.14678 0.149085 -1.25544
362 -1.88967 -1.03681 0.330989 -1.39643
597 -1.34755 -1.37224 0.383712 -1.28408
450 -1.55128 -1.15009 0.117851 -1.44441
986 -1.6781 -1.46482 0.0731126 -1.43148
345 -1.5276 -1.36997 -0.119862 -1.2765
342 -1.08775 -1.76389 -0.467682 -1.95382
45 -0.736838 -1.34495 -0.0893519 -1.69464
270 -1.16753 -1.26491 -0.0542908 -1.26666
181 -1.12362 -1.76932 -0.255822 -1.51129
186 -1.1201 -1.67863 -0.178013 -1.61076
438 -1.29647 -1.47266 -0.442903 -1.66574
418 -1.54053 -1.94506 -0.720386 -0.94133
280 -1.57711 -2.22 -0.831956 -1.0982
20 -0.877484 -1.70113 -0.383846 -2.11395
546 -1.01151 -1.37764 -0.0542134 -1.62905
26 -0.926854 -1.57663 -0.397807 -1.69589
859 -1.1409 -1.71712 -0.311944 -1.77996
807 -1.20292 -1.56756 0.169355 -1.22186
630 -0.97442 -1.61708 0.598288 -1.42828
637 -0.768077 -2.22659 0.52544 -1.44288
714 -0.738146 -2.05958 0.641092 -1.42718
706 -0.771531 -2.68642 0.704596 -1.735
667 -0.99324 -2.00232 0.163951 -1.26111
718 -0.807179 -1.67519 0.209264 -1.2324
130 -2.28204 -1.41567 0.614157 -1.24433
152 -1.83512 -1.26137 0.676203 -0.963927
363 -2.0878 -1.44181 0.774758 -1.15469
253 -1.9188 -1.33824 0.708247 -1.04654
71 -1.02549 -1.3448 0.136726 -1.38336
954 -0.962075 -1.53722 -0.125263 -1.69957
66 -0.849875 -1.46167 -0.00840334 -1.56579
138 -2.09046 -1.27862 0.817731 -1.1691
919 -1.38314 -1.37013 0.132541 -1.58996
281 -1.5739 -1.90712 0.350777 -1.04337
115 -1.18655 -1.62886 0.528098 -1.06542
100 -1.21097 -1.78295 0.684401 -1.13072
708 -0.809454 -2.34756 0.829287 -1.39617
729 -0.830868 -2.06128 0.533966 -1.4137
943 -0.963387 -1.49157 0.338547 -1.34281
654 -1.09333 -1.58508 0.36705 -1.21904
631 -1.29405 -1.26529 0.331425 -1.34114
847 -0.90599 -1.81817 0.245829 -1.30121
825 -1.0575 -1.94324 0.497812 -1.4407
710 -0.714619 -2.17845 0.493837 -1.37101
730 -0.789827 -1.85274 0.431927 -1.22527
707 -0.724178 -2.37235 0.679614 -1.49715
908 -0.800644 -1.72442 0.466001 -1.27199
277 -1.63401 -2.38679 -0.704194 -1.07775
887 -1.50917 -2.00457 -0.516659 -1.00805
293 -1.3108 -1.91909 -0.565729 -0.765987
888 -1.4246 -1.74797 -0.434627 -0.821413
538 -0.808192 -1.50177 0.0893944 -1.78937
711 -0.946645 -1.94029 0.574702 -1.37044
950 -0.916125 -2.02646 0.374372 -1.38832
549 -0.766535 -1.7361 0.240756 -1.36356
87 -1.57027 -1.94121 0.896068 -1.09939
192 -1.36065 -1.43332 0.234076 -1.24107
842 -1.22156 -1.6006 0.281773 -1.03097
586 -1.14853 -1.76358 0.382077 -0.813019
765 -1.13804 -1.63979 0.654785 -1.13458
116 -1.47574 -1.51652 0.725404 -0.800053
109 -1.3889 -1.58135 0.552766 -1.05047
108 -1.2144 -1.74879 0.573069 -1.08092
348 -0.939624 -1.62509 -0.2525 -1.50966
356 -1.06999 -1.6243 -0.196036 -1.51545
358 -1.24988 -1.45107 -0.295405 -1.3709
177 -1.35075 -1.57337 -0.357585 -1.44074
200 -1.00832 -1.54244 -0.368612 -1.12433
680 -1.23887 -1.70528 -0.64825 -1.84586
616 -1.12549 -1.23334 0.110904 -1.59742
324 -1.44825 -1.0256 0.395232 -1.88208
337 -1.2467 -1.29254 0.142641 -1.61493
310 -1.72219 -1.01456 0.339811 -2.44103
316 -1.31478 -1.00954 0.460537 -2.05803
557 -1.10132 -0.988692 0.235293 -1.67593
384 -0.835577 -1.40741 -0.162495 -1.94673
459 -1.35421 -1.23214 0.174782 -1.29145
51 -0.858123 -1.53228 -0.206012 -2.06704
656 -1.88927 -1.37705 0.593704 -1.15898
660 -1.77295 -1.07334 0.157259 -0.801508
75 -1.47815 -1.19619 0.55382 -1.06189
405 -1.211 -1.53412 -0.0975827 -1.30533
532 -1.92055 -1.38097 -0.668721 -1.06859
302 -1.45313 -1.74408 -0.448247 -0.797919
278 -1.51972 -2.18617 -0.582283 -1.03157
921 -1.47486 -2.06132 -0.497875 -0.838655
174 -0.693426 -2.30552 0.47192 -1.75723
735 -0.87265 -1.69966 0.297914 -1.16811
726 -1.42015 -1.23572 0.325472 -2.17231
819 -1.22779 -1.41519 0.228744 -1.46177
103 -1.39683 -1.3368 0.240319 -1.39743
821 -1.25461 -1.13997 0.224544 -1.67652
775 -1.21265 -1.11986 0.478607 -1.53024
249 -2.1048 -1.53167 0.807694 -1.35094
672 -1.57049 -1.27248 0.139073 -0.923429
910 -1.28802 -1.47064 -0.246325 -1.23949
135 -2.28553 -1.60038 1.02759 -1.38494
171 -1.4535 -1.20239 0.252504 -1.87491
824 -1.25318 -0.956625 0.0282535 -1.36832
311 -1.62658 -1.05662 0.495161 -2.24813
448 -1.58882 -1.12586 0.0738174 -1.28598
925 -1.33546 -1.17716 0.114268 -1.41522
608 -1.27789 -1.31666 0.0874079 -1.11164
958 -1.21055 -1.60183 0.287859 -1.16129
99 -1.3264 -1.75055 0.34441 -0.93468
931 -1.42731 -1.64976 0.454558 -0.979647
420 -1.48901 -1.97736 0.282729 -0.975906
579 -1.73926 -1.81333 0.677913 -1.06001
956 -1.22376 -1.62228 0.0598376 -1.3024
801 -1.27947 -1.53002 0.0141335 -1.12423
218 -1.28899 -1.71679 1.07969e-05 -1.45761
209 -1.15384 -2.06825 -0.00681197 -1.27441
223 -0.963267 -1.84735 0.167439 -1.1845
638 -1.21457 -1.59578 0.21177 -1.2433
208 -1.11096 -2.11509 0.208989 -1.24204
960 -1.06515 -1.67875 0.240324 -1.31836
937 -1.06039 -1.68872 0.313644 -1.26603
7 -1.10467 -1.88282 -0.437896 -1.81482
206 -1.03251 -1.53952 -0.26825 -1.33995
962 -1.91785 -1.4558 0.562515 -1.21767
137 -1.80644 -1.28934 0.782287 -1.32293
406 -1.80755 -1.17345 0.669441 -0.926962
18 -0.971669 -1.5409 -0.0459033 -2.22291
920 -0.847126 -1.28402 -0.122893 -1.62211
449 -1.46256 -1.07578 -0.0252813 -1.294
609 -1.69652 -1.01643 0.197058 -1.54568
222 -1.26757 -1.20559 0.240786 -1.84165
613 -1.45857 -1.14639 0.267341 -1.63102
612 -1.44024 -1.23489 0.302038 -1.61782
470 -1.52263 -1.14334 0.382324 -1.62675
774 -1.484 -1.0644 0.247295 -1.74745
162 -1.59571 -1.21325 0.5656 -0.918008
493 -1.84284 -1.17663 0.300134 -1.02178
838 -1.95386 -1.33005 -0.337984 -1.2312
820 -1.73208 -1.3405 0.328534 -0.96201
531 -1.52295 -0.97671 -0.326928 -1.25871
487 -1.17914 -1.19445 0.298279 -1.76332
727 -0.799137 -2.53553 0.64842 -1.65576
615 -0.935711 -1.65363 0.323616 -1.46565
788 -1.1582 -1.56813 0.437164 -0.977721
84 -1.50641 -2.30915 1.0109 -0.948564
794 -1.09932 -1.41966 0.251341 -1.5537
322 -1.38952 -1.23673 0.173469 -1.98862
789 -1.38523 -2.01808 0.53609 -1.05998
43 -0.960596 -1.44324 0.505903 -1.09116
235 -1.14652 -1.61139 -0.0707924 -1.37124
446 -1.33169 -1.68156 0.149463 -1.34686
866 -1.22415 -1.71303 0.109483 -1.36696
803 -1.18811 -1.7652 0.100184 -1.31894
237 -1.15114 -1.68111 0.00950795 -1.54203
482 -1.13265 -1.06394 0.30014 -1.50799
817 -1.5116 -1.43822 0.184769 -1.43149
849 -1.47324 -1.2036 0.304973 -1.7287
475 -1.20779 -1.19091 -0.0191805 -1.62844
309 -1.69976 -1.14546 0.336524 -2.25184
478 -1.33328 -1.40325 0.229008 -1.68386
611 -1.48289 -1.42455 0.286361 -1.88582
972 -0.993886 -1.52131 -0.097374 -1.44193
822 -1.28215 -1.36065 0.25827 -1.2589
948 -1.36423 -1.85113 0.372581 -1.31785
651 -0.870175 -2.2282 0.516932 -1.28572
96 -1.29686 -1.99346 0.624163 -0.960359
341 -1.31969 -1.47773 -0.788236 -1.74246
875 -1.18448 -1.59794 -0.325243 -1.42067
6 -0.938079 -1.84892 -0.102515 -2.34617
855 -0.793047 -1.46539 0.137303 -1.59994
620 -0.819288 -1.38486 0.136588 -1.59098
622 -0.880352 -1.25521 -0.0711156 -1.60461
933 -1.40042 -1.71861 0.203598 -1.21454
802 -1.29181 -1.69639 0.0754326 -1.44745
645 -1.29419 -1.5837 0.13268 -1.48969
246 -1.2159 -1.39202 0.171655 -1.34115
230 -1.12374 -1.68175 0.144647 -1.20428
635 -1.39412 -1.81584 0.200291 -1.17389
647 -1.10449 -1.58261 0.350903 -1.11032
800 -1.24165 -1.51256 0.257604 -1.24336
241 -1.10403 -1.60711 0.171894 -1.27728
383 -0.708397 -1.47597 -0.0137058 -1.95932
748 -0.814551 -1.45789 -0.0920298 -1.54641
623 -0.983575 -1.16832 0.0743099 -1.6621
32 -0.70353 -1.55114 -0.0182308 -1.93467
583 -1.18018 -1.874 0.612218 -0.878834
587 -1.43816 -1.45413 0.484482 -1.00081
370 -1.73396 -1.19702 0.731601 -1.10701
781 -1.39141 -2.15823 0.602637 -0.852148
545 -1.28739 -2.06624 0.571504 -1.0567
836 -1.24561 -1.48122 0.428302 -0.991089
832 -1.01538 -2.12407 0.271437 -1.20322
741 -1.34265 -0.973456 0.533542 -1.03384
82 -2.41881 -1.642 0.803319 -1.18773
489 -2.05738 -1.24091 0.473974 -0.941652
853 -1.1434 -1.29809 -0.420768 -1.29574
199 -1.09195 -1.24871 -0.0682825 -1.33386
62 -0.955674 -1.39734 -0.100539 -1.84467
382 -1.06525 -1.43108 0.0927917 -1.69301
25 -0.7719 -1.81336 0.0541983 -1.87972
854 -0.99328 -1.58525 -0.198314 -1.57811
585 -0.988667 -1.56332 -0.0746721 -1.30606
188 -1.2283 -1.47231 0.0869212 -1.38203
183 -1.10674 -1.67434 -0.342304 -1.46724
353 -1.14641 -1.46301 -0.222677 -1.36932
351 -1.01072 -1.55581 -0.206588 -1.44244
581 -1.50637 -1.82742 0.206138 -0.986327
573 -1.33922 -1.7992 -0.381398 -0.884841
499 -1.25199 -1.70814 -0.400648 -1.00389
429 -1.35254 -1.77479 -0.416757 -0.818583
8 -1.60363 -1.06384 0.0942435 -2.08066
614 -1.32503 -0.940424 -0.0214769 -1.60406
678 -1.80544 -1.22557 -0.576846 -0.965891
827 -0.962702 -1.76571 0.489356 -1.6151
907 -0.999355 -1.57483 0.34452 -1.19181
691 -1.00398 -1.60565 0.132517 -1.33459
454 -1.46458 -0.985544 0.14798 -1.13709
461 -1.27219 -1.71751 0.596905 -1.22427
518 -0.670217 -2.29399 0.561361 -1.32813
709 -0.863081 -2.01367 0.572382 -1.36361
936 -0.757741 -1.85345 0.166005 -1.32807
39 -0.707926 -1.33844 -0.152939 -1.71653
55 -0.892013 -1.36929 0.190282 -2.04166
259 -1.69626 -1.21513 0.580506 -0.970837
486 -1.3717 -1.21498 0.09066 -1.59922
473 -1.36589 -1.49206 -0.0159485 -1.46946
898 -1.28781 -1.18989 0.191716 -1.48623
329 -1.30992 -1.07922 0.177884 -1.60372
243 -1.39506 -1.15269 0.2029 -1.27898
30 -0.933651 -1.44192 -0.135992 -1.71746
4 -1.05948 -1.69412 -0.216578 -2.53551
380 -1.02115 -1.48467 0.0763481 -1.96248
703 -1.18588 -1.31081 0.0372375 -1.30997
346 -1.18437 -1.7669 -0.417614 -1.47914
16 -0.938295 -1.62638 -0.0238999 -2.10782
738 -1.05232 -1.1784 0.516483 -1.65567
918 -1.65274 -1.072 -0.28036 -1.15021
263 -1.95302 -1.09193 -0.371932 -0.942601
621 -1.06252 -1.46873 -0.29472 -1.61297
24 -0.865391 -1.70781 -0.186169 -2.11116
156 -1.33374 -1.03743 0.46213 -1.40654
932 -1.31736 -1.66935 0.232643 -1.3364
239 -1.25494 -1.55159 0.0832278 -1.28966
207 -1.19231 -1.87713 0.147554 -1.37563
213 -1.11905 -2.03358 0.238753 -1.45603
234 -1.07334 -1.56535 0.195619 -1.25736
217 -1.11501 -1.81307 0.432342 -1.09907
894 -1.27557 -1.73485 0.23039 -0.878954
870 -1.34273 -1.63089 0.386722 -1.11225
123 -1.57197 -1.45401 0.322939 -0.932402
121 -1.18544 -1.60137 0.459299 -1.07059
229 -1.18302 -1.72818 0.38036 -1.34471
491 -1.5883 -1.26812 0.284185 -1.36072
460 -1.13462 -1.01751 0.142977 -1.21147
522 -1.8406 -1.16773 -0.316443 -1.26826
990 -1.54442 -1.55704 -0.05382 -1.04472
510 -1.3029 -1.6439 -0.292172 -0.972566
490 -1.93589 -1.47569 0.318624 -0.890622
204 -1.1862 -1.56102 -0.198264 -1.41488
180 -1.20136 -1.58826 -0.482943 -1.49271
185 -1.05212 -1.34838 -0.178837 -1.4043
149 -1.91095 -1.1688 0.569751 -0.967564
102 -1.27169 -1.74848 0.828083 -0.91722
219 -1.19569 -1.70617 0.102501 -1.16292
982 -1.1974 -1.57267 0.188384 -1.33092
226 -1.03385 -1.74687 -0.0723492 -1.34989
201 -0.961665 -1.48943 -0.14803 -1.36962
739 -1.65863 -1.36567 0.532385 -0.88651
843 -1.40788 -1.66441 0.494701 -1.2182
981 -1.70708 -1.02759 0.355539 -0.931655
534 -1.82254 -1.00897 -0.407805 -1.12324
93 -1.44713 -1.86813 0.506548 -0.809491
445 -1.41076 -1.22777 0.373486 -1.38456
357 -1.16415 -1.35882 -0.105055 -1.29902
269 -1.55893 -1.24285 0.586075 -0.931248
31 -0.697911 -1.48888 0.218601 -1.94319
722 -0.699341 -1.97366 0.302711 -1.10941
320 -1.25056 -0.974618 0.182021 -1.81709
552 -1.48234 -0.953744 0.160579 -1.9494
471 -1.30714 -1.05305 0.299216 -1.9151
275 -1.57677 -0.975215 0.221726 -2.22842
985 -1.1768 -2.03519 0.150963 -1.44195
942 -1.00931 -1.74046 0.115116 -1.3969
296 -1.3496 -1.87977 -0.551757 -0.964193
67 -1.49445 -1.10768 0.453941 -1.0744
361 -2.10576 -1.2314 0.626233 -1.25009
535 -1.31292 -1.36969 -0.289304 -1.3047
274 -2.47263 -1.50488 -0.88772 -1.40952
755 -1.96445 -1.28618 -0.403413 -1.08742
644 -1.13069 -1.70793 0.263171 -1.06412
766 -0.888026 -1.544 0.106253 -1.14778
214 -1.06524 -2.03059 -0.0427309 -1.36604
881 -1.26686 -1.65382 -0.0941184 -1.22416
900 -1.20382 -1.69383 0.207973 -1.20923
381 -2.04184 -1.23182 -0.57256 -1.30272
146 -2.03058 -1.38568 0.810295 -1.08647
367 -1.87468 -1.19668 0.710479 -1.07886
955 -1.81036 -1.2097 -0.326901 -1.16681
913 -1.07376 -1.47989 0.0877096 -1.2987
533 -2.03305 -1.1711 -0.387921 -1.0176
757 -1.83453 -1.25971 -0.514901 -1.17673
371 -1.69764 -1.26373 0.44513 -1.01974
153 -1.79178 -1.11062 0.659686 -1.01037
744 -1.867 -1.27752 0.590435 -1.07997
49 -0.866229 -1.28933 -0.171878 -1.21048
287 -1.35765 -1.92849 -0.511461 -0.936636
498 -1.56116 -2.07748 -0.456656 -0.881826
628 -1.6076 -1.28172 0.128623 -1.36633
319 -1.43046 -0.934416 0.38358 -1.94142
882 -1.44753 -0.960946 0.105546 -1.66711
551 -1.69081 -0.998913 0.157733 -2.06022
158 -1.57398 -1.17955 0.617566 -1.07057
658 -1.8347 -1.21029 0.411154 -0.940925
517 -2.48133 -1.42445 -0.548295 -1.30871
605 -1.5551 -1.24792 -0.130624 -1.0283
863 -1.26844 -1.45269 -0.169848 -1.45697
787 -1.22445 -1.4719 0.211624 -1.19826
117 -1.39686 -1.51949 0.787217 -0.903015
112 -0.973321 -1.77668 0.758304 -0.823362
653 -1.44089 -1.34558 0.172053 -1.19753
627 -1.72123 -1.14514 0.185076 -1.47975
501 -1.66868 -1.3536 -0.419166 -1.04856
857 -1.30342 -1.74352 0.572865 -1.1169
98 -1.22079 -1.82423 0.626592 -0.991527
321 -1.34326 -1.26466 0.41614 -1.94135
22 -0.860326 -1.73698 -0.123364 -1.97454
593 -1.70677 -1.29822 0.377198 -1.2369
120 -1.22112 -1.07453 0.299944 -1.09926
90 -1.28642 -1.80468 0.452218 -1.07218
772 -1.52938 -1.46965 0.494484 -0.946413
400 -1.36308 -1.74972 0.549254 -1.12181
524 -1.59653 -1.54761 -0.558854 -1.20013
267 -1.77528 -0.989868 0.595372 -0.880727
140 -1.99134 -1.3012 0.652585 -0.96687
928 -1.23218 -1.71323 -0.130652 -1.52811
671 -1.93031 -1.38508 -0.441436 -1.15447
266 -1.77416 -1.31298 0.524825 -1.04324
465 -1.45597 -1.25791 0.358939 -1.2441
150 -1.5462 -1.14905 0.583235 -1.22364
561 -1.80768 -1.61292 0.448308 -0.786239
151 -1.89387 -1.23983 0.756173 -0.981429
572 -1.41079 -2.02552 -0.543307 -0.817222
536 -1.63398 -1.06852 -0.0963232 -1.99924
483 -1.3574 -1.14676 0.217264 -1.37179
830 -0.741446 -1.86541 0.42097 -1.34622
759 -1.83069 -1.21099 -0.276552 -1.14259
458 -1.41092 -1.0819 0.271853 -1.30204
598 -1.60839 -1.16879 0.0771885 -1.38762
686 -1.27891 -1.82072 0.449951 -0.989895
344 -1.05231 -1.84171 -0.253246 -1.53785
205 -0.968738 -1.6291 -0.345585 -1.34498
176 -1.03322 -1.67986 -0.217025 -1.50948
412 -1.13373 -1.90927 0.419489 -0.907139
599 -1.49689 -1.25777 0.499095 -1.12697
570 -1.41841 -1.20965 0.416079 -1.01303
407 -1.64078 -1.39458 0.667906 -0.959016
333 -1.41489 -1.01709 0.320045 -1.68612
696 -1.49657 -0.956186 0.373666 -1.92179
312 -1.50281 -0.951185 0.482015 -2.38219
376 -1.49416 -1.12436 0.300748 -1.15172
740 -1.82323 -1.39058 0.555579 -1.12045
829 -1.21778 -1.79583 0.671978 -1.03435
373 -1.84534 -1.25203 0.609677 -1.01178
245 -1.26748 -1.61448 0.232375 -1.2856
463 -0.81454 -1.40305 -0.0112244 -1.63727
72 -0.821992 -1.23978 0.00414976 -1.68415
118 -1.22213 -1.42973 0.488878 -0.872439
584 -1.32941 -1.83057 0.631189 -1.01703
742 -1.53828 -1.27993 0.364557 -1.38225
865 -1.12265 -1.68457 0.279138 -1.16596
636 -1.08749 -1.99857 0.315143 -1.2298
240 -0.8928 -1.60211 0.22458 -1.17892
674 -1.5493 -1.16668 -0.147233 -1.24383
756 -2.03668 -1.27617 -0.540343 -1.09495
699 -0.987145 -1.6114 -0.276405 -1.36114
685 -1.10891 -1.49016 -0.22258 -1.49648
488 -1.72432 -1.41857 0.677777 -1.12364
238 -1.42746 -1.39096 0.441352 -1.22136
813 -1.25262 -1.71348 0.161358 -1.23955
479 -1.27363 -1.18687 0.151556 -1.73231
649 -1.05646 -1.48614 0.034849 -1.18589
212 -1.64946 -1.07114 0.518214 -1.98534
523 -1.98864 -1.31383 -0.410073 -1.1415
776 -1.82239 -1.07055 -0.399138 -1.22359
779 -1.2555 -1.36128 -0.0308079 -1.42455
216 -1.2913 -1.83174 0.207282 -1.34819
812 -1.07266 -1.79254 0.258658 -1.18523
702 -0.903821 -1.77293 0.233147 -1.31057
643 -0.646688 -1.98405 0.495116 -1.33279
846 -0.738503 -1.94874 0.378257 -1.44912
737 -1.02572 -1.54793 0.144153 -1.14128
196 -0.998027 -1.39845 -0.154445 -1.36454
971 -1.0364 -1.56126 -0.164779 -1.32765
901 -1.14204 -1.72667 0.0185963 -1.33545
145 -1.77908 -1.38798 0.682088 -1.03971
782 -1.17999 -1.71368 0.29632 -0.990853
785 -1.9183 -1.34535 -0.523672 -0.895656
600 -1.5601 -1.4969 0.341053 -1.16238
607 -1.3905 -1.31412 0.197927 -1.087
500 -1.66395 -2.21615 -0.617871 -0.914703
301 -1.39378 -2.01398 -0.656759 -1.00632
588 -1.11528 -1.59614 0.489721 -1.07469
845 -0.881272 -1.987 0.176351 -1.2381
232 -1.01115 -1.75291 0.0686074 -1.40459
642 -1.0646 -1.70414 0.2699 -1.27098
60 -0.896807 -1.43373 -0.097143 -2.06093
939 -0.866383 -1.42541 -0.208854 -1.56323
23 -0.77902 -1.77654 -0.270401 -2.10517
539 -1.04165 -1.36653 -0.0573645 -1.73412
576 -1.07575 -1.48289 0.330529 -0.843103
395 -1.79315 -1.7401 0.324114 -1.06004
947 -1.80502 -1.31175 0.595458 -1.0375
567 -1.81149 -1.29087 0.639256 -1.08538
987 -1.51283 -1.19763 0.5726 -0.937602
147 -1.65974 -1.23806 0.687406 -1.0958
566 -1.58421 -1.52599 0.289511 -1.16135
530 -1.68678 -1.43806 -0.241898 -1.02232
511 -1.74779 -1.47594 -0.532 -0.907879
526 -2.04443 -1.05183 -0.530354 -1.11964
963 -1.57208 -1.29533 -0.189623 -1.03341
264 -1.74495 -1.1424 0.30421 -0.964128
63 -1.40327 -1.07516 0.475502 -1.01677
749 -1.89924 -1.10812 0.665608 -1.15738
793 -1.00571 -1.62662 0.215542 -1.13652
786 -1.35999 -1.4368 0.323962 -0.836897
938 -1.54857 -1.38328 0.110333 -0.966007
806 -1.41006 -1.64271 0.346435 -1.07438
422 -1.34319 -1.7002 -0.351078 -1.04463
136 -1.52542 -2.39839 1.01852 -0.932639
159 -1.62572 -1.24989 0.372628 -0.921483
878 -1.24221 -1.39768 -0.136363 -1.37044
203 -1.27565 -1.29278 0.167488 -1.2671
589 -1.15212 -1.53324 0.483389 -0.994399
777 -0.963012 -1.19164 0.158428 -1.50131
968 -1.39183 -1.62397 -0.0705833 -1.04257
298 -1.22159 -1.92643 -0.475933 -0.91732
425 -1.45288 -1.73579 -0.449 -0.860859
484 -1.16403 -1.23015 0.226018 -1.45863
477 -1.18309 -1.09585 0.460472 -1.66169
323 -1.32947 -1.04551 0.282276 -1.91869
823 -1.35969 -1.2326 0.217143 -1.49409
76 -0.819335 -1.45735 -0.0467151 -1.74027
970 -1.29702 -1.76492 0.20049 -1.2691
668 -2.24872 -1.36464 -0.739225 -1.21115
704 -1.16969 -1.49576 -0.0605858 -1.36715
580 -1.29379 -1.76109 0.65319 -0.982116
684 -1.2075 -1.78014 -0.280845 -1.72261
431 -1.4143 -1.88308 -0.582361 -0.962205
476 -1.41534 -1.06406 0.331002 -1.53003
778 -1.19646 -1.01563 0.265678 -1.65376
315 -1.40603 -1.2288 0.293743 -2.04199
505 -1.30676 -1.81073 -0.0597991 -0.994086
92 -1.41152 -1.79261 0.676437 -0.988384
818 -1.42148 -1.50197 -0.192598 -1.39418
911 -1.34299 -1.18851 0.378332 -1.44406
330 -1.22108 -1.13115 0.0879566 -1.53237
247 -1.52432 -0.994007 0.234715 -2.02125
352 -0.937461 -1.51432 -0.337247 -1.39083
198 -1.0319 -1.51591 -0.138676 -1.49066
760 -2.07125 -1.0667 -0.489328 -1.04352
850 -1.35414 -1.3066 0.269549 -1.54101
569 -1.40964 -1.11727 0.278702 -1.5957
318 -1.46193 -1.96076 -0.534076 -1.18369
257 -1.42077 -1.48476 0.293717 -1.13753
682 -1.13744 -1.76267 -0.169707 -1.34498
697 -1.09213 -1.60721 -0.294424 -1.45644
840 -1.53057 -1.32173 -0.293851 -1.14625
666 -2.33705 -1.45185 -0.785228 -1.12424
59 -0.847155 -1.57019 0.0248044 -2.04265
537 -1.87481 -1.26559 0.664531 -1.2652
163 -1.69553 -1.21224 0.722397 -0.873787
97 -1.52466 -1.79818 0.855609 -0.827888
378 -1.45238 -1.08385 0.621578 -1.2408
386 -0.757742 -1.3937 -0.137155 -1.72274
892 -1.57864 -1.01923 0.2724 -1.12224
421 -1.44568 -2.09799 -0.582394 -0.880074
56 -0.714174 -1.50016 -0.00336573 -2.06326
852 -0.951227 -1.48016 -0.334903 -1.34228
354 -0.878192 -1.35957 -0.0798611 -1.33685
768 -1.13808 -1.62767 0.163259 -1.31138
554 -1.67722 -1.16191 -0.293773 -1.04381
34 -0.999056 -1.56664 0.27615 -1.55897
808 -0.900382 -1.58803 0.258504 -2.01559
687 -1.1127 -1.48265 -0.0864807 -1.48944
998 -1.13432 -1.71232 0.0255813 -1.52597
880 -0.998752 -1.69494 0.269916 -1.4605
474 -1.25545 -1.33802 0.188016 -1.64564
313 -1.46753 -1.06601 0.226759 -2.1885
179 -1.594 -1.01985 0.0738588 -1.60754
228 -1.24584 -1.64403 0.0486268 -1.35975
413 -1.55818 -2.28155 -0.614854 -0.840242
481 -1.38533 -1.17803 0.199362 -1.63428
858 -1.25237 -1.28411 0.434764 -1.57726
335 -1.19004 -1.32008 0.00028099 -1.70048
895 -1.35002 -1.5505 0.350806 -0.964574
29 -0.87454 -1.67674 -0.217561 -1.77463
553 -1.22726 -1.23112 0.407848 -1.39797
427 -1.64013 -1.38717 -0.51847 -0.965968
575 -1.27445 -1.8993 -0.319575 -0.848981
419 -1.33064 -1.99827 -0.51981 -0.875294
417 -1.32836 -2.04248 -0.465991 -0.804272
38 -0.673873 -1.74412 0.173645 -1.87971
610 -1.40577 -1.33697 0.386703 -1.96208
468 -1.41149 -1.21566 0.577127 -2.35472
752 -1.57653 -1.17628 0.277773 -1.27036
720 -1.01518 -1.42585 0.368273 -1.20756
305 -1.34883 -1.75847 -0.484903 -0.884716
983 -1.22356 -1.54273 -0.0929827 -1.4319
683 -1.00797 -1.89075 -0.356852 -1.60191
941 -1.08546 -1.61415 0.0613973 -1.3381
828 -1.05482 -1.85387 0.0675621 -1.19507
328 -1.33398 -0.971736 0.0937139 -1.59989
602 -1.42688 -1.38111 0.00172992 -1.21618
592 -1.75621 -1.31094 0.183629 -1.42546
688 -0.974514 -1.49901 -0.369808 -1.34495
455 -1.45182 -1.21164 0.112868 -1.31805
798 -0.974847 -1.80664 -0.103109 -1.31607
940 -0.992827 -1.40188 0.0991533 -1.532
282 -1.50198 -2.06638 -0.442399 -1.03311
977 -1.20249 -1.39957 0.220073 -1.61391
317 -1.43678 -1.01013 0.421095 -2.21524
236 -1.0692 -1.50759 0.218528 -1.22675
387 -0.669865 -1.48956 -0.00392702 -1.72868
984 -1.61463 -1.2981 0.469638 -1.05965
77 -0.837729 -1.50036 -0.0622708 -1.5903
867 -1.11171 -1.69867 0.18549 -1.4448
349 -0.94822 -1.40321 -0.266094 -1.52615
187 -1.08349 -1.77294 -0.29823 -1.55774
307 -1.12083 -1.76413 -0.488542 -1.15276
961 -1.13324 -1.8003 -0.272734 -1.4791
861 -1.21829 -1.19015 -0.118765 -1.20086
374 -1.70561 -1.41054 0.43194 -0.917553
618 -1.16273 -1.4998 0.149181 -1.46471
874 -1.2751 -1.43939 -0.217228 -1.43567
773 -1.74018 -1.14812 0.626226 -1.19334
893 -1.46213 -1.70201 0.356762 -1.06383
889 -1.21773 -1.61467 -0.389984 -1.05364
291 -1.53221 -1.97466 -0.620966 -0.708097
369 -2.27997 -1.10713 -0.423442 -1.15621
295 -1.09349 -1.67149 -0.50271 -1.1007
172 -1.20854 -1.64102 -0.31367 -1.5456
193 -1.03694 -1.50419 -0.0753771 -1.48348
110 -1.2176 -1.68422 0.3218 -1.00119
632 -1.42413 -1.16642 0.183407 -1.59956
70 -0.738845 -1.23936 -0.111953 -1.69948
195 -1.00924 -1.61756 0.109349 -1.35134
385 -0.949517 -1.29282 0.195721 -1.72367
673 -1.50255 -1.62393 0.0914226 -1.08106
689 -0.814149 -1.51614 -0.0397155 -1.33613
426 -1.32604 -1.98231 -0.632886 -0.988425
289 -1.45224 -2.15546 -0.672658 -0.88521
980 -1.68854 -1.22874 0.362364 -1.04542
261 -1.78563 -1.3114 0.492375 -0.845755
619 -0.76395 -1.25424 -0.0579238 -1.55728
698 -1.21422 -1.52597 -0.299285 -1.57695
997 -1.81294 -1.51267 -0.0914735 -1.1471
814 -1.16493 -1.64523 0.162369 -1.27576
233 -0.898498 -1.55525 -0.0344742 -1.50143
805 -1.334 -1.6614 0.478724 -1.10858
791 -1.40547 -1.67949 0.586767 -0.972142
989 -1.52512 -1.60811 0.319166 -1.26607
927 -1.40233 -1.89712 -0.404014 -0.845219
114 -1.35671 -1.79444 0.452744 -1.09344
804 -1.30344 -1.19831 0.0647109 -1.43395
924 -1.48203 -1.73632 0.585463 -1.21803
873 -1.22488 -1.4732 0.128905 -1.8555
568 -1.41629 -1.23497 0.448044 -0.962341
35 -0.786509 -1.23308 0.108941 -1.75658
917 -0.700178 -1.25907 -0.0169387 -1.69952
993 -2.40296 -1.38686 -0.572514 -1.13268
377 -1.73261 -1.0969 -0.0180267 -0.95302
676 -1.6522 -1.25213 -0.119414 -1.0433
922 -1.41041 -1.62617 -0.363174 -0.8048
355 -1.2929 -1.08165 0.163642 -1.71886
967 -1.73774 -1.39858 0.221179 -1.30291
285 -1.75335 -2.2001 -0.635237 -0.86873
999 -1.40393 -1.47038 -0.0279061 -1.5605
792 -1.32907 -1.70952 0.615401 -1.08385
743 -1.69609 -1.4708 0.291764 -0.73064
256 -1.9107 -1.27453 0.50151 -1.08657
834 -1.36751 -1.68133 0.607185 -1.10548
167 -0.889283 -1.48126 0.573331 -1.07302
951 -1.20444 -1.9956 -0.423239 -0.908701
40 -0.85017 -1.07553 -0.0418947 -1.41184
783 -1.19637 -1.68609 0.554488 -1.13965
797 -1.23536 -1.59101 0.482776 -0.975812
761 -1.52073 -1.40378 -0.0364967 -1.07251
244 -1.40238 -1.33113 0.134987 -1.29535
452 -1.64778 -1.31902 -0.0932606 -1.25888
784 -1.26214 -2.02479 0.493061 -0.849031
886 -1.3655 -1.85907 -0.457862 -1.01961
595 -1.35613 -1.27162 0.127347 -1.41794
639 -1.14493 -1.81089 -0.166321 -1.11015
502 -1.51401 -2.00043 -0.661581 -0.932713
299 -1.32471 -1.76643 -0.452442 -0.925751
494 -1.46034 -1.70574 -0.111786 -0.75973
979 -1.20128 -1.71477 -0.19007 -1.03958
876 -1.21816 -1.42685 -0.227286 -1.45421
564 -1.67307 -1.10498 0.304247 -1.20384
810 -1.06804 -1.47778 0.222581 -1.62341
119 -1.40553 -1.57166 0.481534 -0.891874
73 -0.870387 -1.18833 -0.0422646 -1.5311
596 -1.60518 -1.22438 0.308619 -1.28398
926 -1.51966 -1.26342 0.235143 -1.37989
303 -1.36879 -1.77945 -0.366179 -0.820586
288 -1.44861 -2.10244 -0.415822 -0.953056
769 -1.45944 -1.416 0.239356 -1.20048
325 -1.1703 -0.987641 0.0389374 -1.82254
42 -0.817648 -1.455 -0.326244 -1.53697
65 -0.699796 -1.38757 0.00754892 -1.63445
869 -1.19123 -1.27216 0.329145 -1.38229
105 -1.21099 -1.5404 0.46779 -1.19491
601 -1.47626 -1.15197 0.308079 -1.25819
935 -1.12909 -1.33972 0.148994 -1.69112
160 -1.621 -1.36673 0.512322 -0.910349
391 -0.839946 -1.21438 0.0227912 -1.58081
624 -0.880044 -1.31612 0.0772981 -1.68822
835 -1.21796 -1.61282 0.283906 -0.903151
848 -1.2917 -1.25343 0.165874 -1.63933
914 -1.20777 -1.44875 0.175315 -1.27233
157 -1.50391 -1.29582 0.613855 -1.04224
966 -1.06673 -1.39439 0.132815 -1.59388
36 -0.981524 -1.36646 -0.244806 -1.48238
424 -1.38774 -1.76194 -0.299964 -0.961068
655 -1.48684 -1.54786 0.171053 -1.33207
725 -0.971819 -1.72456 0.407435 -0.980156
44 -0.836256 -1.30817 -0.116306 -1.58768
466 -0.840944 -1.12754 0.129198 -1.5302
190 -0.97353 -1.73024 -0.438183 -1.40327
562 -1.35554 -1.61314 0.603482 -0.945
574 -1.42581 -1.96034 -0.63152 -0.788973
764 -1.33267 -1.04259 0.0930203 -1.1955
700 -0.875998 -1.60392 -0.292222 -1.37883
503 -1.75977 -1.86423 -0.478314 -1.04037
480 -1.30272 -1.17389 0.272948 -1.48708
659 -1.55936 -1.35346 0.343381 -0.917798
548 -0.847932 -1.40986 -0.0473806 -1.885
260 -1.79957 -1.20125 0.479505 -0.894786
124 -1.35567 -1.58803 0.435306 -1.13928
48 -0.839352 -1.36685 -0.0943524 -1.53242
409 -1.8951 -1.07872 -0.114489 -0.959012
693 -1.01009 -1.45744 -0.308045 -1.50777
839 -1.56542 -1.63248 0.255682 -1.03368
416 -1.49254 -1.68542 -0.336524 -0.879868
891 -1.59013 -1.17541 0.167653 -1.42283
634 -1.33833 -1.07473 0.145085 -1.31184
485 -1.28577 -1.19551 0.181275 -1.53771
916 -1.32485 -1.31768 0.0382728 -1.44314
716 -0.755139 -1.72129 0.498649 -1.25695
104 -1.37589 -1.76097 0.383308 -1.18002
694 -1.11573 -1.41533 0.0878397 -1.25671
155 -1.84303 -1.33031 0.764356 -1.06279
392 -0.891899 -1.46386 0.139982 -1.60249
543 -1.04054 -1.31234 -0.0218216 -1.45402
809 -0.739005 -1.54874 0.0995529 -1.61668
550 -1.08094 -1.47439 0.0294779 -1.51907
969 -1.37988 -1.70744 0.163555 -1.08728
101 -1.23728 -1.64871 0.440151 -1.19393
27 -0.836667 -1.41973 0.12725 -2.0446
202 -1.09956 -1.68539 -0.151498 -1.37459
359 -0.900072 -1.39781 0.0506109 -1.31609
795 -1.0079 -1.27345 -0.104777 -1.071
679 -1.65841 -1.16033 0.127919 -1.14791
364 -2.21028 -1.33533 0.636862 -1.05581
844 -1.3138 -1.70285 0.12331 -1.06548
677 -1.80996 -1.20579 -0.386759 -1.15979
559 -1.41143 -0.926354 -0.0991254 -1.39554
815 -1.04127 -1.57411 0.325182 -1.0765
334 -1.16534 -1.05799 0.185879 -1.64282
541 -1.00223 -1.49414 0.0254529 -1.58471
430 -1.19451 -1.82598 -0.562059 -1.07854
389 -1.12749 -1.16369 0.175768 -1.42736
650 -1.25101 -1.2128 0.22718 -1.61744
544 -0.780197 -1.36368 0.02215 -1.43543
41 -0.851475 -1.47923 -0.0811254 -1.71818
527 -1.88264 -1.38709 -0.265043 -1.1919
46 -1.06872 -1.5236 0.194169 -1.1041
504 -1.35958 -1.91073 -0.424768 -0.903746
851 -2.01936 -1.34301 -0.45987 -1.13611
762 -1.39203 -1.39869 0.0975319 -1.14898
736 -0.92202 -1.88025 0.386522 -1.28402
577 -1.32082 -1.78603 -0.278371 -0.873719
47 -0.927572 -1.2935 0.147844 -1.36444
495 -1.77086 -1.22149 0.425203 -1.07831
528 -1.53078 -1.10369 -0.11277 -1.50038
338 -1.3119 -1.3743 0.219656 -1.43249
992 -1.5808 -1.43155 -0.163782 -1.20396
902 -1.05092 -1.64464 0.133834 -1.29298
507 -1.33293 -1.67764 -0.371916 -0.919774
558 -1.22369 -1.19346 -0.165173 -1.35187
451 -1.35349 -1.06687 0.168975 -1.40455
590 -1.38835 -1.71545 0.402769 -1.05517
472 -1.36248 -1.0902 0.319556 -1.90071
871 -1.43969 -1.52911 0.696343 -1.05145
988 -1.24205 -1.69663 0.266906 -1.62597
297 -1.47435 -1.59022 -0.449894 -0.881819
978 -1.61616 -1.71529 -0.388132 -1.19197
953 -1.36663 -1.94644 -0.429065 -1.14543
946 -1.16834 -1.28511 0.254224 -1.54791
833 -1.14187 -1.48755 0.366249 -1.18123
428 -1.4957 -1.98503 -0.531669 -1.07175
877 -1.22327 -1.59995 -0.152016 -1.30252
456 -1.56361 -1.11906 0.14735 -1.36372
