1000 4
705 1.265 0.375663 1.33415 2.626
721 0.507648 0.658231 1.11432 1.52168
728 0.915142 0.275934 1.14707 2.21198
908 0.711138 0.588377 1.08431 1.48442
713 0.830715 0.717725 1.21953 1.84279
845 0.758292 0.553383 1.16306 1.92759
710 0.796428 0.549105 1.19147 1.92469
518 0.679203 0.36581 1.27467 2.21761
964 0.879258 1.34148 0.986569 1.38052
224 0.969417 1.51703 0.96077 1.45443
261 0.798637 1.30556 0.768008 1.45787
980 0.771121 1.37313 0.912897 1.44908
561 0.55839 1.49426 0.809771 1.82848
991 0.796037 1.29662 1.0088 1.55826
262 0.808427 1.54993 0.985404 1.46929
266 0.759856 1.46979 0.874458 1.6076
739 0.702426 1.55439 0.792208 1.63217
589 0.713393 1.02344 1.32254 1.34632
834 0.779401 0.963301 1.36806 1.32461
844 0.868175 1.06063 1.28843 1.27746
685 0.545611 1.26519 1.60416 1.12401
405 0.542888 1.52848 1.14742 1.22664
699 0.615742 1.35336 1.58704 1.13963
7 0.758173 1.71109 1.82801 1.04628
172 0.55021 1.36731 1.76656 1.12535
601 1.45235 0.934043 1.12888 1.13394
345 1.36927 0.997197 1.20139 1.11019
598 1.4379 0.892973 1.33712 1.08714
445 1.68404 0.930462 1.12781 1.17705
433 2.05033 0.978994 1.62554 1.32901
432 2.09927 0.697828 1.66462 1.49532
120 1.48244 0.669627 1.16677 1.03343
390 1.64005 1.01628 0.836028 1.06124
541 1.73744 1.37933 0.881628 1.14499
20 2.05474 1.47543 0.917476 1.22788
52 1.72881 1.66714 1.1134 0.9836
65 1.58238 1.12849 0.818469 1.01399
27 1.76755 1.29771 0.899267 1.05585
16 1.99534 1.43812 0.991484 1.30743
1 2.1014 1.84256 0.978425 1.30905
10 2.00648 1.5752 1.05033 1.22996
316 0.461974 0.822997 1.98054 1.45672
551 0.786143 0.806078 2.14781 1.28615
824 0.646556 0.89099 1.59044 0.848422
381 1.03689 1.9447 1.35128 0.77114
50 1.00733 2.21888 1.58083 0.946403
404 0.654402 1.44447 1.07011 0.982025
522 0.882825 1.64901 1.45193 0.799277
530 0.601206 1.26145 1.17856 1.12465
662 1.00647 1.95882 1.83867 0.913339
688 0.664379 1.24858 1.19813 1.17465
175 0.682608 1.55688 1.5853 1.16537
126 0.641602 1.79121 1.88742 1.12491
173 0.623135 1.63465 1.76619 0.902433
859 0.634294 1.55447 1.71565 1.02267
966 0.822849 1.03308 1.34918 1.25923
696 0.691199 0.872847 1.8803 1.32853
333 0.723341 0.948886 1.61038 1.08388
308 0.959901 0.810532 2.2833 1.36831
337 0.833614 0.989619 1.48714 1.28134
904 1.13872 0.445954 1.00993 2.1662
39 1.36866 1.02624 0.752811 1.16141
391 1.50261 1.035 0.706811 1.01565
810 1.21409 1.15915 0.89058 1.17382
382 1.52751 1.15493 0.904912 1.11556
954 1.53119 1.14512 0.975337 0.975213
186 0.794904 1.45401 1.30897 1.11075
184 0.621615 1.3929 1.56102 0.984038
861 0.574215 1.41438 1.34425 1.09632
339 0.752217 1.7818 1.60481 0.994023
767 0.809751 1.22054 1.21378 1.16185
210 1.11456 1.45033 1.07716 1.58302
213 1.30693 1.50848 1.09867 1.44619
207 1.25805 1.38502 1.06919 1.5205
246 1.07804 1.12202 1.03449 1.37756
227 1.20629 1.43037 1.09089 1.46695
219 1.003 1.46277 1.08775 1.36583
969 0.851711 1.22948 1.15364 1.40298
446 1.09824 1.26709 1.1686 1.41987
208 1.08657 1.27282 1.00907 1.70666
905 0.959961 0.412751 1.22241 2.21438
723 0.765097 0.674577 1.01054 1.67275
708 0.837965 0.392052 1.3214 2.48062
412 0.468807 1.0135 1.33622 1.69933
136 0.477284 1.30313 1.49903 1.78048
805 0.728176 1.07156 1.2669 1.48531
579 0.659092 1.43116 1.56671 1.59493
854 1.35158 1.03185 0.933272 1.12285
29 1.67049 1.27208 0.951855 1.03987
0 2.11766 1.4787 1.28015 1.18173
3 2.20954 1.69193 1.07609 1.39909
462 1.08503 1.25273 0.657996 1.76375
273 1.12132 1.52577 0.512817 2.67854
575 0.802648 1.19012 0.78018 1.82103
419 0.823478 1.30051 0.793543 2.06295
470 0.649358 0.796314 2.1461 1.34707
849 0.845069 0.917128 1.67132 1.20953
539 1.62767 1.1753 0.97624 1.18875
171 0.634061 1.02031 2.15205 1.51181
467 0.788276 0.785168 2.46773 1.46638
553 0.497116 0.740079 1.74171 1.10526
313 0.895082 0.770635 2.28183 1.2643
471 0.767673 0.840798 1.89719 1.10601
130 0.926636 2.23025 0.663417 1.99139
373 0.655952 1.65555 0.638578 1.45592
128 1.01674 2.03391 0.581242 1.86731
151 0.553888 1.49863 0.799722 1.63125
125 0.605447 2.06321 0.947857 2.01906
81 0.815112 1.91643 0.782693 1.8153
364 0.654754 1.73917 0.599105 1.74379
129 0.563788 2.18073 0.96036 2.06294
409 0.732534 1.69737 1.27271 0.932998
142 0.63828 1.60524 0.65316 1.58252
396 0.610158 1.79974 0.814895 1.70078
565 0.702312 1.37608 1.08842 1.50203
745 0.553504 0.750909 1.78225 1.27451
536 0.821294 0.767517 2.18331 1.46997
543 1.28667 1.11681 0.899844 1.14348
82 0.595533 2.00133 0.822804 1.93982
251 0.664406 1.72485 0.65853 1.62947
947 0.590628 1.45353 0.882586 1.62629
248 0.53159 1.73499 0.865593 1.86148
127 0.750285 2.37321 1.02941 1.90978
138 0.736569 1.75942 0.596765 1.74523
243 1.49952 0.707987 1.0043 1.1022
629 1.78485 0.780003 1.13647 1.25682
434 2.03788 0.614236 1.68926 1.49601
524 0.870707 1.45602 1.25633 1.20014
663 0.969027 2.11639 1.64324 0.944539
839 0.774888 1.31088 1.13492 1.32256
205 0.454684 1.30397 1.32341 1.07313
19 0.868559 1.74004 1.7233 0.906128
307 0.61607 1.20354 1.20872 1.18118
187 0.573429 1.4892 1.63951 1.19215
271 0.875977 1.31402 0.695128 2.31372
282 1.00109 1.39613 0.634941 1.89566
425 0.819543 1.05751 0.637698 1.70403
278 1.11685 1.12776 0.633661 2.14952
255 0.957141 1.20468 0.840978 1.72262
978 0.812536 1.43914 1.05949 1.5519
665 0.761913 1.91593 1.7536 0.922825
896 0.829828 1.63466 1.53583 1.09759
674 0.778709 1.14496 1.59027 1.15549
992 0.859908 1.02139 1.23928 1.4941
527 0.903773 1.50499 1.47175 1.47047
457 0.973625 1.00665 1.20902 1.19213
856 0.771046 1.2161 1.53958 1.50972
86 0.671526 1.18441 1.58078 1.47962
590 0.84967 1.11852 1.36659 1.31092
751 0.659898 1.29826 0.961914 1.47324
937 0.766524 0.696952 1.23673 1.84079
108 0.736422 0.899551 1.50066 1.63033
958 0.420917 1.08146 1.4072 1.28065
909 0.469066 1.66776 1.84903 1.21511
957 0.701298 1.30937 1.33746 1.15619
180 0.736687 1.62685 1.58463 0.961241
348 0.45268 1.46172 1.58818 1.07756
681 0.453547 1.72755 1.91944 1.27841
680 0.777515 1.69463 1.69539 0.894012
853 0.655219 1.26203 1.34708 1.14385
562 0.721066 1.07377 1.24929 1.60428
46 1.09176 1.07299 1.05441 1.32786
871 0.743011 1.23154 1.17399 1.35131
788 0.768029 1.10137 1.11677 1.30091
417 0.603574 1.30203 0.747319 1.99122
498 0.801063 1.23775 0.670043 1.78686
430 0.830996 1.03602 0.704233 1.23057
42 1.54371 1.21806 0.793534 0.977439
288 0.730209 1.29175 0.807719 1.74392
33 1.14198 0.61026 0.978596 1.78149
944 1.01491 0.602183 1.09634 1.84855
959 0.924044 0.741939 1.14477 1.72972
300 0.805741 1.11179 0.724515 1.78422
496 1.09148 1.30362 0.569661 2.11328
9 2.07168 1.49661 0.995723 1.22734
826 0.87974 0.430103 1.29184 2.19848
96 0.77322 1.05865 1.49199 1.58753
870 0.942457 1.10538 1.20731 1.356
87 0.631605 1.26599 1.46738 1.65194
163 0.582391 1.34353 0.760866 1.4042
90 0.561208 1.16324 1.5955 1.49308
217 0.94602 0.897215 1.39809 1.57442
695 1.09335 0.385891 1.28283 2.288
54 1.09145 0.34771 0.945602 2.16162
748 1.55447 1.06636 0.801744 1.22287
388 1.65331 1.08968 0.895179 1.15045
21 1.80415 1.23625 0.856927 1.25559
2 1.90539 1.72055 0.855007 1.24133
744 0.673153 1.318 0.81965 1.48859
743 0.56313 1.36797 0.829386 1.52864
921 0.924859 1.27481 0.765188 2.04561
303 0.759415 1.03295 1.06758 1.63586
107 0.644691 1.16288 1.29663 1.56934
257 0.618624 1.37955 0.906785 1.6711
368 0.632492 1.57738 0.749418 1.64523
727 1.01189 0.388278 1.37813 2.4938
620 1.32108 0.948056 0.807358 1.22907
622 1.35014 1.0238 0.841333 0.968544
57 1.77426 1.36753 0.922526 1.20117
809 1.56651 1.05689 0.89216 1.15902
4 2.15768 1.59391 1.2432 1.24238
62 1.54758 1.25165 0.926599 1.00113
343 0.764428 1.47774 1.24502 1.12025
492 0.804604 1.26984 1.16378 1.37852
111 0.733348 1.24445 1.28313 1.29855
272 1.14411 1.39654 0.600303 2.22431
276 0.783946 1.29898 0.649288 2.17236
259 0.678377 1.56536 0.787273 1.41419
253 0.549465 1.6841 0.686687 1.55834
135 0.565566 2.11752 0.950779 1.97396
133 0.806517 1.98221 0.815657 1.8087
366 0.75136 1.72847 0.706414 1.76329
808 1.83431 1.3567 0.87201 1.25913
185 0.539064 1.44746 1.46098 1.286
195 0.591625 1.35374 1.48544 1.2939
694 0.651449 1.26468 1.46098 1.17963
63 0.781835 1.40837 0.567971 1.43967
152 0.606952 1.56887 0.72909 1.43585
256 0.506679 1.7086 0.851591 1.48505
962 0.708656 1.51496 1.07402 1.5693
206 0.480107 1.24663 1.13376 1.26836
349 0.677886 1.30373 1.39381 0.85632
168 0.737869 1.69843 2.03368 1.04781
580 0.39568 1.38231 1.45588 1.45747
984 0.907136 1.26927 0.884607 1.48637
403 0.663958 1.62565 0.916424 1.52538
537 0.75696 1.61464 0.820679 1.70054
884 0.663504 1.17067 1.53419 1.11502
319 0.641842 0.977889 1.83221 1.19121
312 0.831669 0.881046 2.40587 1.26509
361 0.566555 1.64191 0.831177 1.84871
493 0.645596 1.58013 0.836857 1.4284
495 0.731637 1.43396 0.780603 1.49002
365 0.701509 1.73736 0.698869 1.74252
193 0.722786 1.10805 1.49246 1.2019
941 0.806568 1.07951 1.34472 1.38403
357 0.47553 1.318 1.21281 1.13194
504 0.793546 1.21559 0.652271 1.73456
69 0.880876 1.12322 0.522776 1.40478
571 0.888383 1.43294 0.626743 1.93882
497 0.894535 1.34306 0.61946 1.91422
284 0.979464 1.33177 0.461904 2.16797
289 0.872463 1.24389 0.725024 1.84584
617 1.05293 1.33668 0.813278 1.37422
74 1.17033 1.1738 0.876522 1.11288
83 0.907191 1.14655 1.50096 1.51467
785 0.697027 1.65069 1.41423 0.91463
666 0.928246 1.83194 1.39221 0.858413
760 0.691904 1.46062 1.31466 0.858552
274 1.28126 2.12399 1.52459 0.802132
513 1.05596 2.18322 1.80611 0.663212
670 0.773762 1.81181 1.45635 1.02802
604 1.45148 0.904234 1.02781 1.14924
444 1.69169 0.915443 1.14712 1.23808
134 2.23515 0.71936 1.56068 1.4642
159 0.642892 1.33738 0.915103 1.55211
249 0.628212 1.88894 0.862532 1.71569
203 0.685449 1.42167 1.13421 1.05179
188 0.557986 1.57153 1.33189 1.26252
585 0.439914 1.33654 1.57269 1.24637
848 0.828928 0.918519 1.52495 1.32473
882 0.597558 0.990596 1.7335 1.12538
614 0.568693 0.846449 1.75298 1.09492
131 0.768289 0.956774 2.38805 1.43962
897 0.712925 1.1988 0.989295 1.80213
927 0.730215 1.18594 0.712793 1.63594
887 0.861004 1.10832 0.953254 1.89626
903 0.878004 1.23927 0.917555 1.18421
215 1.01188 1.4199 1.1455 1.35599
813 0.935653 1.17043 1.04976 1.48888
395 0.791754 1.69861 0.982912 1.65735
363 0.668614 1.86962 0.841726 1.71029
769 0.878978 1.40284 0.896444 1.30234
170 1.13525 1.57054 1.16369 1.31672
341 0.683947 1.73073 1.74356 1.03569
860 0.599421 1.3937 1.55371 1.21834
764 1.34916 0.749875 1.08923 0.939411
627 1.75987 0.722356 1.28401 1.25171
441 1.62821 0.94229 1.31687 1.08722
353 0.715343 1.23 1.33501 0.993807
693 0.620369 1.16467 1.44544 1.17789
144 0.530572 1.4316 0.944666 1.64142
987 0.730672 1.18022 1.17769 1.28605
145 0.734248 1.56915 0.858265 1.51399
141 0.82349 1.39434 0.86148 1.67201
75 0.859749 1.43955 0.662307 1.21481
512 0.856694 1.22324 0.779635 1.56611
500 1.05347 1.19541 0.871088 1.64961
635 1.0648 1.45446 1.03144 1.4722
762 1.13941 1.16658 1.08365 1.26895
974 1.06533 1.26058 1.28925 1.39276
216 1.13945 1.38855 1.25985 1.55054
686 0.613033 1.22666 1.39072 1.42963
160 0.539447 1.54471 0.672266 1.53266
658 0.873606 1.41413 0.987097 1.46256
79 0.86804 1.15971 1.63938 1.67866
124 0.930755 1.10647 1.42269 1.24712
829 0.790223 1.0461 1.37048 1.41853
784 0.706859 1.22596 1.22044 1.62246
468 1.0372 0.473708 2.07225 1.43902
951 0.786453 0.993982 0.762073 1.74156
428 0.828878 1.25056 1.00791 1.71725
410 1.0787 1.40678 0.648428 2.33055
422 0.700546 1.19751 0.99362 1.62631
318 0.780498 1.20521 1.0347 1.83487
298 0.768025 0.898655 0.738481 1.60901
277 0.777533 1.3231 0.70252 2.27497
323 0.534646 0.684107 1.94256 1.10167
311 0.686775 0.920387 2.30823 1.39305
314 0.844086 0.651411 2.37666 1.38461
821 0.584899 0.955917 1.6329 1.0904
976 0.87756 1.08222 1.60976 1.4923
831 0.804494 0.809972 1.49482 1.24894
47 1.27212 1.04825 0.974062 0.953806
71 1.44715 1.32268 0.718802 1.08533
68 1.45311 1.30393 0.855115 0.962002
59 1.83661 1.42555 0.832756 1.2332
28 1.72842 1.36496 0.987923 0.738058
64 0.915129 1.66999 1.25774 0.874351
753 1.00555 1.87168 1.47057 1.02318
514 0.849031 2.03311 1.90964 0.868642
515 0.917004 1.92434 1.67793 0.85234
521 0.722287 1.50626 1.05284 1.31457
436 1.89522 0.745202 1.55028 1.37882
486 0.699064 0.681229 1.58836 1.4007
473 0.733147 0.684513 1.61847 1.52731
11 0.91135 0.84526 2.21855 1.31546
156 0.433647 0.836296 1.67985 1.33617
149 0.707872 1.39448 0.759 1.58794
485 0.71008 0.80856 1.83501 1.18872
321 0.621823 0.685318 2.26218 1.4297
322 0.79306 0.762477 2.14898 1.45165
474 0.735477 0.871995 1.72895 1.35912
505 0.785838 1.37433 0.954015 1.43781
223 1.25215 1.20607 0.961996 1.30563
770 0.987675 1.24267 1.21596 1.39068
799 1.04474 1.29099 1.14578 1.37993
641 1.1307 1.207 1.22036 1.35486
15 1.27353 1.32845 1.11799 1.42707
88 1.07408 1.26994 1.1321 1.56146
701 0.782958 1.15767 1.20297 0.951759
340 0.53549 1.57024 2.06478 1.12922
782 0.635143 1.09504 1.3874 1.5583
424 0.707137 1.151 1.01414 1.66385
280 1.0241 1.31475 0.549453 2.011
675 0.60399 1.35349 1.47399 0.95534
437 0.990617 1.87343 1.58773 0.803581
668 0.788293 1.66427 1.56538 1.01123
757 0.812015 1.47648 1.37973 1.21154
669 0.72234 1.63033 1.54376 0.804855
602 1.76038 0.938942 1.24728 1.09541
621 1.6253 1.17007 0.912352 1.1626
36 1.43239 1.32358 0.854168 0.95784
58 1.62004 1.29512 1.01821 0.935836
70 1.31952 0.908024 0.785352 0.941471
6 1.99133 1.49689 1.27827 1.06576
986 1.38187 1.11179 1.18888 1.31196
362 1.91297 0.864805 1.09048 1.51033
606 1.34402 0.821503 0.986656 0.973296
177 0.749619 1.42318 1.47734 1.18064
335 0.742581 1.00782 1.7226 1.39749
889 0.700567 0.931015 0.80113 1.74349
730 1.15998 0.256616 1.0856 1.92148
516 1.07477 0.387547 1.29285 2.27489
911 0.656209 1.14201 1.23939 1.51566
165 0.63805 1.32098 1.02025 1.65722
315 0.698695 0.755364 2.05622 1.40436
552 0.837634 1.01785 2.03105 1.0351
746 0.89925 0.718155 1.53731 1.0605
17 2.04117 1.42511 0.998267 1.25532
775 0.635167 1.03669 1.5673 1.22036
334 0.603744 0.680492 1.6702 1.24019
726 0.898588 0.589006 2.47575 1.48131
487 0.590753 0.742762 1.87889 1.30201
320 0.593882 0.847928 1.90994 1.12393
310 0.871586 0.803808 2.39304 1.4253
817 0.920966 1.03998 1.72657 1.36289
578 0.411392 1.33292 1.7579 1.64824
359 0.641936 1.22451 1.40295 1.05366
194 0.406291 1.25237 1.34942 0.94912
176 0.314681 1.59668 1.84912 1.1219
352 0.542858 1.17453 1.31366 1.15383
367 0.740384 1.50437 0.835113 1.45091
137 0.815622 1.55981 0.651479 1.81908
749 0.795746 1.60301 0.934056 1.44947
378 0.872415 1.45212 0.710203 1.41531
624 1.42889 1.22821 0.829895 1.08231
110 0.636484 0.979731 1.19186 1.47297
8 0.817391 0.726827 2.2548 1.5287
778 0.725156 0.706554 1.72149 1.05798
990 0.863284 1.19294 0.829451 1.60667
507 0.913521 1.1531 0.779076 1.58812
651 1.08763 0.17548 1.18915 2.28344
706 1.21685 0.235866 1.41182 2.64778
296 0.800178 1.00662 0.922833 1.72003
413 0.831854 1.29468 0.668517 2.19826
301 0.915329 1.10483 0.861881 1.51008
965 0.753447 0.928035 1.39159 1.43224
948 0.855994 0.900628 1.42495 1.59396
822 0.744002 0.848224 1.51343 1.3098
94 0.69371 1.04565 1.36779 1.54001
103 0.472832 1.15356 1.58256 1.24233
106 0.833603 1.31457 1.03706 1.43998
265 0.808698 1.35329 0.84118 1.49086
411 0.870243 1.03509 0.901502 2.16087
102 0.602267 0.946901 1.41375 1.43889
358 0.583864 1.30055 1.30697 1.12042
427 0.703238 1.37696 1.22144 1.10553
587 0.640264 1.19242 1.35914 1.4081
838 0.94306 1.50987 1.47418 1.0803
756 0.870106 1.76072 1.37824 0.877317
267 0.506611 1.48531 0.594877 1.44648
709 0.931703 0.500214 1.15093 2.06331
777 0.667134 0.786683 1.59549 1.11287
109 0.670424 1.1775 1.29649 1.39924
843 0.796788 1.22052 1.33356 1.35995
616 0.793293 0.976958 1.33043 1.14321
953 0.846819 1.11321 0.738326 1.68685
291 0.821289 1.34831 0.73464 1.68538
162 0.599851 1.4475 0.762923 1.52887
150 0.853424 1.64459 0.512866 1.55755
23 1.77392 1.39385 0.877143 1.21411
460 1.53386 0.733422 0.971205 1.21919
994 1.02803 1.27776 1.14142 1.43122
652 1.06247 0.198777 1.08478 2.03424
435 2.10974 0.568415 1.4728 1.65658
631 1.38339 0.648749 1.1169 1.31481
452 1.36361 0.9122 1.10189 1.19388
925 1.5492 0.989203 1.00637 1.11112
548 1.78834 1.26105 0.928493 1.09049
542 1.52145 0.983535 0.926836 0.960433
692 0.729472 1.21634 1.52592 1.13266
169 0.602983 1.80702 1.93806 1.03869
344 0.485866 1.38361 1.62797 1.21618
178 0.73179 1.53835 1.66345 0.969981
190 0.555877 1.48496 1.28923 0.994605
182 0.734499 1.54674 1.41622 1.13063
292 0.964744 1.45602 0.693583 1.80686
418 0.791532 1.24924 0.746273 1.83409
415 1.19718 1.2825 0.663177 1.60832
423 1.20315 1.07908 0.992943 1.46273
922 1.04429 1.02399 0.76412 1.58848
305 0.760669 1.17975 0.973849 1.52332
483 0.576413 0.840231 1.38394 1.25497
309 0.948436 0.646039 2.5252 1.62056
650 0.753595 0.737943 1.62122 1.20894
304 0.83689 1.0777 0.619489 1.82608
574 0.834608 1.15204 0.682353 1.72132
283 0.847375 1.37232 0.689978 2.04367
286 0.877734 1.3621 0.642115 1.90978
864 0.627095 1.17754 1.06426 1.2495
226 0.987147 1.57124 1.22037 1.23916
982 1.00454 1.35288 1.08265 1.33919
798 1.0889 1.36264 1.00532 1.4059
209 1.12781 1.35143 1.20762 1.44465
293 0.810694 1.04511 0.608157 1.85696
678 0.613748 1.20588 1.03208 1.13029
533 0.629338 1.48792 1.28196 1.00908
369 0.666426 1.83582 1.53366 0.821387
374 0.802106 1.39237 0.830832 1.50727
449 1.65137 0.88689 1.11934 1.20665
891 1.60644 0.988592 1.28405 1.24617
595 1.7193 1.02761 1.28502 1.17328
594 1.60685 0.986997 1.24931 1.24653
448 1.61461 0.704867 1.16334 1.27688
626 1.62663 0.799525 1.34057 1.50936
573 0.657867 1.1094 0.645728 1.76243
577 0.741832 1.19889 0.894331 1.65191
628 1.90291 0.616987 1.17462 1.64303
634 1.46978 0.703851 0.944505 1.22509
67 0.699969 1.46249 0.798386 1.35986
968 0.885396 1.33921 1.03579 1.3935
664 0.997378 1.69245 1.82166 0.960102
672 0.76254 1.30233 1.24932 1.28677
519 0.860427 1.92337 1.58206 1.04852
875 0.591158 1.33193 1.35829 1.14067
438 0.814549 1.36668 1.73352 0.956985
867 1.04135 1.24377 1.08453 1.29594
77 1.26645 0.987752 0.951481 0.911994
697 0.840943 1.47333 1.44295 0.955141
852 0.597493 1.15423 1.20065 1.02072
929 0.822055 1.35202 1.16449 0.95995
682 0.459676 1.51509 1.70801 1.20004
155 0.621575 1.60252 0.904105 1.65049
928 1.01934 1.27911 1.18791 1.20431
983 0.654116 1.34016 1.33273 1.30431
356 0.567848 1.31588 1.54638 1.19556
912 0.941193 1.3447 1.2442 1.29327
866 1.12928 1.19077 1.14117 1.32472
237 1.21154 1.26958 1.0101 1.3552
698 0.634762 1.26684 1.67982 1.12836
279 0.987425 1.32035 0.517823 2.15968
572 0.794114 0.923621 0.997931 1.67514
25 1.78104 1.39488 1.0009 1.21694
37 1.50328 1.10735 0.898549 1.16498
51 1.94089 1.30266 1.03964 1.26172
48 1.47405 0.980052 0.863694 0.924908
538 1.7196 1.03607 0.890936 1.28091
540 1.1593 1.49512 1.40945 0.910655
89 0.848932 1.09369 1.45621 1.53931
225 1.18927 1.20091 0.934724 1.36682
211 1.24505 1.21378 1.09103 1.47556
232 1.15316 1.19052 0.953466 1.2716
24 2.00094 1.49239 0.943989 1.09676
26 1.82475 1.10437 1.10046 1.17887
222 0.733212 0.708681 1.93511 1.37612
384 1.5219 1.06322 0.862856 0.941037
53 1.87873 1.4086 0.961454 1.26069
463 1.51155 1.13373 0.988603 0.956714
981 0.683766 1.39841 1.08557 1.38939
461 1.05785 1.17999 1.24694 1.3675
84 0.748006 1.27679 1.60697 1.57237
789 0.825782 1.28454 1.47688 1.50628
397 0.462775 1.2503 1.26583 1.45274
61 1.21338 1.16746 1.28315 1.18443
212 0.779438 0.935241 1.82714 1.34379
935 0.819839 0.845918 1.7687 1.45777
132 0.738771 1.9718 0.831116 2.02313
281 0.575727 1.14556 1.44387 1.59996
794 0.667901 0.925169 1.66425 1.32092
610 0.719142 1.0134 1.88476 1.67494
275 0.893588 0.664298 2.18329 1.32034
885 0.728662 1.28202 1.15649 1.00633
755 1.03108 1.63347 1.33906 0.978758
613 0.610333 1.07845 1.42351 1.47813
612 0.698395 1.09769 1.59608 1.34912
476 0.723932 0.848724 1.66074 1.19904
892 1.19479 0.911575 0.8249 1.11631
447 1.58352 0.773453 1.24465 1.37623
454 1.67697 0.597841 1.09303 1.07156
526 0.586664 1.79878 1.3729 0.957542
294 0.749041 1.29158 1.02196 1.5615
890 0.92664 0.782226 1.80987 1.29889
636 1.01345 1.33087 1.14701 1.46144
638 1.29382 1.33441 0.945439 1.41035
121 0.962335 1.00677 1.02781 1.16392
22 1.91874 1.18463 0.873869 1.45594
386 1.69573 1.02954 0.690743 1.36226
684 0.682886 1.40252 1.72649 1.14968
630 1.00339 0.520976 1.07774 1.94247
736 0.846616 0.528486 1.08225 1.73653
683 0.602003 1.38183 1.51217 1.3138
841 1.00002 1.05216 1.53631 1.46341
394 0.949389 0.394819 1.23392 2.48376
825 0.972776 0.617224 1.1453 2.28801
707 0.9949 0.338487 1.32014 2.54615
717 0.907571 0.631696 1.06057 1.74822
174 1.09419 0.501771 1.24592 2.16203
637 1.002 0.410913 1.21629 2.25251
750 0.650295 0.623142 1.10432 1.76457
836 0.644449 0.955259 1.27423 1.36043
780 0.603475 1.21664 1.46181 1.51155
85 1.12938 1.05555 1.46298 1.39804
576 0.868626 0.992608 0.946878 1.56824
774 0.68765 0.948256 1.69777 1.33975
924 1.04418 1.11718 1.49814 1.41614
472 0.741477 0.61329 2.16787 1.33918
464 1.43085 1.1107 0.880418 1.29376
5 2.22313 1.57298 1.07671 1.4005
250 0.603877 1.66548 0.924665 1.59003
491 1.29256 1.07921 0.958339 1.15235
592 1.96523 0.989639 1.4911 1.34485
439 1.89731 0.721276 1.36103 1.39831
734 0.959957 0.748886 1.21455 1.91138
711 1.01606 0.43831 1.21395 1.95805
115 0.709568 0.886863 1.25282 1.4221
112 0.433385 0.789892 1.36338 1.5681
930 0.656749 1.00116 1.41836 1.53978
93 0.454834 1.14462 1.50957 1.6673
401 0.582935 1.00136 1.54003 1.40437
793 0.976461 1.0219 0.975987 1.2774
398 0.673024 1.4335 0.863828 1.69369
260 0.515803 1.303 0.691594 1.54141
489 0.609871 1.61015 0.865668 1.61509
660 0.625826 1.41443 0.896788 1.35477
43 1.01785 0.903641 1.09337 1.07773
192 0.62612 1.34373 1.50059 1.36871
975 0.901333 1.15331 1.31926 1.28495
416 0.801044 1.14312 1.0009 1.66895
499 0.749728 1.21313 0.927215 1.46207
429 0.764325 1.22519 0.898932 1.60892
544 1.37242 0.913562 0.917132 1.04358
31 1.66108 0.867891 1.08745 1.19962
383 1.77074 1.22454 1.00448 1.29521
18 2.07991 1.34195 1.00679 1.44403
30 1.89487 1.20393 0.928862 1.20208
754 1.10442 1.65615 1.3617 1.23936
531 1.06668 1.25483 1.35049 0.937529
330 0.612695 0.67062 1.43816 1.46623
936 0.73305 0.671932 1.01442 1.63742
502 0.796615 1.29268 0.821717 1.63844
995 1.07297 1.6606 1.56868 1.24798
758 0.859134 1.54094 1.42822 1.28967
851 0.88283 1.60014 1.69489 1.04033
776 0.841807 1.48163 1.5177 0.965863
517 0.919028 1.85194 1.61182 0.942681
837 0.920193 1.67336 1.59351 1.00608
883 0.789225 1.57856 1.27165 0.817461
202 0.802473 1.30621 1.37496 1.13472
41 1.58974 1.13825 0.930021 1.13585
392 1.4139 1.00774 0.905489 1.0769
546 1.70126 1.05712 1.14468 1.09464
608 1.41252 0.870008 1.18224 1.09146
179 1.70573 0.748428 1.50583 1.15751
379 0.690726 1.17145 1.01169 1.32998
375 0.681188 1.38276 0.797182 1.34629
772 0.609804 1.25336 1.29296 1.36329
963 0.7539 1.30969 1.2978 1.067
923 0.591351 1.31827 1.39776 1.16311
342 0.895491 1.5615 1.63271 0.955673
972 0.568633 1.37331 1.3689 1.09648
80 0.37304 1.2942 1.74652 1.76284
902 1.07452 1.28085 1.11528 1.22191
812 0.852622 1.25261 1.08991 1.36206
702 0.847688 1.18384 1.15659 1.14789
800 0.953853 1.3121 1.03473 1.34813
802 1.01584 1.18447 1.26727 1.33757
645 0.992622 1.16211 1.25546 1.49095
336 0.737855 0.928584 1.71369 1.35228
742 0.71602 1.03934 1.49783 1.39452
324 0.537973 1.02216 1.68013 1.47044
443 1.68282 0.934475 1.18804 1.3789
104 0.910191 0.946521 1.43968 1.40585
101 1.01746 1.18933 1.21966 1.26656
593 1.61418 0.845829 1.14058 1.44494
564 1.53386 0.881109 1.01176 1.21735
725 0.732018 0.921841 1.30551 1.57962
545 0.776255 1.1221 1.41934 1.52304
971 0.582804 1.26708 1.36335 1.26771
204 0.567802 1.24705 1.48105 1.15903
455 1.14028 0.814171 1.02238 1.05589
737 0.752301 0.651401 1.04962 1.62631
40 1.51487 1.06716 0.930795 0.979209
967 1.37076 1.07227 1.25666 1.30623
459 1.52664 0.851644 0.997205 1.07281
122 1.08581 0.731745 1.18593 1.02117
996 1.02854 1.17197 1.16329 1.45236
402 0.658303 1.54717 0.853295 1.68856
99 0.74824 1.07594 1.42032 1.48732
779 0.683879 1.05638 1.25096 1.16056
351 0.543754 1.46203 1.40318 1.1419
456 1.2127 0.622542 1.32171 1.11966
450 1.53729 0.839923 1.13111 1.26164
609 1.6478 0.780117 1.35595 1.19184
596 1.71589 0.744058 1.21052 1.06307
584 0.680317 0.999781 1.33979 1.57193
105 0.937152 1.09705 1.24714 1.27174
899 0.749349 0.950094 1.45604 1.20457
850 0.677083 0.94727 1.23006 1.29565
547 0.885956 0.505783 1.08721 1.99723
689 0.564703 1.22279 1.16079 1.13644
475 0.575492 0.870971 1.5336 1.44481
563 0.681989 1.65772 0.830815 1.61219
13 0.823929 1.80767 0.764948 1.96532
66 1.52148 1.21743 0.777611 1.2035
14 1.89487 1.39179 1.07235 1.15903
961 0.473764 1.34675 1.40076 1.16685
147 0.462203 1.55918 0.97469 1.4757
795 0.576236 1.14734 1.44094 0.993578
189 0.540157 1.46056 1.49321 1.08773
347 0.564121 1.19503 1.30818 1.20276
350 0.952505 1.2163 1.16584 1.02066
12 1.84461 1.62891 0.905794 1.19521
34 1.60274 1.03186 0.906205 1.27943
863 0.698309 1.26834 1.44691 1.23245
181 0.717402 1.61921 1.56275 1.07734
482 0.675734 0.687484 1.67928 1.20066
556 0.557326 1.12257 1.69223 1.06175
218 1.14449 1.06757 1.2954 1.38041
200 0.513517 1.19819 1.02122 1.07874
862 0.495703 1.32708 1.67775 1.18454
771 0.978064 1.27785 1.03851 1.18483
642 0.915727 1.10731 1.19599 1.38426
901 0.937045 1.29008 1.22336 1.18218
803 0.903154 1.25299 1.11779 1.27933
228 0.956395 1.26244 1.19492 1.33685
481 0.722228 0.757335 1.5242 1.17465
858 0.828762 0.844605 1.73057 1.40628
879 1.15034 1.33569 1.04499 1.36997
346 0.82037 1.42012 1.54901 1.29262
719 0.923012 0.781564 1.11272 1.77506
847 0.669881 0.562967 1.21372 1.85448
985 0.798301 0.909079 1.32969 1.9611
915 1.0979 1.29903 1.01913 1.45982
747 1.20619 1.45204 1.12892 1.42125
234 1.09581 1.33452 1.15999 1.36431
550 1.48579 1.2201 0.930226 1.16508
60 1.6885 1.03284 0.870373 1.19183
91 0.713132 1.20964 1.53681 1.5338
285 0.665024 1.15079 0.670083 2.10751
639 0.979953 1.1945 0.98506 1.42544
407 0.673425 1.40799 0.817202 1.46927
399 0.512231 1.52839 0.942265 1.50572
525 0.862627 1.69519 1.40385 0.906272
534 0.440766 1.3856 1.44281 0.886373
355 0.615932 0.945019 2.02764 1.23591
557 0.793704 0.721012 1.26198 1.23945
632 1.49316 0.858359 1.23961 1.39073
704 0.624678 1.26968 1.43386 1.23788
229 1.06041 1.36386 1.1325 1.28765
532 0.77791 1.59875 1.37298 0.928444
535 0.857346 1.26709 1.03439 1.03057
818 0.712056 0.991379 1.57157 1.42705
807 0.738902 1.15962 1.0633 1.10246
998 0.90327 1.33048 1.38798 1.34651
360 0.730168 1.25874 1.48989 1.14318
371 0.770416 1.50301 0.771187 1.48475
581 0.62869 1.23739 1.45333 1.58047
835 0.486329 1.00321 1.42134 1.23451
113 0.916264 1.1705 1.18427 1.14574
917 1.25861 0.929469 0.802688 1.04213
56 2.16071 1.40959 0.922012 1.19163
611 0.948607 1.09714 1.72048 1.23464
329 0.990715 0.786732 1.72127 1.1668
440 1.85776 0.672771 1.54251 1.31768
597 1.45288 0.708932 1.11354 1.41212
100 0.61916 0.927012 1.27309 1.67701
588 0.710948 0.876 1.23435 1.56721
477 0.66899 0.793625 1.72854 1.07561
919 1.98487 1.12321 1.33181 1.19979
44 1.48416 0.969695 0.766075 1.0851
372 0.933914 1.58347 0.953186 1.67547
868 0.828124 1.24111 0.923323 1.4648
865 1.11886 1.32245 1.09703 1.48792
722 0.800245 0.580351 0.986278 1.70011
898 0.822094 0.625676 1.53429 1.10945
679 1.02968 1.30704 1.22552 1.3217
92 0.550132 1.3133 1.47238 1.55917
842 0.788048 1.11074 1.36706 1.4217
478 0.718446 0.891754 1.90742 1.39597
786 0.524074 1.17952 1.41889 1.19554
938 0.718703 1.16522 1.20303 1.18739
245 1.00813 1.28362 1.13491 1.33106
735 0.998984 0.627802 1.15623 1.71799
759 1.00079 1.54358 1.25036 1.1188
453 1.53542 0.908908 1.2672 1.10159
331 0.628233 0.959537 1.70689 1.30783
247 0.512265 0.877251 2.20845 1.50042
167 0.554749 0.8245 0.991609 1.92973
752 1.29326 1.07237 1.08576 1.33928
720 1.1783 0.832926 0.92313 1.51116
763 1.68423 0.771385 0.927097 1.23836
914 1.11549 1.17716 0.921974 1.40236
649 0.765432 1.28611 1.15456 1.29879
640 1.02958 1.30643 1.12865 1.37936
236 0.904874 1.11628 1.08925 1.18614
317 0.629113 0.706756 2.16806 1.23663
656 0.666078 1.53761 1.05827 1.59928
819 0.687904 1.03189 1.4496 1.37891
264 0.611666 1.36183 0.876579 1.65986
164 0.648845 1.25591 0.764385 1.54637
920 1.57075 1.07863 0.902646 0.922604
950 0.980316 0.701084 1.1669 1.70382
828 0.920263 0.497074 1.01021 2.07108
733 0.79478 0.68916 1.15082 1.91281
827 0.829595 0.370232 1.32306 2.15424
718 0.822291 0.69454 1.07554 1.68941
623 1.17765 0.898178 1.0712 1.17018
426 0.832023 1.21389 0.645894 1.58714
484 0.646371 0.854348 1.65192 1.13923
480 0.603207 0.961169 1.57578 1.27142
619 1.49254 1.01282 0.701711 1.0643
943 0.97491 0.688825 0.958513 1.64543
655 1.51303 0.905251 1.21825 1.45482
926 1.51281 1.08285 1.1896 1.1977
380 1.86614 1.27545 1.16249 1.26807
823 0.646976 0.855161 1.45661 1.12677
618 1.03902 0.781392 1.38651 1.32177
945 1.0492 1.16322 1.1039 1.31837
816 0.789708 0.985433 1.12631 1.26571
479 0.628138 0.736109 1.66372 1.27017
119 0.661481 1.26997 1.22009 1.50963
792 0.602861 1.15426 1.24219 1.60748
913 1.2443 1.17223 1.15066 1.44245
235 0.9482 1.27627 1.28107 1.32806
244 1.37418 0.907765 1.16059 1.17317
761 1.4664 0.958675 0.936724 1.35683
442 1.7176 0.8515 1.35784 1.27969
783 0.6999 0.880854 1.45986 1.51448
907 0.855103 0.549517 1.02086 1.86389
846 0.968962 0.481459 1.1593 2.1372
183 0.731417 1.45973 1.44133 1.16768
295 0.629773 1.22554 1.18764 1.15793
874 0.690951 1.39301 1.42515 1.1065
511 0.795074 1.22221 1.03659 1.13319
906 0.80972 0.402726 1.19056 2.07755
916 1.521 1.0471 1.25107 1.25113
790 0.94592 1.17739 1.37004 1.46263
876 0.736877 1.30476 1.30141 1.25922
787 0.782483 1.11607 1.30371 1.3872
241 0.869117 1.00193 0.996931 1.3833
729 0.925379 0.427175 1.18068 2.12433
731 0.758374 0.632756 1.08252 1.77775
520 0.892932 1.71105 1.55251 1.15909
220 1.05932 1.83335 1.33191 0.982571
560 0.672995 1.56653 0.722227 1.83751
568 0.815006 1.31927 0.725988 1.48812
421 0.777065 1.30742 0.744396 1.83235
599 0.775508 1.31601 1.05872 1.24342
768 0.934937 1.20079 1.15105 1.35227
881 1.01688 1.27723 1.11171 1.43233
956 0.912568 1.29386 1.18924 1.3452
240 0.871767 0.922765 0.928507 1.45391
933 0.996331 1.19934 1.33254 1.42967
970 1.08069 1.28685 1.32001 1.36695
451 1.46034 0.728785 1.23572 1.11416
977 0.787589 0.897694 1.39556 1.42532
815 1.04625 1.08306 1.02798 1.19987
328 0.82908 0.612734 1.44149 1.27323
196 0.646793 1.34323 1.36692 1.15013
161 0.75702 1.15539 0.726094 1.36718
671 0.963615 1.51432 1.40089 1.01086
712 0.915266 0.470503 1.18897 1.94457
880 0.91008 0.448743 1.26932 1.78308
691 0.811112 0.82577 1.2722 1.64655
732 1.29702 0.485526 0.929034 1.84762
960 0.580653 0.608505 1.38549 1.72627
38 1.42885 0.828044 0.774748 1.18859
946 0.61829 0.760584 1.59736 1.61512
466 1.55879 1.16877 0.583756 1.07994
646 0.892551 1.0869 1.07021 1.42331
233 1.15465 1.39669 0.961094 1.25594
997 1.00269 1.56933 1.51494 1.19395
554 0.659942 1.14542 1.54238 1.028
523 0.857973 1.56052 1.44821 1.34541
801 0.814798 1.21678 0.992292 1.27983
872 0.767114 0.890732 1.63901 1.0711
569 0.599947 1.04259 1.43715 1.11876
791 0.842984 1.13418 1.42667 1.42344
900 1.09737 1.21979 1.23185 1.38624
877 0.906742 1.25659 1.24767 1.31855
558 0.720642 0.851544 1.38155 1.31251
114 0.670186 1.14746 1.30143 1.45381
201 0.689196 1.24704 1.37118 1.22855
687 0.920089 1.27225 1.36794 1.2518
940 1.43433 1.17005 0.916487 1.17628
949 0.888019 1.16217 1.18255 1.43841
297 0.89879 1.15196 0.692205 1.47776
653 1.37877 0.926804 1.10299 1.1762
431 0.729401 1.24553 0.897053 1.39642
198 0.45391 1.09521 1.47254 1.13797
72 1.26407 1.02025 0.858051 1.14999
855 1.40318 0.967556 0.941752 1.12608
939 1.44212 1.10454 0.908919 1.29822
895 0.801581 1.20462 1.24421 1.50819
989 0.863159 1.23048 1.35818 1.42599
140 0.772947 1.64632 0.670859 1.75703
116 0.540727 1.04685 1.12782 1.42404
673 0.79753 1.16258 1.37604 1.41816
766 0.787809 1.24082 1.1026 1.35399
888 0.751952 1.35502 1.08561 1.64703
270 0.505679 1.19921 1.04069 1.12848
615 0.583201 0.572098 1.30619 1.68109
667 0.745664 0.627624 1.26918 1.83199
214 1.14956 1.46335 1.19481 1.41405
231 1.08092 1.40439 1.10881 1.32791
738 0.77485 0.81002 1.54371 1.3182
98 0.77428 1.08452 1.50671 1.35337
979 1.02608 1.11259 0.858989 1.39101
45 1.25018 1.03523 1.00569 0.837406
32 1.65512 1.02219 1.18691 1.0894
325 0.67022 0.771323 1.73688 1.20405
263 0.6848 1.78286 1.17162 0.975893
139 0.488214 1.57817 1.08516 1.63824
306 0.753062 1.19998 0.897478 1.56563
400 0.708111 1.05187 1.35731 1.53805
239 0.895086 1.17378 1.14809 1.36923
765 0.664579 1.06075 1.43342 1.4114
387 1.69433 1.13908 0.977059 1.19471
242 1.19666 1.33859 1.14723 1.33525
566 0.640939 1.37782 0.983556 1.51974
414 0.811699 1.44827 0.9547 1.74811
741 0.939319 1.28143 0.74756 1.44798
146 0.752214 1.60732 0.701793 1.57927
123 0.579133 0.918683 1.31977 1.31462
529 0.798929 1.64797 1.4838 0.970868
332 0.655404 0.697599 1.6309 1.08783
999 1.06063 1.1443 1.38579 1.37669
76 1.54992 1.20052 0.849126 1.01122
804 0.725203 1.02455 1.31526 1.39175
254 1.41611 1.39453 1.23263 1.3212
528 0.685717 1.02543 1.56273 1.17543
955 0.892791 1.50729 1.26724 1.2673
625 1.32008 0.999398 0.799172 1.15093
370 0.729449 1.54467 0.615617 1.53469
55 1.85819 1.49522 0.755153 1.31405
35 1.52914 1.02508 1.05802 1.00388
700 0.617342 1.21901 1.4075 1.16918
934 0.734044 0.825375 1.47054 1.22942
327 0.723934 0.787993 1.77062 1.26457
287 0.946656 1.27349 0.520141 1.79729
586 0.532644 1.10232 1.272 1.59315
154 0.551866 1.12722 1.25737 1.55473
338 0.689367 0.879096 1.47836 1.1381
230 1.07243 1.24489 0.976226 1.23942
633 1.4071 0.905137 1.25772 1.02188
648 1.1697 0.723941 1.12199 1.12589
582 0.76167 1.06478 1.4399 1.39848
988 0.886919 1.01248 1.28742 1.60227
73 1.43278 1.06564 0.797082 0.906359
197 0.437091 1.31525 1.50767 1.0067
95 0.77265 1.06618 1.41296 1.44004
268 0.605632 1.34141 0.715213 1.39668
570 0.780589 1.41814 0.8224 1.75745
385 1.48326 1.17478 0.863409 0.995023
654 1.02034 0.757055 1.01497 1.5854
389 0.927 0.815983 1.19038 1.11067
715 0.977905 0.405257 1.0422 1.82143
716 0.754572 0.621031 1.14784 1.78853
605 1.11841 1.23552 1.23554 1.12695
840 0.782012 1.35485 1.3544 1.09453
326 0.814766 0.816724 1.42081 1.21983
488 0.743418 1.53479 0.936826 1.4811
549 1.03551 0.708993 0.910112 1.51904
644 0.955655 1.1894 1.07254 1.26305
221 1.04264 1.35464 1.24551 1.47071
643 0.908532 0.507585 1.10499 1.97261
354 0.448747 1.23074 1.41505 1.12534
258 0.583502 1.4239 0.958472 1.36669
269 0.507709 1.52796 0.80864 1.42944
143 0.582444 1.47881 0.975633 1.5897
420 0.817171 1.2215 1.34162 1.54658
148 0.761746 1.60778 0.751865 1.5553
886 0.798844 1.17829 0.770413 1.4893
703 0.740261 1.33462 1.35912 1.35296
583 0.768738 0.915744 1.36911 1.44101
894 0.754908 0.977755 1.35837 1.29156
49 1.40013 1.03421 0.613336 1.0527
503 0.891851 1.34886 0.916152 1.55383
659 0.697493 1.28921 0.785833 1.47935
510 0.709156 1.03973 0.906713 1.4863
469 0.717344 1.15478 1.45441 1.46032
893 0.696243 1.1801 1.42333 1.48935
603 1.5137 1.02605 1.26886 1.27083
600 1.37999 0.90831 1.15944 1.1357
458 1.20432 0.844332 1.21924 1.06682
973 1.04864 1.62319 1.37202 1.31108
740 0.62946 1.49086 1.02784 1.426
376 0.546694 1.22649 1.02848 1.3372
252 0.907641 1.56633 0.953658 1.47756
97 0.410039 1.14614 1.40865 1.5314
465 1.19912 1.25922 0.94572 1.37911
238 0.793373 1.30159 0.934749 1.35802
690 0.769144 1.30098 1.2249 0.98383
833 0.772888 0.638206 1.15044 1.85417
299 0.817057 1.13048 0.719444 1.60955
806 0.820665 1.07186 1.24588 1.44251
677 0.794385 1.34436 1.39415 1.04235
918 0.671112 1.05869 1.38222 1.03881
191 0.56032 1.25777 1.62529 1.12915
857 0.749933 1.0127 1.49547 1.39504
158 0.687535 1.3561 0.771898 1.46514
153 0.537196 1.36169 0.650889 1.52863
591 2.01361 0.755853 1.38781 1.46494
567 0.622734 1.44745 0.968301 1.67781
661 0.598259 1.07616 0.768145 1.32646
555 0.580661 0.922038 1.49714 1.29886
78 1.29542 1.27273 0.826045 0.889523
811 1.44179 1.19761 0.881639 1.02501
157 0.79424 1.56557 0.80209 1.52359
647 0.937239 1.10987 1.06939 1.27124
199 0.608014 1.33282 1.38255 1.14371
781 0.746841 1.33623 1.4092 1.61773
494 0.748922 1.2897 0.800126 1.60768
952 0.889607 1.08029 0.880136 1.72034
830 0.798042 0.656535 1.0854 1.71305
832 0.865398 0.790367 1.22971 1.88446
290 0.894003 1.40207 0.846832 1.69511
166 0.648219 1.39753 0.801033 1.65149
814 0.890885 1.27604 1.16051 1.24109
797 0.693498 1.0276 1.30703 1.26943
117 0.834762 1.08654 1.35856 1.27501
676 0.716541 1.26513 1.19104 1.25778
377 0.727211 1.37256 1.09859 1.24696
501 0.979906 1.40994 1.164 1.32735
724 0.885805 0.867093 1.07546 1.83971
408 0.613097 1.16326 0.800444 1.456
773 0.717996 1.60427 0.976803 1.40678
878 0.812078 1.2828 1.28512 1.03498
508 1.39727 0.89021 1.13512 1.27414
873 0.763081 0.99617 1.56523 1.47892
302 0.793539 1.01374 0.75139 1.7838
509 0.754329 1.16674 0.896991 1.35188
506 0.952038 1.12143 0.832051 1.34184
118 0.593311 0.960818 1.25835 1.39679
490 0.889231 1.52477 0.600899 1.67125
559 0.643132 0.760459 1.64741 1.20382
607 1.17024 0.991146 1.06052 1.20212
657 0.799204 1.30881 0.911589 1.61293
796 0.725963 1.02008 1.38193 1.3242
910 0.665509 1.35007 1.54748 1.15302
869 0.620812 0.60688 1.64338 1.17552
993 0.928457 1.70251 1.46814 1.20378
942 0.831634 0.703388 1.27146 1.71706
393 1.4852 0.959006 0.862281 1.18328
931 0.781082 1.18069 1.30133 1.47326
932 1.09693 1.15199 1.20947 1.35634
714 0.998041 0.500102 1.17197 1.86726
406 0.605648 1.38636 0.703455 1.58716
820 0.793513 1.50366 0.930253 1.36691
