1000 8
740 1.25987 0.125785 0.506811 0.304198 0.0326931 0.707687 1.47857 -0.699412
375 1.05566 0.127565 0.523443 0.388146 0.104355 0.58737 1.51009 -0.615664
189 1.66504 -0.24739 0.679771 -0.0950103 -0.552569 0.790211 0.783345 -0.86823
853 1.4131 0.0501231 0.570247 0.105187 -0.148193 0.824323 0.932212 -0.777794
341 2.03326 -0.17671 0.610773 -0.0295124 -0.425352 0.892287 0.668081 -0.704689
184 1.67521 -0.282865 0.512007 -0.00274672 -0.590057 0.788602 0.77898 -0.704662
178 1.86346 -0.515467 0.475582 -0.0542434 -0.712936 0.800009 0.825055 -0.873746
989 1.35233 0.0988966 0.641167 0.155017 0.0211638 0.96877 1.15751 -0.849388
581 1.36578 0.117541 0.567251 0.0540032 -0.136122 1.00783 1.08198 -0.942138
400 1.28775 -0.00642841 0.503384 0.230975 -0.05292 0.838777 1.22294 -0.811743
783 1.42626 0.0406449 0.585239 0.19027 0.0330297 1.03317 1.08717 -0.878238
578 1.18983 0.0542175 0.412977 -0.119944 -0.514447 1.27814 1.20755 -1.06692
836 1.275 -0.00452141 0.594069 0.0921978 -0.233965 0.998279 1.04457 -0.804258
96 1.30937 0.0770085 0.482222 0.0211595 -0.134514 1.02327 1.1113 -0.953797
582 1.30366 0.0706477 0.552918 0.00893936 -0.158103 1.0366 1.06328 -1.06965
481 1.15929 0.12246 0.850438 -0.03688 0.102906 1.04901 0.855505 -0.875247
858 1.28162 0.0486301 0.735384 -0.057218 0.200567 1.08072 0.888596 -0.894182
340 1.88926 -0.323267 0.840682 -0.164878 -0.648384 1.06762 0.629609 -0.94526
175 1.85609 -0.38372 0.593879 -0.103364 -0.743209 0.993662 0.763729 -1.01657
295 1.37341 0.0854817 0.454804 -0.153193 -0.106911 0.82408 0.767169 -0.807771
172 1.83722 -0.121518 0.663375 -0.0977191 -0.802517 1.06119 0.798323 -0.830476
143 1.27476 0.136286 0.635711 0.277466 -0.14062 0.564057 1.69418 -0.627667
780 1.13951 0.0394899 0.635654 -0.10571 -0.356271 0.902697 1.32151 -0.970109
186 1.54219 -0.0722075 0.550924 0.0301617 -0.425299 0.740408 0.872431 -0.810483
126 2.15408 -0.32393 0.678726 -0.179094 -1.02267 1.11835 0.864789 -0.896675
174 1.0434 -0.41075 0.452988 0.341873 0.0538642 1.27433 0.93221 -1.05383
706 0.715489 -0.294801 0.504637 0.522573 0.208337 1.71385 0.99783 -1.4732
729 1.10205 -0.178952 0.564447 0.332196 0.120251 1.21363 0.912795 -1.13171
735 1.04117 -0.0758869 0.610796 0.224447 -0.0604983 1.23674 0.944139 -1.17274
127 1.52469 0.334399 0.756141 0.541185 0.15434 0.607099 2.36305 -0.610948
249 1.22318 0.354436 0.612657 0.317215 0.0531175 0.576124 2.01325 -0.69084
247 1.08519 0.216315 1.41434 -0.270721 0.405784 1.18674 1.06729 -0.843953
311 1.02729 0.0434713 1.50754 -0.161027 0.513395 1.33409 0.942007 -0.969662
312 1.17772 0.0402558 1.439 -0.283154 0.414269 1.29717 0.840146 -0.902746
168 2.35277 -0.677929 0.868118 -0.127945 -0.782158 1.02542 0.668213 -1.09157
343 1.70743 -0.240918 0.521696 -0.0714119 -0.549053 0.810703 0.866751 -0.77087
177 1.90705 -0.128588 0.714988 -0.207924 -0.631427 1.03664 0.620866 -0.880763
19 2.05495 -0.185973 0.67366 -0.0367922 -0.582576 1.00617 0.672032 -0.760549
210 1.10386 -0.00281315 0.895312 0.105371 -0.734131 0.636983 1.48981 -1.52865
221 1.23618 -0.0453922 0.811256 0.0729182 -0.402848 0.594576 1.24865 -1.2883
228 1.20162 -0.00483679 0.842828 0.121756 -0.536517 0.600247 1.23592 -1.22199
209 1.07356 -0.0144994 0.990671 0.0198862 -0.59095 0.642289 1.25593 -1.56056
239 1.15265 -0.0924457 0.746211 0.180267 -0.156695 0.766308 1.14271 -1.01818
635 1.04596 -0.0516686 0.933576 0.188604 -0.676178 0.54457 1.46318 -1.54963
225 0.980212 -0.327786 0.619744 0.149557 -0.354396 0.580013 1.2173 -1.27197
15 1.20353 -0.515067 0.644363 0.296455 -0.219505 0.583575 1.32779 -1.43014
766 1.06144 -0.0229046 0.618722 0.227235 -0.320239 0.743107 1.00778 -1.02749
371 1.23414 0.210017 0.560457 0.346852 0.0320654 0.668943 1.37618 -0.560759
157 1.18747 0.190747 0.662054 0.308204 -0.0492669 0.612113 1.58622 -0.770634
125 1.19267 0.476355 0.817098 0.46244 -0.0977356 0.886802 2.23831 -0.508448
134 1.6567 0.656869 0.614584 1.14772 0.188562 1.83245 0.867782 -0.694865
439 1.4389 0.233991 0.391939 0.867136 0.453897 1.68453 0.692688 -0.699037
592 1.46118 0.373904 0.578059 0.783556 0.222154 1.73863 0.735756 -0.745645
596 1.38628 0.250485 0.439558 0.692813 0.244432 1.36708 0.665692 -0.604053
433 1.73535 0.463732 0.421324 0.919778 0.321986 1.79032 0.769224 -0.756704
259 1.19433 0.213204 0.536572 0.284884 0.0237409 0.586495 1.44318 -0.657654
128 1.38461 0.580665 0.58404 0.633644 0.143686 0.707677 2.31418 -0.512286
366 1.08629 0.30607 0.536075 0.394679 0.0722414 0.654864 1.84893 -0.729036
133 1.28858 0.325329 0.428679 0.530169 0.00502569 0.660668 2.15948 -0.592096
13 1.13387 0.324463 0.614305 0.398421 0.155845 0.759123 2.0126 -0.592554
659 1.05448 0.162811 0.492767 0.218301 0.147189 0.661158 1.16207 -0.566963
656 1.12563 0.154949 0.535003 0.257131 0.036921 0.67068 1.60928 -0.555013
185 1.51236 0.00728248 0.595568 0.140619 -0.509431 1.08623 0.630426 -0.579605
990 1.45818 0.255059 0.600947 -0.0325496 0.186741 0.957272 1.15415 -0.880502
510 1.33869 0.187613 0.605494 -0.0432372 0.255934 0.792472 0.85975 -0.788187
272 2.07442 0.790551 0.648864 -0.643448 0.597966 1.04241 0.885587 -1.27517
69 1.38836 0.181388 0.375891 -0.228532 0.452517 0.718435 0.812062 -0.644926
571 1.74463 0.592108 0.441329 -0.619862 0.610507 0.965276 1.00975 -0.940013
1 1.98532 -0.679241 0.197126 0.758781 0.801441 0.760862 1.52636 -1.14631
51 1.65733 -0.628674 0.0502958 0.681371 0.659526 0.894186 1.14842 -0.89354
920 1.35328 -0.334327 0.134353 0.505089 0.403877 0.745487 1.00858 -0.596618
957 1.50909 -0.109427 0.541163 -0.00541752 -0.440253 0.886521 0.796358 -0.817348
180 1.79499 0.0224123 0.773676 -0.0940612 -0.607158 1.02014 0.71822 -0.765423
509 1.43588 0.21873 0.552597 -0.16521 0.093615 0.834993 0.776543 -0.718049
287 1.72352 0.482332 0.411238 -0.376194 0.611462 0.832986 0.928407 -0.831501
494 1.2814 0.203576 0.417665 0.148444 0.146806 0.675794 1.12532 -0.684994
130 1.44631 0.374192 0.540042 0.497537 0.179275 0.667012 2.18457 -0.490481
81 1.22998 0.282972 0.635227 0.433501 0.198029 0.651541 2.29095 -0.595354
203 1.37716 0.0431496 0.63873 0.0861461 -0.299371 0.855543 1.02838 -0.8406
772 1.38469 0.0743856 0.567349 0.16349 -0.0429357 0.803376 1.13962 -0.707073
99 1.34758 0.284205 0.624116 -0.102562 0.0272043 0.957103 0.915726 -0.915447
110 1.21968 0.0595438 0.484888 0.0550475 -0.0424396 0.934852 0.96115 -0.788699
789 1.3965 -0.141159 0.39908 0.0506404 -0.192528 0.973985 1.1868 -0.838422
16 1.70038 -0.768298 0.00117461 0.767235 0.627178 0.927824 1.40891 -0.942079
22 1.63874 -0.537738 -0.0109178 0.542424 0.730847 0.834589 1.31344 -0.867774
382 1.46604 -0.494067 0.222123 0.516667 0.667657 0.715051 1.28192 -0.792837
29 1.45109 -0.342668 0.163299 0.369508 0.623564 0.712128 1.10212 -0.922118
733 0.956919 -0.113778 0.553451 0.324732 0.0220489 1.14814 0.908413 -0.901962
667 1.22142 0.0140363 0.59324 0.329344 0.152493 1.27509 0.816564 -0.926953
728 0.967123 -0.112026 0.537949 0.33423 0.0149039 1.31786 0.874926 -1.11098
721 1.05741 -0.126707 0.395592 0.199686 -0.101838 0.906248 0.778587 -0.935075
904 1.16002 -0.225504 0.510013 0.5094 0.245834 1.21948 1.06839 -1.08277
936 1.10277 0.0246125 0.447072 0.260373 0.138122 0.924021 0.9049 -0.943464
709 0.960863 -0.0874736 0.696624 0.292254 -0.0258079 1.31686 0.853868 -1.20636
716 0.84616 -0.108825 0.678795 0.306198 -0.0364527 1.1281 0.935965 -1.03705
715 1.0282 0.0258458 0.551352 0.311682 0.108246 1.2224 0.710778 -0.797593
712 0.966786 -0.0950492 0.585242 0.276358 0.133445 1.22637 0.892141 -1.03053
516 0.887842 -0.0831012 0.587104 0.513379 0.0558274 1.57778 0.823118 -1.21132
880 1.12434 0.0080937 0.587626 0.195792 0.0843972 0.995753 0.962867 -0.972649
538 1.43622 -0.522105 0.00807019 0.630526 0.574115 0.730052 1.27541 -0.822668
4 1.8207 -0.531249 0.164545 0.779156 0.725237 0.993155 1.38138 -0.901366
391 1.33897 -0.462164 0.107372 0.626739 0.43853 0.662432 1.14852 -0.678051
39 1.30621 -0.421793 0.187657 0.558934 0.443094 0.811966 1.09355 -0.722237
3 1.69841 -0.875125 0.308372 0.663136 0.692099 0.897812 1.37967 -1.21187
5 1.86033 -0.742367 0.033484 0.697782 0.565477 0.885063 1.31421 -1.07007
387 1.37018 -0.583948 0.17617 0.572141 0.36187 0.743031 1.12908 -0.843658
741 1.03674 0.124276 0.475066 0.257406 0.0570606 0.63109 1.34847 -0.552384
251 1.22526 0.197248 0.567138 0.371683 0.074603 0.568091 1.85391 -0.680801
367 1.08083 0.13694 0.464806 0.296221 0.0447049 0.529047 1.70468 -0.584095
250 1.14047 0.256268 0.711238 0.269674 0.17772 0.557969 1.73963 -0.550714
142 1.10902 0.340694 0.597885 0.480239 0.184684 0.557389 1.77442 -0.528939
901 1.27927 -0.0249474 0.571067 0.073571 -0.179238 0.795564 1.02258 -1.01427
246 1.08965 0.0914731 0.520579 0.238813 -0.0535527 0.786501 0.876701 -0.871247
227 1.166 -0.150978 0.758318 0.0961577 -0.289713 0.63728 1.17638 -1.23742
207 1.03508 -0.448678 1.10386 0.40816 -0.474681 0.391349 1.52442 -1.84381
229 1.03378 -0.0683186 0.669632 0.145137 -0.484128 0.748583 1.39701 -1.20983
702 1.09513 -0.0278072 0.602777 0.162866 -0.199419 0.794589 0.895971 -0.942908
7 1.96135 -0.461663 0.526634 0.133029 -0.743742 1.01558 0.805405 -0.931978
684 1.70554 -0.165924 0.680896 0.0987101 -0.36387 0.984618 0.93469 -0.926339
854 1.44933 -0.232868 0.401509 0.346489 0.373495 0.815221 0.965216 -0.878069
14 1.63849 -0.762175 0.133562 0.604891 0.318101 0.788104 1.25506 -0.98063
50 2.42495 0.710684 0.850513 0.634808 0.280492 0.892377 1.12554 -0.251722
528 1.22141 0.322308 1.01841 0.0311909 0.2314 0.905007 0.858641 -0.685169
274 2.4999 0.699857 0.702419 0.32288 0.475775 0.86509 0.879246 -0.39265
534 1.51192 0.344464 0.67977 0.173141 0.126603 0.784862 0.788073 -0.474346
513 2.32623 0.586623 0.875848 0.380848 0.143063 0.9182 0.874584 -0.386149
515 2.28655 0.672719 0.748633 0.490939 0.281965 0.92978 0.88491 -0.35821
529 1.5778 0.31564 0.61989 0.1578 0.0876052 0.759943 0.833459 -0.558141
89 1.37288 -0.126897 0.354519 0.0256164 -0.166024 1.07831 1.06566 -1.11557
545 1.4349 -0.203979 0.382025 0.142512 -0.147244 1.03828 1.18964 -0.961414
79 1.22711 0.0370539 0.178032 -0.0502158 -0.329449 1.32994 1.46605 -1.00771
83 1.33751 -0.0933629 0.301141 -0.0792458 -0.281407 1.16755 1.16485 -0.997181
92 1.22965 -0.0874029 0.585692 -0.0408199 -0.415984 0.983929 1.08478 -0.993918
579 1.27091 0.10504 0.583493 -0.0272707 -0.232096 1.06289 1.2381 -0.964694
152 1.1265 0.205416 0.445807 0.443931 0.114421 0.471589 1.64162 -0.519406
264 1.11218 0.220745 0.442317 0.258352 0.165858 0.562322 1.32745 -0.600603
129 1.28696 0.567304 0.689581 0.431881 0.0628435 0.703302 2.28382 -0.59088
404 1.62979 0.435358 0.605009 0.373975 0.132474 0.686518 0.994278 -0.301871
522 1.68819 0.438632 0.73476 0.406322 0.14767 0.931234 0.765342 -0.384236
560 1.27703 0.202498 0.611966 0.156016 0.0144898 0.759352 1.57108 -0.773764
568 1.15998 -0.0315009 0.362992 0.267986 0.0856821 0.668228 1.27602 -0.678609
931 1.23843 0.0431117 0.56266 -0.0620643 0.0330525 0.88111 0.973651 -0.938592
765 1.22368 -0.121237 0.433529 0.13214 -0.0299905 0.888904 1.01056 -0.822111
84 1.28363 -0.0102223 0.519638 -0.0438435 -0.374855 1.13281 1.23426 -1.09915
794 1.21817 0.0150217 0.753672 -0.0798903 0.16872 1.05644 0.93151 -0.961873
966 1.20965 0.116629 0.732199 -0.0830951 0.0664377 0.983779 0.910158 -0.893743
532 1.78812 0.360446 0.603592 0.276296 0.170852 0.855368 0.834497 -0.435087
671 1.94568 0.385148 0.619129 0.317065 0.222742 1.04368 0.926901 -0.529528
986 1.51681 0.298698 0.6652 0.564705 0.182791 1.32321 0.882596 -0.727527
564 1.23304 0.335373 0.532404 0.616723 0.187628 1.28725 0.757758 -0.749061
434 1.69164 0.425653 0.610227 1.06082 0.0802458 2.1428 0.761562 -0.815504
454 1.21669 0.36018 0.561929 0.63934 0.232869 1.31889 0.670769 -0.622885
435 1.49057 0.632624 0.497015 0.983303 0.32288 2.06052 0.836141 -0.779487
260 1.15101 0.249296 0.528304 0.232049 0.115297 0.652233 1.3979 -0.585697
398 1.08423 0.359874 0.51776 0.46972 -0.0592483 0.781243 1.58366 -0.598136
661 1.05575 0.117798 0.473356 0.247372 0.0805411 0.544457 1.42205 -0.494484
187 1.66829 -0.126487 0.669222 -0.13217 -0.585542 0.934564 0.800951 -0.871171
169 2.10237 -0.378647 0.713578 -0.0637762 -0.938957 1.14362 0.719927 -1.05084
690 1.51224 -0.321401 0.39746 0.0277387 -0.321764 0.773182 0.854145 -0.872125
681 2.00267 -0.269464 0.800721 -0.141964 -0.754086 1.02872 0.822631 -1.00276
503 1.6063 0.371814 0.605896 -0.122242 0.359014 0.878139 0.831609 -0.839399
887 1.50547 0.377765 0.668606 -0.314426 0.277763 0.940126 0.896477 -0.900257
277 1.96103 0.72753 0.747491 -0.662475 0.64916 1.03762 0.965817 -1.07532
678 1.49128 0.274901 0.558993 0.109733 0.244056 0.771356 0.779737 -0.574746
662 2.46382 0.609166 0.826744 0.488698 0.289975 1.05022 0.885036 -0.361989
673 1.46757 0.10232 0.546803 0.099387 -0.0779925 1.01082 0.98966 -0.802547
725 1.0843 -0.0098667 0.443186 0.105837 -0.0777409 0.948797 0.857066 -0.858566
112 0.980819 0.0892541 0.497938 0.0539657 -0.121305 1.05982 0.89891 -0.908291
182 1.77359 -0.221646 0.698902 -0.148205 -0.569249 0.881854 0.824363 -0.983268
190 1.73458 -0.285344 0.585864 -0.0556638 -0.583988 0.824443 0.681297 -0.816522
202 1.61711 -0.311771 0.565823 0.0725259 -0.299731 0.873452 0.939243 -0.861777
181 1.76607 -0.143057 0.623943 -0.119276 -0.550209 0.914314 0.852575 -0.942792
863 1.52396 -0.152298 0.628901 0.00754748 -0.283045 0.90406 1.03671 -0.871211
356 1.62687 -0.152395 0.77325 -0.0472474 -0.456639 0.842411 0.977407 -0.977961
345 1.5141 0.141337 0.502051 0.412815 0.218311 1.17424 0.68261 -0.686049
140 1.09574 0.406024 0.630202 0.473948 -0.11014 0.610274 1.85933 -0.609915
368 1.13524 0.36241 0.476319 0.400117 0.0254793 0.582634 1.51389 -0.646445
537 1.16578 0.204643 0.56799 0.440487 0.0850567 0.605437 1.64575 -0.658016
399 1.01882 0.275963 0.779193 0.212057 0.0746728 0.598193 1.50194 -0.748572
88 1.06964 -0.0904051 0.803993 0.259258 -0.652489 0.73192 1.38972 -1.51496
649 1.02414 0.0500396 0.672462 0.0181367 -0.380897 0.670504 0.956505 -1.07775
640 1.1903 0.00146281 0.722116 0.0987621 -0.348342 0.700918 1.12021 -1.08754
860 1.51692 -0.108487 0.693866 -0.0729644 -0.435195 0.919102 0.846842 -0.908611
204 1.52768 -0.084815 0.733496 0.0105535 -0.455137 0.874728 0.853712 -0.896576
438 1.85475 -0.0756062 0.739776 0.0726194 -0.494569 1.11876 0.625411 -0.791132
852 1.31842 -0.0577643 0.581777 0.0270143 -0.326705 0.726834 0.860538 -0.794611
527 1.89379 0.336885 0.772654 0.335029 0.185349 0.95697 1.05849 -0.685106
520 1.89391 0.381136 0.667611 0.258622 0.0136744 0.779433 1.04525 -0.530773
679 1.80838 0.340146 0.672734 0.310595 0.173727 0.837008 1.04231 -0.547299
773 1.26724 0.138178 0.497101 0.287132 0.0338123 0.698609 1.46685 -0.65984
770 1.33415 -0.0640999 0.728274 0.093582 -0.141459 0.78609 1.15169 -1.04038
799 1.15122 -0.0420046 0.660636 0.0929857 -0.355921 0.686106 1.13127 -1.14974
638 1.04397 -0.072512 0.745389 0.106038 -0.33419 0.557339 1.24783 -1.16173
253 1.11132 0.282548 0.556308 0.37674 0.103917 0.489541 1.6559 -0.608033
148 1.02879 0.194128 0.560098 0.295909 0.0700344 0.672387 1.44771 -0.639599
445 1.43244 0.174665 0.468055 0.759334 0.259479 1.3312 0.750678 -0.628846
56 1.56391 -0.694929 0.0221046 0.624411 0.564717 0.751009 1.28676 -0.842959
432 1.68204 0.501376 0.616891 1.07282 0.266293 2.00308 0.815576 -0.753112
115 1.1437 0.0522543 0.470485 0.133963 -0.0404242 1.04443 1.07106 -0.876358
80 1.29244 -0.047697 0.335009 -0.00251146 -0.562336 1.29928 1.35756 -0.941703
114 1.27469 0.00536474 0.446087 0.0525056 -0.0954622 0.948913 1.03832 -0.866112
420 1.40471 0.148245 0.524466 -0.0546169 -0.0535563 1.01372 1.09928 -1.00047
844 1.31384 0.124944 0.640625 0.0418938 -0.0102232 0.939568 1.01414 -0.863687
410 1.86275 0.5939 0.538704 -0.71693 0.82638 0.917487 1.06349 -1.28125
280 1.81413 0.458525 0.404435 -0.574461 0.885475 0.806626 0.928861 -1.01776
57 1.5596 -0.457169 0.192512 0.548929 0.805068 0.843271 1.18847 -0.931976
926 1.35744 -0.0163916 0.372767 0.587345 0.267469 1.09977 1.04896 -0.789208
411 1.65223 0.593191 0.760562 -0.385897 0.601377 1.23487 0.878164 -0.933943
293 1.25071 0.378445 0.704384 -0.44301 0.303058 0.825461 0.892639 -0.935337
208 0.929326 0.00633911 1.19229 0.0534636 -0.568333 0.666174 1.29876 -1.60762
37 1.3995 -0.381851 0.155338 0.444062 0.57082 0.732352 1.02604 -0.726151
0 1.84723 -0.90658 0.281917 0.407709 0.714536 0.959256 1.21445 -1.06484
25 1.47955 -0.595921 0.202152 0.480774 0.551902 0.654547 1.24053 -0.9955
43 1.11421 -0.0752856 0.364631 0.222424 0.113688 0.782134 0.991248 -0.745632
91 1.22576 -0.0156314 0.519032 -0.029876 -0.326089 0.939677 1.17273 -0.886458
173 1.79612 -0.266906 0.670346 -0.135228 -0.797853 1.00201 0.791067 -0.930477
214 1.21545 -0.323746 0.80409 0.111074 -0.602992 0.550046 1.32615 -1.4438
846 1.01053 -0.133931 0.560012 0.272883 -0.0347383 1.05834 0.953399 -1.18643
825 1.10199 -0.0486094 0.551853 0.242208 0.196509 1.2663 1.12608 -1.04317
394 0.77626 -0.0966207 0.516444 0.54106 0.0857968 1.44587 1.21603 -1.1102
727 0.917477 -0.263 0.574783 0.453745 0.132748 1.75967 0.785423 -1.30954
718 1.1173 -0.140426 0.521111 0.238598 0.140306 1.04342 0.963122 -0.855061
705 0.811152 -0.25792 0.508884 0.472941 0.0441957 1.72606 1.05795 -1.42911
630 0.976184 -0.0249063 0.468395 0.388011 0.0787864 1.43916 0.793068 -0.974159
502 1.69943 0.375234 0.586459 -0.0712329 0.317562 1.04342 0.880968 -0.795653
653 1.40499 0.295129 0.601241 0.476131 0.160421 1.26629 0.897644 -0.757261
436 1.56071 0.605834 0.62831 1.07545 0.19352 1.74976 1.13215 -0.503617
222 0.990661 0.187049 1.11685 -0.0491929 0.315879 1.17833 0.910341 -0.989694
149 1.11107 0.293408 0.540761 0.438699 -0.112786 0.670196 1.56713 -0.638054
594 1.37768 0.442355 0.559924 0.802899 0.199938 1.4798 0.813193 -0.570939
441 1.47059 0.345271 0.513655 0.687666 0.180629 1.36181 0.792068 -0.616194
77 1.4021 -0.443449 0.134318 0.413038 0.451824 0.567175 1.18255 -0.828987
18 1.67952 -0.642689 0.120663 0.702186 0.670667 0.89276 1.50434 -0.881747
23 1.69809 -0.701361 0.0799618 0.511328 0.655817 0.746493 1.19145 -1.02066
53 1.75018 -0.635183 0.0369398 0.629056 0.570078 0.743198 1.48932 -0.886995
27 1.48973 -0.369905 0.203741 0.505269 0.493747 0.780051 1.34269 -0.846854
935 1.37673 0.0927264 0.766975 0.206809 0.1457 1.2375 0.995586 -0.892672
946 1.08231 0.03765 0.735406 0.0826395 0.130654 1.03492 0.909623 -0.893948
156 1.05361 0.225517 1.00403 0.0137576 0.304885 1.00122 0.971887 -0.681
135 1.35664 0.384363 0.610538 0.414703 0.0585334 0.529699 2.33669 -0.595024
542 1.3131 -0.331736 0.126491 0.368577 0.397957 0.68492 0.96536 -0.600914
600 1.40525 0.268208 0.448615 0.521271 0.0910047 1.35458 0.763795 -0.62893
856 1.43336 -0.0835784 0.432659 0.0647931 -0.355698 1.11014 1.11314 -0.94488
607 1.34267 0.180008 0.562181 0.354077 0.104567 1.05936 0.866057 -0.747896
213 1.03145 -0.0846662 0.80844 0.249877 -0.626318 0.60437 1.51301 -1.43988
111 1.67273 0.28241 0.548816 0.202738 0.203971 0.888423 0.942116 -0.559333
524 1.76002 0.25547 0.539554 0.177018 0.380825 0.907242 0.907892 -0.558606
55 1.53653 -0.498905 0.0507192 0.773341 0.557409 0.791893 1.35593 -0.800266
74 1.19135 -0.242179 0.261892 0.298287 0.122708 0.564802 1.05242 -0.894637
962 1.31187 0.26576 0.52148 0.212673 -0.0572815 0.694319 1.4027 -0.678859
751 1.17333 0.165192 0.549356 0.228201 0.170798 0.742106 1.29483 -0.729158
139 1.19365 0.416849 0.818008 0.255953 0.223286 0.77365 1.80257 -0.560582
144 1.16109 0.280956 0.591816 0.227278 0.0999081 0.630031 1.66996 -0.663942
117 1.19042 0.0418559 0.635642 -0.0143374 -0.075084 0.881099 0.990029 -0.767563
85 1.29371 0.124877 0.601329 0.0549516 -0.123021 1.28325 1.01208 -0.852514
788 1.32545 0.154121 0.585668 0.0060144 0.0469223 1.00001 1.04563 -0.821699
871 1.34011 0.065175 0.492372 0.114222 0.0260708 0.990523 1.11201 -0.887474
155 1.20721 0.194445 0.606477 0.250017 0.0135802 0.644363 1.42129 -0.655866
146 1.18214 0.110895 0.46164 0.362219 0.0711678 0.612172 1.6172 -0.602352
322 1.28445 0.0575631 1.08827 -0.0715158 0.250449 1.25522 0.850986 -0.931628
474 1.23151 0.165005 1.11289 -0.170902 0.377072 1.19033 0.814461 -0.975669
645 1.16183 0.0510865 0.636947 0.163564 -0.0513982 0.747621 0.972526 -0.871694
798 1.1716 -0.138569 0.778237 -0.020879 -0.489095 0.680115 1.20903 -1.30551
639 1.2158 -0.0231687 0.843602 0.0737617 -0.354532 0.55431 1.07957 -1.14646
756 1.81663 0.42375 0.748396 0.168894 0.129865 0.849772 0.843544 -0.522292
995 1.79835 0.200043 0.659681 0.337834 0.0788906 1.03195 1.14012 -0.829704
531 1.48815 0.165947 0.53666 0.426029 0.354893 0.886915 0.931048 -0.415818
60 1.50739 -0.422388 0.302562 0.523821 0.5959 0.770852 1.19907 -0.692826
40 1.40838 -0.494597 0.105492 0.632237 0.514407 0.648072 1.11312 -0.728512
601 1.38362 0.142767 0.443804 0.35231 0.228173 1.03015 0.911705 -0.672059
102 1.14132 0.0353917 0.575037 -0.0620609 -0.212338 0.953231 0.993834 -0.845288
136 1.26532 0.192256 0.450429 0.00909767 -0.453313 1.13811 1.23802 -1.0205
805 1.19268 0.0388142 0.455696 0.0529734 -0.252735 0.971643 1.06176 -1.02063
636 0.98109 -0.0479625 0.915555 0.0844258 -0.613133 0.725994 1.36755 -1.39738
216 1.15616 -0.0967044 1.04729 0.0942912 -0.59264 0.544368 1.42696 -1.58011
973 1.65785 0.143409 0.801545 0.177184 -0.0592934 0.918386 1.13913 -0.921648
535 1.65425 0.0456858 0.46066 0.344929 0.341474 0.800748 1.04322 -0.706859
427 1.6335 0.377444 0.498167 0.166448 0.306711 0.72404 0.804527 -0.580248
440 1.34455 0.352226 0.618899 0.679411 0.285891 1.60084 0.7575 -0.781734
634 1.31551 0.150436 0.412299 0.635884 0.288778 1.22632 0.737899 -0.673103
622 1.34 -0.29853 0.227189 0.516391 0.499558 0.744104 1.00581 -0.796516
41 1.36123 -0.365394 0.240931 0.459357 0.315939 0.75622 1.06493 -0.78693
380 1.56945 -0.470168 0.121212 0.657002 0.686973 0.793191 1.41451 -0.94444
591 1.34509 0.385007 0.434766 0.984851 0.256661 1.64969 0.825032 -0.836534
925 1.31529 0.263042 0.398964 0.673106 0.298154 1.24048 0.852872 -0.745844
816 0.970373 -0.0522178 0.729629 0.0890395 -0.184453 0.760195 1.04887 -1.01679
479 1.05588 -0.0221284 0.862499 0.0264957 0.162127 0.92123 0.951307 -0.927506
945 1.04749 -0.0501554 0.828881 0.105423 -0.419407 0.799614 1.09423 -1.19144
902 1.20302 -0.0454396 0.593047 0.110357 -0.187394 0.8439 1.19331 -1.07255
807 1.33149 0.0394348 0.617583 -0.0136663 -0.36911 0.929469 0.901015 -0.79069
97 1.17893 0.000187608 0.556998 0.0495214 -0.187128 0.856241 1.12892 -0.907271
682 1.76886 -0.208695 0.589575 -0.0563515 -0.711857 0.943194 0.822368 -0.965809
859 1.67368 -0.163673 0.695786 -0.201035 -0.6417 0.988357 0.906376 -0.897783
948 1.43016 -0.0345244 0.50698 0.135475 0.0549298 1.08808 1.04886 -0.976948
822 1.14803 0.0840299 0.678399 -0.00703669 -0.00154012 0.992524 0.975402 -0.839946
109 1.3571 0.0428233 0.632605 0.158126 -0.13473 0.902975 1.2168 -0.813255
217 1.27615 -0.268128 0.336579 0.165435 -0.120872 0.906439 1.1898 -1.08884
894 1.26989 -0.0255804 0.457063 0.118431 -0.0228286 0.837763 0.898802 -0.778625
674 1.50306 0.148812 0.640707 0.163109 0.21102 0.873917 0.938923 -0.621733
8 1.24277 0.101143 1.32723 -0.269731 0.681965 1.23134 0.938956 -0.857715
314 1.09276 0.268905 1.33189 -0.14723 0.480785 1.37423 0.797786 -0.986863
472 1.12331 0.192258 1.01672 -0.0755706 0.250229 1.14826 0.757909 -0.828738
485 1.13758 0.121701 0.919821 -0.0205264 0.258533 1.08276 0.764151 -0.848788
309 1.07834 0.239208 1.64534 -0.316064 0.458922 1.42931 1.05231 -1.12831
310 1.22903 -0.301754 1.4234 0.00361092 0.698528 1.38764 0.800288 -0.851797
316 0.869394 0.00679401 1.27423 -0.139738 0.534122 1.12647 0.92615 -0.929331
557 1.01999 -0.0102048 0.668637 0.0390045 0.327585 0.929849 0.805809 -0.72498
275 1.0811 0.050978 1.18777 -0.106783 0.682438 1.39799 0.844973 -1.04681
193 1.34952 0.0538062 0.715145 0.0115674 -0.222883 0.942057 0.819651 -0.78814
58 1.54124 -0.584075 0.182824 0.477913 0.402061 0.681112 1.06697 -0.869158
63 1.1977 0.111066 0.379704 0.429825 0.129576 0.519854 1.5361 -0.553413
223 0.986368 -0.261802 0.792448 0.110967 -0.571536 0.498808 1.2496 -1.32623
286 1.58831 0.424284 0.507282 -0.544916 0.614499 0.841154 0.847273 -0.983935
282 1.74859 0.362929 0.333183 -0.406213 0.671759 0.884463 0.914897 -1.04633
422 1.40497 0.398481 0.60169 -0.319124 0.439187 0.894461 0.856755 -0.941656
171 1.19461 0.0691446 1.38556 -0.254979 0.128285 1.15623 0.845905 -0.9138
329 1.15112 0.106356 0.913575 0.0811658 0.242394 1.16744 0.839418 -0.799944
778 1.07099 0.200961 1.06783 -0.107554 0.324287 1.17938 0.665446 -0.85801
313 1.0563 0.239102 1.32561 -0.0352885 0.165877 1.46791 0.821473 -0.848224
500 1.71619 0.398554 0.608996 -0.165983 0.3545 0.958465 0.802728 -0.963873
603 1.51325 0.194993 0.442121 0.4956 0.357568 1.21283 0.92706 -0.762565
916 1.53673 -0.0219439 0.267377 0.585221 0.356133 1.12429 1.06809 -0.826586
626 1.62717 0.241471 0.563718 0.831547 0.200609 1.79789 0.712628 -0.692652
633 1.49159 0.343254 0.531613 0.557643 0.149073 1.30352 0.7517 -0.505389
629 1.30751 0.150572 0.538653 0.698974 0.176478 1.40134 0.771803 -0.719961
230 1.13555 -0.294563 0.652148 0.200827 -0.335287 0.500908 1.31571 -1.23687
867 1.2236 -0.210104 0.629426 0.282485 -0.213991 0.705577 1.24651 -1.07429
34 1.58888 -0.536731 0.139697 0.66901 0.570512 0.782639 1.44891 -0.927545
9 1.706 -0.778785 0.0219526 0.573877 0.620981 0.925186 1.08457 -1.09102
748 1.44135 -0.45411 0.271014 0.500567 0.279358 0.806916 1.23883 -0.889419
318 1.68934 0.522286 0.674371 -0.593841 0.605614 0.976058 0.890804 -1.08774
298 1.31473 0.39169 0.43496 -0.238038 0.417743 0.838589 0.768616 -0.904702
425 1.3677 0.42926 0.435892 -0.196087 0.465109 0.848968 0.937454 -0.899337
361 1.13171 0.373188 0.529718 0.294755 0.158293 0.607023 1.82444 -0.627772
2 1.85152 -0.726698 0.0189951 0.779461 0.635554 0.723329 1.67893 -1.00676
383 1.40604 -0.611892 0.155331 0.633817 0.369799 0.720608 1.22205 -0.893394
11 1.23441 -0.13728 1.45247 -0.161884 0.849914 1.33532 0.833109 -1.01979
779 1.42489 0.00211455 0.662681 -0.0812705 -0.166907 0.896466 0.78094 -0.767624
861 1.31325 -0.0314944 0.479894 -0.042842 -0.22795 0.695454 0.842339 -0.608489
458 1.25146 0.332386 0.539613 0.483945 0.121781 1.29934 0.71298 -0.571662
987 0.947723 0.187285 0.48419 0.148282 -0.020369 0.592307 1.29122 -0.622218
790 1.25089 0.0403191 0.494085 0.0837865 -0.069493 0.910195 1.19946 -0.901606
95 1.22823 0.0982453 0.502288 -0.0123506 -0.0458762 0.817491 0.983957 -0.866545
792 1.1816 -7.53925e-05 0.55744 0.0540803 -0.0864797 0.898727 1.11398 -0.865297
121 1.16895 -0.136079 0.423887 0.132368 0.0437171 0.760114 1.00704 -0.774916
933 1.30408 -0.00889406 0.632096 0.154675 -0.128703 0.873712 1.13508 -1.03624
641 1.15949 0.0676106 0.70881 0.252175 -0.257991 0.877378 1.05783 -1.07245
997 1.65599 0.306545 0.615855 0.295827 0.0755649 0.866099 1.1556 -0.585586
837 1.93952 0.523686 0.771114 0.37164 0.103637 0.849348 0.884455 -0.422986
548 1.45469 -0.501588 0.0847511 0.650502 0.482824 0.722884 1.17997 -0.799712
6 1.80164 -0.766019 0.127313 0.593332 0.711278 0.94411 1.20397 -1.21751
48 1.32196 -0.396353 0.170179 0.452399 0.341251 0.63921 0.964207 -0.881739
954 1.36199 -0.417841 0.308302 0.449838 0.497316 0.646172 0.993775 -0.920461
12 1.736 -0.685006 0.0956601 0.702599 0.725487 0.725594 1.48029 -0.958975
350 1.56248 -0.361815 0.487311 0.096116 -0.071643 0.801022 0.887254 -0.797342
923 1.56688 -0.218961 0.596339 0.0282092 -0.289396 0.826123 0.768244 -0.833234
196 1.28925 -0.138295 0.613523 -0.00685707 -0.389238 0.797607 0.810429 -0.75168
252 1.23379 -0.0480181 0.376493 0.365608 0.127581 0.628011 1.66001 -0.604675
17 1.77317 -0.62025 -0.00902931 0.800979 0.556752 1.04354 1.3011 -0.885844
20 1.6956 -0.637209 0.131451 0.644754 0.658497 0.857701 1.16272 -0.950755
845 1.04873 -0.0781813 0.599087 0.228196 0.039311 1.31079 0.835734 -1.15273
985 1.42825 -0.0255575 0.55819 0.091197 -0.0891243 1.1457 0.930852 -1.01279
296 1.43972 0.270194 0.581438 -0.216034 0.368472 0.925598 0.838839 -0.805479
889 1.43765 0.400002 0.668116 -0.403497 0.4259 0.930631 0.826726 -0.952262
496 1.79529 0.447536 0.39889 -0.475072 0.639598 0.8735 0.966113 -1.11179
10 1.71866 -0.674001 -0.0151295 0.738953 0.479911 0.781791 1.37379 -0.987977
70 1.43238 -0.40002 0.212459 0.369896 0.515628 0.676042 1.06006 -0.808797
308 1.01838 -0.00914686 1.6064 -0.123058 0.756161 1.34088 1.02442 -1.15011
467 1.18578 0.08383 1.46504 -0.215603 0.645122 1.45697 0.762354 -1.06521
726 0.940581 0.101666 1.38583 -0.192329 0.559982 1.51973 0.822342 -1.10737
330 1.0809 0.215208 0.895002 -0.0911487 0.184915 1.12177 0.891616 -0.87631
707 0.903108 -0.207921 0.572441 0.3787 0.188513 1.45521 1.11075 -1.21494
888 1.40473 0.32341 0.547195 -0.225767 0.190771 0.847185 0.960648 -0.785071
430 1.32097 0.202445 0.458305 0.0451316 0.267522 0.698136 0.816725 -0.696158
288 1.63324 0.411272 0.513455 -0.178197 0.432568 0.930072 0.853411 -0.742063
279 1.6968 0.493118 0.423321 -0.633929 0.560712 0.930011 0.928708 -1.04722
416 1.44655 0.431176 0.67797 -0.356879 0.55771 0.925413 1.00528 -0.918595
909 1.96724 -0.328974 0.585481 -0.0327275 -0.76578 1.00902 0.73726 -1.02347
723 1.05352 0.0588359 0.595497 0.198267 -0.00294468 0.909005 0.98453 -0.853653
847 1.15274 -0.056916 0.509044 0.243761 -0.0547196 1.04074 0.862425 -0.856716
737 0.932968 0.00222746 0.468751 0.316858 0.0271933 1.12747 0.854205 -0.893018
753 1.92175 0.390279 0.641729 0.448874 0.301392 0.858144 0.923711 -0.359449
523 1.75781 0.280099 0.694175 0.335642 0.0694819 0.857003 1.03037 -0.717391
757 1.68073 0.258441 0.650686 0.275758 -0.0916014 0.899482 0.749527 -0.63319
540 1.71606 0.213458 0.441008 0.454128 0.196442 0.882286 0.858667 -0.427112
675 1.63316 0.309337 0.636829 0.228233 0.226118 0.977789 0.851688 -0.485369
489 1.16571 0.261148 0.536908 0.240843 0.0371184 0.75508 1.40319 -0.653583
323 1.09829 0.173079 1.10534 -0.191052 0.128441 1.17461 0.791736 -0.799307
468 1.18601 -0.106334 0.957647 0.0247569 0.452845 1.36106 0.822447 -0.909021
131 1.30809 0.361832 1.68464 -0.076428 0.61098 1.39242 0.905809 -0.847171
480 1.02057 0.169345 0.896593 0.0107731 0.133289 0.98107 0.803169 -0.822141
611 1.23057 0.0235864 0.980089 0.127038 0.377596 1.09056 0.962376 -1.04187
821 1.13323 0.0587353 0.754958 -0.0556674 -0.0365829 0.954048 0.814627 -0.819294
321 1.07005 0.0868704 1.1324 -0.152861 0.353133 1.18237 0.818064 -0.967295
988 1.3438 0.096771 0.744719 -0.00539489 0.241232 1.12685 1.05722 -0.944511
905 1.08058 -0.0755953 0.619346 0.182631 0.0775774 1.25242 0.853074 -0.977635
562 1.28052 -0.0269632 0.456918 0.152713 -0.0239013 1.01106 1.17318 -0.855521
132 1.17787 0.429962 0.853299 0.327937 0.0459646 0.672836 2.24153 -0.736544
267 1.00512 0.251976 0.532212 0.329192 0.158606 0.508538 1.60781 -0.560534
397 1.13995 0.197166 0.52074 0.14454 -0.118343 0.836146 1.17974 -0.68437
154 1.2107 0.0651585 0.601589 0.0871904 0.0466968 0.796762 1.18286 -0.759475
87 1.23125 0.00724117 0.412292 -0.0607858 -0.359347 1.1871 1.36051 -0.948874
281 1.49504 0.185808 0.509884 -0.128098 -0.0131649 1.06552 1.10118 -0.833451
113 1.18299 -0.131544 0.331629 0.216206 -0.0337536 0.790246 0.988807 -0.824547
893 1.31847 0.0223413 0.513221 0.147325 -0.0784113 0.862322 0.993672 -0.873693
470 0.9936 0.063917 1.13597 -0.0478897 0.483084 1.06262 0.84881 -0.928274
284 1.71594 0.781891 0.492493 -0.751044 0.62676 1.03746 0.922591 -1.09743
283 1.60435 0.549572 0.594924 -0.545261 0.449986 0.930475 0.968252 -1.01412
278 1.64188 0.738854 0.563586 -0.604512 0.694263 1.03313 0.96564 -1.11998
424 1.37813 0.358264 0.599887 -0.211544 0.348819 0.796903 0.817873 -1.00699
431 1.59095 0.255924 0.562152 -0.281077 0.202904 0.838214 0.780631 -0.921275
978 1.57391 0.323615 0.609503 -0.166198 0.309062 0.903485 0.930526 -0.888707
490 1.16734 0.419636 0.532568 0.314988 0.197245 0.887378 1.27386 -0.603273
161 1.00845 0.12728 0.51081 0.3162 0.0167827 0.781408 1.05749 -0.650761
800 1.07798 -0.0717175 0.681041 0.125807 -0.345603 0.604534 1.29748 -1.04038
276 1.85498 0.775906 0.665996 -0.676651 0.655324 0.867931 0.90505 -1.02905
573 1.49703 0.548453 0.619633 -0.420731 0.386019 0.971135 0.835282 -0.842269
108 1.2192 0.0644364 0.501534 0.112882 -0.113828 1.08166 0.954801 -0.913277
843 1.44795 0.00419027 0.597795 0.088676 -0.0711884 0.966516 1.12937 -0.939873
119 1.20289 0.101177 0.480252 0.233435 -0.0285384 0.829449 1.14048 -0.640048
895 1.32625 -0.0531866 0.479474 0.171421 0.0594211 0.792382 1.02735 -0.84901
781 1.43024 -0.0341579 0.474413 -0.0429786 -0.287109 0.99101 1.23382 -1.08852
379 1.14834 0.0337712 0.434592 0.0880571 -0.14527 0.879762 1.095 -0.801479
469 1.24752 -0.0197567 0.541663 0.0600607 -0.205307 1.11572 1.05819 -1.01888
586 1.31377 0.0895161 0.505232 0.00455799 -0.082796 0.928441 0.997217 -0.953594
93 1.41287 0.25537 0.41577 -0.201905 -0.0370093 0.855129 1.07964 -0.948152
566 1.25141 0.170899 0.6028 0.192628 0.174004 0.882396 1.32768 -0.802683
565 1.20113 0.186672 0.571 0.183822 0.0885295 0.683267 1.43575 -0.686833
374 1.14761 0.136799 0.516972 0.143023 0.152197 0.68146 1.29444 -0.711206
82 1.1739 0.517945 0.777259 0.349258 0.243867 0.643662 2.11046 -0.512472
744 1.15144 0.21782 0.495744 0.327916 0.0846921 0.632581 1.40208 -0.579395
403 1.25384 0.226181 0.578936 0.348102 0.0357906 0.544362 1.45512 -0.552631
884 1.28404 0.218793 0.818091 0.131665 0.244963 0.959512 0.902227 -0.779992
147 1.07988 0.223169 0.667685 0.301654 0.117704 0.629946 1.4745 -0.701608
743 1.13458 0.263355 0.64798 0.153379 0.0862196 0.708384 1.41172 -0.666318
256 1.34015 0.274612 0.506463 0.231607 0.111132 0.707266 1.35344 -0.584126
248 1.14156 0.386529 0.598715 0.339028 0.14511 0.55438 1.9503 -0.589788
938 1.46548 0.231108 0.579445 0.00236755 -0.0444387 0.896184 0.934543 -0.689815
786 1.29386 0.130016 0.477522 0.10983 -0.118184 0.923792 0.970526 -0.839004
609 1.43515 0.325287 0.588621 0.675527 0.219935 1.51833 0.667646 -0.595666
244 1.36072 0.165581 0.61413 0.393001 0.0492761 1.06452 0.908129 -0.795957
495 1.20769 0.0843102 0.466116 0.282227 0.0403578 0.685712 1.38068 -0.61358
364 1.18211 0.373108 0.538357 0.417007 0.0249829 0.611448 1.90604 -0.65244
876 1.48862 -0.0585703 0.643088 0.065252 -0.286364 0.863196 1.00826 -0.927252
197 1.52671 -0.146879 0.672191 -0.135428 -0.511476 0.860178 0.718312 -0.781448
835 1.17 -0.0463941 0.473316 -0.00178537 -0.309989 0.825834 0.882179 -0.826804
94 1.25952 -0.0463646 0.435852 -0.146128 -0.220778 0.947553 1.02464 -0.970326
913 1.09045 -0.268426 0.506471 0.303646 -0.110163 0.561305 1.25855 -1.09327
245 1.27034 -0.0213328 0.736616 0.157344 -0.227283 0.777938 1.27365 -1.04891
211 1.10611 -0.0931431 0.719937 0.195273 -0.416628 0.527577 1.14685 -1.5217
881 1.24996 -0.065276 0.748075 0.0037356 -0.239697 0.86962 1.18798 -1.11828
900 1.22229 -0.0493388 0.702605 0.0914881 -0.299238 0.713935 1.15301 -1.12799
188 1.40003 -0.096532 0.723723 -0.00573231 -0.341857 0.865556 1.03219 -0.784362
471 1.02163 0.00592179 1.17263 -0.0228077 0.227747 1.0319 0.824144 -0.927921
72 1.23384 -0.41163 0.368411 0.328905 0.484269 0.815308 1.0071 -0.786523
238 0.996424 -0.0613566 0.507654 0.155352 -0.292357 0.552741 1.23164 -1.01493
240 0.993737 -0.129634 0.576671 0.0922463 -0.118128 0.704092 0.957672 -0.925104
686 1.16763 0.0313181 0.458677 -0.00167729 -0.0804461 0.866812 0.872612 -0.84062
658 1.36835 0.226879 0.51095 0.200347 0.161656 0.67545 1.26782 -0.643747
698 1.62528 -0.063265 0.588656 0.0537466 -0.573718 1.01887 0.74379 -0.834135
683 1.77994 -0.255143 0.654188 0.00305812 -0.822321 1.02548 0.741006 -0.94887
688 1.66451 -0.183598 0.550636 -0.142752 -0.511809 0.794921 0.817692 -0.949283
866 1.11191 -0.163079 0.567924 0.174366 -0.130923 0.626405 1.02339 -0.972429
137 1.16019 0.0856274 0.42049 0.498371 0.0709204 0.732107 1.65855 -0.617839
363 1.16657 0.163276 0.508278 0.441804 -0.0190586 0.624901 1.74915 -0.63318
739 1.15441 0.219887 0.608044 0.339269 0.0560051 0.701411 1.41267 -0.678854
266 1.30326 0.137195 0.544318 0.303956 0.125994 0.683209 1.43702 -0.671489
378 1.09092 0.0418457 0.38445 0.318924 0.145832 0.635802 1.40942 -0.568556
747 1.08545 -0.352076 0.700677 0.305546 -0.429037 0.503935 1.52699 -1.38119
625 1.26496 -0.405817 0.170984 0.497221 0.291443 0.65522 1.05099 -0.845226
680 1.97269 -0.449548 0.540871 0.0559525 -0.553235 0.835312 0.77588 -0.818459
357 1.37557 -0.0851599 0.541645 0.0332308 -0.321872 0.730879 0.826643 -0.694788
344 1.67622 -0.296072 0.667114 0.00623344 -0.597313 0.767617 0.828643 -0.89518
352 1.44094 -0.23956 0.549389 -0.0207901 -0.432169 0.803624 0.785798 -0.828617
874 1.50093 -0.0115415 0.555 0.151274 -0.30758 0.960327 0.849505 -0.786014
358 1.63777 -0.0261404 0.628492 0.00302728 -0.259824 0.802469 0.719237 -0.783299
255 1.40835 0.279153 0.393361 -0.0542344 0.499456 0.768359 1.10306 -0.656481
414 1.76107 0.626613 0.529894 -0.313954 0.455765 0.933735 0.9325 -0.91073
782 1.38269 -0.134944 0.532956 -0.107618 -0.230827 0.886935 0.991229 -0.970822
587 1.37607 0.0818901 0.565965 0.0587611 -0.0749964 0.994136 0.97646 -0.816835
589 1.11556 0.0628465 0.494991 0.0549469 -0.124728 0.924714 0.924192 -0.787699
499 1.55707 0.396434 0.543731 -0.496157 0.203541 0.878441 0.783247 -0.981182
505 1.22135 0.0751507 0.594876 0.0367149 -0.0929639 0.775274 1.03227 -1.04064
969 1.1923 -0.0328514 0.72738 0.180418 -0.205245 0.67899 1.14059 -1.13444
446 1.10752 -0.130261 0.723488 0.29921 -0.241193 0.72921 1.0323 -1.04884
767 1.18279 -0.0806076 0.7122 0.162313 -0.333862 0.620331 0.989364 -1.02022
952 1.47946 0.267541 0.53659 -0.0913787 0.390128 0.937811 0.99581 -0.974761
381 1.8307 0.320043 0.513176 0.358185 0.379145 0.795111 0.864757 -0.403549
220 1.83354 0.0671723 0.562866 0.384224 0.110198 0.621935 1.00995 -0.635016
263 1.60678 0.528045 0.57795 0.306608 0.198031 0.648227 1.00622 -0.303013
138 1.12647 0.237189 0.587507 0.432599 0.257798 0.506414 1.98051 -0.601571
483 0.986765 0.155014 0.7988 -0.0138198 0.226361 0.961882 0.932062 -0.794982
536 1.21358 0.151788 1.31284 -0.26866 0.432971 1.37368 0.804129 -0.895526
477 1.13783 0.140471 0.851401 -0.0660696 0.183936 1.01115 0.810762 -0.743474
552 1.2824 0.0796951 1.17693 0.0117252 0.362074 1.08346 0.802265 -0.667466
628 1.46083 0.376595 0.4939 0.832763 0.264925 1.70859 0.719831 -0.719693
919 1.60296 0.0752004 0.287661 0.612169 0.443629 1.31108 0.961911 -0.732969
981 1.31948 0.218668 0.464706 0.294123 0.107504 0.620827 1.32126 -0.510473
521 1.43611 0.394304 0.465941 0.481677 0.195798 0.769621 1.49461 -0.424786
605 1.64846 0.332716 0.59283 0.342617 0.307327 0.980031 0.977206 -0.583136
497 1.68233 0.654819 0.468052 -0.490551 0.506099 1.03642 0.753595 -0.819404
194 1.46982 0.00638394 0.635278 -0.169124 -0.391211 0.901737 0.715469 -0.782915
428 1.37895 0.301839 0.669992 -0.238075 0.39968 0.902664 0.90263 -0.862952
504 1.54654 0.404206 0.654276 -0.399569 0.466884 0.931392 0.891251 -0.914781
191 1.42291 -0.134173 0.807695 -0.177659 -0.457661 0.924292 0.807165 -0.946931
339 1.9648 -0.452309 0.524813 -0.109158 -0.638363 0.783569 0.79828 -0.985764
475 1.11415 0.111671 1.04511 -0.205374 0.297228 1.08069 0.792922 -0.950406
519 2.04586 0.487223 0.719932 0.349678 0.224024 0.843747 0.935747 -0.487478
666 2.10754 0.555026 0.655534 0.425089 0.19939 1.03591 0.875965 -0.438993
665 1.97697 0.398045 0.676411 0.204492 0.0788902 0.863946 0.831198 -0.41753
219 1.10781 0.0755201 0.959109 0.129592 -0.592471 0.576629 1.21636 -1.4818
215 1.08046 -0.096152 0.901906 0.157269 -0.547731 0.596488 1.53012 -1.408
797 1.04275 0.0255588 0.54434 0.0784225 -0.219897 0.856292 1.02868 -0.917894
975 1.38474 0.0845337 0.467138 0.114369 -0.105916 0.927254 1.07286 -0.850236
924 1.28214 0.170918 0.55593 0.174828 -0.0244988 1.09032 0.994331 -0.928436
491 1.19501 0.373928 0.456846 0.62772 0.129254 1.14474 0.990396 -0.565036
525 1.81547 0.408636 0.493175 0.316348 0.181931 0.917233 0.922894 -0.418559
754 2.01036 0.546397 0.707606 0.250415 0.263646 0.91298 0.871875 -0.439564
993 1.79474 0.37135 0.701627 0.347397 0.246747 0.931438 1.10404 -0.669817
377 1.47613 0.282381 0.615114 0.240434 0.220768 0.698944 1.01908 -0.464948
501 1.60533 0.328634 0.617561 0.0911814 0.33647 0.917892 0.895006 -0.626483
176 1.79844 -0.255102 0.719571 -0.0962387 -0.875769 0.916654 0.826792 -0.898993
826 1.11007 -0.114026 0.490618 0.396758 0.036058 1.23108 1.11107 -0.968083
652 0.938612 -0.148731 0.462825 0.483596 0.242349 1.24746 0.813539 -1.00899
940 1.40808 -0.488006 0.203919 0.527383 0.57995 0.69476 1.17416 -0.84251
539 1.47901 -0.361277 0.245618 0.556336 0.476688 0.688129 1.21897 -0.766204
763 1.25306 0.122661 0.402827 0.573079 0.312705 1.11267 0.828154 -0.65766
362 1.40956 0.539035 0.530865 0.946407 0.229123 1.68979 0.780064 -0.665271
627 1.42328 0.433137 0.484865 0.812196 -0.00695885 1.61265 0.728727 -0.620119
620 1.22055 -0.291377 0.277994 0.493376 0.320419 0.857127 0.867905 -0.779331
338 1.19486 0.148562 0.862471 0.0660564 0.186606 1.01846 0.901034 -0.834755
818 1.29233 0.202671 0.988085 -0.0684192 0.321964 1.00882 0.822451 -0.941949
575 1.40292 0.393612 0.643938 -0.217107 0.396312 0.913239 0.827095 -0.729836
752 1.30791 0.12351 0.42866 0.47616 0.166409 0.946164 1.15139 -0.642585
720 1.20478 0.11616 0.491427 0.392957 0.229847 1.21633 0.843682 -0.834952
730 0.928243 -0.0283037 0.48697 0.473687 0.108359 1.24424 0.789504 -0.915903
442 1.42452 0.368157 0.449986 0.733451 0.179168 1.41917 0.847956 -0.76889
815 1.08146 0.00714072 0.618134 0.253696 -0.186431 0.796313 1.03143 -1.01235
90 1.4003 -0.124572 0.519438 -0.115364 -0.315717 0.990201 1.11002 -0.991972
218 1.08666 0.00210304 0.689702 0.179327 -0.164693 0.724522 1.15831 -1.10724
865 1.22275 -0.148226 0.673062 0.214535 -0.177592 0.707346 1.18392 -1.00065
236 0.991016 -0.11037 0.722181 0.0980043 -0.162693 0.677737 0.953499 -1.06299
437 2.19496 0.61719 0.633242 0.585985 0.294129 1.03891 0.975378 -0.198817
885 1.30677 0.195022 0.621845 0.216849 0.00823938 0.742612 0.882842 -0.604224
965 1.29178 0.0368365 0.722801 -0.0117932 0.0159828 0.975752 1.05409 -0.92617
644 1.12275 0.0298819 0.691519 0.122285 -0.27597 0.813537 1.04428 -0.996147
768 1.19393 -0.0900528 0.748232 0.048885 -0.206658 0.919332 1.17112 -1.12408
65 1.3967 -0.516762 0.112484 0.590556 0.416355 0.759263 1.19643 -0.750831
447 1.40649 0.260651 0.572878 0.747607 0.234433 1.42901 0.847207 -0.732041
508 1.34798 0.191578 0.55384 0.166876 0.188084 1.02801 0.826841 -0.734779
967 1.4227 0.260316 0.553848 0.403951 0.176394 1.13918 0.85068 -0.730107
637 0.755438 -0.0929839 0.504811 0.341375 0.0207433 1.5185 0.852636 -1.3243
199 1.48375 -0.0391146 0.640817 0.0085803 -0.369659 0.825364 0.797183 -0.713801
170 1.30272 -0.335135 0.900199 0.118065 -0.75767 0.566351 1.29415 -1.57215
224 1.28398 0.0728595 0.818842 -0.0549918 -0.344048 0.515498 1.04361 -1.16859
261 1.17379 0.19052 0.598182 0.189675 0.121908 0.63226 1.29223 -0.707387
941 1.37679 -0.0529749 0.595892 0.0275339 -0.255364 0.957368 0.932422 -0.865583
405 1.57876 -0.0162479 0.636589 -0.0826171 -0.504043 0.792939 0.899415 -0.721692
407 1.11054 0.167011 0.562005 0.168913 -0.0783981 0.606262 1.36633 -0.749764
402 1.28 0.374875 0.543032 0.243728 0.0383997 0.729666 1.62772 -0.608882
396 1.12654 0.276063 0.573094 0.323964 0.0687016 0.644965 1.7918 -0.57652
696 1.1687 0.120357 0.925944 -0.0456557 0.168736 1.10093 0.913452 -0.809291
385 1.30559 -0.512743 0.177019 0.571792 0.539098 0.629255 1.23681 -0.806142
324 1.11115 0.144132 0.906901 -0.0281673 0.310465 0.961289 0.892858 -0.738964
388 1.51551 -0.398209 0.203419 0.595716 0.522734 0.739448 1.18169 -0.677194
390 1.43622 -0.344157 0.0512804 0.698008 0.537291 0.915251 1.03558 -0.691919
583 1.2534 -0.053824 0.472574 0.040201 -0.307068 0.909296 0.993918 -0.935917
882 1.27102 0.193657 0.798413 0.00689479 0.209006 0.968653 0.847511 -0.715765
369 1.98102 0.601406 0.742711 0.382984 0.257148 0.8064 0.899162 -0.225897
580 1.20353 0.0902633 0.452482 -0.116598 -0.398798 0.970809 1.10568 -0.842401
958 1.20967 0.0794239 0.426184 -0.0904925 -0.164951 0.817738 0.912332 -0.835849
749 1.20948 0.128723 0.379711 0.342998 0.0617986 0.679582 1.58398 -0.627652
305 1.38528 0.286442 0.597812 -0.170632 0.175812 0.835674 0.752802 -0.829588
841 1.37081 0.104331 0.572469 0.0398712 -0.0835089 1.14664 1.09046 -0.916502
703 1.3298 0.0286905 0.635835 0.138084 -0.260078 0.723982 0.984592 -0.803426
346 1.8194 -0.195926 0.631524 -0.153499 -0.590382 0.880076 0.822288 -1.02986
145 1.07138 0.269874 0.675707 0.390944 -0.0636633 0.568093 1.85751 -0.680242
774 1.13024 0.109346 0.960108 -0.0479668 0.456726 1.10577 0.942757 -0.861408
750 0.987419 -0.0626908 0.551458 0.281827 0.192926 1.08736 1.04978 -0.870774
654 1.19773 0.0354349 0.571801 0.417302 0.14752 1.24032 0.845672 -0.899312
724 1.29758 0.131393 0.524414 0.150566 0.135291 1.07782 0.937614 -0.933647
942 1.10963 -0.0135456 0.521218 0.14823 0.0165283 1.01177 0.846204 -0.970411
487 1.11223 0.102753 0.898674 0.00965082 0.184844 1.07617 0.801908 -0.869655
478 1.23594 0.103322 0.991425 -0.0498715 0.294524 1.04907 0.886732 -1.01492
299 1.36437 0.35035 0.587064 -0.208502 0.328881 0.957323 0.922461 -0.871001
52 1.85991 -0.70058 0.0804551 0.695981 0.594182 0.885383 1.34734 -0.974477
929 1.46221 -0.161471 0.465779 0.0902418 -0.240726 0.892824 0.920355 -0.79675
151 1.14809 0.265383 0.569238 0.326226 0.131433 0.633119 1.70415 -0.600332
106 1.15076 0.0812518 0.475084 0.24289 -0.00590985 0.670478 1.41288 -0.624249
409 1.38843 0.408231 0.559341 0.323814 0.182299 0.720203 0.978297 -0.444814
563 1.19266 0.148228 0.548193 0.253805 0.0155515 0.773639 1.56208 -0.642383
823 1.2215 0.0523327 0.761997 0.0769023 0.181787 0.917636 0.879815 -0.803051
482 1.12669 0.12006 1.01695 -0.106249 0.269337 0.997029 0.760172 -0.753976
456 1.19364 0.275235 0.569482 0.436887 0.227976 1.15493 0.817412 -0.626315
597 1.37363 0.25433 0.554695 0.545868 0.284852 1.41706 0.747535 -0.653708
269 1.12723 0.200546 0.452779 0.269607 0.0591532 0.5635 1.42872 -0.544374
668 1.82961 0.365299 0.742805 0.309797 0.127268 0.909064 0.867026 -0.397735
212 1.08193 0.0320191 1.24198 0.0217039 0.0671278 1.06211 1.10137 -0.974099
384 1.34245 -0.430707 0.0998916 0.561758 0.557458 0.773816 1.15786 -0.784778
24 1.77802 -0.601861 -0.0158048 0.659512 0.641966 0.78918 1.40603 -1.02457
326 1.13814 0.034129 0.828813 0.0785195 0.367011 1.00695 0.815782 -0.792133
943 1.05667 -0.235939 0.405558 0.445226 0.169789 0.950733 0.974665 -0.871251
777 1.09092 0.0161367 0.831407 0.00207919 0.290282 1.0575 0.8417 -0.897441
776 1.64663 0.397212 0.811494 0.210244 0.238655 0.839599 0.813616 -0.559784
376 0.977859 0.217291 0.589735 0.304754 0.0344573 0.547266 1.37955 -0.632863
819 1.1513 0.00403015 0.804071 0.00358702 0.071808 0.966769 0.939004 -0.908616
21 1.81157 -0.531011 0.141184 0.644367 0.684042 0.831523 1.17732 -0.874461
808 1.44554 -0.546376 0.129467 0.652891 0.565731 0.706027 1.32384 -0.874114
349 1.41121 -0.243101 0.336796 0.0429162 -0.243515 0.652592 0.754707 -0.794235
200 1.41703 0.0973714 0.560494 -0.18162 -0.206431 0.752912 0.630676 -0.740846
533 1.75743 0.362093 0.624693 0.285839 0.272477 0.797622 0.768691 -0.488822
64 1.59806 0.155741 0.487248 0.408074 0.337416 0.717895 0.960284 -0.421694
955 1.74567 0.429161 0.707537 0.28558 0.147829 0.798743 1.08591 -0.544744
755 1.80981 0.451229 0.672322 0.29145 0.202456 0.882132 1.02063 -0.660116
488 1.36992 0.102548 0.485084 0.342473 -0.238268 0.646554 1.4209 -0.674366
395 1.26954 -0.00325867 0.688385 0.148488 -0.276705 0.608962 1.51557 -1.17329
970 1.20318 -0.00693551 0.678929 0.122939 -0.126326 0.749004 1.15641 -0.982983
912 1.21153 -0.196147 0.783765 -0.0474217 -0.49981 0.661317 1.25278 -1.29873
153 0.979768 0.270455 0.563039 0.268106 0.0621667 0.561146 1.49939 -0.514209
100 1.08923 -0.0395993 0.453195 0.155428 -0.11048 1.06454 1.16058 -0.927555
354 1.44432 -0.137551 0.64944 -0.0479822 -0.414571 0.803879 0.712221 -0.826173
693 1.4681 -0.0943532 0.615954 0.0229165 -0.421763 0.874299 0.750406 -0.88049
353 1.49695 -0.123704 0.574766 -0.0954084 -0.46598 0.885397 0.684079 -0.774825
517 2.15317 0.626675 0.810728 0.451375 0.197829 0.852487 0.968855 -0.357353
676 1.61958 0.236757 0.651643 0.159789 0.0399636 0.9329 0.832208 -0.551066
669 1.70891 0.38349 0.656939 0.303162 0.231076 0.831322 0.860324 -0.412231
670 1.89004 0.471666 0.701868 0.202268 0.207612 0.859668 0.827837 -0.387573
297 1.5209 0.314392 0.580106 -0.204088 0.432302 0.8488 0.930095 -0.822975
292 1.7342 0.245781 0.474774 -0.200444 0.669743 0.88569 0.965518 -0.787626
462 1.48606 0.183023 0.557702 -0.154558 0.455018 0.858508 0.923348 -0.749324
618 1.20011 -0.16417 0.696866 0.185166 0.381126 0.954989 0.953274 -0.94964
624 1.22812 -0.426911 0.205556 0.487035 0.444464 0.637201 1.16645 -0.775997
595 1.56558 0.0883489 0.37352 0.579639 0.202188 1.27746 0.836445 -0.744122
254 1.48448 0.251292 0.494748 0.561462 0.239947 1.07649 1.23475 -0.68985
75 1.18503 0.0311861 0.451935 0.387937 0.167462 0.469601 1.5553 -0.60956
61 1.32035 -0.154766 0.311138 0.220607 0.0999701 0.964772 1.06876 -0.908694
401 1.10951 0.0880771 0.582848 0.0352251 -0.147371 0.843757 1.08647 -0.739254
960 1.15027 -0.02428 0.695401 0.0811012 0.118485 1.04753 0.938392 -1.01231
315 1.13645 0.0510865 1.30945 -0.185314 0.496748 1.2419 0.865576 -0.958493
922 1.4158 0.384033 0.478677 0.0265087 0.373045 0.902477 0.852708 -0.743505
761 1.30643 0.350443 0.559349 0.269541 0.276601 1.08564 0.779424 -0.795841
870 1.35829 -0.0912122 0.479239 0.148022 -0.0326645 0.957976 1.00505 -0.876979
123 1.30894 0.0686062 0.441891 0.138003 -0.0986738 0.807265 0.967034 -0.823947
664 2.18721 0.361675 0.944953 0.207487 0.230134 0.956454 0.783498 -0.43141
650 1.1611 0.175408 0.771228 0.0412771 0.111528 1.08838 0.850599 -0.85598
784 1.37794 0.101023 0.435676 0.00691007 -0.0181311 0.901657 1.06013 -0.865477
429 1.50725 0.288757 0.530086 -0.20503 0.233811 0.917402 0.905043 -0.945328
291 1.56548 0.368236 0.541724 -0.299826 0.274224 0.861828 0.869938 -0.818282
979 1.41718 0.178713 0.508504 0.0541593 0.294624 0.731293 1.00084 -0.856988
285 1.67651 0.649809 0.58821 -0.660545 0.672 1.06599 0.982387 -0.963735
663 2.30257 0.596872 0.724251 0.357681 0.219863 0.811106 0.954564 -0.322412
554 1.47234 0.349719 0.703703 0.0260091 0.267019 1.01685 0.74849 -0.645386
711 0.967962 -0.114239 0.547335 0.450511 0.117987 1.42125 0.910533 -1.12338
710 1.01341 -0.177359 0.638571 0.316096 -0.0397951 1.276 1.03156 -1.07928
54 1.08482 -0.280504 0.359753 0.3454 0.10831 1.23668 0.917664 -1.13348
734 1.17298 -0.00127882 0.602637 0.193237 0.118047 1.30053 1.0705 -1.12065
944 1.18615 -0.166253 0.415188 0.269861 0.151708 1.01343 1.0632 -0.985773
834 1.19767 0.115536 0.504302 0.0185492 -0.15408 1.07069 1.00535 -0.904722
572 1.28668 0.435418 0.665947 -0.444904 0.438214 1.00578 0.866303 -0.97251
273 2.12124 0.758938 0.521355 -0.822156 0.853737 1.11332 1.16947 -1.30073
289 1.4663 0.3245 0.550843 -0.395131 0.263535 0.841032 0.907762 -0.944421
42 1.37766 -0.390148 0.223822 0.473368 0.403909 0.713265 0.985692 -0.685744
619 1.39609 -0.38176 0.103348 0.431419 0.481348 0.752875 0.895677 -0.752891
657 0.980662 0.17561 0.470123 0.31275 0.0746435 0.708962 1.41813 -0.648033
365 1.20072 0.442317 0.596518 0.464968 0.0797661 0.526753 2.21163 -0.491632
66 1.36478 -0.452571 0.156343 0.488913 0.435206 0.780356 1.17704 -0.776396
672 1.47764 0.218868 0.61234 0.259157 0.0855229 0.848798 1.01956 -0.664277
842 1.31092 -0.116167 0.471407 0.12945 -0.11675 1.0132 1.07125 -0.867707
879 1.17942 -0.239742 0.487335 0.207123 -0.171895 0.658128 1.14994 -1.19584
762 1.08307 0.0925061 0.718109 0.211412 -0.247317 0.795744 1.04413 -0.926307
838 1.72302 0.407875 0.781297 0.195409 0.0619866 0.869059 0.86801 -0.564375
903 1.05455 -0.0370412 0.674902 0.224555 -0.307066 0.546491 1.11315 -1.08172
803 1.16101 0.0290914 0.733802 0.0388843 -0.181929 0.769431 1.04769 -0.912802
195 1.48125 -0.137538 0.680646 0.0408648 -0.350111 1.13105 0.809413 -0.884366
47 1.32292 -0.189276 0.204198 0.310148 0.208584 0.79085 1.01496 -0.795038
342 1.93163 -0.483108 0.590734 0.0834273 -0.512722 0.875447 0.866044 -0.903051
348 1.5666 -0.160167 0.614803 -0.0336923 -0.437061 1.00043 0.669974 -0.868053
878 1.46649 -0.0747399 0.534919 0.123283 -0.228678 0.95195 0.796761 -0.794695
891 1.568 0.245816 0.475111 0.674329 0.228979 1.3516 0.810854 -0.734786
443 1.51437 0.266241 0.517238 0.619683 0.293927 1.3319 0.851879 -0.667339
692 1.49625 0.00399032 0.587309 0.0520904 -0.348074 0.839934 0.77675 -0.815433
463 1.47121 -0.422754 0.0568613 0.500203 0.477875 0.728624 1.09671 -0.742999
73 1.30633 -0.373625 0.22541 0.533882 0.435771 0.755201 0.976931 -0.665669
612 1.08221 0.0422078 0.802423 0.0789735 0.25821 0.944263 0.976038 -0.70447
333 1.15262 0.110642 0.947363 0.0592597 0.160585 1.05032 0.774693 -0.802669
320 1.00316 -0.0220357 1.03657 -0.0492514 0.717479 1.11206 0.838656 -0.830094
974 1.2583 0.0632317 0.709367 0.125091 -0.149974 0.847452 1.08733 -0.994122
713 1.26078 -0.0759295 0.590442 0.229125 0.105383 1.05675 1.06329 -0.941821
714 1.04117 -0.0435721 0.593875 0.290907 0.178184 0.978788 1.03032 -0.87094
950 1.21906 -0.138048 0.485328 0.428358 0.165674 1.04316 1.07067 -0.951793
906 1.21186 0.0105156 0.550898 0.301327 0.129383 1.15075 0.930751 -1.07146
162 1.0412 0.212706 0.589742 0.244908 -0.172194 0.522856 1.36068 -0.71997
493 1.35213 0.329457 0.539478 0.425657 0.108748 0.583397 1.52246 -0.490414
731 0.857142 -0.161228 0.608801 0.235198 -0.0929194 1.38662 0.906856 -1.22885
951 1.34334 0.347164 0.557521 -0.199777 0.456249 0.827742 0.81381 -0.9589
813 1.2107 0.0367268 0.707588 0.16768 -0.279198 0.823213 1.26167 -1.12665
964 1.08727 -0.0235214 0.633107 0.129369 -0.23116 0.669779 1.17461 -1.09303
994 1.19546 0.0938098 0.589193 0.103811 -0.0961812 0.804565 1.05255 -0.959418
968 1.17136 0.176167 0.682202 0.0604439 0.0151912 0.761954 1.01952 -0.879627
868 1.30889 0.0524144 0.510369 -0.105063 0.226277 0.800959 0.946788 -0.810302
961 1.56523 -0.198895 0.59117 -0.0155606 -0.234497 0.890357 0.931779 -0.894371
585 1.57576 -0.168872 0.582791 -0.0328396 -0.542076 0.895317 0.797939 -0.916705
347 1.38919 -0.0427648 0.634581 0.0743098 -0.208638 0.795657 1.0265 -0.826938
351 1.65108 -0.252811 0.536654 -0.00310896 -0.435372 0.862769 0.780963 -0.830205
998 1.46226 -0.0337134 0.679109 0.1652 -0.1779 0.962099 1.08276 -0.928272
928 1.57626 -0.134664 0.669608 0.136443 -0.19499 0.943505 0.955749 -0.985417
122 1.11408 0.212778 0.441564 0.355237 0.0902581 1.01929 0.816341 -0.685047
459 1.30629 0.15545 0.429433 0.557295 0.263219 1.27761 0.642194 -0.521601
449 1.48839 0.288744 0.456925 0.711551 0.324436 1.43364 0.843372 -0.531027
802 1.14376 -0.0158974 0.727274 0.0214099 -0.205479 0.667294 1.09346 -0.963033
983 1.6146 -0.242137 0.63616 0.0248138 -0.278472 0.85796 0.90298 -0.958276
32 1.42404 -0.449923 0.251451 0.43655 0.522309 0.779911 1.04563 -0.898704
412 1.15986 0.0806445 0.48162 -0.120275 -0.272709 1.00835 1.06208 -0.982796
907 1.0842 -0.0136267 0.582792 0.310646 0.1284 1.13247 1.02495 -0.977475
518 1.0747 -0.0388538 0.55453 0.241736 0.183219 1.26465 0.759459 -0.951631
830 1.00398 -0.135229 0.556859 0.219891 0.0773641 1.04598 0.76195 -0.913497
708 0.734689 -0.225465 0.711103 0.340945 -0.0726819 1.61682 0.896813 -1.32826
331 1.14898 0.0429454 0.821195 -0.02481 0.130102 0.93456 0.946828 -0.829578
701 1.287 -0.265619 0.341192 0.118101 -0.121151 0.635837 0.887081 -0.779404
233 1.05794 -0.170062 0.713711 0.227484 -0.413248 0.628179 1.29378 -1.28402
300 1.41927 0.393417 0.583078 -0.234909 0.373142 1.01837 0.832045 -0.844249
574 1.41194 0.458285 0.542217 -0.375887 0.446579 0.881259 0.810911 -0.828728
294 1.59493 0.488749 0.586148 -0.409305 0.507988 0.909981 0.899244 -0.825109
862 1.58209 -0.058665 0.697926 -0.00350187 -0.371301 0.892636 0.769932 -0.842448
569 1.03969 0.0325923 0.622517 0.124482 0.25906 0.885273 0.977843 -0.789473
610 1.19893 0.168645 1.20638 -0.252836 0.439108 1.21021 0.850671 -1.04625
829 1.18311 -0.0317599 0.491418 0.215277 0.0114743 0.969828 1.02449 -0.835486
806 1.25321 0.151926 0.461902 -0.0125606 -0.0197803 0.874621 0.96408 -0.850735
271 2.14102 0.581326 0.429637 -0.690621 0.774689 1.03233 1.02567 -1.07457
514 2.18996 0.65801 1.09043 0.297331 0.220853 0.955205 0.822905 -0.359911
934 1.29711 0.0352242 0.763792 0.0171638 0.0425246 1.08092 0.869372 -0.898286
820 1.31528 0.166159 0.579961 0.315242 0.0337796 0.797785 1.09369 -0.569887
30 1.4467 -0.467434 0.0701648 0.581795 0.498242 0.772746 1.17551 -0.783862
26 1.72348 -0.468917 0.0345338 0.498168 0.751979 0.847902 1.15795 -0.736689
576 1.23091 0.180826 0.527079 -0.129066 0.0745357 0.903231 0.871176 -0.80926
231 1.12118 0.0164258 0.843396 0.0652214 -0.279064 0.724862 1.18711 -1.09312
335 1.36268 0.0844903 0.788789 -0.00597051 0.0683966 1.06558 0.939904 -0.942477
179 1.41057 0.302398 0.62733 0.634171 0.105864 1.58486 0.557511 -0.656921
631 1.27603 0.316698 0.487966 0.614754 0.086182 1.43863 0.699113 -0.635786
655 1.42555 0.141392 0.543629 0.454793 0.179711 1.1471 1.05225 -0.80565
775 1.08941 0.0969822 0.891607 -0.0609909 0.214317 0.905115 0.862593 -0.864262
827 1.0123 -0.123175 0.573791 0.282009 0.140554 1.25072 1.00639 -1.09372
832 1.21511 -0.0564152 0.646846 0.207692 0.0757095 1.14093 0.890213 -0.883522
67 1.18481 0.0614229 0.358917 0.348481 0.259974 0.503746 1.41738 -0.636207
621 1.50561 -0.18528 0.253302 0.515327 0.497357 0.936456 1.02576 -0.725761
103 1.24775 0.134827 0.798415 0.0512726 0.167024 0.987253 0.898683 -0.817438
848 1.23921 0.000289774 0.653036 0.0947936 0.174528 0.931293 0.967609 -0.872853
608 1.28376 0.293364 0.49032 0.452792 0.105463 1.12112 0.624895 -0.669214
732 1.10583 -0.313597 0.228935 0.502382 0.269838 1.19615 1.05478 -1.09586
118 1.10162 0.0948997 0.345638 -0.0143604 -0.0483137 0.752791 0.944208 -0.660444
855 1.24733 -0.3412 0.214858 0.396379 0.408026 0.866181 0.979136 -0.781363
660 1.08597 0.199375 0.580705 0.277387 0.00577559 0.63573 1.26841 -0.577978
243 1.15936 0.163975 0.535095 0.505522 0.115275 1.17694 0.751196 -0.802849
617 1.2853 -0.319286 0.552714 0.20075 -0.0518939 0.658082 1.18752 -1.14104
873 1.31019 0.0424776 0.745503 0.00304628 0.177699 1.08611 0.967718 -0.970975
898 1.01346 -0.0746427 0.741918 -0.0388517 0.308423 0.971245 0.802098 -0.855968
567 1.20328 0.23634 0.569557 0.170684 0.0592229 0.726655 1.56539 -0.7584
787 1.26948 -0.0046706 0.481012 0.124153 -0.139875 0.951219 0.98361 -0.893294
588 1.10358 0.0143485 0.465213 0.0902876 -0.118506 1.05775 0.934294 -0.920819
421 1.62415 0.486346 0.633535 -0.375434 0.563343 0.932214 0.897832 -0.847111
915 1.32303 -0.0326285 0.626828 -0.0471173 -0.0240201 0.703246 1.21803 -1.0617
290 1.44454 0.411485 0.638515 -0.349774 0.254319 0.820734 1.00482 -0.911338
801 1.1036 -0.053102 0.734271 0.115244 -0.269554 0.644016 1.14932 -0.99054
687 1.42953 -0.0231075 0.555169 0.063435 -0.230058 0.805824 0.879564 -0.80751
359 1.44329 -0.179715 0.605323 0.0679756 -0.282392 0.946306 0.894034 -0.853249
700 1.48361 -0.273021 0.573717 0.0496892 -0.480859 0.794323 0.795809 -0.821019
235 1.16721 -0.0998562 0.561183 0.139036 -0.337742 0.762337 1.06851 -1.07573
814 1.30555 -0.0381245 0.654486 0.0882918 -0.309824 0.753805 1.19514 -1.06224
932 1.16759 -0.0892417 0.66999 0.313814 -0.256503 0.758146 1.17047 -1.14119
418 1.59418 0.346341 0.679592 -0.296207 0.446878 0.983623 0.904621 -0.926008
104 1.25805 0.0020881 0.555319 0.222398 -0.08642 1.01291 1.0705 -0.88194
996 1.38971 -0.0166563 0.511084 0.11217 0.0395652 1.05918 1.00704 -0.930633
464 1.41066 -0.276297 0.307631 0.536197 0.351737 0.830856 1.03478 -0.752772
59 1.58396 -0.510587 0.230153 0.718606 0.662034 0.764259 1.441 -0.852723
809 1.42292 -0.553043 0.0302858 0.57928 0.630014 0.693262 1.22678 -0.797665
71 1.20215 -0.249023 0.324629 0.394643 0.376473 0.687706 1.17148 -0.603241
550 1.42775 -0.341913 0.309718 0.456352 0.40402 0.775009 1.17439 -0.765628
36 1.59284 -0.355794 0.21808 0.575269 0.542256 0.771119 1.05564 -0.683307
120 1.24657 0.250511 0.412925 0.404557 0.173732 1.05077 0.835612 -0.553168
141 1.19771 0.369007 0.637484 0.558882 0.137186 0.77503 1.65073 -0.528387
833 1.20999 0.00639501 0.65512 0.257608 0.0983788 0.968502 0.9774 -0.799034
33 1.14471 -0.379741 0.362286 0.410058 0.265175 1.07288 1.03869 -0.967524
623 1.27454 -0.259183 0.264818 0.291495 0.479136 0.836957 0.984617 -0.833583
325 1.12673 0.19595 0.858314 -0.0362015 0.433674 0.960187 0.786061 -0.785713
307 1.48173 0.0721979 0.477266 -0.234794 -0.200668 0.840051 0.811696 -0.813708
455 1.32008 0.319999 0.708895 0.518745 0.206539 1.36394 0.718222 -0.607814
647 1.07417 0.0367103 0.692928 0.15341 -0.371066 0.639391 1.29735 -1.10718
796 1.11727 -0.0122332 0.431604 0.0560296 -0.104655 0.926801 0.974126 -0.794239
949 1.25926 -0.0354098 0.471699 0.0863851 -0.0679504 0.926395 1.01941 -0.918727
105 1.26018 -0.125276 0.432042 0.0911708 -0.0250287 0.953939 1.05301 -0.887737
584 1.27898 0.0782499 0.649077 -0.0552066 -0.11707 0.919755 1.03548 -1.04929
839 1.2576 0.0927583 0.531457 0.164466 -0.0343341 0.904382 1.00743 -0.723503
828 1.05513 -0.00331464 0.490632 0.166565 0.321969 1.00916 0.831108 -0.955257
498 1.58435 0.577184 0.53634 -0.28788 0.413332 0.984002 0.905035 -0.763575
417 1.62752 0.57444 0.557613 -0.492056 0.597795 0.844652 0.945014 -0.785808
44 1.33518 -0.417705 0.141804 0.520881 0.40643 0.737838 1.09166 -0.615864
242 1.2368 -0.129052 0.527878 0.240702 -0.184864 0.718072 1.29476 -1.07234
602 1.45011 0.237914 0.393371 0.669768 0.245004 1.34167 0.735892 -0.695881
615 1.11045 -0.0318199 0.628761 0.13833 0.0970923 1.07404 0.897357 -0.92418
892 1.1684 0.384414 0.418422 0.674372 0.175103 1.11672 0.776241 -0.588639
258 1.14918 0.0675459 0.5152 0.264117 -0.122062 0.637968 1.35225 -0.660124
980 1.21885 0.239087 0.467628 0.414509 0.0853494 0.816611 1.13505 -0.668392
241 0.98168 -0.0853149 0.557604 0.12904 -0.0546262 0.697536 1.03109 -0.991742
598 1.50814 0.297886 0.526041 0.523962 0.363589 1.24316 0.810625 -0.640324
486 1.07345 0.113569 0.992789 -0.126076 0.331195 1.10545 0.735228 -0.864596
758 1.79245 0.385664 0.783736 0.207336 0.258722 0.864098 0.873564 -0.573632
593 1.33074 0.266924 0.471183 0.654789 0.288671 1.5529 0.767606 -0.655463
811 1.39581 -0.389475 0.186079 0.481986 0.412091 0.741236 1.2258 -0.88013
642 1.11589 -0.00242367 0.804243 0.101526 -0.35941 0.755777 1.26264 -1.15401
632 1.42564 0.227696 0.546074 0.640222 0.220482 1.35438 0.853663 -0.636924
451 1.3052 0.244783 0.531646 0.564112 0.176049 1.34249 0.713084 -0.660048
270 1.45228 -0.0955325 0.455065 0.0922129 -0.269058 0.656919 0.933193 -0.756959
577 1.46172 0.596227 0.682003 -0.483603 0.4773 0.974353 0.868824 -0.796611
908 0.967847 -0.0797031 0.521096 0.279701 4.48886e-05 1.04567 0.888919 -0.916453
406 1.04392 0.22792 0.507602 0.300831 0.0251922 0.530559 1.5806 -0.502756
984 1.07851 0.200752 0.42312 0.311407 0.135744 0.793167 1.30206 -0.625487
883 1.56684 0.28476 0.578766 0.207969 0.0553846 0.824925 0.772238 -0.52672
551 1.20757 0.107434 1.35176 -0.232605 0.64098 1.31143 0.799513 -0.85982
556 1.38406 0.104209 0.652374 0.0441414 -0.0636295 0.851965 0.79816 -0.747743
685 1.53728 -0.0344592 0.678469 -0.0337562 -0.38734 0.865613 0.87966 -0.826123
386 1.48689 -0.357889 0.154578 0.355358 0.548318 0.692232 0.956839 -0.729648
840 1.71713 0.223614 0.577144 0.256466 0.125131 0.800321 0.95712 -0.624432
697 1.75065 -0.330124 0.489735 0.147766 -0.30458 0.77956 0.859764 -0.82932
372 1.22122 0.035171 0.360381 0.333628 0.197478 0.671505 1.39008 -0.733374
31 1.27291 -0.487649 0.208748 0.628466 0.366093 0.962856 1.03425 -0.834058
914 1.06502 -0.140747 0.654786 0.203537 -0.230201 0.626829 1.12655 -1.00319
234 1.0192 -0.0763919 0.683107 0.0485416 -0.379955 0.552133 1.2113 -1.17101
306 1.3597 0.416862 0.684517 -0.27601 0.334889 0.973518 0.801856 -0.750919
953 1.5564 0.280352 0.532751 -0.193351 0.412308 0.859774 0.933512 -0.858698
991 1.21767 0.128396 0.645004 0.0996591 0.139154 0.799825 1.19755 -0.901612
450 1.44161 0.193329 0.547121 0.589859 0.261095 1.32663 0.81612 -0.611182
857 1.21241 0.0116 0.631187 0.0073212 -0.102033 0.980332 1.10717 -0.850689
86 1.26915 -0.0126155 0.538374 0.016759 -0.194566 1.10801 1.22199 -0.980899
465 1.30339 -0.0975206 0.396104 0.400199 0.228481 0.783319 1.23325 -0.745101
810 1.35188 -0.538809 0.0932894 0.620061 0.550475 0.717452 1.20998 -0.762817
98 1.28379 -0.0327235 0.480018 0.0456786 -0.279416 0.979353 1.06115 -0.90391
746 1.10683 -0.0426513 0.610544 0.0726452 0.214568 0.887226 0.847724 -0.682441
918 1.46778 0.199533 0.704789 0.148396 0.130703 0.915252 0.760416 -0.611686
526 1.70583 0.48555 0.661422 0.337389 0.174589 0.786853 0.885235 -0.379621
78 1.23832 -0.357903 0.147797 0.49969 0.405803 0.554569 1.02561 -0.709501
444 1.48277 0.518033 0.488316 0.670268 0.38379 1.45341 0.557831 -0.635571
717 1.02785 -0.173856 0.65128 0.242338 0.0247466 1.01059 0.945818 -1.07357
939 1.45205 -0.379009 0.218953 0.351152 0.531463 0.669492 1.08072 -0.752551
722 1.11003 0.113404 0.58365 0.0886958 0.182296 1.19306 0.878644 -0.924574
158 1.03172 0.197531 0.444037 0.33266 0.0151465 0.683557 1.38106 -0.724168
38 1.36481 -0.395962 0.18189 0.605285 0.463521 0.832352 1.11775 -0.793251
452 1.48198 0.249444 0.652658 0.498986 0.259779 1.40897 0.896932 -0.657988
719 1.40659 0.00160397 0.673886 0.337512 0.147131 1.24051 1.03354 -1.01605
959 1.34823 0.0503348 0.546789 0.146991 0.244546 1.19317 1.03537 -0.959202
704 1.3579 -0.129023 0.648385 0.0571982 -0.343685 0.847367 0.943779 -0.947008
28 1.60294 -0.446055 0.0950456 0.53743 0.303039 0.713314 1.03683 -0.667599
561 1.27247 0.37514 0.611277 0.192327 0.186624 0.760018 1.59223 -0.689245
555 1.07274 0.14213 0.810999 0.0104001 0.234277 0.937387 0.963269 -0.76542
167 1.01407 0.0446831 0.506534 0.24737 0.0408231 0.911146 1.03301 -0.794746
831 1.02449 0.0654918 0.716793 0.0994473 0.178245 1.01389 0.831318 -0.748719
976 1.13047 0.0929682 1.0116 -0.0532757 0.123386 1.04882 1.11768 -0.889553
101 1.45138 -0.0821452 0.376055 0.14945 0.106592 0.90106 1.09426 -0.937767
850 1.30171 0.0806431 0.742868 0.0583258 0.128059 0.949002 1.0567 -0.791539
389 1.24406 -0.0615966 0.67292 0.186151 0.387173 0.938604 0.970291 -0.89944
643 0.936317 -0.0936744 0.598426 0.194363 -0.0641073 0.973144 0.938004 -0.979116
373 1.18947 0.220706 0.565407 0.32574 0.084108 0.66613 1.5323 -0.683937
448 1.37701 0.275144 0.593107 0.583961 0.253325 1.39631 0.692705 -0.62144
476 1.08427 0.162976 0.938599 -0.19875 0.319978 1.02194 0.822635 -0.751245
971 1.47853 -0.125885 0.573331 0.0194486 -0.418391 0.868283 0.853887 -0.888595
804 1.24208 0.0714756 0.824678 -0.084239 0.149895 0.942561 0.950176 -0.865545
999 1.48551 0.0670245 0.811622 0.0547842 0.34228 1.1368 1.13027 -0.973314
257 1.28444 0.284159 0.479094 0.115193 0.0779903 0.638266 1.50215 -0.669461
265 1.17731 0.0585291 0.370312 0.411436 0.140295 0.576429 1.56856 -0.598601
461 1.34213 -0.0249371 0.524051 0.179455 0.0693035 0.904957 1.11448 -0.885435
972 1.51669 0.0194991 0.61371 0.085397 -0.236992 0.848703 0.808002 -0.804595
613 1.32552 0.0600034 0.801932 0.0891998 0.253333 1.01141 0.94407 -0.743893
677 1.59571 0.282798 0.743531 0.227242 0.204409 0.872194 0.882115 -0.56332
484 1.06751 0.127624 0.908544 -0.142667 0.0162426 0.959239 0.799456 -0.817797
977 1.34307 -0.00434683 0.810029 0.0825094 0.251974 1.14826 1.01226 -0.966778
992 1.63447 0.169946 0.637339 0.158471 0.212693 1.02944 0.97877 -0.770877
937 1.10786 -0.0798515 0.627379 0.160549 0.0310735 1.19105 0.951507 -0.985273
769 1.02881 -0.0776582 0.606425 0.272411 -0.217543 0.639391 1.16092 -1.00737
897 1.58379 0.47379 0.706953 -0.46118 0.549226 0.922912 0.956446 -0.937617
543 1.2355 -0.280065 0.334656 0.47307 0.349655 0.683968 1.18595 -0.756244
927 1.40366 0.325652 0.614819 -0.34277 0.278644 0.771745 0.812175 -0.793527
415 1.6752 0.346552 0.326646 -0.329559 0.722075 0.809406 0.875739 -0.939443
457 1.2509 0.072812 0.574953 0.244882 0.0217823 0.991267 0.828834 -0.693673
62 1.52324 -0.534589 0.0834236 0.627991 0.493873 0.826592 1.23379 -0.867996
45 1.37169 -0.358127 0.223214 0.392806 0.274597 0.638868 1.02041 -0.75505
473 1.26733 0.350209 1.07929 -0.260859 0.419298 1.22047 0.815269 -1.02556
869 1.07788 0.183081 0.804424 -0.0558802 0.194413 1.09701 0.746704 -0.788999
553 1.08303 0.21765 0.888065 -0.083341 0.121668 1.08547 0.781134 -0.885387
355 1.31406 -0.003322 0.823199 -0.063474 0.120155 0.993757 0.666276 -0.834527
559 1.33785 0.0488836 0.891571 0.0147674 0.220175 1.05622 0.651566 -0.661926
317 1.11968 0.179694 1.33885 -0.249966 0.333648 1.26709 0.873411 -0.984567
896 1.7337 0.323223 0.578648 0.204549 0.198138 0.935625 0.832839 -0.616218
549 1.06104 -0.256557 0.42697 0.366602 0.13056 0.944787 0.976501 -0.917265
760 1.69745 0.406064 0.588714 0.262237 0.186014 0.870657 0.74688 -0.325194
511 1.53329 0.348005 0.474946 0.0936381 0.21031 0.739642 0.737558 -0.59081
183 1.87023 -0.114729 0.563142 -0.172382 -0.680597 0.886413 0.700724 -0.952398
268 1.07692 0.212473 0.470179 0.173906 0.0949557 0.553279 1.25689 -0.651142
413 1.5712 0.522285 0.558856 -0.4432 0.488926 0.952519 0.936624 -0.925827
872 1.19494 -0.0194574 0.645687 0.135586 0.255379 0.902795 0.853587 -0.81645
849 1.18261 0.0615431 1.19037 -0.108029 0.365405 1.11127 0.880232 -0.78667
851 1.79404 0.401981 0.681094 0.344367 0.166891 0.865264 1.0254 -0.562217
206 1.31034 -0.0961955 0.571504 -0.0481255 -0.363774 0.7597 0.82101 -0.672204
166 1.15005 0.240607 0.54936 0.130754 0.0560401 0.624226 1.24246 -0.718772
163 1.02387 0.216583 0.518197 0.224961 -0.00776361 0.57847 1.32805 -0.605142
736 1.1479 -0.0543559 0.464909 0.246691 0.0960018 1.11072 0.916313 -0.903713
337 1.19536 0.144949 0.887626 -0.0206529 0.233569 0.970823 0.921181 -0.926313
616 1.16013 -0.0953742 0.682951 0.0870312 0.16137 0.859964 0.831462 -0.791811
332 1.04506 0.0659571 1.01041 -0.0450955 0.305851 1.12373 0.748216 -0.841256
159 1.15629 0.356431 0.543982 0.319686 0.0370857 0.682578 1.43542 -0.57708
917 1.29538 -0.425956 0.128257 0.538662 0.40534 0.652374 1.14899 -0.780647
764 1.25779 0.194823 0.510944 0.457555 -0.0444552 1.08449 0.706828 -0.691795
689 1.40097 -0.171178 0.5395 -0.0262562 -0.547393 0.987739 0.714013 -0.872035
793 1.02739 -0.242899 0.53988 0.231904 -0.144184 0.67192 1.11724 -0.995511
507 1.5215 0.456315 0.551293 -0.402885 0.501225 0.856254 0.796979 -0.926138
910 1.48787 -0.0962539 0.571548 -0.0432468 -0.409078 0.871392 0.804233 -0.904056
742 1.18617 0.0768945 0.94601 -0.00931234 0.280564 1.01374 0.955765 -0.836313
419 1.51777 0.388302 0.536633 -0.399397 0.494222 0.963561 0.96866 -0.896858
392 1.35053 -0.316406 0.243847 0.476685 0.462684 0.757825 1.17794 -0.723329
546 1.45755 -0.420148 0.304328 0.575627 0.550829 0.812229 1.09311 -0.835176
699 1.55192 -0.106084 0.674919 -0.0403724 -0.431289 0.897137 0.780553 -0.799946
694 1.37834 -0.0442842 0.539276 -0.00159024 -0.220824 0.895483 0.806336 -0.822877
116 1.08826 0.0307083 0.508381 0.0366938 -0.111761 0.833312 0.986686 -0.740658
544 1.31763 -0.218383 0.244209 0.425881 0.319693 0.820079 1.10486 -0.762329
302 1.37443 0.268253 0.475227 -0.114559 0.359678 0.85121 0.982251 -0.779179
745 1.22538 0.179907 0.884305 -0.108126 0.227525 1.08268 0.755067 -0.783827
46 1.33293 -0.123574 0.407339 0.230118 0.00611797 0.899606 0.980036 -0.760147
327 1.15322 0.103271 0.895258 0.0527907 0.27691 1.06665 0.852559 -0.884639
886 1.53169 0.361969 0.511318 -0.191447 0.484019 0.88704 0.872844 -0.848673
864 1.3663 0.0432351 0.518197 -0.156435 -0.130893 0.759576 0.731342 -0.763441
921 1.58288 0.514992 0.655537 -0.465714 0.530096 1.00052 1.09369 -1.00091
460 1.35133 0.113438 0.497117 0.477617 0.297278 1.15016 0.852527 -0.691428
334 1.06369 0.0284954 0.947359 -0.0486003 0.236253 0.973936 0.871432 -0.86758
695 1.04779 -0.203475 0.41205 0.396536 0.0836032 1.34026 0.981147 -1.20639
817 1.29654 0.243423 1.16615 -0.167756 0.384284 1.2393 0.787132 -0.980119
558 1.22918 0.287841 0.750112 -0.202011 0.406101 0.924361 0.714927 -0.690553
160 1.15389 0.224482 0.625032 0.336332 0.0548277 0.529101 1.63714 -0.541634
205 1.46259 -0.204298 0.639484 -0.139988 -0.451711 0.809429 0.728612 -0.772031
423 1.53308 0.381476 0.574652 -0.113778 0.412448 1.08124 0.826791 -0.890093
301 1.56094 0.339126 0.67461 -0.320883 0.397992 0.882371 0.864991 -0.882806
49 1.29858 -0.159351 0.21082 0.367554 0.524134 0.710359 0.936318 -0.595672
453 1.24058 0.300885 0.502828 0.550018 0.271865 1.2931 0.7352 -0.555068
648 1.21312 0.207292 0.585206 0.431858 0.04777 1.05593 0.775081 -0.734151
319 1.16972 0.231723 1.07984 -0.0877735 0.316475 1.15044 0.934134 -0.703832
947 1.22413 0.218284 0.556031 0.31043 0.072822 0.628214 1.53887 -0.792257
192 1.45764 0.0626365 0.675801 0.0625062 -0.371116 1.02481 0.895662 -0.800833
812 1.07647 -0.0648957 0.62628 0.0877894 -0.256489 0.820435 1.12009 -1.09802
771 1.12941 -0.176283 0.662266 0.174834 -0.269683 0.772933 1.05695 -1.09289
899 1.25519 -0.0727568 0.870859 -0.00264077 0.179083 1.03293 1.03139 -0.831726
198 1.32568 -0.129431 0.697696 -0.00694152 -0.271844 0.807153 0.723096 -0.693848
164 1.14515 0.197482 0.549936 0.2215 0.033201 0.637861 1.30881 -0.708759
165 1.18976 0.268957 0.580159 0.166002 0.145759 0.822931 1.21969 -0.709647
824 1.06701 0.100874 0.810764 -0.0716509 0.256176 0.882923 0.64487 -0.757856
890 1.27995 0.285667 0.824603 -0.0383761 0.280142 1.1273 0.81847 -0.829592
547 1.01043 -0.331279 0.489523 0.322764 0.0299096 1.21744 0.798025 -1.01042
875 1.59647 -0.204521 0.606527 -0.181492 -0.505956 0.893949 0.756966 -0.906085
328 1.14148 0.342825 0.897847 -0.0663534 0.369273 1.2265 0.645989 -0.774996
466 1.21367 -0.185304 0.261346 0.396322 0.290583 0.691751 1.06613 -0.727476
107 1.25173 -0.0120578 0.56736 0.0233711 -0.0694011 0.933802 1.16363 -0.818861
303 1.42677 0.361545 0.505153 -0.229685 0.341122 0.901275 0.89315 -0.720419
506 1.34479 0.240515 0.570745 -0.127696 0.204712 0.827414 0.788915 -0.830081
795 1.40558 -0.0835806 0.531492 -0.069339 -0.506199 0.826901 0.765799 -0.864857
956 1.26865 -0.0350254 0.721462 0.168389 -0.182889 0.737002 1.09573 -1.03152
232 1.10999 -0.219555 0.551669 0.303009 -0.141888 0.599743 1.14714 -1.07248
370 1.16506 0.197753 0.440344 0.358541 0.0194588 0.637009 1.56311 -0.5227
930 1.24887 0.065199 0.672785 -0.00464268 -0.2055 0.947077 1.20573 -0.928572
150 1.22907 0.0141757 0.448146 0.493052 0.324036 0.535019 1.57505 -0.590207
614 1.13977 0.120821 0.803632 -0.0233575 0.241487 1.08922 0.767387 -0.801897
785 1.64706 0.397395 0.607615 0.218857 0.0999842 0.861985 0.771409 -0.479465
76 1.4012 -0.311586 0.257479 0.460747 0.485044 0.742847 1.11278 -0.751919
393 1.41129 -0.480634 0.159554 0.649841 0.349722 0.76393 1.21741 -0.813059
408 1.14873 0.180173 0.485917 0.228601 0.0562244 0.625855 1.32545 -0.632221
492 1.77543 0.315386 0.576707 0.416446 0.233671 0.925426 1.2448 -0.580195
604 1.29741 0.251889 0.587645 0.425239 0.216488 1.09847 0.748875 -0.685727
759 1.65278 0.407613 0.626418 0.535575 0.273759 0.955139 0.947681 -0.463004
237 1.30953 -0.260133 0.580646 0.27171 -0.131563 0.720592 1.3259 -1.0858
982 1.30061 -0.112284 0.714269 0.168154 -0.206083 0.807229 1.17645 -1.08874
963 1.6145 0.324727 0.623155 0.187819 0.145033 0.883439 0.80794 -0.543358
570 1.20078 0.109536 0.491293 0.19157 0.0699636 0.710584 1.32625 -0.708511
691 1.2308 -0.140279 0.473044 0.140196 -0.126011 1.00437 0.917471 -0.94082
606 1.19376 0.265776 0.459101 0.48255 0.153927 1.10589 0.682381 -0.593797
336 1.19304 0.0722631 0.947533 -0.0485684 0.272873 1.1405 0.921305 -0.940792
651 0.983088 -0.0178452 0.417823 0.341908 0.209193 1.54331 0.728523 -1.147
791 1.2393 0.0975397 0.524939 0.0507313 -0.0967244 0.973115 1.05546 -0.814184
911 1.10578 -0.00548968 0.818911 -0.0120467 0.13407 0.965717 0.847279 -0.82185
512 1.43164 0.433098 0.522442 -0.295226 0.235439 0.898837 0.831695 -0.820595
304 1.4116 0.338701 0.494935 -0.287626 0.415784 0.774918 0.792934 -0.761138
124 1.2029 0.0693722 0.484388 0.218031 -0.0582712 0.98975 0.940464 -0.823353
590 1.25658 0.102386 0.486588 0.188097 -0.0182874 0.947273 0.965204 -0.803868
68 1.41985 -0.431739 0.11694 0.636772 0.555339 0.718291 1.13123 -0.725909
530 1.50018 0.288458 0.573601 0.257577 0.230104 0.866344 0.908564 -0.587152
426 1.50265 0.407046 0.612642 -0.291779 0.463177 0.879771 0.873674 -0.847391
262 1.26263 0.157873 0.656848 0.152341 0.0873771 0.657784 1.22571 -0.757657
646 1.08616 -0.0246142 0.582474 0.0441225 -0.197854 0.729512 1.05292 -0.944334
877 1.24885 -0.119146 0.605705 0.0585645 -0.213893 0.80786 1.06068 -0.939526
226 1.25675 -0.143118 0.782301 0.0538463 -0.41775 0.675425 1.22894 -1.28366
541 1.50414 -0.343109 0.223687 0.48426 0.373362 0.790534 1.17249 -0.766091
738 0.963166 0.0777862 0.83025 0.0460416 0.130989 1.06553 0.759015 -0.807737
35 1.3155 -0.383291 0.230394 0.4433 0.490264 0.846429 0.993683 -0.759619
201 1.45805 -0.163563 0.701972 -0.0361147 -0.37515 0.799469 0.855761 -0.954759
360 1.57979 -0.152037 0.683223 -0.0465989 -0.239118 0.949643 0.853057 -0.867356
599 1.1153 0.220486 0.578844 0.318496 0.113345 0.760609 1.15753 -0.66656
