1000 4
368 -1.38831 1.76981 0.898483 0.257933
130 -1.3477 2.09762 1.14572 0.81191
491 -1.01142 1.87942 0.887183 -0.0439631
591 -1.00871 2.23528 1.07444 -0.296783
362 -0.870287 2.23516 1.11281 -0.0974926
628 -1.10021 2.0493 0.805638 -0.192145
626 -1.03737 2.23928 1.00352 -0.193265
458 -0.968771 1.65614 0.657811 -0.20182
599 -1.09823 1.88507 1.05061 0.184101
145 -1.29319 1.77832 1.05765 0.298781
987 -1.30219 1.56791 0.659305 0.152675
252 -1.52013 1.71763 1.00473 0.481215
2 -1.69605 1.86852 1.66078 0.548194
10 -1.61419 1.74088 1.61139 0.449289
133 -1.47184 2.02884 1.21446 0.669059
370 -1.47036 1.72517 0.908013 0.382721
141 -1.28271 1.82614 0.987558 0.296758
408 -1.18429 1.75311 0.833994 0.314959
216 -1.89856 1.65663 1.19649 -0.57292
636 -2.11476 1.72251 1.3214 -0.821949
956 -1.45882 1.61204 0.996666 -0.315427
881 -1.48875 1.61748 0.899808 -0.183662
418 -1.62964 1.94326 0.24131 0.661776
273 -2.28365 2.49747 0.415419 1.11273
496 -1.79438 2.1038 0.416498 0.910254
951 -1.55771 1.77061 0.176722 0.433748
272 -1.89677 2.32805 0.476024 0.968247
862 -0.946937 2.26301 0.533909 -0.244942
331 -1.28776 2.21802 -0.0060786 0.151227
555 -1.38702 1.96611 0.150375 0.158103
131 -1.50164 2.7287 -0.097517 0.122907
872 -1.38795 1.97124 0.124714 0.21699
884 -1.28419 2.20256 0.217882 0.123234
569 -1.30946 1.89697 0.239342 0.310117
132 -1.74435 1.94428 1.23297 0.597853
784 -1.73139 1.83818 0.57856 0.206196
99 -1.99453 1.70838 0.437384 0.0543227
79 -2.90941 1.70727 0.673706 -0.163806
92 -1.98709 1.53418 0.552811 -0.162611
401 -1.78552 1.47732 0.351783 0.0719779
93 -2.26913 1.64292 0.361946 0.0414097
958 -1.40143 1.63426 0.660228 -0.234495
108 -1.80792 1.71079 0.533888 -0.309115
544 -1.19218 1.55628 1.28337 0.221673
42 -1.30165 1.41527 1.04396 0.243139
541 -1.41962 1.68483 1.31333 0.409037
30 -1.39186 1.62464 1.36996 0.277803
380 -1.37129 1.87442 1.32128 0.647232
59 -1.54652 1.61512 1.47896 0.502328
24 -1.54986 1.70887 1.62877 0.411136
53 -1.4369 1.81917 1.50657 0.471262
58 -1.22539 1.70829 1.1829 0.1119
376 -1.26268 1.58996 0.80852 0.2657
313 -1.28858 2.60879 -0.16208 0.0739134
471 -1.33893 2.12645 0.0615998 0.160547
171 -1.30824 2.5199 0.175866 -0.0746968
126 -0.839448 2.83482 1.07766 -0.551253
176 -0.925289 2.21038 0.971947 -0.47738
193 -1.00971 2.06649 0.43928 -0.244462
247 -1.49663 2.58989 -0.142611 0.28281
275 -1.47855 2.49065 -0.0974747 0.255405
324 -1.36709 2.16828 0.0696341 0.154093
481 -1.30199 1.9995 0.0506805 0.214054
480 -1.47245 2.05759 -0.00166271 0.260881
553 -1.48699 1.92418 -0.0865878 0.0518414
472 -1.42718 2.37966 -0.145998 0.203277
19 -0.718086 2.60442 1.04184 -0.388639
0 -1.48757 2.18983 1.70374 0.605264
638 -1.64237 1.6522 1.12989 -0.342001
224 -1.81061 1.66687 1.00683 -0.358066
505 -1.44324 1.58511 0.925682 -0.0642239
969 -1.39346 1.70341 0.935564 -0.313605
395 -1.87177 1.75692 1.13515 -0.116189
769 -1.40158 1.50848 0.832268 -0.299146
771 -1.40863 1.58408 1.01417 -0.446951
706 -2.05041 2.21677 0.532731 -1.23403
717 -1.55476 1.84619 0.681302 -0.593799
174 -1.54447 2.25223 0.900585 -0.932045
942 -1.41533 1.84303 0.561357 -0.45193
516 -1.76209 2.18051 0.619275 -0.982383
727 -1.69675 2.25411 0.761147 -1.09991
652 -1.54407 2.0277 0.750247 -0.880446
826 -1.65429 1.9995 0.66978 -0.834368
630 -1.48545 1.85622 0.686592 -0.795127
57 -1.50401 1.74509 1.25864 0.469491
620 -1.20029 1.57235 0.965369 -0.0464931
637 -1.62483 1.99227 0.602707 -0.952695
728 -1.59201 1.91434 0.600642 -0.867937
731 -1.5876 1.81084 0.564077 -0.776349
798 -1.70622 1.67829 1.18084 -0.634866
233 -1.7938 1.5459 1.37026 -0.507417
260 -1.41209 1.69178 0.781866 0.378404
561 -1.58586 1.78844 0.681026 0.37789
139 -1.31656 2.05634 0.83952 0.539882
150 -1.31228 1.54484 1.0567 0.556624
125 -1.53128 2.04355 1.02053 0.728402
156 -1.34906 1.94882 0.116814 0.137019
946 -1.60687 2.00717 0.199638 0.000130298
479 -1.29657 1.95112 0.108068 0.108946
8 -1.31646 2.66549 0.067924 0.502801
674 -1.20135 1.8923 0.249615 -0.020037
81 -1.55961 1.89315 0.96694 0.574593
661 -1.05189 1.65763 0.768379 0.167753
398 -1.46936 1.66683 0.960296 0.155433
162 -1.2512 1.46964 0.937114 0.136632
128 -1.55518 2.05942 1.23499 0.80045
143 -1.32646 1.73473 0.974886 0.317414
172 -0.725497 2.5453 0.810124 -0.384675
295 -0.906306 1.8737 0.520167 0.0519439
874 -0.761738 2.34043 0.840803 -0.350713
101 -1.76475 1.62689 0.881061 0.169895
70 -1.23286 1.48725 1.1402 0.231765
6 -1.46514 1.97582 1.45465 0.378425
548 -1.33207 1.67309 1.25077 0.374245
23 -1.42298 1.79976 1.4555 0.433789
809 -1.345 1.60924 1.23368 0.180167
56 -1.34499 1.61356 1.60167 0.317879
249 -1.45233 2.081 1.09598 0.65372
135 -1.60911 1.92653 1.15466 0.619477
375 -1.28097 1.73131 0.931137 0.199643
537 -1.28391 1.88398 1.12212 0.395607
488 -1.30731 1.72269 0.960284 0.218126
199 -0.86688 1.82372 0.615602 -0.147122
554 -1.17598 1.92264 0.203439 -0.26729
896 -1.30329 2.11105 0.332943 -0.211858
220 -1.3727 2.04835 0.626295 -0.294809
64 -1.12092 2.0495 0.648694 -0.226879
955 -1.26653 2.10771 0.56484 -0.207241
755 -1.24416 2.11154 0.547691 -0.110451
86 -2.22428 1.63713 0.598355 0.14908
582 -1.74642 1.63698 0.683287 -0.0435129
996 -1.68424 1.84843 0.684267 0.169457
448 -0.845375 1.94381 0.828734 -0.178844
297 -1.50766 2.00082 0.294578 0.521218
452 -1.27716 2.15828 0.849142 -0.0621264
925 -1.13149 1.98323 0.913619 0.0344425
595 -0.967173 2.2566 1.1903 -0.0177175
440 -0.847419 2.40652 0.968257 -0.312129
439 -0.861491 2.15312 1.25746 -0.0780318
433 -0.79776 2.60516 1.20998 0.164665
442 -1.08373 2.1432 0.92208 -0.145286
653 -1.13869 1.81577 0.789286 -0.137358
444 -0.868268 1.96632 0.623857 -0.0119908
266 -1.52801 1.85839 0.987148 0.484285
465 -1.47706 1.62312 1.01503 0.316608
739 -1.41664 1.79718 0.838841 0.480129
363 -1.42271 1.72698 0.949247 0.30183
980 -1.32688 1.88882 0.816829 0.0747458
155 -1.32796 1.63877 0.890047 0.369399
262 -1.4846 1.8257 1.0511 0.394827
385 -1.32081 1.63023 1.27666 0.507932
690 -0.918902 1.84775 0.787853 -0.262328
701 -0.8169 2.02459 0.776437 -0.358319
340 -0.762504 2.6638 0.717152 -0.26842
342 -0.971317 2.26612 1.09878 -0.242534
270 -1.06832 1.77425 0.820124 -0.0128142
687 -1.10645 1.9989 0.758838 -0.346836
464 -1.30524 1.57657 1.20809 0.222657
396 -1.29602 1.90147 0.984559 0.561985
696 -1.34135 2.27281 0.0868523 0.202243
882 -1.13569 2.04546 0.0687262 0.189484
536 -1.46885 2.51859 0.0648396 0.33975
477 -1.41615 2.0166 -0.00853296 0.23373
869 -1.44354 1.73099 -0.0141888 0.165139
314 -1.64857 2.53467 -0.194461 0.136889
650 -1.34 1.88757 0.00105749 0.0919715
383 -1.61344 1.69475 1.61186 0.185338
748 -1.40591 1.502 1.27561 0.0499152
65 -1.25119 1.59103 1.19234 0.246124
16 -1.41684 1.69844 1.53391 0.303141
137 -1.44945 1.82617 0.892167 0.49326
157 -1.42726 1.73918 1.02911 0.333968
75 -1.23523 1.68144 0.940295 0.533739
705 -2.15374 2.26707 0.538253 -1.16831
720 -1.21193 1.88345 0.922059 -0.288627
434 -0.83717 2.49118 1.13593 -0.195198
432 -0.735308 2.60129 1.08331 -0.194437
522 -1.15052 2.31548 0.352232 -0.390411
381 -1.09403 2.35739 0.335149 -0.297469
304 -1.43728 1.85758 0.14918 0.64405
952 -1.52273 1.92349 0.197751 0.417157
299 -1.47857 1.86941 0.30723 0.688692
854 -1.37307 1.70362 0.994171 0.240301
25 -1.58946 1.77445 1.50014 0.556742
76 -1.38981 1.57777 1.12205 0.266975
999 -1.50299 2.092 0.602668 0.154059
611 -1.61875 2.31164 0.149 0.193296
954 -1.25804 1.75782 0.983696 0.35875
941 -1.30065 1.85224 0.770777 -0.189601
405 -1.17829 2.11599 0.735723 -0.237291
683 -0.93538 2.37357 1.08194 -0.666314
52 -1.49005 1.91884 1.51868 0.372058
624 -1.30561 1.46855 1.1162 0.172851
538 -1.31202 1.56622 1.33989 0.369938
514 -1.33041 2.65324 0.024337 -0.359521
675 -1.21796 1.97364 0.363119 -0.351264
662 -1.44993 2.85463 0.110118 -0.650244
679 -1.1855 2.07191 0.579359 -0.228343
773 -1.40764 1.82092 0.896029 0.311126
256 -1.43581 1.88812 0.769924 0.316765
962 -1.47497 1.98981 0.934535 0.0379629
751 -1.44172 1.81728 0.84927 0.337032
476 -1.44591 2.17731 0.0217363 0.356748
309 -1.93583 2.68114 -0.164077 0.22609
468 -1.54648 2.32128 0.109189 0.159164
518 -1.66228 1.9826 0.377672 -0.814606
54 -1.66616 2.07458 0.681641 -1.04301
240 -1.44246 1.48682 0.895239 -0.56335
730 -1.57474 1.97089 0.73665 -0.728298
386 -1.40206 1.52135 1.3018 0.379262
188 -1.12428 2.1849 0.722919 -0.160803
697 -0.910695 2.16852 0.95195 -0.372251
7 -0.776975 2.73523 1.11255 -0.533877
359 -1.09588 1.89704 0.690881 -0.410318
703 -1.23547 2.13902 0.821495 -0.155239
343 -0.863168 2.11955 0.760847 -0.187506
183 -0.812448 2.34564 0.954358 -0.418364
571 -1.77711 2.13742 0.303668 0.945575
429 -1.52657 1.78223 0.411254 0.490878
410 -2.02933 2.36463 0.34191 0.970653
413 -1.84654 1.93074 0.138255 0.68138
278 -1.8086 2.18639 0.374728 1.01551
283 -1.85298 2.2093 0.366375 1.05309
897 -1.64453 2.04 0.208699 0.737076
551 -1.57134 2.36544 -0.200453 0.132965
552 -1.34565 2.16635 0.0804509 0.127915
316 -1.44245 2.48653 -0.17807 0.224056
513 -1.09808 2.65932 0.233843 -0.396679
180 -0.850612 2.38417 0.736619 -0.482659
699 -1.04391 2.07145 0.870899 -0.302918
685 -1.00283 2.11731 0.77012 -0.415629
438 -0.722182 2.60183 0.801759 -0.415672
186 -1.06803 2.23127 0.888622 -0.147247
493 -1.06967 1.6904 0.83849 0.344627
437 -0.928217 2.45665 0.515554 -0.386892
605 -1.09188 1.91363 0.687658 -0.0377394
997 -1.35964 2.01331 0.757666 -0.0567203
676 -1.28753 1.91906 0.393867 -0.200511
517 -1.17539 2.66891 0.25437 -0.349511
50 -1.16795 2.55419 0.388149 -0.424071
524 -1.33233 2.02123 0.336335 0.0759562
111 -1.45482 1.95875 0.445902 -0.120944
259 -1.27544 1.62522 0.822082 0.293697
843 -1.41267 1.84322 0.758891 0.0264381
562 -1.96266 1.58493 0.566506 0.022205
129 -1.65057 1.95873 1.08765 0.709179
136 -2.53363 1.52375 0.58367 0.145591
545 -2.05269 1.51677 0.757273 0.135675
5 -1.79025 1.79123 1.60993 0.349013
594 -0.892148 2.13364 1.15755 -0.0537245
140 -1.37346 1.83494 0.973262 0.416322
116 -1.8441 1.34983 0.473957 -0.0776763
819 -1.45594 1.79731 0.257414 -0.0750127
338 -1.41114 1.96167 0.0210881 0.00560684
818 -1.33794 2.04251 0.197943 0.220308
311 -1.45479 2.72222 -0.179103 0.0909905
310 -1.40896 2.62599 0.00905631 0.149233
613 -1.44424 2.11281 0.461005 0.147174
366 -1.39527 1.77899 1.08852 0.399577
63 -1.17723 1.61691 1.07057 0.447355
365 -1.41021 1.90511 1.08039 0.50841
399 -1.24839 1.77899 0.88699 0.447978
364 -1.45777 1.74927 1.12686 0.576556
374 -1.35157 1.75364 0.883437 0.539077
566 -1.45274 1.72113 0.788142 0.508494
966 -1.34388 1.88565 0.260757 0.0733619
330 -1.32313 1.94497 -0.0719432 -0.0537818
308 -1.68627 2.73362 -0.00804766 0.0238419
483 -1.12227 1.78921 0.108185 0.145818
138 -1.39317 1.78445 0.967245 0.552827
352 -0.86739 1.95433 0.766753 -0.438231
909 -0.87035 2.52766 0.862676 -0.45895
700 -0.923314 1.94993 0.79124 -0.403336
681 -0.859531 2.64572 0.871034 -0.470649
821 -1.18033 2.15899 -0.0478432 0.100643
991 -1.35302 1.60849 0.770955 0.169917
610 -1.66959 2.18672 0.192951 0.294982
11 -1.61877 2.50482 -0.0287125 0.302952
745 -1.22697 2.0664 -0.0483426 0.339669
824 -1.17181 1.85097 -0.0543033 0.121553
775 -1.3943 2.01059 0.072728 0.145125
72 -1.19529 1.5773 0.985696 0.237529
855 -1.35913 1.5456 1.12065 0.0684346
14 -1.53229 1.88927 1.52303 0.352081
9 -1.36146 1.92415 1.7377 0.407647
21 -1.299 1.75814 1.32318 0.466098
4 -1.40625 2.09721 1.69212 0.674727
85 -2.39789 1.53523 0.545064 0.0868723
84 -2.5731 1.47113 0.750256 -0.201328
796 -1.80014 1.4777 0.670737 -0.0103317
91 -1.86596 1.65907 0.701036 -0.0950177
799 -1.76335 1.54633 1.11064 -0.487545
811 -1.14646 1.54763 0.918142 0.133507
298 -1.40866 1.73432 0.174633 0.390394
415 -1.54946 1.8953 0.380301 0.536725
422 -1.54676 1.78819 0.172531 0.527483
318 -1.77735 2.14293 0.120913 0.743241
425 -1.35626 1.73373 0.457049 0.571908
282 -1.80146 2.21823 0.319493 0.901555
271 -1.90854 2.78015 0.438228 1.24074
296 -1.54525 2.04598 0.14959 0.685631
887 -1.61011 1.99311 0.242078 0.486716
844 -1.70301 1.53947 0.511246 0.22267
834 -1.69216 1.62759 0.48654 0.059999
820 -1.37683 1.78614 0.631686 0.310615
13 -1.52718 2.01445 1.13557 0.600973
250 -1.33335 1.92026 0.765803 0.661837
127 -1.58351 2.28895 1.29443 1.04873
373 -1.34568 1.58726 1.04186 0.377303
495 -1.36168 1.72857 0.803116 0.207071
82 -1.67665 2.02489 0.901184 0.913861
106 -1.59038 1.49803 0.591336 0.133205
248 -1.41377 1.82045 0.835451 0.676132
899 -1.4157 1.90995 0.24419 0.184471
850 -1.30832 1.84788 0.41356 0.0874679
389 -1.35106 1.91684 0.147496 0.283286
578 -2.59689 1.58142 0.426085 -0.0637839
281 -2.13711 1.63796 0.361627 0.123088
114 -1.57414 1.45245 0.457504 -0.0579741
80 -2.65676 1.66439 0.462879 -0.217015
965 -1.8296 1.64897 0.473417 -0.0914682
525 -1.09589 2.10116 0.515131 -0.336521
753 -1.26464 2.33844 0.488491 -0.367722
667 -1.49966 2.08028 0.392809 -0.895753
540 -0.991745 2.05859 0.674046 -0.326121
665 -1.10616 2.51655 0.314114 -0.35382
34 -1.4453 1.59581 1.14169 0.182309
943 -1.51157 1.88394 0.80491 -0.524894
940 -1.32259 1.68181 0.820214 0.182998
808 -1.51044 1.69006 1.32271 0.300623
12 -1.65879 1.78058 1.54118 0.533209
387 -1.44799 1.55654 1.33552 0.312539
567 -1.48834 1.67495 0.954666 0.271675
165 -1.46866 1.78283 0.790746 0.252577
560 -1.54891 1.77045 0.898717 0.483168
160 -1.22411 1.64725 0.822422 0.392654
181 -1.04262 2.19263 0.938408 -0.248255
284 -1.70745 2.2212 0.304519 1.13786
291 -1.49728 2.04113 0.237157 0.634692
494 -1.60665 1.822 0.429575 0.517796
781 -2.14392 1.6298 0.657244 0.113362
583 -1.8076 1.64298 0.59395 -0.114527
96 -2.16638 1.75121 0.525934 -0.21012
123 -1.42131 1.63877 0.399697 -0.0672229
663 -1.23691 2.65641 0.233835 -0.362754
670 -1.25018 2.33397 0.201993 -0.330034
369 -1.0781 2.21601 0.289219 -0.288081
1 -1.67689 2.0692 1.81969 0.549347
28 -1.14993 1.62956 1.11376 0.251817
3 -1.67414 1.97608 1.71875 0.495942
783 -1.96269 1.64174 0.548574 -0.0946579
906 -1.64949 1.80564 0.602054 -0.552524
708 -1.88783 2.05682 0.536252 -1.01917
394 -1.79008 2.07469 0.641834 -0.785462
712 -1.4927 1.96964 0.361757 -0.588407
332 -1.26888 2.09101 -0.0979044 0.12768
154 -1.73386 1.57587 0.452316 0.106373
673 -1.62353 2.0313 0.427965 -0.297848
787 -1.5508 1.78862 0.683561 -0.204635
339 -0.893775 2.43574 1.10502 -0.276203
859 -0.884357 2.32225 0.666085 -0.404495
807 -1.36431 1.86939 0.700333 -0.0156175
203 -0.988938 1.95295 0.756136 -0.0532888
321 -1.47077 2.48012 -0.105389 0.279199
470 -1.41812 2.28271 -0.167176 0.133319
320 -1.34982 2.06978 -0.00661719 0.182118
312 -1.48236 2.64445 -0.109983 0.0482323
528 -1.20284 2.18586 -0.124495 0.0844412
212 -1.5982 2.25878 0.13092 0.219503
797 -1.63101 1.40191 0.774156 -0.186707
469 -2.04502 1.60201 0.410104 -0.0988166
473 -1.65556 2.30927 -0.10047 0.484738
618 -1.31691 1.95734 0.437018 0.327481
315 -1.62091 2.65922 -0.194913 0.220134
412 -1.88457 1.48068 0.494305 0.093524
510 -1.45097 1.86688 0.312622 0.584838
894 -1.81491 1.66728 0.555929 0.00871205
280 -1.8147 2.196 0.550436 1.15694
449 -1.03647 2.06514 1.07958 -0.0798849
436 -0.889652 2.62886 1.24085 -0.219517
134 -0.673928 2.55041 1.33996 -0.0961354
600 -1.07189 2.01973 1.00451 -0.145977
490 -1.31465 1.90193 0.772195 0.528063
754 -1.30362 2.24715 0.497293 0.0704894
531 -1.06522 1.93839 0.645106 -0.0793132
526 -1.0005 2.08024 0.465984 -0.287264
612 -1.39061 1.98266 0.469149 0.263616
898 -1.36719 2.06496 0.0248563 0.195112
456 -1.08029 1.94155 0.425775 -0.0989134
390 -1.13381 1.4989 1.3153 0.178291
35 -1.36581 1.47164 0.990271 0.300174
18 -1.47656 1.87603 1.45498 0.478931
463 -1.2137 1.57496 0.987808 0.151886
546 -1.23348 1.73679 1.14172 0.352777
392 -1.245 1.60185 1.1083 0.297732
459 -0.993997 1.81406 0.895962 -0.02724
445 -1.05208 1.96886 1.11864 -0.236154
606 -0.708948 1.98007 1.01622 -0.085833
177 -0.779061 2.44553 0.922756 -0.315061
487 -1.34414 1.87417 0.0638963 0.0672816
484 -1.42305 2.03708 -0.0104901 0.0924152
485 -1.28751 2.04464 -0.0931877 0.194514
329 -1.2385 2.19206 0.130554 0.0641214
778 -1.25035 1.94537 -0.0795914 0.15819
759 -1.22448 2.03691 0.562935 -0.100808
842 -1.8142 1.53846 0.566752 -0.0853134
192 -1.72052 1.94589 0.666274 -0.116547
586 -1.97241 1.55366 0.36354 0.0812806
43 -1.49083 1.41139 0.74226 0.120528
841 -1.83145 1.77235 0.569144 -0.02716
938 -1.63609 1.6551 0.319013 -0.120808
110 -1.79434 1.67792 0.346444 0.128317
948 -1.68756 1.83854 0.553536 -0.0882777
651 -1.52862 2.07297 0.694487 -0.874692
812 -1.7484 1.55081 1.2161 -0.521721
643 -1.64177 1.67877 0.714648 -0.819141
846 -1.53932 1.77853 0.842952 -0.723294
73 -1.09985 1.38819 0.880702 0.279684
346 -1.09964 2.3456 0.824363 -0.160343
585 -1.07298 2.11286 0.735254 -0.382956
467 -1.85939 2.44188 -0.223235 0.0605563
849 -1.37154 1.93069 0.125323 0.200794
539 -1.40526 1.71394 1.12787 0.327487
446 -1.51753 1.89839 1.19889 -0.472495
866 -1.49324 1.82789 0.977218 -0.446535
237 -1.75669 1.68139 1.2597 -0.365684
207 -2.32174 1.83187 1.69101 -0.66074
217 -1.99001 1.54927 0.742986 -0.0941309
695 -1.70915 2.10403 0.575742 -0.865442
549 -1.41183 1.79572 0.818571 -0.346182
982 -1.49388 1.54971 1.02628 -0.429297
508 -1.16391 1.85795 0.760015 0.00872275
763 -0.986947 1.76215 1.01248 0.011315
454 -0.784812 1.72763 0.806978 -0.0520999
892 -0.956138 1.76978 0.907557 -0.00855709
268 -1.19351 1.56593 0.739641 0.445861
261 -1.4596 1.632 0.961217 0.292718
214 -1.94514 1.73509 1.50831 -0.533063
175 -0.896153 2.39324 0.941256 -0.532544
184 -0.756429 2.32373 1.04657 -0.396202
861 -0.739253 1.90398 0.844073 -0.187579
215 -2.09397 1.68845 1.40239 -0.687002
245 -1.39831 1.56457 1.09064 -0.193405
801 -1.59515 1.59012 0.909964 -0.370032
218 -1.67324 1.81403 1.01514 -0.309831
511 -1.2069 1.92575 0.258132 0.130853
530 -1.25226 2.00634 0.517249 -0.219475
885 -1.09716 1.87234 0.426969 -0.291317
883 -1.046 2.13014 0.510927 -0.283372
853 -0.896566 2.06379 0.662463 -0.395007
341 -0.772108 2.51585 0.975696 -0.476532
688 -1.00566 1.92143 0.726941 -0.360376
169 -0.930428 2.89821 1.23759 -0.673273
682 -0.881561 2.34354 0.865316 -0.402932
406 -1.28868 1.65987 0.837098 0.356645
984 -1.21079 1.87709 0.88778 0.105118
402 -1.56771 1.88103 1.06474 0.306528
521 -1.24477 1.89227 0.961839 0.236356
277 -2.02609 2.46316 0.26555 0.967278
419 -1.81486 1.97808 0.276037 0.739524
276 -1.91839 2.31904 0.262694 0.991032
289 -1.69683 1.91491 0.256472 0.706677
279 -1.893 1.94628 0.347175 0.736924
506 -1.38612 1.59102 0.544015 0.323652
285 -1.79053 2.17717 0.229699 1.00004
890 -1.33573 1.98192 0.116164 0.279344
319 -1.17094 2.42565 0.0235262 0.178757
326 -1.42893 1.9635 0.114097 0.248793
747 -1.91793 1.64652 1.37771 -0.437713
800 -1.49878 1.47367 1.10542 -0.296344
932 -1.5389 1.62001 0.972182 -0.19223
914 -1.4993 1.48076 1.0247 -0.220926
234 -1.68049 1.53592 1.11027 -0.436897
414 -1.74848 2.17806 0.281679 0.841966
428 -1.65592 1.87389 0.276759 0.567211
503 -1.4537 1.90768 0.309312 0.423021
515 -1.22011 2.46607 0.333129 -0.351754
274 -1.11754 2.58342 0.334 0.103453
756 -1.36628 2.12795 0.378457 -0.0800373
666 -1.13592 2.32521 0.366712 -0.307347
978 -1.41464 1.81117 0.443429 0.256957
431 -1.37952 1.92487 0.402185 0.372774
985 -1.52156 2.07578 0.53039 -0.450886
828 -1.42349 1.70775 0.472959 -0.422889
714 -1.47169 1.84181 0.446732 -0.596205
55 -1.42834 1.72351 1.59516 0.558536
547 -1.49087 1.79512 0.794103 -0.837172
724 -1.45892 1.85898 0.588503 -0.283185
654 -1.1673 1.96931 0.684635 -0.229711
265 -1.35059 1.53211 0.79784 0.272457
83 -2.26952 1.63352 0.575784 -0.04127
87 -2.37463 1.49708 0.628273 0.134874
686 -1.49885 1.76325 0.607388 -0.238469
893 -1.53565 1.69893 0.634105 0.0310814
975 -1.6871 1.71065 0.544874 -0.139539
404 -1.12345 1.93039 0.509498 -0.074659
443 -1.21508 2.01279 1.0891 -0.27193
648 -1.08152 1.78814 0.861428 -0.377188
627 -0.829184 2.40294 1.21911 -0.426791
206 -0.878463 2.05714 0.787623 -0.379628
151 -1.49342 1.65918 0.934375 0.497447
860 -0.924387 2.17887 0.743444 -0.377178
360 -1.00647 2.09916 0.555896 -0.253665
873 -1.36593 1.79051 0.229264 0.0846819
988 -1.56387 2.09204 0.184086 -0.0198796
335 -1.06148 1.9653 0.253171 -0.0382393
935 -1.38307 1.93704 0.203057 0.0748153
920 -1.29366 1.53138 1.1018 0.118264
870 -1.78647 1.63905 0.576303 -0.0481558
762 -1.29508 1.62255 1.00669 -0.266886
945 -1.67646 1.57726 1.08877 -0.507497
213 -2.02706 1.77342 1.38361 -0.725968
209 -1.92426 1.71845 1.23576 -0.645828
293 -1.61458 1.85112 0.134978 0.675421
290 -1.85503 1.83796 0.374844 0.578904
580 -2.03841 1.56915 0.47479 -0.0703728
587 -1.60957 1.57285 0.543927 0.0029452
817 -1.58458 2.10094 0.144281 0.0201868
482 -1.38033 2.19204 -0.171714 0.220288
500 -1.51448 1.98812 0.374398 0.593921
301 -1.46682 1.88862 0.294063 0.714924
417 -1.8217 1.99428 0.177776 0.87727
788 -1.59536 1.56792 0.345434 0.400164
257 -1.16752 1.77132 0.761421 0.424692
31 -1.35779 1.58605 1.24902 0.00728594
542 -1.2018 1.6102 1.24372 0.253702
664 -1.27625 2.28483 0.40257 -0.221434
144 -1.50827 1.78767 0.791373 0.419358
166 -1.39687 1.69596 0.716466 0.296489
570 -1.26903 1.67895 0.767769 0.186938
372 -1.5447 1.78213 1.0598 0.4196
910 -1.13681 2.02421 0.634575 -0.209332
995 -1.27981 2.2968 0.600146 -0.14744
875 -0.829157 2.24983 0.736527 -0.359009
831 -1.28999 1.88738 0.0910222 0.0320748
767 -1.38709 1.4802 0.897747 -0.463153
235 -1.66763 1.55107 1.07818 -0.352507
879 -1.66345 1.61126 1.10894 -0.257393
238 -1.63743 1.47838 1.1692 -0.207889
210 -2.16951 1.72182 1.38222 -0.727131
635 -1.8786 1.76397 1.24001 -0.535264
204 -0.908709 2.04668 0.770921 -0.322927
698 -0.942427 2.12107 0.952539 -0.451111
795 -0.822848 1.88093 0.769089 -0.364012
447 -0.989657 2.01265 1.08492 -0.14676
631 -0.892821 2.07376 0.875555 -0.41522
435 -0.876599 2.53238 1.26444 -0.208158
622 -1.12584 1.54266 0.939352 0.237414
794 -1.50826 1.90825 0.282289 0.0554116
173 -0.777746 2.44273 0.992428 -0.526858
185 -0.998216 2.06256 0.892336 -0.215055
888 -1.52965 1.82391 0.259386 0.530484
499 -1.50071 1.75101 0.295976 0.462746
504 -1.475 1.85152 0.219997 0.651741
288 -1.56445 2.03262 0.216633 0.476007
62 -1.16417 1.73704 1.20756 0.197662
939 -1.53674 1.53271 0.940576 0.287888
589 -1.76519 1.44174 0.413137 -0.0449422
792 -1.73772 1.52433 0.643947 0.0777246
119 -1.52679 1.55249 0.542369 0.161224
142 -1.39818 1.70773 1.04654 0.741969
95 -2.06433 1.49873 0.346609 0.152464
102 -2.03254 1.28429 0.417397 0.0127975
895 -1.57687 1.71948 0.841329 0.08248
734 -1.5926 1.94589 0.38968 -0.533853
719 -1.47798 1.88523 0.663859 -0.36037
752 -1.03905 2.01312 1.09929 -0.0431013
267 -1.0771 1.58296 0.667697 0.356261
251 -1.46369 1.68703 0.954674 0.423449
367 -1.40742 1.6331 0.941776 0.500329
152 -1.31802 1.59266 0.954137 0.552891
744 -1.34004 1.57554 0.818492 0.221718
40 -1.18235 1.6616 1.42908 0.294216
427 -1.2993 1.90296 0.144584 0.138814
765 -1.86701 1.51252 0.35142 -0.018959
112 -2.0456 1.41327 0.327984 -0.234775
163 -1.02685 1.64553 0.8433 0.262829
957 -0.921158 1.89171 0.810194 -0.18361
253 -1.3477 1.62015 1.01614 0.562716
743 -1.36624 1.70769 0.557433 0.549525
164 -1.38426 1.54684 0.912734 0.161658
725 -1.47607 1.72439 0.60338 -0.0690315
684 -0.992258 2.27641 0.884966 -0.268524
998 -1.33153 2.18626 0.85279 -0.0378437
928 -0.957267 2.05093 0.778042 -0.165661
512 -1.51401 1.81752 0.323718 0.527834
306 -1.53788 1.88729 0.140366 0.534376
146 -1.51734 1.56633 0.977607 0.554737
107 -1.852 1.49007 0.434496 0.104982
810 -1.38004 1.47434 1.01271 0.348998
382 -1.39947 1.60552 1.00527 0.365505
168 -0.78093 2.89543 1.16589 -0.475321
89 -2.32878 1.44686 0.639552 0.000956069
529 -1.23758 2.21722 0.249545 -0.431129
805 -1.87144 1.38985 0.682642 -0.155753
581 -1.82843 1.69244 0.532353 -0.0767646
989 -1.56608 1.81099 0.717528 0.0507832
104 -1.69315 1.69718 0.798161 0.0487494
200 -0.771923 1.88983 0.6514 -0.338421
593 -1.05572 2.13359 1.03954 -0.351022
179 -0.610706 2.3624 0.973011 -0.319086
839 -1.57635 1.69267 0.59516 -0.0408779
519 -1.29493 2.2366 0.485679 -0.31973
230 -1.74408 1.51328 1.27253 -0.379741
211 -1.96934 1.61139 1.36114 -0.41089
789 -2.01967 1.73099 0.713452 0.0339934
774 -1.49527 2.14431 0.0464535 0.208635
507 -1.57195 1.91483 0.309808 0.417953
886 -1.3889 1.72628 0.174763 0.546444
572 -1.57295 2.00047 0.207205 0.651848
286 -1.62763 2.15856 0.150869 0.743331
930 -1.95568 1.63308 0.601382 -0.0366563
584 -1.85952 1.65817 0.524531 -0.0841167
949 -1.63981 1.58748 0.738507 -0.0171141
113 -1.77028 1.49438 0.53022 0.0304224
827 -1.67876 1.91763 0.357268 -0.754697
768 -1.6017 1.61225 0.909964 -0.357227
642 -1.61192 1.53298 0.884868 -0.276961
232 -1.56317 1.58256 1.15582 -0.420893
170 -1.82802 1.90249 1.33031 -0.85848
226 -1.57795 1.75284 1.36359 -0.824313
88 -2.11207 1.68843 1.31908 -0.844971
361 -1.45048 1.88266 1.052 0.650067
619 -1.08511 1.50213 1.02035 0.0760436
22 -1.48943 1.80477 1.52848 0.611509
121 -1.63804 1.34661 0.597727 -0.0264012
400 -1.92067 1.5899 0.659176 -0.0515817
403 -1.28172 1.70924 0.956837 0.339067
934 -1.31896 2.06977 0.0666765 0.0609377
710 -1.66667 1.95318 0.652526 -0.738225
825 -1.71848 2.04727 0.619278 -0.589512
90 -2.15415 1.55098 0.602332 -0.181887
968 -1.51494 1.79311 0.686777 0.0167931
644 -1.49518 1.64753 0.90257 -0.125675
793 -1.54155 1.3451 1.27495 -0.201769
239 -1.53978 1.50705 0.894613 -0.212463
596 -0.940924 1.96661 0.974222 -0.0979744
182 -0.837609 2.33096 1.00624 -0.476951
258 -1.15475 1.66023 0.942229 0.295475
347 -1.17234 1.95138 0.804377 -0.261842
609 -0.789965 2.2233 0.804732 -0.291322
579 -2.27574 1.62459 0.681562 0.00927584
856 -2.1134 1.58729 0.586022 -0.102147
48 -1.22321 1.59041 0.949478 0.189612
46 -1.56096 1.73926 0.682975 0.184405
672 -1.21368 1.72254 0.718508 -0.135827
851 -1.20458 2.19052 0.461428 -0.333066
785 -1.14635 2.05779 0.269666 -0.378509
760 -1.00113 2.08129 0.330489 -0.107562
523 -1.32357 2.20195 0.493473 -0.307588
931 -1.40734 1.5757 0.588902 0.0972238
420 -1.95385 1.6437 0.430995 0.174299
924 -1.89313 1.74971 0.651912 -0.0874064
806 -1.62224 1.6475 0.46117 0.04331
657 -1.34262 1.56788 0.709432 0.00952444
741 -1.26817 1.65952 0.930542 0.350869
780 -2.09445 1.61592 0.514888 0.0332908
74 -1.53051 1.4999 0.993415 -0.152113
702 -1.46252 1.5761 1.01379 -0.264609
229 -1.98233 1.5423 1.37678 -0.401885
147 -1.08967 1.85647 0.866079 0.382424
153 -1.19079 1.73262 0.811366 0.622486
371 -1.32412 1.78211 0.777 0.108455
639 -1.51865 1.78095 0.797682 -0.272096
223 -1.64798 1.54159 1.08318 -0.358917
815 -1.3875 1.58748 0.892956 -0.348519
592 -1.12904 2.33196 1.23844 -0.171006
197 -0.823367 2.14614 0.581921 -0.345219
194 -0.882367 1.88737 0.652985 -0.166612
947 -1.46337 1.67549 0.912698 0.333696
772 -1.78125 1.59454 0.689008 0.137776
358 -0.911873 2.03427 0.7506 -0.28489
453 -0.941408 1.85099 0.845013 -0.162341
668 -1.08776 2.27722 0.340202 -0.270259
993 -1.24121 2.45083 0.597255 -0.280191
377 -1.13092 1.96264 0.701912 -0.195548
317 -1.46779 2.55987 -0.26686 0.299358
379 -1.39556 1.39755 0.583299 0.112058
749 -1.42816 1.69221 0.938765 0.307588
863 -1.11601 2.00199 0.803098 -0.280244
202 -1.1417 1.81484 0.780886 -0.109183
353 -0.896744 2.01164 0.880747 -0.24991
927 -1.35921 1.7469 0.179621 0.619119
847 -1.50395 1.78821 0.667301 -0.594605
461 -2.11815 1.41005 0.712571 0.0294718
61 -1.82553 1.49332 0.750881 0.117403
790 -2.07947 1.53522 0.525101 0.187948
964 -1.67657 1.50412 1.02743 -0.388926
15 -2.10644 1.74098 1.60022 -0.630083
641 -1.69365 1.57697 1.24289 -0.541581
640 -1.47668 1.72071 1.11432 -0.530278
803 -1.41516 1.862 0.893141 -0.205502
901 -1.3545 1.70682 0.921582 -0.23119
852 -0.783393 1.93416 0.897398 -0.547841
29 -1.39974 1.6474 1.15652 0.470078
71 -1.23895 1.47067 0.929886 0.105336
68 -1.33761 1.59887 1.02882 0.109135
574 -1.4136 1.84711 0.157858 0.509856
208 -2.15572 1.77816 1.08339 -0.775984
645 -1.48834 1.73041 0.724966 -0.185705
474 -1.57874 2.20627 0.0686878 0.204355
450 -1.14635 1.86671 0.926205 -0.088761
219 -1.69766 1.60792 0.886033 -0.584769
833 -1.27012 1.67423 0.597291 -0.291128
615 -1.3691 1.80641 0.302452 -0.368698
709 -1.63271 1.97421 0.688029 -0.889705
936 -1.35649 1.62811 0.678253 -0.328424
937 -1.6086 1.77939 0.502166 -0.525541
148 -1.44099 1.67904 1.01479 0.386219
835 -1.51624 1.47956 0.562137 -0.129855
98 -1.62516 1.45261 0.583341 0.0515572
857 -1.67251 1.74837 0.280956 0.067048
659 -1.30582 1.57607 0.68342 0.330013
680 -0.695372 2.71573 1.09239 -0.629154
981 -1.04633 1.71405 0.65547 0.239152
159 -1.43124 1.82368 0.820308 0.410813
498 -1.77059 2.10635 0.308989 0.835784
913 -1.3948 1.57392 1.30494 -0.210738
228 -1.585 1.75268 1.10469 -0.468507
704 -1.16753 1.89851 0.888874 -0.381748
344 -0.976731 2.25063 0.969997 -0.528076
191 -1.02836 2.01527 0.802407 -0.394562
187 -0.985645 2.2385 0.770498 -0.448832
802 -1.61138 1.76517 1.01138 -0.237301
889 -1.64406 1.99165 0.0625666 0.502409
77 -1.23029 1.51647 1.09404 0.27701
349 -0.730969 2.05487 0.876007 -0.325049
109 -1.68116 1.80424 0.553495 -0.150049
822 -1.61729 1.65032 0.411203 -0.106213
161 -1.09269 1.59668 0.79118 0.0848969
189 -0.809041 2.29328 0.954786 -0.63251
740 -1.42093 1.73329 1.09494 0.218747
750 -1.3688 1.81459 0.401983 -0.487494
726 -1.67102 2.52041 -0.18044 0.0709378
776 -1.15629 1.8435 0.416759 -0.0947409
38 -1.50458 1.47022 1.22199 0.0303294
178 -0.792004 2.31993 0.976488 -0.400541
912 -1.4917 1.87296 1.19886 -0.496829
263 -1.02617 1.98503 0.424115 -0.261418
758 -1.29244 2.2347 0.337423 -0.160392
409 -1.12123 1.85632 0.674208 -0.179515
33 -1.54459 1.85519 0.788484 -0.456279
715 -1.3142 1.8786 0.681252 -0.54524
707 -1.89087 2.0792 0.550522 -0.965552
735 -1.53562 1.71103 0.565232 -0.513149
722 -1.37332 1.60265 0.460948 -0.305787
902 -1.62757 1.54451 1.14231 -0.170313
915 -1.73948 1.67522 0.853677 0.134866
520 -0.91439 2.43209 0.457923 -0.370831
532 -1.05915 2.17144 0.25784 -0.0365351
858 -1.50538 1.9471 0.124555 -0.0353314
115 -1.60327 1.38754 0.458242 -0.0730247
711 -1.49738 1.94703 0.481124 -0.758413
736 -1.40957 1.84511 0.628092 -0.612691
269 -1.25212 1.48539 0.873011 0.184025
100 -1.847 1.59683 0.55564 0.005789
323 -1.22952 2.23038 -0.150529 0.103521
823 -1.27035 1.94529 0.224429 0.144801
616 -1.20743 1.8435 0.357232 0.145447
919 -1.2642 1.83555 1.03418 -0.00955159
602 -1.06603 2.00886 0.978451 0.0471866
603 -1.12721 2.07478 0.884076 0.0332791
564 -0.93639 1.97591 0.893038 -0.116061
478 -1.50891 2.12719 0.0320754 0.127203
782 -1.78498 1.56444 0.500779 -0.0640517
693 -0.883043 1.88313 0.766309 -0.282339
354 -0.924604 1.84842 0.655915 -0.289641
916 -1.22613 1.80248 0.916631 -0.00174792
597 -0.840591 1.98858 0.75345 -0.14356
557 -1.17623 1.70569 0.153704 0.247052
322 -1.59461 2.33489 -0.0144926 0.0720816
97 -1.90658 1.4522 0.489893 -0.0211221
356 -1.11727 2.05686 0.959245 -0.370794
94 -2.13657 1.48753 0.547803 0.0546217
451 -0.832839 2.06787 0.746061 -0.14988
907 -1.51561 1.85144 0.518666 -0.640722
729 -1.66209 1.91689 0.67909 -0.830656
742 -1.41802 1.87376 0.289569 0.183559
911 -1.39929 2.0157 0.162291 0.229055
51 -1.43571 1.88705 1.56806 0.435015
900 -1.5211 1.66701 1.01051 -0.294245
20 -1.44051 1.89922 1.65162 0.705946
689 -0.870961 2.0854 0.824926 -0.584557
355 -1.17818 2.17664 0.171631 -0.0633338
678 -1.27856 2.06607 0.052011 -0.124772
691 -1.38481 1.95066 0.690771 -0.352149
733 -1.46982 1.9244 0.603255 -0.712713
486 -1.48946 2.12771 -0.110096 0.201692
923 -1.08413 2.12109 0.627797 -0.347303
334 -1.33602 1.99969 -0.135864 0.122435
764 -0.818635 1.88217 0.73582 -0.251982
255 -1.65879 1.82023 0.353852 0.939694
921 -1.90185 2.04481 0.256125 0.939975
502 -1.38097 1.86969 0.367052 0.357417
757 -1.01031 2.23966 0.449726 -0.218263
243 -1.07403 1.69754 1.02873 -0.254696
411 -1.60606 2.31642 0.221729 0.77768
305 -1.33779 1.84663 0.375334 0.435939
122 -1.25748 1.69906 0.714292 -0.233079
460 -0.924077 1.95096 1.04871 -0.119488
120 -1.10874 1.66169 0.738249 -0.189774
590 -1.64022 1.85146 0.618185 -0.137204
117 -1.8892 1.46265 0.557217 0.0582489
17 -1.51752 1.85123 1.59329 0.587669
26 -1.40892 1.80156 1.23038 0.445889
475 -1.46271 2.08801 -0.0271968 0.140597
614 -1.29137 2.07684 -0.030096 0.0704238
388 -1.32187 1.69716 1.25918 0.248344
770 -1.4357 1.70029 0.919868 -0.370614
527 -1.32293 2.01194 0.599919 -0.326901
492 -1.33499 2.16599 0.768675 -0.0449639
871 -1.84019 1.53167 0.51098 0.0999449
933 -1.64601 1.78513 0.995052 -0.153732
814 -1.35585 1.63164 0.91577 -0.442575
407 -1.31727 1.75505 0.828177 0.108875
973 -1.46366 2.10121 0.456085 0.130865
303 -1.44321 1.83698 0.18878 0.668512
646 -1.45282 1.42568 0.796358 -0.198664
302 -1.35566 1.8022 0.330666 0.629986
294 -1.63719 1.92624 0.225537 0.778907
430 -1.33888 1.62257 0.428935 0.529971
621 -1.16342 1.73748 0.875974 0.0315317
905 -1.48631 2.0607 0.583758 -0.784875
416 -1.61496 1.99492 0.351483 0.743965
325 -1.4507 2.08444 -0.141502 0.37353
222 -1.35047 1.92833 0.285857 0.205686
994 -1.6936 1.69467 0.777994 -0.209598
671 -1.24755 2.08636 0.51527 -0.267437
992 -1.39428 1.88661 0.537433 -0.301453
559 -1.31194 2.2941 -0.18703 -0.0612468
397 -1.78039 1.54683 0.525708 0.125847
721 -1.19407 1.76119 0.552464 -0.606763
979 -1.5717 1.73858 0.609052 0.460694
990 -1.53564 1.91303 0.407738 0.552305
777 -1.3373 1.91666 0.194619 -0.0500225
880 -1.46631 1.81274 0.497498 -0.406668
426 -1.50873 1.67479 0.208558 0.472933
292 -1.59922 2.17802 0.308666 0.69961
336 -1.46563 1.96568 0.0339667 0.0894752
629 -0.943332 2.01033 1.17267 -0.103452
633 -0.901986 1.91216 0.762912 -0.301356
534 -1.04868 1.84127 0.262572 -0.335617
351 -0.844639 2.28728 0.908635 -0.428504
656 -1.51714 1.83328 0.879828 0.390525
158 -1.24614 1.71327 0.84386 0.225588
78 -1.16801 1.39631 0.892981 0.0931729
565 -1.33425 1.7991 0.848319 0.347957
779 -0.998408 1.90151 0.502508 -0.208865
625 -1.35486 1.37928 1.04447 -0.0502736
576 -1.88578 1.57373 0.377441 0.194829
384 -1.31975 1.67428 1.31378 0.396226
307 -0.886662 1.95765 0.521255 0.0096087
44 -1.27836 1.51769 0.980632 0.275706
66 -1.3325 1.55371 1.40693 0.350562
421 -1.7579 1.90069 0.183549 0.572311
231 -1.74147 1.66988 1.19702 -0.491977
357 -0.877126 2.05779 0.693595 -0.370542
746 -1.2282 1.68303 0.378024 0.371899
149 -1.42376 1.77838 1.0562 0.228235
832 -1.52223 1.84143 0.60519 -0.23219
830 -1.42184 1.77187 0.734889 -0.56864
838 -1.25384 2.07368 0.55226 -0.113885
195 -1.17779 2.09955 0.849599 -0.484002
201 -0.992123 1.94879 0.836326 -0.428014
588 -1.66716 1.59247 0.591924 -0.101447
791 -1.91741 1.52797 0.730311 -0.0656243
466 -1.2588 1.45419 1.06872 0.196667
205 -0.924848 1.95629 0.775095 -0.379233
655 -1.21018 2.04859 0.90181 -0.168993
47 -1.26984 1.48839 0.974655 0.149573
501 -1.23908 1.93452 0.473394 -0.0264459
535 -1.13274 1.90484 0.499061 0.0756464
961 -1.02975 1.97403 0.708539 -0.214185
41 -1.22506 1.64294 1.06818 0.251009
976 -1.45554 1.99579 0.297643 0.086523
986 -1.42795 1.96502 0.819868 -0.269976
244 -1.27087 1.62566 0.868602 -0.19188
632 -1.0327 1.85042 0.693187 -0.038301
953 -1.41776 1.82215 0.335974 0.424846
300 -1.47505 1.8014 0.161867 0.624489
575 -1.53269 1.83031 0.242406 0.579407
732 -1.40918 1.80652 0.824434 -0.466674
556 -0.935193 2.13522 0.630826 -0.233279
738 -1.40301 1.80321 0.134078 -0.123009
424 -1.54302 1.86207 0.331435 0.455292
917 -1.10845 1.54712 1.20596 0.319345
246 -1.27795 1.70098 1.00531 -0.475412
441 -0.787441 2.14537 1.19041 -0.245633
983 -1.22325 2.0994 0.843953 -0.0698025
658 -1.3958 1.88762 0.803224 0.170759
337 -1.49466 2.03758 -0.0453215 0.00607969
766 -1.48795 1.61601 1.10043 -0.517064
813 -1.45682 1.55997 0.991411 -0.39101
264 -1.30441 1.82907 0.610245 0.380742
836 -1.6869 1.73258 0.495429 -0.0503555
497 -1.4897 2.17861 0.434919 1.02654
69 -1.3395 1.5164 0.198362 0.623418
601 -1.06243 2.02615 1.19353 0.0494797
558 -1.44811 1.92334 0.0501767 0.363699
563 -1.37182 1.71333 0.935053 0.382834
960 -1.40676 1.9488 0.329341 -0.233442
723 -1.2444 1.74666 0.463861 -0.264026
105 -1.91025 1.37952 0.587948 -0.0868601
660 -0.998186 1.63121 0.67046 0.169899
543 -1.22633 1.64731 0.909469 0.228686
287 -1.68996 2.14092 0.448881 0.867584
37 -1.45168 1.61361 1.14499 0.514634
761 -1.14392 1.7662 0.658242 0.186741
60 -1.23164 1.63681 1.22313 0.208735
977 -1.43126 2.13812 0.392624 -0.107685
455 -0.892567 1.73413 0.613702 -0.0948043
837 -1.15484 2.27295 0.274357 -0.244232
967 -1.17641 1.93542 0.79609 0.0147455
568 -1.49004 1.56124 0.973179 0.322756
462 -1.3446 1.72375 0.445232 0.596863
393 -1.28671 1.58745 1.15352 0.0550998
36 -1.08948 1.72495 1.07612 0.203454
550 -1.21464 1.66636 0.892967 0.308155
972 -1.06152 1.83401 0.623734 -0.181824
692 -1.00592 2.1073 0.803008 -0.42922
391 -1.09738 1.43854 1.10895 0.188784
198 -0.827456 1.90108 0.708851 -0.16738
345 -1.04001 2.05759 0.935888 -0.0502595
32 -1.31648 1.6724 1.10972 0.365954
669 -1.12942 2.28859 0.175543 -0.502458
598 -1.23856 2.03819 0.695106 -0.150571
649 -1.49264 1.64011 1.00299 -0.454986
716 -1.60865 1.71209 0.653027 -0.730209
167 -1.4475 1.68181 0.777837 -0.431632
221 -1.88971 1.70388 1.12309 -0.459901
227 -1.82693 1.80307 1.11941 -0.463237
903 -1.52451 1.43449 0.943527 -0.461437
963 -1.16438 1.88276 0.589124 -0.113467
974 -1.54541 1.78141 1.05576 -0.338883
867 -1.5123 1.53152 0.958738 -0.357778
877 -1.21804 1.74061 0.69252 -0.190343
327 -1.44092 2.11943 -0.0585788 0.111596
236 -1.50088 1.5936 0.748793 -0.232438
865 -1.62808 1.7264 1.16839 -0.239096
617 -1.66249 1.537 1.16528 -0.35188
27 -1.32152 1.75691 1.11207 0.490908
634 -1.07588 1.81504 0.6758 -0.0258165
944 -1.44168 1.96526 0.653126 -0.382337
904 -1.6258 2.05394 0.774082 -0.962727
950 -1.56639 2.01355 0.670404 -0.395814
908 -1.3848 1.76262 0.61749 -0.396295
694 -1.19746 1.9252 0.712428 -0.395201
971 -1.05157 1.86556 0.86208 -0.301399
124 -1.66753 1.67405 0.602897 -0.0699792
829 -1.62381 1.7363 0.637755 0.11969
868 -1.50797 1.9155 0.469478 0.470311
845 -1.54914 1.98143 0.520831 -0.425751
577 -1.52192 1.74678 0.169939 0.433778
876 -1.15715 1.86473 0.82566 -0.177245
840 -1.21471 2.21832 0.627022 -0.215778
623 -1.19382 1.55733 0.835456 0.0862994
45 -1.10815 1.66792 1.09297 0.3754
423 -1.49274 1.98816 0.297436 0.664421
970 -1.56292 1.63346 0.977051 -0.377234
926 -1.16129 1.83433 0.945787 0.0624857
891 -1.14953 2.16831 1.11746 -0.274157
713 -1.58832 1.90096 0.561047 -0.406053
737 -1.35577 1.74881 0.425138 -0.640014
604 -0.939404 1.92149 0.538338 0.0368235
864 -0.927901 1.94291 0.551049 0.00533535
878 -0.891138 1.99806 0.864636 -0.15872
103 -1.58459 2.09594 -0.0619853 -0.0960234
922 -1.34775 1.77996 0.408781 0.524227
718 -1.38368 1.86862 0.497751 -0.648077
607 -1.14952 1.71056 0.946613 -0.0809227
647 -1.37017 1.49546 0.924797 -0.134009
816 -1.46959 1.51857 0.776938 -0.243528
333 -1.3502 2.02015 -0.0902936 0.238862
196 -0.918526 1.89325 0.993012 -0.273006
457 -1.52025 1.57553 0.705991 -0.0488382
348 -0.881494 1.97781 0.662837 -0.402375
49 -1.18446 1.45705 0.898716 0.37352
67 -1.26122 1.57289 0.979088 0.476036
573 -1.45575 1.71659 0.269117 0.504035
489 -1.34443 1.77307 0.521644 0.375587
350 -0.886803 2.20529 0.91747 -0.29232
254 -1.08655 2.15031 1.10548 0.121088
328 -1.08571 2.00429 0.0451302 0.173622
225 -1.6848 1.54904 1.38513 -0.466676
241 -1.41685 1.57304 0.846404 -0.384756
804 -1.28935 2.0322 0.361457 0.0724561
929 -1.02655 1.84102 0.829032 -0.236644
677 -1.18904 2.13295 0.190512 -0.24549
918 -1.17002 1.99017 0.258736 -0.143571
608 -0.91884 1.88052 0.783251 -0.00997583
959 -1.55477 1.87689 0.604286 -0.237179
190 -0.684888 2.25691 1.07132 -0.491095
848 -1.34939 2.1527 0.120003 0.143908
242 -1.7991 1.66092 1.14336 -0.195087
118 -1.89248 1.33503 0.435272 -0.0892549
509 -1.29501 1.94857 0.352125 0.493304
786 -1.64394 1.54102 0.49008 -0.132496
39 -1.21397 1.52865 1.35027 0.070956
533 -0.978358 2.2256 0.246311 -0.533613
378 -1.21266 1.53371 0.912832 0.309303
