1000 8
642 -1.27214 -1.10746 -0.212945 -0.284479 -0.247075 1.30322 0.764224 -0.142234
215 -1.44904 -1.40112 -0.418602 -0.291893 -0.342239 1.50918 1.05918 0.0844963
964 -1.402 -1.11399 -0.268129 -0.44757 -0.172125 1.32165 0.76692 -0.171923
982 -1.15751 -1.1165 -0.190526 -0.447331 0.101687 1.14211 0.666457 -0.299557
798 -1.34728 -1.2851 -0.126578 -0.338257 -0.234075 1.34662 0.781149 -0.0814964
209 -1.49232 -1.41443 -0.313495 -0.153148 -0.404691 1.61283 0.963108 0.00762911
801 -1.29567 -1.01752 -0.169843 -0.293782 -0.125653 1.24685 0.692674 -0.273202
523 -1.3628 -1.08653 -0.364609 -0.643424 0.00895094 0.992466 0.423524 -0.605654
662 -1.68424 -1.5931 -1.02446 -0.927158 -0.241323 0.782156 0.382252 -1.20522
672 -1.43325 -0.940248 -0.375374 -0.777715 0.026739 0.900625 0.311965 -0.315218
237 -1.08688 -1.27009 -0.104617 -0.290763 0.178729 1.40225 0.820303 -0.32738
866 -1.21295 -1.14966 -0.125139 -0.449091 0.0807844 1.3173 0.805546 -0.419152
803 -1.2435 -1.06349 -0.139288 -0.411239 -0.0391239 1.2748 0.795589 -0.143973
636 -1.5327 -1.37449 -0.440954 -0.155462 -0.333006 1.49172 1.17977 0.164839
210 -1.50236 -1.52049 -0.305762 -0.177994 -0.362891 1.51737 0.917237 0.102663
709 -0.950574 -1.34778 -0.0495682 -0.848519 0.482875 0.957938 0.675264 -0.472636
936 -0.973192 -1.03328 -0.0109656 -0.678889 0.199822 0.91822 0.434357 -0.593219
695 -1.0212 -1.31353 -0.0941547 -0.980198 0.655 1.0034 0.708055 -0.676143
500 -1.33312 -1.32694 0.213139 -0.724016 -0.123561 1.15078 0.154214 -0.682742
496 -1.27255 -1.57147 0.536645 -0.655732 -0.169081 1.17059 -0.0255378 -0.719769
952 -1.23639 -1.27132 0.289599 -0.690316 -0.120548 1.1154 0.204308 -0.628161
286 -1.30733 -1.36738 0.57706 -0.729922 -0.385258 1.21318 -0.0740705 -0.822408
574 -1.29324 -1.30995 0.329044 -0.699678 -0.261269 1.08106 -0.00841705 -0.645223
284 -1.42893 -1.59984 0.550327 -0.834938 -0.293445 1.16052 -0.234178 -0.816396
423 -1.28488 -1.35327 0.166194 -0.597499 -0.00567947 1.15685 0.083488 -0.651827
835 -1.15161 -0.751898 -0.26591 -0.977166 0.288281 0.876872 0.458915 -0.364585
217 -1.36392 -0.929895 -0.477193 -1.16912 0.327478 1.0366 0.673002 -0.261206
718 -1.01092 -1.06193 -0.106044 -0.770881 0.418328 0.961222 0.536593 -0.615584
827 -0.994826 -1.24698 -0.0293648 -0.730306 0.36987 1.08124 0.689872 -0.705329
316 -1.10435 -0.898262 0.0493477 -0.324312 -0.214397 1.4456 0.657667 -1.5415
222 -1.08364 -0.98626 -0.0345361 -0.300625 -0.155372 1.34879 0.66457 -1.18583
247 -1.27408 -0.81024 0.165564 -0.357288 -0.31363 1.45306 0.584634 -1.49231
171 -1.51114 -0.692437 0.232249 -0.307939 -0.206472 1.59404 0.676445 -1.35846
464 -0.96154 -0.996203 -0.109598 -0.40583 0.715006 1.18812 0.70452 -0.596635
447 -1.30232 -1.00286 -0.250903 -0.630474 0.746519 1.16467 0.36626 -0.66124
436 -1.5856 -0.7406 -0.338446 -0.642766 0.948488 1.15314 0.0822872 -0.757876
831 -1.11945 -0.892523 0.0283536 -0.492368 0.00522316 1.19234 0.56313 -1.03303
394 -1.25099 -1.26921 0.119517 -1.07262 0.685256 0.954039 0.595727 -0.435558
825 -1.26187 -1.33703 0.0758355 -0.743284 0.432952 1.13294 0.571904 -0.650497
960 -1.10722 -1.10361 -0.0565947 -0.692012 0.292419 1.09955 0.491353 -0.71582
937 -1.12825 -1.16509 -0.0559191 -0.864919 0.429938 1.08976 0.581888 -0.548021
587 -1.36073 -0.874327 -0.266891 -0.966359 0.160231 0.959509 0.382207 -0.416713
870 -1.3293 -0.925334 -0.223502 -1.03491 0.235429 0.973529 0.385368 -0.491313
894 -1.27065 -0.937525 -0.216344 -0.984828 0.225894 1.00261 0.397262 -0.420052
96 -1.28751 -1.04508 -0.366026 -1.24089 0.32975 0.987281 0.461488 -0.461693
728 -0.983252 -1.41752 -0.0397109 -1.01589 0.624506 0.8498 0.605035 -0.579023
706 -1.0089 -1.82519 0.104886 -1.23323 0.789544 0.969356 0.758351 -0.657946
240 -1.02414 -1.04461 -0.155286 -0.296879 -0.0216438 1.18825 0.794752 -0.160345
69 -0.921655 -1.26111 0.323375 -0.475755 -0.0326018 0.939542 0.0936565 -0.583361
271 -1.4384 -1.90766 0.680999 -0.878794 -0.334984 1.41476 -0.199263 -0.900316
299 -1.11523 -1.27424 0.282625 -0.550917 -0.102059 1.05138 0.103632 -0.639464
854 -1.04206 -1.0592 0.0868785 -0.5449 0.415194 1.23397 0.560572 -0.619005
25 -1.09183 -1.28388 0.0223506 -0.337749 0.713093 1.31669 0.846122 -0.462555
223 -1.29142 -1.18843 -0.337317 -0.234677 -0.300476 1.22283 0.998373 -0.0217067
800 -1.30588 -1.01307 -0.234506 -0.311757 -0.194472 1.25369 0.674783 -0.0977415
537 -1.75355 -0.720395 -0.0480688 -0.525153 0.36921 1.32513 0.395585 -0.0192847
147 -1.8044 -0.404252 0.0235796 -0.574248 0.222602 1.23541 0.285704 -0.226166
112 -1.10367 -0.848718 -0.208734 -1.08826 0.265338 0.767105 0.372376 -0.292231
705 -1.00135 -1.7605 0.0403019 -1.40264 0.750469 1.02079 0.746879 -0.599836
38 -0.816746 -1.28684 0.0645554 -0.538724 0.876707 1.13871 0.738092 -0.64561
59 -1.01415 -1.22906 0.144783 -0.4109 0.997245 1.27422 0.850137 -0.613202
808 -0.978176 -1.25573 0.0518498 -0.338305 0.936161 1.29874 0.903195 -0.623379
51 -0.999021 -1.39946 0.179647 -0.355033 1.11956 1.41469 0.880876 -0.675564
53 -1.01406 -1.30743 0.163273 -0.313249 0.934669 1.37074 0.89314 -0.58908
52 -0.987555 -1.34933 0.00134677 -0.391943 1.01064 1.44266 0.964308 -0.616186
929 -1.09745 -0.697427 0.0149567 -0.7617 0.229244 1.23475 0.544446 -0.473954
847 -1.05068 -1.00334 0.000981216 -0.748149 0.407282 1.00165 0.644125 -0.452332
985 -1.14257 -1.36929 0.0680266 -0.980794 0.383719 1.11157 0.590524 -0.522914
183 -1.31214 -0.744319 0.0988208 -0.87529 0.282128 1.35405 0.689409 -0.483856
296 -1.14473 -1.28407 0.388798 -0.721702 -0.204461 1.06314 0.0974523 -0.580087
716 -1.02977 -1.1685 -0.0896193 -0.73547 0.418452 0.976831 0.537014 -0.554176
715 -1.1118 -1.10555 -0.0476599 -0.775182 0.472816 0.954763 0.501995 -0.536296
563 -1.87904 -0.573946 0.165435 -0.784555 0.122868 1.17464 0.237648 -0.23729
132 -2.46243 -0.659139 0.113215 -0.806788 0.0939891 1.39545 0.159908 -0.161782
365 -2.31633 -0.535139 0.0856953 -0.792887 0.220007 1.33302 0.104891 -0.0579845
138 -2.12264 -0.55425 0.119509 -0.607704 0.296689 1.31706 0.094467 -0.119984
146 -1.60747 -0.731059 0.0229828 -0.603629 0.29838 1.10379 0.352562 -0.268378
18 -1.07108 -1.46393 0.190481 -0.420993 0.950751 1.3494 0.872642 -0.810061
919 -1.27531 -1.01919 -0.144464 -0.69268 0.630752 1.06289 0.267911 -0.705575
591 -1.40055 -1.03513 -0.435569 -0.553564 0.791346 1.20314 0.166736 -0.498124
764 -1.0881 -0.629718 -0.157323 -0.600785 0.400202 1.02237 0.376 -0.537918
451 -1.15073 -0.723692 -0.209856 -0.451329 0.33771 1.12825 0.369557 -0.739701
460 -1.06867 -0.804188 -0.247702 -0.523589 0.569157 1.08728 0.251852 -0.565121
432 -1.62556 -0.910357 -0.548752 -0.632375 1.12813 1.30763 -0.199672 -1.17814
440 -1.38863 -0.874322 -0.371767 -0.712509 0.968656 1.14024 0.17348 -0.739367
609 -1.25654 -0.704639 -0.375029 -0.581062 0.674748 1.18225 0.209728 -0.927344
134 -1.73904 -0.923062 -0.595177 -0.562182 1.20341 1.20911 -0.173554 -0.743194
596 -1.09821 -0.782939 -0.186486 -0.535304 0.479191 1.11307 0.272948 -0.473969
435 -1.48469 -1.07579 -0.369242 -0.688558 1.12681 1.12201 -0.236981 -0.965691
122 -1.24453 -0.909588 -0.279354 -0.787547 0.500332 0.88751 0.23113 -0.55229
648 -1.10779 -0.767261 -0.220446 -0.592277 0.364466 0.988617 0.289082 -0.432123
627 -1.41507 -0.693834 -0.275955 -0.759795 0.748686 1.20492 0.164017 -0.607352
987 -1.52866 -0.632163 -0.0924625 -0.779699 0.24298 1.01914 0.217338 -0.209945
145 -1.91834 -0.623793 0.0176842 -0.668456 0.223005 1.16932 0.220429 -0.119093
249 -2.12196 -0.54242 0.130291 -0.6905 0.164483 1.38474 0.21141 -0.0200441
203 -1.3238 -0.595418 0.00638721 -0.788802 0.275556 1.30824 0.572894 -0.388913
373 -1.66743 -0.571602 0.0595371 -0.579535 0.279425 1.09524 0.212201 -0.102587
947 -1.6541 -0.712233 -0.00430702 -0.416955 0.132324 1.12084 0.284144 -0.152991
567 -1.74989 -0.653744 0.0736927 -0.662076 0.117968 1.10659 0.275619 -0.197829
364 -2.16725 -0.393251 0.235489 -0.726182 0.225007 1.28267 0.128732 -0.0730692
788 -1.19294 -0.883607 -0.0937977 -0.967267 0.176972 0.816826 0.192937 -0.406505
85 -1.57016 -0.960277 -0.51197 -1.67836 0.530697 0.858895 0.31595 -0.46886
397 -1.39931 -0.780068 -0.40013 -1.22189 0.113307 0.866485 0.2953 -0.325284
374 -1.76463 -0.60818 0.0488728 -0.634071 0.118498 1.11932 0.204306 -0.222853
302 -1.21616 -1.09829 0.260369 -0.567158 -0.0759934 0.996081 0.0888167 -0.552113
566 -1.83406 -0.728625 0.183572 -0.600394 0.106736 1.13651 0.24322 -0.191669
465 -1.40468 -0.83739 0.0410112 -0.494593 0.332144 1.21871 0.514872 -0.384782
819 -1.15007 -0.999386 -0.062876 -0.705414 0.111013 1.15655 0.558453 -0.8392
817 -1.2343 -1.06627 0.0968831 -0.546533 0.0156297 1.18782 0.537836 -1.00141
818 -1.22577 -0.970843 0.136472 -0.552511 -0.105061 1.2913 0.435412 -1.13694
311 -1.36642 -0.681682 0.107328 -0.349502 -0.146815 1.5322 0.680209 -1.4896
319 -1.26275 -0.763985 -0.182861 -0.379186 -0.172571 1.30821 0.492461 -1.27365
313 -1.3363 -0.653592 -0.0182029 -0.210123 -0.212579 1.54844 0.55856 -1.56427
376 -1.58477 -0.627398 -0.0697763 -0.354991 0.141692 1.2269 0.388986 -0.131296
740 -1.81388 -0.526018 0.107653 -0.728965 0.136111 1.32028 0.304893 -0.235906
82 -2.36766 -0.557382 0.20092 -0.700183 0.242409 1.40072 0.11201 -0.277118
742 -1.33452 -0.723012 0.0581895 -0.542435 0.0795037 1.18191 0.447722 -0.728348
262 -1.5272 -0.692827 0.10089 -0.493682 0.131536 1.18437 0.30349 -0.399614
865 -1.25543 -1.11478 -0.024958 -0.342735 -0.156662 1.3045 0.679945 -0.3593
599 -1.65401 -0.535081 -0.00747726 -0.650517 0.172467 1.12809 0.289765 -0.30979
433 -1.4525 -1.21308 -0.298926 -0.51231 1.04646 1.27907 -0.131588 -0.785764
762 -1.18038 -0.80258 -0.158869 -0.47844 0.107016 1.1225 0.543869 -0.26648
974 -1.32788 -1.07732 -0.257139 -0.50785 -0.0139502 1.24096 0.562196 -0.355215
628 -1.4453 -0.95215 -0.131993 -0.612433 0.54731 1.16021 0.134769 -0.656776
498 -1.49409 -1.44596 0.336451 -0.688912 -0.215311 1.01304 -0.162461 -0.723741
417 -1.43816 -1.40817 0.299837 -0.766244 -0.342204 1.07959 -0.100915 -0.580684
303 -1.1868 -1.20907 0.306547 -0.68184 -0.183317 0.960766 0.0184399 -0.543827
107 -1.17958 -0.896025 -0.120261 -0.826392 0.206295 1.00461 0.374414 -0.447427
94 -1.19264 -1.02744 -0.406492 -1.30191 0.184796 0.874799 0.409203 -0.300996
856 -1.44455 -0.871757 -0.474762 -1.47462 0.210434 1.08761 0.575118 -0.265128
871 -1.32648 -0.91224 -0.156379 -0.961577 0.334395 1.01174 0.413242 -0.449412
155 -1.67695 -0.715004 -0.0776597 -0.605962 0.229433 1.18097 0.302248 -0.20493
193 -1.11503 -0.715716 0.0597373 -0.727222 0.253286 1.21575 0.526261 -0.595498
438 -1.23358 -0.339448 -0.103091 -1.00078 0.397398 1.6002 0.69301 -0.665112
354 -1.08069 -0.434429 -0.0825542 -0.770033 0.184742 1.27686 0.67332 -0.438635
693 -1.22849 -0.49592 0.0285092 -0.79761 0.325686 1.37728 0.754199 -0.457406
699 -1.29699 -0.480403 -0.0537687 -0.946235 0.349897 1.47836 0.717775 -0.435828
694 -1.26318 -0.603099 -0.122813 -0.861975 0.300707 1.10511 0.528715 -0.413361
779 -1.29995 -0.799478 -0.0442247 -0.744591 0.156478 1.31223 0.654872 -0.743638
195 -1.27576 -0.662944 -0.113096 -0.820678 0.279062 1.22753 0.617855 -0.405634
126 -1.38801 -0.189432 -0.0301756 -1.49757 0.497223 1.88616 1.24561 -0.43259
100 -1.28656 -0.991649 -0.167193 -1.06612 0.405394 0.879939 0.536633 -0.404274
46 -1.05769 -1.01461 -0.00534265 -0.788778 0.528639 1.12709 0.579221 -0.492767
581 -1.47766 -1.02658 -0.331993 -1.29855 0.211759 0.914533 0.382103 -0.431405
469 -1.24963 -0.827849 -0.268244 -1.02978 0.317226 1.00687 0.591331 -0.510543
893 -1.38775 -0.922794 -0.288825 -1.07874 0.322912 1.15516 0.510528 -0.531323
123 -1.23814 -0.826088 -0.325328 -1.09196 0.170562 0.822927 0.408512 -0.460413
582 -1.35706 -0.915352 -0.375868 -1.1905 0.296299 1.04362 0.460841 -0.409892
143 -1.82998 -0.534548 -0.00322072 -0.713762 0.169211 1.15397 0.352369 -0.0766961
741 -1.53161 -0.558207 0.112695 -0.590966 0.335369 1.09617 0.295897 -0.125881
153 -1.69451 -0.430928 0.14541 -0.512804 0.0663312 1.10818 0.162082 -0.29467
396 -1.98281 -0.646918 0.0927221 -0.625589 0.119872 1.22489 0.217491 -0.204737
696 -1.18913 -0.793865 0.0166562 -0.471417 0.00929571 1.33194 0.59051 -1.05285
966 -1.10227 -0.763568 -0.0163736 -0.630534 0.129614 1.18543 0.445057 -0.761835
794 -1.11498 -0.810404 -0.00545311 -0.619166 0.0452532 1.06581 0.553968 -0.8043
487 -1.0041 -0.816293 0.0125455 -0.373131 -0.133571 1.15869 0.576641 -1.2065
478 -1.21684 -0.97717 0.00303489 -0.573684 0.0222416 1.2354 0.476736 -1.07303
293 -1.22445 -1.37976 0.348965 -0.425237 -0.474559 1.07741 0.140023 -0.555149
413 -1.32323 -1.35349 0.326348 -0.741733 -0.2837 1.17798 -0.0070446 -0.694429
411 -1.40848 -1.49853 0.411145 -0.766311 -0.188848 1.2217 -0.0864298 -0.940871
473 -1.15957 -1.11362 0.179442 -0.461798 -0.156804 1.27382 0.413177 -1.3316
869 -1.07658 -0.868027 0.0463475 -0.533522 -0.0460916 1.15794 0.451423 -1.13112
477 -1.0895 -0.815647 -0.0249416 -0.565126 -0.0612716 1.11202 0.463997 -1.04886
536 -1.17983 -1.00103 0.121978 -0.366153 -0.236994 1.50944 0.655962 -1.38314
4 -1.08627 -1.48629 -0.00721679 -0.318455 1.15658 1.65976 0.958721 -0.822513
29 -0.884147 -1.19653 0.127512 -0.414375 0.540329 1.26018 0.581999 -0.561876
954 -1.15381 -0.983274 0.100373 -0.534106 0.37204 1.27511 0.70888 -0.549529
63 -1.52173 -0.698177 -0.0040307 -0.444576 0.402748 1.04628 0.331041 -0.185465
137 -2.13844 -0.55783 0.144822 -0.585331 0.228975 1.43738 0.156464 -0.200928
739 -1.7501 -0.641449 0.0975592 -0.701987 0.26513 1.17196 0.261734 -0.203296
130 -2.22905 -0.652205 0.123643 -0.60076 0.508344 1.29246 0.2924 -0.157969
125 -2.45923 -0.530481 -0.0193596 -0.727412 0.388777 1.32291 0.191521 -0.233001
160 -1.51689 -0.630652 -0.000825283 -0.655872 0.107542 0.992423 0.244281 -0.30149
127 -2.238 -0.498282 0.339585 -0.386501 0.266009 1.60975 0.196898 -0.406025
375 -1.6839 -0.681326 -0.00251405 -0.632507 0.20002 1.12126 0.293509 -0.300304
152 -1.8728 -0.423351 0.0255054 -0.66001 0.181565 1.19561 0.10946 -0.129297
367 -1.66827 -0.565271 0.0090667 -0.68661 0.251213 1.13985 0.307079 -0.142729
128 -2.48768 -0.649252 0.185053 -0.581851 0.373427 1.30621 0.258442 0.0349914
13 -2.15657 -0.556239 0.246518 -0.652053 0.507435 1.36678 0.216831 -0.0910176
657 -1.60557 -0.666376 0.0957318 -0.765821 0.289771 1.11255 0.242153 -0.232636
81 -2.25185 -0.687586 0.203218 -0.722702 0.379482 1.1854 0.247725 -0.18579
265 -1.39564 -0.645672 -0.0108114 -0.665224 0.295093 1.10245 0.300862 -0.216885
34 -0.916223 -1.19068 0.0348282 -0.449474 0.734405 1.17837 0.846443 -0.548123
553 -1.04501 -0.733539 0.0249069 -0.483411 -0.0241224 1.1054 0.560231 -0.9435
131 -1.52586 -0.891614 -0.0175924 -0.261737 -0.33427 1.60347 0.695539 -1.84543
514 -1.60908 -1.52017 -0.907604 -0.664306 -0.493805 0.813291 0.537863 -1.23623
851 -1.23027 -0.969544 -0.315656 -0.615761 0.0332396 1.0495 0.46947 -0.558497
759 -1.2895 -1.07116 -0.369889 -0.621803 0.113163 0.920232 0.260542 -0.572949
274 -1.46026 -1.68222 -0.648816 -0.677242 -0.147562 0.769684 0.210468 -0.929468
111 -1.23634 -1.00016 -0.44139 -0.912463 0.0622624 0.811701 0.323607 -0.494671
79 -1.72194 -1.16888 -0.607959 -1.83192 0.501904 0.877191 0.587281 -0.32048
17 -0.842112 -1.50669 -0.206939 -0.506899 0.915232 1.24543 0.941175 -0.789073
66 -0.825074 -1.31891 -0.119065 -0.489834 0.887471 1.28801 0.913158 -0.637801
110 -1.20098 -0.942167 -0.180504 -0.95747 0.212204 0.869005 0.36025 -0.436704
948 -1.29644 -1.14113 -0.185727 -0.975617 0.401285 1.03979 0.495911 -0.541479
104 -1.26341 -0.859401 -0.216774 -0.869667 0.327856 1.04168 0.395652 -0.51804
655 -1.26681 -0.963277 -0.0948704 -0.665692 0.424507 1.05446 0.366295 -0.611313
891 -1.36576 -0.816689 -0.172737 -0.699128 0.465696 1.19475 0.401136 -0.506689
592 -1.52192 -0.985628 -0.383803 -0.646265 0.782676 1.25748 0.174763 -0.655091
776 -1.12948 -0.888427 -0.239683 -0.567579 0.0608853 0.928485 0.403617 -0.701047
757 -1.23812 -0.95678 -0.247224 -0.682008 0.16183 1.03318 0.458545 -0.632935
275 -1.22145 -1.01591 0.202866 -0.294177 -0.0623949 1.6936 0.639736 -1.70889
873 -1.11496 -0.868749 0.0281163 -0.582057 -0.00999662 1.25868 0.546866 -1.03381
569 -1.19716 -0.720603 0.0149237 -0.481974 0.0105456 1.12706 0.402332 -0.918897
144 -1.85183 -0.52534 -0.0201676 -0.637992 0.293672 1.17115 0.189813 -0.263219
234 -1.36008 -0.979356 -0.111025 -0.290635 -0.160017 1.31956 0.76859 -0.0793013
767 -1.23005 -1.05501 -0.180738 -0.36993 -0.123541 1.04835 0.639848 -0.263926
446 -1.37188 -1.12443 -0.217223 -0.358604 -0.0234521 1.29002 0.703497 -0.341586
208 -1.43604 -1.529 -0.222626 -0.111494 -0.552561 1.62717 1.19173 0.0127363
273 -1.88368 -1.92401 0.524392 -0.820189 -0.460336 1.21931 -0.129806 -0.724691
276 -1.54359 -1.7889 0.463238 -0.769782 -0.490431 1.13572 -0.190507 -0.777203
277 -1.59014 -1.89661 0.692229 -0.791296 -0.530489 1.34115 -0.100522 -0.885968
283 -1.46345 -1.5859 0.58972 -0.768769 -0.343305 1.15285 -0.186155 -0.717024
278 -1.41303 -1.62756 0.494524 -0.690174 -0.444357 1.26836 -0.245087 -0.702326
571 -1.45323 -1.57353 0.540846 -0.638702 -0.263113 1.13118 0.0171127 -0.567039
16 -0.930484 -1.30575 0.0397342 -0.406638 1.06305 1.37032 0.958541 -0.622776
24 -0.748147 -1.37994 0.0737521 -0.341774 0.897 1.33231 0.88765 -0.66497
23 -1.00262 -1.4292 0.143255 -0.413375 0.905679 1.46095 0.882903 -0.679083
9 -0.935855 -1.40899 -0.0130958 -0.264814 1.02916 1.53307 1.03827 -0.592831
77 -0.968132 -1.14959 -0.017266 -0.367351 0.625146 1.22089 0.709385 -0.471785
1 -1.21419 -1.7442 0.107498 -0.272156 1.19597 1.45968 1.05225 -0.646016
74 -1.10548 -1.09889 -0.114388 -0.364855 0.236035 1.19753 0.735562 -0.377502
617 -1.07126 -1.27674 -0.0845678 -0.181886 0.00813385 1.31249 0.812223 -0.263119
91 -1.40467 -0.891144 -0.325259 -1.35591 0.118733 0.946952 0.42904 -0.482285
86 -1.49268 -0.879561 -0.410166 -1.49304 0.305263 1.01573 0.435239 -0.389496
80 -1.44165 -1.02368 -0.513258 -1.83845 0.355161 0.989164 0.727312 -0.285648
384 -0.792724 -1.22344 0.0726386 -0.399573 0.626174 1.22348 0.761606 -0.760229
0 -1.01888 -1.50061 0.199674 -0.404711 1.08616 1.74662 1.14612 -0.788626
32 -0.883531 -1.20024 0.0681803 -0.302946 0.582986 1.28924 0.84465 -0.89451
10 -1.05617 -1.25611 0.0708472 -0.473187 1.09389 1.24694 0.883226 -0.541853
2 -1.31516 -1.40615 0.137289 -0.259032 1.11644 1.41724 0.991031 -0.479401
3 -0.98617 -1.64296 -0.145989 -0.235808 1.05448 1.76168 1.25893 -0.834786
310 -1.34416 -0.746733 -0.123142 -0.416021 0.0235215 1.72212 0.877075 -1.95716
551 -1.26278 -0.94053 -0.010978 -0.393038 -0.302069 1.3383 0.71787 -1.64385
150 -1.64522 -0.564562 0.0901303 -0.458214 0.384425 1.1078 0.232274 -0.171389
149 -1.83567 -0.567066 -0.0565124 -0.65343 0.176735 1.18217 0.256606 -0.149011
229 -1.41627 -1.14108 -0.340195 -0.318609 -0.144162 1.35845 0.986037 0.0186793
15 -1.33906 -1.35573 -0.296926 -0.242465 -0.209938 1.53223 1.19817 -0.037172
318 -1.40177 -1.3948 0.427437 -0.615755 -0.374359 1.35018 0.0222143 -0.851416
272 -1.66187 -1.81864 0.52724 -0.724856 -0.440352 1.34067 -0.0935577 -0.813786
510 -1.30805 -1.19854 0.356847 -0.604547 -0.242675 1.0387 0.0300834 -0.486208
288 -1.37903 -1.40928 0.249241 -0.730486 -0.273588 0.989864 0.00860638 -0.724502
430 -1.13392 -1.29077 0.328979 -0.600309 -0.172806 0.994366 -0.0055996 -0.661344
42 -0.825909 -1.21835 0.0713478 -0.380195 0.597631 1.08448 0.576349 -0.625352
544 -0.926518 -1.08736 0.0607833 -0.398042 0.500887 1.09248 0.612275 -0.570634
541 -0.945622 -1.1391 -0.0997372 -0.361743 0.597043 1.24844 0.816047 -0.622369
339 -1.33401 -0.333469 0.0930106 -1.11934 0.424479 1.852 1.08557 -0.340565
351 -1.13421 -0.426657 -0.00367851 -0.849352 0.294041 1.35542 0.663092 -0.374978
168 -1.3479 -0.123785 0.0356869 -1.15728 0.43395 2.05613 1.1809 -0.560144
343 -1.29196 -0.478481 0.00222121 -0.839523 0.309517 1.33919 0.630915 -0.341948
173 -1.36117 -0.20032 0.0138992 -1.25754 0.433734 1.72386 0.861806 -0.303438
190 -1.19724 -0.357035 -0.0137143 -0.92079 0.285212 1.39409 0.681762 -0.314681
861 -1.23536 -0.555404 -0.0233024 -0.616402 0.188278 1.11909 0.444169 -0.348341
109 -1.50161 -0.940402 -0.202664 -1.18123 0.367854 1.04407 0.45926 -0.400421
99 -1.29641 -1.02083 -0.111684 -1.04863 0.126855 1.0414 0.325927 -0.571294
931 -1.27242 -0.883045 -0.186179 -0.945557 0.218999 0.943594 0.391002 -0.540496
579 -1.57912 -0.947376 -0.382032 -1.30914 0.200257 0.848233 0.472381 -0.320127
822 -1.37016 -0.865785 -0.343291 -1.00012 0.252985 0.97356 0.437581 -0.448853
996 -1.39457 -0.989337 -0.105026 -0.787108 0.324452 1.19277 0.475778 -0.579467
857 -1.19839 -0.784713 -0.2175 -0.890759 0.239868 1.00047 0.461358 -0.573837
670 -1.49442 -1.21138 -0.466324 -0.753984 -0.0464981 0.920643 0.310062 -0.650835
963 -1.28929 -0.930666 -0.358867 -0.679931 0.0606788 0.982864 0.540402 -0.536123
772 -1.33769 -0.822385 -0.218604 -0.896672 0.192408 1.00491 0.340528 -0.376863
578 -1.28255 -0.965889 -0.436275 -1.74749 0.319848 0.936688 0.479372 -0.530631
136 -1.62773 -0.83235 -0.462338 -1.66149 0.282129 0.939934 0.466314 -0.406671
412 -1.27967 -1.01023 -0.178007 -1.2603 0.146507 0.879187 0.355558 -0.364189
782 -1.17932 -0.832122 -0.390895 -1.39567 0.29485 0.880715 0.435532 -0.314908
83 -1.32671 -1.20501 -0.587442 -1.92984 0.599814 0.908284 0.627724 -0.545985
359 -1.08146 -0.617966 -0.0763066 -1.00814 0.326873 1.1532 0.555082 -0.341806
7 -1.32595 -0.303215 0.148937 -1.05653 0.532195 1.97886 0.95642 -0.58789
12 -1.04083 -1.28449 0.0584874 -0.357651 1.03514 1.3674 1.06288 -0.589961
44 -0.887635 -0.914674 0.0219161 -0.326802 0.557003 1.07214 0.691033 -0.544584
39 -0.71476 -1.16313 -0.0352276 -0.410756 0.66526 1.18838 0.826612 -0.550365
917 -0.729505 -1.02115 -0.0293431 -0.300358 0.591643 1.08423 0.717989 -0.505899
20 -0.752554 -1.50983 0.101519 -0.292242 0.729094 1.40527 0.852361 -0.71907
752 -1.29764 -0.798224 -0.142307 -0.600093 0.332638 1.13364 0.317272 -0.41361
434 -1.66991 -0.805003 -0.648918 -0.6852 1.25761 1.22334 -0.209841 -1.03041
630 -1.17064 -1.0476 -0.100246 -0.691999 0.548011 0.962688 0.400517 -0.493473
158 -1.73867 -0.591671 0.0111244 -0.542426 0.194853 1.05676 0.277638 -0.096726
736 -1.05203 -1.1703 0.0813725 -0.870515 0.4379 0.992181 0.582167 -0.501929
711 -1.07753 -1.27327 -0.0334468 -0.926544 0.49554 0.935923 0.594064 -0.478826
774 -1.27543 -0.875337 0.0284571 -0.546894 0.0464904 1.22639 0.484218 -0.964158
336 -1.24772 -0.910203 0.0832259 -0.421297 -0.0481833 1.27344 0.554053 -1.03855
758 -1.29755 -1.12002 -0.386534 -0.739356 0.0549565 1.01406 0.440045 -0.646028
995 -1.56263 -1.11677 -0.320604 -0.847435 0.14823 1.15073 0.500908 -0.551087
254 -1.45133 -0.925842 -0.189288 -0.624736 0.49121 1.25443 0.285248 -0.52676
607 -1.28657 -0.879017 -0.211247 -0.520612 0.273766 1.19258 0.433935 -0.46404
213 -1.53818 -1.24693 -0.290543 -0.121987 -0.167213 1.5216 1.05379 0.000855033
945 -1.30394 -1.12144 -0.176163 -0.37662 0.0992357 1.27163 0.868706 -0.212301
499 -1.23829 -1.04986 0.196689 -0.75163 -0.0661581 0.946378 0.157694 -0.520852
572 -1.2319 -1.21423 0.223605 -0.551369 -0.150454 1.11639 0.10715 -0.688699
280 -1.26284 -1.84556 0.653506 -0.597575 -0.290385 1.27598 -0.111028 -0.811538
426 -1.23281 -1.12418 0.281924 -0.674253 -0.183003 1.12576 0.0918161 -0.710403
886 -1.10848 -1.12577 0.227961 -0.573715 -0.0863441 0.995899 0.16432 -0.575869
575 -1.37764 -1.17867 0.298194 -0.744159 -0.0619108 1.09384 0.0582813 -0.582028
419 -1.26346 -1.26957 0.27347 -0.660965 -0.280186 1.03931 -0.027604 -0.638497
773 -1.61311 -0.7784 -0.03702 -0.66755 0.143134 1.17193 0.362252 -0.246101
256 -1.60093 -0.780785 -0.0897115 -0.691307 0.103572 1.16544 0.277593 -0.331583
850 -1.33964 -0.938096 0.0398247 -0.616026 0.0921312 1.2691 0.466503 -0.89659
899 -1.15 -0.959744 -0.076133 -0.657863 0.108577 1.19175 0.58626 -0.921356
317 -1.23783 -0.773942 0.0999351 -0.251729 -0.315405 1.5021 0.635033 -1.51826
314 -1.29907 -0.874387 -0.0519185 -0.366589 -0.229982 1.53936 0.764445 -1.64371
172 -1.27859 -0.255092 -0.113696 -1.19101 0.454151 1.56256 0.770505 -0.411872
251 -1.86464 -0.489757 0.0725589 -0.614761 0.214112 1.24584 0.279489 -0.194529
129 -2.50184 -0.591013 -0.0519524 -0.760739 0.220763 1.40489 0.15269 -0.109001
264 -1.59598 -0.693198 0.0374036 -0.544768 0.0643262 1.14537 0.170391 -0.355588
159 -1.60836 -0.718544 -0.000116912 -0.615907 0.0695387 1.0745 0.177107 -0.282098
377 -1.48096 -0.842062 -0.196116 -0.670824 0.192636 0.976947 0.348043 -0.398413
676 -1.37732 -0.939294 -0.257107 -0.798345 0.127365 1.01411 0.412179 -0.645804
570 -1.54884 -0.733943 0.0276306 -0.654094 0.231273 1.08845 0.278838 -0.341826
161 -1.4882 -0.692088 -0.00215342 -0.594598 0.187557 1.10278 0.23268 -0.239636
141 -1.86276 -0.642391 -0.0759836 -0.622336 0.382573 1.14361 0.238636 -0.304985
370 -1.65784 -0.585362 -0.0308635 -0.621115 0.274848 1.06357 0.262197 -0.224097
165 -1.63842 -0.703577 -0.00993068 -0.650256 0.111908 1.05426 0.29387 -0.348585
911 -1.19091 -0.873935 -0.0166063 -0.445868 -0.00143847 1.24066 0.532082 -0.96095
330 -0.963175 -0.864743 0.0086317 -0.371308 -0.010452 1.20095 0.492403 -1.02189
308 -1.40936 -0.926454 0.165233 -0.228436 -0.256385 1.78954 0.799939 -1.71236
36 -0.871869 -1.07023 -0.0238628 -0.416514 0.493191 1.14213 0.667362 -0.655521
48 -0.952926 -0.928553 0.048722 -0.468472 0.475218 1.12274 0.640989 -0.533973
546 -0.923227 -1.18946 -0.0050024 -0.394304 0.717744 1.23932 0.75734 -0.69778
548 -0.964877 -1.19518 0.060383 -0.350218 0.836964 1.20463 0.736178 -0.614742
170 -1.43413 -1.22974 -0.383541 -0.255287 -0.303338 1.58712 1.39671 0.0576379
211 -1.43327 -1.3367 -0.311079 -0.03035 -0.261581 1.48261 1.21319 -0.0610846
793 -1.09203 -0.96048 -0.289653 -0.330626 0.056146 1.1027 0.740541 -0.245281
214 -1.39138 -1.24949 -0.300933 -0.323562 -0.147291 1.44285 1.08065 -0.0358333
224 -1.4031 -1.12493 -0.239363 -0.271481 -0.396738 1.44771 0.887282 -0.0805702
638 -1.29522 -1.25168 -0.213756 -0.21679 0.00431152 1.3483 0.919687 -0.197681
766 -1.21597 -0.952846 -0.137947 -0.342055 -0.164378 1.3226 0.84121 -0.148123
218 -1.36078 -1.10204 -0.324449 -0.157276 -0.255143 1.46583 0.787139 -0.326334
512 -1.27173 -1.17831 0.244653 -0.61699 -0.188837 0.983183 0.0750505 -0.580983
421 -1.2515 -1.30323 0.347637 -0.649514 -0.258896 1.08034 0.0282994 -0.724426
410 -1.55045 -1.96347 0.610751 -0.975743 -0.387648 1.34995 -0.19511 -0.980355
291 -1.32467 -1.3684 0.220565 -0.734615 -0.238662 1.03741 -0.0693802 -0.539447
429 -1.37667 -1.28082 0.189286 -0.65049 -0.161111 1.167 0.243341 -0.643653
221 -1.48292 -1.13811 -0.250645 -0.320869 -0.200534 1.47679 0.800874 -0.0965638
529 -1.40804 -1.16548 -0.511817 -0.682684 -0.0114975 0.785965 0.398628 -0.580131
783 -1.2625 -0.937736 -0.263293 -1.15911 0.421214 0.911518 0.35945 -0.426557
656 -1.90856 -0.606343 -0.00274159 -0.789969 0.100291 1.18231 0.29945 -0.160884
371 -1.80789 -0.677531 -0.0512881 -0.637238 0.111968 1.01895 0.227775 -0.19093
37 -0.78247 -1.10163 0.0428281 -0.292684 0.658351 1.22168 0.691705 -0.5544
382 -1.09504 -1.08701 0.0330159 -0.443036 0.591534 1.293 0.670051 -0.59956
78 -0.87271 -1.0454 -0.099122 -0.423776 0.519144 1.02751 0.631648 -0.460522
753 -1.41894 -1.32508 -0.512765 -0.736096 -0.0279367 0.849925 0.362055 -0.694578
747 -1.46025 -1.28324 -0.206908 -0.0716934 -0.260213 1.54366 0.968404 -0.036563
225 -1.37038 -1.2516 -0.303884 -0.122726 -0.0513267 1.34031 1.079 -0.109896
227 -1.41094 -1.24108 -0.249918 -0.273319 -0.300905 1.46627 0.968479 -0.24746
246 -1.23993 -0.880359 -0.209022 -0.405079 -0.0419272 1.19038 0.62224 -0.236088
207 -1.56598 -1.40582 -0.373745 -0.105342 -0.319349 1.71516 1.30915 0.0409213
228 -1.35129 -0.961399 -0.233635 -0.362189 -0.163412 1.44897 0.868853 -0.179795
838 -1.38494 -1.12156 -0.346723 -0.609214 0.0060746 1.0731 0.518789 -0.631108
164 -1.71002 -0.623813 0.0580177 -0.617086 0.0502817 1.04418 0.170114 -0.183006
989 -1.39851 -0.898372 -0.10115 -0.816731 0.25276 1.01677 0.383068 -0.384667
658 -1.57456 -0.782639 -0.0747629 -0.676833 0.196785 1.1626 0.299024 -0.224964
837 -1.59174 -1.13875 -0.494279 -0.781253 -0.0469775 0.952131 0.323318 -0.74959
515 -1.57688 -1.44822 -0.669813 -0.65255 -0.139297 0.838861 0.324675 -0.975688
756 -1.30825 -1.12902 -0.496868 -0.611019 -0.0385027 0.873536 0.44392 -0.538501
540 -1.29543 -1.00032 -0.445708 -0.616486 0.300654 0.96243 0.417316 -0.652026
189 -1.21604 -0.319602 -0.0174795 -1.0381 0.34144 1.45241 0.810417 -0.336787
874 -1.278 -0.341534 0.11826 -0.988531 0.482455 1.49896 0.538783 -0.411351
177 -1.26455 -0.29604 -0.01114 -1.10735 0.377375 1.53934 0.699102 -0.37145
349 -1.10422 -0.293025 0.116862 -0.821776 0.513476 1.40524 0.750296 -0.348519
5 -1.04043 -1.65519 -0.0959431 -0.388051 1.01214 1.42132 1.15307 -0.600505
550 -1.08928 -1.07189 -0.0150221 -0.442463 0.379284 1.19631 0.649714 -0.710242
355 -1.09305 -0.755565 0.0123838 -0.532278 0.0326681 1.21015 0.53484 -0.796371
559 -0.971089 -0.877974 -0.102554 -0.360599 -0.0136564 1.03511 0.576336 -1.07695
882 -1.17408 -0.824577 -0.142443 -0.386883 -0.123056 1.13753 0.468831 -0.953529
848 -1.23923 -0.906435 -0.128562 -0.564627 0.0418716 1.20751 0.573484 -0.973088
977 -1.25781 -1.04759 -0.0597899 -0.620487 0.121788 1.26667 0.5409 -0.903677
612 -1.45715 -0.738322 0.0129035 -0.430875 0.0806727 1.39535 0.539255 -0.831308
971 -1.1405 -0.59413 -0.0167229 -0.87234 0.375771 1.27958 0.519023 -0.450909
178 -1.27538 -0.346247 0.00716361 -0.938391 0.356771 1.70876 0.938214 -0.280249
357 -1.26689 -0.353749 -0.0525566 -0.725678 0.289723 1.35541 0.643672 -0.322048
175 -1.27478 -0.338938 0.122114 -1.12584 0.337418 1.65636 0.793935 -0.322156
181 -1.45113 -0.466918 -0.100735 -1.04223 0.470904 1.62362 0.790753 -0.299414
685 -1.28242 -0.533128 -0.0601001 -0.864499 0.378353 1.39398 0.601075 -0.493025
405 -1.39269 -0.550511 -0.0438142 -0.742895 0.244666 1.24778 0.475344 -0.286676
731 -1.07642 -1.3157 -0.0168179 -0.745347 0.414198 1.02341 0.628209 -0.613863
905 -1.09938 -1.44529 -0.0388719 -0.839024 0.571464 1.06191 0.762532 -0.637903
708 -0.941361 -1.61974 -0.0409954 -1.11241 0.679724 0.94959 0.729255 -0.65842
732 -1.04661 -1.38564 0.0462369 -0.748892 0.667582 1.00874 0.659962 -0.463068
388 -0.982366 -1.01619 0.108952 -0.459386 0.745704 1.13757 0.672089 -0.570097
539 -1.02462 -1.06653 0.0920642 -0.489773 0.64669 1.21475 0.660935 -0.471425
200 -1.10418 -0.489531 0.0611261 -0.646374 0.171957 1.1029 0.467133 -0.357261
282 -1.33986 -1.42079 0.56299 -0.722122 -0.252568 1.22147 -0.0453593 -0.652049
297 -1.22163 -1.14194 0.147572 -0.673246 -0.0480768 1.05618 0.222488 -0.523375
990 -1.48813 -1.12497 0.255788 -0.746103 -0.111909 1.04785 0.103998 -0.48191
922 -1.18071 -1.00876 0.0541948 -0.604527 0.0938667 1.05475 0.145353 -0.581955
462 -1.24307 -1.21511 0.269566 -0.611901 -0.0448937 1.11009 0.137991 -0.618506
84 -1.5344 -1.0517 -0.562011 -1.53747 0.25313 0.962982 0.742177 -0.174642
461 -1.15357 -0.915086 -0.275942 -0.831177 0.361158 1.02521 0.573976 -0.519829
90 -1.36481 -0.901267 -0.445146 -1.22079 0.33918 1.08159 0.543885 -0.38749
780 -1.52398 -0.914414 -0.516606 -1.38681 0.122239 0.86495 0.411667 -0.308038
771 -1.17286 -1.00896 -0.116014 -0.448991 -0.0135172 1.20285 0.672928 -0.265248
88 -1.46982 -1.42042 -0.512122 -0.477714 -0.184835 1.38816 1.14473 0.220295
226 -1.26121 -0.996927 -0.144333 -0.359787 -0.082827 1.29644 0.926212 -0.12803
241 -1.09288 -1.02568 -0.170591 -0.379732 0.0269579 1.21531 0.72345 -0.378638
245 -1.43052 -1.00662 -0.16423 -0.464665 -0.0404976 1.18334 0.602027 -0.274048
956 -1.36888 -1.05777 -0.143502 -0.352617 -0.12528 1.39173 0.779809 -0.249291
231 -1.31485 -1.13168 -0.280984 -0.346893 -0.198331 1.22125 0.795099 -0.195312
8 -1.12615 -1.00775 0.322268 -0.352641 -0.134 1.50446 0.569145 -1.56028
315 -1.19292 -1.03386 0.140665 -0.321642 -0.126065 1.47102 0.662432 -1.53057
321 -1.09601 -0.868186 0.0149729 -0.386981 -0.0884586 1.33159 0.551772 -1.34511
191 -1.18192 -0.455982 -0.0853682 -0.643567 0.191335 1.4867 0.835642 -0.372659
187 -1.31874 -0.430096 0.0607625 -0.937333 0.326346 1.46157 0.780114 -0.408137
994 -1.39196 -1.0725 -0.14418 -0.610042 0.0533235 1.22403 0.537859 -0.391842
323 -1.06108 -0.73938 -0.0328769 -0.468175 -0.0894694 1.18714 0.494549 -0.923548
312 -1.28705 -0.657932 0.034395 -0.447912 -0.204654 1.41048 0.627875 -1.49705
30 -0.863395 -1.16827 0.114886 -0.256559 0.639006 1.23122 0.817752 -0.646503
19 -1.21113 -0.24466 0.0192537 -1.14494 0.48358 1.8937 1.03887 -0.487051
878 -1.20527 -0.527462 0.00747207 -0.799109 0.226996 1.27137 0.597504 -0.368706
347 -1.2572 -0.503049 0.0546824 -0.84416 0.283039 1.32682 0.655535 -0.396679
616 -1.03365 -0.543602 -0.0275052 -0.548805 0.191786 1.19341 0.616813 -0.731889
993 -1.47707 -1.08926 -0.311119 -0.705068 0.11313 1.06953 0.444982 -0.62676
668 -1.35212 -1.11331 -0.5031 -0.858492 0.0249959 0.962355 0.407648 -0.734827
785 -1.2914 -1.18129 -0.518852 -0.931695 0.0358863 0.885219 0.368569 -0.67277
674 -1.26581 -1.02127 -0.191007 -0.599374 0.0723853 1.00676 0.473057 -0.75888
513 -1.65618 -1.30735 -0.813896 -0.760791 -0.145248 0.896928 0.37108 -0.98952
522 -1.39765 -1.02627 -0.611325 -0.602621 0.0473059 0.839716 0.361189 -0.815643
381 -1.22546 -1.31424 -0.522748 -0.60806 0.0543763 0.884335 0.399262 -0.726309
437 -1.65654 -1.20399 -0.874292 -0.852393 0.113325 0.802678 0.238772 -0.753071
749 -1.89522 -0.567922 0.137565 -0.637068 0.202881 1.29708 0.151027 -0.13419
133 -2.40122 -0.588671 0.129809 -0.741621 0.31311 1.51673 0.216298 -0.0566692
751 -1.74861 -0.568989 -0.0738753 -0.845552 0.201951 1.22785 0.227037 -0.214774
151 -1.86446 -0.54773 0.123425 -0.709184 0.165359 1.16315 0.173146 -0.0432512
89 -1.29979 -1.10304 -0.531459 -1.50279 0.519504 0.959676 0.645677 -0.373676
646 -1.2467 -0.982211 -0.115482 -0.51554 -0.0826566 1.08656 0.654665 -0.257638
232 -1.15382 -1.1472 -0.177145 -0.338545 -0.0423363 1.29181 0.772299 -0.205424
640 -1.37092 -1.0921 -0.174637 -0.284982 -0.260218 1.32357 0.820542 -0.204659
641 -1.2673 -0.9815 -0.189638 -0.40261 -0.064189 1.1771 0.743944 -0.274339
933 -1.40885 -1.05255 -0.145826 -0.682502 0.0826741 1.30687 0.606232 -0.360756
770 -1.31735 -1.10912 -0.25318 -0.481827 0.0187902 1.24316 0.701748 -0.282378
970 -1.32254 -1.003 -0.0460416 -0.474813 -0.0504835 1.2816 0.580085 -0.375572
524 -1.26582 -1.35098 -0.359402 -0.734407 -0.0456228 0.72548 0.361212 -0.697552
50 -1.84293 -1.46107 -0.966903 -0.598027 -0.0413157 0.737109 0.368184 -0.808296
263 -1.3708 -0.976106 -0.284806 -0.497817 0.0934808 0.960893 0.33677 -0.471843
520 -1.49715 -1.19066 -0.508951 -0.790885 -0.04242 0.972953 0.380062 -0.574156
679 -1.49827 -1.06014 -0.382066 -0.760382 -0.00869989 1.03952 0.415912 -0.638086
921 -1.4638 -1.40218 0.298284 -0.592154 -0.228567 1.13094 0.00869673 -0.586224
743 -1.28758 -0.820839 0.0394616 -0.572237 0.0944529 1.0542 0.265593 -0.419662
362 -1.53 -0.835417 -0.197702 -0.626093 0.925426 1.14141 0.0291541 -0.64394
345 -1.29643 -0.748531 -0.18827 -0.717442 0.517407 1.23192 0.129337 -0.690287
398 -1.98163 -0.571452 0.0151646 -0.861396 0.215949 1.1148 0.0717055 -0.0325836
733 -1.11667 -1.03204 -0.0167792 -0.685457 0.38378 0.987871 0.492593 -0.405735
637 -1.08656 -1.43988 -0.0446519 -0.902183 0.645512 0.908987 0.684079 -0.518708
54 -0.883333 -1.41973 -0.0956356 -1.00173 0.730403 0.982049 0.750938 -0.512338
906 -1.03414 -1.35146 -0.194403 -0.915108 0.505424 0.973636 0.68351 -0.580758
669 -1.35322 -1.19413 -0.525369 -0.738131 -0.00932184 0.751792 0.339326 -0.615118
895 -1.19304 -0.992071 -0.154623 -1.00806 0.358286 0.980088 0.445889 -0.494826
939 -0.948388 -1.35901 0.073987 -0.462321 0.541186 1.14064 0.710339 -0.75486
380 -1.04922 -1.23512 0.193471 -0.444119 0.832031 1.3033 0.763786 -0.707456
41 -0.856862 -0.954567 0.129714 -0.458632 0.458695 1.16453 0.682658 -0.720588
387 -0.963236 -1.23466 -0.0251185 -0.336114 0.661636 1.15069 0.801376 -0.453303
965 -1.28288 -1.01074 -0.218679 -0.966685 0.155536 1.04762 0.368423 -0.552385
309 -1.34456 -0.995428 0.132123 -0.615947 -0.309156 1.5776 0.687217 -1.86314
483 -1.11088 -0.778446 -0.0174999 -0.437979 0.0734376 1.15611 0.395094 -0.833997
468 -1.18253 -0.887514 0.0455933 -0.424313 0.0841967 1.43469 0.685962 -1.63476
726 -1.25131 -1.03721 0.30216 -0.501204 -0.25977 1.52543 0.579267 -1.75117
475 -1.14514 -0.878496 0.180893 -0.483259 -0.0727771 1.20865 0.467894 -1.09875
951 -1.22753 -1.13683 0.270246 -0.68475 -0.0737604 1.02723 0.221104 -0.587667
593 -1.43266 -0.883332 -0.208533 -0.700023 0.588624 1.13306 0.194762 -0.523954
443 -1.35271 -0.914065 -0.192087 -0.664233 0.590014 1.1004 0.206447 -0.624234
445 -1.34094 -0.81224 -0.16925 -0.56936 0.805531 1.0155 0.204605 -0.602716
595 -1.26081 -0.917613 -0.194168 -0.514298 0.898219 1.27127 0.299506 -0.600839
148 -1.85672 -0.524675 0.0352773 -0.70235 0.281986 1.15015 0.189374 -0.152268
872 -1.25111 -0.849334 0.0458786 -0.486877 0.00871951 1.2313 0.459872 -0.946352
331 -1.08982 -0.801043 -0.0155835 -0.478346 -0.00437603 1.22997 0.47304 -0.959794
555 -1.23735 -0.780825 -0.00109765 -0.493844 0.107205 1.10798 0.467622 -0.677718
326 -1.0293 -0.972491 0.0252798 -0.313811 0.170394 1.19662 0.639201 -1.03039
56 -0.873241 -1.38947 -0.0324482 -0.231467 0.971097 1.26229 0.958517 -0.60492
57 -0.910645 -1.35354 0.0329479 -0.275889 0.665291 1.31658 0.783231 -0.784064
27 -1.02176 -1.02482 0.157388 -0.294999 0.781101 1.30116 0.821813 -0.676659
934 -1.12079 -0.898764 0.0135293 -0.543242 0.0827739 1.18414 0.525006 -1.00405
868 -1.17064 -1.16416 0.25922 -0.501947 -0.0799203 1.07244 0.369873 -0.582454
306 -1.05798 -1.00191 0.330821 -0.498114 -0.166756 1.02243 0.199703 -0.836113
577 -1.41579 -1.45924 0.336953 -0.72459 -0.234284 1.05148 0.017767 -0.662624
35 -0.842896 -1.07182 -0.0225875 -0.425789 0.543341 1.14665 0.754243 -0.671697
101 -1.20873 -0.951685 -0.259998 -0.926737 0.437636 1.0574 0.574052 -0.494549
70 -0.798893 -1.11583 -0.0878434 -0.30615 0.700406 1.10422 0.726807 -0.552601
6 -1.01644 -1.45693 0.048847 -0.183576 1.07042 1.6346 1.0496 -0.805385
618 -1.12378 -0.951867 0.0646885 -0.412285 0.166038 1.1969 0.624336 -0.746185
619 -0.810302 -1.03365 -0.026717 -0.303515 0.712293 1.2417 0.644015 -0.506104
565 -1.59418 -0.630944 0.136962 -0.596782 0.0518775 1.09384 0.230178 -0.299379
402 -1.95769 -0.576093 0.0874542 -0.747977 0.18835 1.22051 0.181265 -0.160385
984 -1.66589 -0.76374 -0.043844 -0.691923 0.240371 1.14967 0.26722 -0.261411
368 -1.74948 -0.706757 0.118515 -0.670964 0.359332 1.15814 0.289073 -0.235759
255 -1.14458 -1.06913 0.288176 -0.446568 -0.122567 1.05738 0.0152885 -0.488542
406 -1.75432 -0.570496 0.0558605 -0.603904 0.206842 1.10329 0.172065 -0.16003
250 -1.94114 -0.462938 0.171261 -0.392146 0.226109 1.26084 0.215263 -0.353245
73 -0.742946 -1.02864 0.0114724 -0.336179 0.635807 1.08852 0.769922 -0.717565
864 -1.2104 -0.710242 0.0768943 -0.720056 0.138322 1.19186 0.397422 -0.388867
415 -1.27216 -1.456 0.574292 -0.671984 -0.213194 1.16973 -0.0547471 -0.801813
761 -1.27147 -0.837094 -0.0957268 -0.557562 0.364921 1.0848 0.160743 -0.563755
391 -0.813771 -0.966037 -0.0614944 -0.446238 0.505077 0.996555 0.568229 -0.520005
49 -0.869954 -1.06532 0.195204 -0.357285 0.468989 1.07988 0.461828 -0.602345
61 -1.20713 -0.99022 -0.192014 -0.885244 0.445052 0.970767 0.443342 -0.543345
98 -1.20896 -0.914502 -0.293046 -1.09933 0.221685 0.945757 0.454006 -0.438352
583 -1.26519 -0.885681 -0.280734 -1.29758 0.317031 0.990625 0.430244 -0.361828
789 -1.48428 -0.909284 -0.456949 -1.661 0.446447 1.06918 0.499167 -0.544813
244 -1.29059 -0.962268 -0.220041 -0.57231 0.297571 1.08648 0.401038 -0.437109
439 -1.39186 -0.915918 -0.350594 -0.564813 0.970614 1.13197 0.0695908 -0.701657
564 -1.45795 -0.834187 -0.272441 -0.487394 0.658454 1.10732 0.173901 -0.494596
823 -1.12816 -0.736198 0.034716 -0.447551 0.161969 1.16949 0.383243 -0.684474
92 -1.26467 -0.916718 -0.412653 -1.10439 0.213538 0.905079 0.577474 -0.333366
744 -1.72087 -0.557197 0.00998277 -0.588877 0.158319 1.15687 0.185954 -0.206438
613 -1.33348 -0.963687 -0.0338875 -0.508638 -0.0130027 1.34304 0.603561 -0.998675
608 -1.21382 -0.777726 -0.230834 -0.671535 0.510193 1.08212 0.162943 -0.465194
787 -1.33068 -0.816181 -0.329063 -1.10447 0.257546 1.12029 0.598606 -0.451156
480 -1.26996 -0.705612 0.0713894 -0.50086 0.0228077 1.20024 0.416067 -0.86066
482 -1.01103 -0.847682 0.130781 -0.319825 -0.0895041 1.14959 0.519312 -1.06986
324 -1.29527 -0.647199 0.0652283 -0.360519 -0.16053 1.25666 0.45091 -0.993031
629 -1.19167 -0.87352 -0.289565 -0.527169 0.633246 1.18229 0.274414 -0.568309
454 -1.17003 -0.669553 -0.164941 -0.555642 0.514413 0.890077 0.159862 -0.515773
185 -1.30184 -0.425963 -0.0128606 -0.809905 0.426219 1.25609 0.50572 -0.404162
180 -1.32343 -0.648573 -0.153501 -0.960246 0.396385 1.41536 0.617935 -0.492526
509 -1.16391 -0.958947 0.151845 -0.598749 0.037764 1.10489 0.297665 -0.565259
287 -1.34993 -1.41569 0.45775 -0.670324 -0.1977 1.06914 -0.0653216 -0.689301
507 -1.3519 -1.24365 0.425993 -0.676563 -0.275306 1.03726 -0.00655998 -0.678443
686 -1.34739 -0.759284 -0.217556 -1.09974 0.28496 1.08619 0.496343 -0.525469
924 -1.39751 -0.917515 -0.456383 -1.25474 0.319068 1.00689 0.46259 -0.425175
597 -1.25493 -0.937964 -0.180446 -0.670542 0.662715 1.12113 0.196806 -0.645659
880 -1.00836 -1.09943 -0.0192023 -0.54674 0.278215 1.05857 0.729181 -0.677477
60 -0.797242 -1.30201 -0.00544663 -0.299435 0.670892 1.24098 0.764455 -0.77069
879 -1.3629 -0.962448 -0.235721 -0.336168 -0.00663805 1.33026 0.81698 -0.183689
340 -1.16579 -0.29724 0.213058 -0.876927 0.367368 1.84117 0.897506 -0.742297
552 -1.18081 -0.840732 -0.0134924 -0.339082 -0.154941 1.37547 0.622387 -1.47528
212 -1.40474 -0.740606 0.0140017 -0.275189 -0.132333 1.47032 0.628061 -1.19951
471 -1.15721 -0.848441 0.0992353 -0.267732 -0.145886 1.34159 0.557342 -1.21786
474 -1.11834 -0.971068 -0.0136838 -0.500195 -0.0297626 1.26699 0.553009 -1.08604
361 -1.99349 -0.571084 0.169572 -0.683662 0.0869264 1.35592 0.105541 -0.179333
481 -1.06836 -0.694056 -0.0267375 -0.453989 -0.0279174 1.29945 0.60598 -1.06334
328 -1.08332 -0.837644 0.113562 -0.325615 0.0432 1.21014 0.434904 -1.19148
884 -1.38954 -0.889538 -0.234162 -0.549273 -0.00866223 1.10568 0.442603 -0.794016
408 -1.61137 -0.712156 -0.0397957 -0.682811 0.20266 1.15429 0.223688 -0.201861
399 -1.78582 -0.551466 0.0977377 -0.638544 0.165805 1.14057 0.24052 -0.245591
202 -1.20805 -0.68374 -0.0953607 -0.758078 0.261298 1.25978 0.631933 -0.432017
169 -1.35588 -0.0952214 0.109187 -1.29993 0.534927 1.90146 1.06985 -0.37322
659 -1.48964 -0.745702 0.118977 -0.62135 0.121295 1.01057 0.25981 -0.260876
106 -1.56855 -0.64471 -0.118557 -0.877808 0.209715 1.03285 0.252965 -0.182633
11 -1.29294 -1.04742 0.20453 -0.387833 -0.100336 1.61237 0.841355 -1.79405
239 -1.30616 -0.969895 -0.160157 -0.502498 0.0323755 1.16012 0.670373 -0.271191
243 -1.17087 -0.878472 -0.175699 -0.509656 0.43708 1.05787 0.262157 -0.429837
441 -1.29532 -0.849828 -0.358983 -0.597765 0.797537 1.10325 0.239918 -0.682317
353 -1.14913 -0.614055 -0.0940288 -0.672796 0.367471 1.297 0.580963 -0.36174
973 -1.36548 -1.18979 -0.226734 -0.625049 0.00413298 0.996055 0.399623 -0.558889
427 -1.28406 -1.16633 -0.379669 -0.69437 -0.0868005 0.907858 0.34129 -0.645068
535 -1.24795 -1.03348 -0.242915 -0.680469 0.214596 1.05017 0.435302 -0.554917
820 -1.45082 -0.777221 -0.0912702 -0.698414 0.167337 1.11138 0.275449 -0.385465
754 -1.43346 -1.25923 -0.282059 -0.669469 0.0306818 1.01175 0.319055 -0.73642
760 -1.20238 -0.987377 -0.480926 -0.739528 0.061604 0.852609 0.273258 -0.610373
666 -1.45697 -1.29493 -0.634112 -0.853273 0.00380458 0.835914 0.33495 -0.787089
492 -1.48179 -0.920815 -0.256849 -0.72273 0.158286 1.06684 0.39064 -0.501669
846 -1.12926 -1.31899 -0.057486 -0.708545 0.342478 1.12307 0.813217 -0.470969
707 -0.967436 -1.58916 0.079661 -0.979453 0.646392 0.937596 0.783178 -0.625913
530 -1.29761 -1.13595 -0.471424 -0.601263 0.0248737 0.844481 0.501218 -0.644672
620 -0.948813 -1.19307 -0.119044 -0.421616 0.808908 1.14928 0.559419 -0.784808
557 -0.981259 -0.834638 0.102193 -0.293956 -0.0886124 1.21984 0.57873 -1.31217
204 -1.17947 -0.548666 -0.0152607 -0.817145 0.221251 1.24499 0.643392 -0.443142
860 -1.19087 -0.606385 -0.0935034 -0.786123 0.299558 1.33994 0.670731 -0.394695
692 -1.16715 -0.542567 -0.0761337 -0.67952 0.175377 1.33722 0.618974 -0.399237
914 -1.36277 -1.09673 -0.100158 -0.217202 -0.0783854 1.34047 0.781952 -0.129056
121 -1.14976 -0.949197 -0.250306 -0.913437 0.346814 0.864398 0.518534 -0.405381
689 -1.1427 -0.426772 0.0887969 -0.857789 0.329031 1.34801 0.588741 -0.346883
547 -1.03051 -1.36064 -0.0459583 -0.856204 0.629735 1.04397 0.729872 -0.582968
784 -1.26948 -0.966725 -0.151447 -1.04522 0.286639 0.978194 0.351348 -0.354142
479 -1.01828 -0.826535 0.0179085 -0.297317 -0.12715 1.21798 0.639157 -1.18769
797 -1.0636 -0.762669 -0.314169 -0.656593 0.0974268 0.914452 0.548107 -0.287549
813 -1.35529 -1.21055 -0.163522 -0.433759 -0.10149 1.26525 0.771066 -0.129143
734 -1.21119 -1.25937 -0.0539334 -0.722878 0.357898 1.08521 0.48633 -0.601841
322 -1.16657 -0.991018 0.0571299 -0.535116 0.028916 1.3458 0.65471 -1.23253
521 -1.98136 -0.605263 -0.0630086 -0.710897 0.176204 1.15783 0.138213 -0.154087
816 -1.08781 -1.00742 -0.13635 -0.332975 0.0263584 1.11978 0.646895 -0.32463
967 -1.45709 -1.04814 -0.106896 -0.688023 0.338282 1.2266 0.410285 -0.568581
508 -1.24592 -0.956184 -0.0426505 -0.609195 0.358921 1.06716 0.26544 -0.588914
832 -1.26292 -1.2413 -0.0458921 -0.739299 0.247129 1.19848 0.561376 -0.54475
828 -1.09949 -1.28378 0.11076 -0.796786 0.250291 0.944307 0.460883 -0.512606
14 -0.944072 -1.31243 -0.055974 -0.320511 0.92337 1.40506 1.0887 -0.70786
115 -1.22844 -0.909673 -0.252039 -1.17514 0.274989 0.780752 0.428733 -0.408919
117 -1.37058 -0.852238 -0.265296 -1.07004 0.215172 0.949713 0.417575 -0.360688
930 -1.43518 -0.860695 -0.337262 -1.13273 0.115101 0.980427 0.388328 -0.456636
545 -1.25647 -0.986018 -0.293888 -1.35225 0.363074 1.01867 0.606407 -0.453094
248 -2.08075 -0.558089 0.124832 -0.553525 0.117434 1.44234 0.0241261 -0.118223
281 -1.29284 -0.979104 -0.146197 -1.24532 -0.0294028 0.89485 0.286489 -0.742534
842 -1.15214 -1.00678 -0.306254 -1.1073 0.31974 0.987265 0.518573 -0.501851
725 -1.1339 -1.06758 -0.104124 -1.07586 0.415425 1.0633 0.439489 -0.495383
663 -1.72105 -1.50152 -0.834395 -0.837478 -0.289982 0.744259 0.347966 -0.968678
517 -1.53526 -1.30538 -0.686067 -0.697274 -0.257328 0.811393 0.437689 -1.01167
755 -1.38199 -1.08544 -0.338423 -0.698229 0.0967061 0.947464 0.369992 -0.557044
955 -1.41955 -1.01703 -0.299856 -0.706179 0.0802242 1.05392 0.413277 -0.645506
97 -1.30001 -0.772088 -0.349299 -1.28448 0.250795 0.874604 0.452156 -0.362884
603 -1.35998 -0.986927 -0.194651 -0.658436 0.43146 1.28378 0.325674 -0.636383
602 -1.43754 -0.969886 -0.215615 -0.602211 0.543688 1.11527 0.337929 -0.553748
916 -1.14563 -0.94551 -0.113142 -0.630099 0.461445 1.05986 0.456216 -0.620106
626 -1.38743 -0.758524 -0.333332 -0.646814 0.767438 1.32459 0.0696424 -0.944074
47 -0.875818 -1.02648 -0.0322944 -0.516764 0.562131 1.04028 0.715665 -0.535935
502 -1.28052 -1.19224 0.170099 -0.67413 -0.171973 1.03634 0.112547 -0.637152
418 -1.29015 -1.37214 0.377806 -0.600395 -0.314762 1.09746 0.1159 -0.662685
279 -1.37773 -1.42191 0.466921 -0.771729 -0.471222 1.21688 0.102075 -0.598974
416 -1.36818 -1.23072 0.370776 -0.591031 -0.23132 1.113 0.0816025 -0.763882
979 -1.20957 -1.1672 0.0680142 -0.649457 0.164121 1.12173 0.359759 -0.54377
664 -1.35789 -1.07019 -0.533027 -0.639131 -0.0307481 0.897182 0.499198 -0.911969
467 -1.18985 -0.924478 0.00676435 -0.655423 -0.146781 1.37916 0.776957 -1.7641
710 -1.04558 -1.25085 -0.122723 -0.965858 0.397217 1.06427 0.710757 -0.667206
729 -0.975808 -1.34995 0.0159531 -0.795107 0.512309 1.03178 0.687728 -0.579972
943 -0.984359 -1.01849 -0.0384683 -0.654489 0.449924 1.03894 0.600128 -0.519013
972 -1.17247 -0.745115 0.0658501 -0.689621 0.241202 1.22373 0.509257 -0.682483
849 -1.1147 -0.837379 0.12245 -0.387388 -0.0403152 1.37383 0.620918 -1.14086
700 -1.17499 -0.459817 0.0124483 -0.860161 0.263387 1.3614 0.655883 -0.441679
690 -1.10344 -0.646695 0.00959785 -0.743229 0.354618 1.25949 0.65119 -0.494225
681 -1.47188 -0.199075 0.182136 -1.10862 0.324131 1.85735 0.848573 -0.520143
680 -1.39227 -0.288392 0.123179 -0.950505 0.388806 1.72549 0.819421 -0.257179
197 -1.34207 -0.331609 0.0467789 -0.885026 0.385907 1.35391 0.675755 -0.270694
859 -1.32211 -0.317389 -0.0104101 -1.18195 0.28439 1.60957 0.735059 -0.537697
807 -1.22789 -0.501531 -0.0475373 -0.928418 0.217632 1.1853 0.576624 -0.443309
998 -1.44197 -0.885122 -0.00101055 -0.83949 0.303227 1.35318 0.578336 -0.527337
703 -1.45418 -0.700057 0.0509975 -0.855083 0.324208 1.43808 0.555941 -0.481378
45 -0.85557 -0.92617 0.0865111 -0.419224 0.495046 1.14176 0.652665 -0.576296
385 -1.13388 -0.895509 0.043 -0.452798 0.597279 1.12969 0.597124 -0.459162
470 -1.06981 -0.869887 0.106006 -0.398183 -0.0962647 1.29653 0.549185 -1.29007
898 -1.02082 -0.915709 0.0953898 -0.36234 0.0589809 1.2024 0.610026 -1.02965
653 -1.23025 -0.918467 -0.238511 -0.71691 0.491284 1.08274 0.14929 -0.592723
452 -1.31297 -1.02838 -0.0796435 -0.610554 0.435058 1.12832 0.275689 -0.599178
449 -1.17312 -0.894251 -0.202042 -0.53378 0.593348 1.10029 0.388 -0.567436
220 -1.3106 -1.33791 -0.46531 -0.479947 0.0166907 1.11482 0.687036 -0.582237
682 -1.22888 -0.381171 0.0987494 -1.07996 0.383513 1.61269 0.737969 -0.380826
527 -1.49366 -1.22321 -0.38311 -0.714282 0.0832805 1.07696 0.479005 -0.500676
992 -1.31861 -1.15056 -0.203004 -0.672302 0.206994 1.08853 0.520969 -0.700112
671 -1.40589 -1.2504 -0.564139 -0.778324 -0.0402244 0.872756 0.395325 -0.793067
493 -1.74097 -0.573293 -0.0880497 -0.606947 0.150963 1.11028 0.187325 -0.296626
495 -1.63057 -0.575408 0.0346328 -0.698104 0.224201 1.18614 0.284074 -0.230603
511 -1.08693 -1.09666 -0.155641 -0.61715 -0.0754493 0.824184 0.236522 -0.630096
885 -1.29229 -1.0123 -0.471524 -0.555767 -0.0651924 0.930826 0.500735 -0.376159
635 -1.51637 -1.38421 -0.497603 -0.276899 -0.373275 1.47537 0.996433 0.140279
337 -1.00371 -0.78193 0.00143738 -0.518434 0.0258945 1.11369 0.507682 -0.856363
649 -1.22749 -1.07287 -0.135077 -0.308176 -0.145993 1.1727 0.742801 -0.266145
289 -1.1835 -1.33903 0.362772 -0.70151 -0.347112 1.06623 -0.0509209 -0.630035
400 -1.4577 -0.889658 -0.377594 -1.1951 0.373617 0.977789 0.420857 -0.275838
450 -1.27381 -1.02489 -0.135994 -0.597703 0.683382 1.15539 0.356868 -0.708757
442 -1.36955 -0.907934 -0.323829 -0.729672 0.707005 1.18315 0.0684895 -0.714723
216 -1.39416 -1.27462 -0.290599 -0.21187 -0.403694 1.53708 0.891171 -0.1644
395 -1.71853 -1.01646 -0.0605918 -0.338771 -0.122678 1.51417 0.753347 -0.0221567
230 -1.2665 -1.22292 -0.234441 -0.224665 -0.0579464 1.34997 0.740426 -0.0926716
505 -1.33111 -0.991585 -0.0218283 -0.35854 -0.109257 1.17991 0.563418 -0.282111
358 -1.28669 -0.456311 -0.016923 -0.929131 0.34319 1.28286 0.682437 -0.501208
350 -1.17934 -0.613461 0.0253491 -0.740747 0.3452 1.39223 0.627425 -0.418563
932 -1.40064 -1.12521 -0.217433 -0.372551 -0.0371885 1.32645 0.783519 -0.173291
683 -1.34361 -0.650367 -0.110205 -0.793092 0.337167 1.48223 0.849686 -0.259727
184 -1.17714 -0.506632 -0.036852 -0.816486 0.393198 1.34 0.752234 -0.344862
622 -0.926437 -1.08703 -0.0308582 -0.378027 0.598943 1.13965 0.564641 -0.540121
634 -1.17093 -0.843814 -0.117883 -0.592833 0.565393 1.0641 0.327065 -0.673547
745 -1.09026 -0.89764 0.16192 -0.405065 -0.0632173 1.21048 0.442219 -0.978988
285 -1.42331 -1.36165 0.459069 -0.726409 -0.310711 1.05062 -0.0412172 -0.686482
139 -2.00519 -0.4518 0.169425 -0.57622 0.00799743 1.32458 0.0979447 -0.487834
407 -1.71166 -0.654306 -0.0615965 -0.477158 0.0481133 1.19007 0.338823 -0.0289005
363 -1.97154 -0.575332 0.0624085 -0.64636 0.185009 1.31989 0.333695 -0.0325606
981 -1.51652 -0.643562 0.0322544 -0.626358 0.0238263 1.05398 0.349144 -0.226766
691 -1.12385 -1.00489 0.0527299 -0.820754 0.378266 1.10773 0.523195 -0.484938
845 -1.16558 -1.47468 0.0579563 -0.938317 0.441608 1.04193 0.655409 -0.592464
727 -1.08881 -1.68283 0.0249841 -1.07541 0.815724 0.929425 0.827988 -0.553988
765 -1.21383 -0.849824 -0.33972 -1.13682 0.317977 0.954519 0.603199 -0.542821
116 -1.35062 -0.709226 -0.189298 -1.0142 0.235322 0.74724 0.274515 -0.275911
791 -1.34989 -0.878115 -0.298683 -0.998795 0.223672 1.03342 0.400384 -0.349413
194 -1.08719 -0.457478 0.126076 -0.81436 0.0938475 1.1713 0.454414 -0.373682
176 -1.31888 -0.286939 0.0522169 -1.04702 0.358082 1.70378 0.88262 -0.237676
961 -1.20869 -0.578706 0.0750644 -0.917397 0.258203 1.41457 0.603062 -0.4605
909 -1.29902 -0.323502 0.0610903 -1.10042 0.514862 1.71018 0.813485 -0.336654
907 -1.11787 -1.32797 -0.0558078 -0.793811 0.549256 0.994349 0.531696 -0.613664
719 -1.05517 -1.30361 -0.0987499 -0.781038 0.612321 0.927958 0.54362 -0.630249
651 -0.915066 -1.49418 0.0725448 -1.00534 0.669472 0.868866 0.424705 -0.627951
516 -1.15417 -1.71878 -0.153385 -0.995047 0.605993 0.840462 0.615169 -0.520579
33 -0.9706 -1.33092 0.0702318 -0.782315 0.620461 1.14975 0.749658 -0.711055
944 -1.23469 -1.28511 0.045265 -0.861416 0.379731 1.14864 0.618304 -0.651059
342 -1.20075 -0.627257 -0.0262339 -0.838834 0.377527 1.56545 0.736993 -0.576399
344 -1.20717 -0.447206 -0.0909816 -1.03017 0.402757 1.52835 0.785949 -0.433583
748 -1.00813 -1.08763 -0.0482155 -0.495518 0.545327 1.13396 0.731792 -0.505168
65 -0.941283 -1.1707 -0.1041 -0.391603 0.690078 1.09634 0.776313 -0.553098
940 -1.06438 -1.03621 0.0316114 -0.526762 0.404837 1.07375 0.533872 -0.584294
611 -1.25127 -0.894168 -0.028865 -0.469227 0.0862883 1.42819 0.608143 -1.07888
584 -1.23556 -0.853703 -0.394325 -1.08694 0.137788 0.948298 0.541395 -0.388227
105 -1.16629 -0.922119 -0.386501 -1.06379 0.387552 0.830659 0.570449 -0.34742
610 -1.14218 -0.955202 0.109774 -0.529235 -0.0401978 1.43616 0.653384 -1.49903
889 -1.2393 -1.3096 0.38338 -0.631027 -0.149529 1.02718 0.185368 -0.728036
890 -1.20973 -0.923338 0.056655 -0.491606 -0.0502422 1.14545 0.425007 -0.937639
485 -1.03532 -0.818079 0.0287748 -0.446232 0.0350087 1.22865 0.540725 -0.990787
875 -1.2109 -0.549187 -0.0334954 -0.837235 0.285911 1.33701 0.55547 -0.544509
113 -1.20787 -0.882327 -0.265906 -0.937012 0.301062 0.919754 0.553818 -0.422052
120 -1.13718 -0.802251 -0.361605 -0.823332 0.485719 0.89521 0.222951 -0.486889
877 -1.18374 -0.859264 -0.0222293 -0.474709 -0.0255011 1.18199 0.588885 -0.40555
867 -1.25869 -1.10774 -0.0965652 -0.289026 0.0830971 1.26194 0.80546 -0.282689
219 -1.38023 -1.26537 -0.411241 -0.223655 -0.383625 1.34874 1.02053 -0.111455
799 -1.30434 -1.11881 -0.24377 -0.368426 -0.140286 1.25376 0.831946 -0.20865
768 -1.15811 -1.14715 -0.118773 -0.33283 -0.00518869 1.15396 0.762505 -0.268188
897 -1.29225 -1.25687 0.432486 -0.62718 -0.328588 1.28013 0.0503504 -0.862385
457 -1.32663 -0.827174 -0.284835 -0.926847 0.309829 0.944299 0.337892 -0.469607
40 -0.872581 -1.01624 -0.0254176 -0.426295 0.664045 1.08908 0.70989 -0.490768
22 -0.863613 -1.36298 0.203414 -0.423647 0.725532 1.36075 0.785967 -0.776585
519 -1.54638 -1.39365 -0.795275 -0.690241 -0.122961 0.890921 0.490738 -0.575308
786 -1.15185 -0.907233 -0.319819 -1.14038 0.254575 0.823501 0.3672 -0.443023
887 -1.35788 -1.36039 0.326286 -0.781673 -0.24819 1.13265 0.0482761 -0.741314
414 -1.42629 -1.40153 0.42249 -0.683193 -0.273628 1.10019 -0.0813951 -0.612206
242 -1.19419 -1.12693 -0.207163 -0.263228 0.0294756 1.29785 0.822799 -0.193779
393 -0.945726 -1.16235 -0.0238356 -0.377771 0.433799 1.11195 0.646326 -0.486048
26 -0.826952 -1.37119 0.316766 -0.381213 0.495102 1.23169 0.533407 -0.688605
673 -1.41982 -1.09258 -0.258599 -0.987579 0.208318 1.10028 0.606806 -0.567046
590 -1.27533 -0.86085 -0.201915 -1.00804 0.301512 0.997329 0.388607 -0.456648
836 -1.25771 -0.898062 -0.195498 -0.905747 0.144836 0.904811 0.40763 -0.394068
192 -1.32962 -0.814791 -0.214536 -1.03939 0.269333 1.07484 0.533454 -0.434495
401 -1.24423 -0.805118 -0.274356 -1.09842 0.164927 0.920399 0.390212 -0.408038
87 -1.58082 -0.924047 -0.451535 -1.56319 0.319197 0.825908 0.47723 -0.459981
140 -1.99545 -0.577252 -0.0043039 -0.54092 0.207734 1.26666 0.239535 -0.107999
829 -1.32368 -0.994113 -0.0903708 -0.997268 0.270968 1.03051 0.381782 -0.445458
834 -1.32792 -0.895613 -0.306868 -1.20047 0.275102 0.86775 0.443735 -0.566488
841 -1.43315 -0.935773 -0.279249 -1.27181 0.265689 1.10343 0.445917 -0.682476
806 -1.21963 -0.908977 -0.253418 -0.900177 0.219896 0.978463 0.376943 -0.45962
796 -1.20258 -0.855168 -0.339472 -1.04121 0.225025 0.916181 0.519435 -0.414346
304 -1.1667 -1.30892 0.399538 -0.586111 -0.222741 0.977264 0.0077693 -0.681828
301 -1.32221 -1.32079 0.314756 -0.59664 -0.156766 1.07049 0.0170534 -0.671002
307 -1.14637 -0.734182 0.125928 -0.870523 0.0195936 1.16825 0.431666 -0.487262
606 -1.16419 -0.726935 -0.188379 -0.556523 0.60551 1.04894 0.260733 -0.480822
506 -1.21281 -1.05328 0.110313 -0.53826 -0.176564 1.06648 0.367071 -0.488571
236 -1.09009 -1.01628 -0.163373 -0.178146 -0.282257 1.20956 0.853729 -0.349996
294 -1.27008 -1.42413 0.333534 -0.661335 -0.273993 1.04048 0.0161846 -0.724815
428 -1.22149 -1.12773 0.226122 -0.597699 -0.132227 1.10556 0.212244 -0.619954
290 -1.27251 -1.49246 0.35461 -0.508348 -0.378394 1.21918 0.0839974 -0.537834
969 -1.34331 -1.02048 -0.14319 -0.437624 0.0447593 1.23947 0.69483 -0.192281
615 -0.968003 -1.21627 -0.0168305 -0.829532 0.443162 0.938482 0.587012 -0.665186
667 -1.00539 -1.4877 -0.217694 -0.840528 0.532943 0.84863 0.709815 -0.707926
166 -1.45064 -0.700016 -0.0324022 -0.779281 0.122419 1.0392 0.271848 -0.396305
257 -1.64847 -0.709177 0.0998314 -0.715525 0.075977 1.22422 0.142239 -0.247456
108 -1.29506 -1.09601 -0.272512 -1.0896 0.364833 0.963057 0.585746 -0.501112
633 -1.29896 -0.788674 -0.45698 -0.686731 0.444715 0.909533 0.217337 -0.677552
600 -1.33722 -0.801895 -0.36083 -0.689746 0.6098 1.07648 0.246106 -0.55358
422 -1.32514 -1.20931 0.232295 -0.649244 -0.196765 1.08932 0.164477 -0.788211
497 -1.3513 -1.5218 0.550617 -0.690158 -0.288545 1.16953 -0.158883 -0.664572
855 -1.09786 -1.04426 -0.0392933 -0.480975 0.449338 1.12703 0.696675 -0.591426
538 -1.01275 -1.05431 0.0251303 -0.400156 0.747814 1.16233 0.712988 -0.508244
55 -1.25641 -1.1218 0.104861 -0.211149 0.919712 1.25289 0.770568 -0.459265
810 -0.981909 -1.09491 0.0682082 -0.414515 0.560135 1.13096 0.725204 -0.549499
561 -1.89458 -0.72907 0.160529 -0.706425 -0.0939601 1.17367 0.0398203 -0.229626
448 -1.36009 -0.785922 -0.305821 -0.622667 0.665165 1.09615 0.182282 -0.595306
259 -1.6685 -0.634747 0.0566058 -0.607221 0.21531 1.19557 0.275086 -0.266204
366 -1.91363 -0.612902 0.024315 -0.620638 0.182758 1.20092 0.239572 -0.124973
645 -1.33783 -1.11277 -0.0952563 -0.493411 0.13608 1.26448 0.74217 -0.480904
360 -1.24029 -0.564553 -0.00460688 -0.767957 0.156965 1.29188 0.526226 -0.568175
352 -1.06122 -0.476279 -0.115469 -0.954971 0.363563 1.38751 0.726576 -0.372858
341 -1.26134 -0.391018 -0.162436 -1.07329 0.424104 1.60646 0.769972 -0.512691
900 -1.42626 -1.01151 -0.242396 -0.480706 -0.0106395 1.33187 0.730838 -0.267157
912 -1.35925 -0.8482 -0.143583 -0.39923 -0.146664 1.52232 0.851106 -0.192498
124 -1.28839 -0.857801 -0.23314 -0.921197 0.36094 0.969313 0.403665 -0.400722
652 -0.955311 -1.3109 -0.0273624 -0.88046 0.622931 0.984676 0.580701 -0.563451
830 -1.17446 -0.95789 -0.0959546 -0.71353 0.314563 1.13707 0.550332 -0.474914
518 -0.970008 -1.47155 -0.0238911 -0.990516 0.598912 0.801059 0.585181 -0.66763
174 -1.05336 -1.38213 0.0522415 -0.938367 0.825313 1.10038 0.821697 -0.54315
643 -1.01392 -1.15817 -0.00331821 -0.572169 0.311583 0.91156 0.651082 -0.442197
918 -1.23583 -0.954671 -0.293466 -0.612416 -0.0206632 0.85139 0.487625 -0.758083
778 -1.06289 -0.747003 0.115566 -0.339833 -0.13951 1.23302 0.500758 -1.11761
833 -1.30627 -1.08854 0.00335578 -0.661697 0.336528 0.942019 0.426257 -0.439527
959 -1.29099 -1.21802 -0.0395923 -0.828423 0.33731 1.18953 0.594745 -0.585493
300 -1.33124 -1.39021 0.259187 -0.705175 -0.196817 1.10417 0.088578 -0.728767
824 -1.04375 -0.850635 0.0628776 -0.403627 -0.239471 1.0232 0.457166 -1.03125
701 -1.10399 -0.617954 0.0664112 -0.781679 0.421719 1.28293 0.649329 -0.395924
409 -1.49132 -0.861937 -0.298133 -0.629469 0.0860146 0.887232 0.273604 -0.445633
525 -1.35411 -1.15828 -0.363644 -0.67238 0.138444 0.864574 0.2905 -0.593961
389 -0.943773 -0.945305 0.0860448 -0.406527 0.121716 1.19343 0.640433 -1.16379
472 -1.02106 -0.918633 0.0302569 -0.378909 -0.0517299 1.28364 0.635873 -1.34766
549 -0.978348 -1.02495 -0.0499625 -0.626944 0.370916 1.07584 0.647635 -0.606591
580 -1.26218 -0.828619 -0.142627 -1.00259 0.330764 1.05203 0.582561 -0.362927
687 -1.26749 -0.726262 -0.0235434 -0.687733 0.413266 1.31014 0.602334 -0.472574
102 -1.30703 -0.919512 -0.395225 -1.42335 0.284261 0.731081 0.38723 -0.298688
790 -1.41481 -0.922223 -0.438972 -1.37784 0.213042 0.875118 0.389794 -0.333149
95 -1.31147 -0.890729 -0.437808 -1.37296 0.117868 0.664461 0.419975 -0.370073
556 -1.15502 -0.725467 -0.0696962 -0.659203 0.199711 1.27871 0.597217 -0.604805
329 -1.16824 -0.754053 0.124589 -0.374776 -0.0330677 1.31982 0.509444 -1.05593
802 -1.39329 -1.18586 -0.13768 -0.412426 -0.0501989 1.39003 0.684564 -0.31338
957 -1.16959 -0.65846 -0.0589116 -0.846734 0.23092 1.1539 0.471438 -0.438466
763 -1.21033 -0.835874 -0.126 -0.433384 0.752981 1.06592 0.476352 -0.593732
444 -1.34038 -0.950378 -0.219632 -0.613578 0.539169 0.91925 -0.0973069 -0.731496
455 -1.23856 -0.739883 -0.290153 -0.535719 0.54165 0.993293 0.252977 -0.607984
840 -1.34747 -0.980033 -0.159965 -0.684936 0.18721 1.12028 0.522358 -0.573994
76 -0.98451 -1.17186 -0.0384093 -0.351754 0.667838 1.20298 0.788245 -0.556196
999 -1.31877 -1.14413 -0.0417022 -0.746741 0.287908 1.32072 0.626587 -0.86655
494 -1.29385 -1.07979 0.107675 -0.61328 -0.0573853 1.08059 0.217171 -0.476822
975 -1.32561 -0.95198 -0.387103 -1.1121 0.391461 1.06286 0.473946 -0.488703
991 -1.47476 -0.679983 0.103717 -0.625785 0.0492523 1.04666 0.270896 -0.314878
356 -1.47962 -0.780434 -0.0901867 -0.832107 0.318248 1.49896 0.713791 -0.473774
876 -1.46128 -0.607359 -0.0236001 -0.808834 0.268955 1.40737 0.600378 -0.359319
64 -1.23168 -1.28295 -0.486683 -0.64215 0.0716137 0.852824 0.49277 -0.638119
704 -1.23491 -0.640049 -0.0644458 -0.759012 0.248182 1.30774 0.694269 -0.384675
562 -1.32527 -0.843979 -0.259172 -1.19835 0.272207 0.995356 0.437216 -0.428556
62 -0.913941 -1.19237 -0.0331807 -0.544093 0.635515 1.30183 0.849809 -0.63575
501 -1.20318 -1.04037 -0.159655 -0.630293 -0.0202759 0.880988 0.317546 -0.595961
925 -1.22087 -0.950304 -0.0871056 -0.551361 0.511514 1.06973 0.378108 -0.542836
67 -1.45193 -0.632123 0.0681949 -0.41079 0.262794 1.13335 0.304512 -0.188226
390 -0.811034 -1.09349 -0.0411575 -0.405251 0.968969 1.21077 0.694334 -0.629412
295 -1.13126 -0.719253 0.290742 -0.835506 0.121882 1.25283 0.277729 -0.413673
503 -1.21226 -1.11796 0.141652 -0.56543 -0.080023 1.0178 0.188777 -0.581232
179 -1.25774 -0.813979 -0.345397 -0.598487 0.934377 1.14977 0.140618 -0.731088
456 -1.19335 -0.860681 -0.202917 -0.515265 0.338485 1.07777 0.284714 -0.753596
722 -0.91913 -1.1155 0.045848 -0.628817 0.187119 0.814306 0.352454 -0.429079
735 -0.987054 -1.29291 -0.0681747 -0.736484 0.268584 1.02259 0.707134 -0.409544
717 -1.05443 -1.22978 -0.0625721 -0.736546 0.376887 0.975812 0.738119 -0.497137
738 -1.01545 -0.838349 0.066724 -0.559121 0.228914 0.968895 0.471289 -0.708554
976 -1.37498 -0.777954 0.00959495 -0.481591 -0.072695 1.30883 0.577573 -0.964653
821 -1.19306 -0.695394 0.099812 -0.457877 -0.0337104 1.27804 0.626034 -1.05756
142 -1.93763 -0.498388 0.0256142 -0.688301 0.291563 1.13258 0.245621 -0.0755052
737 -1.03408 -1.16027 -0.107509 -0.683674 0.366743 0.89777 0.526173 -0.550419
605 -1.31941 -1.05837 -0.300438 -0.620276 0.184176 1.03267 0.380507 -0.592901
369 -1.56744 -1.00463 -0.645632 -0.584805 -0.120971 0.819071 0.363356 -0.896723
781 -1.24434 -1.04601 -0.274631 -1.23788 0.381151 1.05959 0.509358 -0.388397
839 -1.37407 -0.992304 -0.249439 -0.945288 0.1873 0.888859 0.21574 -0.505431
531 -1.13093 -0.900838 -0.263394 -0.438363 0.201009 0.942429 0.389941 -0.606249
883 -1.3001 -1.00381 -0.425607 -0.725057 -0.061154 0.861764 0.415446 -0.60853
332 -1.00058 -0.91541 0.0477028 -0.416821 -0.0664136 1.27278 0.655952 -1.28772
614 -1.05891 -0.889899 -0.101482 -0.439334 0.0582192 1.25177 0.536433 -1.1613
621 -1.05226 -1.10025 -0.0884827 -0.417785 0.550175 1.14332 0.667955 -0.589895
58 -0.902778 -1.16255 0.0443154 -0.249608 0.618555 1.4333 0.887363 -0.607498
488 -1.76507 -0.544392 0.0280823 -0.878216 0.313903 1.20735 0.369469 -0.101646
163 -1.54693 -0.534883 -0.0295718 -0.68003 0.269805 0.976333 0.162977 -0.142561
154 -1.55488 -0.764814 -0.279115 -0.971791 0.146425 0.866661 0.315315 -0.322305
68 -0.794792 -1.27873 -0.23622 -0.751276 0.783347 1.08934 0.71457 -0.469714
459 -1.26878 -0.843239 -0.162962 -0.646027 0.529749 1.04919 0.291303 -0.473409
543 -1.06487 -0.961654 -0.0828636 -0.50432 0.395156 1.06177 0.519057 -0.462586
71 -1.11186 -0.948512 -0.0554973 -0.436795 0.446992 1.09789 0.624958 -0.4503
730 -0.958214 -1.37156 0.0250207 -0.741718 0.44842 0.990947 0.540315 -0.558856
892 -1.31512 -0.74429 -0.251073 -0.502608 0.575188 0.960912 0.225119 -0.427795
489 -1.73561 -0.621838 0.110348 -0.604793 0.0348738 1.07249 0.232415 -0.296243
196 -1.15728 -0.653413 -0.0789654 -0.652969 0.283408 1.19491 0.513161 -0.410896
346 -1.35196 -0.741636 0.037242 -0.827753 0.206271 1.40236 0.696714 -0.577364
305 -1.29954 -1.17285 0.155722 -0.70401 -0.0333838 1.05992 0.136632 -0.656515
958 -1.16538 -0.813545 -0.125117 -0.73819 0.313243 1.12593 0.479517 -0.498177
589 -1.28341 -0.883262 -0.305191 -1.19719 0.319652 0.885517 0.491082 -0.411891
334 -1.0213 -0.824298 0.0770995 -0.443158 0.00863832 1.17216 0.526922 -0.961824
986 -1.39984 -0.977902 -0.244207 -0.660159 0.44393 1.15622 0.281199 -0.547369
684 -1.40321 -0.576881 0.0495437 -1.00021 0.427195 1.5852 0.63486 -0.504137
576 -1.21135 -1.03511 0.0331213 -0.981771 0.0712165 0.853796 0.0957023 -0.536376
338 -1.18087 -0.887576 -0.11272 -0.592817 -0.0656518 1.13075 0.50265 -0.948247
333 -1.17635 -0.80174 0.0170669 -0.460038 0.0307556 1.16588 0.436565 -0.827204
528 -1.16363 -0.846378 -0.100635 -0.43168 -0.0258058 1.078 0.42566 -0.770356
913 -1.22117 -0.954081 -0.101558 -0.258097 -0.0552391 1.1543 0.68451 -0.200761
812 -1.31866 -1.09631 -0.212025 -0.381061 -0.113769 1.27427 0.617727 -0.114834
233 -1.09663 -1.24639 -0.356317 -0.194119 -0.0151547 1.27787 0.85672 -0.0963217
920 -0.826454 -1.08795 -0.0751898 -0.328824 0.738267 1.18391 0.746683 -0.600592
712 -1.15059 -1.25549 -0.0553722 -0.775629 0.408028 0.988997 0.556715 -0.625566
826 -1.28625 -1.21539 -0.031253 -0.803598 0.555842 1.07754 0.47073 -0.543599
902 -1.22265 -1.02519 -0.196335 -0.35642 0.0359252 1.2428 0.63891 -0.279054
702 -1.20166 -0.892638 -0.0557642 -0.482055 -0.0322635 1.21794 0.698799 -0.255459
420 -1.25989 -1.02855 -0.134707 -0.982525 0.152762 1.05202 0.334147 -0.42587
777 -1.03992 -0.940625 -0.043494 -0.473978 0.0608157 1.13347 0.543584 -0.886612
804 -1.13044 -1.06425 -0.0243354 -0.33309 0.00105895 1.28651 0.590339 -0.726186
542 -0.874123 -1.09676 -0.0256335 -0.411956 0.419745 0.985624 0.687168 -0.572587
795 -1.14532 -0.531465 -0.0915582 -0.794383 0.239031 1.10883 0.446126 -0.377958
949 -1.18648 -0.904694 -0.272279 -1.06203 0.342047 0.968311 0.505574 -0.413579
997 -1.60045 -1.04524 -0.363244 -0.768243 0.228044 1.14772 0.502636 -0.625744
601 -1.31828 -0.928417 -0.142584 -0.572465 0.704159 1.18822 0.250107 -0.470483
935 -1.04247 -0.887645 -0.0184093 -0.506317 0.0916389 1.17625 0.507407 -0.86554
476 -1.24346 -0.7451 0.0080537 -0.241049 -0.0452801 1.37506 0.630872 -1.10088
269 -1.46397 -0.574344 0.0248046 -0.509487 0.189311 1.09978 0.278587 -0.206069
526 -1.58615 -0.969186 -0.464106 -0.733462 0.0209992 0.864904 0.237895 -0.435123
490 -1.79821 -0.842374 0.0825715 -0.646435 0.198927 1.19503 0.103455 -0.339063
266 -1.56991 -0.83821 0.0607475 -0.617644 0.170561 1.24086 0.367934 -0.422283
721 -0.908542 -0.834183 -0.0814758 -0.708402 0.377027 0.887342 0.436813 -0.468753
348 -1.11943 -0.497441 0.0868017 -0.823364 0.298805 1.26341 0.578642 -0.534845
182 -1.29763 -0.5961 -0.00674857 -0.795778 0.188122 1.51848 0.663119 -0.349935
639 -1.23323 -1.1029 -0.155864 -0.370716 -0.384175 1.12811 0.788392 -0.10681
252 -1.73439 -0.632977 0.0558189 -0.713516 0.219606 1.20121 0.317022 -0.30269
403 -1.85799 -0.584419 0.00509681 -0.66472 0.217707 1.26976 0.189289 -0.10171
486 -1.08547 -0.934801 0.0424317 -0.421617 -0.117437 1.28057 0.568284 -1.18805
650 -1.07108 -0.963752 0.0219455 -0.368814 -0.102836 1.26202 0.725989 -1.06642
927 -1.20734 -1.15337 0.2167 -0.602674 -0.169889 1.06198 0.128245 -0.601753
910 -1.16122 -0.602384 -0.117459 -0.788536 0.228249 1.22216 0.483345 -0.487703
135 -2.43572 -0.582344 0.0361249 -0.743923 0.0726666 1.49869 0.12726 -0.0559895
198 -1.08312 -0.585643 -0.064394 -0.519602 0.138778 1.16937 0.50295 -0.566793
678 -1.30644 -1.18413 -0.240743 -0.72554 -0.121901 0.778072 0.252095 -0.724667
162 -1.55151 -0.585023 -0.0379032 -0.551554 0.111823 0.999101 0.225361 -0.199759
325 -1.07129 -0.825662 0.0954261 -0.271375 -0.0786785 1.22391 0.477 -1.1113
93 -1.478 -0.770175 -0.356929 -1.36322 0.123952 0.931794 0.362213 -0.343254
962 -1.78271 -0.676269 -0.0184918 -0.792646 0.241754 1.28705 0.335862 -0.235676
938 -1.2467 -0.873041 -0.254115 -0.812784 0.126507 0.962809 0.350701 -0.482977
814 -1.29195 -1.02425 -0.114164 -0.492733 0.0557715 1.24726 0.59533 -0.302958
253 -1.75313 -0.588842 0.158533 -0.612064 0.213451 1.20608 0.180385 -0.133616
769 -1.29632 -0.932111 -0.105979 -0.375522 -0.0147119 1.11433 0.537321 -0.183774
372 -1.77209 -0.736222 0.0235594 -0.762149 0.268721 1.21405 0.316901 -0.154549
534 -1.20388 -0.915568 -0.329284 -0.585832 0.0241153 0.875083 0.396758 -0.79485
533 -1.40749 -1.08061 -0.663449 -0.702355 -0.047103 0.671606 0.332774 -0.692387
292 -1.27616 -1.34741 0.216417 -0.622355 -0.117018 1.11485 0.224908 -0.713269
811 -0.975707 -1.12154 -0.0622367 -0.449051 0.491837 1.24391 0.703332 -0.483321
568 -1.5753 -0.615436 -0.0239654 -0.613202 0.237024 1.08554 0.266249 -0.155676
805 -1.33235 -0.979856 -0.376802 -0.995279 0.176947 0.934948 0.447827 -0.291285
688 -1.26384 -0.683475 0.0847834 -0.79389 0.212328 1.38703 0.502476 -0.368693
238 -1.38939 -0.897883 -0.212991 -0.393275 0.00645753 1.30549 0.596605 -0.17769
491 -1.41621 -0.796327 -0.254523 -0.577697 0.496818 1.06696 0.305535 -0.516008
532 -1.37342 -1.19575 -0.522763 -0.674755 -0.0531821 0.899981 0.399106 -0.752619
320 -1.07438 -0.773999 0.0804335 -0.229699 -0.134918 1.43756 0.643311 -1.40193
560 -1.999 -0.787705 0.252577 -0.850308 -0.0141858 1.13936 0.0937502 -0.246366
843 -1.31651 -0.775812 -0.168586 -1.0533 0.327577 1.02761 0.491871 -0.404861
623 -0.954055 -1.0685 0.014553 -0.395185 0.429223 1.17006 0.680117 -0.650255
72 -1.00642 -1.08688 -0.0807343 -0.459914 0.542388 1.19884 0.668085 -0.656894
458 -1.10149 -0.733186 -0.130384 -0.653023 0.460703 0.97055 0.249292 -0.685829
298 -1.06027 -1.11355 0.193025 -0.598551 -0.050457 0.975088 0.163617 -0.513664
942 -1.0957 -1.18098 -0.0416084 -0.641749 0.32992 0.970261 0.486607 -0.624097
723 -1.04793 -0.960225 -0.0266846 -0.764467 0.400705 0.838465 0.373785 -0.420895
815 -1.31236 -1.03781 -0.28119 -0.544408 0.012936 1.13809 0.616883 -0.149527
624 -0.896295 -0.899028 0.00790596 -0.34591 0.579764 1.07366 0.575311 -0.47757
904 -1.02305 -1.32483 -0.000605174 -0.886374 0.578408 1.1385 0.79048 -0.724931
746 -0.937189 -0.775939 -0.0260975 -0.375965 0.0689567 1.08299 0.584431 -0.956176
114 -1.16816 -0.906087 -0.156498 -0.862458 0.310866 0.892049 0.499338 -0.406355
720 -1.24446 -0.948293 -0.0739934 -0.651051 0.344583 1.06246 0.307504 -0.622631
632 -1.3423 -0.879129 -0.324872 -0.656995 0.648718 1.1219 0.224873 -0.733149
484 -1.00928 -0.75095 0.0726395 -0.535983 0.0425985 1.09073 0.561021 -0.865434
915 -1.27134 -1.2445 -0.0334841 -0.358609 -0.00717478 1.25502 0.653979 -0.424727
697 -1.17742 -0.631517 0.059682 -0.847764 0.474548 1.55087 0.776706 -0.36859
809 -0.824854 -1.16135 0.00640113 -0.334814 0.565026 1.08008 0.690814 -0.619529
75 -1.35499 -0.750132 0.103478 -0.42953 0.313663 1.08799 0.44888 -0.296197
261 -1.67197 -0.581789 -0.000423498 -0.55121 0.00354744 1.18691 0.223735 -0.160272
199 -1.18797 -0.653304 0.00130168 -0.677254 0.209149 1.23447 0.447572 -0.464546
466 -0.889848 -0.812722 -0.0276838 -0.437937 0.497582 1.06532 0.625318 -0.425982
631 -1.24837 -0.921304 -0.299913 -0.656956 0.750015 0.99549 0.147751 -0.633944
201 -1.20255 -0.576494 -0.0320747 -0.797039 0.279599 1.26308 0.63533 -0.335706
378 -1.54044 -0.598733 -0.000426257 -0.555402 0.297892 1.14713 0.338541 -0.236902
425 -1.25789 -0.954286 0.193239 -0.563278 -0.158944 1.03228 0.101723 -0.469086
504 -1.27151 -1.12304 0.233762 -0.536595 -0.119342 0.979865 0.0912363 -0.592824
186 -1.42184 -0.455776 0.0460893 -0.953756 0.444675 1.43623 0.619057 -0.365101
714 -1.07609 -1.35379 0.0125841 -0.952067 0.539586 0.989492 0.554114 -0.550379
950 -1.12751 -1.1841 -0.0730285 -0.815673 0.537534 1.08433 0.514853 -0.621039
594 -1.48833 -0.788451 -0.363887 -0.623053 0.677143 1.13075 0.0776271 -0.613248
386 -0.894062 -1.06461 -0.0141722 -0.419112 0.511556 1.06071 0.569198 -0.557945
980 -1.54476 -0.637543 -0.0135741 -0.607178 0.16324 1.13582 0.345142 -0.206644
901 -1.21528 -0.872223 -0.130388 -0.502141 0.0629786 1.33139 0.702797 -0.276912
235 -1.21871 -0.932147 -0.252763 -0.48539 0.0509639 1.24337 0.751097 -0.232002
463 -0.768196 -1.15693 0.0227448 -0.361585 0.739995 1.12729 0.775778 -0.547368
853 -1.20735 -0.654357 -0.0609885 -0.708212 0.244907 1.18665 0.482064 -0.426593
327 -1.14384 -0.852744 0.0400878 -0.454662 -0.00703875 1.23738 0.556364 -1.09427
881 -1.35498 -1.19663 -0.120671 -0.400982 -0.193859 1.28647 0.687378 -0.268494
862 -1.17798 -0.541769 -0.00198167 -0.83189 0.228498 1.42836 0.654841 -0.61638
661 -1.48681 -0.500189 0.0312045 -0.743682 0.228071 1.04373 0.18689 -0.175029
21 -0.81935 -1.32577 0.0576462 -0.372786 0.910008 1.42684 0.855457 -0.631749
665 -1.44814 -1.08787 -0.618086 -0.814353 0.0332962 0.886183 0.447588 -0.801557
888 -1.3805 -1.23327 0.278812 -0.637089 -0.162605 1.09668 0.0445918 -0.517388
625 -0.934873 -0.99749 -0.0714569 -0.307747 0.341868 1.15707 0.611477 -0.44046
260 -1.57431 -0.586527 0.063637 -0.616456 0.126324 1.05901 0.0988628 -0.192097
383 -0.837799 -1.25188 0.0694879 -0.326588 0.612539 1.25353 0.938433 -0.557297
167 -1.27986 -0.891671 0.0582652 -0.664004 0.471885 0.943057 0.477019 -0.424511
379 -1.19165 -0.663993 -0.312838 -1.05035 0.329737 0.791087 0.41022 -0.329277
978 -1.32821 -1.08009 0.13895 -0.657403 0.0158993 1.06866 0.276489 -0.53955
431 -1.29228 -1.15813 0.171496 -0.591564 -0.173474 1.13695 0.170135 -0.462772
156 -1.21398 -0.755397 -0.0147784 -0.370489 -0.0929075 1.07461 0.392784 -1.07599
119 -1.23287 -0.80916 -0.164606 -0.996035 0.255115 0.946453 0.442624 -0.31133
453 -1.26383 -0.829728 -0.257349 -0.671921 0.629159 1.03119 0.184448 -0.728377
157 -1.6829 -0.672374 -0.0827704 -0.599621 0.202854 1.12733 0.338634 -0.28374
28 -0.859503 -1.21037 0.0335632 -0.32113 0.709986 1.2546 0.779995 -0.632713
852 -1.13411 -0.647237 -0.00671574 -0.54717 0.174854 1.15921 0.583795 -0.311105
206 -1.2109 -0.521079 -0.0334749 -0.763966 0.198663 1.21529 0.616756 -0.253467
660 -1.54145 -0.685949 -0.0124391 -0.596933 0.0844628 0.891785 0.190083 -0.290848
267 -1.66794 -0.473084 0.0572447 -0.53597 0.184334 1.08157 0.151355 -0.113993
404 -1.47184 -0.866303 -0.437175 -0.633621 0.0354995 0.870202 0.307692 -0.493598
896 -1.39174 -1.3456 -0.440049 -0.728475 -0.0198061 0.848385 0.438964 -0.732143
585 -1.23329 -0.643301 -0.0815924 -0.975663 0.425269 1.31556 0.693793 -0.516129
647 -1.2554 -1.11461 -0.111323 -0.430305 -0.14602 1.20756 0.551528 -0.221352
258 -1.55335 -0.484733 -0.0261994 -0.753343 0.213618 1.18447 0.219304 -0.0901688
863 -1.37595 -0.561649 -0.0506733 -0.896103 0.309829 1.39157 0.615631 -0.448586
118 -1.24009 -0.688065 -0.263409 -0.940197 0.238405 0.842698 0.397457 -0.28085
654 -1.13496 -1.23976 -0.036876 -0.790807 0.424313 0.992687 0.427781 -0.586403
724 -1.19524 -1.21533 0.0955431 -0.732033 0.246268 1.08574 0.355467 -0.632711
983 -1.4419 -0.97754 -0.0832407 -0.791484 0.297102 1.40058 0.584431 -0.465661
928 -1.30024 -0.776702 -0.0634908 -0.829558 0.259107 1.38546 0.575818 -0.543933
750 -1.28531 -0.91311 0.0409341 -0.640299 0.360076 1.10864 0.387219 -0.492219
858 -1.16417 -0.838293 -0.0394563 -0.648498 0.0178734 1.17018 0.56903 -0.995817
335 -1.17581 -0.816942 0.016584 -0.569182 0.102809 1.20257 0.579687 -0.854211
713 -1.25854 -1.41953 -0.0400418 -1.10018 0.43245 1.01176 0.602324 -0.484569
598 -1.3104 -0.983339 -0.171474 -0.632351 0.341449 1.07392 0.232663 -0.680165
941 -1.25179 -0.756481 -0.0285421 -0.620327 0.269757 1.21687 0.702774 -0.41458
903 -1.10074 -1.05942 -0.250501 -0.248118 -0.083459 1.01514 0.685879 -0.292272
558 -1.03665 -0.846267 0.0893026 -0.484707 -0.0257096 1.02278 0.402774 -0.728593
586 -1.24418 -0.93259 -0.256101 -1.06189 0.262582 0.843778 0.373591 -0.461919
188 -1.4115 -0.558779 0.133457 -0.756667 0.242057 1.31151 0.558918 -0.429435
698 -1.37155 -0.425781 -0.0070967 -1.01137 0.481841 1.47217 0.634019 -0.48629
31 -0.930208 -1.21863 0.0359514 -0.50498 0.766587 1.16648 0.685603 -0.639932
844 -1.30049 -0.898247 -0.195871 -0.874287 0.239804 1.03002 0.375816 -0.439643
923 -1.22938 -0.725518 0.0377236 -0.769708 0.412284 1.28446 0.660477 -0.547797
775 -1.12142 -0.849698 0.0769091 -0.515021 -0.0655807 1.21824 0.502393 -1.08704
588 -1.31268 -0.885904 -0.270304 -1.12811 0.378132 0.885425 0.53094 -0.407665
573 -1.37969 -1.38109 0.257821 -0.730142 -0.285808 0.941581 -0.0890458 -0.638617
792 -1.29266 -0.918824 -0.250439 -0.972917 0.288935 1.04489 0.43929 -0.412483
908 -0.98235 -1.12127 -0.0185652 -0.850753 0.50731 0.902429 0.506265 -0.473827
644 -1.25748 -0.999828 -0.181921 -0.526994 0.024526 1.16565 0.567429 -0.293317
988 -1.2212 -1.00917 -0.00948102 -0.645383 0.10767 1.16479 0.471075 -0.914172
268 -1.39495 -0.768265 0.164999 -0.584761 0.10914 1.09218 0.110157 -0.280068
604 -1.14847 -0.807611 -0.120613 -0.499032 0.360513 1.07172 0.248766 -0.793464
554 -1.13341 -0.993259 -0.212823 -0.536827 0.0276244 0.982577 0.450569 -0.82584
270 -1.19419 -0.56614 0.00922177 -0.682819 0.247372 1.30721 0.50749 -0.396333
205 -1.11287 -0.388373 -0.047659 -0.799597 0.245231 1.3803 0.66998 -0.481381
677 -1.2801 -1.05586 -0.355907 -0.741163 0.0159493 0.976567 0.373054 -0.672141
103 -1.18117 -0.890701 -0.331215 -0.57922 -0.0774423 1.07746 0.581451 -1.0931
392 -0.965237 -1.14366 0.0187592 -0.403686 0.630103 1.24292 0.718694 -0.633142
424 -1.18755 -1.25968 0.219818 -0.740689 -0.142476 1.0924 0.0598199 -0.666108
968 -1.30329 -1.04746 0.0307024 -0.58317 -0.055335 1.15044 0.39873 -0.476317
43 -0.952256 -0.850015 -0.180412 -0.92474 0.457382 0.95929 0.540241 -0.507513
926 -1.1425 -0.863112 -0.0582566 -0.632788 0.369764 1.04087 0.438769 -0.552248
953 -1.17427 -1.14243 0.250346 -0.555382 -0.146585 1.05963 0.123748 -0.674008
675 -1.26171 -1.07767 -0.369441 -0.564011 -0.0554702 0.826553 0.502448 -0.677559
946 -1.06134 -0.994396 -0.019867 -0.556738 0.158539 1.12877 0.620053 -0.957062
