1000 4
173 -0.170998 1.25782 -1.49637 -1.55469
91 0.0770622 1.87062 -1.19404 -1.34481
79 0.377604 2.25966 -1.398 -1.87285
83 0.5393 2.08284 -1.45037 -1.47311
705 -0.539715 1.82171 -1.59253 -1.0279
38 -0.0668288 1.39604 -1.78889 -0.645946
0 -0.106795 1.55253 -2.54502 -0.817014
10 0.064267 1.49337 -2.40775 -0.770939
2 0.0414259 1.61735 -2.4309 -0.747886
5 0.277957 1.56823 -2.59097 -0.991711
808 0.0081301 1.45035 -1.88 -0.683957
59 0.144083 1.62465 -2.27983 -0.723488
538 -0.00720649 1.36576 -2.12831 -0.624436
396 -0.722482 1.51746 -1.27478 -1.45495
660 -0.440335 1.40077 -1.16507 -1.21916
663 0.0521023 2.11459 -1.51176 -1.26576
123 0.185638 1.72826 -1.08823 -1.15875
80 0.5014 2.41248 -1.40884 -1.91566
118 0.0918073 1.6154 -1.03856 -1.10808
875 -0.321992 1.60626 -1.4182 -1.24693
113 0.140615 1.68256 -1.35659 -1.02869
100 0.016008 1.84916 -1.16137 -1.26931
366 -0.740235 1.55615 -1.12208 -1.41618
63 -0.73717 1.28581 -1.09761 -1.21962
1 0.0364955 1.70253 -2.76755 -0.813753
67 -0.529581 1.34906 -1.14186 -1.08564
250 -0.860409 1.45832 -1.09899 -1.42895
367 -0.670044 1.51696 -1.19698 -1.11137
699 -0.327109 1.37657 -1.49543 -1.20063
693 -0.456692 1.19748 -1.42887 -1.21383
7 -0.342561 1.32084 -1.67917 -1.47356
703 -0.525094 1.47382 -1.24386 -1.10517
270 -0.434812 1.33031 -1.18142 -1.01657
127 -0.896261 1.90359 -1.15108 -1.88297
152 -0.704659 1.39831 -1.11345 -1.39495
251 -0.757287 1.54613 -1.31525 -1.24856
531 -0.400451 1.32537 -1.49852 -0.711283
759 -0.379731 1.45913 -1.48581 -0.975367
525 -0.043783 1.69393 -1.36911 -1.02608
50 -0.0342861 1.82486 -1.63397 -1.30674
437 -0.0303713 1.60796 -1.68556 -1.36361
492 -0.277016 1.79916 -1.45736 -1.25205
130 -0.775735 1.73861 -1.17253 -1.70825
488 -0.49881 1.50442 -1.20915 -1.43713
363 -0.649279 1.60188 -1.10334 -1.56037
269 -0.670822 1.47409 -1.00253 -1.32243
49 -0.10693 1.42329 -1.60671 -0.504413
22 -0.0821545 1.76768 -2.39527 -0.453695
53 0.121151 1.50626 -2.26904 -0.703598
599 -0.59867 1.21971 -1.10772 -1.35611
81 -0.758676 1.76073 -1.2919 -1.836
160 -0.676221 1.55054 -1.03181 -1.43379
839 0.0506401 1.62324 -1.23703 -1.0962
369 -0.300173 1.57361 -1.20849 -1.30175
665 0.0201104 1.77113 -1.55309 -1.1311
896 -0.134431 1.68055 -1.43444 -0.967667
514 -0.154418 1.72892 -1.50347 -1.23446
590 -0.0612515 1.78722 -1.36782 -1.26747
420 -0.0242242 2.17867 -1.48108 -0.915905
410 -0.662959 2.99648 -1.73015 -0.424276
278 -0.898462 2.59892 -1.57223 -0.267516
299 -0.425842 2.01279 -1.51808 -0.501241
722 -0.409692 1.58666 -1.27094 -0.578382
518 -0.693339 1.61241 -1.36042 -0.955469
727 -0.668552 1.79545 -1.67529 -0.880204
462 -0.454188 1.87697 -1.37741 -0.433238
419 -0.446454 2.21605 -1.47912 -0.392462
273 -0.946466 2.82123 -1.64132 -0.383485
572 -0.628246 1.95165 -1.25908 -0.509285
218 -1.03766 1.73183 -1.31908 -1.29071
473 -0.915825 1.86219 -1.19563 -0.886765
370 -0.626364 1.44767 -1.12427 -1.47614
128 -0.832392 1.72773 -1.18785 -1.87091
55 -0.0387819 1.41782 -2.16413 -0.633028
810 -0.0323841 1.37472 -1.57141 -0.724569
382 -0.12931 1.49465 -1.85766 -0.575995
29 -0.0170258 1.66709 -1.92097 -0.545848
384 -0.106824 1.49806 -1.78718 -0.547817
52 0.126422 1.66668 -2.09347 -0.781373
6 0.019658 1.47064 -2.33309 -0.906047
32 -0.0779417 1.48112 -2.06853 -0.64814
37 -0.070239 1.4832 -1.72267 -0.462385
292 -0.319036 2.3952 -1.51639 -0.348264
425 -0.468239 2.13449 -1.21585 -0.315358
951 -0.41967 1.9383 -1.3507 -0.317094
496 -0.510092 2.69491 -1.64223 -0.384963
304 -0.402332 2.07836 -1.30979 -0.186372
4 -0.0650495 1.59228 -2.66465 -0.813677
48 0.10398 1.3686 -1.69133 -0.688112
539 -0.100721 1.40972 -1.99018 -0.788164
658 -0.440282 1.30831 -1.42846 -1.09413
164 -0.585143 1.44838 -1.00268 -1.1879
125 -0.649048 1.77567 -1.20568 -2.23257
150 -0.374847 1.44017 -1.15258 -1.10164
895 0.211541 2.06272 -1.34849 -1.17194
939 -0.105121 1.69355 -1.70029 -0.608569
60 -0.053117 1.49381 -1.94073 -0.58549
383 -0.176951 1.4567 -1.91678 -0.577859
24 0.184918 1.5846 -2.21356 -0.617783
565 -0.65564 1.48999 -1.10271 -1.4447
739 -0.754838 1.58078 -1.30154 -1.29472
137 -0.859257 1.5397 -1.29391 -1.51929
406 -0.703087 1.35392 -0.867889 -1.28433
365 -1.02333 1.621 -1.02378 -1.65254
521 -0.646628 1.40096 -1.19312 -1.43615
981 -0.433604 1.42426 -1.07811 -1.25756
361 -0.967485 1.57287 -1.12285 -1.40388
34 -0.0275138 1.54088 -2.03409 -0.77477
392 -0.298905 1.36352 -1.45815 -0.684756
386 -0.0385623 1.69501 -1.84338 -0.383158
279 -0.715619 2.74469 -1.45209 -0.330046
418 -0.361714 2.4131 -1.2754 -0.268556
129 -0.844287 1.89589 -0.972135 -1.90145
403 -0.602055 1.44101 -1.20795 -1.38552
147 -0.744435 1.4828 -1.09789 -1.58379
96 0.213097 1.92444 -1.30522 -1.3872
578 0.408854 2.26317 -1.21554 -1.92229
686 0.0429193 1.74553 -1.17932 -1.15327
169 -0.248261 1.37422 -1.69094 -1.57077
690 -0.220278 1.45834 -1.33131 -1.00011
624 -0.0233743 1.44149 -1.69545 -0.774143
378 -0.623351 1.44413 -1.19396 -1.24318
255 -0.450643 2.08647 -1.40394 -0.373595
18 0.00523409 1.61334 -2.56728 -0.706852
12 0.0437262 1.74661 -2.27988 -0.899113
45 -0.14614 1.40238 -1.7365 -0.632949
126 -0.150891 1.23762 -1.74686 -1.88905
19 -0.308811 1.56942 -1.59234 -1.29162
520 -0.299989 1.75078 -1.42541 -1.1774
917 0.143587 1.3997 -1.67452 -0.543591
89 0.458767 2.07373 -1.57429 -1.36037
796 0.164608 1.6598 -1.0875 -0.997702
924 -0.276918 1.79856 -1.35713 -1.29113
822 -0.443619 1.56556 -1.20192 -1.17376
709 -0.743256 1.64971 -1.45065 -0.956594
936 -0.38969 1.40558 -1.24725 -0.690522
502 -0.300853 1.93574 -1.33344 -0.580356
731 -0.712576 1.56637 -1.26676 -1.12586
706 -0.834623 1.72735 -1.55352 -0.88953
54 -0.576496 1.57672 -1.56382 -0.950965
667 -0.488826 1.67343 -1.37493 -1.03976
728 -0.594117 1.67305 -1.36595 -1.05141
231 -0.68455 1.59638 -1.18696 -1.20777
635 -0.775588 1.7756 -1.21018 -1.32969
92 0.232522 2.036 -1.11947 -1.50318
579 0.138808 1.9598 -1.33444 -1.6618
102 0.336287 1.89274 -1.01164 -1.36097
136 0.432187 2.43513 -1.23888 -1.80008
783 -0.0128262 1.76893 -1.25875 -1.23599
562 0.206294 1.89692 -1.11621 -1.25461
132 -0.940762 1.86624 -1.05391 -1.89185
651 -0.583247 1.56971 -1.45665 -0.828198
637 -0.827447 1.50034 -1.61006 -0.911182
723 -0.518397 1.34581 -1.22889 -1.05348
399 -0.954883 1.4885 -0.991622 -1.45114
139 -0.821813 1.70444 -1.17048 -1.72142
262 -0.596243 1.46389 -1.16373 -1.30316
135 -0.786426 1.84593 -1.10753 -2.08326
120 -0.346061 1.04377 -1.42083 -0.925183
82 -0.786321 1.83702 -1.1288 -1.81204
416 -0.558857 2.3234 -1.31154 -0.544148
301 -0.467358 2.07271 -1.50807 -0.604314
413 -0.465308 2.41882 -1.40637 -0.463627
293 -0.756894 2.08196 -1.28555 -0.489035
888 -0.39602 2.09417 -1.27655 -0.522622
429 -0.377623 2.14776 -1.35224 -0.432433
688 -0.242916 1.32697 -1.34901 -1.01138
47 0.160089 1.39412 -1.54473 -0.685228
380 -0.174654 1.62743 -2.26599 -0.67089
56 0.00187698 1.33749 -2.36168 -0.592828
664 -0.226473 1.7905 -1.43296 -1.23501
341 -0.124774 1.30165 -1.66518 -1.42036
779 -0.703458 1.47581 -1.30992 -1.33536
694 -0.158964 1.61689 -1.24758 -1.29074
627 -0.877435 0.966718 -2.06748 -1.30547
574 -0.460865 1.9393 -1.38497 -0.333904
724 -0.512237 1.51427 -1.50862 -0.942728
654 -0.840499 1.40828 -1.64581 -0.924284
516 -0.681116 1.68694 -1.69154 -1.1023
527 -0.241899 1.66963 -1.49296 -1.20593
892 -0.960649 0.984305 -1.58767 -0.953725
537 -0.797533 1.40859 -1.45905 -1.41222
161 -0.621458 1.16114 -1.30065 -1.20128
143 -0.660979 1.55757 -1.04223 -1.70833
268 -0.596292 1.42356 -0.850626 -1.01666
73 -0.0998198 1.26463 -1.43938 -0.516989
74 -0.316069 1.36702 -1.40842 -0.903564
617 -0.609791 1.59839 -1.46405 -0.981922
226 -0.674272 1.49323 -1.31716 -1.09234
201 -0.497043 1.33136 -1.27889 -1.27614
197 -0.505467 1.41552 -1.08618 -1.21161
186 -0.305764 1.49503 -1.46118 -1.25677
587 0.0551874 1.76934 -1.02766 -1.38304
580 0.210999 1.96382 -1.0803 -1.58481
835 0.151243 1.71647 -1.03572 -1.286
168 -0.24138 1.23886 -1.87333 -1.8459
339 -0.153776 1.54592 -1.65193 -1.39171
9 -0.0660443 1.5359 -2.36642 -0.724314
58 -0.0802045 1.31377 -1.96924 -0.766797
322 -1.20916 1.56004 -1.26284 -1.41083
474 -1.00201 1.66005 -1.14215 -1.32649
309 -1.36845 1.97776 -1.24334 -1.54744
316 -1.27052 1.57404 -1.23253 -1.61082
551 -0.867772 1.67371 -1.22219 -1.26195
898 -0.747156 1.26664 -1.24047 -1.13375
62 0.0067907 1.55703 -1.88479 -0.647952
267 -0.783962 1.34044 -0.868285 -1.17151
397 0.109577 1.93196 -0.869607 -1.28318
85 0.427882 1.98244 -1.47846 -1.38765
576 0.0932103 1.76321 -1.19317 -0.898277
524 -0.0377006 1.80224 -1.46222 -0.754235
145 -0.808826 1.54045 -1.15945 -1.55577
566 -0.644954 1.75446 -1.31148 -1.02997
158 -0.669838 1.24959 -1.03194 -1.16849
630 -0.763704 1.36131 -1.41277 -0.936446
736 -0.574316 1.59918 -1.50021 -1.01865
961 -0.39079 1.54321 -1.43388 -1.08233
202 -0.400999 1.49943 -1.42468 -1.12696
41 -0.243749 1.35174 -1.51369 -0.641382
605 -0.461935 1.50952 -1.4113 -0.965305
997 -0.282555 1.70879 -1.56315 -1.2922
676 -0.12128 1.66242 -1.40765 -1.13174
789 0.20242 2.15033 -1.30981 -1.51652
582 0.189786 2.18882 -1.1414 -1.55435
387 -0.109026 1.42142 -1.9261 -0.629357
30 -0.0418025 1.58634 -2.20746 -0.58832
638 -0.799045 1.40991 -1.30858 -1.03235
815 -0.662046 1.31232 -1.17847 -0.813719
88 -0.704052 1.8304 -1.28252 -1.34727
208 -1.14826 1.93718 -1.33458 -1.01234
446 -0.874822 1.52051 -1.42522 -1.15207
359 -0.335639 1.33911 -1.31239 -1.03237
785 -0.0476009 1.50181 -1.37435 -1.02628
780 0.287258 2.02 -0.972843 -1.53264
782 0.199337 1.84202 -1.24076 -1.19998
584 0.00624381 1.91411 -1.13303 -1.24876
116 0.238484 1.85194 -0.908667 -1.35262
904 -0.563083 1.67268 -1.57609 -0.93287
944 -0.557709 1.46451 -1.30768 -0.853346
734 -0.659925 1.75721 -1.52093 -0.9304
174 -0.620618 1.6077 -1.54578 -0.941781
880 -0.716815 1.51571 -1.31473 -1.08908
167 -0.495229 1.3857 -1.16031 -0.896235
176 -0.230717 1.29338 -1.51203 -1.43188
194 -0.345992 1.34806 -1.30843 -1.06634
190 -0.32008 1.32635 -1.44719 -1.2744
348 -0.479056 1.28895 -1.36384 -1.16774
826 -0.860787 1.61404 -1.36068 -1.22397
652 -0.610724 1.5352 -1.35101 -0.935488
923 -0.503327 1.52172 -1.52315 -1.17143
718 -0.633986 1.60628 -1.48838 -0.968672
695 -0.522414 1.60225 -1.50106 -0.948295
750 -0.791604 1.38927 -1.293 -0.933109
133 -0.711657 1.54317 -1.34694 -1.8079
612 -0.951785 1.5403 -1.46926 -1.36124
470 -1.1073 1.42954 -1.2458 -1.6164
222 -1.01662 1.3683 -1.47852 -1.24367
436 -1.22977 0.996196 -2.47989 -1.33743
95 0.0537358 1.97582 -1.05342 -1.01302
561 -0.68793 1.70462 -1.11414 -1.16796
571 -0.638701 2.39555 -1.45756 -0.387453
490 -0.820832 1.3668 -1.41358 -1.266
266 -0.767107 1.67709 -1.25979 -1.32705
140 -0.71353 1.53553 -1.20418 -1.31376
738 -0.64354 1.38754 -1.02837 -1.23288
314 -1.44467 1.69266 -1.25222 -1.54243
131 -1.5894 1.96877 -1.39784 -1.68796
481 -0.962035 1.33143 -1.29318 -1.45176
328 -1.12485 1.15622 -1.31561 -1.1489
434 -1.19808 1.11222 -2.84343 -1.48865
540 -0.109186 1.33437 -1.66215 -0.957595
993 -0.287786 1.86297 -1.54428 -0.964673
668 -0.311558 1.60859 -1.4838 -1.01432
321 -0.899169 1.51027 -1.36295 -1.48831
857 0.187137 1.87196 -1.2449 -1.33111
781 0.214905 2.22618 -1.31327 -1.44596
949 0.0671338 1.87461 -1.24973 -1.04393
215 -0.750108 1.63603 -1.1083 -1.32114
642 -0.633064 1.58494 -1.12305 -1.16354
87 0.319317 2.31454 -1.15607 -1.59676
412 0.211133 1.99424 -1.12347 -1.02623
856 0.413839 2.09315 -1.29664 -1.41531
424 -0.435007 2.06834 -1.34097 -0.455459
318 -0.644984 2.4458 -1.34377 -0.420297
272 -0.852286 2.93944 -1.77141 -0.276748
317 -1.39012 1.57847 -1.25195 -1.6089
312 -1.40623 1.69217 -1.36008 -1.78155
368 -0.533509 1.46034 -1.10291 -1.39086
138 -0.80155 1.58575 -1.15659 -1.62256
223 -0.610393 1.61156 -1.14853 -1.14724
207 -1.04291 1.85364 -1.39506 -1.24897
220 -0.155424 1.59192 -1.58574 -1.04109
529 -0.222518 1.69433 -1.35486 -1.14942
974 -0.583865 1.59235 -1.3958 -1.27813
933 -0.470796 1.71076 -1.38456 -1.23737
925 -0.781834 1.04413 -1.95547 -1.01298
452 -0.787441 1.33911 -1.80883 -0.949432
631 -0.904619 1.04363 -1.88639 -0.98793
595 -0.841077 1.01416 -2.15853 -1.04854
175 -0.313132 1.36017 -1.55901 -1.38031
90 0.150381 1.83376 -1.14111 -1.33906
515 -0.240283 1.75868 -1.63668 -1.16478
526 -0.116178 1.59199 -1.32817 -1.1514
532 -0.298086 1.80783 -1.29099 -1.00633
533 -0.0189809 1.57061 -1.35689 -1.13
517 -0.0339886 1.87572 -1.6116 -1.37627
963 -0.295022 1.46893 -1.26153 -1.03821
670 -0.196772 1.82399 -1.30031 -1.08086
23 0.0856805 1.51246 -2.25472 -0.70229
523 -0.181656 1.75961 -1.49395 -1.18444
995 -0.18525 1.72582 -1.5165 -1.26314
758 -0.243949 1.47731 -1.40944 -1.02975
774 -1.02919 1.51915 -1.16734 -1.50127
311 -1.42652 1.76899 -1.15811 -1.67159
319 -0.934459 1.3975 -1.25356 -1.43996
308 -1.48681 1.7884 -1.42896 -1.17545
336 -0.964318 1.52512 -1.38777 -1.2868
623 -0.28747 1.40753 -1.55368 -0.631011
343 -0.459683 1.28595 -1.42666 -1.2882
256 -0.587964 1.65949 -1.26569 -1.4374
489 -0.735185 1.49388 -1.23345 -1.34001
101 0.00975513 1.87718 -1.42328 -1.10757
975 -0.152209 2.01396 -1.28869 -1.28201
70 -0.176895 1.34458 -1.72199 -0.564567
57 -0.201785 1.43408 -2.06464 -0.615272
14 0.0280311 1.54802 -2.28243 -0.806899
487 -0.922845 1.26429 -1.12117 -1.20432
726 -1.40679 1.73317 -1.22973 -1.45328
11 -1.34462 1.75445 -1.30756 -1.55268
778 -1.05179 1.30309 -1.14451 -1.48437
467 -1.14259 1.6454 -1.24143 -1.56166
35 -0.179097 1.34997 -1.64644 -0.745774
61 0.100273 1.64684 -1.43324 -1.20294
907 -0.759373 1.5818 -1.48465 -0.944605
283 -0.533457 2.54335 -1.37131 -0.331376
824 -0.608927 1.22716 -0.924236 -1.16518
324 -1.03228 1.29199 -1.03434 -1.42469
742 -0.838821 1.41322 -1.19801 -1.24003
817 -0.907893 1.63618 -1.27463 -1.20758
838 -0.22891 1.57619 -1.40277 -1.09391
433 -1.30079 1.39595 -2.61177 -0.745072
603 -0.83926 1.28835 -1.71382 -0.924591
500 -0.486968 2.2731 -1.55271 -0.53025
252 -0.459279 1.42187 -1.29011 -1.39896
107 -0.0921863 1.84033 -1.28255 -1.00753
114 0.0721873 1.68799 -1.19819 -1.07319
121 0.121628 1.58484 -1.27935 -0.869941
931 -0.179214 1.8579 -1.24198 -1.10622
964 -0.604717 1.59753 -1.39296 -1.02511
994 -0.466015 1.65109 -1.3009 -1.27296
968 -0.623802 1.62158 -1.33197 -1.01188
310 -1.28478 1.65246 -1.54231 -1.60223
156 -1.13509 1.5182 -1.052 -1.40383
177 -0.428845 1.63513 -1.44511 -1.18876
583 0.207389 1.83842 -1.22057 -1.27658
894 -0.0603703 1.78467 -1.35862 -1.13683
472 -1.22438 1.50534 -1.07831 -1.4009
275 -1.41311 1.6129 -1.31617 -1.26119
247 -1.37453 1.7052 -1.18748 -1.53178
315 -1.1996 1.70215 -1.31523 -1.31741
911 -0.688703 1.47049 -1.10117 -1.18085
212 -1.07831 1.56733 -1.28005 -1.64989
234 -0.694489 1.5822 -1.23354 -1.10087
788 0.000857912 1.91202 -1.26295 -0.837671
871 0.0466479 1.92537 -1.3325 -1.09359
210 -1.04581 2.05305 -1.18961 -1.00742
793 -0.346894 1.44091 -1.21027 -0.923474
644 -0.523663 1.62533 -1.21346 -1.26858
768 -0.669372 1.56572 -1.37256 -1.10196
237 -0.416888 1.5279 -1.50534 -1.04365
866 -0.750981 1.70898 -1.32513 -1.0978
15 -0.889899 1.79082 -1.60144 -0.97395
170 -0.672091 1.58683 -1.43578 -1.29596
219 -0.841138 1.61631 -1.31092 -1.17357
217 0.0767678 1.87925 -1.16869 -1.28761
469 -0.0401299 1.71437 -1.14325 -1.52192
893 -0.066339 1.93701 -1.1445 -1.27255
404 -0.329248 1.5848 -1.30342 -1.11108
513 -0.141518 1.80919 -1.67527 -1.13575
883 -0.0972458 1.52298 -1.38533 -1.1521
853 -0.286051 1.48439 -1.34346 -1.1036
942 -0.561426 1.49624 -1.25 -0.957405
8 -1.31702 1.68518 -1.30939 -1.1295
476 -1.19903 1.53899 -1.08695 -1.13885
536 -1.39622 1.91999 -1.26633 -0.979986
552 -1.11861 1.38066 -1.32547 -1.53293
340 -0.486774 1.28552 -1.71319 -1.51517
181 -0.290891 1.55658 -1.56125 -1.36146
943 -0.322255 1.41456 -1.46709 -0.871862
77 -0.122439 1.34794 -1.61754 -0.634378
828 -0.626235 1.58006 -1.26375 -0.662287
78 -0.00729336 1.39345 -1.57031 -0.619492
364 -0.796439 1.55183 -1.08419 -1.69422
495 -0.551703 1.35639 -1.2004 -1.16167
180 -0.341535 1.32477 -1.72874 -1.3215
195 -0.454019 1.42751 -1.30681 -1.09086
225 -0.562217 1.65675 -1.40088 -0.96481
235 -0.332995 1.66336 -1.23944 -1.30785
423 -0.604561 2.00874 -1.63407 -0.354324
509 -0.292786 1.89287 -1.47007 -0.517985
287 -0.485484 2.073 -1.5758 -0.417268
833 -0.661952 1.45465 -1.28509 -1.04768
798 -0.841337 1.65851 -1.18341 -1.07737
230 -0.557986 1.56129 -1.18171 -1.11817
385 -0.228295 1.30627 -1.6703 -0.757905
51 0.0760592 1.57586 -2.29636 -0.602486
3 -0.0743489 1.76662 -2.60942 -0.667556
622 -0.200629 1.35649 -1.62312 -0.731064
554 -0.357442 1.49017 -1.19769 -1.09076
337 -0.617524 1.33287 -1.16337 -1.30784
611 -0.796007 1.60727 -1.37273 -1.40165
303 -0.445577 2.1444 -1.33521 -0.368169
271 -0.884647 2.91983 -1.55616 -0.332367
296 -0.393037 1.95789 -1.38659 -0.570536
985 -0.590699 1.92259 -1.43788 -0.915348
922 -0.541586 1.87561 -1.38682 -0.454926
811 -0.0798623 1.34147 -1.62962 -0.631696
616 -0.494476 1.41374 -1.31803 -1.03631
882 -0.747457 1.4456 -1.18474 -1.29504
614 -0.847155 1.27371 -1.22563 -1.32979
915 -0.542371 1.74057 -1.35545 -0.874181
902 -0.597381 1.66928 -1.35272 -1.06438
327 -1.01342 1.4908 -1.21979 -1.42005
331 -0.884789 1.3683 -1.17227 -1.24215
483 -0.912045 1.48318 -1.10684 -1.16844
281 0.0342533 2.17512 -1.16503 -1.37016
94 0.207797 2.13479 -1.09708 -1.29022
457 -0.174748 1.37744 -1.19106 -0.998162
86 0.483564 2.13859 -1.39704 -1.63166
98 0.279662 2.04518 -1.22957 -1.30372
104 -0.154817 1.81242 -1.4077 -1.15171
996 -0.198303 1.72027 -1.50575 -1.17381
97 0.333766 1.88192 -1.15874 -1.39657
117 0.0711896 1.80077 -1.16504 -1.14965
787 -0.0818863 1.76395 -1.25947 -1.19384
588 -0.0312881 1.73625 -1.20738 -1.2657
93 0.103702 2.19208 -1.06007 -1.38969
930 -0.00712476 1.94842 -1.14562 -1.46023
805 0.149307 1.76849 -1.21334 -1.20708
803 -0.582174 1.57441 -1.38476 -1.20057
204 -0.42971 1.30084 -1.32297 -1.1122
881 -0.766346 1.58793 -1.402 -1.08809
900 -0.728821 1.57202 -1.33708 -1.27852
300 -0.353718 2.27631 -1.41915 -0.363778
421 -0.317155 2.06021 -1.31457 -0.424638
238 -0.837527 1.63212 -1.00785 -1.12695
816 -0.811513 1.47159 -1.15964 -0.973501
405 -0.52245 1.53375 -1.34142 -1.19487
398 -0.641964 1.57504 -1.10003 -1.47718
661 -0.678344 1.35466 -0.995608 -1.28005
248 -1.09234 1.83817 -1.00103 -1.28124
744 -0.731073 1.33474 -1.18572 -1.27865
455 -0.92523 0.936017 -1.46194 -1.19807
243 -0.91063 1.08786 -1.53223 -0.904115
716 -0.482918 1.5298 -1.24933 -0.999344
827 -0.727219 1.58011 -1.3494 -1.20723
721 -0.347084 1.32183 -1.11891 -0.948135
394 -0.842679 1.7049 -1.43939 -1.10724
615 -0.574894 1.50884 -1.30801 -1.08468
715 -0.44346 1.30504 -1.28295 -1.02314
863 -0.439079 1.56097 -1.36854 -1.18005
356 -0.542722 1.58793 -1.61602 -1.29422
912 -0.819511 1.59555 -1.20586 -1.17093
221 -0.812911 1.82977 -1.28048 -1.08692
941 -0.50943 1.48641 -1.2645 -1.01662
193 -0.596076 1.45002 -1.33192 -1.19135
989 -0.0828811 1.85625 -1.42563 -1.2359
849 -0.953372 1.44552 -1.37872 -1.31242
819 -0.684202 1.61733 -1.20939 -1.36828
414 -0.422482 2.46105 -1.43094 -0.404232
978 -0.373435 2.05494 -1.34557 -0.707998
431 -0.372177 2.0475 -1.43041 -0.42865
868 -0.485377 1.97848 -1.3711 -0.41099
534 -0.30428 1.38989 -1.07744 -0.990115
519 0.0525905 1.84737 -1.48493 -1.23109
972 -0.423516 1.45397 -1.30205 -1.10845
862 -0.447152 1.31955 -1.38445 -1.32498
682 -0.12243 1.65945 -1.41334 -1.44792
701 -0.39062 1.33167 -1.35293 -0.883229
696 -1.07073 1.45427 -1.29954 -1.46986
447 -0.725637 1.15435 -1.8309 -1.02216
607 -0.632718 1.23335 -1.48637 -0.909975
254 -0.759319 1.22521 -1.67777 -1.16216
852 -0.330128 1.3012 -1.32329 -1.06916
198 -0.480822 1.20276 -1.26905 -1.12494
344 -0.193005 1.42476 -1.55346 -1.29969
205 -0.355486 1.28242 -1.2675 -1.0581
346 -0.368956 1.66548 -1.48649 -1.28392
206 -0.397741 1.36405 -1.18081 -1.18461
795 -0.138082 1.34804 -1.21623 -1.09574
199 -0.492246 1.31061 -1.25831 -1.12817
185 -0.404379 1.04676 -1.61509 -1.43219
861 -0.402328 1.09527 -1.26435 -1.07804
184 -0.279472 1.29643 -1.49505 -1.15461
867 -0.644784 1.30712 -1.29524 -0.929054
877 -0.613097 1.66158 -1.27925 -1.06505
228 -0.686625 1.56935 -1.23595 -1.26591
40 -0.0967994 1.27769 -1.67616 -0.698099
940 -0.12622 1.36067 -1.60728 -0.727082
178 0.00552903 1.24766 -1.62671 -1.50141
257 -0.436915 1.66838 -1.1134 -1.15188
417 -0.45494 2.5235 -1.36691 -0.383056
203 -0.40356 1.34278 -1.27549 -1.28668
807 -0.324976 1.61159 -1.26811 -1.36098
859 -0.312153 1.58225 -1.36347 -1.50537
680 -0.185211 1.4268 -1.8162 -1.21129
714 -0.544083 1.48731 -1.37339 -0.978644
950 -0.67366 1.58367 -1.55439 -1.03609
713 -0.393906 1.76709 -1.57096 -1.09321
732 -0.344027 1.41709 -1.57259 -0.944961
33 -0.572604 1.5166 -1.59081 -0.862072
712 -0.844001 1.57001 -1.33152 -1.07106
342 -0.226813 1.45659 -1.85442 -1.18106
983 -0.43567 1.68527 -1.61717 -1.13327
415 -0.464457 2.37564 -1.63411 -0.187904
946 -0.787617 1.55119 -1.30016 -1.17692
708 -0.606797 1.75044 -1.48225 -1.04274
905 -0.741157 1.6638 -1.44323 -1.09779
553 -0.879003 1.50519 -0.991284 -1.45065
560 -0.76204 1.78133 -1.21276 -1.36257
869 -0.825653 1.52733 -0.927203 -1.13552
480 -1.02755 1.53674 -1.10696 -1.39696
482 -1.03567 1.3949 -1.12015 -1.36519
475 -0.929718 1.44747 -1.13019 -1.2608
707 -0.750937 1.75783 -1.53668 -0.880413
334 -0.71621 1.26912 -1.25121 -1.26301
659 -0.55716 1.54251 -1.02178 -1.05942
106 -0.308242 1.47457 -1.07612 -1.35222
820 -0.495119 1.60296 -1.19668 -1.18655
575 -0.527957 2.13011 -1.19844 -0.555974
921 -0.55374 2.40329 -1.39814 -0.399589
959 -0.488088 1.80072 -1.43054 -0.910422
845 -0.67965 1.70747 -1.34141 -0.825672
775 -0.964077 1.33996 -1.25784 -1.35758
610 -1.03011 1.66065 -1.37049 -1.57268
320 -0.848033 1.27866 -1.24702 -1.36374
213 -0.981516 1.64011 -1.443 -1.08122
543 -0.148112 1.53701 -1.67695 -0.688632
541 -0.038852 1.6002 -2.01605 -0.517376
620 -0.184241 1.21998 -1.78242 -0.645617
634 -0.694217 1.01266 -1.9076 -0.907528
910 -0.324805 1.4236 -1.36555 -1.27439
669 0.0442597 1.75449 -1.393 -1.03014
522 -0.287906 1.56462 -1.48834 -1.12996
400 -0.0173355 1.93815 -1.06532 -1.39238
965 -0.161951 1.73147 -1.045 -1.28502
735 -0.517101 1.53394 -1.3864 -0.967729
846 -0.627161 1.66231 -1.36589 -0.904438
717 -0.462235 1.3608 -1.36987 -0.946087
937 -0.453933 1.58001 -1.20203 -0.993153
825 -0.781945 1.83121 -1.49345 -1.09274
855 -0.0575673 1.38754 -1.56411 -0.741292
957 -0.164321 1.42366 -1.36895 -1.15341
432 -1.28768 1.13054 -2.69312 -1.24757
134 -1.16691 1.10661 -2.65924 -1.49712
596 -0.685864 0.916044 -2.04347 -1.00624
591 -1.15538 1.15993 -2.49078 -1.0675
458 -0.629038 1.00222 -1.3821 -0.908601
99 0.0917965 2.02124 -1.15416 -1.06533
563 -0.746922 1.61855 -1.25092 -1.35582
818 -0.893375 1.59914 -1.26466 -1.24639
528 -0.947043 1.46755 -1.14464 -1.24582
276 -0.986901 2.68267 -1.4802 -0.360436
886 -0.412345 1.95665 -1.2085 -0.414584
288 -0.278687 2.40046 -1.38193 -0.449147
430 -0.316394 1.83917 -1.28173 -0.325929
65 0.160406 1.56047 -1.75638 -0.736337
36 -0.0545065 1.57061 -1.73458 -0.596519
748 -0.177816 1.34782 -1.82384 -0.737523
913 -0.764169 1.48319 -1.23212 -1.09443
741 -0.714647 1.35295 -1.12951 -1.21821
13 -0.866334 1.55158 -1.27013 -1.70022
27 -0.0923481 1.38137 -2.00233 -0.818662
20 -0.0545237 1.66486 -2.3623 -0.517353
17 0.137706 1.63651 -2.36454 -0.775501
39 -0.0648064 1.42012 -1.69495 -0.633718
16 0.132935 1.54203 -2.30976 -0.798311
914 -0.548058 1.56547 -1.19378 -1.15483
970 -0.653501 1.6625 -1.2881 -1.15419
395 -0.756829 1.84263 -1.28389 -1.50083
662 0.248124 1.94316 -1.72612 -1.47159
753 -0.145614 1.81223 -1.51501 -1.11671
643 -0.591369 1.60042 -1.32206 -0.87869
843 -0.240781 1.72046 -1.45046 -1.26146
842 0.222627 1.74475 -1.17536 -1.07519
151 -0.785595 1.68652 -0.963401 -1.25501
916 -0.555419 1.30474 -1.7205 -0.940746
655 -0.61512 1.48427 -1.76055 -0.908443
443 -0.824869 1.12386 -2.01463 -1.09637
191 -0.610987 1.37126 -1.4042 -1.26801
182 -0.436687 1.60353 -1.5155 -1.20589
189 -0.474774 1.30034 -1.4815 -1.36985
21 -0.137401 1.61234 -2.30727 -0.515218
621 -0.0869698 1.28491 -1.6053 -0.709474
876 -0.649239 1.58117 -1.3199 -1.235
874 -0.470762 1.47788 -1.40057 -1.39514
349 -0.172718 1.22776 -1.38578 -1.22398
153 -0.740538 1.27829 -0.985047 -1.29622
253 -0.753701 1.54685 -1.07349 -1.45444
71 -0.262556 1.50816 -1.53448 -0.730403
851 -0.239335 1.51034 -1.28514 -0.969075
358 -0.445736 1.39011 -1.45101 -1.18843
183 -0.402626 1.77878 -1.3257 -1.16043
691 -0.428355 1.47864 -1.33136 -1.10817
570 -0.606014 1.53425 -1.10432 -1.23695
75 -0.44064 1.41451 -1.09572 -1.03261
26 -0.0445889 1.73722 -2.21556 -0.403956
42 -0.074332 1.50365 -1.61578 -0.491279
544 -0.034918 1.37315 -1.67648 -0.671609
165 -0.681419 1.4635 -1.11697 -1.40381
435 -1.47718 1.2759 -2.80137 -0.989892
444 -1.10691 1.10822 -2.07863 -0.845967
25 0.123977 1.63659 -2.12025 -0.713322
988 -0.749281 1.66012 -1.39967 -1.32817
873 -0.863737 1.52611 -1.40073 -1.36408
765 0.155546 1.84827 -1.1769 -1.23537
556 -0.653961 1.4801 -1.29847 -1.26776
558 -0.880876 1.67017 -1.15703 -0.765478
747 -0.909114 1.82834 -1.17575 -1.16879
639 -0.619907 1.61228 -1.16922 -1.00377
649 -0.729873 1.44089 -1.19237 -1.05071
163 -0.471253 1.31271 -1.0564 -1.3791
945 -0.797076 1.54948 -1.32995 -1.12289
155 -0.590811 1.61668 -1.22943 -1.48189
772 -0.114594 1.69116 -1.13126 -1.25511
249 -0.824438 1.70059 -1.07602 -2.01057
987 -0.348441 1.43087 -0.967573 -1.12395
501 -0.193542 1.94087 -1.30724 -0.841423
64 0.0398424 1.54024 -1.55525 -0.934765
263 -0.347331 1.56357 -1.22622 -1.09686
274 -0.0531051 2.12241 -1.66719 -0.83666
593 -1.00605 1.19689 -2.11506 -1.08125
441 -0.743402 0.95639 -2.15795 -1.11687
179 -1.07304 0.917627 -2.16942 -1.30938
609 -0.945441 0.933633 -2.10769 -1.25729
141 -1.02082 1.47398 -1.3819 -1.5107
260 -0.579408 1.39044 -1.06159 -0.974355
142 -0.885188 1.54874 -1.13369 -1.60016
947 -0.756105 1.631 -1.18577 -1.28783
216 -0.942544 1.74673 -1.244 -1.35079
973 -0.280899 1.7579 -1.33239 -0.982613
277 -0.659004 2.82077 -1.38456 -0.395649
285 -0.960809 2.54662 -1.36906 -0.357296
791 0.07386 1.84293 -1.30017 -1.26481
84 0.34255 2.3148 -1.04575 -1.85673
790 0.219282 2.00291 -1.14584 -1.38338
391 -0.0744098 1.37171 -1.70197 -0.599486
926 -0.482458 1.22128 -1.85426 -0.847285
752 -0.726747 1.04524 -1.5819 -1.11452
157 -0.719375 1.56467 -1.20353 -1.2584
407 -0.725148 1.54849 -1.1167 -1.41544
920 -0.142632 1.25506 -1.65712 -0.617682
209 -1.06021 1.83394 -1.41526 -1.1089
901 -0.567557 1.56855 -1.40312 -1.17697
636 -0.786743 1.77104 -1.17087 -1.40872
840 -0.20892 1.48328 -1.33749 -0.971835
681 -0.327919 1.60904 -1.50868 -1.45807
606 -0.730409 0.855709 -1.69677 -0.936548
625 -0.148148 1.21536 -1.43361 -0.619918
478 -1.1099 1.6576 -1.30572 -1.48194
711 -0.67075 1.58228 -1.4786 -1.041
794 -0.540684 1.43611 -1.07437 -1.36602
333 -0.851615 1.21076 -1.22185 -1.28868
754 -0.14132 2.00059 -1.5101 -0.94299
757 -0.281941 1.62775 -1.41438 -1.07513
72 -0.18225 1.35953 -1.57125 -0.614079
350 -0.331296 1.43458 -1.44474 -1.02152
675 -0.182616 1.4712 -1.34463 -1.00051
445 -0.911871 0.949339 -2.22314 -1.0645
224 -0.741716 1.72866 -1.28248 -1.06203
227 -0.802741 1.84841 -1.40498 -1.07885
879 -0.329928 1.63319 -1.37262 -1.0632
112 0.164781 1.68364 -1.09903 -1.29083
108 0.0194686 1.73958 -1.23796 -1.24535
719 -0.524179 1.54386 -1.52042 -0.910487
438 -0.58576 1.43078 -1.64971 -1.26485
683 -0.36311 1.53286 -1.59913 -1.26934
687 -0.400866 1.60587 -1.55894 -1.18357
347 -0.474003 1.40989 -1.36683 -1.1639
710 -0.574458 1.68662 -1.46734 -1.12071
427 -0.176447 1.73352 -1.28942 -0.659682
841 -0.0473852 1.90036 -1.50522 -1.39881
834 0.133997 1.74977 -1.19306 -1.30671
991 -0.669271 1.39067 -1.11324 -1.04976
858 -0.736721 1.51167 -1.23409 -1.29286
698 -0.438595 1.38286 -1.4056 -1.26527
196 -0.322429 1.21575 -1.23771 -1.12138
956 -0.641287 1.60996 -1.25883 -1.19888
800 -0.849084 1.51408 -1.26081 -1.17022
618 -0.581389 1.45707 -1.23046 -1.09965
28 0.106142 1.43024 -1.92088 -0.661635
671 -0.281967 1.67355 -1.33155 -1.17035
69 -0.150285 1.95921 -1.39734 -0.335504
326 -0.962202 1.57875 -1.29401 -1.07324
555 -0.85261 1.59042 -1.08362 -1.32096
351 -0.393774 1.45923 -1.39325 -1.26503
673 -0.0874546 1.87275 -1.4705 -1.25574
776 -0.318315 1.44765 -1.33406 -1.14839
357 -0.424684 1.29989 -1.36645 -1.11618
353 -0.368112 1.3427 -1.42694 -1.21632
864 -0.297716 1.4739 -1.29868 -0.61283
929 -0.205086 1.34028 -1.29353 -0.832809
530 -0.231947 1.86333 -1.37738 -0.968145
906 -0.485625 1.64515 -1.47118 -1.10643
872 -0.653853 1.42319 -1.1978 -1.14392
569 -0.703696 1.33413 -1.11036 -1.1872
860 -0.382878 1.48677 -1.43817 -1.3133
290 -0.609389 2.43783 -1.29569 -0.468916
976 -0.885552 1.50879 -1.17874 -1.2418
831 -0.897376 1.43762 -1.22335 -1.27114
291 -0.409766 2.29693 -1.21167 -0.408941
286 -0.622502 2.56262 -1.507 -0.186411
471 -1.05205 1.43748 -1.20603 -1.43395
745 -0.970698 1.47152 -1.18915 -0.978617
294 -0.558629 2.03888 -1.32417 -0.426092
192 -0.124073 1.8344 -1.38692 -1.36957
891 -0.814574 1.05748 -1.9914 -1.11255
451 -1.06068 0.988058 -1.87573 -1.24409
453 -0.757075 0.939335 -1.65464 -1.05127
597 -1.02373 1.08151 -2.01016 -0.943139
497 -0.805502 2.37269 -1.62786 -0.224236
629 -1.03252 0.990733 -2.12512 -0.954373
306 -0.448477 1.92166 -1.26277 -0.466981
323 -1.05115 1.42785 -1.1537 -1.32381
313 -1.34911 1.48978 -1.39231 -1.66443
812 -0.710404 1.55542 -1.36315 -0.995009
162 -0.727826 1.48568 -0.940549 -1.44472
493 -0.677422 1.50447 -1.13059 -1.39863
507 -0.420496 2.1778 -1.37035 -0.305071
498 -0.539875 2.05159 -1.5101 -0.378806
512 -0.254025 2.05364 -1.29571 -0.514699
504 -0.397485 2.02419 -1.39739 -0.36642
428 -0.467089 2.11767 -1.37294 -0.464125
971 -0.160665 1.45869 -1.21672 -1.20181
146 -0.523258 1.51397 -1.17297 -1.30048
377 -0.296527 1.61563 -1.22059 -1.01208
379 -0.0817734 1.40122 -1.00554 -0.994626
786 0.196744 1.70816 -1.04505 -1.24549
109 -0.265918 1.7024 -1.30909 -1.12745
465 -0.535915 1.61985 -1.53359 -1.08481
980 -0.662885 1.36642 -1.32051 -1.22717
769 -0.57597 1.40891 -1.19666 -1.21146
76 -0.023201 1.53087 -1.75401 -0.703213
899 -0.610549 1.59886 -1.33441 -1.09855
389 -0.572047 1.38022 -1.23884 -1.04817
393 -0.103768 1.29255 -1.47787 -0.659936
547 -0.483986 1.41611 -1.4391 -0.948275
549 -0.375566 1.33457 -1.36312 -0.926235
550 -0.0935842 1.49115 -1.71226 -0.942079
265 -0.543596 1.32465 -1.37887 -0.994627
954 -0.136687 1.51087 -1.74857 -0.743965
854 0.0608216 1.44221 -1.95749 -0.731286
31 -0.341443 1.28075 -1.97718 -0.533013
242 -0.514848 1.50354 -1.18906 -1.01474
233 -0.538903 1.39794 -1.40503 -1.03189
903 -0.651253 1.43164 -1.08671 -1.08373
214 -0.725342 1.68019 -1.31039 -1.21674
762 -0.640209 1.27716 -1.3647 -1.10567
111 0.11533 1.83516 -1.39376 -0.955343
836 0.135759 1.79734 -1.32206 -1.31961
581 -0.030707 2.04259 -1.17721 -1.21082
115 -0.0564567 1.72366 -1.0851 -1.28674
729 -0.635197 1.71274 -1.49106 -0.955534
626 -1.05329 1.059 -2.381 -1.16702
919 -0.668814 1.2549 -2.107 -0.905211
454 -0.970392 0.823498 -1.83428 -1.02687
297 -0.353608 2.05247 -1.35594 -0.4502
594 -1.09229 1.0887 -2.14358 -1.00805
632 -0.729011 0.985556 -1.78968 -1.00411
953 -0.300085 2.06424 -1.29994 -0.403039
508 -0.62181 1.32958 -1.45505 -0.883052
927 -0.500022 2.07818 -1.25933 -0.355864
887 -0.429113 2.25814 -1.3776 -0.512053
844 -0.144084 1.88685 -1.16063 -1.02815
144 -0.729401 1.54972 -0.991408 -1.5512
799 -0.675995 1.54315 -1.15383 -1.16841
770 -0.529733 1.57067 -1.23733 -1.15007
813 -0.785119 1.63181 -1.27315 -1.06146
325 -1.08431 1.45351 -1.14938 -1.11817
491 -0.989594 1.01833 -1.87088 -1.10183
932 -0.655689 1.40216 -1.36215 -1.13581
814 -0.62964 1.41422 -1.12674 -1.0145
388 -0.16818 1.36576 -1.52539 -0.785802
802 -0.553933 1.63417 -1.28622 -1.25979
211 -1.05208 1.64018 -1.43931 -1.00387
909 -0.170562 1.53198 -1.54813 -1.56817
172 -0.325162 1.46711 -1.43608 -1.54262
685 -0.422916 1.49487 -1.45074 -1.30419
355 -0.869433 1.33787 -1.26615 -1.21664
171 -1.20696 1.68958 -1.35773 -1.64854
479 -0.877106 1.30944 -1.27138 -1.21556
756 -0.303906 1.61075 -1.37413 -0.964537
746 -0.752838 1.42805 -1.12796 -0.996885
68 0.181056 1.51665 -1.68544 -0.806316
934 -0.798129 1.53106 -1.3012 -1.33198
548 -0.0754799 1.13052 -1.96384 -0.670522
619 -0.041486 1.27969 -1.78141 -0.599749
460 -0.534223 0.920334 -1.66683 -0.931808
466 -0.180981 1.22114 -1.47704 -0.743022
982 -0.589168 1.53767 -1.25993 -1.08247
720 -0.62351 1.048 -1.74449 -1.02588
246 -0.672223 1.42387 -1.49387 -1.05391
645 -0.720679 1.59978 -1.44951 -1.19635
426 -0.460347 2.08983 -1.306 -0.54525
280 -0.517872 2.71512 -1.56723 -0.258096
329 -1.10442 1.35845 -1.3948 -1.32453
295 -0.407089 1.58374 -1.30594 -0.865777
371 -0.762026 1.53196 -1.23238 -1.35248
567 -0.528046 1.50349 -1.05236 -1.55785
375 -0.616137 1.47093 -1.14958 -1.48992
992 -0.438212 1.69755 -1.41869 -1.07828
674 -0.471245 1.59305 -1.21612 -0.948756
697 -0.145404 1.54103 -1.46179 -1.01426
188 -0.597239 1.55523 -1.29843 -1.53461
966 -0.63892 1.38726 -1.24801 -1.26977
335 -0.754205 1.48929 -1.17698 -1.17664
332 -0.9666 1.32631 -1.05962 -1.39768
545 0.488263 2.07115 -1.47562 -1.43959
684 -0.395888 1.42831 -1.72662 -1.25061
613 -0.923379 1.51446 -1.27703 -1.2741
689 -0.470716 1.20922 -1.32148 -1.29222
704 -0.387682 1.31035 -1.22952 -1.15645
885 -0.269371 1.50703 -1.18603 -1.01934
461 0.0979223 1.79444 -1.4636 -1.10589
806 -0.220284 1.7363 -1.27992 -1.15759
159 -0.667346 1.53013 -1.11702 -1.30907
372 -0.473113 1.63025 -1.40262 -1.18481
809 -0.112516 1.52147 -1.80085 -0.645383
602 -0.807744 1.17209 -1.85117 -0.840742
557 -0.867579 1.21952 -1.0207 -1.14853
362 -1.17642 1.06933 -2.32047 -1.16337
402 -0.655257 1.6656 -1.2154 -1.53055
589 0.0620198 1.72212 -1.0878 -1.27423
998 -0.458646 1.64949 -1.58205 -1.26259
737 -0.418295 1.50001 -1.32875 -0.898153
908 -0.532636 1.60735 -1.2993 -0.872541
832 -0.61098 1.64354 -1.52167 -0.993
969 -0.684062 1.51697 -1.40431 -1.04787
890 -0.922112 1.57673 -1.35501 -1.07807
46 -0.0511616 1.81514 -1.35457 -1.09833
577 -0.364778 2.0588 -1.37123 -0.590961
821 -0.724884 1.3541 -1.06343 -1.24535
330 -1.00273 1.54749 -1.19259 -1.07679
241 -0.686575 1.46909 -1.33272 -1.1016
865 -0.714058 1.5301 -1.28407 -1.18086
236 -0.714189 1.51586 -1.22971 -1.00881
468 -1.13729 1.51946 -1.42952 -1.42816
119 -0.102625 1.77857 -1.10985 -1.22416
586 0.196503 1.94743 -1.15038 -1.34817
761 -0.865457 1.31822 -1.66642 -0.764352
244 -0.822144 1.27013 -1.57448 -1.00775
999 -0.608888 1.90724 -1.53176 -1.30446
977 -1.02274 1.63876 -1.43605 -1.39327
105 0.22748 1.8502 -1.19599 -1.25112
823 -0.765171 1.26083 -1.29711 -1.19573
422 -0.576012 2.13782 -1.22849 -0.442572
499 -0.430787 2.38634 -1.25095 -0.340084
700 -0.37183 1.31872 -1.38641 -1.26313
628 -0.994294 1.1858 -2.23125 -1.1397
763 -0.595331 0.964122 -1.81559 -1.01544
464 -0.258524 1.51631 -1.68788 -0.816914
608 -0.846624 0.998781 -1.80897 -0.965251
601 -0.648834 1.14283 -1.59476 -1.00508
440 -1.04284 1.04756 -2.08858 -1.14465
345 -0.736495 1.09258 -1.84664 -0.990299
259 -0.775292 1.51463 -1.10749 -1.29615
962 -0.567658 1.62344 -1.3545 -1.42921
439 -0.89095 1.04483 -2.11692 -1.01133
955 -0.207556 1.55511 -1.50369 -1.17718
542 -0.0167564 1.33456 -1.69042 -0.614398
546 -0.189211 1.38187 -1.86485 -0.729176
935 -0.811141 1.35295 -1.27116 -1.15689
573 -0.210571 2.0806 -1.23678 -0.551342
850 -0.771296 1.46842 -1.24284 -1.34484
777 -0.877459 1.3897 -1.2284 -1.39894
282 -0.462318 2.55968 -1.5043 -0.415807
298 -0.293634 2.03352 -1.19329 -0.369649
239 -0.517209 1.64749 -1.13809 -1.33515
648 -0.788358 1.15657 -1.44234 -1.05322
122 -0.506793 1.15281 -1.56677 -1.01565
187 -0.492217 1.49594 -1.39148 -1.35744
484 -0.850661 1.42761 -1.03256 -1.29959
749 -0.678641 1.5158 -1.20002 -1.48258
773 -0.530772 1.47991 -1.14006 -1.47474
733 -0.506878 1.46454 -1.24591 -1.04665
598 -0.895534 1.14233 -1.8405 -0.87533
477 -0.77995 1.45541 -1.08534 -1.15775
148 -0.618564 1.50295 -1.18128 -1.59092
847 -0.513561 1.49022 -1.15421 -0.919429
264 -0.712146 1.48126 -1.07516 -1.04892
408 -0.79443 1.36632 -1.11258 -1.31189
984 -0.683537 1.30318 -1.2358 -1.28459
641 -0.807577 1.45593 -1.40289 -1.14107
463 -0.120151 1.46394 -1.6943 -0.599904
640 -0.747874 1.61456 -1.24809 -1.1966
692 -0.488895 1.59354 -1.28187 -1.0426
878 -0.413141 1.30141 -1.39191 -1.04287
258 -0.53749 1.26346 -1.08386 -1.41889
401 0.157119 1.71232 -1.01439 -1.3854
494 -0.343731 2.02954 -1.20505 -0.586756
897 -0.48373 2.20476 -1.20913 -0.493694
485 -0.800237 1.4268 -1.28945 -1.28075
559 -0.846736 1.27235 -1.10163 -1.19525
535 -0.16017 1.68807 -1.47864 -0.871549
505 -0.561402 1.60884 -1.25028 -0.887611
568 -0.428391 1.37983 -1.34685 -1.2207
506 -0.372189 1.89348 -1.33837 -0.567579
792 0.222807 1.88042 -1.19404 -1.21851
760 -0.197558 1.42647 -1.37134 -1.02396
918 -0.410619 1.42186 -1.29796 -1.09385
677 -0.311967 1.60036 -1.3653 -1.0704
666 -0.224343 1.6652 -1.59572 -0.989457
837 -0.204883 1.61443 -1.55575 -1.13924
411 -1.04943 2.36223 -1.56688 -0.430152
960 -0.566227 1.5975 -1.28195 -1.09955
149 -0.722517 1.45515 -1.19791 -1.42498
229 -0.658381 1.60011 -1.16767 -1.35498
702 -0.511609 1.31977 -1.2699 -1.18597
633 -0.875812 0.865664 -1.87748 -1.14349
503 -0.245908 2.01475 -1.37682 -0.518417
381 -0.0594057 1.73281 -1.53978 -0.800651
801 -0.804602 1.514 -1.22265 -1.1055
284 -0.606512 2.59767 -1.52359 -0.175645
302 -0.608064 2.24897 -1.30996 -0.351644
585 -0.185472 1.5959 -1.25098 -1.39566
110 0.0476039 1.87837 -1.05062 -0.979835
979 -0.332171 2.12561 -1.38442 -0.563259
66 -0.0490883 1.51754 -1.67395 -0.660796
449 -0.676336 1.05729 -1.78227 -1.08046
755 -0.0864871 1.78435 -1.56083 -1.20751
952 -0.637545 2.20277 -1.48004 -0.501919
657 -0.622701 1.43016 -1.04429 -1.31732
486 -0.963129 1.5482 -1.0824 -1.28877
784 0.224182 2.17224 -1.27137 -1.12007
166 -0.41644 1.59152 -1.05527 -1.38515
374 -0.898969 1.61821 -1.16487 -1.09199
373 -0.810849 1.41209 -1.05545 -1.41147
679 -0.241898 1.61145 -1.4473 -1.18562
656 -0.666351 1.45802 -1.16001 -1.57245
672 0.081722 1.52792 -1.28102 -1.25108
245 -0.663903 1.56501 -1.25521 -1.24335
124 -0.180769 1.56607 -1.45794 -1.10272
730 -0.534571 1.46101 -1.4823 -0.769027
830 -0.571868 1.4945 -1.35127 -1.02036
511 -0.242988 1.99477 -1.44202 -0.622104
797 -0.0476514 1.52824 -0.984224 -1.22425
261 -0.697514 1.66556 -1.13339 -1.20387
564 -0.842175 1.01763 -1.88127 -1.19079
459 -0.728402 0.954205 -1.91146 -0.962271
990 -0.383746 1.97207 -1.51428 -0.660796
678 -0.089872 1.6659 -1.22292 -0.893462
44 -0.00139841 1.42642 -1.83622 -0.619625
450 -0.857978 0.997795 -2.00218 -0.946448
240 -0.640399 1.35534 -1.06624 -1.09849
766 -0.673112 1.23027 -1.20814 -1.00227
646 -0.556735 1.5664 -1.12112 -0.99274
958 -0.156282 1.69704 -1.14109 -1.26632
948 -0.176459 1.96707 -1.33564 -1.2448
376 -0.803689 1.36628 -0.936768 -1.2261
200 -0.328149 1.37292 -1.14111 -0.859557
740 -0.880514 1.74282 -1.10129 -1.26118
154 -0.04338 1.85269 -0.977975 -1.58587
103 -0.602649 1.5569 -1.15116 -1.40998
848 -0.82958 1.58025 -1.35802 -1.32175
289 -0.413484 2.0848 -1.40556 -0.421353
870 -0.0472334 1.78677 -1.31403 -1.0878
43 0.250251 1.6643 -1.31185 -0.89923
442 -0.873463 1.10311 -2.1511 -1.02693
653 -0.8951 1.16964 -1.84287 -0.963335
771 -0.468738 1.43329 -1.15591 -1.06647
232 -0.628365 1.66075 -1.31497 -1.06741
307 -0.339872 1.46535 -1.3139 -0.894476
456 -0.987088 1.02835 -1.48627 -1.0207
409 -0.403172 1.60788 -1.21299 -1.11334
354 -0.507164 1.37793 -1.38819 -1.09076
360 -0.578751 1.43426 -1.45826 -1.36179
967 -0.671043 1.27349 -1.71707 -0.960691
352 -0.383897 1.39754 -1.29602 -1.11694
884 -0.536594 1.44938 -1.35408 -1.08645
928 -0.392232 1.52183 -1.53018 -1.08028
889 -0.587596 2.03402 -1.19481 -0.501863
743 -0.500169 1.60488 -1.25199 -1.25083
650 -0.968593 1.4241 -1.24292 -1.25529
305 -0.457408 2.06664 -1.38532 -0.458761
767 -0.630938 1.52052 -1.19874 -0.988449
592 -1.1363 1.11366 -2.48497 -1.11338
804 -0.811085 1.5967 -1.28809 -1.18379
604 -0.835399 1.03269 -1.68099 -1.03506
986 -0.792406 1.33685 -1.76748 -1.09177
751 -0.531698 1.50447 -1.10596 -1.17883
600 -0.613371 1.13391 -1.81944 -0.970031
725 0.0395599 1.87643 -1.26122 -1.00025
764 -0.840413 0.936195 -1.61482 -1.10166
390 -0.10095 1.1887 -1.59453 -0.628669
938 -0.154916 1.62508 -1.34538 -1.12218
829 -0.0345762 1.77491 -1.26743 -1.18427
338 -0.800457 1.57097 -1.10083 -1.25934
647 -0.754386 1.4703 -1.16541 -1.08824
448 -0.78934 1.04365 -1.87594 -1.14825
510 -0.340265 2.1505 -1.35478 -0.403422
