1000 8
798 -0.93052 0.377377 0.360302 -1.55338 -0.242608 1.33392 0.105218 0.909217
196 -0.690242 0.122889 0.807055 -1.31408 -0.0442672 0.945036 0.00546785 0.914494
731 -0.287734 0.273445 0.0217291 -1.2356 -0.110212 1.54304 0.196513 1.2887
905 -0.424914 0.186375 0.141414 -1.31959 0.0508317 1.66215 0.207602 1.39971
708 -0.083059 0.146767 -0.0438671 -1.43145 0.0282344 1.92219 0.35877 1.77795
906 -0.176982 0.130754 0.0742687 -1.18322 -0.019828 1.63809 0.170113 1.47378
904 -0.210695 0.172966 0.00883865 -1.05818 -0.198281 1.84438 -0.0644314 1.54146
944 -0.418951 0.204306 0.15706 -1.09636 -0.0667731 1.54823 0.0701643 1.36179
81 -0.409313 -0.520774 0.550348 -1.47179 1.14338 1.12428 0.207528 1.67798
375 -0.495712 -0.178455 0.480926 -1.13211 0.537903 0.928946 0.18727 1.00639
740 -0.4503 -0.116748 0.47717 -1.31854 0.787839 0.995392 0.172531 1.22364
372 -0.570206 -0.191236 0.442033 -1.17632 0.541763 1.159 -0.0564368 1.32514
829 -0.453832 -0.266118 0.450775 -1.13636 0.133515 1.00983 0.0240042 1.50388
841 -0.604238 -0.514571 0.666784 -1.16566 -0.0424243 0.889912 -0.277359 1.64075
870 -0.587669 -0.319184 0.43627 -0.969134 0.0565432 0.99968 -0.387796 1.56285
87 -0.349024 -0.669164 0.623227 -1.29713 0.0857534 0.792244 -0.391407 2.07392
192 -0.483479 -0.234326 0.745648 -1.3046 -0.0605467 0.936908 -0.256657 1.45427
836 -0.517479 -0.275637 0.583733 -1.10461 0.052337 0.862206 -0.180199 1.28949
512 -1.13175 0.423554 0.756229 -1.00657 0.165467 0.613017 0.262017 1.31294
421 -1.13102 0.411082 0.622631 -0.9862 0.163897 0.616117 0.14498 1.48466
273 -1.55069 0.859537 0.721726 -1.00909 0.139041 0.726435 0.115057 2.14218
277 -1.2765 0.791417 0.814927 -1.14165 0.201392 0.633912 0.234012 1.89399
271 -1.57347 0.767131 0.852459 -1.20983 0.077577 0.572572 -0.102486 1.94088
293 -1.18012 0.632427 0.511296 -1.14163 0.270996 0.574274 0.119952 1.42648
418 -1.13651 0.427317 0.721616 -1.19022 0.181565 0.705161 0.136852 1.53368
502 -1.09667 0.288719 0.634042 -1.13603 0.0927051 0.788261 0.101408 1.41543
936 -0.423118 0.141775 0.117345 -0.947382 -0.0885844 1.37186 0.115481 1.19972
896 -0.848065 -0.187608 0.919881 -0.920797 0.233614 1.05052 0.128825 1.07293
997 -0.808188 -0.231742 1.05673 -1.17605 0.323042 1.20675 0.135681 1.04301
128 -0.561297 -0.748302 0.407591 -1.23174 1.21306 1.51212 0.251557 1.68764
125 -0.408622 -0.521448 0.554213 -1.85309 1.10745 1.13804 0.493556 1.63183
151 -0.363595 -0.362063 0.460916 -1.41883 1.01423 0.987099 0.423375 1.37712
13 -0.36675 -0.314584 0.354808 -1.284 1.10381 1.49435 0.464032 1.65368
820 -0.617483 -0.19236 0.57243 -1.13846 0.588958 0.971176 0.268854 1.24528
490 -0.793331 -0.0310777 0.533262 -1.16569 0.644068 0.961104 0.360958 1.35753
266 -0.629906 -0.138616 0.441872 -1.31835 0.585795 1.08431 0.172294 1.32976
674 -0.891961 -0.0620577 0.777154 -0.960881 0.212432 0.909644 0.038806 0.984773
662 -1.29478 -0.195371 1.65373 -0.941666 0.348131 1.38429 0.317777 1.38352
369 -0.791173 -0.245366 1.2028 -0.956797 0.349133 1.08441 0.324244 1.06572
367 -0.436674 -0.384527 0.405862 -1.14441 0.876436 0.959817 0.138821 1.41072
152 -0.428159 -0.261512 0.470363 -1.22982 0.814557 0.978654 0.179604 1.24676
790 -0.446985 -0.471615 0.567482 -1.17487 0.0733384 0.703283 -0.295401 1.77312
412 -0.25517 -0.316835 0.676142 -1.23209 -0.11647 0.608743 -0.155117 1.77435
545 -0.511414 -0.54265 0.620345 -1.17729 -0.0510479 0.949087 -0.508487 1.67371
660 -0.493364 -0.206002 0.576508 -1.09134 0.493767 0.902405 0.211218 1.10021
663 -1.04018 -0.258028 1.52967 -0.758997 0.24481 1.31988 0.372496 1.42424
437 -1.17324 -0.494231 1.52671 -0.883217 0.161566 1.21376 0.337336 1.29943
432 -2.08286 -0.184049 0.477034 -1.35956 0.0538074 1.34131 0.471133 1.11351
278 -1.48014 0.720406 0.598332 -1.16403 -0.00759506 0.601245 0.285518 1.74275
210 -0.938934 0.342583 0.164633 -1.75376 -0.320346 1.4438 0.23229 0.984496
709 -0.25517 0.182874 0.033244 -1.24837 -0.213948 1.97537 0.280652 1.54369
815 -0.76772 0.0954918 0.281516 -1.30752 -0.168055 1.05774 0.0253281 1.03315
766 -0.766284 0.222161 0.500155 -1.57427 -0.38351 1.23825 0.0543356 0.71999
883 -0.822465 -0.124428 1.05287 -0.899545 0.136371 1.05171 0.0703387 0.921096
519 -0.829056 -0.334142 1.33247 -0.959803 0.198186 1.18347 0.257419 1.182
50 -0.907409 -0.214933 1.57818 -0.631525 0.519518 1.73132 0.232527 1.16187
534 -0.712868 0.0266858 0.7717 -1.01659 0.316555 0.884774 0.0580429 0.889732
665 -0.879011 -0.280958 1.32046 -0.991999 0.0977404 1.00615 0.14313 1.20832
918 -0.813638 0.00252024 0.778477 -0.997084 0.262668 0.896365 0.0355451 0.930883
515 -1.18738 -0.269436 1.62668 -0.863135 0.412988 1.42694 0.226052 1.19758
760 -0.848891 -0.180754 1.04233 -0.957783 0.134845 0.973931 0.164604 1.00453
673 -0.715058 -0.259678 0.72058 -1.25586 0.0846767 1.13717 -0.133003 1.36029
725 -0.4441 -0.157891 0.454856 -1.09769 -0.000581625 1.04166 -0.240811 1.32402
787 -0.464779 -0.279364 0.638467 -1.20181 -0.0318651 0.91076 -0.266524 1.31586
117 -0.386195 -0.411264 0.440221 -1.18128 0.0204876 0.726243 -0.214991 1.65147
528 -0.826062 0.188465 0.540261 -1.21068 0.596529 0.984545 0.123956 0.948428
536 -1.01348 0.538534 0.352813 -1.66794 0.868166 0.997015 -0.186412 1.06565
483 -0.74308 0.114412 0.253335 -1.26584 0.644031 0.833854 -0.0527994 1.07302
276 -1.40601 0.82059 0.736587 -1.23756 0.246755 0.617627 0.305976 1.81914
272 -1.62647 0.911286 0.981294 -1.38254 -0.161094 0.782568 0.248179 1.98772
511 -0.841775 0.0483791 0.808562 -0.974479 0.13506 0.742658 0.26596 1.17379
299 -0.916318 0.246443 0.482971 -1.09217 0.123821 0.815042 0.0640391 1.22418
952 -0.855427 0.426138 0.43073 -1.15256 0.155394 1.04898 -0.0107015 1.46404
734 -0.42582 0.279133 0.12219 -1.27547 0.0188472 1.60067 0.175107 1.42539
302 -0.938613 0.434498 0.496419 -1.09887 0.272152 0.73964 0.118702 1.31027
288 -1.15418 0.334597 0.929055 -1.06522 0.151295 0.684826 0.107578 1.58907
110 -0.550467 -0.294576 0.566137 -1.0492 0.0355123 0.724734 -0.255437 1.43573
671 -1.10413 -0.105745 1.09662 -0.992446 0.13182 1.18124 0.16726 1.14102
532 -0.909833 -0.0854171 1.19604 -0.892794 0.293206 1.00483 0.173056 1.04595
523 -1.015 -0.122478 1.09516 -1.07109 0.145377 1.25285 0.13466 1.04381
801 -0.86023 0.15042 0.476907 -1.29972 -0.0205251 1.227 0.0402369 0.778295
522 -0.981924 -0.204568 1.21847 -0.897401 0.161621 1.15675 0.269821 0.999976
513 -1.229 -0.268822 1.68215 -0.862226 0.379098 1.30921 0.188773 1.06548
274 -1.56911 -0.294915 1.56945 -0.644414 0.211794 1.38941 0.048375 1.23055
916 -1.199 -0.149778 0.399112 -1.05032 0.0715927 1.26898 -0.062382 1.0295
603 -1.06317 -0.00150671 0.579661 -1.16244 0.0770699 0.974316 0.228646 1.02425
433 -2.04834 -0.306009 0.486797 -1.11688 -0.134302 1.36659 0.439724 1.05908
423 -1.25717 0.340458 0.627397 -1.20815 0.176239 0.771771 0.144161 1.52562
602 -1.20158 -0.132565 0.46056 -1.05366 0.0862676 1.17518 0.111694 1.02151
594 -1.39406 -0.265765 0.588419 -1.21235 0.156841 1.09027 0.479888 1.06613
706 -0.19312 0.319881 -0.0466116 -1.54529 0.0853578 2.11698 0.458713 1.6978
240 -0.747696 0.271208 0.103561 -1.30801 -0.190184 1.16479 0.0383834 0.927893
224 -0.825398 0.416817 0.27533 -1.6225 -0.300755 1.15627 0.0896473 0.947411
635 -0.806069 0.0850021 0.113232 -1.69444 -0.325588 1.25308 0.10802 0.931956
647 -0.707131 0.061231 0.293405 -1.34232 0.0934245 1.05478 0.0781536 0.936833
157 -0.486462 -0.159295 0.488533 -1.39058 0.659496 1.00316 0.255401 1.28315
407 -0.552114 -0.16954 0.463307 -1.26757 0.532021 1.00153 0.281137 1.1815
129 -0.360071 -0.593638 0.608941 -1.52302 1.16522 1.32523 0.342586 1.67701
250 -0.506685 -0.127962 0.432557 -1.35814 1.08764 1.04353 0.235369 1.39136
598 -1.32962 0.0246547 0.690411 -1.18058 0.11684 1.1313 0.257245 1.06669
445 -1.20717 -0.160348 0.446817 -1.04534 0.1027 1.1901 0.222229 1.03849
56 -1.06889 -0.127753 0.136663 -0.80402 0.112188 1.70434 -0.845173 1.40596
73 -0.77071 -0.0118494 0.185246 -0.690147 0.170947 1.25367 -0.558727 1.11345
1 -1.07171 0.0183523 0.50616 -0.812352 0.191624 1.88912 -0.778399 1.51998
28 -0.918569 0.0215496 0.280762 -0.764956 0.0749616 1.44458 -0.892549 1.10821
77 -0.701595 -0.0175798 0.260963 -0.876332 0.0990849 1.37176 -0.51369 1.17527
867 -0.77238 0.0819012 0.355298 -1.10115 0.0122971 1.15898 -0.0475947 0.949069
932 -0.796519 0.156255 0.309711 -1.28659 -0.0366359 1.1731 0.127181 0.941153
931 -0.550049 -0.293593 0.604102 -1.25624 0.0725995 0.921671 -0.164374 1.61867
99 -0.549929 -0.34115 0.541001 -1.13154 0.0666107 0.855751 -0.239517 1.73695
79 -0.461965 -0.913429 0.639396 -1.43501 -0.0663858 0.831186 -0.372118 2.39972
106 -0.48039 -0.211848 0.435075 -1.21348 0.364715 0.942361 0.108231 1.28259
265 -0.471768 -0.279353 0.508922 -1.14612 0.599688 1.10104 0.151102 1.21185
428 -1.0428 0.429181 0.609712 -1.15699 0.210732 0.706323 0.166204 1.34282
951 -0.748724 0.283664 0.484856 -1.08132 0.0987525 0.801459 0.128471 1.26508
283 -1.16156 0.552878 0.803864 -1.1078 0.16449 0.542985 0.196649 1.69741
284 -1.36112 0.716372 0.738187 -1.08559 0.18811 0.491181 0.290613 1.80648
497 -1.40868 0.427631 0.719803 -1.06879 0.127322 0.529871 0.242256 1.46512
411 -1.57535 0.636044 0.650663 -1.34922 0.321243 0.56576 0.23438 1.63232
255 -1.17174 0.396079 0.585734 -0.89716 0.24874 0.669243 0.0157536 1.38382
849 -0.923966 0.213172 0.438564 -1.51211 0.667932 0.995469 -0.157476 1.05937
212 -0.808098 0.181085 0.358829 -1.62882 0.855933 0.993756 -0.0481579 1.0611
312 -0.892222 0.498525 0.456723 -1.9207 1.11467 0.961436 -0.159434 1.01614
361 -0.457052 -0.27982 0.372308 -1.39233 0.967304 1.19794 0.253898 1.41773
382 -0.883129 -0.0280521 0.166911 -0.993439 0.278619 1.4396 -0.632062 1.26104
34 -0.742288 -0.0327417 0.196478 -1.00624 0.208384 1.60415 -0.524892 1.3748
940 -0.750295 0.0305894 0.229275 -0.860133 0.184337 1.30437 -0.49161 1.14038
25 -0.913457 -0.0811295 0.174936 -0.985195 0.172208 1.59113 -0.788775 1.42784
469 -0.335105 -0.527155 0.576144 -1.17475 0.186876 0.845876 -0.43297 1.75541
379 -0.233221 -0.358444 0.497535 -1.0006 0.0838111 0.716163 -0.143764 1.31785
217 -0.297664 -0.466126 0.370222 -1.14719 -0.225724 1.08478 -0.446028 1.67696
400 -0.387833 -0.497241 0.467337 -1.31051 -0.0620297 1.0463 -0.32903 1.69693
121 -0.490872 -0.39805 0.402445 -1.02878 -0.00492524 0.850329 -0.327433 1.5442
84 -0.318051 -0.59526 0.615622 -1.54555 -0.252636 0.855401 -0.54158 2.08748
22 -1.17025 0.0420887 0.274457 -0.805238 0.183783 1.58292 -0.884088 1.4882
619 -1.01396 -0.0233037 0.213527 -0.780216 0.0671158 1.37267 -0.642608 1.10121
420 -0.652254 -0.251236 0.699817 -1.19503 -0.0277829 0.751882 -0.155829 1.77634
410 -1.44957 0.652965 0.810706 -1.09991 0.176517 0.601338 -0.0930848 2.20596
289 -1.31748 0.640434 0.75837 -1.20988 0.0656353 0.40635 0.0350331 1.6325
291 -1.13654 0.301767 0.830579 -0.993329 0.194892 0.749341 0.169083 1.47874
494 -0.840019 0.135615 0.51981 -1.08352 0.198838 0.711074 0.094133 1.30545
130 -0.717624 -0.528562 0.624354 -1.30999 1.26956 1.35863 0.287753 1.43337
493 -0.585718 -0.310034 0.613578 -1.23332 0.692168 0.970013 0.287054 1.2109
501 -1.04977 0.0656786 0.981678 -0.925139 0.170067 0.802159 0.152979 1.25958
498 -1.22955 0.522864 0.604843 -0.988631 0.260734 0.597038 0.379805 1.5747
69 -1.11482 0.476661 0.613582 -0.905531 0.0527913 0.664426 0.0203847 1.3896
10 -0.95982 -0.209659 0.283517 -0.953917 0.256722 1.71359 -1.04659 1.51732
6 -1.21445 0.0452936 0.384582 -1.13733 0.101088 1.69191 -1.11751 1.28601
785 -0.740784 -0.290657 1.12237 -0.870337 0.0955103 0.871257 0.0282159 1.12006
666 -1.0907 -0.261356 1.28443 -0.890373 0.100929 1.03869 0.226883 1.18061
526 -0.887186 -0.24295 1.07052 -0.926676 0.251422 1.0589 0.263007 1.01417
514 -1.33778 -0.0599275 1.55436 -0.999505 0.502599 1.22995 0.235371 1.09338
249 -0.421139 -0.399305 0.512959 -1.47446 1.01899 1.06429 0.328464 1.49485
145 -0.509184 -0.171018 0.478257 -1.46473 0.696009 0.947451 0.347081 1.30768
163 -0.419419 -0.201002 0.470194 -1.10452 0.541794 0.793456 0.117625 1.1368
488 -0.421441 -0.40761 0.703496 -1.43638 0.677508 0.989027 0.186584 1.29538
199 -0.538018 -0.00546519 0.823984 -1.35689 0.132024 0.963605 0.0768375 0.860262
876 -0.753573 0.0312861 0.792097 -1.514 0.139166 1.13221 0.0101741 1.02603
495 -0.605789 -0.215155 0.645983 -1.29265 0.568289 0.91253 0.204452 1.15965
16 -0.950328 -0.355116 0.404452 -0.871671 0.170351 1.69872 -1.02668 1.47312
53 -0.882943 -0.12483 0.339315 -0.968764 0.384153 1.6053 -0.807541 1.32763
49 -0.75975 0.106326 0.23171 -0.664917 0.120102 1.12222 -0.50745 1.04913
36 -0.982211 -0.0351721 0.565254 -0.90027 0.0528146 1.28454 -0.476882 1.02147
384 -1.02722 0.047762 0.21787 -0.860291 0.241684 1.36962 -0.687404 1.15402
222 -1.02016 0.399609 0.146349 -1.61036 0.736633 0.957706 -0.0945691 1.0009
949 -0.50174 -0.352053 0.502183 -1.09821 -0.0398304 0.905968 -0.393548 1.53382
105 -0.406142 -0.449006 0.477847 -1.08058 -0.0389458 0.897715 -0.475202 1.68758
113 -0.518841 -0.294068 0.521478 -1.24046 0.00235464 0.879036 -0.270076 1.3958
118 -0.377359 -0.402929 0.450239 -1.0971 0.0594656 0.725474 -0.233167 1.57277
80 -0.244304 -0.638733 0.767471 -1.4512 -0.0199872 0.925769 -0.564836 2.08929
587 -0.558241 -0.248454 0.613367 -1.11874 0.204493 0.920273 -0.0627962 1.38587
580 -0.302578 -0.398654 0.636879 -1.31477 0.0844086 0.815086 -0.166346 1.5608
85 -0.641136 -0.673815 0.656831 -1.18135 -0.118706 0.782125 -0.493461 2.09782
845 -0.407127 0.350847 0.0343176 -1.24487 -0.0550032 1.66802 0.164026 1.46156
710 -0.105443 0.143422 0.102497 -1.23904 -0.120725 1.82431 0.202398 1.50743
518 -0.0703735 0.14272 0.087112 -1.13243 -0.00678106 2.03445 0.380598 1.60061
728 -0.0354262 0.0453526 0.0942694 -1.20425 -0.183971 1.82695 0.1433 1.60996
747 -0.92069 0.28785 0.0331324 -1.7245 -0.000306561 1.38795 0.00742241 0.945521
236 -0.844954 0.3083 0.198994 -1.45966 0.0478461 1.16204 0.0428544 0.895127
659 -0.568769 -0.119597 0.374116 -1.12712 0.530953 0.830225 0.228435 1.24788
370 -0.464777 -0.362583 0.538625 -1.29499 0.848994 0.962599 0.410661 1.36506
789 -0.40829 -0.608997 0.874323 -1.1977 -0.0603517 0.865809 -0.507532 1.77409
499 -0.819296 0.187241 0.707946 -1.03581 0.0871027 0.642894 0.0174669 1.42017
922 -1.10616 0.273811 0.557176 -1.07407 0.163276 0.68851 0.27298 1.28722
330 -0.583984 0.335262 0.0938363 -1.38221 0.514724 0.916759 -0.0151043 1.09651
452 -1.16071 -0.0987186 0.46455 -1.22143 0.0744231 1.07972 0.116286 1.11968
925 -1.11747 -0.0922123 0.442201 -1.05187 0.129228 1.0751 0.0710625 1.11546
449 -1.29102 -0.192164 0.505449 -1.03034 0.151303 1.10892 0.106179 0.973517
4 -1.45498 -0.044067 0.260769 -0.958848 0.285446 1.916 -0.93621 1.30845
745 -0.841992 0.378505 0.277925 -1.38958 0.648474 0.745319 -0.105268 1.00593
551 -1.00495 0.343232 0.308196 -1.45558 0.889695 0.942224 -0.351468 1.20963
247 -0.845797 0.581077 0.1322 -1.84826 1.12904 0.830823 0.0158015 1.27423
195 -0.402618 0.109701 0.773142 -1.43634 -0.0886819 1.11885 0.00665649 0.902075
727 -0.171278 0.248937 -0.103126 -1.47402 -0.213961 2.19406 0.325691 1.74428
830 -0.274004 0.104798 0.195203 -1.17816 -0.0895879 1.49401 0.216333 1.16541
652 -0.355116 0.0937262 -0.0116563 -1.13449 -0.111841 1.59305 0.314859 1.32622
711 -0.329521 0.107957 0.0218763 -1.24292 -0.112084 1.72436 0.353015 1.48264
730 -0.338065 0.202287 -0.113289 -1.0253 -0.0563702 1.69393 0.110668 1.34796
386 -0.982794 0.13745 0.185004 -0.712902 0.101259 1.44876 -0.562268 1.37763
20 -1.39387 -0.0836729 0.33241 -0.856536 0.168286 1.77258 -0.991936 1.39143
541 -1.02614 0.0685533 0.309274 -0.966035 0.15882 1.48536 -0.555653 1.2756
543 -0.642754 -0.0635554 0.300289 -1.01814 0.393721 1.279 -0.239 1.26763
357 -0.521055 0.00167452 0.879086 -1.45742 0.103263 0.934994 -0.00417395 0.82861
206 -0.466279 0.00250107 0.767056 -1.40524 0.0142066 0.974617 0.0163115 0.865666
683 -0.391006 0.111881 1.01206 -1.74606 -0.187069 1.297 0.0483552 0.896059
971 -0.561008 -0.0590156 0.814483 -1.45147 -0.118666 0.94416 -0.155485 1.02679
682 -0.351763 -0.250887 1.21722 -1.6867 -0.103184 0.948254 -0.200801 1.11193
972 -0.617893 -0.00531709 0.824659 -1.37422 0.0696946 1.05034 -0.141345 0.94371
911 -0.718899 0.0871516 0.353595 -1.40668 0.612232 0.917574 0.0154559 1.15575
591 -1.59325 -0.292721 0.444769 -1.10788 -0.0515712 1.23356 0.265781 1.08509
919 -1.47451 -0.0560529 0.283407 -1.04148 0.0278217 1.22896 -0.0747414 1.06147
26 -1.17979 0.0463769 0.303546 -0.979065 0.110145 1.44534 -0.775609 1.25221
30 -1.05029 0.0529763 0.0904454 -0.925409 0.177844 1.48746 -0.759125 1.20474
32 -0.965245 0.13808 0.162202 -0.966068 0.231777 1.39657 -0.804125 1.31163
0 -1.15644 0.121876 0.315452 -1.1379 0.338252 1.86607 -1.03267 1.4389
11 -0.877621 0.548663 0.202907 -1.79311 1.08855 0.959118 -0.465547 1.2406
569 -0.645301 0.0760951 0.433337 -1.32166 0.688197 0.77662 0.0456304 1.10185
467 -1.01958 0.399586 0.371213 -1.57143 1.15019 0.88139 -0.317048 1.17205
508 -1.05283 0.0225122 0.553413 -1.08493 0.0979256 1.03205 0.189226 1.11052
763 -0.948344 -0.112897 0.313328 -0.847347 0.0424909 1.13134 0.0398909 1.01296
134 -1.92178 -0.37961 0.458007 -1.34142 0.137345 1.2564 0.764856 1.00919
441 -1.35956 -0.105189 0.645647 -1.07046 -0.000233791 1.00054 0.207001 0.895703
439 -1.61848 -0.267997 0.443791 -1.01882 -0.113178 1.28771 0.469912 0.944721
51 -1.14037 -0.0229079 0.287638 -0.935645 0.264026 1.64683 -0.723683 1.28685
920 -0.835803 0.0250297 0.221308 -0.835067 0.11176 1.14506 -0.402742 1.04109
826 -0.183246 0.115381 0.0815401 -1.37598 0.0050212 1.9318 0.314376 1.50989
630 -0.396271 0.00238445 0.136998 -1.18948 -0.0693112 1.62499 0.37046 1.23257
31 -0.974352 -0.0515546 0.127193 -0.877973 0.132889 1.49496 -0.503882 1.30775
18 -1.31761 -0.136423 0.171509 -0.835236 0.19838 1.63818 -0.888249 1.39886
174 -0.199405 0.246172 0.0254459 -1.36604 -0.267918 2.04903 -0.10417 1.48974
112 -0.126245 -0.378938 0.411603 -1.08726 -0.0886984 0.771282 -0.230713 1.62453
705 -0.225353 0.265982 0.0318962 -1.44998 -0.253132 2.12668 0.271462 1.90179
886 -1.1883 0.412007 0.639073 -1.12444 0.233319 0.79626 0.210959 1.4592
280 -1.44596 0.804319 0.737751 -0.988557 0.128241 0.721495 0.0173052 1.83804
776 -0.767016 0.0307336 0.902885 -1.08718 0.354559 0.933984 0.0890427 0.889818
517 -1.06744 -0.168247 1.54974 -0.999923 0.497954 1.24338 0.26983 1.14599
670 -0.884853 -0.0954199 1.06011 -0.954583 0.134435 1.13339 0.197114 1.16974
937 -0.246472 -0.0115944 0.225097 -1.15016 -0.0503969 1.33818 0.0459881 1.40928
717 -0.383876 0.17657 0.166636 -1.11321 -0.0842872 1.36044 0.0390395 1.18199
880 -0.428813 0.256081 -0.00216963 -1.39296 -0.00533558 1.5911 0.183572 1.17532
547 -0.253445 0.127566 0.0572007 -1.11267 -0.0845716 1.72914 0.0209509 1.35483
689 -0.639426 0.09756 0.802537 -1.42005 -0.0439893 1.21887 -0.0972877 0.856636
335 -0.795883 0.0340611 0.454417 -1.39777 0.417777 0.919283 -0.0459318 1.07048
308 -1.12622 0.843048 -0.0314285 -1.98875 1.08511 1.1412 -0.250235 1.19295
328 -1.02635 0.359567 0.25567 -1.24669 0.498117 0.795858 0.0990966 0.968321
305 -0.947094 0.408926 0.62079 -1.2556 0.180406 0.752557 0.135225 1.26596
346 -0.600348 0.0712132 1.14674 -1.675 -0.124272 1.15232 0.0194505 0.920006
205 -0.438758 0.0548784 1.15568 -1.50214 -0.190123 0.847885 -0.0857653 0.854482
339 -0.632107 0.281187 1.33559 -1.76509 -0.433847 1.28255 -0.442699 0.871696
874 -0.716197 -0.0652403 0.864699 -1.54693 0.123281 1.03317 0.00714056 0.955623
177 -0.531031 0.0529134 1.24452 -1.82537 -0.0322865 1.00303 -0.0357782 0.992562
583 -0.315226 -0.588428 0.649886 -1.12674 -0.110107 0.843481 -0.449463 1.61964
894 -0.486563 -0.146556 0.513517 -1.02743 0.0380738 0.869926 -0.233084 1.41985
104 -0.56822 -0.40587 0.464906 -1.07777 -0.0959457 0.869915 -0.242044 1.5187
581 -0.525077 -0.413899 0.614338 -1.23778 0.00729232 0.889606 -0.303723 1.55796
100 -0.295944 -0.343479 0.352147 -1.14533 0.0503717 1.01258 -0.159955 1.56951
115 -0.335477 -0.442575 0.470594 -1.13785 -0.0675495 0.845778 -0.326636 1.61771
281 -0.591939 -0.488394 0.721339 -1.2853 0.0233432 0.562794 -0.333051 1.93367
958 -0.408738 -0.254244 0.604307 -1.16271 0.0212721 0.835526 -0.10019 1.29772
909 -0.48837 -0.148905 1.21985 -1.75001 -0.214663 1.217 0.00200531 0.952063
295 -0.752768 0.177493 0.777307 -1.27689 -0.00295024 0.780677 -0.0106936 1.02583
701 -0.595679 0.0482462 0.931094 -1.34954 -0.0289562 1.02144 -0.200353 0.898778
859 -0.551994 0.0278874 1.15295 -1.85848 -0.0300657 0.874649 -0.076126 0.998979
200 -0.653713 0.114508 0.944991 -1.40942 -0.00201985 0.783659 -0.0898097 0.884029
680 -0.695866 0.142496 1.4567 -1.75814 -0.236139 1.35424 -0.30579 0.840428
688 -0.510983 0.0761621 1.21869 -1.50113 -0.272703 1.09367 -0.0931792 0.818882
59 -0.910023 -0.126546 0.187226 -0.892168 0.439042 1.6271 -0.758026 1.39594
464 -0.91417 -0.053553 0.188025 -0.818209 0.210968 1.42894 -0.510318 1.20854
37 -0.979185 0.0447282 0.273209 -0.847515 0.148385 1.38183 -0.643864 1.25805
544 -0.806773 -0.0412754 0.237116 -0.899572 0.137488 1.23815 -0.298831 1.10359
3 -1.36806 0.0695216 0.318035 -1.02186 0.120135 1.82575 -1.03891 1.59933
695 -0.135965 0.158597 0.192027 -1.2742 -0.228797 1.95855 0.177266 1.43937
54 -0.175239 0.139651 0.154194 -1.12407 -0.16359 1.97018 0.0675718 1.58814
637 -0.163328 0.228997 0.0576459 -1.37949 -0.198304 2.05469 0.351068 1.47813
643 -0.343823 0.247786 -0.0399255 -1.28588 -0.180653 1.6272 0.20551 1.2189
246 -0.967849 0.14333 0.328064 -1.36764 -0.0488747 1.23172 0.0405212 0.907325
227 -1.15085 0.276627 0.194555 -1.52622 -0.145373 1.29691 -0.0526512 0.943223
506 -0.873037 0.260008 0.574218 -1.09284 0.0375288 0.832086 0.0949206 1.11917
509 -0.817187 0.188176 0.661537 -1.12939 0.0471464 0.770401 0.0742205 1.03591
180 -0.739011 0.0208172 1.32252 -1.67675 -0.112499 1.09396 0.0479821 0.950979
126 -0.37795 0.154652 1.23934 -2.00945 -0.201848 1.40712 -0.232172 0.973029
58 -0.836179 0.268132 0.495756 -1.14542 -0.0897805 1.41132 -0.610603 0.88649
21 -1.38474 -0.0277262 0.321895 -0.890672 0.0408162 1.65299 -0.700803 1.20257
60 -0.911465 0.0183748 0.241275 -0.892303 0.208781 1.41773 -0.620398 1.17331
259 -0.404132 -0.408267 0.57542 -1.15554 0.738209 0.899412 0.251191 1.43993
893 -0.34523 -0.480371 0.693592 -1.15914 0.112152 0.778296 -0.267855 1.61379
686 -0.396693 -0.367084 0.834605 -1.16286 -0.105679 0.818236 -0.248123 1.34161
839 -0.627602 -0.238821 0.645554 -1.0704 0.0871784 0.852777 0.0327126 1.30272
579 -0.429526 -0.685835 0.698448 -1.44095 -0.0197122 0.848051 -0.290299 1.93358
102 -0.308773 -0.589966 0.490046 -1.18381 -0.0246885 0.779898 -0.377373 1.86833
136 -0.236912 -0.670411 0.755321 -1.42687 -0.000895269 0.80118 -0.299356 2.19752
397 -0.302706 -0.605291 0.814084 -1.08843 0.0981876 0.720689 -0.174132 1.63102
856 -0.523503 -0.643073 0.675251 -1.45869 -0.405964 0.896178 -0.409046 1.67641
454 -1.33674 -0.13201 0.457071 -0.996722 -0.0391525 0.98495 0.426092 0.951233
179 -1.46803 -0.103146 0.564349 -1.17344 -0.00393764 1.02457 0.288562 0.860793
189 -0.511783 0.0632934 1.19601 -1.73815 0.0561 1.0054 -0.0143624 0.850512
681 -0.740388 0.0318222 1.36123 -2.059 -0.0857734 1.22909 -0.0642008 0.862745
173 -0.513539 -0.13244 1.24484 -1.74373 -0.254205 1.10611 -0.360821 0.909308
258 -0.446768 -0.231608 0.57328 -1.19948 0.595154 0.938319 0.220688 1.12104
135 -0.394287 -0.489238 0.612591 -1.73105 1.19156 1.23859 0.379445 1.4983
52 -1.02661 -0.0870763 0.426384 -1.01979 0.0916923 1.53575 -0.866678 1.196
624 -0.759842 -0.0690899 0.233206 -0.847671 0.0986401 1.18727 -0.495735 1.07078
68 -0.674345 -0.165527 0.356948 -0.783997 0.0852052 1.23062 -0.52724 1.24207
66 -0.795709 -0.209936 0.292031 -0.838041 0.135332 1.37305 -0.697078 1.2976
14 -0.944266 0.0568813 0.29213 -1.19826 0.0528839 1.53634 -0.90232 1.20378
40 -0.794343 0.0410062 0.21663 -0.765812 0.175366 1.28839 -0.567273 1.04302
209 -1.20732 0.541464 0.184424 -1.82792 -0.502405 1.39784 0.222094 0.894072
208 -0.951661 0.490039 0.0155298 -1.97178 -0.442659 1.52763 0.224848 0.931408
191 -0.633834 0.250464 0.612223 -1.52829 0.0753108 1.03168 -0.0747994 0.933186
193 -0.496877 0.249276 0.563886 -1.47674 0.055084 1.10048 0.0571905 0.987458
941 -0.581261 0.0956651 0.582652 -1.32258 -0.0543676 1.1721 0.000616123 0.880058
405 -0.589494 -0.0168389 0.689793 -1.41886 0.237972 1.0194 0.0915365 1.01114
847 -0.266703 0.206744 0.106333 -1.20643 -0.193044 1.65751 0.260669 1.24322
914 -0.792091 0.120052 0.254219 -1.34971 0.123841 1.11761 -0.0181509 0.994965
216 -0.944453 0.347305 0.234323 -1.71716 -0.1527 1.28395 0.138679 0.977338
636 -0.843595 0.264821 0.225907 -1.78636 -0.409766 1.48506 0.121472 0.971887
215 -0.826831 0.226016 0.113336 -1.69327 -0.268253 1.33066 0.192049 0.935566
229 -0.803517 0.109934 0.207735 -1.53765 -0.177086 1.25601 0.0211402 1.02402
491 -1.07517 -0.173158 0.505378 -1.0573 0.162797 0.970215 0.346983 0.978067
442 -1.43001 -0.256499 0.558517 -1.07725 -0.212782 1.06178 0.172852 1.08931
529 -0.788782 -0.185181 1.06878 -0.935626 0.152572 0.98164 0.137353 1.13904
837 -0.930175 -0.250827 1.23207 -0.998711 0.270066 1.08928 0.317125 1.03079
462 -1.141 0.297378 0.329187 -0.793581 0.240037 0.944987 -0.232416 1.39197
897 -1.21609 0.483142 0.582035 -1.09648 0.329976 0.67411 0.0726027 1.55881
672 -0.761866 -0.237078 0.852193 -0.993353 0.315897 0.929147 0.1762 1.08691
851 -0.897357 -0.096734 0.984723 -1.04018 0.266481 1.09704 0.0953587 0.996859
860 -0.615448 0.0839187 0.940001 -1.50937 -0.0808499 1.19824 -0.0971472 0.88873
750 -0.255746 0.100078 -0.0769536 -1.16574 0.127884 1.5163 0.248793 1.30029
394 -0.0297163 0.0828713 -0.103609 -1.332 0.116591 2.19815 0.555341 1.82778
516 -0.287994 0.148571 0.219568 -1.24603 -0.198762 1.98607 0.425402 1.37711
427 -0.86058 -0.0114834 0.7855 -1.01319 0.18388 0.82731 0.00859146 1.26355
973 -1.03579 -0.0431502 0.885894 -1.10117 0.231074 1.00563 0.223305 1.13398
755 -0.946987 -0.244916 1.01904 -1.0462 0.236125 1.04388 0.149002 1.20708
492 -0.779738 -0.25995 0.721401 -1.31668 0.651509 0.963709 0.319251 1.16133
754 -0.979326 -0.0847417 1.1421 -1.04085 0.249561 1.06708 0.292302 1.30457
531 -0.906374 -0.0925669 0.796049 -1.0217 0.14311 1.04453 0.0225475 0.964068
890 -0.968203 0.188654 0.411423 -1.27202 0.387791 0.886255 -0.0461866 1.14144
746 -0.76708 0.135738 0.337774 -1.0986 0.411744 0.871592 -0.231213 0.966476
8 -1.01325 0.692026 0.232105 -1.69616 1.04451 0.959009 -0.435653 1.08463
139 -0.503917 -0.149789 0.623623 -1.67468 1.00739 0.996239 0.315189 1.40502
319 -0.942254 0.402955 0.488137 -1.55948 0.91904 0.887497 -0.125173 0.982495
656 -0.454841 -0.25719 0.583264 -1.40318 0.655365 1.06902 0.31671 1.33037
252 -0.51033 -0.303625 0.511062 -1.25233 0.623728 1.09651 0.0352164 1.41004
378 -0.552686 -0.107634 0.325646 -1.03044 0.489899 0.986772 -0.028075 1.22127
797 -0.461147 -0.233718 0.501228 -1.08292 0.113084 0.887868 -0.109721 1.27856
170 -0.984322 0.51665 0.369141 -2.02747 -0.654185 1.53051 -0.0318886 0.69302
767 -0.74383 0.228843 0.378917 -1.28551 -0.0884529 1.13168 0.0408741 0.825115
214 -0.936151 0.290654 0.307781 -1.83279 -0.444878 1.36565 0.0649301 0.803397
900 -0.693286 0.086295 0.411183 -1.37763 -0.0989061 1.14693 -0.0150698 1.01473
881 -0.823439 0.203712 0.416256 -1.4302 0.00383233 1.04343 0.0698173 1.08402
292 -1.21709 0.410126 0.601505 -1.09993 0.138852 0.770831 -0.0572191 1.41286
238 -0.563836 -0.00899062 0.322778 -1.26262 0.0826925 1.09362 0.030538 0.879474
143 -0.359065 -0.333775 0.549225 -1.4888 0.636854 0.995677 0.197914 1.27293
269 -0.374836 -0.225237 0.471071 -1.25553 0.729648 0.976633 0.275914 1.12441
248 -0.499014 -0.245242 0.428679 -1.55269 1.0771 0.958195 0.460791 1.48494
127 -0.517772 -0.567021 0.675111 -1.64269 1.26687 1.42483 0.378924 1.58178
48 -0.885336 0.0999521 0.263022 -0.939887 0.020142 1.20373 -0.508644 1.03821
879 -0.917546 0.0459831 0.294992 -1.42003 -0.20694 1.23936 -0.0821866 1.08226
626 -1.47018 -0.202224 0.655356 -1.20298 -0.0945421 1.22715 0.407043 0.859299
458 -0.978196 -0.131672 0.44108 -1.00943 -0.0403595 0.938198 0.134261 0.987008
597 -1.13051 -0.0790766 0.535987 -1.12533 0.0659449 1.02274 0.316849 1.05133
912 -0.848014 0.200033 0.332827 -1.58637 -0.246269 1.24427 0.0482893 0.883973
356 -0.720378 0.109201 0.75271 -1.45881 0.0535057 1.15134 -0.0568309 0.933261
168 -0.591337 0.236875 1.46447 -2.17768 -0.167951 1.29298 -0.348688 0.945427
341 -0.640902 0.017986 1.41225 -1.69589 -0.0715045 1.23404 -0.187548 0.848882
438 -0.726118 0.157888 1.21271 -1.76421 0.00514128 1.19724 0.0424223 0.830219
187 -0.79581 0.158667 0.76595 -1.53042 0.078971 1.08801 -0.114335 1.05851
349 -0.598976 -0.075998 0.859971 -1.37667 0.00754241 1.14992 -0.251373 0.877923
416 -1.11435 0.453282 0.535049 -1.22806 0.400904 0.715831 0.106589 1.46392
17 -1.17561 -0.320343 0.366235 -0.862801 0.168091 1.73065 -0.9863 1.60174
44 -0.864983 -0.0803216 0.0634829 -0.801947 0.188057 1.46708 -0.856602 1.13376
35 -0.882809 -0.0868768 0.11551 -0.877777 0.175461 1.27654 -0.668247 1.25344
169 -0.507827 0.0363198 1.50118 -2.08767 -0.335428 1.34977 -0.240613 0.824695
627 -1.50811 -0.212925 0.643946 -1.24093 -0.106814 1.18726 0.60984 0.952032
436 -1.64419 -0.360998 0.493289 -1.24321 0.225028 1.28887 0.598217 0.97482
141 -0.50942 -0.425231 0.446609 -1.28578 0.911292 1.13131 0.517465 1.40293
142 -0.432209 -0.386459 0.527019 -1.29537 0.979676 1.09984 0.294668 1.40713
147 -0.531455 -0.0661117 0.605938 -1.42632 0.75404 0.951265 0.20998 1.11622
537 -0.519756 -0.325505 0.333274 -1.36915 0.68435 1.27148 0.288342 1.31912
75 -0.379413 -0.237417 0.335569 -1.10627 0.651802 1.02468 0.0510654 1.20089
262 -0.507557 -0.164756 0.494781 -1.42962 0.669294 0.9801 0.212605 1.21775
251 -0.435996 -0.288256 0.473599 -1.23718 0.820457 1.20864 0.322875 1.35962
55 -0.969189 -0.241327 0.202036 -0.724552 0.449526 1.64946 -0.667162 1.43223
234 -0.903057 0.298276 0.232058 -1.37945 -0.0160673 1.17835 0.0497271 0.830741
207 -1.27416 0.41649 -0.154284 -2.15224 -0.330976 1.54291 0.0286769 0.80641
237 -0.906088 0.0663992 0.245109 -1.29375 -0.00565104 1.31492 -0.126112 1.11226
390 -1.15358 -0.0735389 0.145159 -0.855489 0.15999 1.39622 -0.453604 1.11629
590 -0.493696 -0.33286 0.604889 -1.22134 -0.00405484 0.871978 -0.148273 1.51501
844 -0.631164 -0.216873 0.498171 -1.11849 0.0899926 0.93547 -0.216437 1.42314
736 -0.332374 0.123331 0.231066 -1.38879 -0.109415 1.62808 0.215 1.35405
982 -0.802053 0.144889 0.379601 -1.28023 -0.06008 1.10597 -0.0930056 1.00632
712 -0.174953 0.335757 -0.083175 -1.29948 0.0373029 1.73875 0.186313 1.41665
332 -0.729013 0.456863 0.0630331 -1.46728 0.643222 1.00644 -0.0624866 1.04084
33 -0.270016 0.223618 -0.0477958 -1.07762 -0.079692 1.74836 0.0812782 1.39828
825 -0.211156 0.273724 -0.142383 -1.28709 -0.0587831 1.82881 0.357514 1.65731
866 -0.697567 0.225262 0.270884 -1.4059 -0.0983016 1.34361 0.0863814 1.07825
803 -0.838492 0.165007 0.421227 -1.39382 -0.0367457 1.22755 0.0762277 1.06591
938 -0.524777 -0.260351 0.61654 -0.967105 0.105236 0.836859 -0.0987364 1.32269
806 -0.541108 -0.258394 0.597084 -1.09505 0.0954993 0.806867 -0.117564 1.47663
461 -0.502759 -0.486043 0.53029 -1.15565 -0.133013 0.871294 -0.412754 1.78659
86 -0.440798 -0.784815 0.686083 -1.38599 -0.0126934 0.730775 -0.385666 2.0424
116 -0.246357 -0.429444 0.480985 -1.14429 0.143516 0.736218 -0.318849 1.52367
781 -0.591267 -0.472871 0.556624 -1.2048 0.00327011 0.920359 -0.451803 1.7301
576 -0.638349 -0.0523453 0.460613 -0.97137 0.0742978 0.684051 -0.193709 1.33456
92 -0.417109 -0.554851 0.528369 -1.30732 -0.362936 0.748072 -0.416271 1.5527
765 -0.416115 -0.481192 0.471772 -1.13482 0.0144801 0.764521 -0.587283 1.72203
176 -0.535284 -0.101288 1.38088 -1.88839 -0.244764 1.05904 -0.0190001 0.825756
301 -1.18005 0.449608 0.669016 -1.14538 0.204597 0.594644 0.168095 1.5899
82 -0.556303 -0.416032 0.542122 -1.59961 1.27013 1.13057 0.410251 1.73654
364 -0.42473 -0.477815 0.645598 -1.49979 1.10092 1.08162 0.458873 1.49041
373 -0.573399 -0.155818 0.462043 -1.28244 0.634475 0.997694 0.249492 1.20643
947 -0.619676 -0.100911 0.394967 -1.33507 0.555462 0.96773 0.230188 1.16653
89 -0.61869 -0.613219 0.61219 -1.18691 -0.199807 0.98213 -0.617329 1.8425
401 -0.318026 -0.498045 0.523575 -1.07855 0.245397 0.695046 -0.232519 1.66634
835 -0.405112 -0.345195 0.643885 -1.01489 -0.102503 0.796955 -0.280296 1.19693
578 -0.266344 -0.69232 0.666091 -1.29961 -0.0439854 0.855127 -0.533052 2.06896
97 -0.275111 -0.726101 0.66534 -1.42495 -0.0865612 0.586108 -0.284013 1.91257
435 -1.79657 -0.322201 0.357293 -1.19636 -0.110157 1.38112 0.679587 1.00264
654 -0.525547 0.0300465 0.255077 -1.0321 0.0678731 1.33532 0.164379 1.19141
724 -0.637931 0.184717 0.318216 -1.14074 0.0253196 1.32798 0.120379 1.29058
723 -0.280133 0.0893444 0.174434 -1.13528 0.00459552 1.39336 0.149636 1.2365
855 -0.645533 0.0676682 0.189128 -1.01285 0.0598597 1.34549 -0.316918 1.20274
72 -0.868886 0.143923 0.151796 -0.911573 0.232814 1.22427 -0.478397 1.13669
552 -0.837794 0.380119 0.388238 -1.59288 0.773618 0.990858 -0.105633 1.02068
696 -0.732065 0.395248 0.45527 -1.64892 0.826708 1.01393 -0.0930409 1.08042
882 -0.744378 0.187005 0.506915 -1.19742 0.589542 0.931114 -0.00251673 1.02161
444 -1.59553 -0.113572 0.637595 -1.11134 0.0465464 0.997225 0.384306 1.00059
440 -1.51938 -0.213554 0.451315 -1.17188 0.00334653 1.20103 0.46729 1.06178
505 -0.905884 0.261622 0.397967 -1.14676 0.0712729 0.953124 0.0964014 1.10927
969 -0.810909 0.170468 0.326647 -1.30461 0.0405515 1.16731 0.119675 1.10156
219 -0.859996 0.337365 0.242643 -1.45821 -0.161763 1.21849 0.133249 0.780754
903 -0.765771 0.143673 0.392156 -1.19377 -0.0250818 1.19517 0.104988 0.902485
865 -0.781694 0.134652 0.259124 -1.43991 0.0293708 1.12745 0.0187155 1.04696
913 -0.852327 0.107126 0.252283 -1.36927 0.0436688 1.19145 -0.0332866 0.966157
186 -0.570214 0.0559526 0.766423 -1.45381 0.0241371 1.04841 -0.181565 1.00646
184 -0.642595 0.0643624 1.00177 -1.38601 -0.133291 1.04996 -0.196864 0.860651
861 -0.540353 0.00868519 0.797457 -1.34749 0.022532 0.938748 -0.00373659 0.928905
172 -0.539073 -0.00608708 1.24626 -1.86438 -0.141424 0.99401 0.0558113 0.843078
556 -0.62523 0.156665 0.946779 -1.54849 0.197239 1.0701 -0.014389 0.889152
685 -0.660239 0.116936 0.912431 -1.65994 0.0114985 1.09515 -0.0569245 0.976044
834 -0.520796 -0.330938 0.700603 -1.26815 0.0183181 0.818495 -0.20761 1.53882
788 -0.501297 -0.317006 0.476175 -1.05467 0.108657 0.770969 -0.22797 1.5505
871 -0.423861 -0.41897 0.548738 -1.16776 0.113713 0.864723 -0.31662 1.47345
46 -0.612068 -0.105249 0.350405 -1.05014 0.107797 1.02968 -0.354225 1.29246
928 -0.705738 -0.0019724 0.806567 -1.43924 -0.0202287 1.12751 -0.249379 0.966708
983 -0.661428 0.013721 0.801271 -1.49662 -0.0681699 1.09148 -0.0143526 0.98205
360 -0.655557 0.155532 0.910041 -1.62844 0.152724 1.00291 -0.030338 0.888818
194 -0.639457 0.134813 1.00082 -1.42939 -0.121719 0.953543 0.0008802 0.725381
348 -0.49664 0.0441707 0.951651 -1.57007 -0.140248 1.19383 0.146 0.769435
287 -1.30953 0.571627 0.677904 -1.0257 0.0962758 0.5966 0.133268 1.51665
571 -1.2838 0.527435 0.722783 -1.04261 0.135442 0.625445 0.179626 1.57762
967 -0.912142 -0.0675368 0.64217 -1.07563 0.136927 1.07012 0.142531 1.13895
520 -0.893415 -0.0725286 1.32759 -1.11542 0.241768 1.27471 0.119082 1.11089
677 -0.925728 -0.0819954 1.09402 -1.01138 0.20408 1.09955 0.155232 1.01204
678 -0.955019 0.0139506 1.05526 -0.798268 0.175942 0.928815 0.177899 0.964171
999 -0.913896 0.0023697 0.474764 -1.34192 0.392618 1.27594 -0.176309 1.48188
484 -0.779712 0.2851 0.38722 -1.43989 0.653182 0.972498 -0.0478184 1.2253
323 -0.712866 0.360338 0.434019 -1.53011 0.727825 0.751255 -0.068922 0.947862
474 -0.866728 0.266207 0.385703 -1.41838 0.654006 0.881606 -0.183218 1.15828
664 -0.988677 -0.124635 1.46416 -1.04262 0.353307 1.17282 0.13087 1.0388
542 -0.968869 -0.122649 0.293498 -0.713496 0.11998 1.38986 -0.678851 1.0294
749 -0.396854 -0.267564 0.448996 -1.39034 0.75109 1.03808 0.301267 1.36432
144 -0.358089 -0.301599 0.472129 -1.37893 0.92434 0.90346 0.326096 1.47326
159 -0.60549 -0.0207233 0.440501 -1.23792 0.563259 0.90322 0.281628 1.33312
264 -0.582906 -0.0904394 0.515577 -1.16786 0.747107 0.898414 0.279867 1.13486
639 -0.859351 0.313934 0.366891 -1.40103 -0.213083 1.12742 0.151899 0.913976
617 -1.06995 0.326256 0.273683 -1.47244 -0.286234 1.26685 -0.0849454 0.931561
964 -0.683138 0.103465 0.358401 -1.36078 -0.0829502 1.08374 -0.00067615 1.03831
395 -0.633915 -0.136662 0.487208 -1.52113 0.325959 1.23341 0.269612 1.10157
877 -0.752829 0.142408 0.425324 -1.33531 -0.0449123 1.08238 0.0680472 0.851549
646 -0.669873 0.0781756 0.150326 -1.21645 -0.210134 1.06561 -0.0844516 0.960962
582 -0.446035 -0.455148 0.524695 -1.22674 -0.117496 0.832716 -0.28664 1.72328
996 -0.682518 -0.255734 0.548128 -1.19004 0.0835515 0.995388 -0.135232 1.37393
448 -1.2623 -0.12807 0.492823 -1.03264 -0.0651815 1.00802 0.314903 0.983328
718 -0.430483 0.149534 0.267821 -1.19454 -0.022653 1.35568 0.0521427 1.21793
907 -0.183073 0.201479 0.00816205 -1.2146 0.0941219 1.7503 0.259188 1.3681
707 -0.183542 0.338051 -0.195588 -1.43291 -0.119045 2.14973 0.346466 1.59867
908 -0.131041 0.0744753 -0.0817202 -1.14829 -0.0459733 1.65007 0.17917 1.31514
985 -0.413691 0.231077 0.124278 -1.31506 -0.110605 1.66011 0.28037 1.47079
183 -0.581976 0.125427 1.02469 -1.56748 -0.130726 1.04844 0.236908 1.03749
645 -0.8298 0.160437 0.357625 -1.46093 0.0156753 1.24744 0.0752758 1.14802
650 -0.763209 0.191848 0.315786 -1.40816 0.523733 0.998691 -0.0399153 0.984542
314 -0.984533 0.562521 0.227435 -1.74491 1.00717 1.01132 -0.2722 1.19032
313 -1.0761 0.471117 0.318571 -1.84114 0.957095 0.951122 -0.0663159 0.952005
355 -0.798273 0.179932 0.660211 -1.42702 0.463353 0.894652 0.0441753 0.926077
697 -0.592404 0.0341455 0.917365 -1.39169 -0.0473834 1.31379 -0.160779 0.917528
190 -0.558224 0.220727 1.28571 -1.66523 -0.205046 0.930199 -0.0546059 0.80857
19 -0.592859 0.0918529 1.37815 -1.82784 -0.0764269 1.07801 -0.215171 0.958356
812 -0.736189 0.0804505 0.27262 -1.34112 -0.106455 1.30168 -0.0148022 1.00898
970 -0.778784 0.0609527 0.363579 -1.40643 -0.0587394 1.16546 0.0659485 0.986451
974 -0.990889 0.0918596 0.428023 -1.46364 -0.0726501 1.20977 0.0693916 1.07046
933 -0.846639 -0.042847 0.428911 -1.425 -0.12232 1.17027 -0.0963337 1.16634
239 -0.773308 0.0471156 0.247044 -1.38743 -0.106121 1.14985 -0.0431318 1.02296
459 -1.21128 -0.139827 0.462405 -1.05462 -0.0329478 1.0234 0.156476 0.989101
309 -1.02214 0.50741 0.113831 -1.96199 1.12456 0.750633 -0.375962 1.51786
482 -0.81629 0.337676 0.195965 -1.41123 0.834558 0.845187 -0.0569004 1.04292
131 -0.967153 0.429159 0.341122 -1.90899 1.27152 1.04196 -0.260835 1.13086
156 -0.681862 0.215842 0.397125 -1.42872 0.878415 0.87819 0.0149345 1.14573
320 -0.838338 0.46159 0.203484 -1.50226 0.736179 0.917381 -0.166721 0.993361
470 -0.811918 0.26486 0.285908 -1.56397 0.821837 0.829561 -0.122841 1.09152
726 -0.787535 0.66624 -0.0631571 -1.7314 0.893957 1.16031 -0.0403026 1.1292
477 -0.695311 0.132249 0.43189 -1.29537 0.639164 0.711506 -0.174149 1.16894
910 -0.612911 -0.0759626 0.949523 -1.30905 0.0196382 1.04844 0.0496303 0.872924
995 -1.07112 -0.149245 1.1816 -1.08591 0.189699 1.1397 0.285662 1.14013
758 -1.01547 -0.131961 1.2231 -0.959709 0.227569 1.02967 0.135971 1.10915
161 -0.589916 -0.192726 0.434691 -1.11234 0.474993 0.884231 0.228095 1.06529
132 -0.485226 -0.508573 0.489857 -1.80196 1.08244 1.12217 0.48823 1.59439
567 -0.516547 -0.202842 0.474639 -1.41859 0.69848 0.938683 0.271996 1.43703
560 -0.567272 -0.224551 0.616169 -1.29673 0.748246 0.964365 0.3152 1.53287
568 -0.380689 -0.293557 0.490185 -1.1417 0.538543 0.844819 0.065282 1.30061
805 -0.43973 -0.339988 0.476552 -1.21157 -0.142781 0.909039 -0.293366 1.62371
631 -1.07271 -0.01304 0.464961 -1.05205 -0.00646766 1.12975 0.272471 0.94453
434 -1.93436 -0.523976 0.529804 -1.26734 -0.0912058 1.36464 0.66969 1.06143
628 -1.30092 0.0388483 0.471921 -1.10423 -0.0999511 1.18914 0.449554 1.13604
629 -1.5505 -0.160997 0.426057 -0.987774 -0.0679644 1.17041 0.223078 0.84081
633 -1.1267 -0.187281 0.65281 -1.04169 0.0748009 1.08528 0.293933 0.822397
487 -0.746673 0.179244 0.219982 -1.24907 0.623404 0.868308 -0.0411648 1.0453
478 -0.787802 0.16372 0.388814 -1.39161 0.501462 1.02313 -0.20576 1.22524
774 -0.685626 0.0599906 0.438316 -1.20852 0.717243 0.900087 0.0169684 1.01758
15 -1.10235 0.314323 0.101792 -1.72889 -0.379099 1.5605 -0.251427 0.944516
218 -1.15924 0.378661 0.092464 -1.78668 -0.223594 1.2293 0.119634 0.878127
813 -0.716043 0.115065 0.336862 -1.31375 0.0392482 1.24395 0.157193 1.07224
213 -1.05759 0.332162 0.125955 -1.71707 -0.157683 1.5339 -0.00213886 0.797981
359 -0.408416 -0.0848997 0.912603 -1.29628 -0.165464 0.938166 -0.209421 0.946079
83 -0.305544 -0.619449 0.83562 -1.28111 -0.243089 0.934521 -0.5365 2.00343
842 -0.570996 -0.389736 0.480327 -1.07607 0.0102184 0.908782 -0.466602 1.60982
175 -0.636282 0.113413 1.26175 -2.01548 -0.339376 1.07226 -0.0214701 0.923316
7 -0.521513 0.284844 1.20207 -1.93499 -0.204133 1.45224 -0.308287 0.817557
593 -1.27663 -0.287912 0.297658 -1.09403 0.0122133 1.14101 0.450848 1.07312
468 -0.867733 0.420749 0.132987 -1.48817 0.85007 1.18717 -0.224817 1.1399
27 -0.896128 -0.0692991 0.248717 -0.968668 0.335993 1.5373 -0.780263 1.30937
589 -0.462637 -0.344189 0.573667 -1.17511 0.137599 0.746279 -0.138397 1.56299
577 -0.89707 0.438406 0.615354 -1.03688 0.134567 0.796013 0.136152 1.43239
832 -0.423172 0.126202 0.246138 -1.22162 -0.0407008 1.46835 0.158968 1.31048
687 -0.497994 0.0424737 0.869299 -1.59413 0.0238799 1.25086 -0.00399767 0.953368
853 -0.588643 0.0208535 0.857657 -1.25399 0.0327533 0.932027 0.0188879 0.768672
413 -1.33316 0.642008 0.577429 -0.987734 0.198807 0.532562 0.111709 1.7578
702 -0.724778 0.0845053 0.584871 -1.3644 -0.0893999 1.22675 0.0157666 0.8657
74 -0.805549 0.0634358 0.252324 -1.15783 -0.0991449 1.28769 -0.158216 0.986869
965 -0.439788 -0.29982 0.49079 -1.16355 -0.013073 0.844156 -0.278333 1.50799
322 -0.93919 0.366555 0.178925 -1.59115 0.869802 1.06928 -0.2151 1.14201
171 -0.808025 0.476943 0.293498 -1.9226 0.848232 0.95459 -0.00684713 1.08527
565 -0.431175 -0.113789 0.471396 -1.36426 0.708403 1.04733 0.202509 1.26773
396 -0.535617 -0.274676 0.43362 -1.27481 0.882937 1.1484 0.0899014 1.2525
153 -0.478112 -0.287826 0.486515 -1.25073 0.83706 0.893773 0.319236 1.12397
244 -1.10605 0.0483515 0.35061 -1.25745 0.0395322 1.0564 0.247322 0.909383
653 -1.05659 -0.140082 0.550702 -1.20524 0.0456463 1.06188 0.136438 1.15217
455 -1.09699 0.0232 0.377095 -1.28635 0.243265 1.01721 0.197127 0.945638
443 -1.4564 -0.0724304 0.43514 -1.3204 -0.039669 1.2408 0.238156 1.07262
744 -0.435284 -0.310131 0.524051 -1.16278 0.788897 0.943234 0.244912 1.27938
858 -0.648425 -0.0239172 0.400054 -1.29469 0.468024 0.862206 -0.115765 1.27227
23 -0.956041 0.0370529 0.3527 -0.910188 0.169668 1.55768 -0.772033 1.444
840 -0.823962 -0.0812083 0.840937 -1.09198 0.119202 1.15761 0.0224966 1.06696
963 -0.83463 -0.203246 0.882356 -1.02094 0.175716 1.06461 -0.0482613 1.15712
993 -0.900324 -0.12933 1.13207 -1.00163 0.29428 1.12452 0.00972737 1.14255
540 -1.01906 -0.0390279 0.920814 -0.87622 0.145602 1.14378 0.109311 0.935169
989 -0.541995 -0.133987 0.534493 -1.16471 0.129813 0.996349 -0.142828 1.34607
108 -0.2708 -0.248216 0.366227 -1.25394 -0.076183 1.13816 -0.128202 1.59773
783 -0.422227 -0.464166 0.538266 -1.26209 0.0411562 0.954305 -0.281918 1.53398
857 -0.524556 -0.385579 0.633812 -1.19896 0.0671197 0.769261 -0.287825 1.60543
42 -0.753023 0.115064 0.209387 -0.718563 0.0798859 1.15584 -0.569886 1.07405
388 -0.870958 -0.110567 0.285668 -0.858344 0.347231 1.43767 -0.56425 1.30118
748 -0.780852 -0.0268224 0.158167 -0.938208 0.0536069 1.62352 -0.421723 1.29346
181 -0.610486 0.0680573 1.03698 -1.74201 -0.249434 1.10605 -0.202838 0.978871
608 -1.09655 -0.189945 0.487498 -1.078 -0.0982909 1.04554 0.288669 0.910207
254 -1.18629 -0.187705 0.556047 -1.21971 0.327573 1.18332 0.451074 1.00251
282 -1.24201 0.494574 0.71173 -1.33874 0.144174 0.682929 0.0441443 1.63386
784 -0.614049 -0.154398 0.612096 -1.17856 -0.0725797 0.888787 -0.180383 1.52003
948 -0.584287 -0.252516 0.496129 -1.29684 -0.0620994 0.990034 -0.235077 1.62016
651 -0.319463 0.27202 0.0711244 -1.27641 -0.182814 1.71226 0.176998 1.55898
722 -0.472235 0.247279 0.188814 -1.05437 -0.0712192 1.20841 0.112204 1.26906
67 -0.381075 -0.209064 0.439514 -1.13458 0.754594 0.964189 0.217846 1.13612
735 -0.339378 0.215264 0.0192685 -1.21074 -0.156958 1.64894 0.205382 1.30118
324 -0.696419 0.0688143 0.293481 -1.45424 0.680777 0.993224 -0.116253 1.1786
337 -0.644049 0.204835 0.279713 -1.38382 0.484598 0.896106 -0.114309 1.0681
471 -0.916566 0.431377 0.0562655 -1.532 0.795735 0.925547 -0.0710718 1.12142
850 -0.758513 0.145189 0.308697 -1.41304 0.542458 0.965706 0.0143032 1.19421
256 -0.607004 -0.150563 0.65591 -1.29681 0.667773 1.01731 0.255642 1.28348
138 -0.489765 -0.387645 0.405629 -1.22843 1.08526 1.1556 0.244938 1.40332
573 -0.953699 0.253511 0.632437 -1.0729 0.181725 0.635043 0.0739971 1.42259
5 -1.1938 -0.327911 0.346676 -0.934798 0.137486 1.79226 -0.926562 1.69747
65 -0.838751 -0.072985 0.20807 -0.785962 0.177554 1.49616 -0.736725 1.22614
2 -1.1738 -0.314319 0.273745 -0.93044 0.612891 1.84688 -0.751071 1.48105
155 -0.550217 -0.212173 0.366838 -1.22774 0.725399 0.938808 0.116596 1.36641
465 -0.540313 -0.183582 0.370039 -1.11299 0.618841 1.06298 0.00320894 1.29532
566 -0.613384 -0.156667 0.527508 -1.3006 0.703567 0.938027 0.272001 1.45379
414 -1.32161 0.516191 0.863024 -1.04683 0.21966 0.613585 0.163523 1.65941
496 -1.23965 0.80198 0.665088 -0.926664 0.0850566 0.848503 0.113439 1.86183
500 -1.02268 0.368094 0.756221 -1.15267 0.156117 0.71897 0.232054 1.53062
638 -0.800044 0.166426 0.241584 -1.47393 -0.147083 1.24428 0.0466287 1.04027
223 -0.792439 0.148462 0.130538 -1.4963 -0.371916 1.13212 -0.051577 0.959116
584 -0.440135 -0.422969 0.440147 -1.20974 -0.0327201 0.757383 -0.271026 1.65843
930 -0.326137 -0.542841 0.615922 -1.39344 -0.0609422 0.742209 -0.270757 1.79752
91 -0.479662 -0.56216 0.582338 -1.37763 -0.103181 0.7304 -0.388166 1.73994
780 -0.3873 -0.532991 0.646025 -1.35228 0.0955481 0.685794 -0.33674 1.67642
263 -0.868742 -0.292156 1.07887 -0.920154 0.395894 1.15091 0.204975 0.892992
220 -1.08526 -0.18143 0.930772 -1.01122 0.118883 1.27864 -0.181094 1.06707
753 -1.08403 -0.173953 1.21399 -0.822633 0.250959 1.28893 0.12662 1.09021
123 -0.382715 -0.419801 0.646323 -0.992197 -0.0339228 0.825135 -0.187047 1.4023
96 -0.243518 -0.495956 0.472669 -1.18257 -0.11869 0.944502 -0.334933 1.78872
198 -0.525394 0.122952 0.937608 -1.41016 0.0123858 0.941475 -0.0294834 0.861718
340 -0.656517 0.179258 1.35117 -2.13238 0.0388678 1.06623 0.0449444 0.833868
481 -0.731379 0.184119 0.386211 -1.38815 0.591414 0.882687 -0.00871888 1.00304
555 -0.701602 0.0920078 0.34448 -1.54397 0.899113 0.909812 0.0301399 1.20349
321 -0.904678 0.388003 0.204975 -1.77379 0.866614 0.969966 -0.130412 1.12188
331 -0.818963 0.278052 0.345956 -1.65927 0.738752 0.900061 -0.0785677 1.10284
527 -0.896273 -0.103827 0.933755 -1.2301 0.286177 1.16327 0.17791 1.11957
992 -0.781787 -0.0588991 0.712628 -1.1742 0.195355 1.15999 0.0782731 1.17591
667 -0.246698 -0.0103152 0.357772 -1.06341 -0.0136363 1.60623 0.310741 1.31258
267 -0.382657 -0.222938 0.416387 -1.07501 0.684623 0.928357 0.281075 1.14063
399 -0.382942 -0.180698 0.471699 -1.41026 0.794796 0.946383 0.244272 1.23546
895 -0.611423 -0.179925 0.562721 -1.1574 0.0161795 0.91521 -0.237044 1.38325
24 -1.18997 -0.0209118 0.327582 -0.862246 0.274932 1.78326 -1.0098 1.46881
90 -0.373683 -0.546219 0.730501 -1.34047 -0.241792 0.844528 -0.466877 1.64339
101 -0.532768 -0.357287 0.443564 -1.1712 -0.000538656 1.04285 -0.477817 1.57907
843 -0.573096 -0.159276 0.661012 -1.31677 0.0927 0.918378 -0.169695 1.41186
562 -0.381633 -0.50079 0.589715 -1.19274 0.208417 0.79601 -0.220933 1.62794
376 -0.538702 -0.16002 0.277683 -1.39017 0.711479 0.866856 0.371855 1.09996
987 -0.387123 -0.193692 0.398118 -1.03514 0.438361 0.881919 0.0433922 1.19765
978 -1.00287 0.326527 0.752456 -1.01645 0.165964 0.815765 0.113153 1.38459
290 -1.16392 0.585924 0.602017 -1.21521 0.0318503 0.694971 0.18545 1.41493
979 -0.942819 0.126212 0.574483 -0.975614 0.180582 0.84701 -0.105047 1.38146
197 -0.578898 0.0404214 0.869678 -1.53861 0.0178697 0.989112 -0.0632309 0.880911
221 -1.10042 0.349306 0.328276 -1.56896 -0.345174 1.22659 0.0813653 0.877191
799 -0.911997 0.139892 0.222156 -1.48208 -0.244822 1.17742 0.0281612 0.912735
450 -1.08779 -0.0787699 0.352276 -1.04886 0.126127 1.2042 -0.0285648 1.0292
719 -0.496195 0.102231 0.148514 -1.23868 -0.00633661 1.52684 0.195168 1.35599
715 -0.317717 0.0647059 -0.0293225 -1.11426 -0.0972364 1.54622 0.103923 1.28575
716 -0.245701 0.148798 -0.0200439 -1.16707 -0.0805756 1.5701 0.246445 1.26799
827 -0.379805 0.272984 0.0545659 -1.29424 -0.0528718 1.63911 0.145171 1.44879
621 -1.00939 -0.0161322 0.407632 -0.814187 0.087711 1.18982 -0.369407 1.09599
668 -1.17852 -0.227363 1.40192 -0.980934 0.133422 1.09106 0.129624 1.07376
873 -0.798067 0.170205 0.563283 -1.4283 0.396128 0.864026 -0.0843021 1.15626
610 -0.891121 0.240443 0.443735 -1.43509 0.579023 0.99471 -0.112666 1.19592
946 -0.638575 0.201359 0.25189 -1.34881 0.36274 1.14716 -0.0252911 1.17849
275 -1.25979 0.658812 0.183311 -1.73249 0.940003 0.820414 -0.155106 1.14361
431 -1.09971 0.336344 0.771521 -1.15193 0.0980775 0.740336 0.266477 1.47755
114 -0.537071 -0.343975 0.487826 -1.00973 0.10973 0.855918 -0.357841 1.50284
107 -0.567146 -0.335379 0.585922 -1.20099 0.125306 0.814054 -0.190036 1.49845
419 -0.980879 0.57343 0.377505 -0.928786 0.136487 0.757148 0.153505 1.52625
796 -0.443366 -0.392628 0.521891 -1.10812 -0.0757178 0.787231 -0.242832 1.47801
614 -0.859979 0.190823 0.519866 -1.25434 0.623421 0.836067 -0.031254 0.936883
316 -0.967656 0.568754 0.0109483 -1.79393 1.14419 0.802856 -0.0396028 1.14956
245 -0.814926 0.0549687 0.383093 -1.4343 0.0876299 1.30171 0.037309 1.19523
642 -0.894332 0.250489 0.269519 -1.49488 -0.109939 1.37224 0.0465899 0.97764
901 -0.794162 0.103141 0.436782 -1.42484 -0.0906014 1.26878 0.052171 0.985921
232 -0.853947 0.139656 0.220928 -1.25126 -0.10339 1.36556 -0.236556 0.943856
12 -0.915096 -0.214804 0.272528 -0.983799 0.477008 1.76611 -0.963111 1.53148
607 -1.14661 -0.0483628 0.441392 -1.10305 0.00104033 1.052 0.127811 0.941554
235 -0.681336 0.0487079 0.390924 -1.34712 -0.154716 1.18798 -0.11838 0.967599
446 -0.878727 0.0526382 0.342853 -1.33879 -0.146697 1.22241 0.0510099 1.00841
260 -0.52061 -0.115115 0.601846 -1.14449 0.665881 0.8586 0.316677 1.26287
285 -1.09329 0.603011 0.70505 -1.18833 0.30144 0.606243 0.339412 1.70641
504 -1.0334 0.483764 0.552372 -1.02999 0.145177 0.742978 0.14082 1.4321
601 -0.929217 -0.0352408 0.383729 -1.10786 0.209812 1.09107 0.0934191 1.07639
605 -0.946908 -0.120042 0.712698 -0.988113 0.143613 0.932468 0.183187 1.01789
698 -0.687524 -0.0861035 1.09975 -1.56078 -0.128337 1.22272 0.0650351 0.754329
353 -0.70255 0.0677397 0.919479 -1.35338 0.000550645 0.904127 0.13968 0.896268
182 -0.745805 0.260185 1.23633 -1.82254 -0.190505 0.988379 -0.0842286 0.886523
561 -0.44114 -0.155886 0.513264 -1.37511 0.810491 1.01114 0.349503 1.45825
756 -0.914989 -0.136661 1.04805 -0.957373 0.230052 1.1267 0.165763 1.07523
524 -0.938008 -0.0912884 0.860878 -0.77061 0.136753 1.18231 -0.0491764 1.09306
669 -1.02961 -0.103128 1.2547 -0.812458 0.198436 0.96777 0.174522 0.953198
934 -0.782355 0.222947 0.397463 -1.31874 0.488817 0.92411 -0.119418 1.13851
988 -0.908196 0.187333 0.534402 -1.40337 0.312972 1.08011 -0.0464852 1.33575
98 -0.371262 -0.500914 0.583258 -1.12752 0.0184055 0.828007 -0.350036 1.54394
691 -0.480534 0.0510286 0.327084 -1.26507 0.0833003 1.42232 0.10374 1.22827
733 -0.168043 0.0348539 0.0159248 -1.05788 0.0256906 1.60073 0.325604 1.44835
233 -0.951629 0.196251 0.154914 -1.35336 -0.128261 1.29077 -0.0925257 0.865688
525 -0.858065 -0.276101 1.11886 -0.859601 0.143679 1.12651 0.0651521 1.12593
714 -0.231015 0.163754 0.00528428 -1.17316 -0.050894 1.7507 0.213657 1.45466
833 -0.327521 0.0913919 0.23767 -1.19906 0.149502 1.24199 0.132057 1.25405
713 -0.249958 0.0260648 0.125061 -1.25494 -0.143478 1.61203 -0.035098 1.54159
811 -0.768485 0.0658529 0.214286 -1.01375 0.0957951 1.33551 -0.488388 1.14073
201 -0.617348 0.0517019 0.782656 -1.42945 -0.0288426 1.09437 -0.09265 0.842473
352 -0.434828 -0.00140548 0.700038 -1.24897 -0.155664 1.00292 -0.0348942 0.861784
700 -0.69233 0.055754 0.870792 -1.41034 -0.0196778 1.03892 -0.0846031 0.76958
793 -0.700922 0.106871 0.167716 -1.25428 -0.152682 1.06542 -0.112701 1.00736
792 -0.362371 -0.344641 0.58955 -1.11979 0.011873 0.84598 -0.235476 1.6471
154 -0.419138 -0.257174 0.458359 -1.28057 0.444892 0.798165 -0.0751736 1.45657
93 -0.349463 -0.503492 0.704412 -1.29978 0.0489409 0.661183 -0.308371 2.0599
57 -1.12908 0.183729 0.293791 -0.932453 0.15372 1.4309 -0.635598 1.43204
380 -1.22645 -0.0907664 0.28245 -0.958748 0.339852 1.57875 -0.76434 1.3506
178 -0.541265 -0.0730965 1.15747 -1.60075 -0.244067 1.18964 -0.305944 0.873105
43 -0.473225 -0.340049 0.479376 -0.926314 0.0473867 0.858189 -0.44691 1.32158
884 -0.883437 0.0841878 0.654685 -1.28312 0.634399 0.912134 0.135843 1.12464
885 -0.67815 -0.0479921 0.738243 -0.932247 0.124107 0.912599 0.0471349 0.919185
225 -0.879937 0.137557 0.12112 -1.34905 -0.141852 1.22193 -0.130686 0.921872
9 -1.19401 0.0837848 0.28963 -1.07473 -0.0104431 1.80364 -0.962463 1.18269
62 -0.806123 0.0295021 0.30962 -1.02226 0.151057 1.40891 -0.532377 1.25515
368 -0.332819 -0.223379 0.348995 -1.25304 0.574401 1.27809 0.369582 1.38547
475 -0.824551 0.437057 0.346895 -1.41395 0.67382 0.728645 -0.0475885 1.22198
623 -0.859614 0.0650204 0.175468 -0.995214 0.170189 1.16773 -0.528984 1.05729
202 -0.636432 0.185049 0.981845 -1.54103 -0.154806 1.15516 -0.2061 0.888674
961 -0.496063 0.0782317 0.992099 -1.56927 -0.100388 1.1974 0.0479334 0.989233
307 -0.817553 0.251291 0.835618 -1.31399 -0.0897059 0.667142 -0.0221689 1.21196
945 -0.872656 0.277723 0.187392 -1.51898 -0.158011 1.30364 0.0585986 0.879425
888 -0.9669 0.351702 0.657085 -1.04975 0.294776 0.74589 0.24751 1.48441
124 -0.665755 -0.175813 0.531047 -1.18066 0.0562641 0.93065 -0.0507586 1.34601
592 -1.51718 -0.217563 0.46809 -1.27804 0.0246072 1.33718 0.518746 1.12537
891 -1.14325 -0.0918693 0.661113 -1.28656 0.158628 1.04974 0.168282 0.946753
120 -0.894762 -0.275022 0.429724 -1.03 0.00665877 0.855488 0.045655 1.032
800 -0.734164 0.186283 0.200419 -1.40517 0.0269726 1.26907 0.16877 0.902635
211 -1.09413 0.436294 0.0159418 -1.72979 -0.384034 1.28804 -0.056767 0.868999
279 -1.25988 0.722856 0.827364 -1.07766 0.0584546 0.688303 0.0874468 1.76105
402 -0.43996 -0.283757 0.54707 -1.35662 0.809601 0.930628 0.292425 1.46287
613 -0.873079 0.188663 0.38291 -1.48104 0.706808 0.952711 -0.0327357 1.13245
612 -0.739308 0.124357 0.266117 -1.34832 0.752883 1.01573 -0.0644859 1.25181
133 -0.471101 -0.458474 0.594805 -1.59616 1.09807 1.27471 0.45083 1.57122
38 -0.78778 0.00449443 0.263535 -0.880776 0.145715 1.42274 -0.545246 1.1387
392 -0.824275 -0.0444999 0.283537 -0.872586 0.164766 1.39949 -0.434853 1.10489
808 -0.87597 -0.0768485 0.101867 -0.85468 0.313312 1.57278 -0.717557 1.29881
872 -0.815162 0.120017 0.410702 -1.32858 0.628763 0.892392 -0.13448 1.12932
810 -0.87679 -0.163739 0.173931 -0.895432 0.15591 1.36778 -0.629141 1.23233
954 -0.865035 0.0602783 0.337964 -1.07454 0.231914 1.28246 -0.489861 1.27437
29 -0.934188 0.0674427 0.258365 -0.953888 0.267554 1.45226 -0.721083 1.21514
228 -0.978146 0.268274 0.372451 -1.53604 -0.272754 1.24387 0.131876 0.828825
762 -0.97636 0.124661 0.382966 -1.32285 -0.00777902 1.10047 0.162812 0.945589
704 -0.572465 0.215633 0.813185 -1.42337 -0.0961283 1.04766 -0.0352292 0.763588
185 -0.603111 -0.029709 1.02259 -1.58941 -0.177191 1.09924 0.126233 0.86768
549 -0.350631 0.0711816 -0.000524848 -1.05421 -0.112645 1.62872 -0.0222427 1.30287
391 -0.827321 -0.12804 0.116132 -0.727845 0.191679 1.31034 -0.595426 1.05935
111 -0.734593 -0.231222 0.832951 -0.958209 0.115777 0.908007 -0.0126825 1.22383
927 -0.891181 0.380605 0.501431 -0.99457 0.151502 0.603236 0.0467662 1.25717
294 -1.08664 0.289289 0.690669 -0.968539 0.194181 0.664754 0.165392 1.3262
564 -1.24194 -0.118874 0.395787 -1.24118 0.220656 1.05759 0.488178 0.970855
768 -0.711966 0.163292 0.238261 -1.38736 -0.0899585 1.35035 0.035461 1.04591
838 -0.900982 -0.0154576 1.01667 -1.08974 0.243814 0.984645 0.202815 1.04113
563 -0.529954 -0.184777 0.427236 -1.3519 0.726485 1.04937 0.20048 1.35298
137 -0.376471 -0.342086 0.382756 -1.35018 1.01225 1.36558 0.274446 1.41925
406 -0.37994 -0.300559 0.503864 -1.1955 0.774976 1.04584 0.371275 1.30435
365 -0.512317 -0.389303 0.593705 -1.29017 1.05336 1.17153 0.294403 1.4319
521 -0.71492 -0.372049 0.713131 -1.18017 0.644088 1.18051 0.250822 1.27061
188 -0.556561 0.117858 0.853366 -1.59988 0.248521 1.08983 0.0350278 0.975473
535 -0.864585 -0.0831729 0.697531 -0.99909 0.205858 1.24117 -0.123061 1.17483
404 -0.807996 -0.252101 1.13474 -0.966655 0.383766 1.07349 0.306387 1.01803
345 -1.36225 -0.0236379 0.681316 -1.21946 -0.0489999 1.07394 0.29899 0.90904
317 -0.919348 0.471389 0.214878 -1.66148 0.656934 0.998676 -0.0962267 1.04464
472 -0.819946 0.386467 0.226959 -1.42982 0.761266 0.918149 -0.115335 1.07508
167 -0.187919 0.102251 0.0384145 -1.09638 0.0897293 1.55312 0.121884 1.32095
148 -0.380017 -0.4354 0.458909 -1.28564 0.779664 0.936659 0.314886 1.41816
466 -0.764064 -0.0270245 0.195797 -0.797709 0.237827 1.24792 -0.5273 1.08437
403 -0.384446 -0.213908 0.429886 -1.11753 0.636692 1.09545 0.169436 1.30986
955 -0.84779 -0.0897408 0.970601 -1.10388 0.237238 1.15522 0.150863 1.09566
676 -0.720021 -0.169204 0.96311 -0.85936 0.171287 0.964073 0.0552968 1.06744
757 -0.864188 -0.167302 1.05338 -1.02355 0.186706 1.09262 0.176936 0.928637
729 -0.296035 0.264486 -0.0497659 -1.24167 -0.0622105 1.78477 0.179186 1.47582
304 -1.08709 0.487166 0.530032 -0.863657 0.057491 0.796959 0.0372583 1.37377
415 -1.18749 0.394703 0.662364 -1.06476 0.141287 0.810944 0.0378307 1.60723
286 -1.11471 0.583434 0.657183 -1.19031 0.229983 0.5985 0.0548874 1.45169
226 -0.855683 0.351188 0.384426 -1.5729 -0.19178 1.31305 -0.0166669 0.801279
641 -1.01025 0.180315 0.19271 -1.53731 -0.287005 1.43555 0.0467293 0.89779
88 -0.944394 0.283712 0.205995 -1.83249 -0.568945 1.56412 0.117839 0.982076
962 -0.56807 -0.237009 0.56713 -1.47209 0.464625 0.946797 0.177032 1.45292
253 -0.387105 -0.258734 0.526127 -1.27899 0.90474 0.992902 0.326053 1.37556
71 -0.720742 -0.0388081 0.300469 -0.845268 0.151562 1.16645 -0.421859 1.13161
761 -1.39913 -0.0185164 0.493016 -1.12336 0.0545834 0.96201 0.334737 1.04471
575 -0.949537 0.396757 0.627542 -1.05075 0.255085 0.769865 0.176177 1.46118
609 -1.45612 -0.110667 0.527799 -1.15516 0.181225 1.05256 0.541357 0.86425
546 -1.01838 -0.0403918 0.273053 -0.88236 0.163508 1.32285 -0.491819 1.10194
463 -0.952052 -0.139923 0.236106 -0.72503 0.111381 1.37033 -0.607777 1.21107
146 -0.421663 -0.416309 0.461734 -1.29364 0.725263 0.813309 0.114387 1.44323
743 -0.582164 -0.0704288 0.508644 -1.19111 0.55005 0.803568 0.227649 1.20857
558 -0.809211 0.351195 0.333323 -1.15465 0.435871 0.834179 -0.0133167 1.0051
389 -0.79007 0.141278 0.186284 -1.20536 0.496018 1.11619 -0.278604 1.09279
315 -0.810045 0.500795 0.0862511 -1.64241 1.02354 1.03314 -0.175135 1.13243
485 -0.812987 0.187507 0.381691 -1.3466 0.584812 0.91564 -0.00263226 1.14776
39 -0.838689 -0.0268693 0.153289 -0.763831 0.0869401 1.432 -0.742988 1.0872
270 -0.450972 -0.0324451 0.771698 -1.28072 0.270257 1.01983 0.0470348 0.944766
61 -0.534066 -0.473666 0.467656 -0.969036 -0.106228 0.89921 -0.269046 1.59101
878 -0.679141 -0.0129749 0.939434 -1.43596 0.00896535 0.947651 -0.0158665 0.920015
451 -1.30917 -0.133273 0.60229 -1.18752 0.137382 1.00976 0.379832 0.871242
310 -1.26343 0.470947 0.373731 -1.83382 1.09571 1.06318 -0.355639 0.961601
611 -0.898563 0.177427 0.448182 -1.49973 0.59084 1.14228 -0.21787 1.34933
854 -0.850727 0.0851343 0.424709 -1.1083 0.130079 1.27615 -0.507357 1.22702
460 -1.19882 -0.174762 0.370427 -0.968068 -0.0266757 1.16507 0.0327876 0.841353
818 -0.749328 0.309487 0.444388 -1.33543 0.616539 0.89504 0.07889 1.247
957 -0.504625 -0.0702797 1.08656 -1.54265 -0.0423722 0.910128 -0.0833304 0.806786
343 -0.55864 -0.125032 1.09721 -1.52391 0.0604875 0.950621 0.148899 0.929327
203 -0.545359 0.0134936 0.656957 -1.38436 0.102532 0.944892 0.0321895 0.963926
160 -0.434411 -0.197226 0.547445 -1.20873 0.611679 0.772739 0.229082 1.11554
899 -0.668288 0.0197263 0.312382 -1.27878 0.412642 1.15411 -0.228503 1.26596
848 -0.739816 0.190839 0.361707 -1.31701 0.447963 1.12288 -0.134189 1.15484
737 -0.401007 0.0826212 0.227564 -1.12066 0.126478 1.27478 0.135985 1.12565
447 -1.38786 -0.120268 0.433158 -1.12616 -0.00896865 1.26841 0.192361 1.12436
354 -0.576881 0.117732 1.01384 -1.60393 -0.120117 0.946711 0.112902 0.715663
923 -0.541425 0.0968546 0.851094 -1.58593 0.0298881 1.11848 -0.036196 0.904086
109 -0.484836 -0.143297 0.49617 -1.29835 0.251005 0.959173 -0.0669607 1.43118
828 -0.278553 0.233117 -0.033952 -1.10408 -0.00248295 1.67943 0.218885 1.51025
703 -0.586301 -0.0328983 0.805723 -1.50808 0.171594 0.970676 0.0691981 1.03691
344 -0.47549 0.0629685 1.20918 -1.73836 -0.248051 1.12596 -0.137573 0.94436
588 -0.286337 -0.158176 0.408949 -1.0593 -0.0526873 1.02887 -0.184186 1.39509
620 -0.886805 0.00490711 0.192865 -0.825864 -0.0609899 1.32561 -0.351296 1.18331
326 -0.806062 0.152623 0.324468 -1.2692 0.517035 1.00828 -0.219862 1.11453
417 -1.00876 0.406792 0.66246 -1.06792 0.246889 0.634569 0.122512 1.5633
94 -0.537872 -0.381319 0.596176 -1.15978 -0.16207 0.684319 -0.359481 1.77816
385 -0.847622 -0.101439 0.290723 -0.827617 0.286911 1.36634 -0.609201 1.21464
311 -0.907599 0.605607 0.37519 -1.92357 1.07722 0.876384 -0.156852 1.0554
791 -0.510272 -0.414253 0.522578 -1.28505 0.0591737 0.841522 -0.261074 1.62069
408 -0.526805 -0.249804 0.480178 -1.25801 0.703259 0.911297 0.300021 1.18157
606 -1.04156 -0.0295918 0.431037 -1.04731 -0.00044294 0.871397 0.145759 0.854667
76 -0.933767 0.0141758 0.259291 -0.941556 0.170169 1.48906 -0.525738 1.23255
814 -0.614629 0.157913 0.568677 -1.28204 -0.0738257 1.064 0.0768338 0.789595
816 -0.811015 0.19889 0.312899 -1.32306 0.150349 1.1226 0.0210366 1.0194
649 -0.797647 0.220672 0.419268 -1.33118 -0.082732 1.16331 0.12177 0.858422
939 -1.07238 0.126916 0.350708 -0.830628 0.171759 1.43105 -0.680382 1.47279
586 -0.499281 -0.161085 0.438758 -1.02888 0.0735926 0.78211 -0.337699 1.52489
975 -0.463778 -0.444863 0.61058 -1.09614 -0.0571242 0.876284 -0.226235 1.59562
473 -0.940248 0.414929 0.293066 -1.36398 0.594732 0.916142 -0.0927542 1.19929
898 -0.84053 0.226047 0.257631 -1.21206 0.549789 0.895405 -0.224801 1.12428
846 -0.316657 0.253364 0.0416345 -1.26231 -0.165727 1.64277 0.216882 1.22285
570 -0.41797 -0.215968 0.402672 -1.32043 0.620238 1.00142 0.244271 1.26485
374 -0.494055 -0.169627 0.459338 -1.34777 0.789361 0.972906 0.233724 1.24051
821 -0.682895 0.199876 0.442281 -1.39047 0.507794 0.9033 0.0186638 1.00848
976 -0.734554 0.124505 0.317933 -1.54245 0.453167 1.19792 0.0365067 1.13042
342 -0.515067 0.148574 1.20696 -1.75516 -0.0900272 1.24892 -0.28256 0.816633
268 -0.565091 -0.140822 0.426692 -1.06313 0.554973 0.817642 0.308625 1.18072
752 -0.941394 -0.165302 0.486852 -1.09121 0.225855 1.11373 0.15048 1.09756
720 -0.789154 -0.008503 0.359986 -1.11499 -0.00283968 1.18451 0.223442 1.10379
377 -0.698661 -0.2509 0.671147 -0.914369 0.406288 1.11732 0.105192 1.14727
599 -0.631057 -0.180508 0.653944 -1.46 0.496067 0.851668 0.270712 0.993112
616 -0.734465 0.0289463 0.489943 -1.32274 0.410202 0.993668 -0.163103 1.09798
204 -0.676746 0.053512 0.770382 -1.47686 -0.0439146 1.04779 -0.0410983 1.02369
358 -0.714532 0.00735774 0.80675 -1.19552 0.156464 0.922122 -0.00707022 0.968694
533 -0.860314 -0.163844 1.192 -0.803721 0.244436 1.0679 0.115486 0.9524
943 -0.383349 0.0774473 0.0157018 -1.03459 -0.0894998 1.48026 0.00805219 1.21641
231 -0.905266 0.229811 0.164896 -1.57592 -0.12509 1.17919 0.0185803 0.851735
956 -0.821019 0.178882 0.3966 -1.47191 -0.146094 1.34187 0.105297 1.07508
615 -0.403102 0.10522 0.210565 -1.18544 0.161352 1.38785 0.0151977 1.19442
950 -0.543992 0.0662261 0.260125 -1.22263 -0.000230481 1.60497 0.0964552 1.38505
476 -0.713201 0.253302 0.259741 -1.43257 0.87289 0.78746 -0.0625421 1.08186
804 -0.79145 0.234396 0.313291 -1.36331 0.344807 1.06382 0.0091129 1.09802
297 -0.932441 0.182124 0.521714 -1.09658 0.142168 0.769358 -0.0191158 1.19203
300 -1.05973 0.61643 0.584241 -1.04564 0.0318925 0.72064 0.156398 1.50852
694 -0.504905 -0.0481271 0.829568 -1.45671 0.00415274 1.09692 -0.0761473 1.13655
739 -0.394767 -0.334859 0.439525 -1.32613 0.824065 1.11409 0.25677 1.44056
742 -0.594968 0.0225897 0.398293 -1.27825 0.705263 1.00663 0.0346515 1.20913
759 -0.968882 -0.0428263 0.95277 -1.07897 0.18921 1.20357 0.126107 1.10927
296 -0.947718 0.465327 0.572414 -1.00517 0.109932 0.669814 0.164687 1.45184
915 -0.897535 0.148761 0.345961 -1.26116 0.0561538 1.05845 0.0451379 1.08813
242 -0.935104 0.177912 0.190109 -1.33743 -0.0768426 1.37453 -0.201552 0.895786
968 -0.848293 0.170994 0.646809 -1.20874 0.167079 0.870637 0.115998 1.22714
921 -1.29561 0.55108 0.572238 -1.2015 0.0877969 0.748671 0.24741 1.47707
303 -1.04027 0.288036 0.543534 -1.07148 0.0897518 0.615345 0.0477989 1.3379
318 -1.26534 0.705003 0.540718 -1.2897 0.4357 0.682311 0.0554348 1.74121
366 -0.487922 -0.350546 0.519767 -1.35543 0.898484 1.05527 0.408731 1.41066
699 -0.609545 0.0813946 1.04687 -1.5449 -0.105405 1.06945 -0.0700689 0.856549
902 -0.821122 0.0742317 0.347869 -1.26196 0.00827525 1.31882 -0.0627805 0.946476
751 -0.503687 -0.296516 0.457469 -1.25836 0.554495 0.956857 0.0568945 1.37717
150 -0.39209 -0.308653 0.3723 -1.11891 0.85731 1.09471 -0.0856722 1.25354
351 -0.604813 0.0603203 1.07667 -1.57669 -0.0774801 0.994284 -0.0412131 0.842651
347 -0.420203 0.0840131 0.691337 -1.42858 -0.0409 1.07925 0.06815 1.06604
732 -0.440587 0.0584475 0.146894 -1.04065 -0.100849 1.61599 -0.0805784 1.29368
795 -0.471563 -0.102688 0.879541 -1.2086 -0.0387245 0.793527 -0.134839 0.886717
453 -1.11714 -0.0934209 0.490121 -1.0309 -0.0230681 0.963642 0.334002 0.885959
162 -0.482787 -0.122171 0.475087 -1.24787 0.454232 0.92207 0.229386 1.05625
149 -0.636316 -0.328724 0.451705 -1.31235 0.647623 0.993163 0.416064 1.29662
430 -0.926002 0.267466 0.536614 -0.916785 0.14942 0.804993 -0.00651714 1.18834
622 -0.881957 -0.0108716 0.230844 -0.841111 0.131896 1.12526 -0.27988 1.08623
64 -0.928886 -0.281526 1.06342 -0.794571 0.151812 1.18851 0.122055 0.964121
530 -0.721823 -0.0952574 0.890474 -0.993437 0.162153 1.03008 0.19265 1.11508
986 -1.28577 -0.121244 0.642166 -1.30048 0.0679338 1.17379 0.302904 1.10082
632 -1.13555 -0.171171 0.422209 -0.962889 0.0814824 1.12213 0.0709992 1.04582
261 -0.520157 -0.177571 0.452118 -1.2621 0.659344 0.98464 0.271485 1.23516
604 -1.30495 -0.058734 0.4448 -1.11612 0.306938 0.927602 0.299377 0.979778
489 -0.523124 -0.161426 0.523717 -1.34268 0.925697 0.896243 0.38613 1.34439
852 -0.665338 0.0337917 0.852662 -1.31881 -0.0214461 0.94444 0.0294142 0.802767
241 -0.635171 0.174043 0.211942 -1.20855 0.0159745 1.23139 0.0391463 0.987134
381 -1.13393 -0.3517 1.27318 -0.698396 0.207364 1.27521 -0.0634811 1.166
554 -0.654598 -0.00691944 0.684808 -0.987866 0.125084 1.22447 0.132038 1.09905
230 -0.860257 0.190926 0.204399 -1.23879 -0.0998892 1.19334 -0.207518 0.936501
574 -1.07035 0.457168 0.684863 -1.12033 0.11281 0.676046 0.0409157 1.50197
648 -1.0928 -0.0217901 0.427866 -1.18536 0.00696293 1.12654 0.216135 0.839919
994 -0.67001 -0.0643546 0.45666 -1.21015 -0.0138766 1.01928 0.0108873 1.23958
47 -0.729993 -0.147199 0.296938 -0.920882 0.146247 1.23003 -0.675352 1.25142
103 -0.739663 0.0958443 0.50743 -1.37925 0.574938 0.823027 -0.0983963 1.11048
819 -0.760551 0.207493 0.393659 -1.30808 0.427706 0.974918 0.00368869 1.13846
868 -1.05841 0.235869 0.566302 -1.30722 0.111407 0.897825 -0.00172926 1.37702
306 -1.10425 0.409544 0.493491 -1.2635 0.299217 0.682431 0.0305778 1.33891
953 -1.11855 0.408016 0.677646 -1.19273 0.170887 0.804436 0.117975 1.38822
329 -0.975029 0.290541 0.228532 -1.43061 0.575183 1.03919 0.0808209 1.09742
422 -1.0153 0.35111 0.551244 -1.20392 0.35088 0.584107 0.0424718 1.47298
892 -0.89633 -0.0428593 0.379513 -0.986383 0.248494 0.911881 0.29258 0.929758
362 -1.42216 -0.269866 0.407034 -1.17954 0.13332 1.15341 0.680397 1.12635
548 -0.851374 -0.0779874 0.253272 -0.933387 0.141458 1.41223 -0.646621 1.2593
929 -0.575588 -0.100089 0.699975 -1.19727 0.0041328 1.0782 -0.32811 0.927936
864 -0.669156 0.0673585 0.81689 -1.34124 0.000524599 0.88279 -0.05576 0.818916
166 -0.46786 -0.282757 0.611233 -1.36053 0.635463 0.854557 0.195721 1.33413
479 -0.8383 0.368878 0.218343 -1.45355 0.579088 1.01723 -0.0599086 0.997236
991 -0.524248 -0.0334922 0.454262 -1.22838 0.474 0.841333 0.0667173 1.14044
875 -0.563174 0.0116134 0.998728 -1.47939 0.0177069 1.01877 0.00694359 0.840112
786 -0.377457 -0.456281 0.785 -1.00761 -0.0684892 0.740975 -0.305945 1.39065
625 -0.944602 0.0889697 0.14707 -0.952449 0.0446283 1.42112 -0.659546 1.07913
338 -0.649588 0.17538 0.350936 -1.38796 0.491722 0.927064 -0.0616679 1.26839
333 -0.810097 0.178643 0.319242 -1.34197 0.705118 0.924779 -0.0652817 1.00613
298 -0.90417 0.508413 0.415938 -1.10772 0.185333 0.816985 0.146555 1.45072
559 -0.783006 0.294745 0.517877 -1.32279 0.582761 0.864338 -0.0446829 0.914182
960 -0.495787 0.119577 0.12315 -1.16624 0.140172 1.37426 0.0386092 1.24629
165 -0.56185 -0.149691 0.467728 -1.30783 0.785881 0.952632 0.157565 1.3183
924 -0.634586 -0.426774 0.652235 -1.1416 -0.112108 0.837662 -0.24148 1.62771
95 -0.483376 -0.416767 0.52912 -1.10488 -0.0771991 0.694947 -0.260675 1.76789
822 -0.450124 -0.276151 0.521781 -1.17691 0.112551 0.774228 -0.249341 1.36335
889 -0.925461 0.554174 0.594671 -1.03553 0.175995 0.770204 0.198771 1.43359
741 -0.522004 -0.232414 0.32745 -1.09701 0.774079 1.03449 0.102286 1.17495
644 -0.714269 -0.0147396 0.398797 -1.28965 0.0477648 1.06728 0.0284448 1.23688
538 -0.846488 -0.166405 0.0882192 -0.830011 0.213168 1.55475 -0.690715 1.25681
550 -0.833039 -0.0955891 0.302296 -0.920389 0.219871 1.33865 -0.432443 1.24127
78 -0.731719 -0.0701799 0.366691 -0.749193 0.206886 1.26783 -0.46652 0.970457
350 -0.680134 0.0864266 0.86984 -1.29357 -0.0146612 1.14273 -0.223431 0.897526
336 -0.695696 0.191795 0.417969 -1.4025 0.587137 1.00256 -0.0167379 1.11044
327 -0.847447 0.294894 0.224935 -1.44884 0.617445 0.915525 -0.0695543 1.08018
777 -0.56205 0.244693 0.235788 -1.21365 0.500462 1.12711 -0.0413769 1.12008
824 -0.764914 0.0744284 0.504751 -1.15655 0.469614 0.732694 -0.165084 0.994644
503 -1.14023 0.413706 0.757997 -1.05112 0.144023 0.691801 0.138057 1.39745
426 -1.13704 0.411336 0.599335 -1.10131 0.208397 0.739202 0.033794 1.54951
675 -0.932585 -0.136905 1.02216 -1.01159 0.174625 1.03331 0.169439 1.03137
371 -0.527301 -0.138528 0.609805 -1.23565 0.692851 1.03765 0.38064 1.20283
782 -0.488215 -0.46331 0.674012 -1.24312 -0.0129792 0.689648 -0.295224 1.54919
393 -1.07695 0.0192143 0.101449 -0.955502 0.116642 1.55158 -0.722366 1.08779
63 -0.425391 -0.354807 0.37195 -0.993299 0.79316 1.15988 0.107731 1.19518
70 -0.734354 -0.0715455 0.159612 -0.756764 0.0590252 1.22135 -0.573001 1.16492
424 -0.920073 0.122477 0.580986 -1.14314 0.24003 0.752611 -0.0408232 1.38879
572 -1.0036 0.522591 0.370228 -1.26577 0.14118 0.639692 0.110831 1.35452
772 -0.511202 -0.389888 0.634426 -1.22845 0.13561 0.871834 -0.192761 1.43903
773 -0.522079 -0.129868 0.612207 -1.25381 0.62935 1.01431 0.151526 1.25671
794 -0.667252 0.0167775 0.490938 -1.2902 0.369676 0.938556 -0.124799 1.30085
966 -0.602872 0.119897 0.584808 -1.28845 0.250521 0.89973 -0.0271716 1.03097
383 -1.06005 -0.0308192 0.0811142 -0.91946 0.136511 1.63648 -0.728919 1.33794
257 -0.437222 -0.242454 0.658823 -1.3348 0.569546 1.01175 0.30759 1.3191
510 -1.11951 0.350391 0.634508 -1.03823 0.103329 0.678367 0.14577 1.47842
334 -0.614326 0.226323 0.313604 -1.47098 0.562255 0.944017 0.0189947 1.0702
775 -0.604639 0.285821 0.249271 -1.40648 0.527139 0.954874 -0.0147109 1.07209
764 -1.2051 -0.0452268 0.576121 -1.12944 -0.0433092 1.03308 0.266468 0.859599
779 -0.719133 0.174583 0.728296 -1.46999 0.324813 0.929211 -0.065403 1.06327
817 -0.855766 0.110478 0.477138 -1.46471 0.712671 1.0148 0.00750284 1.16932
959 -0.423245 0.228058 0.149251 -1.17829 -0.0249149 1.46827 0.151431 1.4097
771 -0.792834 0.0901042 0.315743 -1.43376 -0.148878 1.33412 0.0649206 0.911061
823 -0.885052 0.270077 0.326693 -1.45214 0.529871 0.884274 0.116809 1.03057
429 -0.836693 0.209704 0.722168 -1.00555 0.150535 0.707234 0.0318233 1.16666
158 -0.38892 -0.194782 0.379491 -1.33494 0.739614 1.0692 0.309488 1.34661
553 -0.748034 0.131172 0.339926 -1.3679 0.646622 0.818463 -0.156225 1.28733
164 -0.50342 -0.136469 0.601374 -1.30297 0.480503 0.842862 0.164914 1.26035
658 -0.637138 -0.129084 0.550906 -1.28933 0.423048 1.06016 0.0960686 1.36001
863 -0.625986 0.0512458 0.838972 -1.48999 0.0454559 1.0326 -0.157982 0.966754
486 -0.749067 0.234071 0.239079 -1.27454 0.53248 0.912171 -0.0635832 1.03173
807 -0.442374 -0.100447 0.78172 -1.32522 -0.00427081 0.933913 -0.124279 1.19624
122 -0.80456 -0.220949 0.357098 -1.09118 0.0104374 0.93354 -0.0338851 1.19655
41 -0.947161 0.119866 0.367374 -0.949116 0.126377 1.36244 -0.688884 1.12567
119 -0.493326 -0.31146 0.417593 -1.17674 0.141059 0.770064 -0.130554 1.42527
618 -0.795802 0.264397 0.241079 -1.30458 0.323489 1.19324 -0.149463 1.14888
887 -1.13444 0.473744 0.684043 -1.10977 0.175306 0.585296 0.126917 1.64252
363 -0.503259 -0.474655 0.485548 -1.31449 0.826775 1.17828 0.304214 1.36303
935 -0.873114 0.0567745 0.355006 -1.25746 0.422898 1.1082 -0.0115294 1.15341
539 -0.931504 -0.0864895 0.233412 -0.933892 0.263672 1.47987 -0.694127 1.25301
595 -1.27765 -0.252763 0.514234 -1.09472 0.065891 1.14262 0.219864 0.965624
692 -0.664767 0.0293361 0.760398 -1.32729 0.0223724 1.0956 0.00487343 0.947881
585 -0.56693 -0.125154 0.983834 -1.59842 -0.077298 1.09456 -0.00132609 1.0345
809 -0.737419 -0.0724163 0.0413045 -0.872044 0.111368 1.61042 -0.602871 1.31609
769 -0.761935 0.0555261 0.342015 -1.33829 -0.0128563 1.08326 0.130391 0.88496
456 -1.21432 0.00549137 0.423676 -1.18497 0.242998 1.0287 0.252345 0.957384
325 -0.82035 0.281839 0.173978 -1.30869 0.633655 0.779765 -0.10689 0.886366
831 -0.704014 0.171961 0.172359 -1.18813 0.522649 1.10675 0.0117191 1.05806
655 -0.938146 -0.144911 0.407069 -1.18497 0.162558 1.06512 0.0740731 1.11975
684 -0.599613 0.0682399 0.999814 -1.62672 -0.115297 1.21728 -0.0983992 0.855828
998 -0.746692 0.030242 0.805346 -1.47904 0.0235614 1.15592 -0.0436995 1.10827
398 -0.321992 -0.293979 0.491657 -1.23775 0.587734 1.09371 0.433339 1.36481
926 -0.96925 -0.079403 0.443737 -1.12657 0.124212 1.08885 0.0358196 1.09085
596 -1.171 -0.0846814 0.440487 -1.01802 0.0640733 1.14521 0.0488484 0.904136
600 -1.14592 -0.214696 0.517816 -1.08051 -0.0995874 0.963215 0.117101 1.00169
977 -0.794763 0.266381 0.289167 -1.3011 0.342885 1.22362 -0.00528662 1.20477
778 -0.837947 0.209691 0.304905 -1.35338 0.65536 0.833446 0.0294645 0.975543
480 -0.721961 0.249299 0.28695 -1.45872 0.727495 0.940271 -0.0760284 1.22622
409 -0.645886 -0.206972 0.918694 -1.04526 0.392538 0.950864 0.321028 1.10379
140 -0.578747 -0.335488 0.438151 -1.28794 0.851659 1.10704 0.454559 1.22974
990 -0.937787 0.200479 0.586112 -1.14948 0.294263 0.773111 0.113592 1.41722
507 -0.98989 0.367663 0.591584 -1.15173 0.169694 0.717718 0.19639 1.42738
693 -0.547056 0.0350942 0.909837 -1.42337 0.0267534 0.989682 0.0417502 0.860215
721 -0.199351 0.00600189 0.156732 -1.05072 -0.0586837 1.50802 0.143061 1.09503
980 -0.692647 -0.126948 0.540925 -1.23715 0.468689 1.07066 0.262455 1.27455
869 -0.697467 0.0525164 0.404016 -1.17398 0.39618 0.769427 -0.12735 1.0551
942 -0.463994 0.166778 0.148621 -1.08529 0.0833331 1.45696 0.0912254 1.23516
981 -0.666941 -0.0800977 0.727322 -1.18899 0.317607 0.987142 0.14994 1.1342
634 -1.11584 -0.103069 0.432212 -0.988203 0.0779273 1.06504 0.37739 0.977991
984 -0.583318 -0.219893 0.407776 -1.15962 0.560534 1.10959 0.280582 1.25265
425 -0.877097 0.204984 0.48989 -1.06198 0.312731 0.77716 0.0443712 1.31785
738 -0.499739 0.323104 0.21583 -1.33179 0.395523 0.973264 -0.0312348 1.04795
243 -1.14216 -0.0739123 0.302409 -1.11642 -0.011524 1.06537 0.18235 0.827723
690 -0.651293 -0.0812709 0.820901 -1.38085 -0.0347606 1.10476 -0.154117 0.882472
640 -0.788859 0.299407 0.304211 -1.43159 -0.180036 1.26125 0.0627063 0.866067
387 -1.01421 0.0691844 0.22459 -0.845751 0.0471833 1.34259 -0.559717 1.08569
679 -0.787425 -0.175422 0.876265 -1.19718 0.362959 1.05782 0.170993 1.18567
917 -0.816936 -0.0989591 0.210578 -0.805401 0.161196 1.3615 -0.64927 1.15819
657 -0.338451 -0.191681 0.249505 -1.31566 0.690413 1.0713 0.210151 1.32157
862 -0.674082 0.0793652 1.1006 -1.7966 0.0277724 0.99066 -0.0274478 0.889113
661 -0.504417 -0.180916 0.471056 -1.1315 0.348462 0.803926 0.136972 1.08262
802 -0.82424 0.0978761 0.425469 -1.55154 -0.0673195 1.1892 0.04577 1.06774
557 -0.820737 0.221718 0.154142 -1.27067 0.620658 0.784861 -0.108629 0.98917
45 -0.710748 0.0257332 0.257497 -0.813801 0.176982 1.16956 -0.42508 1.10761
457 -0.733927 -0.253324 0.552599 -1.0484 -0.0311877 0.836854 -0.0681872 1.29429
770 -0.867621 0.122536 0.363191 -1.3894 -0.0399797 1.13943 0.0914196 0.98777
