1000 4
995 -0.255613 -0.171311 -2.65374 0.473026
540 -0.139879 -0.0789688 -2.2291 0.643973
434 -0.330137 0.577157 -2.70604 1.46662
633 -0.206426 0.187337 -2.16356 0.90562
594 -0.326912 0.469281 -2.40779 0.987497
433 -0.611546 0.541905 -2.65539 0.915285
597 -0.248134 0.305185 -2.28497 0.898366
591 -0.503091 0.769253 -2.65798 1.07601
853 -0.629655 0.0985175 -2.0087 0.678476
692 -0.51248 0.105759 -2.16918 0.573825
556 -0.354452 -0.0285379 -2.21328 0.668732
685 -0.793336 0.379833 -2.43206 1.02359
438 -0.817773 0.217852 -2.53281 1.19895
757 -0.146953 -0.234685 -2.37242 0.428647
274 -0.296962 -0.630244 -2.60569 0.230706
17 0.598765 0.586906 -2.88796 0.0735888
916 -0.036289 0.43324 -2.58982 0.487467
919 -0.013656 0.645964 -2.56184 0.60291
264 0.377374 -0.357539 -2.30253 0.662875
897 -0.226198 -0.777814 -2.57393 0.197766
288 -0.475144 -0.753817 -2.59901 0.112911
430 -0.300892 -0.621664 -2.28214 0.161025
42 0.17463 0.234346 -2.22097 -0.00669254
544 0.294837 0.443575 -2.43184 0.0588144
9 0.203095 0.563689 -2.73686 -0.0814706
326 0.253756 -0.455757 -2.36921 0.436624
308 0.109476 -1.07258 -2.81354 0.779797
237 -0.357633 0.262462 -2.54777 -0.241263
982 -0.574103 0.0996071 -2.28823 -0.124893
798 -0.815238 0.124845 -2.64824 -0.133603
196 -0.692867 0.253853 -2.16112 0.699856
971 -0.4368 0.212359 -2.16518 0.69125
682 -0.761592 0.322797 -2.55022 1.14489
97 0.243314 0.0900463 -2.18597 0.796637
79 0.653576 0.271997 -2.95096 0.513339
102 0.412557 0.16245 -2.16913 0.595197
80 0.385883 0.170217 -2.65324 0.598111
696 0.0497325 -0.742928 -2.37193 0.807794
468 0.15833 -0.690381 -2.55735 0.574141
27 0.395722 0.535522 -2.56474 0.120583
6 0.25412 0.794306 -3.02494 0.127443
387 0.229084 0.562862 -2.54779 -0.126693
914 -0.544683 0.191959 -2.50144 -0.247586
234 -0.63572 0.233612 -2.52106 -0.187467
239 -0.525513 0.199323 -2.38878 -0.0894736
207 -0.67831 0.295999 -3.23436 -0.271801
170 -1.15733 0.410716 -2.95795 -0.181848
720 -0.133025 0.117941 -2.26986 0.776827
705 -0.156801 -0.259801 -2.78475 0.109325
722 -0.0923309 -0.354885 -2.09521 0.284245
112 0.313304 -0.0283855 -2.08018 0.369198
578 0.542866 0.100863 -2.62118 0.601741
545 0.542753 0.174739 -2.55274 0.320359
5 0.505286 0.615512 -3.06764 -0.172072
3 0.459835 0.725714 -3.29621 -0.294948
310 -0.110029 -0.912273 -2.67258 0.979988
410 -0.29795 -1.01948 -3.09902 -0.251653
420 0.0528773 -0.0271113 -2.38718 0.331724
792 0.201014 0.0679445 -2.17802 0.444575
931 0.194447 -0.0610658 -2.45078 0.481451
579 0.601418 0.0876947 -2.66951 0.84532
805 0.252765 0.198072 -2.23921 0.382237
581 0.21095 -0.0588665 -2.47331 0.524549
835 0.261266 0.0283092 -2.19245 0.395155
241 -0.280022 0.108116 -2.35381 -0.174769
800 -0.589562 0.291523 -2.33893 -0.127713
636 -0.722686 0.478339 -2.98821 -0.362184
240 -0.557872 0.107565 -2.28114 -0.215356
224 -0.875062 0.0515798 -2.55751 -0.266747
496 -0.502164 -0.753504 -2.78787 -0.148858
220 -0.336982 -0.131742 -2.5351 0.100828
18 0.424354 0.660893 -2.91587 0.0442749
917 0.4048 0.392944 -2.2676 -0.0154615
858 0.0938162 -0.349224 -2.2685 0.620366
698 -0.648134 0.392428 -2.38404 0.917132
683 -0.749082 0.395348 -2.63001 0.846717
169 -1.088 0.444504 -2.85893 1.04525
690 -0.350481 0.322802 -2.32789 0.697887
7 -0.827901 0.265416 -2.64764 1.08004
175 -0.986313 0.254263 -2.58998 1.00383
359 -0.358415 0.150403 -2.16633 0.735586
195 -0.384918 0.0399847 -2.23983 0.809868
191 -0.774478 0.00557708 -2.31027 0.663202
187 -0.927692 0.087499 -2.50394 1.01652
126 -0.837444 0.178904 -2.81759 1.33732
583 0.0760364 0.209902 -2.18898 0.613184
789 0.399686 0.262488 -2.62093 0.439516
841 0.329572 -0.0300837 -2.62796 0.560247
582 0.244099 0.072966 -2.49884 0.326781
644 -0.266909 0.0389953 -2.38547 0.0233032
333 0.0708863 -0.599178 -2.21552 0.51379
328 -0.046823 -0.491771 -2.02703 0.494031
460 -0.233518 0.381576 -2.1866 0.710234
85 0.478354 0.0848979 -2.54606 0.578331
95 0.265882 0.00496403 -2.27504 0.0421479
277 -0.379825 -1.0793 -3.0856 -0.122602
482 0.0322713 -0.630058 -2.07583 0.529316
817 0.0188166 -0.654656 -2.49791 0.472448
849 0.23175 -0.443856 -2.27468 0.371411
613 0.0634301 -0.428311 -2.39201 0.602719
972 -0.512198 0.117231 -2.18607 0.706831
467 0.32214 -0.891772 -2.66731 0.599923
778 0.0161675 -0.701815 -2.07466 0.562067
313 -0.0369783 -0.770928 -2.36427 0.711709
146 0.484158 -0.227148 -2.32182 0.709221
367 0.60145 0.0115021 -2.30574 0.809087
155 0.53574 -0.05168 -2.33643 0.850975
143 0.565713 -0.0499701 -2.31371 0.991333
125 0.808582 -0.135007 -2.9504 1.40518
13 0.847608 -0.165479 -2.80487 1.03175
129 0.904596 -0.268116 -2.98948 1.22367
396 0.587637 -0.1063 -2.42825 1.04146
227 -0.751583 0.193024 -2.84126 -0.298386
219 -0.808472 0.236802 -2.88562 -0.390313
867 -0.588011 0.260667 -2.44753 -0.322736
932 -0.678512 0.229265 -2.41319 -0.0700459
814 -0.660542 0.233352 -2.36571 -0.110217
639 -0.919946 0.0233417 -2.65395 -0.24907
223 -0.641453 0.384947 -2.67361 -0.312891
477 0.0428304 -0.732082 -2.18086 0.572552
103 0.120981 -0.615135 -2.36395 0.489788
848 0.21639 -0.458949 -2.29881 0.553865
312 0.014639 -1.06559 -2.61875 0.929871
819 -0.0673738 -0.422237 -2.43705 0.203697
558 -0.0326305 -0.584488 -2.15722 0.208722
222 -0.0981136 -0.591617 -2.32236 0.408763
69 -0.508228 -0.606786 -2.14322 0.0384874
272 -1.04407 -0.90384 -3.33182 0.141285
287 -0.51375 -0.718944 -2.56918 0.0593958
571 -0.480344 -0.787525 -2.71548 0.0831025
273 -0.52553 -1.12693 -3.16247 -0.162866
279 -0.750936 -1.02069 -2.96894 0.0698882
93 0.396093 -0.17011 -2.45297 0.490108
401 0.541968 -0.0859813 -2.28695 0.484773
61 0.506577 0.27792 -2.3404 0.575922
593 -0.118961 0.236333 -2.24482 1.04515
128 1.00174 0.0218172 -2.95675 1.15783
81 0.767564 -0.131195 -2.83229 1.28956
109 0.268569 0.0116908 -2.31528 0.726452
108 0.32065 -0.0273672 -2.36063 0.619865
937 -0.130219 -0.189352 -2.22002 0.402472
708 -0.0735448 -0.210773 -2.5603 0.263918
695 -0.138367 -0.208552 -2.51574 0.353152
517 -0.158093 -0.482457 -2.54916 0.634298
319 -0.055532 -0.74637 -2.42532 0.83058
536 0.146642 -0.821219 -2.44722 0.425769
247 0.262949 -0.921764 -2.52345 0.784019
317 0.099399 -1.06755 -2.4257 0.437444
314 0.150673 -1.01802 -2.51374 0.50319
336 0.068784 -0.495412 -2.23418 0.445605
742 0.211148 -0.451857 -2.25054 0.692803
549 -0.0703603 0.0407858 -2.31216 0.196091
904 0.0227793 -0.2022 -2.53097 0.300044
944 -0.0103244 -0.143342 -2.42106 0.372328
33 0.132149 -0.065111 -2.38729 0.334003
732 0.0756331 0.227737 -2.39574 0.323512
691 -0.11395 0.0527679 -2.25793 0.577915
733 -0.106516 -0.254132 -2.26029 0.56098
398 0.434856 -0.0930335 -2.44432 1.09491
140 0.360043 -0.071431 -2.46152 0.864485
659 0.520978 -0.390323 -2.29152 0.754882
267 0.520296 -0.137589 -2.06768 0.857384
570 0.258029 -0.146265 -2.0319 0.550266
976 0.0886322 -0.338386 -2.35685 0.374264
131 0.184746 -1.22338 -2.81459 0.917521
557 0.0950775 -0.219535 -1.93896 0.340086
384 0.391191 0.534812 -2.4231 -0.0267683
36 0.265426 0.360057 -2.35664 0.0403759
58 0.128823 0.578171 -2.44961 0.0895644
845 -0.0688458 -0.287462 -2.37674 0.389076
713 0.0106668 -0.131652 -2.51982 0.455275
723 -0.09932 -0.254172 -2.26449 0.420393
643 -0.337681 -0.0938447 -2.28885 -0.0138293
984 0.301249 -0.080969 -2.27015 0.843221
406 0.47817 -0.125611 -2.0669 0.896153
82 0.980889 -0.2597 -3.0349 1.17771
543 0.508764 0.25955 -2.41405 0.269901
660 0.354442 -0.136236 -2.09077 0.86269
663 -0.0990979 -0.419086 -2.62724 0.4472
321 0.11344 -0.980673 -2.35159 0.731744
171 -0.00804695 -0.848265 -2.57866 1.03603
777 0.0999203 -0.726468 -2.26261 0.562424
11 0.399115 -1.05172 -2.78124 0.72193
0 0.488597 0.497009 -3.0378 -0.136279
12 0.630233 0.866633 -3.06798 0.231547
440 -0.431551 0.248457 -2.53502 1.2008
444 -0.664039 0.0556219 -2.24866 0.849366
653 -0.230988 0.130717 -2.30659 0.679585
452 -0.410456 -0.0381915 -2.4592 0.722335
432 -0.542018 0.565872 -2.72352 1.09802
120 -0.102171 0.416435 -2.08 0.758857
89 0.657763 0.264272 -2.57091 0.331895
856 0.300065 0.229131 -2.43412 0.379558
619 0.261735 0.590487 -2.20707 0.0979345
385 0.398406 0.444371 -2.30925 0.201956
2 0.713908 0.588372 -3.16928 -0.100303
392 0.222188 0.293883 -2.32483 0.0789769
808 0.426741 0.741315 -2.70136 0.217174
59 0.621105 0.620234 -2.58825 0.266756
809 0.404189 0.382092 -2.3459 -0.0126048
687 -0.506597 0.298055 -2.30638 0.788499
347 -0.279892 0.211297 -2.2221 1.0188
19 -0.948724 0.310251 -2.64416 1.28554
859 -0.551029 0.128281 -2.31455 1.14857
863 -0.213886 0.121117 -2.36578 1.1013
202 -0.295502 0.00391343 -2.35597 0.8895
203 -0.242147 0.0105456 -2.26369 0.990283
245 -0.490827 0.183257 -2.742 -0.193567
373 0.46905 -0.0242013 -2.19754 0.69201
947 0.396934 -0.108415 -2.28654 0.852086
147 0.324632 -0.184514 -2.19665 0.893328
656 0.401459 -0.00193852 -2.31044 0.89212
265 0.345279 0.0586339 -2.19065 0.812679
135 0.777383 -0.204097 -2.9634 1.28447
60 0.358827 0.466113 -2.53476 -0.0831432
388 0.527873 0.54297 -2.5314 0.105704
47 0.243093 0.275976 -2.11469 0.336381
4 0.50493 0.701134 -3.13146 -0.0171451
541 0.329736 0.612239 -2.62862 0.12206
37 0.126838 0.100193 -2.23018 -0.0224255
292 -0.488448 -0.734417 -2.67986 0.012603
51 0.262516 0.778299 -2.74123 0.144623
632 -0.213157 0.294999 -2.29632 0.917059
453 -0.235493 0.190213 -2.11129 0.819842
278 -0.576282 -0.780236 -2.70425 0.0187989
425 -0.247612 -0.690278 -2.18469 0.186581
298 -0.400213 -0.604492 -2.16989 0.162913
651 -0.430299 -0.260241 -2.42482 0.442249
709 -0.387614 -0.223419 -2.48572 0.0779934
210 -0.817583 0.239731 -3.09477 -0.295469
812 -0.487005 0.278298 -2.49936 -0.176981
497 -0.71585 -0.907045 -2.5952 0.209814
285 -0.655845 -1.10866 -2.86561 0.0032539
248 0.593632 -0.383421 -2.58293 1.02728
740 0.261312 -0.149062 -2.26887 0.822446
152 0.64511 -0.0341646 -2.28698 0.924152
250 0.642398 -0.207379 -2.56155 1.03131
476 0.105161 -0.608601 -2.1725 0.538927
981 0.220324 -0.0815938 -2.21447 0.601239
520 0.0175064 -0.138885 -2.5896 0.702958
514 -0.133432 -0.809145 -2.5589 0.440315
678 -0.205095 -0.629111 -2.30914 0.179727
758 -0.0903718 -0.351856 -2.44331 0.342243
666 -0.266025 -0.239056 -2.52342 0.528182
851 -0.189532 -0.240412 -2.33464 0.452142
668 -0.19547 -0.412537 -2.41174 0.455649
513 -0.316947 -0.385321 -2.45768 0.44071
822 0.249298 -0.0502128 -2.32209 0.6371
924 0.153608 0.155362 -2.52573 0.450893
834 0.134569 0.0498576 -2.3631 0.561205
836 0.16866 0.107236 -2.17641 0.473439
673 0.0684899 -0.0266741 -2.49115 0.519361
590 0.166085 -0.0172176 -2.41233 0.44632
16 0.450153 0.770405 -2.77064 0.0399521
1 0.635913 0.696604 -3.29295 0.0256788
65 0.270401 0.506746 -2.35739 -0.0248091
52 0.327524 0.807343 -2.67397 0.196033
380 0.334528 0.488005 -2.72081 0.16308
31 0.186972 0.456063 -2.4177 0.0367913
375 0.472212 -0.208652 -2.26295 0.8637
164 0.462795 -0.216032 -2.25794 0.994873
249 0.719371 -0.222511 -2.88735 1.43725
253 0.697025 -0.122043 -2.41747 0.977377
71 0.381423 0.423844 -2.29383 0.213181
400 0.361564 0.0785274 -2.43482 0.536753
115 0.386289 0.036606 -2.09974 0.599487
110 0.276157 0.0130935 -2.28771 0.46908
551 0.360304 -0.954883 -2.58011 0.559072
316 0.25792 -0.947245 -2.38508 0.737941
471 0.125257 -0.497424 -2.28461 0.376057
309 0.328706 -1.16173 -2.89309 0.703264
350 -0.524073 0.292212 -2.23101 0.816565
168 -1.06785 0.0841712 -2.99187 1.23969
189 -0.833493 0.185656 -2.35939 1.00407
680 -0.894221 0.42878 -2.61633 1.04761
183 -0.839555 -0.023432 -2.46185 0.944551
346 -0.665635 0.101497 -2.39893 0.804289
305 -0.387453 -0.626442 -2.33603 0.184921
302 -0.407005 -0.846496 -2.36175 0.265174
411 -0.447217 -0.998003 -2.84534 0.262858
29 0.343757 0.340384 -2.46751 -0.1235
928 -0.393461 0.244309 -2.42919 0.809497
983 -0.373836 0.168956 -2.35262 0.481044
500 -0.433212 -0.632647 -2.50715 0.0593916
301 -0.353956 -0.578108 -2.30575 0.0818168
413 -0.519351 -0.922498 -2.56999 0.128366
586 0.0670924 -0.192552 -2.25831 0.480098
341 -0.711514 0.339882 -2.50566 0.931995
311 0.0880522 -1.0363 -2.66501 0.974264
472 0.131821 -0.904348 -2.34092 0.539139
204 -0.599211 0.122551 -2.13561 0.695756
803 -0.790017 0.212555 -2.44238 -0.163002
208 -1.01614 0.12472 -3.24557 -0.397566
332 0.0452663 -0.682436 -2.15009 0.613173
614 -0.0292458 -0.559388 -2.05439 0.595645
322 0.0935373 -0.778866 -2.49503 0.592521
15 -0.482968 0.217133 -2.94861 -0.451254
768 -0.537209 0.107696 -2.54359 -0.102496
827 -0.208047 -0.267735 -2.46376 0.340711
711 -0.191995 -0.212935 -2.46314 0.421826
412 0.21685 -0.0194387 -2.29857 0.305562
980 0.33413 0.035264 -2.3291 0.85255
261 0.436309 -0.104568 -2.3572 0.782439
871 0.411475 0.033891 -2.27368 0.57323
765 0.434735 0.0565358 -2.33003 0.421449
116 0.493641 -0.00409144 -2.07938 0.641938
88 -0.822315 0.341072 -2.9486 -0.176601
229 -0.495775 0.308837 -2.64098 -0.264593
516 -0.19969 -0.253109 -2.62993 0.379462
712 -0.160268 -0.294906 -2.51405 0.377837
715 -0.243779 -0.159898 -2.2921 0.548961
716 -0.350306 -0.0473306 -2.16629 0.167114
230 -0.565644 0.276044 -2.49853 -0.101116
505 -0.639872 -0.0753384 -2.38344 -0.118904
646 -0.36701 0.0995536 -2.08926 -0.0947288
868 -0.387878 -0.292141 -2.24972 -0.0339159
282 -0.644642 -0.854264 -2.71016 0.201637
297 -0.499646 -0.72413 -2.37476 0.282626
271 -0.619681 -1.10296 -3.19728 -0.000391772
290 -0.654088 -0.694222 -2.4831 -0.0559246
294 -0.484472 -1.00322 -2.59124 0.223318
34 0.122344 0.450084 -2.48551 0.219643
20 0.239813 0.535018 -2.64557 -0.13361
548 0.275438 0.586198 -2.37895 0.157335
538 0.37114 0.531242 -2.36989 0.147571
53 0.57009 0.716832 -2.78047 0.0812348
546 0.139048 0.255375 -2.32102 0.237157
774 0.327749 -0.579935 -2.30186 0.687005
478 0.0861332 -0.730029 -2.45424 0.65132
212 0.349439 -0.594632 -2.45512 0.586173
349 -0.815425 0.512477 -2.21403 1.06963
173 -0.885197 0.377577 -2.66507 1.10185
435 -0.544547 0.468992 -2.54068 1.25887
445 -0.213201 0.302404 -2.21486 0.989297
56 0.345918 0.763703 -2.61051 -0.115865
73 0.143399 0.193017 -1.91379 0.0875069
55 0.65323 0.68488 -2.63583 0.23344
383 0.169779 0.565053 -2.55993 -0.181409
136 0.554983 0.0697198 -2.66941 0.601185
397 0.426277 -0.0819335 -2.20185 0.536601
781 0.437369 0.0690006 -2.5436 0.346279
576 0.249142 -0.2705 -2.09687 0.264607
83 0.504244 0.126228 -2.63147 0.467138
784 0.0814938 -0.218531 -2.36956 0.362815
734 -0.249048 -0.344262 -2.67704 0.536509
688 -0.825279 0.158029 -2.23458 0.729543
429 -0.333111 -0.640257 -2.44219 0.347517
499 -0.392946 -0.673419 -2.32706 0.300855
177 -0.996737 0.214218 -2.59069 1.26189
874 -0.658501 0.34811 -2.32674 1.22482
909 -0.72365 0.274384 -2.6401 1.11232
929 -0.414929 0.222808 -2.19706 0.876523
64 -0.000881742 0.0239554 -2.18506 0.0887855
40 0.209653 0.258299 -2.06389 0.0644043
10 0.522959 0.692843 -2.79659 0.207781
133 0.706986 0.0788624 -2.88407 1.26779
363 0.51964 0.0406001 -2.51437 0.96059
488 0.273094 0.0869055 -2.20346 0.941134
788 0.343097 -0.0406658 -2.22878 0.542483
87 0.78054 0.0728746 -2.737 0.613168
948 0.129726 0.0326707 -2.47244 0.526741
323 0.0657089 -0.772278 -2.14476 0.687018
474 0.0643985 -0.730975 -2.25273 0.381167
645 -0.43842 0.0619982 -2.24642 0.0557967
664 -0.0924419 -0.311862 -2.40777 0.409202
369 0.0551056 -0.421558 -2.20984 0.508974
552 0.0615904 -0.810162 -2.39702 0.765164
776 -0.129752 -0.383327 -2.19424 0.515808
963 0.0295903 -0.052146 -2.14132 0.466656
772 0.39517 0.00894373 -2.34865 0.659482
459 -0.341225 0.383443 -2.14936 0.950678
122 -0.0509254 0.336539 -2.18485 0.868623
601 -0.0430528 0.121396 -2.25967 0.597367
345 -0.283394 0.184788 -2.39756 0.776614
598 -0.353697 0.0241836 -2.29639 0.749762
628 -0.321012 0.426649 -2.49816 1.03532
450 -0.123955 0.364294 -2.29653 0.662873
49 0.247319 0.390827 -2.15615 -0.0310221
986 -0.188825 -0.102865 -2.58361 0.815275
564 -0.092472 0.167651 -2.27041 1.15811
362 -0.287514 0.439439 -2.47364 1.25218
945 -0.69521 0.342093 -2.61118 -0.147533
762 -0.639492 0.327182 -2.17849 0.00261223
635 -0.858297 0.344986 -2.92142 -0.398516
231 -0.713617 0.338041 -2.44594 -0.200519
956 -0.621859 0.286629 -2.54921 -0.0923753
642 -0.665608 0.267967 -2.67361 -0.300045
232 -0.402462 0.391581 -2.58975 -0.351012
729 -0.0424365 -0.299358 -2.52932 0.244559
862 -0.580023 0.182058 -2.39544 1.04689
331 -0.0024662 -0.461139 -2.25777 0.729458
555 0.182569 -0.539965 -2.15054 0.667506
481 -0.067479 -0.39941 -2.09222 0.638504
565 0.512651 -0.247687 -2.3853 1.04519
252 0.67121 0.0433681 -2.41433 0.727525
528 0.0408398 -0.493527 -2.1567 0.285936
559 0.0992974 -0.737827 -2.13553 0.560845
8 0.15356 -0.992334 -2.66019 0.578982
132 0.876454 -0.253929 -2.84772 1.23105
569 0.212069 -0.643085 -2.34278 0.689364
884 0.0526203 -0.548636 -2.46841 0.657251
872 0.0239467 -0.527089 -2.44833 0.633884
22 0.334738 0.403173 -2.58475 -0.158315
130 0.811937 -0.215033 -2.93583 1.06399
495 0.268029 -0.0410482 -2.3234 1.01991
260 0.376549 -0.235627 -2.17149 0.746551
561 0.461739 -0.331642 -2.42966 0.998248
407 0.262457 0.0042315 -2.10203 0.550633
144 0.593128 -0.245949 -2.46415 1.0635
743 0.160248 -0.280146 -2.11956 0.608213
404 0.112199 -0.265384 -2.15761 0.724639
522 -0.117135 -0.272254 -2.36573 0.51494
86 0.627925 0.0764398 -2.63854 0.536117
580 0.341264 0.0579112 -2.46684 0.6133
958 -0.069605 0.107517 -2.292 0.539101
797 -0.0407925 0.0436321 -2.32022 0.0903594
908 -0.106767 -0.198079 -2.21105 0.327924
746 0.133887 -0.179566 -1.91637 0.3929
942 -0.174561 -0.375627 -2.31384 0.413186
998 -0.266108 -0.00157478 -2.39438 0.725984
684 -0.327521 0.214662 -2.4926 0.605892
356 -0.61827 0.00893436 -2.25172 0.720187
205 -0.666308 0.182045 -2.2077 1.06834
184 -0.692096 0.201616 -2.26867 0.884421
783 0.292987 0.0475217 -2.34801 0.69622
965 0.170468 -0.171215 -2.29585 0.52057
458 -0.247538 0.320017 -2.16967 0.955568
447 -0.13845 0.246159 -2.43476 0.633643
876 -0.659011 0.332881 -2.31494 0.809691
371 0.548395 -0.110292 -2.33853 0.889004
681 -1.02445 0.251779 -2.7791 1.23973
360 -0.571298 0.0520706 -2.24073 0.934128
199 -0.443633 0.162008 -2.14405 0.875963
542 0.347097 0.32183 -2.25052 0.00243332
623 0.274195 0.0792495 -2.28939 0.12238
325 0.0929984 -0.662768 -2.13014 0.562962
235 -0.638814 0.269936 -2.33874 0.0780284
771 -0.517806 0.119886 -2.4569 -0.224635
769 -0.43058 0.242269 -2.32453 0.0422478
213 -0.680784 0.367023 -3.10614 -0.337243
159 0.294002 -0.244525 -2.29578 0.833392
599 0.131961 0.0559722 -2.09848 0.932558
340 -0.919904 0.212726 -2.77639 1.26065
307 -0.506279 -0.0854731 -2.084 0.657385
767 -0.575701 0.0467925 -2.30702 -0.221522
969 -0.650499 0.0834719 -2.38091 -0.0381224
221 -0.80194 0.211225 -2.72067 -0.262774
912 -0.854562 0.192229 -2.5643 -0.0944928
342 -0.741687 0.436514 -2.59211 0.864196
167 0.120891 -0.158519 -2.10463 0.563141
174 -0.101296 -0.0833205 -2.57017 0.380905
902 -0.344156 0.327076 -2.48288 -0.141147
84 0.32992 0.222076 -2.58484 0.305909
793 -0.356272 0.299759 -2.39812 -0.237442
214 -0.912775 0.35399 -2.86262 -0.198072
747 -0.555469 0.218769 -2.73124 -0.14308
913 -0.514049 0.231766 -2.55282 -0.206771
865 -0.44168 0.21513 -2.54609 -0.228393
226 -0.899429 0.323249 -2.62072 -0.0942375
339 -0.940589 0.357279 -2.61765 0.864296
589 0.353867 -0.0556972 -2.25994 0.500833
91 -0.0853648 0.241221 -2.43821 0.327705
941 -0.72568 0.109189 -2.31062 0.541313
228 -0.856352 0.287097 -2.68625 -0.158678
365 0.841572 -0.148614 -2.61011 1.18709
280 -0.3625 -1.04123 -3.03356 -0.239316
57 0.299674 0.302968 -2.53312 -0.203386
511 -0.458868 -0.565522 -2.21415 0.234352
512 -0.442008 -0.736358 -2.31363 0.179648
25 0.360427 0.600742 -2.65664 0.00377185
76 0.170347 0.524693 -2.37358 0.116321
236 -0.617651 0.0713644 -2.23319 -0.157025
640 -0.567584 0.303989 -2.49293 -0.0145223
907 -0.0590104 -0.367622 -2.39996 0.473884
518 -0.0642666 -0.494014 -2.46402 0.221963
50 0.0820604 -0.450641 -2.55913 0.416407
662 -0.196949 -0.708205 -2.6985 0.510855
655 -0.0759391 0.234874 -2.52804 0.769533
926 -0.0365229 0.292662 -2.42162 0.6435
35 0.386968 0.179948 -2.30665 0.0664983
796 0.0471741 0.155978 -2.23913 0.312002
949 0.384468 0.14895 -2.44385 0.56623
700 -0.678593 0.215264 -2.2195 0.856868
585 -0.420951 0.352302 -2.32589 1.02959
172 -0.844853 0.246704 -2.49515 1.24353
211 -0.844948 0.270369 -2.95665 -0.31534
879 -0.436705 0.235886 -2.63302 -0.224768
799 -0.806234 0.37457 -2.75006 -0.312132
243 -0.214247 0.191858 -1.98788 0.612301
455 -0.174463 -0.104358 -2.02349 0.784257
671 -0.103145 -0.308758 -2.53694 0.385814
915 -0.330936 0.0431222 -2.28149 -0.00776057
215 -0.618839 0.191627 -3.1111 -0.487011
519 -0.0298837 -0.229033 -2.57631 0.290377
624 0.302964 0.436684 -2.22517 0.285403
463 0.208741 0.416492 -2.45466 0.107144
870 0.366967 0.112342 -2.41768 0.475983
587 0.230504 -0.0182905 -2.23812 0.622601
32 0.459676 0.176005 -2.41177 0.187179
329 -0.0290798 -0.47336 -2.33432 0.689556
148 0.588139 -0.062303 -2.34076 0.999285
911 0.126973 -0.426206 -2.13388 0.542374
821 -0.086545 -0.458405 -2.02806 0.701435
484 -0.18897 -0.486037 -2.20793 0.906281
480 0.221761 -0.606661 -2.40378 0.687396
507 -0.333207 -0.800609 -2.34693 0.136048
318 -0.395539 -0.989718 -2.71707 0.162052
255 -0.0798858 -0.729119 -2.22394 0.101129
921 -0.464827 -0.794582 -2.52445 0.134695
419 -0.341693 -0.856221 -2.57051 0.125209
825 -0.113278 -0.413574 -2.60746 0.256278
737 -0.113331 -0.274372 -2.2426 0.348799
753 -0.142737 -0.385267 -2.51009 0.251975
706 -0.186497 -0.440423 -2.65022 0.210803
905 -0.102188 -0.363044 -2.52979 0.32476
710 -0.064511 -0.169229 -2.57962 0.386022
735 -0.217588 -0.170825 -2.40549 0.0671458
626 -0.214909 0.433982 -2.56167 1.04055
451 -0.276749 0.241939 -2.2778 0.963179
891 -0.233906 0.303364 -2.44073 0.921356
409 0.176869 -0.199237 -2.2434 0.543181
527 -0.056683 -0.175384 -2.51351 0.438487
992 -0.0801086 -0.265279 -2.36021 0.337741
45 0.112484 0.382688 -2.06238 0.258985
493 0.482575 -0.154107 -2.32584 0.823245
28 0.187609 0.476381 -2.28323 -0.0463711
178 -0.655556 0.385252 -2.47815 0.853036
66 0.294224 0.53479 -2.42198 -0.0673759
464 0.283814 0.441153 -2.34488 0.0739894
719 -0.154869 -0.168466 -2.51536 0.4723
959 -0.10417 -0.391958 -2.51643 0.199013
554 -0.0207836 -0.294198 -2.21216 0.481572
745 -0.0681262 -0.776971 -2.16395 0.374198
882 0.0731293 -0.491189 -2.18596 0.547741
818 -0.0962317 -0.827609 -2.43667 0.415578
370 0.564807 -0.147463 -2.28756 0.793791
139 0.587637 -0.274349 -2.48589 0.965815
667 -0.222939 -0.506585 -2.44846 0.18007
674 -0.105598 -0.386611 -2.22582 0.387628
676 -0.0361786 -0.135436 -2.10029 0.459636
786 0.23549 0.186645 -2.19963 0.360537
665 -0.167273 -0.218951 -2.35272 0.591963
631 -0.262597 0.252329 -2.23998 0.806429
960 -0.0764625 -0.443649 -2.25106 0.397489
962 0.240201 0.0357512 -2.48404 0.752201
537 0.4404 -0.0533301 -2.44315 0.863413
376 0.224698 -0.270313 -2.087 0.505336
763 -0.0393016 0.385109 -2.15956 0.720393
134 -0.43575 0.533945 -2.58161 1.26486
391 0.375601 0.472363 -2.2879 0.10017
39 0.290451 0.396165 -2.22056 0.0116318
26 0.358036 0.337853 -2.70923 -0.133173
304 -0.40969 -0.583899 -2.23457 0.0910623
296 -0.355974 -0.709026 -2.39886 0.168524
600 -0.175487 0.268564 -2.20516 0.633443
686 0.0551472 -0.0305156 -2.13212 0.573443
99 0.34596 -0.308067 -2.42998 0.351319
828 -0.0367682 -0.419585 -2.40021 0.185111
618 0.0838759 -0.300463 -2.23162 0.26112
473 0.133852 -1.04426 -2.64687 0.309625
315 0.24315 -0.965349 -2.55605 0.526444
866 -0.682046 0.168989 -2.65676 -0.236692
997 0.0545057 -0.0549759 -2.60747 0.676925
605 -0.206487 -0.207243 -2.26058 0.450618
501 -0.220376 -0.443648 -2.29314 0.223685
414 -0.352909 -0.957365 -2.69177 0.0782018
503 -0.563241 -0.761493 -2.5697 0.151481
381 -0.0109328 -0.351488 -2.33656 0.266158
887 -0.442967 -0.758002 -2.49393 0.00593389
967 -0.177179 0.0289343 -2.33127 0.662307
592 -0.420925 0.600635 -2.62707 1.13683
596 -0.303089 0.50896 -2.29452 0.949551
609 -0.321025 0.346199 -2.37592 1.2409
491 -0.151889 0.265234 -2.1672 0.805515
442 -0.182678 0.21922 -2.26611 0.67432
707 -0.093427 -0.381006 -2.56704 0.278966
394 0.0107876 -0.285449 -2.60563 0.476486
547 -0.128286 -0.091423 -2.29775 0.205331
617 -0.509178 0.0706155 -2.54419 -0.317818
638 -0.569532 0.352009 -2.6129 -0.207449
811 0.145048 0.325635 -2.18015 0.141507
44 0.291287 0.207696 -2.27659 -0.014259
470 0.261589 -0.707193 -2.35994 0.620233
954 0.0643698 0.299231 -2.41937 0.207631
802 -0.618795 0.0838449 -2.47246 -0.00380402
209 -1.0892 0.375212 -3.13461 -0.0528438
888 -0.400737 -0.774031 -2.63805 0.174468
293 -0.634341 -0.680697 -2.46176 -0.0496296
275 -0.0668776 -0.845439 -2.51962 0.623477
486 -0.0146986 -0.620535 -2.35371 0.149786
611 -0.0215941 -0.452328 -2.63682 0.667939
190 -0.883865 0.27888 -2.24806 0.930546
364 0.672797 -0.0748389 -2.44405 1.23742
494 -0.130482 -0.37336 -2.27098 0.346044
785 0.0685628 -0.192393 -2.34574 0.305389
627 -0.369392 0.285924 -2.3405 1.08518
854 0.284117 0.39177 -2.5317 0.126765
539 0.457631 0.441702 -2.65784 0.114955
154 0.432915 0.0246247 -2.38697 0.682334
780 0.328309 0.183955 -2.38474 0.503707
782 0.182469 0.0451964 -2.24949 0.572954
94 0.208095 -0.00593239 -2.41392 0.241494
90 0.170825 0.304654 -2.40776 0.381273
118 0.364316 0.0186144 -2.0237 0.505712
844 0.077317 -0.0875513 -2.22991 0.466259
900 -0.612555 0.0742002 -2.35662 -0.0441834
970 -0.605091 0.0779006 -2.47997 -0.0811833
216 -0.822058 0.0951827 -2.95709 -0.355179
652 -0.212369 -0.0840801 -2.23937 0.493312
830 -0.209799 -0.00938216 -2.30102 0.433871
395 -0.231354 0.086293 -2.7124 0.151574
163 0.395664 -0.0249654 -1.9184 0.628868
515 -0.152685 -0.468645 -2.45312 0.502143
934 -0.0437836 -0.539277 -2.29642 0.616772
860 -0.737066 0.114734 -2.38386 0.812901
693 -0.747406 0.137768 -2.23535 0.91673
699 -0.67767 0.212829 -2.39121 0.776665
877 -0.684802 0.05813 -2.19745 0.251814
238 -0.426374 0.11383 -2.22839 -0.191477
303 -0.26795 -0.53258 -2.21409 0.275834
801 -0.594159 0.190981 -2.33008 -0.0497926
694 -0.258066 0.0883243 -2.27864 0.627745
100 0.364723 -0.0501839 -2.26907 0.647262
584 0.134085 0.149705 -2.36008 0.294182
105 0.315275 0.236385 -2.29357 0.411174
68 0.336499 0.474283 -2.24651 0.182181
791 0.318856 0.052459 -2.45306 0.516124
124 0.154401 -0.0237837 -2.39702 0.62726
832 -0.20429 -0.244328 -2.4202 0.342037
166 0.338839 -0.143283 -2.0611 0.77693
176 -0.815744 0.240967 -2.38962 1.07604
368 0.396072 -0.105526 -2.27641 0.849306
779 -0.240395 -0.207538 -2.14172 0.781562
775 0.265965 -0.617758 -2.28903 0.751618
479 -0.182223 -0.432136 -2.16467 0.309084
456 -0.222595 0.190688 -2.11398 0.766885
790 0.596421 0.121552 -2.38269 0.496971
338 0.0996226 -0.594659 -2.33054 0.509632
726 0.163172 -1.08568 -2.60505 0.634889
846 -0.287199 -0.13112 -2.35261 0.0528663
724 -0.149088 -0.221167 -2.40054 0.420161
731 -0.200305 -0.198906 -2.3404 0.197502
138 0.838766 -0.0994654 -2.55692 1.01613
151 0.61409 -0.266681 -2.28464 1.03834
141 0.511455 -0.129584 -2.47333 1.04154
200 -0.737849 -0.228621 -1.95533 0.859535
194 -0.852277 -0.00771405 -2.1906 0.844266
348 -0.661706 0.0533895 -2.39126 1.14464
563 0.592337 -0.181646 -2.5551 1.06945
372 0.504755 -0.145875 -2.44944 0.714356
838 -0.215701 -0.0341583 -2.22265 0.310741
283 -0.402461 -1.06751 -2.72428 0.09953
573 -0.237937 -0.762044 -2.27548 0.0925521
276 -0.566738 -1.19131 -3.01837 -0.0802476
630 -0.245331 -0.0317751 -2.32679 0.566476
306 -0.412147 -0.82948 -2.47584 0.162342
508 -0.253918 -0.130296 -2.1421 0.465408
588 0.231134 0.0389818 -2.18716 0.511786
787 0.139967 0.0104072 -2.34501 0.562296
936 -0.205389 -0.232706 -2.22394 0.229421
730 -0.112053 -0.168733 -2.33976 0.206502
351 -0.747363 0.24824 -2.23005 0.99927
254 -0.0426389 0.331152 -2.51076 0.782587
439 -0.403625 0.57261 -2.51942 1.13985
608 -0.435993 0.407265 -2.1449 1.00054
441 -0.414561 0.535163 -2.28231 0.973219
353 -0.711113 0.209184 -2.25929 0.849743
179 -0.639741 0.413193 -2.26051 1.23746
839 0.0758199 -0.0293612 -2.17889 0.525248
160 0.541044 -0.1944 -2.19873 0.900271
361 0.664457 -0.339848 -2.54079 0.984893
443 -0.328296 0.355332 -2.50752 0.654778
603 -0.319069 0.190883 -2.4726 0.577338
23 0.0073265 0.425521 -2.48164 0.0725684
560 0.508303 -0.457773 -2.44822 0.784666
366 0.596233 -0.0349153 -2.44761 1.03726
158 0.277344 -0.133658 -2.06525 0.796196
566 0.335254 -0.389021 -2.40305 0.705881
465 0.366451 -0.107234 -2.19776 0.5129
266 0.571668 -0.22436 -2.28637 0.795122
739 0.60768 -0.0712902 -2.39722 0.96709
490 0.481383 -0.323519 -2.50504 0.909672
977 0.0553297 -0.489209 -2.44213 0.534991
475 0.13525 -0.918751 -2.29858 0.544271
966 0.0603595 -0.429993 -2.18814 0.57462
901 -0.598288 0.240398 -2.3517 0.0686386
647 -0.578653 0.178867 -2.37863 -0.369366
815 -0.478123 0.303875 -2.19583 0.0609287
985 -0.146884 -0.229049 -2.44775 0.363767
749 0.470461 -0.0543069 -2.36023 0.919556
890 -0.028532 -0.672767 -2.21139 0.349742
436 -0.151762 0.461937 -2.5792 1.3922
524 -0.0548245 -0.34753 -2.38864 0.201432
111 0.0201907 -0.202901 -2.20484 0.350971
756 -0.208773 -0.370555 -2.27297 0.26438
489 0.57658 -0.264984 -2.17432 0.864286
149 0.204648 0.0809949 -2.24014 0.650968
300 -0.577089 -0.875556 -2.60737 0.179914
284 -0.589027 -1.04187 -2.76468 0.0799113
574 -0.544563 -0.997471 -2.59489 0.132432
286 -0.504879 -0.960717 -2.64163 0.108537
424 -0.194116 -0.601093 -2.33356 0.150825
403 0.389002 -0.154196 -2.3083 0.811163
251 0.602978 -0.0985841 -2.39547 0.909214
661 0.205957 -0.187565 -1.99234 0.915337
186 -0.724507 0.090512 -2.4505 1.10943
197 -0.858603 0.0821871 -2.20752 1.19462
669 -0.0452742 -0.278524 -2.28788 0.288183
930 0.239412 0.0907403 -2.34744 0.523289
529 -0.151307 -0.120378 -2.28253 0.470572
974 -0.427685 0.15442 -2.43982 0.057157
161 0.4707 -0.0533722 -2.1433 0.979406
989 0.228784 -0.0962199 -2.42312 0.675773
567 0.571458 -0.215675 -2.47362 0.967409
843 0.20894 0.0392561 -2.39923 0.811135
562 0.421874 0.158086 -2.37351 0.719113
577 -0.39656 -0.679166 -2.38148 0.0553756
575 -0.213911 -0.838431 -2.5544 0.141966
727 -0.357341 -0.35987 -2.52409 0.259798
295 -0.44719 0.0560138 -2.02591 0.629929
127 0.832643 -0.228618 -3.02026 1.23746
492 0.132372 -0.215666 -2.46647 0.500975
437 -0.073557 -0.130324 -2.46477 0.729814
121 0.32222 0.257346 -2.12267 0.303842
258 0.430626 0.0817033 -2.12854 0.939942
67 0.750651 0.119419 -2.28772 0.622859
233 -0.510015 0.270943 -2.56815 -0.458965
893 0.330374 -0.0249679 -2.30296 0.484779
114 0.434071 0.0943364 -2.26197 0.444804
810 0.409727 0.457721 -2.37329 0.0805422
886 -0.406384 -0.638256 -2.4309 0.0702981
502 -0.459035 -0.74322 -2.54434 0.0497149
922 -0.548364 -0.35634 -2.22952 0.485489
415 -0.309089 -0.756103 -2.59494 -0.0791877
198 -0.284543 -0.140402 -2.17012 0.814761
281 0.27476 -0.220304 -2.55405 0.427551
816 -0.65686 0.132539 -2.23191 -0.0853289
218 -0.742917 0.135087 -2.79654 -0.216909
526 -0.0575657 -0.192323 -2.19761 0.468459
530 -0.13408 -0.167009 -2.27502 0.34993
752 0.111687 0.225372 -2.27529 0.851229
185 -0.623389 0.288991 -2.39776 1.20303
861 -0.362527 0.21654 -1.94328 0.591077
760 -0.232975 -0.287618 -2.18259 0.421441
525 0.0063194 -0.065934 -2.34558 0.505413
485 -0.0425579 -0.696004 -2.10335 0.664144
408 0.430542 -0.210503 -2.24987 0.870128
24 0.364046 0.724787 -2.71242 -0.0554296
535 -0.0429449 -0.0749389 -2.24837 0.252961
101 0.397689 0.303472 -2.45815 0.308705
390 0.0417431 0.515581 -2.16477 0.23652
999 0.021755 -0.201226 -2.57155 0.441448
104 0.26397 0.221137 -2.44323 0.508589
417 -0.283959 -0.657919 -2.33251 0.178261
257 0.208938 -0.215245 -2.22287 0.994797
498 -0.435001 -0.782899 -2.55046 0.172917
423 -0.476235 -0.497935 -2.36608 0.29678
416 -0.23442 -0.607057 -2.27282 0.250579
246 -0.456252 0.220992 -2.36511 0.0098789
457 -0.14153 0.245892 -2.0767 0.551519
402 0.520321 -0.0708152 -2.36413 0.926834
689 -0.678071 0.301983 -2.12559 0.931588
188 -0.293907 -0.0568509 -2.37369 1.09201
703 -0.294731 -0.0226728 -2.09352 0.685813
532 -0.172209 -0.383065 -2.31914 0.293644
180 -0.783345 0.121236 -2.57339 1.12612
343 -0.626602 0.20919 -2.25126 1.03122
957 -0.330172 0.216141 -2.13632 0.74088
510 -0.484651 -0.760188 -2.36484 0.15247
634 -0.158498 0.375865 -2.22319 0.855211
399 0.389438 -0.314222 -2.34842 0.900246
483 0.174881 -0.506069 -2.12501 0.505799
352 -0.708563 0.0822203 -2.20474 0.880932
704 -0.620075 0.160426 -2.17748 0.415231
728 -0.235706 -0.342091 -2.38519 0.33956
813 -0.555574 0.182181 -2.67829 -0.268166
137 0.767976 -0.117354 -2.53581 0.902713
714 -0.0490919 -0.244937 -2.4844 0.414608
754 -0.237867 -0.409963 -2.52915 0.475814
755 -0.165114 -0.246076 -2.3792 0.590275
256 0.338064 -0.146723 -2.36652 0.722234
773 0.483615 -0.262766 -2.39971 0.940999
842 0.326465 0.0769222 -2.3671 0.456483
62 0.256125 0.383091 -2.60343 0.306293
181 -0.854045 0.248682 -2.48614 1.1996
961 -0.558739 0.0679674 -2.45893 0.708307
327 0.155798 -0.902969 -2.33365 0.658939
150 0.615472 0.164794 -2.3305 0.614613
621 0.0903018 0.472206 -2.32372 0.220617
21 0.228442 0.844576 -2.74969 0.0239902
46 0.440778 0.104249 -2.1833 0.394235
895 0.128489 0.041128 -2.33607 0.379807
939 0.106641 0.24069 -2.48752 0.0227299
461 0.260948 0.247398 -2.38512 0.340981
857 0.317965 -0.135442 -2.31858 0.421527
996 0.218861 -0.106948 -2.36872 0.369251
448 -0.311714 0.297299 -2.27337 0.770758
165 0.376245 -0.135181 -2.25918 0.825405
923 -0.774426 0.159847 -2.43094 0.947635
334 -0.150255 -0.374412 -2.00054 0.536593
374 0.505882 -0.39531 -2.35808 0.859281
142 0.792798 -0.114315 -2.4974 1.14072
602 -0.311431 0.358658 -2.33316 0.645201
382 0.462975 0.344924 -2.521 0.00194075
14 0.264622 0.713315 -2.83685 0.0254981
162 0.184426 0.0386383 -1.97036 0.512996
206 -0.32144 0.208393 -2.11655 0.638442
523 -0.240427 -0.209001 -2.4097 0.423039
572 -0.411844 -0.698912 -2.44154 -0.039545
952 -0.367565 -0.631725 -2.51299 0.261015
291 -0.2056 -0.709958 -2.47866 0.179178
847 -0.206445 -0.179209 -2.37775 0.381362
880 -0.125551 -0.292218 -2.3973 0.263261
906 -0.0122665 -0.237028 -2.31624 0.387717
107 0.337963 0.0710856 -2.3694 0.397575
30 0.266708 0.590114 -2.51324 -0.0831521
63 0.602262 0.0148706 -2.21269 0.898812
75 0.63853 0.116017 -2.11406 0.564671
259 0.49895 -0.180143 -2.21036 0.795089
607 -0.26182 0.257282 -2.29696 0.347562
225 -0.547472 0.273179 -2.66021 -0.362909
794 0.101067 -0.225667 -2.32488 0.517786
320 0.275273 -0.725981 -2.27473 0.495292
933 -0.391689 0.121316 -2.5811 -0.018636
641 -0.611197 0.410542 -2.63541 -0.212005
903 -0.538545 0.162048 -2.15813 -0.295556
993 0.0130033 -0.201714 -2.48585 0.627145
153 0.613518 -0.190802 -2.2583 0.963024
449 -0.0717351 0.276989 -2.1845 0.750873
855 0.132331 0.186292 -2.26785 0.18004
72 0.177852 0.118747 -2.20806 0.0119903
426 -0.371884 -0.807106 -2.36556 0.00219489
951 -0.354423 -0.664153 -2.25657 0.14967
650 -0.236149 -0.496854 -2.33879 0.167173
873 -0.00668151 -0.406645 -2.42618 0.600179
610 0.0869725 -0.710623 -2.56206 0.755903
889 -0.361388 -0.719477 -2.32995 0.100304
940 0.256847 0.39679 -2.33396 0.0347772
657 0.526851 -0.215893 -2.22945 0.797631
978 -0.245913 -0.667328 -2.39368 0.367688
421 -0.370478 -0.882587 -2.49302 0.138124
744 0.41729 -0.0459384 -2.28608 0.857032
770 -0.627566 0.142957 -2.64762 -0.264503
925 -0.018072 0.459653 -2.39422 0.597381
43 0.348885 0.26869 -2.03035 0.213108
764 -0.229397 0.316637 -2.12608 0.671765
454 -0.217343 0.354419 -1.97054 0.851798
629 -0.227538 0.481372 -2.35553 0.610797
393 0.191668 0.488315 -2.40079 -0.036952
157 0.252376 -0.00147678 -2.28525 0.675969
431 -0.656228 -0.701955 -2.38417 0.238717
975 0.335836 0.0567121 -2.5003 0.476059
92 0.247084 0.131535 -2.23617 0.461102
881 -0.625935 0.109654 -2.65939 -0.0501417
379 0.351426 -0.0976026 -2.10015 0.48648
531 0.00273659 0.0332466 -2.16757 0.431237
263 0.154698 -0.0843116 -2.29023 0.395393
702 -0.334588 0.145405 -2.16798 0.0619555
48 0.0285321 0.356641 -2.09798 0.0487702
654 -0.312753 -0.0511987 -2.40513 0.520631
721 -0.287098 -0.14701 -2.01694 0.479753
826 -0.189056 -0.11365 -2.60957 0.679056
637 -0.42548 -0.117805 -2.56913 0.254676
354 -0.892701 0.219697 -2.22285 0.71728
606 -0.313824 0.278187 -2.02799 0.801672
595 -0.259704 0.502132 -2.38435 0.848428
820 0.170904 -0.047721 -2.18828 0.560235
831 0.0873417 -0.465852 -2.12387 0.323637
973 -0.341505 -0.29427 -2.42553 0.20839
446 -0.73412 0.275688 -2.62627 -0.163639
968 -0.364198 -0.232292 -2.36436 -0.00676071
648 -0.318805 0.300746 -2.12564 0.639483
289 -0.41493 -0.871202 -2.64653 -0.138049
299 -0.273798 -0.578751 -2.15123 0.222368
953 -0.326591 -0.518316 -2.44404 0.172104
604 -0.208276 -0.0334013 -2.06469 0.647624
988 -0.105058 -0.509017 -2.53219 0.353994
418 -0.546766 -0.762757 -2.6388 0.038999
736 -0.285542 -0.184655 -2.45414 0.45242
113 0.207582 0.39047 -2.30022 0.253631
658 0.329695 0.0279073 -2.38898 0.695614
837 0.0555739 -0.154828 -2.52134 0.539301
955 -0.0686325 -0.195364 -2.40064 0.620478
840 -0.155149 -0.118736 -2.23564 0.58624
38 0.255145 0.256409 -2.38874 0.103858
550 0.254822 0.0858834 -2.32113 0.217665
946 -0.0309864 -0.337905 -2.19283 0.474027
964 -0.540761 0.210289 -2.44207 -0.109965
807 -0.31844 0.0779244 -2.14244 0.694875
117 0.477823 -0.0276957 -2.20219 0.624977
920 0.0703431 0.324233 -2.09874 0.363336
427 -0.412772 -0.438788 -2.23319 0.327023
377 0.202364 -0.247164 -2.08809 0.564588
679 0.0296687 -0.162445 -2.40085 0.540408
718 -0.250953 -0.205759 -2.33936 0.406647
330 0.0460682 -0.72843 -2.19733 0.554433
759 -0.164459 -0.288728 -2.3157 0.459723
123 0.133802 0.00483689 -2.2007 0.397605
192 0.0632621 0.184889 -2.45807 0.807619
268 0.221146 -0.283549 -1.81363 0.649817
950 -0.292997 -0.274399 -2.51236 0.430225
717 -0.379592 -0.141985 -2.18958 0.102204
344 -0.706415 0.168722 -2.38581 0.930722
70 0.284349 0.53059 -2.27713 -0.217359
994 -0.364423 0.0509182 -2.31142 0.016802
357 -0.412215 0.22252 -2.05838 0.722933
521 0.505371 -0.0803891 -2.41884 1.04289
568 0.555761 -0.0136817 -2.17951 0.731114
422 -0.231238 -0.638076 -2.35336 0.180453
193 -0.580571 0.0501365 -2.18751 0.830805
156 0.250603 -0.669155 -2.11973 0.688067
987 0.291894 -0.140191 -2.00072 0.594018
378 0.535539 -0.0500632 -2.23871 0.750698
672 0.0200679 -0.178386 -2.17513 0.459618
506 -0.674431 -0.715982 -2.47605 0.0759594
509 -0.708554 -0.544324 -2.26045 0.382778
625 -0.162344 0.435859 -2.13937 -0.00461267
697 -0.503272 0.346206 -2.39708 0.756642
337 -0.0300275 -0.383977 -2.21184 0.432179
405 -0.424924 0.240982 -2.31862 0.806887
892 -0.0969959 0.255423 -1.90921 0.86528
918 -0.114094 -0.335776 -2.01929 0.504001
677 -0.213395 -0.427709 -2.27573 0.31421
466 0.338489 0.4547 -2.1297 0.15296
748 0.0845415 0.277479 -2.42148 0.102153
741 0.64834 -0.084327 -2.15229 0.922731
145 0.462732 -0.0993446 -2.27998 0.899476
616 -0.0769548 -0.108855 -2.03572 0.535033
244 -0.33068 0.340543 -2.30983 0.412982
795 -0.373315 0.0926452 -1.91319 0.776866
428 -0.456605 -0.686424 -2.41929 0.168716
504 -0.400908 -0.893375 -2.64158 -0.0321212
469 0.379594 -0.218207 -2.53405 0.343899
96 0.205113 0.0403806 -2.41417 0.315992
386 0.144801 0.320332 -2.30705 0.0378854
119 0.352488 -0.0256096 -2.16253 0.411937
355 -0.0509135 -0.468303 -2.14084 0.675774
553 0.120794 -0.549264 -2.00346 0.511548
850 0.223849 -0.38123 -2.28439 0.640012
262 0.432444 -0.127139 -2.25359 0.774856
766 -0.770874 0.174953 -2.50797 -0.217806
182 -0.959066 0.122918 -2.45473 0.781149
612 0.212426 -0.397146 -2.38787 0.707171
41 0.154945 0.0905219 -2.09843 0.224693
622 0.0492986 0.28535 -2.23117 0.267741
74 -0.208299 0.261124 -2.31234 -0.187999
898 0.118539 -0.551428 -2.11995 0.361951
77 -0.0387264 0.317364 -2.12092 0.0914785
98 0.423686 0.103239 -2.31726 0.449951
823 -0.0699453 -0.488675 -2.17477 0.688653
824 -0.00825018 -0.709113 -1.96124 0.561262
750 -0.00469757 -0.250645 -2.19539 0.600907
979 -0.166737 -0.301151 -2.22941 0.279095
620 0.149037 0.33972 -2.11232 0.170162
358 -0.489616 0.0681905 -2.28873 0.810452
78 0.356306 0.369296 -2.16418 0.0386885
670 -0.255269 -0.475566 -2.27511 0.469485
899 0.151071 -0.325488 -2.24333 0.386134
738 0.102929 -0.5623 -2.10643 0.352794
896 -0.120953 -0.344449 -2.52749 0.401779
894 0.147753 -0.106816 -2.3343 0.356405
217 0.261889 0.142998 -2.59308 0.355811
269 0.389015 0.0845766 -2.01965 0.735607
910 -0.435914 0.0714383 -2.31313 0.595919
751 0.372417 -0.0104072 -2.2754 0.803974
885 -0.299962 -0.119699 -2.14767 0.258558
927 -0.376283 -0.709625 -2.17428 0.128091
990 -0.258875 -0.736288 -2.33906 0.34559
389 0.347785 -0.233927 -2.12491 0.27412
725 0.238547 -0.0876604 -2.25666 0.264173
534 -0.101977 -0.292728 -2.12554 0.449145
829 0.192422 -0.170215 -2.4563 0.593514
878 -0.501847 0.170113 -2.20601 0.813375
938 0.203064 -0.129113 -2.30687 0.330116
869 0.0705663 -0.783176 -2.18698 0.442804
883 -0.310887 -0.115299 -2.19579 0.3147
487 0.0656616 -0.677418 -2.24983 0.447666
106 0.474989 -0.154599 -2.29672 0.86575
806 0.22639 -0.101807 -2.36912 0.377229
242 -0.179113 0.312874 -2.31811 -0.165806
675 -0.0111631 -0.38725 -2.30827 0.398643
875 -0.527533 0.254131 -2.31381 0.845108
804 -0.24901 -0.143071 -2.25708 0.44344
324 0.222444 -0.735246 -2.38611 0.814923
533 -0.00731684 -0.295231 -2.18624 0.490869
615 -0.0780865 -0.240563 -2.18464 0.427904
943 -0.145341 -0.0180521 -2.33428 0.466562
701 -0.293375 0.457275 -2.23442 0.673001
462 -0.171754 -0.47958 -2.24994 -0.0204809
935 -0.050273 -0.34601 -2.13252 0.561606
54 -0.132596 -0.104215 -2.54366 0.220401
761 -0.36232 -0.134031 -2.22278 0.509284
852 -0.646963 0.337878 -2.08068 0.555114
270 -0.290355 0.217862 -1.97438 0.700697
864 -0.634284 0.0575135 -2.16922 0.766463
833 -0.0524352 -0.0759177 -2.18373 0.462994
335 -0.116411 -0.248573 -2.24486 0.749497
649 -0.750855 0.0729309 -2.319 -0.00133929
201 -0.914275 0.195856 -2.18638 0.749179
991 0.437569 -0.250469 -2.18609 0.694068
