1000 8
795 -0.0488077 1.3468 0.203072 0.501782 -0.581096 -0.240157 1.09939 -0.380745
178 0.0829548 1.50697 -0.0958176 0.875673 -0.849886 -0.70246 1.42519 -0.309454
172 -0.162062 1.64028 0.168597 0.5133 -0.960002 -0.911744 1.41623 -0.440424
180 -0.125712 1.73208 -0.0386822 0.539857 -0.817366 -0.626282 1.26673 -0.44574
699 0.024518 1.59869 0.0670493 0.578244 -0.632426 -0.520985 1.23641 -0.436523
694 -0.0434938 1.54517 0.0933932 0.550945 -0.54968 -0.327766 1.29387 -0.481807
195 -0.180415 1.59127 0.421552 0.697815 -0.479667 -0.219545 1.30417 -0.253598
63 -0.267534 1.93504 -0.0597455 0.239419 -0.109481 0.589513 0.980059 -0.122521
129 -0.284123 2.59741 0.0817889 -0.0537793 -0.168063 0.796212 1.38811 -0.0486156
403 -0.175769 1.89968 0.152695 0.160844 -0.221557 0.282431 1.11672 -0.31267
488 -0.154785 1.8972 0.0990959 0.119776 -0.357655 0.277103 1.15674 -0.133998
363 -0.153004 1.96824 0.099564 0.105126 -0.286561 0.407431 1.15465 -0.0111792
269 -0.178703 1.62831 0.0514723 0.231988 -0.230588 0.176313 0.997992 -0.263827
135 -0.199452 2.38077 0.0236458 0.0540745 -0.115757 0.580847 1.25082 -0.0569929
125 -0.209171 2.61271 -0.0307703 -0.120413 -0.149418 0.700431 1.44811 -0.0371529
154 0.0212433 1.60044 0.22259 0.376878 -0.50476 0.20855 1.17503 -0.571398
338 0.0396425 1.62397 0.10699 0.485958 -0.133447 -0.0399484 1.01479 -0.49457
715 -0.367991 1.43133 0.671094 0.469144 -0.22905 0.198601 1.18611 -0.298364
705 -0.233042 1.87393 1.62436 1.04378 -0.135845 0.30397 1.70787 -0.278352
716 -0.291585 1.40468 0.767753 0.648921 -0.177959 0.150743 1.19916 -0.266387
709 -0.297152 1.60874 1.21814 0.918103 -0.0905359 0.111509 1.28853 -0.234191
708 -0.245489 1.72748 1.25263 0.867965 -0.137149 0.355282 1.41514 -0.199538
719 -0.242922 1.69482 0.646306 0.631616 -0.261264 0.148275 1.25102 -0.410939
734 -0.166911 1.62577 0.767343 0.647073 -0.169851 0.17516 1.30799 -0.372375
944 -0.118493 1.64531 0.601222 0.70606 -0.243545 0.175968 1.19972 -0.209789
104 -0.0363386 1.48258 0.648273 0.417521 -0.699433 0.119398 1.31418 -0.644522
948 -0.125385 1.53659 0.58989 0.590385 -0.595163 0.21752 1.37273 -0.619866
965 0.0556961 1.44421 0.347849 0.59573 -0.416804 0.0747389 1.27985 -0.536925
281 0.197576 1.49397 0.464286 0.359994 -0.606336 0.0499655 1.38317 -0.812972
271 0.0610339 2.23363 -0.36767 0.271907 -0.247395 -0.246922 1.05078 -1.64901
255 -0.125724 1.7084 -0.0571972 0.2947 -0.195545 0.130545 1.01282 -0.605903
297 -0.167652 1.80185 0.031236 0.312972 -0.321775 -0.0173985 1.06174 -0.788799
295 -0.078965 1.57172 0.0642892 0.523535 -0.47928 -0.341783 1.09544 -0.371522
873 -0.0827817 1.86152 0.111197 0.582294 -0.0767495 0.00397341 1.26746 -0.581984
610 0.0426827 2.07276 0.0856641 0.571414 0.1863 -0.0679635 1.37457 -0.507667
988 -0.0626429 1.86167 0.201016 0.597634 -0.119048 0.0268852 1.27634 -0.680074
474 -0.0239972 1.94077 0.0266301 0.551747 0.216017 -0.151556 1.26372 -0.660746
934 -0.0210798 1.64704 0.0337048 0.643779 0.0490657 -0.150064 1.19473 -0.540526
315 0.149555 2.12469 0.0798733 0.775622 0.639317 -0.231882 1.36991 -0.689575
726 0.197437 2.09596 0.135928 0.701224 0.693368 -0.186678 1.38151 -0.65044
74 -0.172739 1.5054 0.0474757 0.81554 -0.406144 0.028022 1.03773 -0.269835
879 -0.132585 1.78231 0.0722638 0.848351 -0.345731 -0.145119 1.10108 -0.431369
769 -0.271809 1.67901 0.0607502 0.732867 -0.303123 -0.159194 0.918152 -0.19619
218 -0.279421 1.91885 -0.0852238 1.21997 -0.131499 -0.430097 0.969283 -0.428522
912 -0.177549 1.74996 -0.0317078 1.14994 -0.278055 -0.465787 1.05114 -0.306981
971 0.00689185 1.37141 0.132488 0.578355 -0.606873 -0.281202 1.20863 -0.395751
545 0.234392 1.43941 0.672823 0.618028 -0.945942 0.0652218 1.4828 -0.652088
5 -0.137724 1.84612 -0.0149893 1.42304 -0.873577 0.706509 1.56349 -0.182017
17 -0.13649 1.59245 -0.139317 1.21421 -0.900143 0.645607 1.45418 -0.0795747
666 -0.346198 1.72114 0.188034 0.349572 -0.730692 0.0188482 1.15758 -0.764038
662 -0.62057 1.96265 0.200362 0.414588 -0.826874 0.00179017 1.24698 -0.867701
665 -0.353724 1.79309 0.19583 0.362575 -0.73646 -0.0453545 1.166 -0.694931
918 -0.193688 1.56911 0.120352 0.42571 -0.250441 -0.0936545 1.05144 -0.655919
756 -0.2576 1.74207 0.117306 0.399465 -0.535704 -0.00220727 1.0612 -0.670915
515 -0.478531 1.90115 0.122368 0.23701 -0.640731 -0.0416229 1.13671 -0.739342
678 -0.207315 1.5593 0.0522932 0.392683 -0.378995 -0.0521903 0.948147 -0.655607
144 -0.19307 2.19741 -0.0487354 -0.0574287 -0.0090539 0.419157 1.03509 -0.217919
148 -0.268111 1.8423 0.00620021 0.0375596 -0.256621 0.422853 1.16478 -0.289041
250 -0.22233 2.29148 -0.150886 0.0389444 0.165072 0.415903 1.22824 -0.165336
367 -0.255651 1.85963 0.0285322 0.134593 -0.23016 0.487571 1.18794 -0.139177
251 -0.320287 2.04066 0.0413573 0.115199 -0.130097 0.49587 1.08528 -0.169345
147 -0.228943 1.98519 -0.0768575 0.0369118 -0.0981386 0.250839 1.00419 -0.163381
656 -0.226766 1.97683 0.102334 0.135906 -0.291238 0.237887 1.23909 -0.282635
185 -0.205505 1.5703 0.0950171 0.360817 -0.640828 -0.350123 1.20216 -0.324063
126 -0.0730304 1.97362 -0.0118259 0.532857 -0.916525 -1.11607 1.6469 -0.15301
500 -0.118513 1.93194 -0.0470918 0.441788 -0.363155 -0.155536 1.03603 -0.957081
496 0.0362981 1.99571 -0.143144 0.699042 -0.382511 0.0469586 1.01135 -0.898903
276 0.0796947 2.10473 -0.319753 0.257277 -0.242611 -0.187813 0.949356 -1.53199
287 0.0028474 1.77294 -0.203612 0.318892 -0.385185 -0.0787298 1.00366 -1.05381
497 -0.113308 1.94959 -0.264406 0.254523 -0.33339 -0.117603 1.03138 -1.21589
498 -0.0306544 1.9482 -0.0561929 0.259202 -0.288915 0.00819867 1.00884 -1.00855
273 0.16946 2.37442 -0.425854 0.530965 -0.470096 -0.139969 0.905737 -1.56039
304 -0.052734 1.63566 0.120551 0.476183 -0.282533 0.018745 0.956328 -0.560923
860 -0.0145843 1.56717 0.0243084 0.718908 -0.612924 -0.475182 1.25478 -0.448167
649 -0.195615 1.49968 0.105662 0.767882 -0.274232 -0.248407 0.901939 -0.341939
640 -0.204436 1.72287 0.0393091 1.06957 -0.192483 -0.326085 0.974773 -0.182921
747 -0.283203 2.05477 -0.22018 1.42183 -0.0888285 -0.300366 1.0299 -0.0697508
9 -0.228323 1.65897 -0.204971 1.43 -0.769181 0.484836 1.44722 -0.0667132
14 -0.111806 1.59441 -0.0367341 1.3481 -0.824064 0.431892 1.29149 -0.116841
211 -0.379726 1.88857 -0.0136556 1.45245 -0.329005 -0.566079 0.853312 -0.339535
518 -0.266928 1.71081 1.21791 0.841934 0.0593636 0.311329 1.21235 -0.215765
707 -0.206435 1.99605 1.31768 0.972451 0.0745176 0.303077 1.34803 -0.176385
651 -0.354013 1.65797 1.26739 0.811178 -0.0295857 0.255809 1.33864 -0.276384
728 -0.324694 1.59904 1.34631 0.915443 -0.0878232 0.286858 1.25992 -0.240744
667 -0.290458 1.68645 1.00314 0.810061 -0.139889 0.18679 1.31796 -0.2945
706 -0.24279 2.00613 1.52476 1.15173 0.222252 0.381657 1.58247 -0.102026
636 -0.224283 1.83427 0.194184 1.07362 -0.157364 -0.389845 1.01339 -0.332914
638 -0.137166 1.72619 0.112618 0.862722 -0.317569 -0.0338044 1.02684 -0.200226
811 -0.086545 1.34279 0.0730058 0.859908 -0.478895 0.34845 1.04796 -0.207284
224 -0.176456 1.77409 0.0162945 1.01131 -0.255337 -0.247183 0.88534 -0.205014
635 -0.292144 1.72925 0.10029 1.18226 -0.26906 -0.323319 0.993362 -0.235443
219 -0.310414 1.86878 0.0996607 1.12772 -0.245603 -0.339658 0.911978 -0.312128
208 -0.236764 2.13159 0.0853926 1.43748 -0.0216421 -0.484912 0.837208 -0.249348
279 0.074891 1.89424 -0.279079 0.455453 -0.407784 -0.145154 0.957361 -1.22182
805 -0.0102852 1.35718 0.618962 0.573098 -0.756473 -0.0527966 1.21596 -0.517523
579 0.100973 1.5278 0.662991 0.466811 -0.856755 0.0583324 1.56269 -0.713626
839 -0.104046 1.58741 0.305226 0.346027 -0.657216 0.0276852 1.17766 -0.571949
686 -0.00515379 1.41399 0.312905 0.581539 -0.698858 -0.144276 1.28714 -0.522205
94 0.152482 1.30292 0.4113 0.563711 -0.753211 -0.0272438 1.35191 -0.588811
107 -0.0309203 1.49902 0.378166 0.487072 -0.628453 0.0515713 1.21918 -0.512551
461 -0.023275 1.34452 0.521142 0.595848 -0.847489 0.094461 1.30006 -0.525124
90 0.172576 1.26101 0.565732 0.621941 -0.950138 -0.0798747 1.54965 -0.599257
118 0.0582211 1.18372 0.415373 0.373911 -0.634927 0.131016 1.17896 -0.45179
80 0.423218 1.62986 0.820739 0.32886 -1.0662 0.0295385 1.8266 -0.737068
898 -0.0756863 1.66489 -0.0213308 0.685398 0.171436 0.0574898 1.05826 -0.557594
329 -0.150473 1.77389 0.168118 0.454185 0.0112927 -0.0369255 1.13753 -0.554356
831 -0.054344 1.68485 0.256822 0.597694 0.102987 -0.0653112 1.06195 -0.427429
440 -0.88696 1.58958 0.502092 0.186413 -0.67491 0.246775 1.2671 -0.955888
634 -0.492074 1.56898 0.289328 0.197752 -0.569767 0.217571 1.16254 -0.783819
622 -0.290789 1.38678 0.115153 0.731037 -0.634763 0.338945 1.07186 -0.391228
235 -0.133939 1.64069 0.10161 0.870682 -0.455424 -0.158491 1.04086 -0.430375
446 -0.31864 1.77729 0.185307 0.858127 -0.324361 -0.253358 1.09636 -0.502797
432 -1.02741 1.80116 0.449101 0.040999 -0.904204 0.115752 1.52216 -1.27849
452 -0.489369 1.66039 0.333325 0.177223 -0.586346 0.138948 1.17063 -0.896257
179 -0.679262 1.53922 0.332515 0.125028 -0.536277 0.00672793 1.22268 -0.836865
439 -0.84495 1.50756 0.451569 0.0898951 -0.79762 0.27031 1.31699 -0.882998
546 -0.135539 1.60754 -0.0454116 0.789913 -0.554228 0.303336 1.2043 -0.31274
53 -0.115895 1.60714 -0.157427 1.25018 -0.803547 0.65245 1.27641 -0.00769671
385 -0.156876 1.57677 -0.146313 0.94943 -0.595726 0.485276 1.20251 -0.129263
55 -0.320163 1.68157 -0.256012 0.966197 -0.643709 0.709457 1.27174 0.130518
59 -0.130265 1.62616 -0.12465 1.0525 -0.612933 0.676994 1.31796 -0.041797
18 -0.150947 1.61395 -0.140416 1.18066 -0.729984 0.633532 1.32803 -0.0886759
464 -0.126782 1.33528 -0.0203677 0.820823 -0.631032 0.365646 1.21704 -0.129584
10 0.00505097 1.63549 -0.0248902 1.33794 -1.01248 0.668244 1.53633 -0.0774676
619 -0.181468 1.25798 -0.0933896 1.03838 -0.740414 0.537475 1.15638 -0.136609
6 -0.18056 1.71095 -0.0816193 1.46698 -0.881021 0.754099 1.54669 -0.216482
70 -0.0198166 1.24728 0.0219142 0.984291 -0.679919 0.389294 1.19495 -0.154725
1 -0.13842 2.01229 -0.194955 1.33332 -0.972175 1.08133 1.6291 -0.0814357
4 -0.258494 1.77169 -0.267466 1.22762 -0.991236 0.783639 1.52456 -0.187522
393 -0.0589518 1.39221 0.0117418 0.896457 -0.475239 0.27974 1.15133 -0.182194
3 -0.0485914 1.81345 -0.381368 1.5541 -0.75177 0.717363 1.64633 -0.0784874
66 -0.0863197 1.30003 0.00513753 1.02355 -0.687939 0.436817 1.18721 -0.134612
895 0.000864467 1.64269 0.332247 0.585395 -0.614342 0.0543504 1.31409 -0.533293
781 0.188164 1.50642 0.54344 0.674339 -0.875858 0.0186953 1.49038 -0.668581
92 0.164524 1.30876 0.521993 0.542449 -0.816911 -0.0193929 1.36771 -0.598892
19 -0.0626793 1.71169 -0.0465839 0.81192 -1.06655 -0.700731 1.39388 -0.278979
307 -0.0440477 1.49746 0.155479 0.440014 -0.353432 -0.192088 1.03922 -0.445479
961 -0.00344848 1.50117 0.239421 0.637785 -0.434447 -0.302141 1.08332 -0.355865
176 0.0300044 1.5732 0.0821325 0.572268 -0.776619 -0.778402 1.3026 -0.410468
42 -0.042754 1.49407 -0.0711225 0.95496 -0.655742 0.374005 1.13995 -0.204682
430 -0.0437731 1.55273 -0.0314053 0.549853 -0.377122 0.0905132 1.06863 -0.551245
0 0.0100064 1.74076 -0.373699 1.45282 -0.785394 0.588804 1.68862 -0.177704
29 -0.0129029 1.54063 -0.20911 0.991514 -0.736455 0.363171 1.2959 -0.171262
32 -0.0118259 1.48259 -0.0944834 1.14605 -0.520288 0.394717 1.35149 -0.167913
623 -0.0818435 1.37855 0.0311657 0.741564 -0.393243 0.203011 1.13476 -0.303697
37 -0.173292 1.48275 0.000832976 0.815131 -0.612978 0.397506 1.13507 -0.278694
25 -0.148392 1.54668 -0.0928542 1.27552 -0.868998 0.578563 1.2564 -0.119034
241 -0.161896 1.58504 0.156207 0.820622 -0.273952 -0.0600515 1.03517 -0.35915
232 -0.203483 1.6442 0.0983823 1.14001 -0.275472 -0.139118 0.998643 -0.249339
692 -0.134982 1.50012 0.00722134 0.640576 -0.453946 -0.281087 1.13986 -0.381955
88 -0.267146 1.82833 0.33646 1.25424 -0.192212 -0.568336 1.01169 -0.166307
79 0.402185 1.63918 0.793148 0.327557 -1.04353 0.304116 1.75215 -0.764697
102 0.0372645 1.33317 0.598592 0.371647 -0.737151 0.10311 1.28064 -0.611404
87 0.11658 1.53407 0.638762 0.397775 -0.896156 0.213501 1.43552 -0.564913
362 -0.869413 1.70801 0.386034 0.0436157 -0.66556 0.328387 1.30389 -0.952305
128 -0.454877 2.55488 -0.127711 0.129742 -0.275347 0.690247 1.3255 0.0752126
261 -0.316201 1.84716 -0.0372399 0.161876 -0.105973 0.224797 0.974739 -0.297551
980 -0.223759 1.8197 0.109476 0.161638 -0.248448 0.284955 1.08865 -0.248702
130 -0.331231 2.59011 -0.214972 -0.00935611 -0.283913 0.78211 1.32564 0.0529695
495 -0.156826 1.89037 0.0305022 0.23686 -0.265811 0.200816 1.16592 -0.296153
876 -0.146462 1.72777 0.0722511 0.595109 -0.518177 -0.334021 1.18373 -0.352606
625 -0.117787 1.27177 0.0346041 0.935267 -0.621281 0.290742 1.03044 -0.154227
20 -0.13178 1.63559 -0.284315 1.25446 -0.848708 0.618095 1.30477 -0.23035
542 -0.174532 1.43413 0.0189717 0.693715 -0.600216 0.243695 1.14517 -0.338608
544 -0.124126 1.54871 0.0207488 0.814966 -0.581217 0.282217 1.14807 -0.290891
341 -0.097564 1.65798 -0.0921164 0.719364 -0.915948 -0.725324 1.35108 -0.345684
910 -0.0740928 1.59316 0.2383 0.534153 -0.507947 -0.181819 1.12482 -0.505876
684 -0.0886216 1.71587 0.0187578 0.70626 -0.708804 -0.343923 1.40981 -0.41792
356 0.0162969 1.68808 0.0142486 0.722042 -0.542639 -0.361016 1.31671 -0.330395
201 0.0219074 1.52459 0.0904856 0.65486 -0.616649 -0.457988 1.13253 -0.33176
157 -0.207455 1.93655 -0.0253567 0.303416 -0.1705 0.145639 1.06249 -0.274066
75 -0.187444 1.73213 0.00227132 0.280467 -0.247472 0.315971 0.975368 -0.169439
647 -0.215104 1.67462 0.0814307 0.773691 -0.266008 -0.15598 0.932621 -0.320116
210 -0.495812 2.12201 0.204836 1.43833 -0.028876 -0.71528 0.956281 -0.174783
767 -0.266175 1.6906 0.0295845 0.934946 -0.291591 -0.276252 1.08624 -0.290134
170 -0.344026 2.01148 0.024063 1.41185 -0.389946 -0.750082 0.969931 -0.10465
617 -0.155422 1.69492 0.0123263 0.909231 -0.433071 -0.127119 0.945831 -0.373317
58 -0.155191 1.46853 -0.103728 1.15389 -0.687328 0.372733 1.25725 -0.135941
76 -0.0437909 1.29234 0.0416669 0.813813 -0.509728 0.2717 0.999731 -0.235408
51 -0.232263 1.66927 -0.107257 1.10798 -0.825636 0.741003 1.39828 -0.106188
928 -0.0815551 1.6483 -0.0114828 0.69851 -0.551743 -0.180542 1.16769 -0.314927
998 -0.0554225 1.72826 0.157583 0.572712 -0.579995 -0.106824 1.33993 -0.399435
854 -0.0827586 1.62774 0.0658871 0.854187 -0.636287 0.209966 1.26013 -0.338093
223 -0.214854 1.54526 0.0711568 1.22695 -0.369011 -0.212977 0.964292 -0.154924
120 -0.279927 1.29356 0.273549 0.234502 -0.626849 0.0747762 1.04245 -0.659815
919 -0.554033 1.59797 0.265618 0.352768 -0.771385 0.36875 1.21335 -0.823217
916 -0.351753 1.77034 0.148559 0.478436 -0.528223 0.242094 1.21987 -0.570095
603 -0.480168 1.67213 0.176564 0.441927 -0.523332 0.0997517 1.20367 -0.634959
602 -0.493221 1.58656 0.179469 0.311105 -0.582641 0.182414 1.11821 -0.729873
621 -0.180122 1.53107 0.0848965 0.82383 -0.54385 0.233774 1.19501 -0.288136
36 -0.0650852 1.47379 -0.0474021 0.965357 -0.645619 0.333097 1.13161 -0.152584
731 -0.209385 1.6299 0.823504 0.807535 -0.0123034 0.115089 1.21577 -0.280139
630 -0.409474 1.66751 0.89676 0.485813 0.0142861 0.37241 1.21691 -0.221762
158 -0.264442 1.8783 0.100249 0.0991796 0.00295031 0.358922 1.03052 -0.219452
396 -0.243776 2.17166 -0.0903163 0.171967 -0.0204837 0.385995 1.22651 -0.138907
249 -0.183972 2.46934 -0.0863371 0.0140477 -0.00612617 0.385542 1.29613 -0.105272
139 -0.216397 2.2054 -0.175068 0.0554456 -0.000573287 0.375475 1.23073 -0.270047
390 -0.137294 1.22768 -0.0692529 0.78145 -0.56819 0.421272 1.14872 -0.236409
433 -1.14103 1.8211 0.269428 0.262665 -0.986891 0.318622 1.3524 -1.18905
243 -0.517746 1.34093 0.273445 0.338773 -0.443509 0.0959847 0.964639 -0.603769
207 -0.517436 2.21663 -0.0264143 1.67799 -0.142092 -0.661407 0.83038 -0.210885
228 -0.287865 1.73617 0.0216862 1.06095 -0.257305 -0.37026 0.968156 -0.368704
209 -0.45961 1.8211 -0.0118435 1.25239 -0.350861 -0.471458 1.09166 -0.256031
529 -0.256845 1.68149 0.219159 0.400954 -0.604784 0.0414938 1.19414 -0.635519
974 -0.182754 1.75467 0.160873 0.96845 -0.243443 -0.226657 1.13786 -0.355116
933 -0.12765 1.79874 0.230901 0.877282 -0.487198 -0.10426 1.30819 -0.433786
970 -0.087405 1.8456 0.0547503 0.815968 -0.304948 -0.105031 1.14937 -0.290761
395 -0.306562 2.06326 0.0218424 0.661108 -0.217189 -0.0384322 1.14889 -0.178641
969 -0.249394 1.719 0.209261 0.786957 -0.32094 -0.178411 1.02641 -0.399172
505 -0.140259 1.64643 0.0220689 0.671927 -0.321887 -0.0518555 0.936923 -0.462428
968 -0.192251 1.73492 0.108091 0.644935 -0.336261 -0.0861601 1.03708 -0.453668
677 -0.284877 1.67449 0.0807196 0.501159 -0.411494 -0.0484587 1.18551 -0.524183
587 -0.0520687 1.42492 0.408343 0.504871 -0.545924 0.104526 1.32541 -0.563465
760 -0.310259 1.4466 0.172086 0.302509 -0.525354 0.029619 1.07835 -0.567168
93 0.20874 1.47293 0.529574 0.339765 -0.653703 0.292913 1.39338 -0.693794
930 0.0611879 1.54104 0.488875 0.429909 -0.744488 0.0985604 1.34662 -0.619632
780 0.202727 1.39873 0.61867 0.431661 -0.732076 0.08479 1.36523 -0.651211
302 -0.0708435 1.62119 -0.0048815 0.292542 -0.22368 -0.0195327 0.903563 -0.64682
294 -0.0899977 1.9709 -0.12737 0.265772 -0.251952 -0.123688 0.990757 -1.09934
69 0.0241926 1.45019 -0.174638 0.560197 -0.448129 0.0975162 0.893785 -0.513848
303 -0.0748141 1.82956 0.0965794 0.46211 -0.345438 -0.0680215 1.09972 -0.780221
751 -0.175648 1.88755 0.0693721 0.147557 -0.241805 0.252242 1.06461 -0.330477
962 -0.121709 2.06491 -0.00100662 0.221107 -0.329509 0.287121 1.30086 -0.194276
938 -0.0133181 1.55023 0.315082 0.420092 -0.532442 0.00740834 1.17936 -0.655537
658 -0.245989 1.85307 0.129095 0.313698 -0.35922 0.243074 1.23107 -0.339165
539 -0.0785232 1.56229 0.0288271 0.875755 -0.54136 0.336857 1.25356 -0.307884
548 -0.133846 1.43514 -0.088656 1.02441 -0.643659 0.381958 1.23435 -0.243332
56 -0.096174 1.43332 -0.0825087 1.2679 -0.772123 0.694442 1.31368 -0.0957633
16 -0.101248 1.71518 -0.120509 1.24846 -0.851098 0.825831 1.41186 -0.0598126
21 -0.282251 1.59206 -0.307617 1.12626 -0.912476 0.472767 1.3427 -0.217134
40 -0.171989 1.30393 0.0755988 0.785852 -0.608917 0.315956 1.13913 -0.236769
2 -0.21696 1.98936 -0.273123 1.33081 -0.768432 0.955586 1.49036 0.0671264
26 -0.187943 1.52225 -0.232038 1.02658 -0.615988 0.530549 1.26381 -0.284144
22 -0.0495587 1.5764 -0.13604 1.15066 -0.867198 0.623814 1.25459 -0.326241
71 -0.175163 1.38128 0.11436 0.667309 -0.464255 0.316382 1.11149 -0.293089
614 0.0890597 1.67424 0.0226752 0.571555 0.183281 -0.213561 1.16926 -0.511445
322 0.152862 1.95676 0.0312569 0.614336 0.22222 -0.162151 1.3707 -0.541899
8 0.300297 2.06846 -0.325212 0.726121 0.580434 -0.427622 1.53198 -0.770131
131 0.200914 2.21337 -0.250528 0.690301 0.60221 -0.223674 1.45052 -0.778058
314 0.111573 2.02817 -0.0406116 0.556869 0.450876 -0.213021 1.25185 -0.818584
308 0.295812 2.21973 -0.182568 0.97276 0.776734 -0.0665209 1.53803 -0.573002
191 -0.0140636 1.61468 -0.00707204 0.671422 -0.553621 -0.478906 1.18285 -0.334496
347 -0.189527 1.62038 0.255575 0.456284 -0.447452 -0.171332 1.17709 -0.296284
631 -0.517809 1.49004 0.493258 0.31548 -0.492676 0.106735 1.13713 -0.601399
434 -1.25255 1.93944 0.439918 -0.0300316 -0.98087 0.265735 1.51998 -1.10209
328 -0.0104383 1.65077 -0.0176921 0.298034 0.150198 -0.239743 1.11254 -0.651856
310 0.241957 2.17088 -0.357585 0.786168 0.605107 -0.13688 1.50133 -0.5801
239 -0.142663 1.64005 0.102532 0.82199 -0.371889 -0.150213 1.12402 -0.426169
197 -0.00289212 1.60666 0.0949666 0.475228 -0.576718 -0.404004 1.18832 -0.310694
681 0.0935392 1.7806 0.0304718 0.729591 -0.842035 -0.910019 1.48794 -0.364522
680 -0.0838456 1.67057 -0.194432 0.821968 -0.879738 -0.849916 1.4468 -0.203862
7 0.0483121 1.78782 0.0330242 0.773693 -1.04012 -0.968926 1.72889 -0.194079
853 -0.078636 1.60979 0.00559933 0.553841 -0.543075 -0.300867 1.17993 -0.345679
823 -0.0794066 1.61918 0.00161619 0.539038 0.061776 -0.0554379 1.09326 -0.487019
171 0.175063 2.18491 -0.114811 0.557947 0.439534 -0.348272 1.37085 -0.514529
859 0.0451158 1.70278 0.0651437 0.624152 -0.709697 -0.678755 1.33328 -0.454009
173 0.0794306 1.6649 0.0054386 0.469368 -0.950171 -0.773498 1.38621 -0.276008
91 0.0607627 1.51068 0.443975 0.477329 -0.84815 0.0623049 1.33603 -0.721827
573 -0.0627528 1.68299 0.123718 0.390204 -0.30599 -0.00294921 1.09419 -0.828621
577 -0.00338028 1.79533 0.0293653 0.386195 -0.353352 -0.0604343 0.994252 -0.745708
832 -0.166964 1.80762 0.663386 0.718161 -0.177058 -0.00642571 1.10049 -0.366984
394 -0.469604 2.06033 1.23355 0.659937 0.13025 0.418425 1.31076 -0.0743611
985 -0.265003 1.76547 0.983415 0.796209 -0.16495 -0.0340738 1.36825 -0.372105
183 -0.115179 1.64336 0.256922 0.571011 -0.550241 -0.662438 1.28387 -0.384571
353 -0.163156 1.54326 0.0266967 0.534211 -0.690719 -0.417882 1.1142 -0.496091
168 0.0131125 1.90289 -0.151725 0.674487 -0.734662 -1.10522 1.58906 -0.447232
354 -0.0826968 1.58745 -0.0133086 0.664808 -0.525722 -0.591822 1.09054 -0.40275
133 -0.294858 2.4404 0.150466 -0.0045593 -0.117649 0.605606 1.33533 -0.00186759
361 -0.344476 2.37651 -0.0042114 -0.0234389 0.0191992 0.403118 1.13001 -0.202603
570 -0.19959 1.76387 0.0903089 0.191167 -0.154723 0.259546 1.05548 -0.326146
372 -0.249094 2.01706 0.10349 0.337094 -0.222144 0.398808 1.11587 -0.205002
97 0.116697 1.36037 0.485056 0.291779 -0.591525 0.166726 1.33329 -0.485783
682 0.0158121 1.56841 0.0929454 0.543855 -0.836984 -0.632545 1.40806 -0.304651
257 -0.165662 1.83021 0.122877 0.227834 -0.248565 0.160621 1.15868 -0.289683
127 -0.328302 2.73575 -0.239949 0.0835472 -0.11717 0.618682 1.41237 0.0461939
13 -0.398432 2.38519 0.153368 0.236829 -0.0733069 0.709846 1.22656 0.145135
407 -0.169665 1.83823 -0.000680442 0.270041 -0.167817 0.163044 1.04595 -0.365702
230 -0.184038 1.63113 -0.0072361 0.956306 -0.320062 -0.0384762 1.03536 -0.231032
815 -0.246649 1.36581 0.208974 0.616688 -0.37831 -0.0799831 1.01905 -0.32982
278 -0.188551 2.11381 -0.046945 0.161277 -0.169998 -0.301448 1.00054 -1.35335
73 -0.135092 1.29515 -0.0519925 0.873357 -0.501696 0.350438 1.00916 -0.138202
748 -0.179991 1.48181 0.196677 0.877773 -0.574047 0.360273 1.14073 -0.219047
65 -0.109369 1.44331 0.0354247 1.10128 -0.685445 0.557569 1.26031 -0.0732184
54 -0.290867 1.64865 1.31633 1.00507 -0.0730186 0.321299 1.25178 -0.0963595
50 -0.499165 1.86978 0.208135 0.44582 -0.792877 0.273848 1.19915 -0.490266
532 -0.284893 1.78263 0.0676805 0.480733 -0.491631 -0.0390509 1.11506 -0.632527
514 -0.242468 1.92636 0.0241157 0.478634 -0.395879 -0.123401 1.20224 -0.721475
768 -0.179039 1.68401 0.200731 0.897586 -0.317328 -0.158865 1.12923 -0.350658
644 -0.0888434 1.6465 0.302228 0.669708 -0.501709 -0.0992212 1.19228 -0.449014
533 -0.288656 1.56832 0.120372 0.468199 -0.549844 0.0424935 1.01109 -0.578558
534 -0.20888 1.63241 0.104785 0.411992 -0.445366 0.0605024 0.991453 -0.521817
535 -0.139723 1.54346 0.111952 0.766783 -0.541207 0.162089 1.13774 -0.345637
427 -0.15339 1.65264 0.0319375 0.43708 -0.442869 -0.0429125 0.978509 -0.778757
274 -0.438891 1.87699 -0.138494 0.306052 -0.738833 0.0221318 1.16855 -1.04818
671 -0.333868 1.81008 0.200662 0.487331 -0.622687 0.00843159 1.19054 -0.694596
986 -0.414284 1.71169 0.291401 0.390005 -0.588136 0.0849249 1.29085 -0.75744
455 -0.359845 1.41148 0.236547 0.299809 -0.426882 -0.00890615 1.05334 -0.671427
340 0.172773 1.85105 -0.227831 0.736446 -0.669959 -1.10093 1.62781 -0.351053
349 -0.0225185 1.41545 0.0219764 0.550945 -0.667059 -0.407251 1.13056 -0.368511
12 -0.0247388 1.69424 -0.151995 1.32149 -0.876274 0.708851 1.43769 0.00971244
38 -0.148989 1.47824 0.1267 1.06838 -0.669486 0.474431 1.29506 -0.16105
336 -0.055431 1.73949 0.0538203 0.515556 -0.0200816 0.0180991 1.12325 -0.403771
774 0.042405 1.89844 0.0117169 0.621825 0.115114 -0.00378458 1.1377 -0.503636
618 -0.0598806 1.7025 0.0198954 0.893096 -0.046859 0.0713367 1.13972 -0.451905
389 0.0141423 1.61809 -0.0607774 0.774547 0.00849125 0.0246899 1.08933 -0.412162
11 0.262097 2.09293 -0.117178 0.796894 0.602967 -0.146224 1.45303 -0.585427
316 0.172076 1.88954 0.00764277 0.552117 0.59896 -0.0469237 1.12265 -0.549343
471 0.0297797 1.80834 -0.241047 0.875819 0.216635 -0.0456033 1.08916 -0.415697
309 0.45446 1.9728 0.0819223 0.662999 0.645383 -0.117266 1.6993 -0.803849
480 0.00578274 1.72287 -0.0336754 0.514605 0.195209 0.0125511 1.14368 -0.509481
611 0.0231991 2.00148 0.0307742 0.645409 -0.0247139 -0.00406797 1.34838 -0.509429
334 0.0262371 1.74304 0.0182519 0.488699 0.103737 -0.120814 1.17591 -0.510142
923 -0.034163 1.67473 0.148734 0.631303 -0.365715 -0.232645 1.33446 -0.428815
175 -0.0323474 1.69344 -0.0353008 0.671981 -0.953747 -0.916631 1.50167 -0.362417
697 -0.207482 1.64141 0.13147 0.601694 -0.640001 -0.502922 1.2175 -0.297465
350 -0.0890543 1.63369 0.0833566 0.694723 -0.534012 -0.284192 1.25696 -0.341175
132 -0.316684 2.6198 -0.107148 0.0365276 0.0633022 0.556146 1.29127 -0.211392
562 -0.0140464 1.4754 0.469834 0.434372 -0.678596 0.1965 1.20919 -0.610473
86 0.255449 1.42643 0.584782 0.403398 -0.932921 0.228317 1.63088 -0.707607
790 0.114105 1.43823 0.585697 0.599979 -0.761444 0.180248 1.36509 -0.663021
412 0.108385 1.32442 0.629353 0.541502 -0.604911 -0.0117837 1.23481 -0.633388
85 0.134196 1.53394 0.613247 0.285601 -0.922071 0.192727 1.51845 -0.826335
61 0.0104378 1.35775 0.506065 0.504333 -0.78388 0.252009 1.39889 -0.559128
136 0.209825 1.57938 0.762452 0.173651 -0.854274 0.256582 1.55947 -0.592176
950 -0.296735 1.63597 0.682151 0.712345 -0.223618 0.176836 1.30499 -0.379013
345 -0.56033 1.5647 0.324989 0.128978 -0.750067 0.19246 1.13874 -0.934914
601 -0.49109 1.50295 0.211874 0.35332 -0.521302 0.214206 1.16381 -0.648505
626 -0.929906 1.73812 0.467411 0.128171 -0.672432 0.0877221 1.40319 -0.968124
161 -0.251373 1.88957 0.0239397 0.0568513 -0.181881 0.409285 1.04416 -0.293871
537 -0.313767 2.04632 0.0297457 0.195297 -0.289695 0.540849 1.13784 -0.130319
368 -0.255829 1.95943 0.444649 0.221534 -0.123986 0.543628 1.06714 -0.0855414
555 -0.063999 1.78731 -0.0541814 0.435682 0.0774271 0.00819919 1.04107 -0.480821
256 -0.234542 1.91038 0.00274439 0.29813 -0.232035 0.190877 1.16298 -0.26751
266 -0.313172 2.12877 -0.0656926 0.191039 -0.176727 0.351856 1.0638 -0.348831
490 -0.254704 2.00592 -0.00120342 0.215591 -0.292246 0.319793 1.21311 -0.428361
145 -0.210962 2.01951 -0.118875 0.250631 -0.10646 0.193952 1.03273 -0.205499
982 -0.111695 1.68428 0.0991007 0.884636 -0.363592 -0.142354 1.14522 -0.235231
226 -0.211464 1.71586 -0.0489325 1.10422 -0.393952 -0.355749 1.07406 -0.130016
339 0.0882552 1.77294 -0.197819 0.827282 -0.927501 -0.916241 1.4794 -0.36989
189 -0.0257346 1.74448 -0.0576736 0.585595 -0.766419 -0.660174 1.29054 -0.419783
740 -0.254134 2.11531 0.0251981 0.254342 -0.151334 0.216235 1.13932 -0.268877
81 -0.181135 2.24518 -0.184853 0.0722535 -0.303134 0.59967 1.35902 -0.104377
380 -0.204908 1.75517 -0.192814 1.09347 -0.662877 0.705623 1.43285 -0.209398
926 -0.366813 1.5724 0.0821103 0.562251 -0.562725 0.269243 1.15925 -0.458813
752 -0.286214 1.62523 0.185013 0.379261 -0.3444 0.167907 1.16037 -0.535474
436 -0.676367 1.81935 0.286308 0.0963495 -0.616915 0.13613 1.25661 -0.771698
222 0.0216855 1.83854 -0.0358365 0.774057 0.196933 -0.203442 1.13393 -0.577845
470 0.0188788 1.8605 -0.0718235 0.59978 0.252432 -0.0698011 1.21779 -0.494085
311 0.16493 2.13388 -0.278813 0.611226 0.584599 -0.307323 1.37556 -0.644689
270 -0.0714716 1.45764 -0.0464278 0.47339 -0.458592 -0.190227 1.11408 -0.228085
181 -0.0123423 1.70209 0.0915261 0.552485 -0.803962 -0.594473 1.30031 -0.405438
186 -0.0809182 1.71132 0.089322 0.52587 -0.639324 -0.336681 1.28184 -0.382049
355 -0.0561009 1.64414 -0.0783696 0.553672 -0.156263 -0.227684 1.12759 -0.56746
559 -0.0560275 1.63656 -0.0840898 0.482306 0.0225541 -0.0884833 1.07057 -0.514486
451 -0.398806 1.44373 0.197388 0.292515 -0.469225 0.131807 1.08043 -0.649538
103 -0.00759387 1.70025 0.0890534 0.430786 -0.0381111 -0.206394 1.31793 -0.547442
321 0.0700978 2.01928 -0.0298617 0.596094 0.4792 -0.280296 1.47169 -0.71045
821 0.0176209 1.7043 0.0739181 0.537769 -0.033793 -0.258362 1.14531 -0.461199
317 0.117761 1.99766 -0.0603126 0.678723 0.57033 -0.288337 1.20785 -0.692022
810 -0.102043 1.4873 -0.0197979 0.857931 -0.576868 0.446713 1.13726 -0.162314
872 -0.00226698 1.79597 -0.00620606 0.649407 -0.114626 0.0961343 1.20659 -0.489772
551 0.258252 1.88703 -0.264607 0.809203 0.355959 -0.107982 1.24551 -0.692294
777 -0.044681 1.66541 0.288758 0.530727 0.0748351 0.0228301 1.06732 -0.417776
327 0.102755 1.88936 -0.0241017 0.557435 0.344116 -0.113293 1.23762 -0.50117
475 0.166506 1.83023 0.0192653 0.542398 0.392746 -0.111056 1.15833 -0.673358
320 0.143283 1.81974 -0.139103 0.598748 0.334792 -0.0882189 1.0708 -0.476674
552 0.154251 1.79322 -0.140155 0.746608 0.0823118 -0.152647 1.19173 -0.480902
267 -0.343089 1.7943 0.00960718 0.00844044 -0.155383 0.335534 0.953797 -0.170886
852 -0.122231 1.48012 0.00910799 0.642148 -0.49333 -0.415677 0.98522 -0.271041
516 -0.418533 1.76281 1.07517 0.932402 -0.151213 0.33303 1.3903 -0.252192
847 -0.236988 1.55347 0.803981 0.750292 -0.222571 -0.0434174 1.21562 -0.231777
825 -0.297247 1.84761 0.860148 0.729985 6.88669e-05 0.152181 1.21713 -0.284555
856 0.243668 1.49789 0.644858 0.599734 -0.963055 0.0406366 1.46403 -0.759291
457 -0.152427 1.35629 0.350848 0.382552 -0.643738 0.0460785 1.17913 -0.588895
437 -0.578543 1.77931 0.347438 0.171332 -0.902324 -0.0150756 1.29938 -0.821554
675 -0.327195 1.64572 0.198829 0.414881 -0.51678 -0.0202743 1.18602 -0.597967
615 -0.22074 1.49879 0.511727 0.56429 -0.0556131 0.0615137 1.13628 -0.36533
886 -0.118667 1.72802 -0.00180722 0.441601 -0.273657 -0.00963575 0.988351 -0.777158
953 -0.124005 1.68434 0.0492172 0.491865 -0.258177 -0.0198564 1.10813 -0.503777
306 -0.0626933 1.65087 0.0306791 0.381576 -0.0730474 -0.0799777 0.972773 -0.723176
868 -0.159143 1.68864 0.0122951 0.560695 -0.247763 -0.192306 1.05515 -0.584622
272 -0.0693467 2.40824 -0.365084 0.453152 -0.45435 -0.368881 0.840681 -1.6203
318 -0.023917 2.07756 -0.199678 0.268249 -0.0537362 -0.135789 1.07536 -1.0942
572 0.0102447 2.01108 -0.120338 0.449422 -0.170144 -0.140185 1.04064 -0.911091
816 -0.262371 1.5451 -0.0437153 0.845485 -0.189821 -0.263042 0.901879 -0.306781
479 0.0387905 1.67542 -0.0668178 0.695942 0.0784313 -0.171279 1.10358 -0.409148
946 -0.106012 1.67027 0.285631 0.518078 -0.0788555 0.100252 1.15307 -0.402138
156 0.00382194 1.66357 -0.042266 0.359822 0.0475411 0.0752404 1.09265 -0.484635
247 0.0402458 2.02643 -0.135903 0.620117 0.479568 -0.254438 1.20242 -0.631644
489 -0.200812 1.87054 0.029249 0.28967 -0.165564 0.194235 0.975541 -0.369652
778 -0.0534867 1.60427 0.0474516 0.393772 0.081368 0.00571351 1.03807 -0.572106
869 0.0623614 1.58019 0.138585 0.545159 -0.099409 0.00475678 1.08501 -0.555975
28 -0.154838 1.45226 -0.155074 1.02871 -0.766764 0.432054 1.24442 -0.111799
49 -0.100144 1.25948 -0.14407 0.822999 -0.546353 0.361749 1.03198 -0.324665
282 -0.0755748 1.96737 -0.228173 0.37685 -0.30814 -0.102848 1.01784 -0.996366
292 -0.16076 1.93442 -0.0753124 0.504132 -0.325471 0.0282771 1.07963 -0.827412
541 -0.195185 1.5785 0.0579035 0.904277 -0.505122 0.299474 1.30689 -0.195651
509 -0.0853921 1.68712 -0.0171752 0.337611 -0.272059 -0.156749 0.990057 -0.803601
506 0.00537371 1.7026 -0.122642 0.409358 -0.178696 -0.198464 0.840606 -0.912849
227 -0.387676 1.81726 -0.017518 1.25238 -0.187546 -0.440132 0.951298 -0.389124
225 -0.290144 1.6758 -0.0431188 1.32436 -0.253689 -0.29833 0.913066 -0.187072
643 -0.177162 1.56677 0.812556 0.89696 -0.0149968 0.1398 1.1769 -0.167423
661 -0.180697 1.81122 0.0669145 0.135984 -0.201466 0.246636 0.997175 -0.277222
248 -0.198807 2.40104 -0.0665939 0.00775486 0.0460742 0.445202 1.15796 -0.0957945
659 -0.266138 1.76512 0.00487761 0.205099 -0.1819 0.30501 0.985925 -0.236551
140 -0.478907 2.19447 0.0111161 0.0224313 -0.146763 0.441262 1.1414 -0.147534
82 -0.206753 2.54461 -0.0381705 -0.148885 -0.125572 0.582224 1.37581 -0.159772
182 -0.0316106 1.81544 -0.152294 0.603415 -0.486184 -0.634137 1.14967 -0.635274
501 -0.164135 1.79454 0.0861968 0.479043 -0.361849 -0.0956885 1.08645 -0.643881
753 -0.311497 1.89742 0.197077 0.449697 -0.579837 0.128637 1.2399 -0.472053
409 -0.239256 1.79103 0.24842 0.354713 -0.380168 0.157272 1.08259 -0.423102
398 -0.382963 1.93984 0.196798 0.0569347 -0.293248 0.413779 1.16219 -0.314927
627 -0.685865 1.71407 0.314491 0.106366 -0.799043 0.0136928 1.27124 -0.835294
964 -0.219431 1.76894 0.151901 0.815382 -0.411666 -0.105505 1.08778 -0.374942
213 -0.411451 2.0247 -0.0381188 1.22116 -0.184647 -0.383675 0.996353 -0.127649
641 -0.368562 1.83561 0.12472 0.940721 -0.248639 -0.253464 1.04398 -0.240703
15 -0.378861 1.95413 0.0379541 1.37708 -0.317498 -0.371753 1.03533 -0.300011
867 -0.31868 1.70642 0.089166 0.81358 -0.33089 -0.0590365 1.07755 -0.269924
566 -0.262921 1.94364 -0.0312847 0.211847 -0.113291 0.222154 1.05998 -0.318948
374 -0.155553 1.83557 -0.0361094 0.14038 -0.178215 0.293144 1.00359 -0.287037
565 -0.160943 2.00347 -0.0786261 0.189886 0.0342139 0.240658 1.05566 -0.239926
143 -0.280576 1.92525 -0.055123 0.245294 -0.19498 0.124602 1.01774 -0.207469
253 -0.126243 1.88699 0.0326683 0.154346 -0.125148 0.369697 1.05057 -0.177759
402 -0.310424 2.13124 0.0065543 0.0744795 -0.105348 0.317089 1.14763 -0.227766
984 -0.30179 1.9957 0.151635 0.262074 -0.157017 0.321646 1.11295 -0.28306
593 -0.535933 1.61517 0.463337 0.203832 -0.584835 0.274107 1.16007 -0.759848
491 -0.499829 1.56091 0.232864 0.142928 -0.427921 0.216391 1.09092 -0.629399
138 -0.314977 2.20851 0.114028 0.0779981 0.0123419 0.698537 1.17728 -0.0721235
214 -0.353457 1.88123 -0.0385552 1.44039 -0.278255 -0.559408 1.03406 -0.0371182
945 -0.33276 1.74742 0.124768 0.970503 -0.215435 -0.223799 0.987923 -0.274714
786 0.0647548 1.29233 0.446513 0.44957 -0.791539 0.0352782 1.25548 -0.538926
83 0.471397 1.43537 0.709738 0.665469 -1.02996 0.139845 1.62696 -0.781349
89 0.332193 1.34514 0.530669 0.675148 -0.922174 0.225531 1.55418 -0.703166
252 -0.0949895 1.93219 0.0456581 0.210413 -0.367533 0.385654 1.1688 -0.146563
184 0.00448897 1.59983 -0.0153096 0.582505 -0.686626 -0.567786 1.34213 -0.38743
698 -0.224716 1.58192 0.11364 0.574283 -0.662 -0.426848 1.26814 -0.423874
702 -0.120318 1.61343 0.141205 0.752058 -0.399051 -0.149858 1.07327 -0.286447
814 -0.274103 1.60395 0.011209 0.834012 -0.268302 -0.322356 0.971069 -0.269863
798 -0.252564 1.77028 0.0416823 1.02798 -0.232406 -0.368945 1.01561 -0.291084
264 -0.155853 1.85422 -0.0574881 0.160257 -0.148531 0.325562 1.04064 -0.242705
159 -0.211233 1.80831 -0.00792833 0.119635 -0.185848 0.258306 1.02263 -0.390002
117 0.00812746 1.41754 0.406141 0.317845 -0.682073 0.0540383 1.25449 -0.59577
95 0.0509758 1.46739 0.38036 0.499027 -0.617857 0.0637216 1.17717 -0.650764
404 -0.251132 1.69555 0.183908 0.380955 -0.520922 0.119151 1.15247 -0.645183
742 -0.0412293 1.86644 -0.0432731 0.383985 -0.00927447 0.10879 1.13492 -0.412541
68 -0.140254 1.30475 0.114495 0.89052 -0.666097 0.482938 1.19171 -0.206422
24 -0.0811571 1.61187 -0.146331 1.26705 -0.814005 0.652112 1.39979 -0.133251
421 -0.0230075 1.90827 -0.122815 0.441652 -0.334606 -0.043392 1.02572 -0.882904
415 -0.0281599 1.79197 -0.087439 0.493593 -0.30714 -0.0118962 1.02071 -0.848033
507 -0.117517 1.79123 -0.081158 0.387216 -0.229396 -0.133628 1.02735 -0.846282
444 -0.685459 1.62445 0.248337 -0.0005645 -0.65174 0.047916 1.10406 -1.13216
134 -1.15371 1.78479 0.352007 0.0979086 -0.994082 0.200445 1.33212 -1.07424
151 -0.277071 2.05083 -0.0469312 0.0379886 0.010976 0.333934 1.03088 -0.126179
399 -0.143634 1.94254 -0.0672722 0.163725 -0.0636102 0.420132 1.01342 -0.191073
401 0.2419 1.31647 0.417071 0.471128 -0.496148 0.225637 1.32031 -0.561475
711 -0.331881 1.54731 0.964458 0.551195 -0.230458 0.177716 1.30622 -0.378803
736 -0.173286 1.49638 0.683901 0.654743 -0.241475 0.11986 1.10188 -0.287365
691 -0.179707 1.60379 0.479654 0.596787 -0.305246 -0.0244459 1.21218 -0.301196
169 0.0347398 1.81791 -0.0897217 0.743386 -1.09321 -1.16245 1.75052 -0.463724
289 0.0619729 1.84238 -0.133732 0.401018 -0.339185 0.0113189 1.00203 -1.07811
284 -0.0825874 1.92075 -0.130304 0.218637 -0.20881 -0.0437492 0.970761 -1.17221
850 -0.0740868 1.68653 0.0573811 0.5567 -0.0102516 -0.0850223 1.15911 -0.445162
613 -0.118236 1.91865 0.028102 0.522018 -0.00289727 -0.037194 1.12359 -0.470319
612 -0.0142957 2.00457 -0.100076 0.500974 0.0974053 0.0205793 1.33705 -0.447346
265 -0.239076 1.85099 -0.00952931 0.221641 -0.190624 0.336358 1.02234 -0.16302
521 -0.272526 1.99914 0.0306607 0.175139 -0.193493 0.410547 1.03937 -0.242819
236 -0.229495 1.65934 0.0116398 0.933175 -0.0887791 -0.277248 0.918453 -0.364359
312 0.126429 2.08688 0.06118 0.623034 0.55734 -0.34149 1.30322 -0.532233
468 0.0781659 1.82352 0.0614349 0.814642 0.333464 0.0481127 1.28186 -0.433231
486 0.0147234 1.71838 0.0559028 0.581677 0.02759 -0.00407726 1.06307 -0.562452
275 0.0648519 1.90837 -0.112716 0.590573 0.393954 -0.156458 1.21615 -0.837005
101 -0.0129653 1.48456 0.324277 0.741521 -0.889326 0.286841 1.40017 -0.499622
517 -0.460992 1.94185 0.0274102 0.418417 -0.50738 0.0122916 1.24038 -0.67395
513 -0.502782 1.90598 0.0839812 0.332857 -0.680002 0.0482052 1.27311 -0.796486
663 -0.497886 1.98182 0.095617 0.356456 -0.831561 0.0140235 1.25857 -0.74898
727 -0.31401 1.96577 1.4937 1.01774 0.0672447 0.3399 1.51889 -0.124077
652 -0.376361 1.56424 1.13239 0.740911 -0.0798615 0.215578 1.21525 -0.249234
710 -0.218335 1.71542 0.958365 0.798397 -0.0517826 0.222766 1.23257 -0.270623
588 -0.0850911 1.42726 0.605596 0.61164 -0.529927 0.0483783 1.25973 -0.473175
477 -0.0221439 1.44926 0.0403675 0.532339 -0.00881443 -0.119771 1.09516 -0.537205
319 0.0326477 1.88044 -0.0737908 0.514187 0.405752 -0.302917 1.29557 -0.665824
553 0.0267494 1.57966 0.150723 0.468506 -0.0759931 -0.151155 1.07242 -0.560663
484 -0.0656074 1.54378 0.0706607 0.525635 -0.0465563 -0.0363692 1.07132 -0.444912
313 0.0050324 1.87273 -0.12988 0.572138 0.423326 -0.201984 1.19585 -0.774522
323 0.0236014 1.60849 -0.0453942 0.576546 0.227161 -0.239345 1.05743 -0.428742
467 0.348864 2.03283 0.017672 0.783781 0.416827 -0.0686583 1.40468 -0.657418
700 -0.046365 1.54636 0.0855224 0.710258 -0.589294 -0.333419 1.27801 -0.33881
909 -0.101062 1.65543 0.2607 0.692289 -0.838673 -0.796518 1.41068 -0.281603
343 -0.0549111 1.65014 -0.0631259 0.378412 -0.484847 -0.308737 1.04187 -0.292766
512 -0.135616 1.72895 0.0438822 0.452696 -0.356147 -0.0780564 0.937604 -0.752152
305 -0.185906 1.69719 0.0223027 0.451492 -0.251051 -0.104523 0.990829 -0.773029
346 0.0116118 1.65016 0.0562187 0.600122 -0.659242 -0.43734 1.27439 -0.50708
567 -0.219154 2.09812 -0.0153908 0.0842182 -0.124565 0.311727 1.1033 -0.280329
749 -0.221892 2.12848 0.0674539 0.210385 -0.118366 0.31971 1.08793 -0.224466
657 -0.183049 1.67324 0.166253 0.392243 -0.192249 0.222938 1.01747 -0.262882
52 -0.0792707 1.48375 -0.121239 1.29972 -0.895472 0.624866 1.46409 -0.113595
907 -0.232936 1.69854 0.71263 0.728222 -0.176252 0.20112 1.24153 -0.251517
141 -0.275131 2.20659 0.062198 0.0528253 -0.216614 0.528804 1.12983 -0.20652
370 -0.183883 2.04277 -0.0507232 0.106887 -0.179203 0.522212 1.07455 -0.0846521
465 -0.181153 1.77509 -0.0454733 0.528717 -0.300185 0.368677 1.09822 -0.243462
155 -0.272985 2.01852 0.0254452 0.188798 -0.163965 0.478981 1.08801 -0.148167
142 -0.240106 2.14472 -0.150472 -0.100354 -0.00408638 0.462353 1.07525 -0.0965236
198 0.0771895 1.59068 -0.0711665 0.479776 -0.304869 -0.608265 1.20189 -0.324447
344 -0.0269845 1.6505 0.0983872 0.70191 -0.658271 -0.592586 1.41989 -0.257922
845 -0.199332 1.73298 0.880986 0.788825 -0.123187 0.0752361 1.229 -0.405292
833 -0.148981 1.57883 0.376303 0.485545 -0.216944 0.111295 1.07841 -0.292349
561 -0.149788 1.94945 0.0811753 0.252267 -0.16396 0.214687 0.937409 -0.342709
599 -0.309311 1.73876 -0.0402117 0.191136 -0.182805 0.0411266 1.04508 -0.394665
262 -0.28003 1.99491 -0.017275 0.350263 -0.1495 0.152511 1.12624 -0.254286
865 -0.330505 1.7897 0.0868018 0.97709 -0.198208 -0.171914 1.00525 -0.228178
540 -0.493118 1.60155 0.237923 0.339319 -0.765368 0.131731 1.21754 -0.679843
995 -0.264326 1.81808 0.200609 0.419147 -0.710381 0.0633072 1.26921 -0.616166
758 -0.225335 1.78227 0.0901304 0.374032 -0.533856 0.0193376 1.20868 -0.597691
757 -0.170865 1.68789 0.147558 0.488047 -0.472476 -0.0272076 1.17863 -0.48636
883 -0.161548 1.61178 0.0899128 0.533055 -0.460773 -0.040285 1.1875 -0.436654
885 -0.296867 1.56577 0.123401 0.441806 -0.369584 0.0459902 1.1386 -0.55211
365 -0.304735 2.28943 -0.0244902 -0.00470404 -0.0346442 0.548915 1.14629 -0.110722
741 -0.208674 1.842 -0.0694784 0.424241 -0.305317 0.394894 0.963186 -0.103548
72 -0.103825 1.38387 -0.00379651 0.735419 -0.323843 0.217716 1.07928 -0.254129
280 0.0340609 2.0087 -0.304892 0.371558 -0.289209 0.00913728 1.04331 -1.35072
510 -0.089111 1.67158 -0.0389632 0.332139 -0.328499 -0.0393852 1.02714 -0.859199
990 -0.154187 1.69131 0.0800035 0.392746 -0.325406 0.0109962 1.12907 -0.629818
410 0.146881 2.10964 -0.307695 0.49396 -0.294665 -0.0731215 1.18045 -1.51101
411 -0.119018 1.99264 -0.0778431 0.310159 -0.179382 -0.0669267 1.12131 -1.02293
921 -0.0418441 2.05489 0.0231243 0.403988 -0.271126 -0.129521 1.16086 -0.806953
818 0.0905819 1.73239 -0.0205346 0.51514 0.134655 -0.0634385 1.16311 -0.594243
569 -0.0195892 1.70367 -0.0139677 0.463242 -0.0659708 0.0438629 0.979748 -0.471786
212 0.0777034 1.93666 -0.057241 0.663562 0.274049 -0.107766 1.25815 -0.502652
233 -0.222887 1.66844 0.104203 1.12459 -0.319305 -0.267873 1.02093 -0.178332
244 -0.440085 1.5116 0.129755 0.431019 -0.481997 0.0285442 1.07522 -0.618664
447 -0.403951 1.63831 0.260795 0.472026 -0.57635 0.149868 1.20725 -0.629813
435 -1.0712 1.89109 0.635634 0.0178242 -0.780515 0.271507 1.31698 -1.10941
448 -0.612519 1.48568 0.391815 0.0930756 -0.549837 0.132047 1.23558 -0.796798
996 0.00823181 1.53539 0.392452 0.474231 -0.66774 0.13632 1.28337 -0.749925
443 -0.561913 1.71206 0.256369 0.3278 -0.625076 0.180961 1.25079 -0.757713
620 -0.281093 1.36043 0.318295 0.895364 -0.578893 0.343117 1.1159 -0.346843
298 -0.0599028 1.70789 0.114981 0.348845 -0.0838619 -0.0329961 0.892439 -0.712015
575 -0.102282 1.75142 0.00489648 0.392243 -0.179996 -0.0074089 0.858881 -0.718684
981 -0.180984 1.6738 0.105414 0.289382 -0.284793 0.163086 1.00401 -0.383321
520 -0.324412 1.85084 0.136414 0.444225 -0.69508 -0.191297 1.28169 -0.486548
993 -0.40286 1.95424 0.166067 0.468112 -0.656441 0.0378854 1.31765 -0.609325
30 -0.152916 1.49316 -0.101463 1.13149 -0.630436 0.501648 1.35532 -0.106708
62 -0.107261 1.56396 -0.0416997 0.957397 -0.625513 0.336414 1.21617 -0.244039
957 -0.00315727 1.42753 -0.0026276 0.464418 -0.455693 -0.3074 0.961717 -0.452682
604 -0.375167 1.46107 0.132867 0.288043 -0.425269 0.0240675 1.00723 -0.666592
608 -0.431405 1.35804 0.217474 0.267307 -0.56935 -0.0307488 1.08133 -0.520323
254 -0.49003 1.7463 0.227927 0.256914 -0.584438 0.1874 1.13986 -0.575547
782 0.266113 1.27758 0.479659 0.544591 -0.800319 -0.0404273 1.31976 -0.705924
119 0.00308045 1.69592 0.308783 0.434442 -0.475658 0.158288 1.15357 -0.432539
792 -0.00778758 1.59006 0.474445 0.553555 -0.720596 0.112351 1.43762 -0.547622
121 0.0559175 1.38237 0.385321 0.536171 -0.700598 0.144459 1.2289 -0.545893
84 0.22549 1.48318 0.734343 0.588849 -0.898235 0.0498294 1.58801 -0.630905
660 -0.232099 1.56385 0.00617864 0.268715 -0.309015 0.188801 0.970597 -0.273556
378 -0.164408 1.78168 -0.0376786 0.263821 -0.193503 0.21831 1.02051 -0.251363
373 -0.279305 1.98373 0.0761185 0.200922 -0.112811 0.388671 1.01035 -0.169976
364 -0.261586 2.19309 -0.0097282 -0.0620868 -0.161437 0.393047 1.10531 -0.157942
947 -0.213198 2.00357 0.0106623 0.218791 -0.104925 0.260131 1.05971 -0.212483
348 -0.022611 1.55538 0.172322 0.61282 -0.565434 -0.478819 1.26502 -0.348858
826 -0.291735 1.89426 0.952748 0.494407 -0.0360862 0.307731 1.28665 -0.130834
469 0.196736 1.59834 0.430597 0.526209 -0.584724 0.200391 1.51659 -0.650724
379 0.0964224 1.40023 0.410798 0.385817 -0.572924 0.0720425 1.19299 -0.475263
576 0.0864393 1.51123 0.196285 0.341563 -0.575284 0.0448828 1.09191 -0.774726
215 -0.350857 1.93274 0.170517 1.26059 -0.186093 -0.479621 1.04573 -0.262488
524 -0.114468 1.6985 0.047543 0.578202 -0.448748 0.105731 1.06528 -0.620047
896 -0.318133 1.69152 0.150203 0.594776 -0.568838 -0.0283658 1.24349 -0.533309
554 -0.164378 1.62616 0.192358 0.438738 -0.323435 -0.0383981 1.10478 -0.570893
695 -0.32515 1.67203 1.20996 1.01269 -0.182401 0.121491 1.47982 -0.116801
952 -0.0149823 1.80199 0.0208016 0.419605 -0.257992 -0.0317834 1.08121 -0.722195
285 0.104042 2.24122 -0.333487 0.211528 -0.258847 -0.150186 0.869674 -1.25051
609 -0.599559 1.53477 0.395477 0.0896493 -0.688042 0.0461161 1.23475 -0.851446
941 -0.178402 1.70216 0.235191 0.725129 -0.443549 -0.103311 1.21787 -0.289873
194 0.0192711 1.53761 0.0454795 0.498158 -0.513017 -0.352127 1.05562 -0.475159
481 0.0885505 1.57654 -0.0743584 0.590762 -0.162218 -0.207324 1.13479 -0.453504
438 -0.00271127 1.71147 -0.0020827 0.682263 -0.691853 -0.799891 1.43234 -0.315493
485 0.0261907 1.77896 0.0272428 0.549336 0.134858 -0.115713 1.1526 -0.607989
733 -0.299005 1.65428 0.661195 0.583508 -0.073253 0.21803 1.10637 -0.160544
829 -0.146442 1.56038 0.436354 0.458601 -0.420215 0.110693 1.23365 -0.415647
124 -0.157584 1.46078 0.272307 0.41558 -0.565738 0.0549655 1.22175 -0.519938
592 -0.78673 1.76356 0.370294 0.140562 -0.872849 0.0900023 1.39253 -0.881557
153 -0.197509 1.87817 -0.11927 0.0955528 -0.0405973 0.319025 0.968575 -0.214114
386 -0.109241 1.40975 0.139825 0.977905 -0.577041 0.49604 1.18029 -0.0864224
925 -0.401364 1.51805 0.25396 0.381023 -0.555392 0.244575 1.13688 -0.599859
595 -0.594351 1.47904 0.135704 0.378072 -0.822906 0.141679 1.19669 -0.649244
564 -0.570027 1.52271 0.306514 0.181514 -0.545094 0.232449 1.16359 -0.707118
713 -0.182377 1.7331 0.794909 0.780504 -0.270497 0.121559 1.2179 -0.324859
732 -0.150587 1.54186 0.64228 0.813092 -0.293468 0.351371 1.21067 -0.0847999
966 -0.0389953 1.7564 0.175567 0.547753 -0.0260722 -0.165697 1.16123 -0.459265
794 -0.00493021 1.7082 0.260167 0.567596 -0.0925678 0.0198971 1.25099 -0.548871
31 -0.2134 1.39816 0.0799763 1.1048 -0.567399 0.458738 1.18956 -0.137124
591 -0.855932 1.60699 0.368458 0.237396 -0.788242 0.236122 1.25433 -1.00168
57 -0.196536 1.53766 -0.0941861 1.12111 -0.648538 0.479055 1.26174 -0.188289
442 -0.744871 1.65051 0.430562 0.129166 -0.832299 0.254032 1.33291 -0.990303
597 -0.731142 1.5092 0.519281 0.189387 -0.643837 0.264738 1.20354 -0.881535
750 -0.127557 1.69619 0.642756 0.441577 0.0404757 0.210013 1.17199 -0.237641
696 0.0455642 1.87198 -0.000282794 0.59049 0.175902 -0.185654 1.22747 -0.53775
536 0.0634304 1.98309 -0.136493 0.607341 0.167591 -0.168079 1.16137 -0.666705
802 -0.154425 1.65656 0.0643826 0.944889 -0.323957 -0.177677 1.04622 -0.424018
949 0.0270192 1.4247 0.372128 0.46958 -0.68168 0.034101 1.31398 -0.487794
796 0.0764868 1.41155 0.371947 0.536588 -0.720417 0.0460862 1.17061 -0.514336
655 -0.323901 1.61393 0.276354 0.365656 -0.530338 0.261169 1.22274 -0.546779
785 -0.196242 1.57375 0.20155 0.400223 -0.574096 -0.0520517 1.23338 -0.554301
668 -0.357147 1.79668 0.170061 0.435675 -0.554186 -0.113146 1.2034 -0.641531
381 -0.246324 1.61236 0.0109429 0.531839 -0.496051 0.189955 1.16491 -0.475054
220 -0.302953 1.77007 0.107009 0.738177 -0.561926 0.00638842 1.20509 -0.372569
755 -0.182414 1.62735 0.229629 0.342181 -0.577725 0.0929039 1.2923 -0.65268
955 -0.27613 1.80941 0.0835669 0.466795 -0.40595 0.0720899 1.18968 -0.459387
335 -0.0325982 1.70015 0.094616 0.548868 -0.234022 -0.0544681 1.2241 -0.471818
858 -0.0321007 1.74206 0.14442 0.6305 -0.168919 -0.0666482 1.26872 -0.520075
596 -0.558051 1.45015 0.122374 0.292276 -0.732012 0.205177 1.12734 -0.668141
683 -0.281894 1.67407 0.337198 0.835786 -0.559947 -0.670491 1.43344 -0.249422
342 -0.023017 1.62531 -0.0100274 0.884578 -0.810089 -0.327395 1.45574 -0.243803
685 -0.0519649 1.60576 0.063065 0.679297 -0.760979 -0.600427 1.39466 -0.412964
164 -0.272756 1.82864 0.0893188 0.181097 -0.113426 0.332566 0.978044 -0.334274
149 -0.323545 1.9231 -0.0251758 0.23866 -0.122703 0.196795 1.00861 -0.196236
837 -0.348511 1.79897 0.147172 0.436817 -0.543388 0.114148 1.26502 -0.647199
830 -0.2352 1.60654 0.57715 0.60087 -0.279155 -0.0121847 1.14438 -0.183412
904 -0.247939 1.59859 1.13532 0.966723 -0.138805 0.353046 1.23844 -0.169762
549 -0.138268 1.50248 0.67689 0.781824 -0.285446 0.308805 1.13292 -0.218633
687 -0.130793 1.65418 0.180932 0.621686 -0.685748 -0.473835 1.34092 -0.325049
400 0.129002 1.51569 0.673907 0.497606 -0.748925 0.140317 1.43896 -0.627325
98 0.149686 1.38199 0.49267 0.503671 -0.659657 0.0986117 1.34429 -0.634596
582 0.164636 1.52235 0.629948 0.607006 -0.73202 0.044218 1.34818 -0.736135
939 -0.0591287 1.62868 0.0221288 0.967224 -0.527764 0.237548 1.30084 -0.299972
746 0.0221957 1.50236 -0.0519138 0.521042 -0.175282 0.0219352 1.02916 -0.417615
408 -0.19618 1.95946 0.0428708 0.0638093 0.00631178 0.315465 0.988178 -0.22994
366 -0.347017 2.25737 0.0118884 0.0517115 -0.0416469 0.43343 1.04597 -0.164604
893 -0.0405342 1.55551 0.288053 0.475013 -0.602689 0.0622011 1.36578 -0.548606
586 0.0878737 1.52556 0.438406 0.384564 -0.657639 0.0749602 1.2385 -0.640368
664 -0.307266 1.82386 0.0857466 0.527791 -0.667847 0.0218115 1.2498 -0.561684
487 0.117768 1.76804 0.151957 0.543247 0.135349 0.016024 1.23823 -0.505675
325 0.0731173 1.69924 -0.0626935 0.488833 0.127564 -0.0639578 0.994059 -0.509083
493 -0.212006 1.92105 -0.00769145 0.0676322 -0.238096 0.323952 1.13552 -0.296849
460 -0.497221 1.43249 0.29064 0.365547 -0.54409 0.19281 1.07429 -0.611941
871 -0.0349567 1.60684 0.321322 0.419712 -0.527319 0.122909 1.09386 -0.480445
765 0.193648 1.34715 0.300574 0.660285 -0.623887 0.162465 1.33229 -0.518336
116 0.0224539 1.39818 0.289349 0.286915 -0.539777 0.226084 1.11745 -0.422941
462 -0.161563 1.76613 -0.098674 0.660167 -0.378523 0.112384 0.960892 -0.622009
300 -0.102796 1.76662 0.11233 0.308003 -0.224058 -0.0295492 1.00342 -0.778719
504 -0.00656106 1.82535 -0.069387 0.286668 -0.265669 -0.137321 0.947002 -1.02485
789 0.103008 1.6036 0.45206 0.502606 -0.894008 0.0874784 1.51778 -0.658216
841 -0.077038 1.62783 0.501049 0.345175 -0.770503 0.145897 1.44544 -0.766969
870 -0.0565371 1.43434 0.259895 0.505535 -0.696853 0.157166 1.2464 -0.513008
580 0.10368 1.48591 0.64707 0.524951 -0.680167 0.044365 1.3533 -0.565803
47 -0.0300381 1.37502 0.0447124 0.773578 -0.665364 0.278214 1.21524 -0.205383
388 -0.0391346 1.51941 -0.0303283 0.962139 -0.561423 0.533607 1.23255 0.0110718
78 -0.0834561 1.32618 0.00303316 0.919703 -0.603377 0.433844 1.06606 -0.0836847
382 -0.0559945 1.63899 -0.0975369 1.03324 -0.571625 0.575086 1.30664 -0.114046
482 0.0229187 1.71739 0.00308442 0.558774 0.195066 -0.0832893 1.1663 -0.505067
332 0.134518 1.70163 0.00537444 0.443921 0.318476 -0.181322 1.13962 -0.487489
890 -0.0970171 1.76916 -0.114127 0.436577 0.0137055 -0.222962 1.16706 -0.752623
967 -0.423567 1.70616 0.201871 0.340394 -0.575756 0.102899 1.20513 -0.718038
450 -0.43341 1.4783 0.263581 0.220745 -0.527062 0.177743 1.14233 -0.743907
632 -0.410699 1.57878 0.324963 0.276662 -0.417221 0.0530376 1.13395 -0.73232
594 -0.82197 1.74005 0.299303 0.0301209 -0.666583 0.242217 1.24639 -0.838184
629 -0.707883 1.53043 0.251 0.226386 -0.71219 0.149511 1.14258 -0.653262
441 -0.739213 1.60421 0.264016 0.135223 -0.77165 0.102415 1.26265 -0.856902
648 -0.398702 1.43747 0.247205 0.341844 -0.464925 -0.00758571 1.0719 -0.635965
905 -0.281737 1.81439 0.854812 0.634894 -0.142289 0.191514 1.27724 -0.441327
260 -0.338245 1.87665 -0.0199334 0.130011 -0.167349 0.357338 1.06358 -0.28727
291 -0.0792396 1.83363 -0.0550083 0.321156 -0.403337 -0.0494575 1.0455 -0.889456
688 -0.0527056 1.55593 -0.0357116 0.59405 -0.682448 -0.526644 1.25161 -0.309098
690 -0.0241467 1.48231 -0.0209264 0.688745 -0.752316 -0.434808 1.31219 -0.337864
701 0.0267696 1.46822 -0.0562431 0.717563 -0.607811 -0.224474 1.14346 -0.249876
177 -0.121354 1.71608 0.162948 0.419037 -0.780658 -0.640721 1.34048 -0.51997
784 0.00922947 1.49924 0.382845 0.48182 -0.608361 0.0488223 1.32127 -0.624954
106 -0.163226 1.93417 0.124197 0.105762 -0.313546 0.373953 1.08336 -0.1711
330 0.0846409 1.75183 0.0868546 0.562009 0.200722 -0.0889624 1.04217 -0.442605
911 -0.0754236 1.78094 0.0851662 0.487589 -0.0514626 0.00962231 1.12013 -0.491204
590 -0.0874327 1.56917 0.441253 0.499648 -0.682244 0.00764206 1.33481 -0.680927
673 -0.0850842 1.67067 0.317659 0.595311 -0.69098 -0.0477868 1.33734 -0.571611
600 -0.543157 1.58023 0.27196 0.246582 -0.659811 0.0911039 1.20353 -0.791759
875 -0.00984192 1.5878 0.228467 0.622275 -0.695037 -0.558401 1.31227 -0.401009
878 -0.187742 1.5112 0.150589 0.478483 -0.547697 -0.226164 1.15567 -0.42239
874 -0.137418 1.73547 0.0511555 0.494692 -0.469775 -0.363589 1.20398 -0.409415
864 -0.0252358 1.54521 0.0223988 0.495948 -0.533603 -0.35819 1.06663 -0.376579
44 -0.0603592 1.4021 0.0210645 0.772482 -0.470098 0.358873 1.0128 -0.192073
387 -0.19814 1.47267 -0.0913648 1.25542 -0.640158 0.35183 1.15405 -0.125385
914 -0.19715 1.57675 -0.0244413 0.96857 -0.226115 -0.0741516 0.961477 -0.27881
234 -0.278739 1.77424 0.00473368 1.08091 -0.166915 -0.299546 0.916435 -0.281768
221 -0.277252 1.96309 -0.0202615 1.1645 -0.202242 -0.355264 0.970664 -0.300204
819 -0.0949261 1.71231 0.184407 0.5518 -0.0748232 -0.0949767 1.20635 -0.518172
817 -0.0245883 2.01344 0.0579667 0.636857 -0.0818714 0.0100065 1.27846 -0.512761
849 0.0120107 1.82095 0.03017 0.576343 0.0439463 -0.0502279 1.24147 -0.420173
39 -0.0907692 1.45107 0.0704747 1.17895 -0.68891 0.565396 1.27277 0.00868483
377 -0.263328 1.76154 0.126897 0.396365 -0.335132 -0.0198497 1.1574 -0.457051
258 -0.115323 1.7717 0.0194385 0.086533 -0.18825 0.218668 1.07572 -0.211739
773 -0.174265 1.96386 0.0497351 0.288678 -0.259487 0.212364 1.17305 -0.296981
563 -0.191758 2.02693 -0.0778781 0.256586 -0.186924 0.248459 1.1047 -0.193146
605 -0.366922 1.58794 0.180355 0.36278 -0.595102 0.0363265 1.20298 -0.687341
525 -0.218103 1.63477 0.191264 0.444814 -0.650482 0.0609476 1.20809 -0.639644
759 -0.281462 1.78445 0.138129 0.394822 -0.493484 0.00359953 1.24307 -0.612773
994 -0.11636 1.65495 0.21861 0.608577 -0.461167 -0.0651401 1.17908 -0.419563
584 0.0715857 1.47503 0.440174 0.54697 -0.620225 0.0104546 1.30337 -0.491223
581 0.14906 1.55753 0.594755 0.3998 -0.836157 0.013144 1.49297 -0.745574
835 0.0357376 1.3245 0.344192 0.444982 -0.690253 -0.0676394 1.20098 -0.58759
217 0.0201865 1.40967 0.544597 0.67027 -0.664847 -0.00102312 1.3792 -0.593142
975 -0.00949888 1.59824 0.39995 0.529541 -0.731739 0.0698187 1.36997 -0.592687
987 -0.111229 1.58473 0.0845865 0.323616 -0.256527 0.207354 1.00389 -0.343358
721 -0.258043 1.40257 0.784547 0.682371 -0.145776 0.120054 1.16103 -0.223816
943 -0.172514 1.61856 0.363616 0.578893 -0.27305 0.131496 1.13268 -0.29933
654 -0.166723 1.61114 0.472586 0.453218 -0.209642 0.145812 1.1246 -0.438268
791 -0.0512802 1.43945 0.390504 0.437826 -0.561266 0.0376516 1.24455 -0.537337
989 0.0332325 1.63084 0.425402 0.554248 -0.616025 -0.0230666 1.37719 -0.616646
806 -0.0643334 1.59756 0.311624 0.43638 -0.590946 0.129035 1.15632 -0.576668
924 -0.0978557 1.54941 0.429172 0.403919 -0.715302 0.0708647 1.35009 -0.740326
797 -0.0322603 1.5252 0.354562 0.55814 -0.546041 0.00233369 1.17058 -0.513075
426 -0.0915415 1.81165 -0.0506265 0.376052 -0.237925 0.0641219 1.03506 -0.935909
906 -0.105227 1.56441 0.849645 0.797232 -0.186787 0.175387 1.18254 -0.248161
880 -0.230241 1.63691 0.56514 0.705603 -0.207746 0.114556 1.1487 -0.277453
100 -0.0777558 1.5743 0.590923 0.477567 -0.455729 0.179438 1.31722 -0.461025
46 -0.0442167 1.4593 0.317667 0.696429 -0.574397 0.136884 1.2619 -0.322739
45 -0.0719241 1.43748 0.0503658 0.829205 -0.523977 0.124555 1.13503 -0.281267
27 -0.0584565 1.57137 -0.0935855 1.08802 -0.552514 0.496436 1.23162 -0.111043
392 -0.113935 1.5596 0.0443577 0.872115 -0.509618 0.356379 1.32482 -0.185495
122 -0.304926 1.52133 0.438553 0.379135 -0.498372 0.0920148 1.16376 -0.609673
459 -0.57607 1.41785 0.316785 0.211027 -0.574837 0.259852 1.16898 -0.696277
940 -0.118239 1.60224 0.125115 0.785343 -0.509037 0.276988 1.21213 -0.304588
34 -0.136434 1.69591 0.0973965 0.910909 -0.457345 0.350498 1.30048 -0.135405
808 -0.12223 1.5564 0.00556895 1.00695 -0.675721 0.42264 1.23618 -0.11363
425 -0.093157 1.75996 -0.0797353 0.306398 -0.187968 -0.00780826 1.01884 -0.692231
383 -0.170663 1.51275 -0.0360843 1.15858 -0.581885 0.306646 1.17959 -0.131102
917 -0.0828582 1.30063 -0.0389987 0.743394 -0.452695 0.267003 0.962424 -0.238814
809 -0.0525801 1.48349 0.101897 1.07231 -0.607252 0.423848 1.15797 -0.164343
862 0.101225 1.69346 0.0141957 0.572194 -0.442847 -0.476342 1.24935 -0.384142
972 -0.0956384 1.57884 0.147262 0.548418 -0.498341 -0.330722 1.28987 -0.463501
43 0.116171 1.30078 0.358052 0.463211 -0.777244 0.0906609 1.18639 -0.461013
846 -0.158471 1.67198 0.796899 0.824546 -0.11412 0.182283 1.16425 -0.243893
735 -0.170563 1.6992 0.708561 0.749041 -0.164295 0.161979 1.23678 -0.233102
908 -0.153395 1.55726 0.824322 0.779044 -0.0899293 0.109731 1.11002 -0.235677
112 0.0362628 1.32012 0.764583 0.473611 -0.576013 0.111639 1.37815 -0.495557
717 -0.153862 1.53876 0.682935 0.765581 -0.107388 0.130948 1.11838 -0.185357
712 -0.27408 1.59564 0.825429 0.743451 -0.0369675 0.259518 1.21361 -0.263405
718 -0.252309 1.53192 0.744402 0.757188 -0.194768 0.123953 1.21602 -0.327461
64 -0.228967 1.49687 0.0381593 0.538995 -0.662967 0.146833 1.04761 -0.418397
598 -0.45756 1.51506 0.162436 0.129101 -0.506645 0.105117 1.13165 -0.817662
528 -0.0577589 1.61438 0.070908 0.562158 -0.105632 -0.115801 0.982273 -0.47271
800 -0.16054 1.73172 0.00500916 0.847692 -0.168237 -0.138721 0.98376 -0.264307
245 -0.25939 1.74961 0.124287 0.73098 -0.314327 -0.0648744 1.12906 -0.389364
956 -0.185748 1.78643 0.119285 0.797161 -0.300471 -0.168606 1.11884 -0.355825
231 -0.219179 1.65149 0.0549872 0.842226 -0.279298 -0.209463 1.02932 -0.360708
881 -0.173224 1.71911 0.123311 1.0293 -0.240415 -0.154365 1.03177 -0.255628
834 -0.0431035 1.52346 0.372622 0.475669 -0.73795 0.0123789 1.37487 -0.673342
556 -0.00695772 1.61244 0.0967284 0.578896 -0.269363 -0.168569 1.18021 -0.401541
585 -0.0321209 1.57339 0.244548 0.690351 -0.713911 -0.382531 1.30557 -0.380229
352 0.014342 1.42681 0.323044 0.658496 -0.523236 -0.317682 1.12101 -0.243824
351 -0.0222204 1.48285 -0.00218776 0.549245 -0.68211 -0.464365 1.28527 -0.454819
205 0.0162413 1.51198 0.0504577 0.493971 -0.660937 -0.422922 1.24385 -0.382044
679 -0.21854 1.78151 0.226825 0.40742 -0.424678 0.0498261 1.19384 -0.475328
762 -0.350354 1.57636 0.12401 0.728088 -0.25474 -0.166623 0.970031 -0.344976
216 -0.252692 1.93512 -0.0370356 1.23286 -0.0772179 -0.436757 1.08155 -0.369136
836 0.0258017 1.37069 0.374807 0.491632 -0.698826 0.0356279 1.26776 -0.549502
192 0.0369279 1.60958 0.308591 0.509649 -0.637753 -0.174151 1.22083 -0.479625
109 0.0384918 1.52632 0.357837 0.492491 -0.626593 0.0882312 1.27197 -0.506709
764 -0.416815 1.36376 0.178571 0.297234 -0.553689 -0.061535 1.09366 -0.614089
739 -0.26761 2.04395 0.025914 0.190727 -0.238866 0.331447 1.11579 -0.151778
633 -0.608857 1.50688 0.387469 0.0624217 -0.587938 0.0579925 1.14086 -0.758228
628 -0.698703 1.71252 0.436803 0.0978802 -0.513799 0.225959 1.20208 -0.955328
730 -0.272799 1.5675 1.14253 0.883447 -0.211904 0.34683 1.33802 -0.13952
519 -0.39915 1.7461 0.254154 0.51558 -0.672243 0.035677 1.23435 -0.69333
360 -0.0423517 1.56101 0.075003 0.59826 -0.434509 -0.285715 1.11312 -0.39011
583 0.0878285 1.39427 0.505465 0.541695 -0.766568 -0.118856 1.34279 -0.617648
96 0.013712 1.51552 0.627284 0.596463 -0.628422 0.0566073 1.36768 -0.598783
326 0.0902376 1.717 -0.0972966 0.745224 0.0297211 0.10413 1.09654 -0.322638
174 -0.200217 1.75087 0.968297 1.09637 -0.208667 0.255858 1.36403 -0.0476028
637 -0.365047 1.80673 1.28279 0.889989 -0.117576 0.183884 1.29598 -0.240543
720 -0.430868 1.53801 0.388888 0.253199 -0.35094 0.143186 1.12023 -0.581023
937 -0.155445 1.51646 0.536209 0.59907 -0.271246 0.0753551 1.16538 -0.307818
108 -0.000702722 1.57167 0.640059 0.583899 -0.464101 0.0547465 1.323 -0.439705
188 -0.0846665 1.73956 -0.0122675 0.331957 -0.388235 -0.345049 1.20762 -0.221581
689 -0.0742 1.46419 0.0603965 0.570331 -0.640054 -0.437246 1.27484 -0.334661
589 0.0515499 1.43753 0.33645 0.435376 -0.518782 0.0506674 1.24588 -0.525791
976 -0.0391339 1.88978 0.13002 0.588691 0.0654939 -0.0178563 1.15052 -0.466107
979 -0.146893 1.53442 -0.0274776 0.701568 -0.533072 0.180966 1.15232 -0.38934
494 -0.045641 1.66818 0.109655 0.509284 -0.357724 0.141293 1.17807 -0.562563
283 -0.0866645 1.91366 -0.0612765 0.347256 -0.0693949 -0.109145 1.01737 -1.15306
922 -0.193888 1.73059 0.0552283 0.278094 -0.305721 -0.0264067 1.03314 -0.802029
650 -0.102996 1.58223 0.125465 0.625961 -0.0787623 -0.0515068 1.02068 -0.418069
624 -0.112866 1.34804 0.104395 0.808095 -0.460823 0.347382 1.06636 -0.17107
951 -0.103478 1.7446 0.0928193 0.379724 -0.210794 -0.0507129 1.00756 -0.773163
607 -0.460415 1.63161 0.217213 0.471753 -0.455775 0.0804568 1.04742 -0.532009
787 0.0511383 1.54741 0.284267 0.441006 -0.646427 -0.144803 1.2331 -0.461987
420 0.053643 1.73729 0.306582 0.552247 -0.609671 0.0660955 1.31578 -0.760511
932 -0.258036 1.64933 0.154686 0.747113 -0.258965 -0.0913349 1.02576 -0.305194
299 -0.0938151 1.71533 0.00928268 0.445189 -0.21547 -0.0252216 1.05605 -0.678538
166 -0.196818 1.84107 0.187236 0.177811 -0.268364 0.227067 1.11465 -0.331417
725 -0.117045 1.57609 0.436809 0.562255 -0.585261 0.0667802 1.26865 -0.574937
286 0.0356841 2.01567 -0.192859 0.306498 -0.0633526 -0.200967 0.936404 -1.12627
428 -0.04875 1.86041 0.00788449 0.471368 -0.126288 -0.0639165 1.06692 -0.917223
472 0.0251714 1.82336 0.0448541 0.60024 0.325144 -0.203087 1.10237 -0.671784
111 -0.124539 1.61534 0.15963 0.438991 -0.529065 0.0779461 1.09215 -0.614374
492 -0.250163 1.81941 0.147289 0.359927 -0.381917 0.129796 1.18142 -0.46076
523 -0.420732 1.73244 0.196766 0.51018 -0.509374 -0.0628189 1.21318 -0.612772
973 -0.232098 1.78587 0.0377387 0.530746 -0.374921 -0.0296916 1.12223 -0.540057
237 -0.107908 1.63211 0.0120689 1.07478 -0.38038 0.0278012 1.11715 -0.229009
915 -0.146256 1.77226 -0.00896612 0.897458 -0.266939 -0.124398 1.02547 -0.35886
801 -0.234382 1.67033 0.0401722 0.755981 -0.326006 -0.169139 0.972025 -0.401437
958 -0.0364253 1.50515 0.427593 0.511029 -0.498962 -0.0611611 1.24763 -0.422245
543 -0.176576 1.63525 -0.0279586 0.555631 -0.489703 0.340403 1.15507 -0.236248
337 -0.00526822 1.59999 0.124665 0.506469 -0.0647287 0.0756201 1.09859 -0.429979
578 0.420731 1.50053 0.889315 0.536798 -0.994331 0.0337698 1.774 -0.905797
123 -0.0556791 1.44702 0.285567 0.445592 -0.540679 0.0787455 1.23645 -0.545782
723 -0.186838 1.4809 0.570373 0.546184 -0.0991088 0.183029 1.13939 -0.214414
827 -0.290112 1.68972 0.853344 0.706756 0.0890001 0.104646 1.34028 -0.282502
204 -0.0353533 1.64326 0.0991176 0.64703 -0.544883 -0.302026 1.17235 -0.388532
803 -0.277745 1.70944 0.216033 0.800138 -0.339633 -0.197143 1.15646 -0.412432
162 -0.316742 1.78338 0.0740842 0.233117 -0.0705197 0.222618 0.959845 -0.197818
259 -0.226818 1.82125 0.0214962 0.184305 -0.154168 0.264864 1.11499 -0.223713
263 -0.202768 1.55715 0.098478 0.437572 -0.401307 0.0360119 1.08953 -0.446073
737 -0.24539 1.591 0.614055 0.662734 -0.192608 0.150067 1.1455 -0.261952
358 -0.162704 1.612 0.177398 0.513807 -0.48155 -0.228652 1.09499 -0.516631
571 0.021105 2.05846 -0.187814 0.339849 -0.306664 0.0484785 0.965739 -0.852243
882 -0.0708909 1.71326 -0.00456413 0.503165 -0.0026916 -0.0569682 1.02886 -0.49126
639 -0.165557 1.65426 0.0107608 0.853117 -0.34045 -0.357604 0.898688 -0.342702
766 -0.269618 1.56212 0.0676163 0.770204 -0.353464 -0.373468 0.970178 -0.237374
770 -0.219331 1.80328 0.131285 0.82385 -0.344752 -0.0763547 1.10901 -0.359536
763 -0.481326 1.45703 0.223538 0.38311 -0.560606 0.205312 1.12129 -0.488028
669 -0.37792 1.52521 0.173778 0.329423 -0.686897 -0.019004 1.12169 -0.701105
840 -0.243217 1.65377 0.171188 0.550174 -0.452044 -0.111957 1.17505 -0.477808
670 -0.268144 1.80778 0.0943563 0.39301 -0.570627 -0.0365505 1.18695 -0.611233
369 -0.389726 1.68599 0.116356 0.313121 -0.58705 0.0296375 1.01264 -0.551699
165 -0.243086 2.14402 0.000760134 0.1595 -0.0788431 0.388178 1.01942 -0.242872
560 -0.262728 2.21573 -0.0861632 0.0260133 -0.0793295 0.256164 1.16389 -0.330014
527 -0.273976 1.89623 0.21341 0.561415 -0.5069 0.0609077 1.27778 -0.568686
445 -0.566285 1.43211 0.266839 0.268434 -0.547405 0.321907 1.15307 -0.681876
793 -0.12285 1.44569 0.109855 0.805367 -0.361954 -0.110327 0.958089 -0.240803
844 -0.0776185 1.57111 0.361181 0.554642 -0.598285 0.0962929 1.33307 -0.70868
887 0.00726539 1.87837 -0.0594407 0.440716 -0.243374 -0.0440402 1.0391 -0.993819
424 0.0300174 1.63989 0.0777486 0.467453 -0.274437 -0.0712537 1.09901 -0.730022
416 -0.0142311 1.83561 -0.162532 0.300558 -0.215097 0.00432201 0.981173 -0.784025
290 0.0219475 1.87855 0.00211773 0.480799 -0.251934 -0.173118 1.01751 -0.962189
35 0.0430198 1.2617 -0.0188009 0.969528 -0.604071 0.413167 1.22202 -0.208126
863 -0.0304969 1.79729 0.0468938 0.636989 -0.508224 -0.275618 1.24311 -0.418528
137 -0.250443 2.25144 -0.0172868 0.17403 -0.127134 0.622828 1.18367 0.0202664
828 -0.234876 1.72452 0.786563 0.704011 -0.0126372 0.0937433 1.15477 -0.407938
743 -0.154882 1.65926 0.0124592 0.240486 -0.136938 0.24712 1.00389 -0.350268
146 -0.279545 2.00358 -0.0529747 0.0735337 -0.149325 0.574363 1.09184 -0.149295
405 -0.138345 1.77804 0.170657 0.593085 -0.526121 -0.251781 1.22124 -0.362535
187 -0.0513117 1.60226 0.0745826 0.633754 -0.590208 -0.515079 1.3231 -0.452029
277 0.0627591 2.10993 -0.220474 0.341783 -0.159004 -0.194214 1.1238 -1.36659
229 -0.239367 1.72077 0.128048 1.01285 -0.224645 -0.271038 0.921365 -0.267904
77 -0.110766 1.3971 -0.0181857 0.894269 -0.575346 0.335312 1.09099 -0.137957
150 -0.226775 1.75199 -0.125991 0.336514 -0.201764 0.629593 0.999146 0.0077878
616 -0.0291305 1.50257 0.0337763 0.629953 -0.337842 -0.0306124 1.16489 -0.319062
776 -0.168042 1.68665 0.109625 0.452386 -0.236849 -0.0997567 1.16582 -0.528523
473 0.0523044 1.90877 0.0391989 0.704846 0.203914 -0.0277601 1.17836 -0.641839
414 -0.102653 2.01175 -0.160849 0.228568 -0.236281 -0.10696 1.09244 -0.995182
978 -0.0928256 1.82072 0.07107 0.431321 -0.333347 -0.115671 1.19159 -0.72662
888 -0.1727 1.89392 0.000271154 0.41886 -0.218475 -0.118127 1.12174 -0.732106
429 -0.0610323 1.80075 -0.096753 0.330143 -0.317159 -0.180818 1.13089 -0.811247
246 -0.394064 1.71879 0.124085 0.880676 -0.24476 -0.264483 0.94317 -0.466459
645 -0.134295 1.71743 0.0544469 0.839 -0.156354 -0.128651 1.06297 -0.464817
105 0.139097 1.26329 0.482013 0.607292 -0.751534 0.198472 1.35958 -0.535245
115 0.0246224 1.32554 0.530796 0.381782 -0.555795 0.122083 1.23233 -0.500139
48 -0.168399 1.37318 -0.0722703 0.845052 -0.510971 0.265489 1.11556 -0.157488
397 0.00842218 1.50156 0.419175 0.191723 -0.600641 0.13752 1.21439 -0.570583
422 -0.0986114 1.8578 -0.0191385 0.392455 -0.193279 0.0159654 1.06637 -0.898819
783 0.0619465 1.45428 0.685677 0.458577 -0.704307 0.164797 1.33415 -0.570473
788 0.0184556 1.3815 0.373187 0.44317 -0.599427 0.0723406 1.08766 -0.531249
857 0.101128 1.50633 0.438359 0.445922 -0.634392 0.061203 1.39814 -0.647757
899 -0.0245776 1.65566 0.181344 0.555924 -0.169987 -0.0254186 1.21874 -0.505095
842 0.0201287 1.35126 0.28764 0.651028 -0.577035 0.0434013 1.18826 -0.543495
722 -0.231748 1.53894 0.727784 0.679425 -0.0933469 0.130011 1.14164 -0.299565
419 -0.0843083 1.8372 0.0438574 0.336328 -0.238037 -0.0553129 1.0995 -0.949194
288 -0.0889191 1.85705 -0.0824828 0.410059 -0.298853 -0.15734 1.07367 -0.876044
499 -0.033125 1.69631 -0.0398107 0.358373 -0.290286 -0.249487 1.01374 -0.914066
892 -0.30765 1.43492 0.156224 0.222995 -0.35089 0.146248 0.991173 -0.446257
942 -0.0995287 1.66015 0.719799 0.768632 -0.0512082 0.00544404 1.15588 -0.303482
458 -0.35619 1.3406 0.416276 0.153707 -0.572572 0.162708 1.06558 -0.786607
653 -0.457372 1.56097 0.319468 0.296173 -0.591891 0.199564 1.09864 -0.735887
954 -0.126552 1.62577 -0.00969709 0.844663 -0.607718 0.2416 1.3155 -0.278305
391 -0.143738 1.45722 -0.0597681 1.09985 -0.713528 0.605511 1.25218 -0.0353986
963 -0.179335 1.68393 0.183288 0.484836 -0.589074 -0.0446575 1.17426 -0.515769
60 -0.0106893 1.49358 -0.102453 1.04991 -0.613641 0.397931 1.27894 -0.200054
761 -0.322701 1.55806 0.165903 0.285055 -0.480911 0.0380375 1.05985 -0.709838
999 -0.0615175 1.82511 0.202792 0.68236 -0.253984 0.0220323 1.29203 -0.527084
200 -0.154026 1.47971 0.00904955 0.416999 -0.458402 -0.307844 1.0135 -0.327372
463 -0.13409 1.36005 0.00669945 0.828905 -0.607958 0.325198 1.11117 -0.298943
526 -0.27487 1.64133 0.169751 0.198451 -0.547812 0.0845618 1.04907 -0.513312
333 0.074886 1.81801 -0.00111784 0.614181 0.2826 -0.095373 1.11312 -0.512618
453 -0.60547 1.5251 0.340667 0.157054 -0.532285 0.101564 1.14686 -0.726527
772 -0.0972661 1.621 0.307783 0.371148 -0.562908 0.029565 1.2943 -0.564162
843 -0.085349 1.5337 0.34344 0.440411 -0.697215 0.0642763 1.33806 -0.509772
33 -0.158112 1.55485 0.459348 0.881105 -0.294516 0.216344 1.28094 -0.199498
418 0.0185218 1.90995 -0.0637492 0.402608 -0.248205 -0.00561038 1.01456 -0.832562
483 -0.10537 1.70962 -0.0602395 0.380854 0.146131 0.114388 1.0437 -0.334104
23 -0.0586669 1.56031 -0.124951 1.30971 -0.861978 0.459169 1.34101 -0.150209
920 -0.194729 1.29647 0.0172684 0.901677 -0.700517 0.379274 1.08915 -0.167363
775 0.0280368 1.85861 0.128541 0.554848 0.256985 -0.0138366 1.28534 -0.405644
889 -0.0691723 1.85534 0.103393 0.508416 -0.0760343 -0.0184531 1.04099 -0.70899
824 0.0740437 1.6513 -0.0376373 0.39408 0.118506 -0.0508813 0.966473 -0.477736
812 -0.217121 1.74271 0.205285 0.864049 -0.186669 -0.131312 1.06742 -0.1604
113 -0.0751102 1.41078 0.274609 0.589257 -0.625717 0.00342647 1.22877 -0.448312
724 -0.131861 1.61579 0.479819 0.576101 -0.233749 0.0768252 1.17619 -0.481451
547 -0.199786 1.61458 0.745818 0.755858 -0.213515 0.188272 1.18076 -0.180272
503 -0.116689 1.79485 0.00835963 0.388715 -0.24057 -0.133569 1.0702 -0.910653
203 -0.112563 1.54005 0.0979726 0.369866 -0.392269 -0.0755252 1.11367 -0.333463
199 -0.0483274 1.56926 0.0624057 0.527993 -0.534069 -0.457042 1.18662 -0.398443
771 -0.24277 1.67416 0.0526762 0.909716 -0.271428 -0.275418 0.946741 -0.32188
324 -0.0138421 1.75728 0.0401303 0.405019 0.121215 -0.0639038 1.07814 -0.490161
478 0.0811531 1.79164 0.158223 0.644338 0.0142115 0.0364474 1.26068 -0.599148
807 -0.024498 1.56097 0.210909 0.543102 -0.517144 -0.0441662 1.24824 -0.470639
959 -0.179209 1.7032 0.575023 0.5868 -0.254557 0.168098 1.25669 -0.429168
359 -0.0531895 1.49151 0.195055 0.614753 -0.700097 -0.169612 1.25269 -0.368036
779 -0.0523595 1.66915 0.146745 0.591356 -0.35031 -0.265223 1.24395 -0.438354
704 -0.0635857 1.52297 0.197642 0.694149 -0.614077 -0.389335 1.2606 -0.316529
476 0.012982 1.86114 -0.111459 0.413382 0.106748 -0.045712 1.21018 -0.425599
804 -0.192969 1.7673 0.0995768 0.694751 -0.150208 -0.121305 1.09932 -0.410282
977 -0.0644364 1.93899 0.12242 0.668033 -0.136057 -0.0732862 1.28753 -0.462616
729 -0.306743 1.71728 1.13556 0.910936 -0.0198884 0.219498 1.22643 -0.168475
927 0.0201231 1.84283 -0.0773899 0.372889 -0.199156 -0.119366 0.856211 -0.99569
897 -0.0777032 1.96098 -0.194481 0.454168 -0.12803 -0.0522094 1.04409 -1.01003
866 -0.17082 1.67494 0.215572 0.903539 -0.239126 -0.117589 1.0817 -0.289502
672 -0.224138 1.56045 0.228121 0.301854 -0.5216 0.106688 1.03085 -0.519594
41 -0.0767423 1.43285 -0.00548944 0.775817 -0.589982 0.307527 1.20334 -0.213267
296 -0.0705686 1.78555 0.0800505 0.376275 -0.217801 -0.0745373 0.959633 -0.903151
703 -0.0920553 1.57466 0.0668876 0.579098 -0.498781 -0.253988 1.26072 -0.407639
997 -0.355375 1.94684 0.216584 0.538658 -0.56135 -0.0107281 1.31835 -0.547567
813 -0.290549 1.81266 0.197395 0.914529 -0.216379 -0.132389 1.08787 -0.302664
960 -0.107583 1.58701 0.52679 0.668856 -0.0722299 0.0889633 1.16254 -0.34381
268 -0.118808 1.73842 0.0360992 0.166479 -0.100272 0.163497 0.980156 -0.359202
558 -0.00359487 1.66996 -0.0259013 0.521039 -0.158393 -0.0500106 0.91872 -0.51243
375 -0.133866 1.84036 0.133716 0.280591 -0.262701 0.214875 1.16379 -0.333316
991 -0.165351 1.73936 0.133699 0.491089 -0.149121 0.137944 1.16872 -0.360145
902 -0.178938 1.68846 0.175404 0.898177 -0.29487 -0.0867692 1.12323 -0.234976
861 -0.0844419 1.44866 0.0547664 0.406979 -0.491352 -0.274783 1.04276 -0.357467
196 -0.0863843 1.4442 0.0348974 0.565077 -0.559427 -0.393018 1.07896 -0.389963
935 -0.118991 1.74215 0.173989 0.448058 -0.229339 0.0031839 1.20252 -0.483421
160 -0.296071 1.93584 -0.0294069 0.0678879 -0.124657 0.384966 1.00685 -0.257972
67 -0.18179 1.70408 -0.102846 0.179658 -0.173352 0.391321 1.0322 -0.141643
163 -0.164143 1.78444 0.0124213 0.111052 -0.211887 0.41669 1.05311 -0.193971
508 -0.302259 1.63998 0.139472 0.323367 -0.470024 0.123533 1.11794 -0.590565
891 -0.339185 1.64677 0.211095 0.365779 -0.564415 0.132179 1.19458 -0.653874
606 -0.516892 1.3536 0.185933 0.232517 -0.683412 -0.0219069 1.06712 -0.638718
423 -0.141309 1.78013 -0.0213273 0.26523 -0.349103 0.0256417 1.12301 -0.917039
522 -0.485235 1.7167 0.256511 0.386385 -0.608938 0.0507856 1.12109 -0.761902
357 -0.0595432 1.41891 -0.0314821 0.389262 -0.530405 -0.327335 1.06339 -0.314959
884 -0.110329 1.87923 0.058518 0.518457 -0.189151 -0.0220795 1.18093 -0.596431
838 -0.203143 1.68069 0.121654 0.546274 -0.529669 -0.0139148 1.10797 -0.536844
238 -0.241497 1.7279 -0.0210206 0.742645 -0.145238 -0.290031 0.859463 -0.188523
202 -0.0765914 1.52604 0.153281 0.646139 -0.572289 -0.118302 1.16633 -0.365075
502 -0.111963 1.69868 0.18202 0.363442 -0.262249 0.0144435 1.02448 -0.69314
413 0.0440974 1.93677 -0.0193174 0.231352 -0.222849 -0.0427482 0.988673 -1.17377
431 -0.103958 1.62049 0.00859968 0.392309 -0.356712 -0.253795 1.07452 -0.660958
466 -0.158052 1.35775 0.0702465 0.87044 -0.553033 0.326646 1.18878 -0.181229
820 -0.175512 1.81337 0.083571 0.376644 -0.239546 0.268045 1.05837 -0.323016
456 -0.411777 1.45596 0.213947 0.141728 -0.363374 0.132105 1.08663 -0.688581
167 -0.237653 1.6409 0.324652 0.352452 -0.0654085 0.299951 1.03488 -0.210399
936 -0.121295 1.42685 0.707668 0.722188 -0.270524 0.200462 1.09523 -0.285438
714 -0.241842 1.75022 0.989215 0.826183 -0.0712077 0.246244 1.30807 -0.269179
646 -0.138091 1.53829 0.152565 0.736867 -0.353207 -0.229568 1.01386 -0.320553
242 -0.166675 1.62552 0.0900826 0.834891 -0.332883 -0.16171 1.06129 -0.268818
454 -0.629142 1.32821 0.315174 0.212151 -0.642365 0.0899617 1.04153 -0.612016
371 -0.362461 1.99343 -0.00227598 0.233629 -0.110043 0.289055 1.05041 -0.260947
738 0.0300757 1.63067 0.298272 0.599619 0.18431 0.0516338 1.06853 -0.397723
851 -0.25595 1.71036 0.143532 0.606304 -0.443007 -0.170126 1.24267 -0.474419
929 -0.0535914 1.48653 0.116589 0.585993 -0.486439 -0.0620426 1.14061 -0.381032
301 -0.0815453 1.71348 0.0845305 0.322339 -0.295808 -0.0404063 1.05448 -0.776717
913 -0.275781 1.69861 -0.0821696 0.965622 -0.313271 -0.0734717 1.07519 -0.315426
384 -0.0896019 1.43304 -0.0320646 0.956717 -0.425185 0.347339 1.1552 -0.193576
557 0.00830509 1.5331 0.0267807 0.558014 -0.0418744 0.0167404 0.99133 -0.413724
855 -0.160658 1.40218 0.197673 0.797745 -0.442127 0.294126 1.10376 -0.138164
754 -0.28814 1.93551 0.120903 0.437752 -0.575831 0.115008 1.26488 -0.657921
531 -0.309985 1.57431 0.157523 0.46372 -0.515252 0.120915 1.12558 -0.520166
903 -0.167014 1.41679 0.171272 0.591908 -0.346687 -0.0628965 0.984137 -0.335011
894 0.0089153 1.49634 0.275106 0.499941 -0.525759 0.0544114 1.20953 -0.606422
293 0.0110799 1.79072 -0.114714 0.444311 -0.0932008 -0.127261 0.835942 -0.867942
799 -0.218316 1.68286 0.205248 0.854998 -0.423602 -0.179875 0.985315 -0.321624
376 -0.219974 1.88904 0.0127418 0.350502 -0.126882 0.143525 0.938491 -0.239016
193 -0.0910726 1.67458 0.13581 0.633824 -0.371911 -0.3666 1.20989 -0.381376
693 -0.00390312 1.49006 0.0209439 0.563006 -0.692996 -0.603542 1.28118 -0.431419
114 0.081885 1.40354 0.332347 0.550838 -0.598072 0.0959587 1.30193 -0.537676
538 -0.191178 1.49727 0.00324791 1.09431 -0.621701 0.60567 1.30967 -0.0913826
744 -0.204617 1.64372 0.0590167 0.189255 -0.208091 0.277106 0.985265 -0.323253
99 -0.0525652 1.75781 0.290189 0.453727 -0.557873 0.0568538 1.33247 -0.772015
674 -0.149263 1.72119 0.150832 0.521767 -0.280623 -0.117047 1.15619 -0.596563
992 -0.285837 1.80837 0.388862 0.553888 -0.409747 0.093052 1.22835 -0.500769
642 -0.236403 1.78573 0.123068 1.04744 -0.196623 -0.153725 0.956014 -0.318223
745 -0.0379391 1.70584 -0.0705357 0.458897 0.0853992 -0.218826 1.18615 -0.655038
848 -0.0394098 1.74388 -0.0189104 0.651786 -0.143144 -0.0220382 1.19516 -0.459756
550 -0.0814216 1.59356 0.0643029 0.84359 -0.555508 0.332159 1.16531 -0.351679
901 -0.26465 1.68933 0.130128 0.824065 -0.254448 -0.103248 1.05482 -0.282427
331 0.0502055 1.76075 0.0167665 0.611175 0.105453 -0.0584085 1.13332 -0.484678
206 -0.0197664 1.52751 0.043857 0.538969 -0.47831 -0.359474 1.09583 -0.28322
676 -0.179113 1.61928 0.158427 0.478427 -0.511555 0.0318912 1.12536 -0.499823
900 -0.206613 1.71471 0.192341 0.909837 -0.35016 -0.193717 1.05777 -0.301218
406 -0.262074 1.99497 -0.0896409 0.107834 0.0385789 0.33706 1.01264 -0.296433
568 -0.166272 1.57192 0.125654 0.278204 -0.28369 0.200592 1.00065 -0.323067
240 -0.215944 1.42009 0.245041 0.785866 -0.147185 -0.0626603 0.920544 -0.21314
877 -0.176842 1.55899 0.0971928 0.78698 -0.410323 -0.332071 1.09346 -0.306508
574 -0.142873 1.70605 0.0184345 0.2732 -0.266611 -0.110891 0.980105 -0.74612
983 -0.0473092 1.62475 0.109613 0.72101 -0.613231 -0.319498 1.21471 -0.438581
110 0.0244262 1.45861 0.309367 0.399243 -0.579109 0.0159635 1.22037 -0.613605
417 0.0596301 1.90802 -0.101313 0.296 -0.323819 -0.0239033 1.00059 -0.986194
822 0.00107928 1.46656 0.313323 0.478482 -0.418026 0.0299433 1.17306 -0.489472
931 -0.018825 1.60986 0.325368 0.525566 -0.636066 0.0798639 1.27496 -0.593377
449 -0.474123 1.44237 0.242781 0.327106 -0.67471 0.156103 1.15259 -0.653854
530 -0.244603 1.67201 0.264711 0.48659 -0.448569 0.00656891 1.11492 -0.650626
152 -0.230866 2.02967 -0.0767564 -0.00951692 -0.128266 0.496682 1.04418 -0.126807
190 -0.112213 1.46262 0.0492724 0.662518 -0.777221 -0.596109 1.20146 -0.30859
511 -0.199614 1.46292 0.061949 0.387875 -0.386599 -0.00709441 0.982161 -0.558427
