1000 4
715 -1.45332 -1.37504 -0.68125 0.743195
705 -2.1429 -1.59615 -0.651371 1.08041
83 -1.86241 -1.04744 -1.39504 1.72926
784 -1.59409 -1.06447 -1.02407 1.13134
99 -1.84936 -1.0472 -1.16221 1.10824
686 -1.65865 -0.996778 -1.15154 0.954827
578 -2.03414 -0.979611 -1.36472 1.55084
400 -1.57028 -1.02592 -1.40883 1.1199
581 -1.74138 -1.24437 -1.20231 1.00224
979 -1.59904 -1.36493 -0.737377 0.724465
494 -1.66592 -1.28198 -0.699879 0.684219
290 -2.26692 -1.41783 -0.517238 0.72385
428 -1.98178 -1.62253 -0.550002 0.635523
418 -2.10621 -1.44933 -0.524646 0.605912
953 -1.71048 -1.50041 -0.449169 0.638835
415 -1.80443 -1.43983 -0.421848 0.941754
9 -1.25282 -1.71569 -1.11285 1.97867
6 -1.36821 -1.66105 -1.23566 1.78636
576 -1.46632 -1.03042 -0.881583 0.774381
85 -1.72952 -1.1254 -0.990957 1.47084
5 -1.43309 -1.74215 -1.3147 1.99574
14 -1.37374 -1.32314 -1.1084 1.61605
544 -0.999172 -1.37281 -0.99175 1.23299
31 -0.999746 -1.52976 -1.00612 1.31429
591 -1.11962 -2.12911 -0.986634 0.986624
179 -1.06026 -2.06336 -0.818892 0.797519
275 -1.76844 -2.32006 -0.506813 0.543021
569 -1.23006 -1.793 -0.842823 0.376002
931 -1.67462 -1.20163 -1.11287 0.776805
420 -1.62306 -1.11292 -1.01352 0.829803
792 -1.39161 -1.0581 -1.18287 0.884359
136 -1.63716 -1.09183 -1.579 1.40987
807 -1.56677 -0.931935 -1.17026 0.673738
186 -1.84082 -1.14109 -1.28485 0.467088
126 -2.55835 -1.1174 -1.40195 0.372822
184 -2.11796 -0.929854 -1.20297 0.564283
178 -2.13592 -0.830227 -1.23461 0.813764
682 -2.19724 -1.07587 -1.2417 0.558844
387 -1.08424 -1.21076 -1.31528 1.46189
914 -1.53435 -0.82652 -1.6128 0.703196
747 -1.51656 -1.18221 -2.04092 0.493239
800 -1.41774 -0.981473 -1.67541 0.582963
537 -1.00542 -1.73633 -1.70409 0.801675
368 -1.14141 -1.6366 -1.14406 0.681245
398 -1.15636 -1.73972 -1.53149 0.540299
733 -1.45244 -1.22244 -0.863541 0.569665
135 -1.10523 -2.18035 -2.0207 0.449131
698 -2.02421 -1.02198 -1.13371 0.706743
909 -2.41361 -1.06003 -1.28395 0.771974
721 -1.60959 -1.06948 -0.712359 0.566323
652 -1.48182 -1.56229 -0.609809 0.75263
826 -1.51356 -1.57775 -1.03566 0.519407
630 -1.50706 -1.50639 -0.822382 0.787348
736 -1.71022 -1.31949 -0.698113 0.670292
651 -1.81902 -1.42652 -0.695606 0.83298
410 -2.62683 -1.80682 -0.27898 1.19295
278 -2.27877 -1.60501 -0.36069 0.654138
497 -2.18157 -1.44464 -0.43638 0.48057
571 -2.25691 -1.48986 -0.412605 0.738277
272 -2.56008 -1.53735 -0.667551 0.672433
318 -2.14709 -1.75701 -0.454163 0.538315
769 -1.49928 -1.03003 -1.71069 0.52361
170 -2.21589 -1.05863 -2.17946 0.64196
617 -1.77006 -0.899482 -1.53233 0.753742
903 -1.52058 -0.884825 -1.4508 0.511552
88 -2.07641 -1.049 -2.26906 0.865121
215 -1.9223 -0.982571 -2.10309 0.63401
964 -1.72682 -1.04848 -1.69798 0.600458
224 -2.02656 -0.876166 -1.60373 0.427303
505 -1.78419 -1.00247 -1.30339 0.567692
230 -1.59218 -0.906102 -1.89111 0.763076
371 -0.904353 -1.685 -1.50047 0.619794
495 -1.03877 -1.46537 -1.18776 0.48879
493 -0.961049 -1.85078 -1.37335 0.487293
250 -1.00836 -2.14831 -1.30159 0.404793
130 -1.166 -2.25039 -1.90261 0.532651
491 -0.990134 -1.86542 -1.02034 0.737261
434 -1.12324 -2.44079 -0.851457 1.18136
134 -1.16709 -2.42066 -1.08936 0.908912
606 -0.947813 -1.61598 -0.808936 0.6609
946 -1.50734 -1.54004 -0.860322 0.560684
479 -1.50829 -1.53906 -0.768231 0.326365
552 -1.53176 -2.2888 -0.683841 0.383982
212 -1.62024 -2.17159 -0.800533 0.207325
313 -1.62353 -2.10797 -0.748578 0.335273
528 -1.32081 -1.67888 -0.728127 0.313306
50 -1.31218 -1.84287 -1.54773 0.615768
521 -1.04715 -1.95963 -1.47837 0.58851
133 -1.11412 -2.27001 -1.84333 0.683837
525 -1.17502 -1.41065 -1.18317 0.764719
520 -1.41103 -1.62511 -1.40704 0.589083
527 -1.42088 -1.50085 -1.34237 0.66579
671 -1.5476 -1.5281 -1.30357 0.550403
986 -1.3868 -1.76738 -0.89987 0.727662
627 -1.36601 -1.82848 -1.03063 0.546931
436 -1.17066 -2.3758 -1.00141 1.02717
222 -1.46627 -2.16793 -0.606379 0.413022
831 -1.53983 -1.92259 -0.682906 0.345658
985 -2.23893 -1.39842 -0.872092 0.563652
183 -2.22362 -1.03696 -1.06599 0.518152
680 -2.31038 -0.973971 -1.39136 0.636498
173 -2.20485 -0.871345 -1.16358 0.622383
438 -1.89844 -1.19272 -1.05395 0.527594
685 -1.91068 -0.976018 -1.18328 0.61901
556 -1.65291 -1.21712 -1.00667 0.526697
692 -1.93557 -0.878474 -1.27313 0.406087
640 -1.79172 -0.996571 -1.95302 0.492273
109 -1.46227 -1.23641 -1.22811 0.990207
81 -1.04942 -2.14542 -2.11963 0.561304
399 -1.01311 -1.78786 -1.44521 0.411954
892 -0.898216 -1.55983 -0.945581 0.784384
723 -1.45966 -1.27817 -0.846283 0.583281
708 -1.98663 -1.41364 -0.755303 0.806413
374 -1.0166 -1.51923 -1.05737 0.605317
132 -1.22727 -2.0572 -2.01098 0.332474
144 -1.05404 -1.93704 -1.45393 0.33855
470 -1.58643 -2.34375 -0.611627 0.332951
612 -1.36603 -1.7528 -0.909739 0.656175
333 -1.34414 -1.80312 -0.61791 0.392734
467 -1.81722 -2.40837 -0.636534 0.413047
849 -1.67591 -1.9103 -0.643581 0.352087
539 -1.0919 -1.62015 -0.988725 1.27942
548 -1.01553 -1.63425 -1.11031 1.52847
730 -1.60181 -1.37318 -0.656868 0.924937
706 -2.06137 -1.58816 -0.541011 1.11507
54 -1.72682 -1.42006 -0.680861 1.04321
748 -1.17854 -1.47231 -1.01883 1.27068
811 -1.07646 -1.38035 -1.20441 1.26515
52 -1.37363 -1.39452 -1.41043 1.5321
1 -1.41081 -1.91931 -1.28232 1.94426
352 -1.92152 -0.887061 -0.952605 0.546409
176 -2.35496 -1.01048 -1.23528 0.48087
355 -1.68055 -1.7125 -0.684709 0.327724
536 -1.80654 -2.1453 -0.421412 0.432761
999 -1.65604 -1.59637 -1.10096 0.70726
977 -1.55013 -1.86995 -0.817311 0.534839
804 -1.52571 -1.41207 -1.02539 0.526544
476 -1.55994 -1.9567 -0.549846 0.37353
848 -1.42769 -1.7736 -0.837613 0.453524
340 -2.5396 -1.18835 -1.14403 0.333558
863 -1.87125 -1.02649 -1.15152 0.514855
168 -2.66143 -1.12745 -1.40968 0.515874
348 -1.85689 -1.0068 -1.00646 0.316034
728 -1.8981 -1.3919 -0.613056 0.748089
96 -1.8355 -0.922687 -1.32732 1.15062
105 -1.59801 -0.91849 -1.25039 1.32901
113 -1.46891 -0.975858 -1.26681 1.10743
780 -1.62548 -0.937478 -1.39828 1.06492
579 -1.64637 -1.15507 -1.55934 1.29927
797 -1.48471 -0.983373 -1.31433 0.830168
958 -1.65969 -1.09701 -1.15068 0.880119
93 -1.7044 -1.0852 -1.27485 1.09372
469 -1.50097 -1.17624 -1.33824 1.04916
893 -1.4593 -1.22506 -1.28146 0.915847
621 -1.11944 -1.40726 -0.924143 1.21818
21 -1.28321 -1.73542 -1.11929 1.75203
4 -1.31583 -2.06391 -1.11682 1.87027
42 -1.03248 -1.37597 -1.05614 1.28717
430 -1.6067 -1.33609 -0.393077 0.698097
288 -1.98194 -1.52568 -0.389574 0.849112
510 -1.68344 -1.36076 -0.556917 0.553351
280 -2.28845 -1.75861 -0.265244 1.05262
927 -1.88394 -1.43308 -0.388295 0.540378
764 -1.27081 -1.50116 -0.859338 0.542766
274 -1.36137 -1.79534 -1.08358 0.694706
755 -1.33733 -1.45804 -1.16307 0.841728
86 -1.79655 -1.09588 -1.42766 1.56718
97 -1.62145 -0.930519 -1.30606 1.2424
169 -2.69362 -1.16373 -1.41928 0.42669
189 -1.98015 -1.01514 -1.23218 0.406955
182 -2.12993 -0.983059 -1.37889 0.420393
852 -1.79817 -0.851293 -1.11658 0.549717
190 -2.10901 -0.870407 -1.19951 0.556959
353 -1.69506 -1.05711 -0.979832 0.558211
957 -1.82376 -0.94048 -1.11113 0.56876
532 -1.25905 -1.38152 -1.14169 0.679647
677 -1.43805 -1.51289 -0.997091 0.537991
968 -1.64139 -1.15933 -1.20331 0.638161
644 -1.66994 -0.917274 -1.52192 0.64481
395 -1.7127 -1.30647 -1.98532 0.503179
801 -1.61652 -1.04964 -1.68369 0.496979
956 -1.69672 -1.06293 -1.62913 0.568716
636 -2.0323 -1.01575 -2.09989 0.667229
642 -1.80439 -0.885741 -1.82712 0.61958
558 -1.55729 -1.88577 -0.629644 0.419746
273 -2.61179 -1.71669 -0.305194 1.15533
498 -2.16264 -1.60101 -0.469888 0.641845
628 -1.2493 -2.17276 -0.733669 1.01308
454 -0.911565 -1.67298 -0.825779 0.81332
432 -1.2207 -2.19642 -0.885165 1.00341
444 -1.14985 -1.90197 -0.663776 0.7477
440 -1.20727 -2.09926 -0.703304 0.970791
595 -0.967864 -1.73676 -1.01789 0.945861
772 -1.4306 -1.05234 -1.39499 0.959275
930 -1.54479 -1.17641 -1.41621 1.07098
994 -1.597 -1.09086 -1.44523 0.781642
900 -1.78777 -0.983785 -1.62042 0.812679
276 -2.58683 -1.67786 -0.420773 0.772325
277 -2.59953 -1.881 -0.331139 0.910301
426 -1.98632 -1.54698 -0.386579 0.628611
897 -2.1104 -1.73283 -0.538559 0.544744
264 -1.12146 -1.71862 -1.11409 0.479823
159 -1.21605 -1.55813 -1.22567 0.494793
218 -1.65562 -1.10659 -1.64179 0.428973
207 -1.91302 -1.23703 -2.33909 0.408463
213 -1.7544 -1.2277 -2.05623 0.374417
635 -1.97788 -1.08303 -2.27638 0.533521
932 -1.56166 -1.06658 -1.58231 0.665758
814 -1.63583 -0.812168 -1.60893 0.46491
210 -2.15764 -1.07168 -2.15403 0.499648
233 -1.45155 -0.892643 -1.66479 0.714192
798 -1.94234 -0.997885 -1.74064 0.550848
855 -1.1567 -1.17227 -0.914804 0.987771
62 -1.18654 -1.39289 -1.20619 1.38008
16 -1.30208 -1.59687 -1.27019 1.79516
789 -1.75158 -1.0463 -1.40575 1.34062
370 -0.959036 -1.58415 -1.41302 0.750376
141 -0.94708 -1.97815 -1.56576 0.490028
142 -0.836689 -1.95735 -1.65291 0.56346
364 -0.874394 -2.06164 -1.77424 0.455567
128 -1.05202 -2.28849 -2.18483 0.644991
131 -1.766 -2.76068 -0.902715 0.234055
338 -1.38943 -1.64412 -0.694876 0.29566
819 -1.47247 -1.53785 -0.881759 0.466735
103 -1.52709 -1.70802 -0.827912 0.445783
821 -1.55801 -1.8761 -0.57279 0.206102
314 -1.91223 -2.36127 -0.50042 0.563466
317 -1.79329 -2.40792 -0.586476 0.338357
312 -1.81556 -2.56339 -0.748895 0.247915
577 -1.90698 -1.35007 -0.482577 0.635979
573 -1.86651 -1.2624 -0.493702 0.582652
886 -1.79362 -1.44994 -0.504382 0.615254
888 -1.70064 -1.2726 -0.718173 0.447082
978 -1.50541 -1.38894 -0.670452 0.568479
665 -1.4224 -1.61212 -1.07072 0.64948
896 -1.44123 -1.71755 -1.11919 0.58381
193 -1.63507 -1.18873 -0.960266 0.373215
196 -1.76981 -0.75508 -1.13539 0.571348
971 -1.99397 -0.803876 -1.11941 0.697573
982 -1.57659 -1.04006 -1.34388 0.60312
237 -1.4078 -1.17051 -1.32185 0.894433
866 -1.66951 -1.1521 -1.45747 0.739432
955 -1.29717 -1.42964 -1.32288 0.783491
403 -0.954939 -1.5758 -1.32134 0.743178
488 -1.17598 -1.38652 -1.41704 0.713262
258 -1.05554 -1.53294 -1.20673 0.44472
445 -0.922569 -1.98749 -0.850945 0.961832
148 -0.920483 -1.86645 -1.45616 0.573972
146 -0.908728 -1.72044 -1.49941 0.809075
18 -1.13977 -1.92145 -1.20524 1.77551
549 -1.46192 -1.25551 -0.829394 0.887458
3 -1.39385 -1.86404 -1.25714 2.00361
56 -1.10304 -1.74118 -1.15855 1.64506
592 -1.12481 -2.07956 -1.04681 0.956342
435 -1.19957 -2.31317 -0.845056 1.03919
443 -1.16868 -1.84655 -1.02781 0.733914
13 -0.964028 -2.21761 -1.74443 0.661929
657 -1.0282 -1.42506 -1.11797 0.587599
741 -0.889142 -1.75663 -1.37776 0.655046
365 -0.906192 -2.02133 -1.67483 0.613826
129 -1.1587 -2.08835 -2.05028 0.40514
117 -1.27605 -1.10594 -1.22357 0.976108
787 -1.46398 -0.983054 -1.10523 0.91042
588 -1.47646 -1.0689 -1.0822 0.924093
961 -1.85449 -0.99914 -0.995225 0.538705
307 -1.89983 -1.04234 -0.906971 0.342112
972 -1.77983 -1.10949 -0.961559 0.458857
923 -2.03774 -1.21839 -1.1672 0.575162
334 -1.59496 -1.78046 -0.49483 0.42737
775 -1.42268 -1.84114 -0.727361 0.332241
249 -1.12453 -1.96209 -1.77675 0.314627
396 -0.941546 -1.89184 -1.44122 0.536612
608 -0.977685 -1.49411 -0.869718 0.633313
181 -2.19697 -1.05219 -1.34097 0.659453
177 -2.11578 -1.03226 -1.13678 0.576596
583 -1.65191 -0.862597 -1.22646 1.2021
894 -1.5298 -0.97663 -1.06464 1.08967
260 -1.01047 -1.57308 -1.08766 0.409432
561 -1.34275 -1.86439 -1.17031 0.258418
139 -1.1443 -2.10654 -1.51025 0.34073
397 -1.42254 -1.01473 -1.2495 1.06509
785 -1.31329 -1.43692 -1.07361 0.73522
744 -1.0406 -1.54557 -1.20482 0.514324
107 -1.60428 -0.987351 -1.01166 1.04695
79 -1.84619 -1.14881 -1.7368 1.75861
82 -1.17137 -2.30465 -2.0669 0.531426
919 -1.13356 -1.90912 -0.9626 1.15389
626 -1.23424 -1.98435 -0.916626 0.749205
442 -1.18976 -1.6883 -0.965003 0.876126
457 -1.28756 -1.26113 -0.842341 0.789072
461 -1.53558 -1.17894 -1.10991 1.05407
25 -1.31201 -1.45917 -1.25863 1.73271
77 -1.17633 -1.12474 -1.09062 0.979096
23 -1.32682 -1.45481 -1.19653 1.52853
841 -1.89801 -1.11466 -1.20215 1.32199
856 -1.81168 -0.920574 -1.30349 1.42052
110 -1.60915 -0.92117 -0.943369 1.02245
87 -1.85125 -1.01209 -1.48618 1.59839
101 -1.57505 -1.03399 -1.16822 1.16157
996 -1.48387 -1.26967 -1.11004 0.9633
448 -1.09103 -1.83696 -0.874036 0.910114
582 -1.6987 -0.958277 -1.43309 1.18923
281 -1.79236 -1.11935 -1.03713 1.24858
58 -1.12155 -1.28786 -1.1637 1.3139
53 -1.05963 -1.60057 -1.44673 1.57119
10 -1.21083 -1.68822 -1.47694 1.72925
20 -1.18428 -1.67501 -1.08625 1.76688
17 -1.22841 -1.76718 -1.17312 1.88957
65 -1.08619 -1.3058 -1.05567 1.16541
383 -1.08661 -1.38559 -1.27481 1.2997
2 -1.18284 -1.9358 -1.50452 1.85825
599 -1.13098 -1.53644 -1.30832 0.34905
660 -0.903064 -1.47238 -1.10956 0.539827
538 -0.945471 -1.45157 -1.1701 1.35859
7 -2.38766 -1.02147 -1.10136 0.869911
696 -1.62728 -1.9574 -0.644468 0.48347
684 -1.95846 -1.02828 -1.11411 0.766698
341 -2.23879 -0.982795 -1.20115 0.776953
835 -1.58697 -0.753896 -1.17133 0.939316
416 -1.80889 -1.62587 -0.486599 0.48455
301 -1.95175 -1.46608 -0.522799 0.667244
423 -1.77761 -1.5217 -0.578299 0.730931
509 -1.91803 -1.15406 -0.663223 0.591981
506 -1.89847 -1.28439 -0.783959 0.533194
503 -1.8652 -1.50554 -0.684003 0.504346
433 -1.16137 -2.21554 -0.902638 1.02658
598 -1.10357 -1.83686 -0.793268 0.752839
150 -0.722094 -1.80314 -1.2471 0.743004
991 -1.17805 -1.60553 -1.13139 0.44327
59 -1.06736 -1.6819 -1.17294 1.4618
464 -1.05677 -1.44734 -1.15306 1.09169
0 -1.46941 -1.76585 -1.16938 1.99677
641 -1.671 -1.01455 -1.65251 0.756279
15 -1.89396 -1.08835 -1.76713 0.943377
95 -1.64214 -0.803466 -1.03236 1.12618
790 -1.66139 -0.897332 -1.22896 1.20191
367 -0.957794 -1.70128 -1.35041 0.786472
251 -0.914524 -2.04069 -1.53517 0.657914
361 -0.954232 -2.23089 -1.53936 0.594322
162 -0.894088 -1.47745 -1.52999 0.419012
965 -1.62713 -1.16649 -0.984914 0.970449
98 -1.64565 -0.982655 -1.37293 1.18526
225 -1.60856 -0.954138 -1.75818 0.661939
211 -2.09472 -0.998407 -1.90908 0.542627
209 -2.09674 -1.15987 -2.053 0.382852
683 -2.39683 -1.08377 -1.36457 0.513339
172 -2.07104 -1.06148 -1.18326 0.690738
890 -1.55987 -1.84251 -0.57195 0.394697
254 -1.10362 -1.84451 -1.13411 0.819561
127 -1.29489 -2.27742 -1.8927 0.349059
155 -0.93754 -1.63489 -1.32144 0.662627
377 -1.0294 -1.49788 -1.14781 0.570646
812 -1.5882 -0.996737 -1.63847 0.56236
902 -1.59606 -0.952662 -1.42901 0.765047
625 -1.10799 -1.0548 -1.08064 1.07613
253 -0.979623 -1.8127 -1.64833 0.585302
743 -0.922728 -1.46843 -1.05987 0.417752
256 -1.00144 -1.65363 -1.2524 0.467674
773 -1.03802 -1.5297 -1.14981 0.560492
252 -1.16984 -1.70123 -1.23865 0.858485
125 -1.23015 -2.14178 -2.03196 0.282178
322 -1.76551 -2.19228 -0.659571 0.365791
308 -1.80432 -2.57637 -0.703349 0.577439
330 -1.38985 -1.76183 -0.513443 0.363673
553 -1.44446 -1.6988 -0.540963 0.468073
80 -2.04501 -1.01456 -1.49811 1.69537
580 -1.61368 -1.02785 -1.25092 1.02134
567 -1.06175 -1.60495 -1.51374 0.576915
286 -2.08848 -1.65289 -0.256383 0.611788
496 -2.20992 -1.49572 -0.463755 0.823592
952 -2.11617 -1.45461 -0.539779 0.655889
299 -1.868 -1.2341 -0.46096 0.610419
854 -1.37812 -1.34197 -1.09992 1.22681
388 -0.987345 -1.56194 -1.11737 1.47032
302 -1.77844 -1.32489 -0.47455 0.543855
271 -2.74634 -1.8875 -0.348569 1.03472
175 -2.43426 -1.02685 -1.28939 0.614157
864 -1.7595 -0.986386 -0.789263 0.454698
441 -1.05625 -1.77912 -1.0514 0.802517
600 -1.0194 -1.75416 -1.07621 0.729023
34 -1.16882 -1.56227 -1.13894 1.44244
382 -1.02463 -1.74184 -1.01381 1.38616
78 -0.940809 -1.36054 -0.886504 1.21066
51 -1.1478 -1.71969 -1.14275 1.58491
350 -1.77055 -1.12796 -1.22614 0.649084
188 -1.76514 -1.24082 -1.13166 0.54382
203 -1.64482 -1.08988 -1.08207 0.431465
166 -1.0908 -1.51987 -1.26206 0.634131
257 -1.38498 -1.5887 -1.06055 0.497647
417 -2.18331 -1.48961 -0.459228 0.721643
589 -1.51054 -1.11259 -0.882525 0.831701
437 -1.33898 -1.72605 -1.26745 0.672615
605 -1.30729 -1.5702 -1.1663 0.665533
429 -1.9071 -1.18525 -0.562042 0.448395
499 -1.83056 -1.18123 -0.59104 0.602477
298 -1.98822 -1.4171 -0.388371 0.510275
425 -1.85588 -1.4891 -0.498811 0.596591
315 -1.86015 -2.35759 -0.60228 0.386599
712 -1.68202 -1.50276 -0.796658 0.520425
332 -1.56461 -1.90975 -0.503379 0.39441
614 -1.47082 -1.72711 -0.564097 0.434437
8 -2.05229 -2.44117 -0.475057 0.455647
678 -1.48421 -1.44542 -0.674907 0.526538
515 -1.25182 -1.87048 -1.2423 0.559864
345 -1.28605 -1.48378 -0.846519 0.632045
362 -1.06934 -2.15151 -0.998431 0.867393
11 -1.78287 -2.75051 -0.741435 0.478959
35 -0.933118 -1.40408 -0.915369 1.13539
60 -1.09222 -1.70673 -0.932695 1.38117
405 -1.59039 -1.06415 -1.20691 0.469138
200 -1.82394 -0.907511 -0.822798 0.424889
874 -1.73079 -1.22731 -1.02231 0.498664
206 -1.56702 -0.969545 -1.01017 0.442306
339 -2.51034 -1.07947 -1.22284 0.732396
354 -2.06168 -0.929372 -1.19821 0.318553
611 -1.65279 -2.11358 -0.781138 0.556925
954 -1.23541 -1.55277 -1.00109 1.1924
983 -1.88468 -1.00774 -1.23876 0.611168
342 -2.07578 -1.02064 -1.2572 0.773051
847 -1.86331 -1.18283 -0.831087 0.46514
695 -2.01591 -1.47939 -0.763873 0.731015
884 -1.48661 -1.93519 -0.888686 0.433786
319 -1.57934 -2.27927 -0.646755 0.270975
934 -1.46902 -1.96343 -0.621011 0.342961
247 -1.64195 -2.34178 -0.744765 0.27782
551 -1.81161 -2.35488 -0.585709 0.49736
898 -1.29403 -1.80776 -0.586817 0.380774
380 -1.20299 -1.71154 -1.23311 1.74587
12 -1.24988 -1.92006 -1.21333 1.93452
568 -0.945878 -1.53622 -1.41591 0.601306
560 -1.16151 -1.91326 -1.58943 0.443012
731 -1.71765 -1.37631 -0.856648 0.542438
950 -1.72809 -1.53752 -0.795839 0.80954
709 -1.86468 -1.27508 -0.920198 0.495002
518 -1.81833 -1.49111 -0.68349 0.523441
266 -1.14172 -1.64908 -1.3036 0.569398
389 -1.30373 -1.7427 -0.758606 0.452127
745 -1.66086 -1.93994 -0.349555 0.3849
727 -2.10072 -1.54739 -0.824358 0.730915
846 -1.70966 -1.27821 -0.972189 0.675043
547 -1.59585 -1.30678 -0.809914 0.717509
394 -1.63076 -1.66367 -1.00325 0.575214
112 -1.44578 -0.910828 -0.969268 0.945907
90 -1.77355 -1.04176 -1.42628 1.18822
781 -1.79406 -1.04734 -1.37328 1.37331
379 -1.25525 -0.94126 -1.26541 0.941246
154 -1.4361 -1.13508 -1.18211 0.918637
586 -1.70766 -1.04496 -1.11081 1.08148
413 -2.18238 -1.5359 -0.392432 0.670468
289 -1.95987 -1.25392 -0.506259 0.718975
284 -2.2482 -1.64845 -0.428782 0.409106
574 -1.74395 -1.35284 -0.450044 0.642659
827 -1.66087 -1.46914 -0.869801 0.692072
33 -1.72228 -1.51518 -0.864281 1.05109
944 -1.58249 -1.41115 -0.86254 0.882022
732 -1.52624 -1.40042 -0.768912 1.10443
738 -1.35912 -1.56335 -0.453355 0.479949
726 -2.06408 -2.6863 -0.592521 0.32869
71 -1.01219 -1.508 -1.18556 1.09768
49 -0.932263 -1.22734 -0.868006 1.11426
28 -1.0384 -1.32131 -1.09601 1.40109
808 -1.03789 -1.69832 -1.14173 1.383
38 -1.13036 -1.40997 -0.94589 1.47272
637 -1.77833 -1.32593 -0.905713 0.632116
661 -0.939856 -1.50104 -1.20866 0.64646
75 -0.83364 -1.51034 -1.06762 0.788695
700 -1.93996 -0.872926 -1.02065 0.635573
910 -1.75005 -0.871653 -1.09252 0.769525
346 -2.14525 -1.03074 -1.21155 0.57263
351 -1.94209 -0.845997 -1.11789 0.651085
347 -1.54312 -1.09017 -1.14001 0.580539
19 -2.11949 -1.13032 -1.19948 0.685583
694 -1.74611 -1.084 -0.943072 0.518243
779 -1.63408 -1.33984 -0.77423 0.525676
358 -1.74912 -1.0031 -1.08427 0.524338
668 -1.37164 -1.52207 -1.14073 0.659419
349 -1.87516 -0.856758 -1.04587 0.643984
359 -1.60529 -0.99294 -0.975891 0.7736
263 -1.13581 -1.50721 -1.31126 0.595172
220 -1.35328 -1.5293 -1.38494 0.933655
501 -1.40694 -1.53172 -0.99405 0.590689
881 -1.96606 -1.03548 -1.37313 0.594487
624 -1.10308 -1.25751 -1.09586 1.19088
138 -0.860405 -1.96905 -1.60187 0.59144
267 -0.854405 -1.73432 -1.29181 0.571641
687 -1.8287 -1.02187 -1.10921 0.513892
270 -1.62341 -0.931878 -1.00588 0.506254
718 -1.7514 -1.40833 -0.734131 0.628097
381 -1.2566 -1.71027 -1.10958 0.698232
885 -1.26878 -1.20093 -1.29946 0.620273
883 -1.28512 -1.44184 -1.09943 0.581833
853 -1.83069 -0.903628 -1.1935 0.531501
519 -1.45267 -1.44198 -1.38094 0.649338
858 -1.67824 -1.68637 -0.957646 0.508708
988 -1.85681 -1.7882 -0.824742 0.683346
860 -2.16182 -0.997782 -1.14619 0.496632
962 -1.2603 -1.70766 -1.5524 0.688153
751 -1.10478 -1.65471 -1.44301 0.646662
656 -1.02788 -1.72089 -1.62364 0.594211
147 -1.01528 -1.92294 -1.2701 0.560691
55 -0.933156 -1.7318 -1.40731 1.38482
344 -2.24224 -0.945309 -1.2694 0.629257
693 -1.95477 -0.947614 -1.03573 0.465474
699 -1.83214 -0.933568 -1.03336 0.675286
817 -1.68135 -2.00809 -0.658548 0.46323
838 -1.47391 -1.41983 -1.13892 0.587414
663 -1.49172 -1.72134 -1.35994 0.448188
369 -1.19994 -1.68556 -1.11881 0.551494
530 -1.24672 -1.41802 -1.06542 0.579348
906 -1.79316 -1.26225 -0.79843 0.84501
316 -1.51082 -2.27466 -0.648582 0.224298
557 -1.28612 -1.69306 -0.521323 0.374721
384 -0.944273 -1.50721 -1.05743 1.23158
629 -1.04217 -1.69948 -0.940921 0.959145
248 -1.06308 -2.12816 -1.65915 0.33505
563 -1.10668 -1.87615 -1.45891 0.609738
356 -1.97542 -1.05151 -1.26744 0.7295
929 -1.6803 -0.828636 -0.983488 0.671596
63 -0.829785 -1.71509 -1.23328 0.80686
366 -1.05684 -1.7923 -1.85842 0.650289
151 -0.908031 -1.91555 -1.5804 0.465948
564 -1.01403 -1.76557 -0.995709 0.635447
915 -1.41373 -0.958 -1.2776 0.546209
287 -2.23919 -1.43031 -0.322795 0.688775
325 -1.41801 -1.88098 -0.543854 0.451058
115 -1.61574 -1.00311 -1.09913 1.13855
783 -1.49487 -1.11665 -1.26306 1.06224
91 -1.71629 -0.991621 -1.38971 1.16004
904 -1.69672 -1.53221 -0.91987 0.974164
39 -1.02171 -1.41167 -0.995551 1.40413
104 -1.42783 -1.28217 -1.25057 0.985925
857 -1.61539 -1.15357 -1.00349 0.91972
309 -1.93438 -2.50899 -0.697057 0.620005
468 -1.51294 -2.2179 -0.69261 0.525801
323 -1.68576 -1.99473 -0.512945 0.295455
778 -1.46913 -1.86667 -0.413182 0.391069
305 -1.7952 -1.15926 -0.568707 0.631275
500 -2.1103 -1.58435 -0.634388 0.793064
603 -1.34998 -1.65069 -0.873397 0.824993
922 -1.72669 -1.58948 -0.568195 0.597352
462 -1.70247 -1.41802 -0.589047 0.696195
681 -2.67036 -1.16457 -1.3862 0.445728
295 -1.83371 -0.944605 -0.748005 0.485489
174 -1.82613 -1.28686 -0.874222 1.05858
887 -2.02852 -1.57211 -0.486903 0.705565
279 -2.57534 -1.64322 -0.314494 0.844652
291 -2.04709 -1.51848 -0.611268 0.463575
975 -1.68133 -1.15376 -1.31595 1.08485
217 -1.59054 -0.97358 -1.35143 1.2295
585 -1.8112 -1.00994 -1.14976 0.771194
725 -1.47224 -1.00679 -1.02761 0.993747
714 -1.76341 -1.42698 -0.515219 0.793792
643 -1.67163 -1.15065 -0.943615 0.644116
208 -2.14891 -1.13911 -2.15062 0.505968
649 -1.60226 -0.770883 -1.57756 0.580746
554 -1.42136 -1.60255 -0.914185 0.401211
477 -1.46233 -1.73661 -0.62755 0.427792
487 -1.51921 -1.88899 -0.665903 0.362283
140 -0.959607 -1.92547 -1.81991 0.49431
149 -0.90348 -1.79926 -1.48864 0.396249
604 -1.09184 -1.78407 -0.759807 0.679586
596 -1.12165 -1.65895 -0.88121 0.791738
851 -1.46744 -1.53326 -1.26474 0.552989
634 -1.13224 -1.94801 -0.760069 0.918076
321 -1.77976 -2.275 -0.626822 0.223712
329 -1.60222 -1.96949 -0.48068 0.425284
818 -1.71601 -1.6812 -0.490339 0.462715
907 -1.4196 -1.54172 -0.918107 0.664217
145 -0.98468 -1.70702 -1.75316 0.363551
770 -1.68299 -0.931209 -1.48565 0.577422
815 -1.59897 -0.822778 -1.44773 0.60087
875 -1.90653 -0.958609 -1.08403 0.5826
843 -1.45712 -1.20948 -1.15158 0.979443
633 -1.07622 -1.73384 -0.897636 0.693261
609 -1.32561 -1.8453 -0.764173 0.796472
450 -1.15131 -1.85767 -0.891955 0.84545
632 -1.41201 -1.84608 -0.941068 0.838379
895 -1.45689 -1.23084 -1.28601 0.969542
84 -1.97548 -0.975575 -1.57531 1.55941
157 -1.05707 -1.58589 -1.51429 0.70518
861 -1.45938 -0.929517 -1.04991 0.583969
363 -1.04152 -1.6697 -1.83383 0.525637
216 -1.99304 -1.02422 -2.24891 0.600265
917 -0.889361 -1.40307 -1.03808 1.42491
676 -1.44778 -1.10388 -1.09571 0.749045
997 -1.51812 -1.61214 -1.38644 0.761345
675 -1.44131 -1.5186 -1.00022 0.549039
662 -1.58477 -1.75573 -1.29591 0.667896
517 -1.44779 -1.85903 -1.30851 0.550826
513 -1.5685 -1.84453 -1.18948 0.540107
516 -1.86485 -1.49803 -0.927573 0.755767
631 -1.13905 -1.67123 -0.911812 0.818104
447 -1.21464 -1.87801 -1.01864 0.858471
201 -1.78714 -0.776919 -1.04175 0.464951
89 -1.68355 -1.01182 -1.38558 1.65075
878 -1.57746 -1.05987 -0.964466 0.534658
386 -1.27455 -1.49903 -0.774662 1.30047
618 -1.31171 -1.55617 -0.866374 0.831103
48 -0.942336 -1.22394 -1.05514 1.16603
328 -1.5145 -1.90343 -0.38457 0.451156
666 -1.38367 -1.67755 -1.04252 0.740638
670 -1.61332 -1.43546 -0.816322 0.696214
837 -1.42763 -1.7133 -1.19824 0.496742
921 -1.87546 -1.53996 -0.549962 0.590177
255 -1.62591 -1.47789 -0.564554 0.772969
411 -2.11493 -1.74562 -0.479723 0.616069
293 -1.88185 -1.38327 -0.432406 0.419322
22 -1.30771 -1.61491 -0.795965 1.68826
702 -1.56193 -0.914054 -1.39759 0.7636
243 -1.00898 -1.24606 -1.00692 0.678196
653 -1.26315 -1.77489 -0.878966 0.788598
562 -1.45755 -1.07482 -1.33836 1.18955
458 -1.02954 -1.60385 -0.843568 0.767292
357 -1.40255 -0.941393 -1.17204 0.526117
180 -2.25899 -1.06972 -1.21786 0.476446
92 -1.75346 -0.865388 -1.48073 1.18256
924 -1.63526 -1.23407 -1.18273 1.0655
796 -1.52194 -0.953912 -1.22351 0.877249
734 -1.88297 -1.51556 -0.701343 0.832153
719 -1.67856 -1.49602 -0.829002 0.763329
836 -1.42024 -0.883751 -1.2582 1.07108
673 -1.54889 -1.07733 -1.07539 0.971449
782 -1.75034 -0.925917 -1.22091 1.03658
936 -1.67039 -1.25614 -0.747902 0.640242
526 -1.13152 -1.45478 -1.15495 0.424831
594 -1.16574 -1.86399 -1.05639 0.731002
925 -1.06872 -1.74783 -1.05379 0.949321
602 -1.161 -1.60667 -0.984848 0.892871
163 -0.804153 -1.40189 -1.24516 0.630894
401 -1.36698 -1.09613 -1.00998 1.0458
30 -1.01765 -1.51564 -1.12697 1.47609
26 -1.24822 -1.69142 -0.812125 1.44116
44 -0.867465 -1.3838 -0.865664 1.17503
235 -1.63414 -0.915297 -1.61654 0.751377
393 -0.934052 -1.32268 -0.979875 1.28617
69 -1.64609 -1.19738 -0.35268 0.54451
717 -1.73947 -1.09068 -0.846562 0.704301
667 -1.94846 -1.49987 -0.632814 0.662632
108 -1.90366 -1.19795 -1.13726 1.08591
414 -2.17156 -1.5095 -0.417133 0.608882
990 -1.68542 -1.47682 -0.576745 0.576142
514 -1.44303 -1.89938 -1.13529 0.407471
753 -1.33477 -1.75553 -1.15888 0.675438
739 -1.0114 -1.69692 -1.37865 0.715256
465 -1.01208 -1.54761 -1.16822 0.820065
619 -0.871831 -1.36122 -0.95204 1.26644
928 -1.7757 -1.18027 -1.09228 0.823591
198 -1.61363 -1.17805 -0.734642 0.376602
310 -1.80229 -2.54854 -0.721163 0.444248
559 -1.58182 -1.76787 -0.523797 0.460674
664 -1.5604 -1.77066 -1.09813 0.558801
746 -1.3508 -1.51177 -0.443308 0.525965
376 -1.01495 -1.52066 -1.22724 0.484705
480 -1.32815 -2.00981 -0.719982 0.425695
482 -1.49826 -1.86798 -0.480547 0.392829
776 -1.39494 -1.78605 -0.961636 0.462939
757 -1.48467 -1.52667 -0.954678 0.634497
729 -1.87399 -1.49834 -0.853262 0.861435
937 -1.73968 -1.32725 -0.906487 0.718944
754 -1.61682 -1.68164 -1.10252 0.631836
786 -1.48593 -0.963611 -1.18512 0.89747
844 -1.5639 -1.11575 -0.913138 0.94619
114 -1.53992 -0.996488 -1.15575 1.2238
735 -1.64256 -1.36685 -0.787778 0.767051
137 -1.1267 -2.2073 -1.61567 0.564148
981 -1.02417 -1.58778 -1.44848 0.601472
947 -1.00802 -1.68954 -1.38604 0.620408
67 -0.776456 -1.46914 -1.18943 0.588973
905 -1.79138 -1.53684 -0.940573 0.707516
825 -1.87315 -1.61239 -0.961996 0.746647
943 -1.37141 -1.3446 -0.858583 0.863917
66 -1.0578 -1.3776 -1.09376 1.3832
123 -1.46733 -0.972695 -1.30878 0.835788
995 -1.37342 -1.48636 -1.27687 0.794655
672 -1.21359 -1.31701 -1.2504 0.63062
483 -1.14485 -1.89368 -0.622836 0.467508
597 -1.09888 -1.71911 -0.902087 0.678528
967 -1.38851 -1.5138 -0.872405 0.634452
64 -1.17541 -1.45852 -1.11995 0.939041
546 -1.03939 -1.7056 -0.92306 1.40514
385 -0.929141 -1.52135 -1.30245 1.19487
45 -1.12309 -1.09655 -0.991314 1.14344
121 -1.40067 -0.89265 -1.32636 1.14413
102 -1.52525 -0.830584 -1.265 1.27483
343 -1.72276 -1.04564 -1.26854 0.522585
197 -1.88926 -0.964603 -1.07448 0.419963
36 -0.971314 -1.45227 -1.12535 1.23973
74 -1.39925 -0.970259 -1.38771 0.906849
336 -1.5124 -1.93605 -0.745433 0.431165
742 -1.17457 -1.67784 -0.872297 0.3404
489 -0.927772 -2.10228 -1.34821 0.403929
659 -1.00981 -1.56284 -1.31814 0.587827
575 -1.80643 -1.39884 -0.596035 0.562823
701 -1.52787 -0.901564 -0.835938 0.813598
809 -1.15672 -1.53476 -0.839465 1.41803
543 -0.994676 -1.59531 -1.16175 1.00822
550 -1.14841 -1.51619 -1.15569 1.0357
68 -1.08534 -1.22785 -1.08991 1.39878
24 -1.09552 -1.39328 -1.41432 1.48608
70 -0.940637 -1.28992 -0.975919 1.47844
740 -1.10223 -1.81237 -1.52851 0.486287
160 -0.871636 -1.64536 -1.32686 0.537589
870 -1.54887 -1.00165 -1.12772 1.07984
478 -1.6289 -2.01994 -0.770599 0.426003
998 -1.88732 -1.05399 -1.09815 0.596456
185 -1.91255 -1.00516 -1.02211 0.618686
555 -1.40228 -1.89445 -0.798332 0.262846
502 -1.88556 -1.3954 -0.666527 0.417343
859 -2.20991 -1.15672 -1.09763 0.629007
485 -1.55613 -1.84859 -0.636503 0.376127
472 -1.57151 -2.03589 -0.5293 0.406424
504 -1.83247 -1.49701 -0.407759 0.636034
951 -1.74523 -1.52384 -0.611653 0.588598
507 -1.65419 -1.39303 -0.612426 0.476727
419 -1.80315 -1.51275 -0.550752 0.812886
292 -1.92734 -1.48411 -0.483833 0.849761
759 -1.21145 -1.68257 -1.13383 0.686608
912 -1.89987 -1.01312 -1.72953 0.433324
214 -1.93108 -1.0019 -2.02387 0.617458
970 -1.93778 -0.917802 -1.82441 0.582911
261 -1.04924 -1.55536 -1.39661 0.408856
771 -1.63765 -0.931976 -1.42576 0.59602
933 -1.86595 -1.04054 -1.60213 0.809538
234 -1.81398 -0.828329 -1.77454 0.600922
232 -1.42315 -0.803822 -1.61759 0.646325
601 -1.06411 -1.59445 -1.0163 0.697373
40 -0.881647 -1.39883 -0.840476 1.31173
27 -1.09219 -1.65287 -1.01705 1.36339
452 -1.19314 -1.93229 -0.908206 0.801029
456 -1.17298 -1.8786 -0.558452 0.60344
285 -2.29798 -1.59942 -0.408323 0.662644
421 -2.1488 -1.48571 -0.301984 0.797079
876 -1.78768 -1.217 -1.19046 0.426759
194 -2.10764 -0.921807 -1.028 0.392356
228 -1.81632 -0.9413 -1.77339 0.559161
226 -2.04224 -0.851335 -1.69717 0.686475
439 -0.999164 -2.12703 -0.900148 1.1111
737 -1.4539 -1.32874 -0.8891 0.724533
880 -1.66306 -1.29132 -1.01465 0.777502
360 -1.91377 -1.18194 -1.14241 0.587257
335 -1.90563 -1.53889 -0.877523 0.508061
873 -1.81898 -1.76848 -0.891002 0.392128
282 -2.15156 -1.59499 -0.521622 0.812457
587 -1.56079 -1.07049 -1.05274 0.756153
238 -1.32344 -1.01805 -1.42042 0.369984
688 -1.8336 -0.838497 -1.00067 0.416205
691 -1.74079 -1.22747 -1.0109 0.474551
242 -1.33508 -1.05385 -1.37282 0.775741
229 -1.53342 -1.08941 -1.81281 0.769968
690 -1.72526 -0.943588 -1.09038 0.649138
648 -1.18174 -1.38513 -1.1268 0.457671
989 -1.53987 -1.32922 -1.3038 0.945131
791 -1.62056 -0.932722 -1.34444 1.13422
980 -1.1208 -1.6435 -1.36247 0.569324
390 -0.825013 -1.59565 -1.15589 1.30223
689 -1.93155 -0.882568 -1.05946 0.621604
300 -1.76647 -1.27372 -0.534114 0.644849
845 -1.87189 -1.49661 -0.883842 0.669242
959 -1.75457 -1.5125 -0.893076 0.625435
311 -1.7829 -2.50642 -0.657739 0.250893
326 -1.36361 -2.0121 -0.696613 0.707765
774 -1.45489 -2.05658 -0.707541 0.411202
124 -1.34458 -1.23635 -1.21006 0.947825
191 -2.03124 -1.1068 -1.10541 0.297882
171 -1.77353 -2.06162 -0.892465 0.0504562
823 -1.42266 -1.82374 -0.672345 0.427329
94 -1.7124 -1.00774 -1.19322 1.16088
61 -1.52409 -1.11884 -1.06718 1.27845
372 -1.30816 -1.54732 -1.27009 0.744702
422 -1.90234 -1.59737 -0.355085 0.612907
406 -0.916489 -1.8985 -1.43149 0.558303
984 -1.22373 -1.73606 -1.32523 0.75368
402 -1.13186 -1.78818 -1.59661 0.548087
960 -1.64434 -1.51563 -0.674554 0.480128
710 -1.79425 -1.41425 -0.899175 0.69812
833 -1.47432 -1.56002 -0.885521 0.532788
615 -1.76289 -1.52648 -0.720634 0.489899
908 -1.62435 -1.31435 -0.671382 0.568011
942 -1.75935 -1.57944 -0.790268 0.55109
940 -1.08145 -1.53786 -0.97366 1.20845
57 -1.29615 -1.70067 -0.731572 1.41286
392 -1.04754 -1.45435 -1.17522 1.34652
805 -1.55751 -1.00994 -1.3023 1.13508
412 -1.90838 -0.822772 -1.032 0.922149
545 -1.77833 -0.972324 -1.22496 1.43255
992 -1.51191 -1.46062 -1.13457 0.676406
492 -1.26915 -1.57366 -1.20605 0.553175
993 -1.27282 -1.6641 -1.42475 0.704821
840 -1.56607 -1.35886 -1.28451 0.627962
231 -1.73584 -0.996559 -1.8323 0.434973
294 -2.1956 -1.5 -0.44195 0.599125
269 -1.00015 -1.47267 -1.34906 0.461865
262 -1.20967 -1.68631 -1.23011 0.529314
669 -1.27849 -1.53255 -1.19845 0.629841
533 -1.19354 -1.43193 -1.15275 0.615737
463 -0.992723 -1.48974 -1.13483 1.23332
540 -1.18447 -1.55019 -1.01448 0.801633
409 -1.11652 -1.47151 -1.13671 0.596152
707 -1.78004 -1.59695 -0.69389 0.988197
865 -1.67417 -1.01053 -1.66252 0.591112
638 -1.55244 -1.019 -1.76073 0.835905
829 -1.62774 -1.23544 -1.15949 1.08491
711 -1.7904 -1.51674 -0.776116 0.762638
722 -1.55163 -1.19732 -0.559507 0.669956
768 -1.62795 -0.991171 -1.41814 0.703709
793 -1.45378 -0.846159 -1.55956 0.816524
750 -1.29612 -1.50251 -0.848894 0.533138
654 -1.39811 -1.64473 -0.918033 0.668763
331 -1.49042 -1.90195 -0.505823 0.499557
806 -1.59186 -1.20299 -0.912126 0.864471
156 -1.37632 -2.04797 -0.638843 0.204219
522 -1.19213 -1.84562 -1.13012 0.588854
839 -1.28742 -1.23927 -1.17555 0.784328
152 -0.772985 -1.85692 -1.45427 0.62612
223 -1.76757 -0.96956 -1.98814 0.736797
867 -1.65881 -0.946319 -1.34661 0.600561
877 -1.82748 -1.04579 -1.17233 0.579423
639 -1.83018 -0.953611 -1.60499 0.447614
918 -1.38228 -1.6517 -0.781526 0.523765
813 -1.60642 -1.05422 -1.4736 0.60153
245 -1.40334 -1.13677 -1.43463 0.66172
828 -1.7763 -1.43657 -0.642422 0.582144
976 -1.48557 -1.79415 -0.826173 0.530088
899 -1.40601 -1.4858 -0.739294 0.578979
118 -1.26517 -0.898038 -1.15792 0.945099
788 -1.58865 -0.793939 -0.988485 0.973958
43 -1.30706 -0.950415 -1.03095 1.15354
713 -1.84023 -1.44718 -0.769098 0.831378
531 -1.19512 -1.50832 -0.933545 0.625403
453 -1.07309 -1.97212 -0.903687 0.64216
475 -1.71401 -2.05296 -0.537126 0.303973
192 -1.5949 -1.0594 -1.15147 0.952003
756 -1.27651 -1.6085 -1.29662 0.451602
542 -1.01514 -1.39616 -0.897303 1.21918
795 -1.71648 -0.760097 -1.08331 0.653634
484 -1.57157 -1.68652 -0.68279 0.322147
760 -1.22595 -1.4113 -1.0758 0.504299
246 -1.65229 -0.906968 -1.44339 0.669304
164 -0.959221 -1.50519 -1.4393 0.713954
607 -1.09026 -1.55377 -1.01074 0.731942
724 -1.8263 -1.54257 -0.631128 0.7028
720 -1.19557 -1.68923 -0.70484 0.805159
752 -1.08004 -1.79449 -1.00713 0.851954
460 -1.08901 -1.75346 -0.75496 0.958082
534 -1.26 -1.51322 -0.867117 0.40846
703 -1.69112 -1.01981 -1.1191 0.558094
283 -2.37143 -1.65034 -0.31904 0.553309
297 -1.80274 -1.56106 -0.438427 0.567122
424 -1.62848 -1.4693 -0.622457 0.640813
679 -1.30264 -1.43885 -1.23744 0.599431
111 -1.35132 -1.27283 -1.1949 0.843225
219 -1.83382 -1.08381 -1.75656 0.410312
407 -1.10883 -1.34237 -1.62393 0.531092
749 -1.037 -1.7281 -1.19021 0.50883
427 -1.44039 -1.49437 -0.780226 0.429379
850 -1.50435 -1.57173 -0.718445 0.501228
471 -1.56926 -1.90718 -0.586242 0.326641
824 -1.39693 -1.85981 -0.458947 0.276204
879 -1.71071 -0.935862 -1.60336 0.746036
610 -1.85218 -2.12669 -0.845125 0.414182
794 -1.6699 -1.74745 -0.716284 0.437211
966 -1.75552 -1.60169 -0.752286 0.442037
408 -0.98213 -1.73722 -1.38073 0.558936
449 -0.966258 -1.93421 -0.896011 0.985585
524 -1.57938 -1.46284 -0.860794 0.839779
296 -1.96594 -1.30811 -0.481841 0.436055
161 -0.973897 -1.41221 -1.08778 0.446027
758 -1.34068 -1.54539 -1.15115 0.601942
810 -1.05597 -1.49785 -1.12407 1.43159
37 -1.12891 -1.36645 -0.859434 1.04497
47 -0.922969 -1.15902 -0.956163 1.00843
202 -1.60256 -1.00392 -1.12545 0.563127
204 -1.73778 -1.07374 -1.03417 0.46675
803 -1.58875 -1.01975 -1.45013 0.51165
227 -1.84289 -0.995076 -1.85864 0.580698
236 -1.47685 -1.00822 -1.25309 0.405379
974 -1.72447 -1.02162 -1.80462 0.587893
762 -1.5254 -0.934807 -1.66853 0.538869
446 -1.63669 -1.15863 -1.61411 0.651077
304 -1.73669 -1.3129 -0.296798 0.692442
945 -1.65409 -0.933901 -1.70556 0.554561
593 -1.15147 -1.88815 -0.89369 0.828568
761 -1.26248 -1.66038 -0.835366 0.653474
963 -1.30621 -1.41204 -1.24472 0.572934
658 -1.03299 -1.69223 -1.48207 0.729333
926 -1.1343 -1.57147 -1.1122 0.742499
523 -1.40434 -1.53208 -1.36012 0.650616
106 -1.01691 -1.52945 -1.4316 0.852831
911 -1.43776 -1.69746 -0.850345 0.54763
205 -1.79655 -0.795807 -1.0658 0.537144
674 -1.51766 -1.59702 -0.822244 0.703481
842 -1.62923 -0.944837 -1.03578 1.12324
948 -1.66102 -1.41495 -1.0977 0.990598
655 -1.25394 -1.57838 -0.975699 0.925713
72 -1.1453 -1.35864 -0.836232 1.07167
935 -1.61747 -1.76705 -0.859946 0.580003
241 -1.33424 -0.92091 -1.08206 0.600286
822 -1.50489 -1.37093 -0.973025 0.944285
834 -1.70683 -1.11792 -1.14249 1.07539
167 -1.24791 -1.34564 -0.973722 0.420533
622 -1.06104 -1.34869 -0.918644 1.21274
920 -0.890702 -1.39889 -0.938526 1.17693
938 -1.48028 -1.06135 -0.998826 0.823186
949 -1.65752 -0.966084 -1.30124 1.19135
324 -1.327 -1.81096 -0.841765 0.301465
987 -1.02243 -1.31965 -1.11553 0.532099
474 -1.71557 -1.94816 -0.683838 0.434464
645 -1.71795 -1.11508 -1.5658 0.608977
76 -1.10241 -1.31493 -1.10376 1.21166
511 -1.491 -1.36594 -0.816284 0.553824
777 -1.46074 -1.71332 -0.59502 0.500669
572 -1.78115 -1.38429 -0.701297 0.394086
431 -1.92801 -1.20497 -0.63765 0.61341
165 -1.09252 -1.69441 -1.25728 0.62656
913 -1.557 -1.00537 -1.48528 0.677431
143 -1.06308 -1.46043 -1.68142 0.490292
565 -1.11314 -1.70623 -1.21856 0.289437
100 -1.48817 -1.23792 -1.27282 0.978583
221 -2.0924 -0.890319 -1.7107 0.454314
73 -0.881481 -1.52016 -0.860105 1.26293
466 -0.84966 -1.41838 -1.06046 1.18025
41 -1.24212 -1.37057 -1.09206 1.1768
939 -1.31121 -1.34501 -1.02135 1.31024
508 -1.52686 -1.48214 -0.734475 0.582274
869 -1.52578 -1.56198 -0.612696 0.549938
239 -1.71797 -0.910877 -1.6576 0.688565
765 -1.49082 -1.07034 -1.16113 1.03105
901 -1.72574 -0.970086 -1.58419 0.761017
195 -1.92313 -1.07323 -1.14904 0.558578
373 -0.92875 -1.62038 -1.37594 0.522953
830 -1.71058 -1.23674 -0.940013 0.567988
763 -1.1611 -1.63675 -0.860826 0.829262
616 -1.38335 -1.43753 -0.803883 0.65629
320 -1.45106 -2.24987 -0.541738 0.455291
481 -1.57091 -1.83342 -0.623984 0.249344
122 -1.06973 -1.40488 -1.02828 0.815054
459 -0.981152 -1.62563 -0.974191 0.70824
646 -1.66543 -0.931016 -1.29375 0.711354
613 -1.51768 -1.79349 -0.699298 0.403707
697 -1.91531 -1.00203 -1.18156 0.83136
391 -0.957832 -1.47808 -1.16235 1.35017
29 -1.11778 -1.58816 -0.878792 1.46398
647 -1.53636 -0.850546 -1.54841 0.535656
973 -1.52587 -1.19603 -1.10315 0.544601
820 -1.01018 -1.46584 -1.08186 0.620598
187 -2.26825 -1.03817 -1.15557 0.362858
265 -1.03171 -1.72379 -1.53537 0.705469
486 -1.69391 -1.79717 -0.521446 0.480112
473 -1.88239 -1.8645 -0.533797 0.385757
541 -1.0818 -1.64586 -1.19152 1.23921
375 -0.936563 -1.75119 -1.56076 0.661892
268 -1.0885 -1.58073 -1.09648 0.571522
46 -1.27099 -1.3039 -1.1698 1.04814
871 -1.32335 -1.15248 -1.18082 0.919791
116 -1.50985 -0.91157 -1.26041 1.00866
704 -1.77916 -0.924012 -1.02663 0.661272
119 -1.12849 -1.17863 -1.24153 0.852465
891 -1.12515 -1.69074 -0.925929 0.650279
490 -1.12371 -1.67811 -1.0989 0.521191
259 -1.04162 -1.73989 -1.35259 0.607362
535 -1.19875 -1.30458 -1.20505 0.807791
566 -1.13919 -1.70641 -1.22363 0.461023
570 -1.18188 -1.52783 -1.28832 0.55697
32 -1.13902 -1.63102 -0.843643 1.3179
623 -1.11702 -1.49605 -0.827855 0.975578
716 -1.56014 -1.1498 -0.802567 0.601809
816 -1.32752 -0.95673 -1.39972 0.53808
767 -1.56139 -0.858598 -1.57758 0.495056
512 -1.89942 -1.46684 -0.561127 0.581365
868 -1.90465 -1.15427 -0.733414 0.588567
153 -0.877048 -1.78167 -1.26192 0.381302
802 -1.71045 -0.962316 -1.71072 0.699971
832 -1.72887 -1.37983 -0.89466 0.622123
404 -1.06404 -1.61824 -1.18334 0.575946
590 -1.5331 -0.910068 -1.11423 1.09027
378 -1.06461 -1.46339 -1.01781 0.746428
244 -1.18097 -1.34501 -1.01232 0.69843
199 -1.57306 -1.10685 -0.99574 0.476908
584 -1.64673 -1.09943 -1.34636 0.987179
941 -1.79844 -0.962072 -1.22068 0.375189
916 -1.09448 -1.6767 -1.02849 0.882236
872 -1.56959 -1.99459 -0.616811 0.527967
327 -1.64507 -2.18851 -0.69029 0.339088
882 -1.46039 -1.76726 -0.613372 0.528491
158 -1.01429 -1.69294 -1.29121 0.598695
529 -1.43205 -1.35874 -1.22227 0.518097
889 -1.88953 -1.61733 -0.423904 0.487061
766 -1.73623 -0.807411 -1.55931 0.472129
969 -1.63904 -1.04627 -1.49808 0.487596
337 -1.46082 -1.90844 -0.699079 0.410646
455 -1.1271 -1.92936 -0.705644 0.452289
240 -1.55762 -0.840442 -1.18081 0.611142
451 -1.08417 -1.67946 -0.825959 0.60943
306 -1.80195 -1.63684 -0.501287 0.442174
799 -1.69355 -0.980599 -1.57018 0.495536
650 -1.54645 -1.6915 -0.744023 0.362177
120 -0.883739 -1.53913 -1.01056 0.869224
862 -1.83074 -1.08432 -1.10137 0.558912
620 -1.03244 -1.37305 -0.854426 1.21009
303 -1.85469 -1.16283 -0.622411 0.634814
