1000 8
299 0.636059 -0.636896 -0.220686 -0.343773 1.22744 0.917509 0.13143 1.01883
278 1.18438 -0.753859 -0.356479 -0.292185 1.52986 0.967332 0.407043 1.07828
255 0.601265 -0.696589 -0.067574 -0.631472 1.25 0.839759 0.250955 1.04249
921 0.693566 -0.813907 -0.205699 -0.360741 1.47039 0.939047 0.161577 1.12983
414 0.678613 -0.861723 -0.252135 -0.468221 1.42008 0.914737 0.186282 1.30075
283 0.903003 -0.885781 -0.202748 -0.37251 1.42311 0.792749 0.262006 1.13982
268 0.033782 -0.641555 -0.0168108 -0.705585 1.03484 0.597212 0.203974 0.93673
396 -0.250886 -1.00613 0.097961 -1.20282 1.30481 0.721832 0.301776 1.06787
599 -0.0116525 -0.946903 0.0798212 -0.833265 1.20905 0.68677 0.427867 0.907474
596 0.399787 -0.596941 -0.210322 -0.516226 1.13927 1.11466 0.860538 0.833438
435 0.540074 -0.817858 -0.421419 -0.580543 1.61852 1.54222 1.63134 1.01513
631 0.238352 -0.514815 -0.450368 -0.29419 1.26727 1.14584 1.00983 1.04926
436 0.219987 -0.581289 -0.341442 -0.531722 1.4772 1.37785 1.35616 0.894679
434 0.365439 -0.543261 -0.300021 -0.634666 1.79937 1.49871 1.61099 0.804317
609 0.392734 -0.574093 -0.237015 -0.452149 1.41299 1.12778 1.0537 0.83887
450 0.275056 -0.546567 -0.14126 -0.554795 1.27364 1.32753 0.631063 1.01091
676 -0.0297299 -0.607555 -0.286911 -0.48726 1.12573 0.795713 0.331796 1.29385
662 -0.179088 -0.374589 -0.62631 -0.603005 1.48722 0.763617 0.460301 2.01586
517 -0.324327 -0.33201 -0.429276 -0.602412 1.47274 0.77996 0.210388 1.78448
837 -0.112073 -0.582884 -0.338725 -0.647206 1.35184 0.898079 0.334774 1.5554
515 -0.23481 -0.261617 -0.571151 -0.60132 1.42127 0.834799 0.308347 1.88972
444 0.436107 -0.54703 -0.373418 -0.3778 1.33399 1.12501 1.15638 0.996423
433 0.580263 -0.520695 -0.452254 -0.774747 1.5507 1.68312 1.39503 0.79591
443 0.380802 -0.691623 -0.509022 -0.340476 1.37082 1.27129 0.98738 0.916616
916 0.315981 -0.555086 -0.161395 -0.528535 1.20739 1.14097 0.543394 0.905059
610 0.356786 -0.700437 0.0995836 -0.602597 1.70214 1.08974 -0.0925704 1.28792
858 0.31812 -0.736346 0.00952103 -0.552739 1.52978 0.998 0.0383802 1.07531
481 0.450077 -0.758607 0.121212 -0.445449 1.64199 0.95152 0.0216151 1.05523
328 0.503112 -0.549789 0.0808064 -0.436809 1.4332 0.831675 -0.0198136 1.00436
171 0.317034 -0.58802 0.208922 -0.498544 2.11905 0.681998 -0.291007 1.1919
247 0.35195 -0.675119 0.309663 -0.563335 1.94353 0.639172 -0.386285 1.07563
193 0.308078 -0.647813 -0.0625266 -0.314705 1.42217 0.887699 0.319999 1.03058
126 0.718614 -1.18956 0.0788071 -0.241309 1.77086 1.0447 0.843795 0.998844
205 0.464498 -0.72475 -0.0156441 -0.426294 1.20542 0.960751 0.29674 1.0281
677 0.113337 -0.55389 -0.332642 -0.462659 1.21903 0.861721 0.0861169 1.2329
532 0.0112523 -0.623819 -0.337949 -0.482686 1.11558 0.892734 0.260332 1.29651
671 0.0343355 -0.565193 -0.380879 -0.495644 1.30429 0.865401 0.290609 1.34355
274 -0.123436 -0.0865589 -0.712376 -0.600429 1.40778 0.703099 0.259393 2.13911
111 -0.0929939 -0.527666 -0.296818 -0.45087 0.998807 0.940449 0.203316 1.37713
838 0.0225055 -0.523669 -0.552428 -0.510996 1.39042 1.09773 0.22739 1.35273
605 0.0750888 -0.600275 -0.282434 -0.483448 1.30523 0.927076 0.675811 1.19805
600 0.172221 -0.71647 -0.365855 -0.375095 1.16974 1.08651 0.760182 0.914078
607 0.13851 -0.65295 -0.303779 -0.429063 1.08936 1.13614 0.550585 0.887
220 -0.074805 -0.296338 -0.555897 -0.618802 1.20547 1.04484 0.0548787 1.48846
755 -0.00847188 -0.492976 -0.388194 -0.615296 1.30611 1.02992 0.347349 1.49323
669 -0.163456 -0.504251 -0.494817 -0.445165 1.27445 0.740759 0.350567 1.53842
437 -0.362439 -0.559132 -0.496825 -0.566269 1.33745 0.866255 0.853091 1.68594
134 0.38193 -0.762676 -0.536332 -0.636261 1.67612 1.43434 1.57995 0.90973
752 0.0520348 -0.651559 -0.0882489 -0.542525 1.1633 0.965966 0.60802 0.814601
133 -0.314796 -1.04433 0.38298 -1.43943 1.53101 0.956701 0.35221 1.40457
749 -0.220524 -0.982206 0.252348 -1.11016 1.33605 0.734917 0.34249 1.26238
469 0.135766 -1.09811 -0.00233568 -0.501619 1.094 1.10002 0.229152 1.34554
578 0.00457291 -1.66387 -0.012125 -0.408348 0.789341 1.22538 0.361734 1.67886
835 0.167664 -0.891822 -0.0742143 -0.370537 0.997031 0.885126 0.387794 1.09307
341 0.581351 -0.732276 0.122024 -0.387911 1.46474 1.01245 0.39497 1.14168
168 0.928027 -1.04974 0.287202 -0.283958 1.84302 1.04113 0.467437 1.04677
351 0.508752 -0.859435 0.000457427 -0.373166 1.43446 0.906513 0.528406 1.02538
339 0.867995 -1.03586 0.106327 -0.2555 1.60499 1.12308 0.516641 1.09291
170 0.505634 -0.824093 -1.22656 -0.229594 1.35617 1.70851 -0.106051 1.16199
224 0.221741 -0.725143 -1.03581 -0.335533 1.24707 1.38934 -0.0888036 1.04058
240 0.0969306 -0.560356 -0.664817 -0.253078 1.09487 1.15496 0.13395 0.98077
277 1.23146 -0.85389 -0.168131 -0.296079 1.63014 0.935772 0.0698575 1.39389
888 0.679693 -0.754323 -0.126965 -0.414847 1.43549 0.809151 0.228469 1.15113
978 0.408455 -0.830378 -0.189304 -0.412043 1.37778 0.801258 0.305729 1.17828
431 0.608579 -0.783582 -0.190251 -0.374236 1.37375 0.834569 0.327079 1.23771
410 1.49322 -1.22143 -0.261168 -0.435053 1.59267 1.02081 0.11927 1.39962
289 1.09498 -0.817808 -0.245547 -0.25489 1.28458 0.958431 0.0911091 1.12879
284 1.08072 -0.866976 -0.14653 -0.230005 1.53749 0.803396 0.356252 1.09903
951 0.66273 -0.623336 -0.172244 -0.334796 1.30077 0.916841 0.24898 1.11758
318 0.994265 -0.827146 0.0131671 -0.353538 1.57839 0.874452 0.053637 1.21711
516 -0.222816 -0.380465 -0.625267 -0.0816605 1.28164 1.73929 0.944607 1.6472
942 0.19483 -0.502544 -0.260277 -0.32942 1.16735 1.17382 0.445467 1.30184
828 0.175898 -0.378864 -0.109587 -0.33668 1.19525 1.34258 0.420718 1.18252
271 1.48072 -0.834206 -0.132243 -0.433003 1.70866 0.963041 0.0451526 1.4807
287 0.807666 -0.686975 -0.145984 -0.374753 1.29747 0.883113 0.279823 1.13021
49 0.329922 -0.289449 0.0747243 -0.68729 0.937392 1.22235 -0.100514 0.926339
1 0.202955 -0.380343 0.280614 -1.40545 1.12135 1.91142 -0.0652113 1.53999
63 -0.0902801 -0.72366 0.11311 -0.989437 1.0386 0.840751 0.236215 1.03545
366 -0.301542 -0.989861 -0.00847459 -1.00921 1.29118 0.800719 0.299524 1.25842
365 -0.353243 -1.07903 0.331756 -1.32344 1.43608 0.783834 0.291527 1.26015
138 -0.355171 -0.947564 0.294272 -1.4217 1.39033 0.76275 0.316117 1.16027
128 -0.407075 -0.96374 0.249672 -1.66744 1.5933 0.821039 0.334937 1.39079
127 -0.0798771 -1.22387 0.438006 -1.70412 1.69346 0.86168 0.262746 1.34853
248 -0.214279 -0.914804 0.342953 -1.24396 1.53567 0.686075 0.0894564 1.21771
264 -0.0571547 -0.966192 0.092046 -0.944963 1.29678 0.632348 0.312551 1.07188
613 0.206339 -0.643533 0.155507 -0.65617 1.49253 0.915399 0.0128778 1.16389
408 -0.0972677 -0.887023 0.00454812 -0.85542 1.29594 0.757066 0.311083 1.08961
132 -0.469299 -1.29367 0.0702438 -1.41331 1.60144 0.834304 0.351852 1.34414
158 -0.130759 -0.844798 0.125574 -0.860835 1.25017 0.750115 0.455968 1.04694
125 -0.258104 -1.3789 0.305206 -1.47678 1.73655 0.82846 0.476549 1.25533
151 -0.125536 -0.98212 0.0982291 -1.05709 1.19702 0.674695 0.299859 1.09313
13 -0.138568 -0.964656 0.304312 -1.3117 1.36922 0.953666 0.25756 1.16896
129 -0.426285 -1.232 0.0435876 -1.45711 1.49522 0.821317 0.460102 1.35489
398 -0.253582 -1.2102 -0.0592925 -1.01982 1.18605 0.756958 0.608126 1.06629
162 -0.155473 -0.894086 -0.062114 -0.883569 1.03888 0.699371 0.293473 1.05327
107 0.148862 -1.01956 -0.184548 -0.473136 0.995605 1.02544 0.335881 1.25423
114 0.12346 -0.902443 -0.0606478 -0.456079 0.941752 0.968992 0.264827 1.20046
79 -0.0400519 -1.81812 0.111802 -0.508502 0.639729 1.51812 0.285852 1.74495
101 0.087928 -0.929946 0.044528 -0.656494 0.935087 1.28195 0.191627 1.2529
35 0.288111 -0.326516 0.0425145 -0.833526 1.04864 1.35347 -0.120136 0.923613
18 0.383477 -0.305014 0.281452 -1.24658 1.21683 1.88192 -0.301759 1.21935
2 0.152129 -0.476349 0.247365 -1.37805 1.1814 1.95851 -0.269985 1.2916
388 0.0385808 -0.472945 0.246408 -1.04748 1.03126 1.39289 -0.16739 1.06241
380 0.373768 -0.428555 0.191475 -1.11155 1.21279 1.77076 -0.121056 1.12586
979 0.510184 -0.690526 -0.114447 -0.627865 1.20329 1.09585 0.149841 1.05545
416 0.868128 -0.838271 -0.0376767 -0.397092 1.50003 0.770809 0.103482 1.1933
419 0.634608 -0.781623 -0.140685 -0.321845 1.3886 0.959591 0.181304 1.15315
8 0.654154 -0.633272 0.446059 -0.541219 2.30265 0.862323 -0.623891 1.16301
634 0.254021 -0.429112 -0.177863 -0.481729 1.27516 1.18985 0.801399 0.918033
242 0.106313 -0.588216 -0.581513 -0.513775 1.14032 1.26797 -0.0810777 0.970593
207 0.14441 -0.889904 -1.23566 -0.582215 1.42608 1.71191 -0.327259 1.04087
234 0.194211 -0.623353 -0.647651 -0.360847 1.13825 1.22691 0.0013517 0.912944
767 0.100971 -0.480768 -0.731527 -0.272888 1.08225 1.18287 0.0704299 1.0309
214 0.228171 -0.708789 -1.14833 -0.343171 1.32188 1.56799 -0.202676 1.11345
747 0.0247421 -0.802093 -0.879122 -0.613245 1.34714 1.44108 -0.284109 0.975596
9 0.617351 -0.259569 0.028962 -1.10896 1.15805 2.05633 -0.0647088 1.11361
4 0.356518 -0.285713 0.117992 -1.3279 1.3999 2.04091 -0.211219 1.2287
540 -0.0639624 -0.536731 -0.345203 -0.551613 1.25618 0.908194 0.398611 1.32196
663 -0.394346 -0.401311 -0.592821 -0.612309 1.42669 0.75526 0.300242 1.98105
760 -0.133142 -0.45808 -0.532502 -0.527491 1.19375 0.657325 0.481252 1.55539
918 0.112422 -0.527018 -0.164309 -0.438942 1.16858 0.832614 0.111813 1.09361
968 0.374224 -0.80281 -0.420366 -0.413681 1.27116 0.93157 0.149083 1.21026
395 -0.124739 -0.948033 -0.806921 -0.711183 1.26959 1.18484 0.0400262 1.17402
813 0.111217 -0.659501 -0.724468 -0.379002 1.11914 1.1904 0.0728305 1.08429
215 0.0738424 -0.86069 -1.08895 -0.31494 1.26342 1.43856 -0.211423 1.20171
233 0.106508 -0.488516 -0.600855 -0.511048 0.983016 1.33723 -0.177779 1.01961
708 -0.193934 -0.347185 -0.372886 -0.0880749 1.26944 1.60859 0.873267 1.57974
946 0.21562 -0.586125 -0.0603282 -0.536634 1.38616 1.12561 0.22469 1.15208
935 0.198929 -0.630793 -0.0759696 -0.554706 1.51123 1.08158 0.161028 1.07344
632 0.289687 -0.638782 -0.236378 -0.460009 1.42582 1.25583 0.805142 1.00422
468 0.288085 -0.553758 0.230701 -0.589679 1.81481 1.04775 -0.199324 1.09704
794 0.263496 -0.716044 0.0789078 -0.486778 1.31006 0.987214 0.0136922 1.12884
642 0.146309 -0.604038 -0.723304 -0.376976 1.29334 1.25686 -0.0680537 1.15271
232 0.251833 -0.468443 -0.423335 -0.498879 1.06245 1.31924 -0.160044 1.01158
241 0.084646 -0.602671 -0.501194 -0.373727 1.11571 1.09982 0.0895061 0.963818
208 0.329026 -0.778796 -1.42448 -0.197663 1.48739 1.69769 -0.192291 1.19472
88 0.0288166 -0.910578 -1.13404 -0.146575 1.17723 1.68303 0.100909 1.24901
900 0.275946 -0.765244 -0.641562 -0.298585 1.22257 1.40096 0.0732409 1.11392
805 0.000718995 -1.14796 -0.0824438 -0.489006 0.924709 0.909519 0.180155 1.20302
319 0.231988 -0.540697 0.092835 -0.625989 1.75423 0.809618 -0.258232 1.25221
934 0.299723 -0.623643 0.0637749 -0.411571 1.51309 0.997747 -0.109544 1.10198
327 0.341701 -0.604316 0.0975843 -0.333672 1.62368 0.930546 -0.255996 1.18621
475 0.489872 -0.634114 0.24389 -0.442057 1.75146 0.851192 -0.206466 1.05898
966 0.438791 -0.619439 0.134848 -0.388549 1.38828 0.801651 0.014249 1.0377
726 0.345884 -0.535017 0.207995 -0.285341 1.9891 0.967723 -0.374548 1.09268
222 0.386232 -0.432682 0.0179674 -0.378873 1.55341 0.96944 -0.206991 0.95332
745 0.400036 -0.604308 0.0563945 -0.367378 1.5609 0.76846 -0.102312 1.0758
686 0.180683 -1.12218 -0.106611 -0.412104 1.06568 1.036 0.363593 1.23857
94 0.205629 -1.22028 -0.310395 -0.374427 0.8535 0.989321 0.135324 1.16516
281 0.350482 -1.28695 -0.100452 -0.370279 1.08423 0.916214 0.2431 1.34976
279 1.28606 -0.981086 -0.30363 -0.234082 1.64442 0.85938 0.0983161 1.3344
418 0.911008 -0.812114 -0.220383 -0.27198 1.41828 0.921768 0.116915 1.28427
95 0.300981 -1.48664 -0.172668 -0.33147 0.876897 0.881434 0.212892 1.28383
790 -0.0340612 -1.37237 0.0264863 -0.524708 0.949406 0.989833 0.255031 1.33529
86 0.00500398 -1.37714 -0.0104497 -0.613575 0.84139 1.17397 0.227925 1.4823
55 0.138091 -0.396947 0.272631 -1.39514 1.1869 1.50894 -0.139216 1.10376
379 0.0327221 -0.874091 -0.0545617 -0.585808 0.827557 0.815997 0.255155 1.13102
217 0.0739321 -0.943847 -0.275555 -0.400471 0.869192 1.31228 0.336281 1.33572
90 0.0963001 -1.38496 -0.185249 -0.337262 0.989733 1.11455 0.426576 1.40518
782 0.167195 -1.23424 -0.108901 -0.481699 1.02837 0.889184 0.279978 1.31932
681 0.638195 -1.10774 0.0780498 -0.242622 1.77665 0.913159 0.610501 1.08668
230 0.218316 -0.617179 -0.738461 -0.429903 1.07575 1.3982 -0.0460641 0.899223
769 0.148917 -0.74458 -0.52871 -0.519088 1.13272 1.12097 0.181086 0.938082
771 0.210078 -0.738194 -0.653603 -0.361695 1.10106 1.29321 0.150627 1.06028
617 0.382487 -0.59325 -0.679527 -0.464234 1.20921 1.47663 -0.132961 1.08972
706 -0.232784 -0.0759077 -0.287708 -0.0637461 1.3368 1.76289 0.800339 1.58334
800 0.121947 -0.761589 -0.709803 -0.428503 1.10052 1.18437 0.0745985 0.933707
932 0.110042 -0.704271 -0.554326 -0.438455 1.24611 1.22208 0.201767 1.06433
814 0.249325 -0.734318 -0.59863 -0.415465 1.22224 1.20018 0.0860915 1.05624
210 0.180748 -0.845234 -1.21814 -0.394437 1.33408 1.60096 -0.0998588 1.1188
647 0.0634682 -0.749418 -0.630438 -0.437017 1.15648 1.05162 0.011974 1.0832
635 -0.0394134 -1.05442 -1.25735 -0.37098 1.28887 1.37936 -0.17953 1.1668
225 0.0529388 -0.817373 -0.909945 -0.415731 1.14809 1.42863 -0.206966 0.921705
816 0.174625 -0.662958 -0.550821 -0.431175 1.18744 1.252 -0.0456661 0.867705
945 0.111674 -0.778698 -0.801033 -0.334133 1.32448 1.42366 0.0463115 1.09969
849 0.337579 -0.60511 0.122053 -0.550354 1.50648 0.840811 -0.162239 1.11353
536 0.55305 -0.556614 0.231822 -0.51644 1.87113 0.875793 -0.291525 0.999586
355 0.329478 -0.56798 0.0610043 -0.479547 1.33045 0.814221 -0.0196207 1.00387
559 0.128155 -0.552159 0.00793229 -0.435603 1.27056 0.811111 -0.10518 1.05312
314 0.389751 -0.711871 0.309109 -0.363304 1.83655 0.828329 -0.419644 1.14087
868 0.476107 -0.77753 -0.299102 -0.382951 1.32727 1.07237 0.198544 1.11991
15 0.311012 -0.877665 -1.05427 -0.415954 1.32921 1.68365 -0.350866 1.06174
236 0.195936 -0.623526 -0.660623 -0.300281 1.27515 1.17828 -0.16906 0.897081
831 0.155957 -0.585856 0.0457787 -0.544548 1.40109 0.925944 0.140039 1.06012
394 -0.331136 -0.336556 -0.177165 -0.478313 1.32516 1.43192 0.931445 1.38351
917 0.235268 -0.277754 0.179603 -0.737109 0.992178 1.34412 -0.128441 0.967651
0 0.461283 -0.524118 0.364357 -1.26667 1.24774 1.99847 -0.308754 1.32052
391 0.257112 -0.235182 0.059727 -0.968575 1.10295 1.40336 -0.214097 1.01533
810 0.161056 -0.391766 0.17914 -0.906444 1.07701 1.43674 -0.232726 1.073
102 0.056912 -1.35646 -0.0637043 -0.367351 0.880927 0.963546 0.425851 1.32866
780 -0.0288144 -1.49476 -0.25323 -0.620484 1.10351 0.881203 0.146813 1.23398
83 0.0460376 -1.51187 -0.0302425 -0.462511 0.823284 1.32651 0.390174 1.58073
91 0.10981 -1.20089 -0.131964 -0.387542 0.959931 1.11767 0.364581 1.26734
930 0.0949794 -1.25955 -0.0376621 -0.572526 1.1937 1.08268 0.326185 1.31073
112 0.0323355 -1.07272 -0.0771399 -0.354388 0.781392 0.9575 0.399599 1.24029
397 -0.145972 -1.37805 -0.0542035 -0.611082 0.869546 0.759873 0.292161 1.3664
387 0.278834 -0.235524 -0.0766881 -0.990331 1.17812 1.72236 -0.256901 1.00814
3 0.405789 -0.319658 -0.0354729 -1.20875 1.40583 2.18553 -0.370558 1.18793
5 0.125477 -0.285675 0.05868 -1.29866 1.16332 1.95643 -0.312787 1.46501
539 0.255479 -0.291131 0.128072 -1.08682 1.26829 1.74805 -0.250064 1.14157
321 0.326858 -0.695709 0.205166 -0.518775 1.71252 0.972939 -0.281715 1.16982
857 0.0757587 -1.0113 -0.123932 -0.406871 1.06622 0.968381 0.313374 1.17091
501 0.0785649 -0.668841 -0.296429 -0.494369 1.16792 0.842949 0.270787 1.36417
973 0.0662627 -0.633737 -0.544355 -0.47784 1.31871 0.985575 0.121699 1.36289
272 1.36048 -0.914376 -0.514642 -0.23798 1.76148 0.979125 0.199333 1.55194
145 -0.249894 -1.16025 -0.00612948 -1.12154 1.28829 0.776559 0.46465 0.990357
987 0.0861612 -0.854124 -0.0582527 -0.655239 1.0771 0.75729 0.223674 0.971643
656 -0.0507546 -1.0121 0.124118 -0.878393 1.30468 0.836096 0.372704 1.00442
139 -0.118919 -1.07915 0.205604 -1.1493 1.47051 0.662193 0.30606 1.25614
399 -0.18451 -0.940909 0.105078 -1.00737 1.28437 0.772949 0.320398 1.15901
253 -0.130055 -1.09283 0.199494 -1.21279 1.34469 0.866092 0.302718 1.12631
251 -0.209195 -0.976541 0.124269 -1.12303 1.23093 0.807338 0.287383 1.08034
147 0.0112357 -0.950173 0.046559 -0.956357 1.27361 0.755506 0.214305 1.0316
6 0.582967 -0.239559 0.144616 -1.10668 1.32593 2.07609 -0.101767 1.26016
7 0.763329 -0.797426 0.21584 -0.330498 1.63868 1.11917 0.46737 1.01117
695 -0.0850674 -0.262743 -0.295103 -0.124064 1.16938 1.50971 0.785959 1.42724
637 -0.0616112 -0.267648 -0.430069 -0.0994622 1.13682 1.57451 0.768743 1.44807
712 0.0233187 -0.480461 -0.310742 -0.269335 1.22451 1.3023 0.617923 1.2202
187 0.546404 -0.841918 -0.0714414 -0.294728 1.65291 0.87154 0.427081 1.11102
185 0.508063 -0.864445 -0.0306697 -0.396129 1.41641 0.921661 0.709039 1.00776
190 0.516768 -0.774748 -0.127668 -0.306013 1.36921 0.915312 0.498961 1.01172
178 0.628291 -0.875556 0.0893548 -0.344482 1.42894 1.00712 0.506218 1.0257
344 0.491236 -0.818215 -0.0016927 -0.427986 1.3842 0.901075 0.310459 1.13383
342 0.654221 -0.723156 0.100074 -0.545285 1.40545 1.28205 0.181662 1.0961
972 0.402719 -0.675716 -0.0277061 -0.465231 1.27599 0.985529 0.104678 1.15412
263 -0.0297127 -0.57653 -0.226463 -0.53218 1.14137 0.810367 0.250423 1.22354
665 -0.150558 -0.585579 -0.417297 -0.513421 1.30109 0.716709 0.315878 1.59715
421 0.866948 -0.952663 -0.165345 -0.39464 1.42415 0.915011 0.160097 1.22157
415 0.971384 -0.630873 -0.0722273 -0.449606 1.39881 1.01195 0.106208 1.05216
428 0.692582 -0.791244 -0.23278 -0.439375 1.53105 0.879517 0.167277 1.18661
503 0.59485 -0.759174 -0.15657 -0.34996 1.39052 0.814007 0.231747 1.24351
377 0.0199403 -0.678387 -0.108524 -0.778388 1.11582 0.723226 0.343229 1.26902
993 0.0591672 -0.678182 -0.355388 -0.575241 1.37071 0.905964 0.38503 1.53533
369 -0.310995 -0.395853 -0.31189 -0.678663 1.27652 0.649951 0.285906 1.59984
664 -0.0851017 -0.302615 -0.465236 -0.640313 1.40184 0.871206 0.0456738 1.65903
963 -0.111274 -0.574849 -0.266544 -0.515787 1.18445 0.781937 0.263155 1.40717
670 -0.0398781 -0.603011 -0.362077 -0.57013 1.26809 0.802418 0.248536 1.40261
294 0.809194 -0.774265 -0.195705 -0.27691 1.43927 0.78144 0.0548502 1.16506
497 0.920402 -0.769535 -0.21681 -0.261263 1.46742 0.898843 0.394718 1.09157
424 0.728347 -0.811878 -0.0758604 -0.315459 1.35032 0.833767 0.185066 0.983313
504 0.871593 -0.823079 -0.145675 -0.244166 1.34221 0.828163 0.128561 1.14292
413 0.918988 -0.941904 -0.188645 -0.297665 1.42356 0.915825 0.205002 1.10492
586 0.258183 -1.23213 -0.0720301 -0.339306 0.897584 0.947242 0.388197 1.29001
96 0.0861327 -1.15184 -0.14966 -0.328351 0.967935 1.17987 0.449244 1.57812
582 0.14102 -1.10471 -0.253382 -0.472238 1.06719 1.1809 0.254612 1.36953
644 0.19312 -0.789817 -0.31264 -0.36527 1.14878 1.08307 0.160018 1.20204
179 0.397564 -0.605674 -0.378888 -0.340017 1.52389 1.1444 1.19659 0.892395
451 0.320994 -0.468249 -0.246011 -0.447884 1.28405 1.02995 0.717892 0.89208
592 0.43552 -0.578393 -0.354767 -0.543481 1.42726 1.44277 1.27501 0.932658
439 0.279391 -0.418317 -0.255713 -0.561032 1.33928 1.39883 1.01591 0.811001
448 0.281504 -0.567896 -0.315882 -0.509945 1.18982 1.15417 0.912888 0.820774
626 0.295646 -0.555438 -0.341751 -0.407153 1.52614 1.24142 1.09163 0.901782
161 -0.174224 -0.817598 -0.0125792 -0.663876 1.15173 0.712993 0.366845 1.0186
593 0.26484 -0.590632 -0.296499 -0.418702 1.31499 1.21263 1.27876 0.909193
10 0.378392 -0.394868 0.310825 -1.14717 1.11886 1.78565 -0.123437 1.16493
12 0.264241 -0.528456 0.330679 -1.25072 1.15223 1.78972 -0.205589 1.29547
29 0.461668 -0.373462 0.232163 -0.910467 1.16553 1.43458 -0.242432 1.02351
384 0.307611 -0.311675 0.196284 -0.804153 1.19669 1.50998 -0.286454 1.03765
24 0.273139 -0.198765 0.154249 -1.06637 1.14667 1.9407 -0.291154 1.23169
640 0.201362 -0.716007 -0.906321 -0.316117 1.23897 1.383 -0.0242168 1.06112
209 0.306801 -0.856561 -1.33228 -0.201174 1.52089 1.58091 -0.000721018 1.14259
167 0.00544947 -0.534146 -0.140429 -0.424129 1.20189 0.973543 0.626383 1.09102
826 -0.167717 -0.416121 -0.190612 -0.346767 1.3698 1.16048 0.842429 1.35432
172 0.487104 -0.945237 0.102263 -0.266771 1.60174 0.752964 0.689853 1.12013
585 0.355774 -0.923106 -0.0374876 -0.393703 1.19055 0.865381 0.434012 1.07071
347 0.398396 -0.712024 0.110751 -0.4523 1.25961 0.98041 0.362623 1.06986
710 -0.00999003 -0.481984 -0.308764 -0.270039 1.21101 1.38876 0.713654 1.33725
705 -0.234137 -0.291766 -0.40769 -0.0469128 1.27552 1.92908 0.867522 1.59846
471 0.243721 -0.508841 0.0833202 -0.643217 1.46585 0.972724 -0.284073 0.918425
313 0.466362 -0.635331 0.108931 -0.433817 1.95026 0.925089 -0.269685 0.94546
553 0.326769 -0.717672 0.104606 -0.431125 1.42272 0.83819 -0.132837 1.00613
80 0.0575881 -1.80538 0.0222615 -0.378783 0.840538 1.24636 0.504275 1.8462
115 0.228386 -0.989634 -0.13531 -0.347961 0.98165 0.944121 0.338138 1.15672
61 0.110561 -1.06906 0.037307 -0.774144 0.852626 1.18012 0.236172 1.25004
98 0.113419 -0.963284 -0.046092 -0.407057 0.937685 1.01626 0.35309 1.1506
907 0.0455329 -0.608208 -0.301908 -0.349311 1.14844 1.11476 0.53255 1.22657
33 0.217681 -0.438085 -0.130315 -0.483164 1.19926 1.43184 0.296471 1.2508
438 0.559054 -0.813234 0.050527 -0.261178 1.64215 0.811837 0.372663 1.07772
685 0.36104 -0.860037 0.0101236 -0.317181 1.38176 0.909144 0.452845 0.963384
169 0.841861 -1.16973 0.00307946 -0.0787486 1.82637 1.05976 0.663128 1.06899
757 0.0244717 -0.490678 -0.266275 -0.556823 1.26169 0.915794 0.26809 1.27591
756 -0.23355 -0.302047 -0.609972 -0.539045 1.13015 0.867361 0.172463 1.62645
604 0.268401 -0.585331 -0.241178 -0.334322 1.15206 0.986893 0.564059 0.920165
491 0.169256 -0.646113 -0.198853 -0.498286 1.2018 1.07647 0.870164 0.944468
608 0.383537 -0.65495 -0.246444 -0.418814 1.24107 1.07893 0.926814 0.874651
254 0.257367 -0.628761 -0.155781 -0.638527 1.27413 1.21756 0.835754 0.97857
527 0.0323586 -0.650553 -0.371329 -0.49192 1.31471 1.06609 0.325309 1.31284
995 -0.0336904 -0.568898 -0.500622 -0.539665 1.38311 0.851645 0.500434 1.65951
672 -0.121483 -0.614531 -0.221205 -0.586872 1.07882 0.756967 0.332968 1.21858
603 0.366596 -0.601746 -0.185631 -0.42349 1.30404 1.12116 0.648991 1.00445
27 0.250088 -0.416801 0.283631 -1.09732 1.21205 1.49352 -0.208529 1.09485
53 0.349694 -0.290383 0.217832 -1.27853 1.11811 1.92959 -0.308763 1.23217
22 0.553133 -0.327186 0.183141 -1.09655 1.11029 1.87438 -0.311416 1.19042
121 0.0705902 -0.93312 -0.0879831 -0.43125 0.829683 1.01351 0.159393 1.16671
97 0.0700346 -1.25118 0.0596683 -0.522224 1.05636 1.01416 0.360899 1.33367
682 0.608691 -0.938885 0.0523278 -0.36325 1.4106 0.982518 0.519131 1.06332
859 0.525531 -1.14978 0.0965574 -0.240211 1.5805 0.955444 0.505535 1.15037
257 0.105768 -0.959473 0.111751 -0.766814 1.37996 0.756078 0.327875 1.22325
258 -0.0966674 -1.00814 0.111516 -0.836136 1.1252 0.661074 0.401746 0.99988
135 -0.359121 -1.35969 0.303798 -1.44026 1.525 0.774736 0.403893 1.46666
67 -0.15856 -0.720096 0.29292 -1.08546 1.07661 0.855474 0.0615543 1.0094
250 -0.124954 -0.920634 0.332534 -1.13781 1.37602 0.685654 0.251614 1.14679
476 0.354829 -0.638396 0.174023 -0.474108 1.37846 0.902117 -0.065468 0.967416
31 0.256406 -0.154839 0.0746705 -0.86229 0.997149 1.64246 -0.104422 0.976191
44 0.252507 -0.277263 0.170022 -0.85905 1.0085 1.48547 -0.265932 1.07736
17 0.260748 -0.308307 0.151612 -1.0286 1.09634 1.78432 -0.239977 1.29725
20 0.739262 -0.264397 0.0672724 -0.900852 1.21661 1.79154 -0.317846 1.10459
809 0.24611 -0.299425 0.143323 -0.93289 1.08835 1.60101 -0.154592 1.08014
568 -0.180613 -0.885784 0.157485 -0.869179 1.08017 0.882377 0.259196 1.05016
560 -0.0912736 -0.989657 0.138112 -0.988735 1.3633 0.759263 0.278304 1.18817
922 0.552561 -0.578532 -0.163951 -0.392926 1.31782 0.9315 0.288044 1.023
897 0.781806 -0.814535 -0.163535 -0.418845 1.4628 0.841775 0.201205 1.0543
462 0.614791 -0.663784 -0.109506 -0.511719 1.27324 1.06562 0.0740143 1.08096
292 0.774402 -0.634692 -0.091641 -0.503381 1.40787 1.03852 0.151091 1.11387
37 0.4488 -0.300483 0.0775868 -0.855394 1.11076 1.44927 -0.163869 1.04163
541 0.309968 -0.369199 -0.0440411 -0.907262 1.18344 1.60953 -0.153652 0.931906
466 0.245171 -0.232736 0.112348 -0.976563 1.01703 1.40752 -0.214192 0.924911
748 0.193213 -0.163791 0.0516187 -0.871593 1.07275 1.56198 -0.0599095 1.08936
459 0.26774 -0.442763 -0.08385 -0.544044 1.1188 1.15821 0.461057 0.900058
362 0.289612 -0.565026 -0.253769 -0.537138 1.36782 1.23871 1.18667 0.953634
449 0.138497 -0.409249 -0.263913 -0.582766 1.22574 1.16248 0.561403 0.938755
441 0.31269 -0.61924 -0.270086 -0.539366 1.33156 1.20545 1.0869 0.799596
432 0.459428 -0.479064 -0.388978 -0.538258 1.72559 1.52133 1.41238 0.749243
447 0.229424 -0.563973 -0.187563 -0.493261 1.31835 1.307 0.628452 0.986765
732 0.105071 -0.256705 -0.0876583 -0.412375 1.12628 1.54238 0.358902 1.25147
731 -0.0727039 -0.409994 -0.375509 -0.130299 1.18975 1.35053 0.474317 1.34534
775 0.199512 -0.605178 0.0473302 -0.575135 1.49978 0.875558 -0.104439 1.09134
315 0.38891 -0.576616 0.115711 -0.56867 1.78269 0.977768 -0.317012 1.23235
275 0.6625 -0.495324 0.30846 -0.475225 2.00099 1.01861 -0.287909 1.08867
684 0.437268 -0.892652 -0.108254 -0.431076 1.52734 0.99153 0.420476 1.1345
356 0.462819 -0.771339 -0.109598 -0.466836 1.30798 0.991673 0.363418 1.08009
998 0.335039 -0.797187 -0.121926 -0.538919 1.45445 1.05301 0.303091 1.18954
690 0.288192 -0.604479 0.110126 -0.544875 1.18082 0.996849 0.157914 0.90118
50 -0.451128 -0.139164 -0.581546 -0.855188 1.36495 0.869222 0.430469 2.16377
524 0.0737069 -0.270049 -0.367724 -0.50519 1.14578 0.894157 0.10533 1.59713
639 0.392807 -0.656318 -1.05596 -0.229569 1.16855 1.30973 -0.157536 1.17239
877 0.243891 -0.758656 -0.467336 -0.238974 1.19315 1.14003 0.132102 1.02935
221 0.280981 -0.902958 -0.892364 -0.289173 1.36157 1.38399 0.000448969 1.1124
228 0.251978 -0.770003 -1.05032 -0.305365 1.39089 1.44915 -0.0447934 1.12055
798 0.31846 -0.638846 -0.963983 -0.301423 1.33899 1.38514 -0.00634586 1.09209
994 0.245996 -0.821079 -0.425988 -0.441017 1.30151 1.1623 0.204132 1.15121
16 0.32669 -0.35395 0.158177 -1.15074 1.05682 1.85808 -0.247853 1.1789
701 0.268488 -0.562759 0.038132 -0.61185 1.15625 1.0467 0.0482544 0.887853
724 0.235792 -0.642189 -0.187769 -0.419291 1.36425 1.20989 0.447885 1.26101
734 0.169122 -0.582969 -0.216388 -0.435646 1.42859 1.27839 0.492433 1.30054
952 0.619044 -0.720319 -0.229898 -0.373304 1.41305 0.862059 0.117398 1.10408
854 0.313492 -0.443867 0.0238489 -0.796684 1.16709 1.39341 -0.0539145 1.06548
14 0.519736 -0.381605 0.105402 -1.0056 1.28134 1.6709 -0.381439 1.18752
211 0.443769 -0.86024 -1.13602 -0.276505 1.41868 1.53772 -0.149955 0.986738
223 0.202085 -0.722115 -0.983308 -0.408286 1.11264 1.42084 -0.226526 1.0343
819 0.29954 -0.735469 -0.21941 -0.437971 1.25535 0.985603 -0.0243588 1.09876
338 0.227679 -0.697112 -0.0409218 -0.479338 1.30995 0.873409 -0.0358891 0.985968
103 0.184811 -0.816271 0.0343239 -0.487341 1.33738 0.963931 0.0934546 1.16755
821 0.447942 -0.647406 0.0572516 -0.452084 1.52001 0.798199 -0.0790665 1.03495
976 0.241187 -0.695233 -0.062155 -0.632832 1.5224 1.02734 -0.0295513 1.18855
231 0.186387 -0.734648 -0.912643 -0.348083 1.25861 1.39079 -0.0794787 1.07614
252 -0.0499717 -0.938171 0.116022 -0.99348 1.13651 0.866632 0.239174 1.20985
565 -0.256984 -0.975432 0.1764 -1.09775 1.38319 0.493891 0.264609 1.07238
678 0.0974411 -0.436514 -0.377288 -0.321225 1.2832 0.604613 0.185822 1.26227
758 -0.139059 -0.511486 -0.453738 -0.529845 1.28737 0.814417 0.335638 1.67684
519 -0.191154 -0.475494 -0.598145 -0.560378 1.13179 0.920575 0.421553 1.73538
883 -0.0677861 -0.52753 -0.371709 -0.485357 1.19958 0.859318 0.164935 1.30467
885 -0.0594282 -0.491943 -0.439393 -0.597865 1.13695 0.930865 0.304779 1.31355
513 -0.300341 -0.233461 -0.587227 -0.621472 1.42007 0.792865 0.202608 1.90655
180 0.490494 -1.00708 -0.0075127 -0.300923 1.54696 0.846926 0.693077 1.1054
43 0.102898 -0.7451 0.0119995 -0.498493 0.941879 1.04804 0.173224 1.00888
789 0.00613717 -1.45124 0.0103001 -0.563541 0.837908 1.20043 0.290015 1.49292
841 0.0811761 -1.15942 -0.0826167 -0.521737 1.14876 1.09475 0.447296 1.44411
99 0.335347 -1.07678 -0.106695 -0.391252 1.21701 0.97303 0.388162 1.34625
85 0.143841 -1.55064 0.0324416 -0.42029 0.815972 1.10412 0.3948 1.44143
788 0.132482 -1.04371 -0.0162795 -0.392921 0.952418 0.936166 0.300913 1.24503
597 0.195656 -0.544855 -0.266339 -0.453166 1.25149 1.18602 0.977432 0.904186
456 0.297475 -0.615032 -0.243148 -0.359995 1.38246 1.10569 0.698489 0.856353
442 0.257378 -0.631332 -0.313516 -0.436544 1.34717 1.31358 1.06329 0.886101
598 0.36058 -0.540579 -0.274706 -0.426416 1.38347 1.01416 0.594436 1.0758
361 -0.144425 -0.94037 0.282599 -1.22229 1.46097 0.659938 0.165604 1.17716
82 -0.267874 -1.253 0.233094 -1.3704 1.5468 0.92054 0.31599 1.20317
81 -0.323087 -1.31258 0.242665 -1.3411 1.50115 0.864494 0.43726 1.24033
100 0.0581503 -1.10889 -0.0768369 -0.452069 0.999601 1.10865 0.360301 1.34596
46 0.205194 -0.884753 -0.0164697 -0.568764 1.09115 1.15454 0.228105 1.19281
588 0.066658 -1.14856 -0.0949631 -0.327131 0.991049 0.959611 0.453634 1.24568
474 0.424046 -0.706506 0.0217999 -0.483624 1.68944 1.02445 -0.162853 1.13302
310 0.472 -0.472966 0.431592 -0.604571 2.12921 1.09038 -0.403297 1.08914
131 0.202115 -0.77236 0.236884 -0.639923 2.22257 0.666818 -0.512543 1.26428
212 0.180969 -0.812747 0.122314 -0.676679 1.78256 0.807029 -0.323891 1.05807
738 0.218987 -0.47775 -0.0863624 -0.395003 1.28909 0.986536 0.212141 0.919581
293 0.810373 -0.779646 -0.102442 -0.302984 1.38148 0.764033 0.130734 1.06849
984 0.0348286 -0.763135 0.0318363 -0.763632 1.17618 0.82555 0.436975 0.972988
406 -0.14649 -0.893587 0.0433092 -0.863202 1.09813 0.659409 0.323661 0.959323
483 0.207427 -0.612775 0.121781 -0.587918 1.30951 0.785049 -0.0463999 0.9436
326 0.361637 -0.56824 0.184728 -0.589957 1.49928 1.1887 -0.282064 1.11781
300 0.498453 -0.622951 -0.0842136 -0.380426 1.2026 0.967094 0.19522 1.06417
893 0.0923234 -0.993491 -0.0835509 -0.448955 1.07515 1.0634 0.358757 1.31757
975 0.0120564 -1.01734 -0.158743 -0.544222 1.04794 1.08683 0.348849 1.34609
84 -0.037987 -1.63508 -0.296859 -0.32889 0.83186 1.22987 0.0598767 1.5705
290 0.795289 -0.882862 -0.402631 -0.303824 1.48976 0.952365 0.14328 1.14966
118 0.0206939 -1.12031 -0.0576488 -0.50796 0.758371 0.883946 0.373321 1.23364
269 0.0404016 -0.900564 0.0964643 -0.716995 1.17743 0.768072 0.32449 1.01228
259 -0.111752 -0.956241 0.0089292 -1.0076 1.21032 0.703178 0.377222 1.15679
493 -0.120865 -0.903723 0.0638993 -0.928453 1.24974 0.662667 0.443175 1.17424
495 -0.06067 -0.983816 0.132271 -0.969496 1.34391 0.801637 0.414664 1.15504
130 -0.286354 -1.19653 0.365149 -1.54516 1.58909 0.924031 0.448902 1.35704
490 0.00377986 -1.02082 0.0166777 -0.906731 1.25899 0.661564 0.574366 1.06037
914 0.147862 -0.469224 -0.451741 -0.46257 1.09629 1.17474 -0.0827535 0.870605
238 0.00172538 -0.629484 -0.563161 -0.47887 0.959175 1.00508 0.0489113 0.979112
772 -0.00948807 -1.08741 -0.114826 -0.505684 0.948797 0.909263 0.479355 1.37606
183 0.546942 -0.841594 -0.109728 -0.214946 1.52996 0.922948 0.662097 1.15282
343 0.517858 -0.979308 0.255055 -0.511012 1.50907 0.683697 0.627461 0.935568
909 0.495512 -0.946085 0.0581451 -0.309065 1.51484 1.00391 0.690232 1.17934
860 0.494366 -0.795217 -0.129486 -0.277517 1.38188 1.01318 0.435509 1.09131
191 0.639726 -0.720659 -0.216476 -0.219535 1.65487 1.01468 0.299388 1.0099
477 0.222119 -0.682127 0.0247605 -0.446492 1.47156 0.83716 -0.0608386 1.07999
583 0.128168 -1.17353 -0.0814129 -0.278978 0.91638 1.03818 0.448533 1.28255
728 -0.244726 -0.317698 -0.3263 -0.125487 1.18931 1.40566 0.860631 1.4841
651 0.0695667 -0.382178 -0.332168 -0.10916 1.16622 1.37201 0.814975 1.31814
273 1.38323 -0.934429 -0.251458 -0.248454 1.61685 1.10642 -0.111874 1.5837
714 0.0663811 -0.544189 -0.272752 -0.418494 1.21689 1.16436 0.528414 1.10201
317 0.409439 -0.638579 0.20135 -0.530137 1.85017 0.754478 -0.516472 1.13093
311 0.381867 -0.63004 0.489244 -0.566029 2.13488 0.734188 -0.391389 1.13939
312 0.49718 -0.734403 0.420986 -0.501656 2.15225 0.736833 -0.386064 1.12768
473 0.484513 -0.596123 0.149799 -0.55872 1.63181 0.995412 -0.15499 1.05591
872 0.20427 -0.639731 -0.00724174 -0.696861 1.41237 0.95505 -0.109201 1.13341
551 0.256933 -0.643396 0.219923 -0.451409 1.90661 0.808558 -0.548601 1.235
552 0.297066 -0.566397 0.224393 -0.598147 1.88162 0.882588 -0.428353 1.09939
316 0.321936 -0.535186 0.249735 -0.517406 1.81925 0.945408 -0.354659 1.00613
320 0.391423 -0.413695 0.205964 -0.621533 1.49538 0.965038 -0.373148 0.91537
556 0.365031 -0.653039 0.0301646 -0.385126 1.49385 0.966775 0.146243 1.01131
862 0.474557 -0.851435 0.0460979 -0.401618 1.47251 1.06195 0.367144 1.15827
564 0.133918 -0.552531 -0.181851 -0.547376 1.28445 1.0216 0.778755 0.939365
595 0.350854 -0.61325 -0.139211 -0.501773 1.27466 1.32875 0.864791 0.869276
925 0.249662 -0.481689 -0.222708 -0.492246 1.19428 1.22608 0.7008 0.861231
548 0.245197 -0.317277 0.17035 -0.930499 1.03721 1.54938 -0.0571522 0.98285
940 0.329053 -0.337684 0.198655 -0.94511 1.09273 1.55799 -0.183005 1.00466
34 0.272374 -0.356096 0.138551 -0.963158 1.10813 1.54906 -0.117087 1.12782
808 0.226251 -0.291633 0.22884 -1.08194 1.0787 1.64965 -0.177879 1.05062
363 -0.151967 -1.08069 0.11846 -1.09626 1.22926 0.877028 0.437142 1.18099
143 -0.249035 -1.18595 0.0583823 -1.19709 1.3231 0.579557 0.330186 1.0525
795 0.315292 -0.900115 0.00251846 -0.315152 1.21039 0.809469 0.39913 1.06208
697 0.427514 -0.608253 0.0127061 -0.482873 1.28555 1.12079 0.340323 1.06533
23 0.440176 -0.19659 0.105437 -1.06703 1.17363 1.78719 -0.146394 1.267
680 0.568121 -0.859043 0.0435733 -0.347402 1.51274 0.868884 0.445478 1.06517
357 0.416278 -0.881231 -0.149364 -0.431116 1.27491 0.779325 0.369888 1.09614
364 -0.365425 -1.15349 0.23417 -1.31922 1.48816 0.688796 0.419695 1.20499
378 0.0380516 -0.731003 0.135404 -0.887902 1.11577 0.929233 0.190982 0.989461
60 0.28077 -0.164719 0.102435 -0.97614 1.15535 1.54711 -0.229572 1.1104
538 0.18008 -0.31428 0.235515 -1.05115 1.01844 1.49953 -0.172108 1.0514
36 0.325334 -0.207095 0.0142565 -0.965076 1.13097 1.52711 -0.161968 1.24035
77 0.266733 -0.353121 -0.0225319 -0.761525 1.00197 1.29928 -0.099786 0.998114
59 0.12968 -0.425372 0.221098 -1.05304 1.1035 1.54037 -0.118775 1.15772
150 -0.144127 -0.889249 0.216264 -1.2898 1.22414 0.86871 0.157567 0.994435
616 0.286347 -0.582202 0.136981 -0.544338 1.33847 0.952007 -0.0929037 1.0366
301 0.688493 -0.734892 -0.146731 -0.417595 1.24821 0.846443 0.252094 1.15616
500 0.701895 -0.794702 -0.219401 -0.450684 1.52831 0.951539 0.423706 1.21605
305 0.822776 -0.782462 -0.0710329 -0.312252 1.47253 0.849912 0.351363 1.11214
296 0.974644 -0.758551 -0.163681 -0.265156 1.43724 0.820257 0.289301 1.08668
887 0.914133 -0.83325 -0.170154 -0.26561 1.41166 0.855956 0.317088 1.18856
411 1.0812 -0.969449 -0.106287 -0.369608 1.67836 0.858837 0.410486 1.21385
276 1.2389 -0.810436 -0.257001 -0.1892 1.70679 0.721832 0.125261 1.53281
818 0.454115 -0.55364 0.0367093 -0.501358 1.45403 0.841008 -0.0548548 1.12732
492 -0.165959 -0.667771 -0.1532 -0.724517 1.15277 0.861989 0.324939 1.3382
891 0.304043 -0.550276 -0.150641 -0.466913 1.21171 1.14906 0.724402 0.892455
655 0.260344 -0.704187 -0.146408 -0.406269 1.21915 1.06391 0.650161 1.03267
764 0.236174 -0.624512 -0.260559 -0.389695 1.18802 0.951893 0.783505 0.851773
848 0.309812 -0.65976 0.00479249 -0.559872 1.39836 1.11546 -0.0694931 1.06173
977 0.296179 -0.66855 -0.114763 -0.6486 1.36272 1.14062 0.133124 1.14979
262 -0.0216456 -1.01131 -0.00146665 -1.026 1.3301 0.689715 0.251571 1.1305
152 -0.0668062 -0.923456 0.199054 -1.0613 1.16547 0.610383 0.330101 1.07174
140 -0.353389 -1.10374 -0.108225 -1.24621 1.31558 0.831605 0.532913 0.992557
38 0.166124 -0.289515 -0.0250508 -0.642535 0.920046 1.35854 0.112588 1.05704
392 0.148153 -0.443507 -0.0934781 -0.625381 1.06696 1.20571 0.116416 0.945668
811 0.218049 -0.378441 -0.129153 -0.699927 1.06384 1.24103 -0.0401352 0.955295
638 0.0501856 -0.751114 -0.994303 -0.421547 1.18385 1.37109 -0.138936 1.07729
11 0.239157 -0.564122 0.334814 -0.629995 2.01926 0.851077 -0.467131 1.30601
776 0.0767808 -0.41612 -0.179105 -0.517646 1.31414 0.790169 0.0502475 1.26415
204 0.363405 -0.842452 -0.259739 -0.376445 1.26502 0.997832 0.304466 1.01434
19 0.624653 -0.841535 0.182161 -0.346238 1.55708 1.06121 0.479146 1.10948
878 0.352856 -0.734322 -0.129445 -0.39626 1.27151 0.923468 0.353671 0.918578
778 0.32432 -0.541792 0.101728 -0.448414 1.454 0.86057 -0.157542 0.958098
39 0.253718 -0.240309 0.0642159 -0.911091 0.989223 1.47905 -0.131109 1.06408
73 0.195233 -0.214193 0.196612 -0.826701 0.989972 1.32665 -0.162577 0.992122
991 0.0410947 -0.816214 0.033299 -0.79885 1.32263 0.854639 0.13677 1.15098
561 -0.180376 -0.953978 0.0740336 -0.866903 1.3592 0.639539 0.429963 1.1552
260 0.0225842 -0.95943 0.0497961 -0.832184 1.11578 0.725591 0.368373 1.05082
56 0.378227 -0.20312 0.208868 -1.1795 1.13268 1.77511 -0.237399 1.13388
382 0.27696 -0.338677 0.0698238 -0.989178 1.13127 1.60675 -0.193656 1.13454
25 0.325705 -0.463618 0.00274531 -1.0532 1.16127 1.74177 -0.310379 1.21151
136 -0.0127686 -1.8017 0.0327301 -0.55789 0.827823 1.11346 0.448748 1.57361
154 0.119152 -1.20913 -0.0571316 -0.520771 1.05981 0.918385 0.235564 1.20721
93 0.201806 -1.34579 0.0309665 -0.510493 1.13152 1.0129 0.393977 1.31486
784 0.257649 -1.10025 -0.0785688 -0.45317 1.18126 1.00706 0.43333 1.32461
839 0.0472511 -0.964632 -0.0633526 -0.616832 1.16116 0.911273 0.314112 1.23119
901 0.196998 -0.71457 -0.563153 -0.424454 1.17813 1.17476 0.237408 1.02917
722 0.138144 -0.46256 -0.209114 -0.208758 1.05283 1.08096 0.439247 1.09405
735 -0.0386104 -0.456796 -0.429717 -0.273976 1.19948 1.32241 0.567284 1.22473
729 -0.0109126 -0.453087 -0.522503 -0.219 1.29095 1.35502 0.610243 1.35429
529 -0.162628 -0.731436 -0.403698 -0.465486 1.27114 0.9355 0.290374 1.43954
579 0.0059262 -1.61859 -0.0515593 -0.541035 1.05732 1.06275 0.383391 1.48155
286 1.08324 -0.825431 -0.113756 -0.124489 1.53608 0.850553 0.194426 1.23806
282 1.04084 -0.848002 -0.244841 -0.381409 1.53145 1.10284 0.195748 1.15311
297 0.541362 -0.625397 -0.166979 -0.297739 1.30246 0.918051 0.3037 1.05083
990 0.49227 -0.724532 -0.18631 -0.411824 1.27853 0.84975 0.26608 1.17001
422 0.602747 -0.777478 -0.0228994 -0.456905 1.41679 0.816538 0.108736 1.09734
629 0.339133 -0.468347 -0.414275 -0.470402 1.3719 1.34264 0.759307 0.740957
229 0.0851698 -0.833997 -0.772274 -0.389696 1.15773 1.31011 -0.0169592 1.02335
239 0.209229 -0.72895 -0.650422 -0.417234 1.0955 1.15015 0.0635254 0.984168
235 0.185634 -0.841476 -0.571621 -0.366997 1.06933 1.14233 0.159129 1.07966
797 0.0878516 -0.956038 -0.269755 -0.379659 0.98848 0.98194 0.168214 1.03074
64 -0.00596391 -0.26184 -0.235371 -0.661627 1.0636 1.00028 0.000931122 1.3094
955 -0.0652611 -0.494706 -0.35499 -0.693647 1.32815 0.997198 0.285719 1.44129
840 0.124396 -0.639487 -0.241744 -0.545392 1.29 1.00659 0.287047 1.30889
403 -0.137613 -0.936901 0.0392144 -0.985257 1.2472 0.798458 0.371768 1.19441
793 0.132523 -0.781568 -0.423279 -0.540132 0.899285 1.10896 0.030382 1.09908
958 0.125466 -1.01074 -0.0160589 -0.48664 1.07543 0.998174 0.40666 1.14385
957 0.439659 -0.845842 0.00197514 -0.382403 1.32927 0.806481 0.454494 1.01374
199 0.333209 -0.825196 0.010998 -0.387922 1.35167 0.746114 0.428084 1.03211
509 0.620226 -0.801382 -0.128615 -0.302267 1.34728 0.82254 0.308178 1.09479
547 0.0152639 -0.166206 -0.241297 -0.361251 1.22412 1.42201 0.485222 1.1327
340 0.685878 -0.917399 0.271025 -0.274555 1.805 0.891756 0.357245 1.0029
986 0.227457 -0.661961 -0.374267 -0.473434 1.39807 1.09394 0.531345 1.05656
587 -0.0535691 -1.19322 -0.082547 -0.518913 0.991872 0.901535 0.495523 1.40815
870 -0.0317324 -0.968214 -0.065193 -0.525351 1.01594 1.04833 0.346572 1.33585
572 0.706727 -0.837743 -0.185741 -0.360744 1.3604 0.940935 0.0715924 1.12607
499 0.679727 -0.847496 -0.12597 -0.307553 1.29645 0.763863 0.222968 1.07251
288 0.723877 -0.769597 -0.119098 -0.324265 1.41431 0.876191 0.187302 1.20153
898 0.312433 -0.539728 0.109471 -0.530936 1.354 0.95411 -0.10918 1.08129
766 0.293893 -0.753272 -0.842866 -0.259382 1.22139 1.30167 -0.0268401 0.873375
815 0.196008 -0.811053 -0.646889 -0.286266 1.03332 1.217 0.156772 0.977112
703 0.283638 -0.784443 -0.040682 -0.449783 1.22752 0.793012 0.364008 1.03876
687 0.334083 -0.681926 -0.072909 -0.509521 1.29241 1.02475 0.239269 1.11312
689 0.427625 -0.772835 0.0254567 -0.313963 1.45838 0.86446 0.531317 0.982417
177 0.692034 -1.01129 0.0271787 -0.146721 1.50492 0.856618 0.65114 1.12288
905 -0.0872876 -0.330281 -0.381452 -0.193616 1.35272 1.57613 0.641708 1.41575
226 0.305923 -0.621296 -0.781753 -0.304901 1.15726 1.35773 -0.0116759 1.00748
865 0.214822 -0.695177 -0.54168 -0.470733 1.21923 1.17906 -0.028505 1.05298
913 0.133197 -0.464094 -0.560799 -0.476573 1.16055 1.40741 -0.113326 0.895771
383 0.256547 -0.283065 -0.096533 -0.951612 1.07839 1.65859 -0.320342 0.95601
997 -0.0132981 -0.834842 -0.154207 -0.718751 1.38525 0.917658 0.493032 1.41792
40 0.253886 -0.286069 0.13569 -0.841321 0.98686 1.38218 -0.145169 1.0153
601 0.278121 -0.676469 -0.103273 -0.678149 1.24686 1.19085 0.539769 1.04433
32 0.329048 -0.287936 0.195331 -0.750611 1.19873 1.33202 -0.212648 0.918911
47 0.220184 -0.52475 0.00424245 -0.715174 0.940337 1.11673 -0.0411579 0.895375
863 0.415533 -0.827 -0.0527534 -0.434892 1.40279 0.99349 0.457865 1.15559
346 0.595423 -0.883294 -0.0019268 -0.383584 1.40598 0.935908 0.444347 1.13069
910 0.318115 -0.871365 -0.0959786 -0.378552 1.37394 0.877564 0.481755 1.13002
923 0.548271 -0.704802 0.0326274 -0.464757 1.35284 1.0928 0.250751 1.10076
137 -0.166663 -0.834172 0.347462 -1.24224 1.37269 0.867855 0.2454 1.13202
773 -0.217437 -1.02714 0.1591 -1.01534 1.30502 0.802015 0.317702 1.33422
218 0.264714 -0.77641 -0.924178 -0.403509 1.41901 1.48335 -0.133184 0.933187
511 0.269125 -0.61774 -0.264448 -0.408023 1.14343 0.816282 0.319912 1.2059
666 -0.0956027 -0.482694 -0.509099 -0.542052 1.27192 0.879554 0.513834 1.49422
381 -0.197388 -0.301387 -0.452161 -0.581278 1.30618 0.690371 0.21658 1.79618
650 0.313973 -0.615706 -0.202441 -0.445879 1.33514 0.965817 -0.0389521 1.11233
336 0.26011 -0.640372 -0.00333269 -0.461367 1.5057 0.949581 -0.0376878 1.05162
308 0.432095 -0.612405 0.264286 -0.554214 2.38902 0.990232 -0.698163 1.11374
303 0.635722 -0.81282 -0.109727 -0.345017 1.29681 0.83159 0.272915 1.12632
496 1.12636 -0.660558 -0.223077 -0.35155 1.52857 1.12266 0.136975 1.35252
109 -0.0170823 -0.986512 -0.0389893 -0.557437 1.13351 1.01523 0.345687 1.20017
822 0.151469 -1.09818 -0.0855953 -0.356657 1.03872 0.88353 0.288292 1.15332
89 0.0256693 -1.27076 -0.0777433 -0.537267 0.773124 1.15966 0.218032 1.34961
420 0.310248 -1.12668 -0.131336 -0.417717 1.18235 0.991969 0.373219 1.24327
792 0.148902 -1.1627 -0.145925 -0.42248 0.956878 0.975018 0.288597 1.31219
856 0.107653 -1.52366 -0.16284 -0.436566 0.813199 1.16328 0.323855 1.43822
796 0.155335 -0.957284 -0.147655 -0.360521 1.02398 0.947458 0.234834 1.14036
924 0.196619 -1.01402 -0.228 -0.383596 1.15776 1.05492 0.602488 1.2385
698 0.470731 -0.775458 -0.0347446 -0.380068 1.43595 0.973172 0.627966 1.07511
440 0.293845 -0.491118 -0.302914 -0.478687 1.44403 1.38359 1.15827 0.924982
460 0.249947 -0.502887 -0.23251 -0.518271 1.19104 1.22466 0.539829 0.887669
646 0.282589 -0.642436 -0.591609 -0.357209 1.07009 1.19805 0.0220746 1.05583
768 0.22041 -0.675823 -0.756551 -0.398772 1.2539 1.38719 0.122353 1.14444
827 -0.0472842 -0.319873 -0.254672 -0.251207 1.48467 1.35425 0.57516 1.26093
716 -0.0126837 -0.504594 -0.389113 -0.194433 1.16871 1.34904 0.594494 1.27141
368 -0.213409 -0.994752 0.230153 -1.04256 1.22166 0.785995 0.481686 1.1537
580 0.0796141 -1.30391 -0.0675539 -0.440603 0.953368 0.846272 0.462139 1.40275
627 0.27444 -0.730284 -0.318408 -0.384567 1.37089 1.10439 1.09068 0.915578
244 0.167569 -0.660119 -0.416063 -0.425777 1.25148 1.08302 0.560529 0.972857
761 0.39404 -0.619405 -0.354581 -0.31521 1.21097 1.07235 0.675859 0.870605
718 0.0563038 -0.513439 -0.182275 -0.25898 1.17589 1.10361 0.49641 1.22496
950 0.0929395 -0.53346 -0.300511 -0.310553 1.30946 1.24953 0.419228 1.23612
960 0.184639 -0.52935 -0.1724 -0.3645 1.21278 1.16385 0.381347 1.1394
667 -0.164587 -0.209743 -0.469569 -0.246394 1.26875 1.30139 0.564645 1.47244
709 -0.103894 -0.345989 -0.533196 -0.12834 1.28739 1.44899 0.714524 1.34402
880 0.111339 -0.535133 -0.357123 -0.391208 1.27426 1.30404 0.415801 1.22849
108 0.0773618 -0.931703 -0.096456 -0.401003 1.15442 1.09929 0.458639 1.33958
791 0.0699818 -1.2197 -0.0198548 -0.399556 0.978205 0.947898 0.394717 1.27927
62 0.307818 -0.40016 0.127162 -0.863678 1.11205 1.45306 -0.141905 1.069
390 0.246061 -0.330586 -0.000700877 -0.849612 1.06154 1.44897 -0.0523039 0.859105
472 0.412294 -0.515121 0.219739 -0.462304 1.73391 0.820867 -0.265243 1.06402
249 -0.215723 -1.18601 0.216869 -1.46558 1.47217 0.794104 0.281885 1.23601
696 0.350366 -0.670474 0.188208 -0.603508 1.58513 0.817429 -0.108945 0.958219
333 0.218156 -0.558532 -0.0189435 -0.636102 1.27879 0.819696 -0.0291937 1.00477
153 -0.116844 -1.02499 0.1783 -1.07444 1.18494 0.484566 0.22115 1.02262
896 -0.14846 -0.422888 -0.436461 -0.59824 1.29921 0.879845 0.261543 1.46049
554 0.10644 -0.503011 -0.30484 -0.4265 1.25606 0.907229 0.330433 1.35498
736 0.126096 -0.476835 -0.204941 -0.317455 1.2234 1.1924 0.609044 1.19872
367 -0.17166 -0.914543 0.292652 -1.13715 1.2505 0.783198 0.271151 1.11974
824 0.240761 -0.373938 0.0138783 -0.435071 1.42282 0.665957 -0.168829 1.15654
376 -0.00274776 -0.685838 -0.125261 -0.675071 1.15596 0.769361 0.0923515 0.941574
160 -0.126457 -1.05887 0.0888335 -0.950156 1.2348 0.681553 0.365767 1.03263
148 -0.16642 -0.999204 0.142716 -1.00366 1.29282 0.799668 0.294951 1.1529
445 0.256194 -0.566857 -0.201003 -0.676607 1.2606 1.16688 0.888235 0.859473
785 -0.0824525 -0.610989 -0.258106 -0.497275 1.14743 0.787723 0.35982 1.41167
668 -0.00615912 -0.445718 -0.408756 -0.542914 1.19615 0.847342 0.427502 1.41498
393 0.191902 -0.31996 0.0047532 -0.967822 1.07192 1.5054 -0.152828 0.936971
625 0.323506 -0.272425 -0.152467 -0.799334 1.10027 1.49027 -0.147622 0.870148
76 0.230678 -0.435393 -0.0457786 -0.755474 1.06099 1.3263 -0.0223667 0.975746
867 0.257878 -0.677953 -0.498564 -0.371948 1.14764 1.2974 -0.00819457 0.974052
219 0.154841 -0.703435 -1.10423 -0.320747 1.1698 1.37902 -0.114174 1.18195
903 0.155174 -0.586776 -0.559443 -0.276195 0.934862 1.16399 -0.0176744 0.938846
939 0.458797 -0.342397 0.0762887 -0.710402 1.17044 1.36822 -0.0563936 1.04921
216 0.143783 -0.771558 -1.01638 -0.445488 1.42871 1.36719 -0.239042 1.14023
213 0.0390172 -0.896985 -1.18154 -0.562681 1.28374 1.68124 -0.167656 0.894778
683 0.479686 -0.890176 -0.222397 -0.325255 1.52414 0.953363 0.528196 1.16016
206 0.422616 -0.870178 -0.0860258 -0.462876 1.24663 0.846422 0.359439 1.06607
182 0.684734 -0.915797 -0.349477 -0.186645 1.56279 1.04005 0.4906 1.06935
202 0.466281 -0.692232 -0.0455732 -0.424736 1.38428 1.07762 0.399981 1.07422
961 0.351586 -0.717033 -0.0714251 -0.419122 1.38343 0.984287 0.427532 1.11852
176 0.578885 -1.03538 -0.103426 -0.28162 1.43406 0.932958 0.515844 1.07539
919 0.345999 -0.656221 -0.224188 -0.538775 1.38455 1.32093 0.844669 1.01063
120 0.287248 -0.673801 -0.348584 -0.32765 1.12492 1.07211 0.776834 0.785049
594 0.203474 -0.719144 -0.280429 -0.613188 1.47694 1.16627 1.25009 0.864544
659 0.085722 -0.872627 0.0107107 -0.772991 1.13995 0.724954 0.276675 1.03635
820 0.0244139 -0.707727 -0.0545798 -0.744288 1.07813 0.821818 0.366586 1.06266
786 0.0231476 -1.0578 -0.216387 -0.358536 0.790287 0.942478 0.393273 1.36536
842 0.13142 -0.973535 -0.0971924 -0.560805 1.01106 1.01778 0.277852 1.15143
895 0.116462 -0.817344 -0.0517496 -0.603421 1.12249 1.06566 0.233614 1.16382
430 0.614976 -0.63462 -0.0320163 -0.410754 1.18124 0.846463 0.0834961 1.15121
498 0.835636 -0.81937 -0.0873235 -0.244099 1.43333 0.878319 0.262816 1.30079
417 0.778237 -0.876321 -0.0682882 -0.380984 1.45292 0.804088 0.245158 1.27746
285 1.10544 -0.834584 0.00701036 -0.379552 1.54594 0.900084 0.139207 1.24297
322 0.406182 -0.614107 0.0787406 -0.509429 1.76057 0.986665 -0.223551 1.30139
777 0.27494 -0.613221 0.041993 -0.419536 1.54033 0.926182 -0.101623 1.1711
765 0.0404232 -1.18734 -0.065539 -0.500268 0.88907 0.990505 0.120132 1.26325
725 0.0920367 -0.827134 -0.171217 -0.411104 1.11235 1.07989 0.299595 1.29469
446 0.223189 -0.683686 -0.768093 -0.336688 1.3128 1.299 0.444565 1.01075
970 0.204062 -0.818309 -0.502822 -0.503135 1.19909 1.12063 0.173815 1.07075
648 0.266813 -0.582096 -0.377783 -0.368995 1.07671 1.01463 0.582733 0.909237
852 0.401389 -0.684581 -0.19743 -0.292826 1.21956 0.957849 0.167296 0.873069
614 0.229288 -0.507332 -0.0369012 -0.536701 1.21413 0.918567 -0.0529914 1.11576
988 0.346162 -0.712188 -0.122608 -0.407756 1.61712 1.12248 0.150153 1.18241
679 -0.043296 -0.668077 -0.266126 -0.750933 1.30638 0.861088 0.326665 1.32831
146 -0.108385 -0.997601 0.135906 -1.05351 1.25807 0.933292 0.174842 1.16658
155 -0.120534 -1.03849 0.0946404 -1.0389 1.29972 0.883051 0.262167 1.17866
871 0.127147 -1.14589 -0.0296065 -0.599169 1.01659 1.02507 0.268321 1.31034
980 0.0828446 -0.843249 0.00690929 -0.738135 1.27117 0.794821 0.379398 1.02585
962 -0.0523743 -0.97446 0.105146 -0.967506 1.29744 0.925147 0.344261 1.16574
514 -0.103757 -0.38939 -0.452447 -0.485377 1.68526 0.65568 0.080178 1.81988
482 0.252953 -0.552932 0.194206 -0.486368 1.52486 0.806731 -0.193987 1.06173
480 0.246676 -0.620825 0.101021 -0.522215 1.4031 0.828378 -0.0449316 1.07838
611 0.325739 -0.726773 0.0106056 -0.645651 1.49025 1.0922 0.0577243 1.22102
954 0.397929 -0.298259 0.0328264 -0.771952 1.13234 1.37512 -0.119524 1.05719
884 0.129077 -0.643184 -0.010188 -0.778826 1.63967 0.884595 0.0132572 1.23567
733 0.0419749 -0.519952 -0.263316 -0.286493 1.18398 1.14093 0.642137 1.07544
727 -0.114041 -0.229422 -0.341973 -0.140353 1.38919 1.64129 0.88633 1.49143
615 0.0879143 -0.443135 -0.261667 -0.346512 1.31799 1.12334 0.45778 1.24438
345 0.558921 -0.714935 -0.153979 -0.36134 1.53822 1.11787 0.810398 0.949978
335 0.30416 -0.666729 -0.0574829 -0.50752 1.50228 1.08411 0.159367 1.06873
54 -0.0302125 -0.139357 -0.210091 -0.341079 1.12104 1.57591 0.742181 1.36254
721 0.063807 -0.312312 -0.256362 -0.204675 1.14039 1.05725 0.607248 1.17438
750 -0.053048 -0.430052 -0.184176 -0.458983 1.19984 0.986815 0.559794 1.02746
707 -0.219264 -0.240573 -0.442199 -0.272535 1.41982 1.63312 0.801145 1.4095
512 0.580606 -0.744869 -0.254681 -0.422224 1.39666 0.958019 0.255742 1.15968
188 0.348392 -0.834632 0.14064 -0.574317 1.48552 0.768457 0.41562 1.07177
173 0.607024 -1.13483 0.204938 -0.229875 1.45469 0.904537 0.728038 1.06727
834 0.203934 -1.03616 -0.109114 -0.436047 1.06488 0.924268 0.381909 1.21315
589 0.199015 -1.12394 -0.0342809 -0.437729 1.0101 0.890464 0.274324 1.16245
753 -0.107743 -0.347753 -0.377912 -0.763557 1.29565 0.989615 0.241789 1.6562
660 -0.16654 -0.849912 0.0186645 -0.818081 1.08819 0.671866 0.282696 1.01299
402 -0.221831 -1.05589 0.169188 -1.12482 1.2615 0.652055 0.308916 1.24164
715 0.0628749 -0.427228 -0.271753 -0.194502 1.05046 1.18702 0.525578 1.12006
332 0.351373 -0.573287 0.0614646 -0.47402 1.28876 0.983896 0.0197076 0.975358
174 0.159159 -0.246711 -0.244356 -0.276451 1.28213 1.58668 0.760339 1.40701
944 0.237711 -0.664262 -0.205078 -0.510692 1.39959 1.3231 0.399873 1.3618
57 0.589638 -0.291686 0.123811 -0.93871 1.32184 1.58126 -0.267625 1.14645
622 0.318954 -0.271502 -0.0166278 -0.726833 1.04473 1.33109 0.0152964 0.997008
464 0.359714 -0.392807 -0.00422141 -0.803771 1.2326 1.45628 -0.0934943 0.985079
426 0.767805 -0.762436 -0.172222 -0.314997 1.36295 0.791264 0.198765 1.00076
329 0.309813 -0.539318 0.0979223 -0.496449 1.65338 1.00271 -0.144869 1.03395
523 0.0407302 -0.533733 -0.394303 -0.607322 1.31256 0.926833 0.320046 1.40642
577 0.515637 -0.73598 -0.19997 -0.334689 1.27459 1.0339 0.26237 1.21907
575 0.613974 -0.845012 -0.168449 -0.39744 1.35875 0.861523 0.206618 1.14498
933 0.137169 -0.803504 -0.422305 -0.508291 1.18724 1.1576 0.191104 1.11908
770 0.173901 -0.743014 -0.626247 -0.475426 1.25948 1.22185 0.113169 1.05796
348 0.554155 -0.815653 -0.0119124 -0.169296 1.46824 0.775828 0.545216 0.948654
938 0.0462439 -0.844153 -0.160932 -0.41648 1.11213 1.06414 0.284737 1.23304
291 0.663461 -0.864856 -0.20027 -0.392413 1.41013 0.86884 0.191436 1.19913
751 -0.0720656 -1.02374 0.121181 -0.929811 1.19268 0.761134 0.316595 1.19381
489 -0.149503 -0.914945 0.109216 -0.975318 1.29078 0.710064 0.176438 1.09198
915 0.168332 -0.638951 -0.416742 -0.470276 1.16519 1.20012 0.0619403 1.03616
571 0.774997 -0.817081 -0.195096 -0.37656 1.38608 0.867634 0.202431 1.06856
429 0.653928 -0.851713 -0.175049 -0.361202 1.39235 0.900063 0.246149 1.1881
404 -0.188854 -0.564815 -0.379386 -0.759447 1.16962 0.806437 0.337103 1.50287
630 0.00912281 -0.514853 -0.245062 -0.325519 1.28032 1.08077 0.792315 1.07782
936 0.153613 -0.568745 -0.311336 -0.338267 1.1425 1.10918 0.379076 1.12963
58 0.439516 -0.163386 -0.019093 -0.933623 1.13807 1.82452 -0.289037 1.16131
470 0.267735 -0.654775 0.244672 -0.511798 1.70307 0.857388 -0.277391 1.17473
525 -0.0759017 -0.40462 -0.337929 -0.56649 1.14186 0.82769 0.341049 1.42922
621 0.225226 -0.399287 -0.0915808 -0.719444 1.13793 1.35389 0.0863471 1.07251
412 0.198969 -1.49129 -0.137294 -0.416061 0.897234 0.942046 0.290073 1.22805
520 -0.12364 -0.556651 -0.228437 -0.666411 1.39782 0.832011 0.308619 1.47619
779 0.42144 -0.738973 0.0718204 -0.321234 1.29043 0.921197 0.332117 1.05188
455 0.27219 -0.614574 -0.195314 -0.397121 1.34517 1.05249 0.577904 0.844764
243 0.245579 -0.509162 -0.423832 -0.376392 1.05359 1.03876 0.622566 0.851455
804 0.213608 -0.608368 -0.365304 -0.432042 1.25912 1.10936 0.160389 1.01906
612 0.139133 -0.665383 0.348523 -0.812677 1.39751 0.921418 -0.148155 1.11114
87 -0.017917 -1.59351 0.0297144 -0.59829 0.824665 1.20001 0.326206 1.64403
673 0.201556 -0.909331 -0.190165 -0.49261 1.2483 0.983236 0.339975 1.35588
902 0.201781 -0.679017 -0.502138 -0.502934 1.18608 1.34316 -0.0187792 0.983624
237 0.250392 -0.527026 -0.524805 -0.535572 1.25728 1.43307 -0.0712299 1.05561
879 0.251266 -0.765001 -0.521372 -0.408618 1.18391 1.27133 0.102428 1.06537
846 0.0013608 -0.386519 -0.497934 -0.175795 1.19915 1.36304 0.52489 1.27704
847 0.0371665 -0.510094 -0.322822 -0.223172 1.18823 1.33818 0.68593 1.29538
123 0.0260832 -0.967643 -0.1673 -0.456091 0.965369 1.0301 0.373248 1.27557
737 -0.0293009 -0.450782 -0.342361 -0.380771 1.06531 1.17212 0.653543 1.18856
719 0.084522 -0.475356 -0.331402 -0.411687 1.16861 1.34279 0.478863 1.23356
479 0.256524 -0.48369 -0.132787 -0.475611 1.52072 1.00881 -0.237915 0.846066
467 0.309626 -0.643378 0.250188 -0.528893 1.91423 0.915845 -0.466028 1.40155
375 -0.226032 -0.967211 0.072102 -1.01352 1.17982 0.640537 0.347163 1.10841
537 -0.167333 -1.00785 0.0725291 -1.25248 1.31527 1.00238 0.300668 1.13487
163 0.00612471 -0.830228 0.0504177 -0.713423 1.07827 0.749278 0.284764 1.06481
488 0.00421194 -1.11396 0.190612 -0.903871 1.35685 0.833013 0.442719 1.11925
74 0.224286 -0.455612 -0.286306 -0.449801 1.03869 1.31083 0.00731315 0.993281
42 0.274451 -0.272976 0.0532044 -0.789039 0.977947 1.37074 -0.165983 0.917401
550 0.352526 -0.524079 0.0404841 -0.832523 1.25 1.33686 0.0319548 1.1413
386 0.420383 -0.3547 0.0100246 -0.736014 1.04787 1.38983 -0.05359 0.974028
730 0.115398 -0.394353 -0.321874 -0.342861 1.14928 1.22353 0.502564 1.22948
533 -0.0847467 -0.488357 -0.354714 -0.424436 1.14068 0.812535 0.337502 1.37076
675 -0.0250171 -0.455315 -0.358782 -0.490463 1.19976 0.883443 0.34175 1.28028
851 0.0395252 -0.549635 -0.33203 -0.577389 1.42358 0.868404 0.312736 1.48147
688 0.435449 -0.749876 -0.165596 -0.357438 1.35646 0.873195 0.370556 0.991235
702 0.218125 -0.634931 -0.35283 -0.389819 1.15175 1.09591 0.0993461 1.08254
762 0.187909 -0.705042 -0.528029 -0.481607 1.30879 1.17105 0.387153 1.00263
967 0.330892 -0.655069 -0.140605 -0.594421 1.35568 1.15579 0.476585 1.18127
454 0.275483 -0.463582 -0.256638 -0.346517 1.27367 1.09753 0.958823 0.76945
628 0.35196 -0.520422 -0.271067 -0.5052 1.41209 1.26247 1.01516 1.02702
330 0.316121 -0.533429 -0.00401704 -0.397172 1.4348 0.882413 -0.0706911 0.957025
981 0.11667 -0.776618 -0.0248522 -0.710352 1.17698 0.759395 0.257038 1.15315
781 0.211915 -1.39052 -0.17967 -0.319 0.997309 1.13138 0.33138 1.39954
545 0.0671971 -1.28254 -0.0804969 -0.540047 0.853942 1.13193 0.129662 1.45971
971 0.240295 -0.862756 -0.127835 -0.396238 1.25482 0.932508 0.345295 1.16893
653 0.26327 -0.621078 -0.334426 -0.40506 1.18783 1.07846 0.946646 0.969548
452 0.316115 -0.626381 -0.286523 -0.424076 1.29256 1.12496 0.647503 1.00894
817 0.339623 -0.730315 -0.0495232 -0.595224 1.69915 1.03059 -0.123219 1.2927
674 0.270101 -0.474335 -0.130881 -0.400048 1.26048 0.861565 0.132747 1.14821
992 0.112167 -0.525931 -0.245642 -0.573289 1.24119 0.980034 0.336237 1.20265
181 0.555776 -1.00197 -0.0721595 -0.365694 1.47681 1.06172 0.635387 1.09817
186 0.396858 -0.869806 0.0196609 -0.46234 1.4785 0.975475 0.522971 1.04735
197 0.501959 -0.816047 0.0236688 -0.36629 1.41576 0.835394 0.437312 1.09234
606 0.395514 -0.63338 -0.2381 -0.276521 1.16068 1.04961 0.818686 0.781548
927 0.901117 -0.765158 -0.0278388 -0.300184 1.27041 0.842822 0.160938 0.993705
110 0.21173 -1.01038 -0.0643119 -0.399764 1.01352 0.905425 0.406723 1.36177
948 0.178605 -1.16192 -0.0700308 -0.381123 1.11051 1.06098 0.438062 1.39553
894 0.0590145 -0.925111 -0.0580321 -0.415429 0.938752 1.06027 0.322699 1.20898
261 0.0309279 -0.687077 -0.100935 -0.667876 1.09933 0.671998 0.326212 0.959928
874 0.327495 -0.840521 0.00670247 -0.47965 1.45128 0.824876 0.567179 1.06708
189 0.606344 -0.894659 -0.0274277 -0.281703 1.5569 0.85595 0.513203 1.03631
711 0.0348594 -0.453314 -0.266714 -0.33547 1.19735 1.26039 0.62583 1.18117
723 0.0596908 -0.586695 -0.268412 -0.339159 1.2143 1.12782 0.461321 1.08633
502 0.53803 -0.663125 -0.199092 -0.274337 1.34804 0.858817 0.222684 1.17853
227 0.257126 -0.74833 -0.909683 -0.340496 1.3748 1.48075 0.0103873 1.07129
457 0.0924148 -0.781255 -0.223864 -0.405002 0.956091 0.980194 0.388088 0.996259
280 1.38394 -0.736093 -0.0215701 -0.399366 1.58517 1.01538 0.047838 1.22465
899 0.250684 -0.645995 -0.018022 -0.58924 1.38547 1.04571 -0.0319423 1.12867
850 0.228963 -0.551305 0.0469287 -0.537633 1.40028 0.856372 0.0332532 1.10789
309 0.360622 -0.837355 0.438964 -0.56094 2.23879 0.839032 -0.629231 1.34583
787 0.215286 -1.06024 -0.109124 -0.390757 1.09757 0.990636 0.366959 1.20404
713 0.0579174 -0.602088 -0.223118 -0.386714 1.25922 1.33346 0.422226 1.29589
908 -0.0390433 -0.471906 -0.331286 -0.179066 1.14302 1.19946 0.562559 1.1936
122 0.163543 -0.722272 -0.198671 -0.349939 1.02931 1.02394 0.803331 1.00831
566 -0.0770219 -0.849955 0.107843 -0.884987 1.30454 0.833769 0.305156 1.0871
465 0.0576808 -0.634832 -0.0313055 -0.782513 1.23657 1.08656 0.103824 1.05984
370 -0.220446 -0.983248 0.0902181 -1.07702 1.19662 0.793025 0.272568 1.1411
141 -0.196814 -1.17137 0.130424 -1.1389 1.29615 0.85658 0.473596 1.1294
964 0.233443 -0.754592 -0.699763 -0.338153 1.24133 1.1664 -0.0394529 1.03826
506 0.721197 -0.722291 -0.286546 -0.296458 1.2459 0.942223 0.136682 1.13458
485 0.331599 -0.605964 0.0308864 -0.445783 1.51417 0.885295 -0.0586958 0.99783
882 0.197272 -0.5946 -0.0198092 -0.560968 1.26218 0.812973 -0.0821993 1.0633
65 0.276542 -0.251462 0.184347 -0.880373 1.02498 1.52619 -0.254296 1.00253
331 0.367552 -0.632144 0.0931533 -0.555339 1.47794 0.872334 -0.0400684 1.09192
985 0.269156 -0.604195 -0.376465 -0.244677 1.44415 1.31109 0.636725 1.4144
691 0.218366 -0.632049 -0.124868 -0.416655 1.18954 1.12295 0.449141 1.19157
996 0.204556 -0.879203 -0.0966357 -0.492786 1.14637 1.24255 0.347011 1.19526
104 0.190913 -1.00738 -0.159323 -0.427011 0.915626 0.989217 0.398436 1.30817
823 0.370584 -0.60792 0.0009011 -0.531613 1.46264 0.890287 -0.011876 1.05469
453 0.314016 -0.554855 -0.370713 -0.388017 1.27958 1.11821 0.963991 0.893842
66 0.313836 -0.319493 0.12239 -0.894076 1.1414 1.46561 -0.157822 0.93747
508 0.431039 -0.739923 -0.106175 -0.413229 1.25938 1.15482 0.418951 1.06266
602 0.330723 -0.544275 -0.236761 -0.590697 1.21636 1.16788 0.764645 0.940059
649 0.182466 -0.662912 -0.662448 -0.387222 1.18019 1.17285 0.0196649 1.0315
159 0.0515483 -0.934329 0.121661 -0.893899 1.30571 0.755784 0.302234 1.12385
144 -0.159024 -1.01913 0.170131 -0.95266 1.33516 0.684609 0.20363 1.18794
618 0.362934 -0.477321 -0.0545576 -0.698688 1.34965 1.25224 -0.0910805 1.11337
844 0.31154 -0.870156 -0.0829939 -0.463417 1.1312 1.04122 0.266554 1.24164
581 0.0404732 -1.31468 -0.150051 -0.459237 0.996132 1.09666 0.335767 1.51775
989 0.188173 -1.0201 -0.131456 -0.520433 1.21807 1.00664 0.309355 1.26118
164 -0.142511 -0.931339 0.0702113 -0.835616 1.18594 0.759247 0.31915 1.10969
337 0.301385 -0.705993 -0.0383427 -0.460691 1.40728 0.98426 0.0207874 1.0497
69 0.665605 -0.510109 -0.0431773 -0.409648 1.17641 0.9529 0.127984 1.03074
124 0.126946 -0.87423 -0.179594 -0.407879 1.15829 1.0414 0.586608 1.2503
573 0.612223 -0.821263 -0.18065 -0.299295 1.26207 0.87667 0.226956 1.12012
947 -0.156934 -0.93795 -0.0639246 -1.04598 1.19289 0.730201 0.217512 1.0663
373 -0.250861 -0.895003 0.135705 -1.1509 1.20027 0.765107 0.350139 1.12253
353 0.469713 -0.735413 -0.214995 -0.340657 1.28769 0.861236 0.594141 0.88727
350 0.496989 -0.610394 -0.101876 -0.498388 1.35188 1.09449 0.306802 1.05442
358 0.453544 -0.681662 -0.10896 -0.338286 1.25169 0.821715 0.397013 1.0189
409 -0.148404 -0.597749 -0.11167 -0.763211 1.14345 0.774274 0.479899 1.25698
953 0.750546 -0.757136 -0.205765 -0.361384 1.35704 0.966737 0.116911 1.15953
886 0.678873 -0.649533 -0.162579 -0.374196 1.28837 0.936432 0.0997363 1.15456
741 -0.0128702 -0.81477 0.133225 -0.956074 1.13935 0.75865 0.296195 0.979842
400 0.0101633 -1.13109 -0.148247 -0.519361 0.88151 1.02386 0.353822 1.37604
194 0.384882 -0.599058 -0.102673 -0.357863 1.21822 0.900686 0.402131 0.935639
876 0.316892 -0.993157 -0.171732 -0.578455 1.55794 1.00912 0.500606 1.14898
385 0.189268 -0.424425 0.305126 -1.12262 1.15008 1.38145 -0.203577 1.12838
531 0.0560946 -0.283126 -0.302834 -0.634208 1.23763 1.03013 0.337355 1.22225
754 0.105026 -0.513649 -0.51992 -0.492087 1.35005 0.867939 0.403771 1.5264
620 0.288925 -0.244494 -0.044409 -0.644181 1.07371 1.41145 0.0826054 1.05454
931 0.290181 -0.977676 -0.0874276 -0.516717 1.14016 1.06566 0.335125 1.28708
832 0.171441 -0.598097 -0.374373 -0.357279 1.30248 1.27047 0.478533 1.2534
21 0.497262 -0.304261 0.0436277 -0.968867 1.15118 1.67608 -0.160655 0.914017
266 -0.0706397 -1.01487 0.0427301 -0.933429 1.25112 0.821015 0.343092 1.086
739 0.0096641 -0.891301 0.0301702 -0.868965 1.20881 0.813182 0.374927 1.06522
142 -0.203843 -1.03014 0.272494 -1.30035 1.28834 0.732429 0.332918 1.20105
969 0.178034 -0.677869 -0.576719 -0.295241 1.15637 1.20256 0.152039 1.06302
505 0.182619 -0.658309 -0.564583 -0.384589 1.10719 1.02858 0.136344 0.991459
906 -0.000995425 -0.543119 -0.314676 -0.329801 1.25922 1.24692 0.64131 1.32722
530 0.066312 -0.561112 -0.294448 -0.541958 1.22847 1.03511 0.293029 1.40001
555 0.162854 -0.801741 0.142402 -0.639196 1.49178 0.846086 0.0176041 1.06887
51 0.399674 -0.319244 0.200298 -1.11248 1.18319 1.78683 -0.222412 1.1623
920 0.368307 -0.301861 0.0944477 -0.76142 1.02234 1.41672 -0.165452 0.979486
742 0.178077 -0.705545 0.0425056 -0.747368 1.40585 0.867256 0.0753713 1.07573
324 0.227254 -0.716086 0.0740671 -0.618941 1.52156 0.86231 -0.124487 1.10042
833 -0.0312125 -0.527557 -0.17231 -0.388972 1.1807 1.05488 0.613656 1.27799
349 0.531587 -0.682892 0.0452756 -0.327222 1.24645 1.00096 0.388146 0.898384
652 0.119117 -0.442544 -0.283721 -0.300256 1.18413 1.2199 0.763091 1.04544
943 0.0393629 -0.449624 -0.13732 -0.515016 1.20601 1.17039 0.400934 1.13335
904 0.148051 -0.417397 -0.294719 -0.370381 1.29366 1.4753 0.606011 1.34282
510 0.611995 -0.749746 -0.146788 -0.335336 1.17249 0.939681 0.249131 1.08653
806 0.149081 -0.820949 -0.0545024 -0.608735 1.03663 1.04661 0.212449 1.13231
740 -0.0177723 -0.902791 0.0151381 -0.786657 1.2841 0.795517 0.245739 1.01757
372 -0.0157239 -0.82572 0.134303 -1.02266 1.2345 0.893593 0.250758 1.21435
563 -0.106562 -0.938624 0.115963 -1.01805 1.35269 0.929856 0.299342 1.15688
591 0.288575 -0.64413 -0.400991 -0.528531 1.41007 1.45807 1.26605 0.926667
892 0.2013 -0.519826 -0.164251 -0.546844 1.01927 0.993262 0.494453 0.824241
929 0.37374 -0.593431 0.0190002 -0.566873 1.12054 1.00701 0.216931 0.983969
567 -0.172416 -1.00509 0.0279761 -0.830795 1.18935 0.80995 0.346436 1.18928
149 -0.0973329 -1.0037 -0.108081 -0.8468 1.19562 0.768589 0.360755 0.979013
117 0.111925 -1.00318 -0.0387185 -0.517564 1.11463 1.00547 0.295543 1.2604
28 0.318228 -0.32055 0.0869368 -0.854312 0.981131 1.43901 -0.094379 1.16768
890 0.401933 -0.539758 0.0821853 -0.417168 1.4697 1.00342 0.0155494 0.989182
307 0.445059 -0.772883 -0.117309 -0.316465 1.20983 0.843555 0.319537 0.962382
692 0.391539 -0.651571 -0.217488 -0.422762 1.30327 1.055 0.292208 1.04898
853 0.36021 -0.721356 -0.0235561 -0.459141 1.23308 0.966184 0.296808 1.08943
41 0.484742 -0.415035 0.00966474 -0.796758 1.11936 1.46174 -0.103676 1.02242
45 0.330102 -0.380946 0.16765 -0.908573 1.07904 1.35587 -0.102332 0.971214
699 0.557503 -0.844597 -0.072593 -0.285492 1.48487 0.969066 0.501551 1.01839
693 0.510269 -0.88728 0.00348877 -0.279967 1.37778 0.891616 0.357304 0.945937
405 0.347272 -0.844453 0.0244753 -0.500888 1.44495 0.805256 0.462592 1.14873
574 0.57018 -0.726174 -0.132667 -0.250323 1.14189 0.779424 0.154506 1.01286
845 0.208046 -0.577361 -0.281322 -0.3338 1.2325 1.25206 0.507105 1.34468
959 0.240345 -0.674125 -0.214816 -0.4357 1.38419 1.28462 0.423107 1.22309
825 -0.0385928 -0.397396 -0.356707 -0.32749 1.39465 1.46964 0.674021 1.368
518 -0.160788 -0.156748 -0.352206 -0.101085 1.24724 1.40436 0.793191 1.45048
295 0.388166 -0.799901 -0.0347266 -0.425102 1.24367 0.834753 0.352378 0.897177
875 0.411744 -0.942979 -0.0201805 -0.272599 1.34711 0.833838 0.455566 1.09726
584 0.163656 -1.07943 -0.100304 -0.447062 1.16279 1.03494 0.287396 1.24539
71 0.286043 -0.409694 0.0954688 -0.902879 1.08553 1.25049 -0.0945805 1.0183
68 0.275433 -0.345931 0.119405 -0.792761 0.924358 1.36176 -0.120912 0.987618
949 0.185968 -1.00007 -0.0646157 -0.47807 1.08394 0.98582 0.236875 1.23287
783 0.0820281 -1.1126 -0.121029 -0.474103 1.10845 1.07572 0.417145 1.24619
458 0.24687 -0.526184 -0.190035 -0.390962 1.18056 1.04838 0.682394 0.907613
267 -0.181266 -0.951825 0.0415887 -0.993739 1.13425 0.6653 0.332851 0.894833
423 0.830376 -0.892424 -0.128504 -0.429073 1.4356 0.945671 0.422003 1.19931
478 0.354283 -0.704157 0.0291128 -0.581463 1.58958 1.1218 -0.140189 1.2215
812 0.136791 -0.7066 -0.609218 -0.394511 1.10649 1.27759 0.175843 1.04262
803 0.135262 -0.627662 -0.604734 -0.395391 1.17181 1.1617 0.102878 1.08804
866 0.148588 -0.650255 -0.755527 -0.308828 1.26332 1.33539 0.11476 1.10894
645 0.241012 -0.607777 -0.352307 -0.389604 1.37349 1.09149 0.0704825 1.09038
619 0.330048 -0.238962 0.027494 -0.85533 1.07325 1.54347 -0.0819863 0.960981
70 0.282898 -0.294294 -0.00512626 -0.662544 0.991553 1.30215 -0.0600024 1.00602
643 0.113709 -0.511001 -0.496629 -0.204991 1.10708 1.28633 0.485099 1.20117
165 0.0458612 -0.809141 0.013538 -0.759513 1.25129 0.870532 0.288888 1.19937
265 -0.0955592 -0.986709 0.111058 -0.992087 1.27117 0.844884 0.315759 1.08932
389 0.307121 -0.452706 0.018068 -0.64973 1.24106 1.08778 -0.158572 0.978657
246 0.193377 -0.65213 -0.504634 -0.407703 1.1486 1.17844 0.242557 0.959812
245 0.066775 -0.655194 -0.511453 -0.530937 1.16551 1.26835 0.147362 1.12546
354 0.376694 -0.778316 0.00686726 -0.319163 1.32929 0.84828 0.268362 0.946649
427 0.0550588 -0.478437 -0.443703 -0.471971 1.30144 0.706715 0.167171 1.45663
836 0.0391148 -1.04826 -0.116076 -0.45826 0.983554 0.950678 0.239074 1.12687
534 0.112156 -0.456161 -0.164527 -0.488544 1.19913 0.807456 0.156881 1.13819
304 0.717715 -0.685746 -0.0724946 -0.31081 1.19861 0.895202 0.185872 1.09605
889 0.666542 -0.619438 -0.15242 -0.330366 1.38684 0.840505 0.183905 1.10762
507 0.593819 -0.7394 -0.107575 -0.350848 1.29674 0.874325 0.204146 1.13429
256 -0.0232487 -0.908574 0.0274351 -1.01381 1.3705 0.845438 0.274121 1.1993
30 0.321852 -0.297785 0.00859254 -0.873262 1.02238 1.46374 -0.174175 0.90297
48 0.304353 -0.314471 0.00406698 -0.719953 1.05742 1.43263 -0.164924 0.993533
106 -0.0542842 -0.853585 0.0973653 -0.86835 1.09871 0.841781 0.267911 1.09976
743 -0.000281364 -0.812692 0.0162949 -0.760029 1.19515 0.806277 0.298605 1.0667
855 0.20569 -0.313953 -0.00283482 -0.73148 1.03153 1.30496 0.0244561 1.02954
654 0.133467 -0.602315 -0.337023 -0.374867 1.2151 1.2213 0.75552 1.19376
463 0.235476 -0.365789 0.0902031 -0.848553 1.02676 1.43902 -0.0989689 0.947092
641 0.236355 -0.76139 -0.852205 -0.245763 1.24079 1.43329 0.152809 1.04914
999 0.329135 -0.697805 -0.0873337 -0.662249 1.44831 1.24701 0.115322 1.21481
521 -0.176117 -0.956343 0.0448942 -0.993861 1.3028 0.695955 0.424896 1.21576
543 0.113052 -0.524387 0.0334984 -0.923375 1.02197 1.13319 0.0608496 0.953531
928 0.385484 -0.695868 -0.0571053 -0.557618 1.34306 1.10627 0.159285 1.11088
198 0.411966 -0.667236 0.0716519 -0.448091 1.42167 0.937964 0.219063 1.03682
704 0.423434 -0.692324 -0.268577 -0.342557 1.29145 1.13504 0.216749 0.995847
623 0.453482 -0.376608 0.0840977 -0.642313 1.12661 1.18899 -0.0323001 1.01047
974 0.144414 -0.665304 -0.447034 -0.463662 1.34604 1.22793 0.222829 1.11289
802 0.225246 -0.57009 -0.534307 -0.37349 1.26698 1.21545 0.0333645 1.03721
113 0.212873 -0.943057 -0.11924 -0.472247 1.02466 0.929271 0.193219 1.17462
105 0.14192 -1.1018 0.0594242 -0.471588 0.857332 1.00783 0.244823 1.25229
78 0.248366 -0.270842 0.135408 -0.90222 0.986089 1.34153 -0.146514 1.05757
323 0.538837 -0.619482 0.198542 -0.404962 1.72756 0.841068 -0.304364 1.08973
26 0.604253 -0.371388 0.0974954 -0.925306 1.27841 1.49388 -0.198564 1.06592
562 -0.043732 -1.24702 -0.0577005 -0.532183 1.05278 1.03953 0.442698 1.24656
157 -0.0348962 -0.866783 -0.147419 -0.764946 1.26605 0.755228 0.2295 1.13446
371 -0.139481 -0.825677 -0.000498152 -0.894721 1.26065 0.747887 0.318993 1.22096
166 -0.0222241 -0.878313 0.0143554 -0.757848 1.21422 0.836227 0.174396 1.08955
528 0.223527 -0.652441 -0.109703 -0.422872 1.29377 0.916527 0.117364 1.0446
52 0.42453 -0.306147 0.231038 -1.13047 1.2181 1.78341 -0.227455 1.36032
763 0.276564 -0.465968 -0.0800859 -0.662998 1.16422 1.16504 0.541872 0.888036
774 0.106564 -0.641573 0.144389 -0.689364 1.64076 0.881718 -0.0778884 1.15163
116 0.101795 -1.08417 -0.062643 -0.479006 0.933307 0.767763 0.303776 1.13966
200 0.459524 -0.76064 -0.105652 -0.278303 1.13756 0.787249 0.330532 1.04106
92 -0.00247299 -1.53494 -0.213071 -0.394273 0.883097 1.03642 0.263933 1.26327
542 0.273483 -0.304392 0.0624144 -0.896866 1.05165 1.3271 -0.106061 0.963957
325 0.333843 -0.489601 0.124806 -0.424953 1.51848 0.807331 -0.269942 0.912586
407 -0.0739715 -0.863276 -0.243264 -0.695351 1.14509 0.88008 0.265458 1.06951
658 0.100742 -0.714461 0.0940325 -0.932389 1.25684 1.10028 0.187976 1.13045
570 -0.062102 -0.780323 0.0409536 -0.726373 1.1755 0.93136 0.321337 1.1448
401 -0.0693408 -1.2363 0.0844152 -0.531248 1.04656 0.885748 0.275823 1.29638
175 0.641538 -0.972942 -0.120909 -0.123431 1.5467 1.05529 0.725942 1.08688
926 0.3024 -0.556018 -0.0490995 -0.587311 1.13192 1.15528 0.495563 0.998838
156 0.284425 -0.672362 0.148972 -0.654007 1.53033 0.791704 -0.0588104 1.07589
549 0.140779 -0.456268 -0.252348 -0.491457 1.09172 1.14554 0.238402 0.992088
546 0.376619 -0.269173 0.0372292 -0.777835 1.23032 1.50634 0.024165 0.932651
759 -0.0415718 -0.488207 -0.457089 -0.533687 1.30137 0.896435 0.349125 1.55637
843 0.218471 -0.92923 -0.0221973 -0.520497 1.17447 1.04061 0.281353 1.1387
461 0.132839 -1.0084 -0.0183895 -0.597501 0.89956 1.20342 0.13127 1.29094
744 -0.0188351 -0.851875 0.031181 -0.861494 1.14645 0.750215 0.315976 1.08912
544 0.241815 -0.318211 0.0226579 -0.799709 1.12253 1.38549 -0.0609606 0.936307
484 0.405283 -0.626958 0.0627547 -0.435651 1.48579 0.844078 0.0200791 0.948993
746 0.45486 -0.471803 0.191229 -0.505051 1.45594 0.830305 -0.278722 0.85017
657 -0.200698 -0.879022 0.0885155 -0.90448 1.24089 0.778364 0.317431 1.05691
359 0.326162 -0.740031 -0.118866 -0.415454 1.16937 0.969051 0.217621 1.06087
576 0.372618 -0.851444 -0.128093 -0.348464 0.997786 0.932596 0.179298 1.15084
633 0.119552 -0.501429 -0.324103 -0.464649 1.16634 1.03598 0.656923 0.905624
801 0.0423217 -0.750043 -0.615753 -0.538521 1.1256 1.18759 -0.00759825 1.00923
334 0.415533 -0.478369 0.115823 -0.387404 1.47331 0.868561 -0.138908 1.0411
203 0.0987669 -0.834746 0.00074251 -0.679869 1.28286 0.781451 0.307515 0.972567
807 0.236547 -0.80653 -0.0959805 -0.535968 1.21644 0.918756 0.340541 1.1515
184 0.451956 -0.741937 0.0366466 -0.411587 1.3472 1.01603 0.439578 1.06796
352 0.442432 -0.707949 -0.0792793 -0.327498 1.22231 0.93365 0.442561 1.03237
912 0.11552 -0.761739 -0.797496 -0.319831 1.24446 1.24759 -0.0808103 0.923699
937 0.0942515 -0.64305 -0.18638 -0.305435 1.16384 1.15042 0.425585 1.17396
487 0.399061 -0.632168 0.069823 -0.524614 1.57977 0.915608 -0.104808 1.09913
965 0.142154 -1.00757 -0.200546 -0.429695 1.11764 0.977214 0.271772 1.30415
720 0.174487 -0.555874 -0.213828 -0.433185 1.11675 1.0461 0.552973 0.969734
983 0.397538 -0.677994 -0.0731209 -0.542159 1.32515 1.09647 0.223579 1.1569
270 0.315583 -0.740248 -0.0206563 -0.497884 1.19852 0.818323 0.411359 0.911678
982 0.24368 -0.588427 -0.414546 -0.396486 1.12114 1.17464 0.0484524 1.10191
717 0.177022 -0.46827 -0.296624 -0.351889 1.02693 1.16292 0.348554 1.06708
360 0.54487 -0.745135 -0.00959118 -0.384872 1.4149 1.05446 0.304436 1.08541
72 0.360459 -0.25316 0.0286426 -0.821236 1.07247 1.36257 -0.1696 1.04378
799 0.158562 -0.792082 -0.994796 -0.302809 1.20605 1.36161 -0.0414919 1.05136
956 0.1516 -0.731569 -0.600502 -0.505636 1.33473 1.23768 0.127059 1.20786
590 0.245714 -1.03977 -0.0645043 -0.448695 1.01017 1.08498 0.382912 1.20466
694 0.330279 -0.76467 -0.0654578 -0.260439 1.23043 0.863244 0.397539 1.0307
526 -0.2807 -0.456706 -0.379853 -0.614811 1.19131 0.681567 0.385115 1.52366
624 0.260301 -0.318414 0.152061 -0.858616 0.984873 1.32483 -0.195967 1.00006
196 0.437981 -0.7016 -0.169316 -0.31111 1.30602 0.925908 0.458032 1.06413
195 0.323155 -0.741636 -0.16791 -0.366161 1.2801 0.945902 0.459328 1.0732
661 -0.0500978 -0.885078 0.0366984 -0.800662 1.16007 0.727374 0.348016 0.934661
119 0.00988617 -0.867797 0.0785701 -0.51823 0.947376 0.886365 0.233663 1.12279
201 0.400309 -0.776626 -0.0644257 -0.30817 1.29666 0.858558 0.395944 1.02728
522 -0.1428 -0.396335 -0.40368 -0.577875 1.32613 0.917564 0.40195 1.55099
302 0.667643 -0.706962 -0.0831618 -0.334085 1.27757 0.781867 0.198875 1.01338
374 -0.123516 -0.801761 0.02481 -0.938032 1.21574 0.588792 0.294389 1.04423
864 0.477687 -0.710778 0.0582465 -0.332368 1.27566 0.803346 0.26224 0.914101
873 0.40632 -0.788692 0.0299571 -0.609338 1.56245 1.05226 0.130395 1.18393
569 0.0209454 -0.724462 0.0974882 -0.703361 1.35968 0.74205 0.107443 1.05416
298 0.375733 -0.526216 -0.148903 -0.286214 1.0467 0.855946 0.318742 0.923955
636 0.09923 -0.998714 -1.17443 -0.271642 1.32216 1.54064 -0.190571 1.16762
558 0.388565 -0.59225 0.0437532 -0.494442 1.43097 0.902731 -0.150995 1.08772
535 0.0924577 -0.499793 -0.211443 -0.608298 1.19608 0.986589 0.189655 1.33327
557 0.302525 -0.576554 0.0777129 -0.566952 1.38731 0.883403 -0.112964 0.943137
881 0.249286 -0.755932 -0.616854 -0.327282 1.39437 1.35255 0.135537 1.15248
861 0.302674 -0.765975 -0.0151036 -0.471546 1.24099 0.781852 0.353503 1.01245
75 -0.0485404 -0.761478 0.193974 -1.02706 1.16833 0.834344 0.173493 1.02679
829 0.112704 -0.889414 -0.0842525 -0.496686 1.14098 1.10058 0.452019 1.24022
425 0.548731 -0.753258 -0.160856 -0.386806 1.28318 0.832799 0.207036 1.01523
306 0.501335 -0.735953 -0.151822 -0.301585 1.32057 0.78293 0.102261 1.01045
911 0.226501 -0.671927 -0.0991523 -0.653051 1.33742 1.00323 0.0541618 1.067
192 0.140149 -0.979968 -0.0786148 -0.486696 1.20727 1.06853 0.4499 1.33811
830 0.000544523 -0.431783 -0.308282 -0.252313 1.1801 1.17755 0.606115 1.15312
494 0.385039 -0.844828 -0.0535201 -0.397717 1.19316 0.838824 0.234116 1.08989
700 0.423354 -0.730665 -0.0996154 -0.349069 1.27166 0.878758 0.294546 0.926864
869 0.292281 -0.693132 -0.014816 -0.539074 1.34939 1.00548 0.00236735 1.0778
941 0.409182 -0.727 -0.169654 -0.240061 1.35315 0.964834 0.47683 1.08713
486 0.330946 -0.633415 0.0937916 -0.497995 1.56 1.01546 -0.0230737 1.07997
