1000 8
79 -0.655674 0.895265 -0.735704 0.694251 -1.08646 -0.849663 0.991859 1.41167
116 -0.694962 0.58347 -0.549169 0.726709 -0.718353 -0.522073 0.380143 1.0348
80 -0.676051 0.892499 -0.889737 0.80744 -0.814049 -0.684688 1.15538 1.3831
584 -0.882395 0.855933 -0.521319 0.801262 -0.601948 -0.950959 0.423744 1.28898
782 -0.769919 0.738609 -0.597265 0.855599 -0.57891 -0.73168 0.634992 1.35326
83 -0.594422 0.835402 -0.791518 0.933472 -0.67183 -0.643293 1.0439 1.50017
114 -0.775513 0.762142 -0.59289 0.763567 -0.663654 -0.669413 0.440067 1.23944
758 -1.2301 0.68818 -1.09395 0.875382 -0.153508 -0.957368 0.169831 0.776703
678 -1.00369 0.549924 -0.870081 0.757835 -0.094668 -0.842784 0.189313 0.954758
662 -1.68433 0.953091 -1.57082 1.12766 -0.0886877 -1.21531 0.127467 0.730094
677 -1.2953 0.866967 -0.765754 0.903937 -0.214591 -1.00009 0.18539 0.876343
673 -0.993869 0.845198 -0.760862 0.931934 -0.471072 -0.860669 0.381821 1.07782
787 -0.964079 0.702496 -0.705111 0.880304 -0.554275 -0.697281 0.429754 1.12569
633 -1.08951 0.573469 -0.383324 0.511462 -0.528705 -1.43965 0.0817401 0.915101
773 -1.06063 0.722774 -0.801145 1.08147 -1.16314 -0.654328 -0.0696893 0.905229
256 -1.14914 0.683737 -0.782535 1.01108 -0.982901 -0.706889 -0.050992 0.825005
127 -1.17738 0.725596 -0.940397 1.32235 -1.88292 -0.671062 -0.265278 1.27508
264 -0.939445 0.48284 -0.799661 0.927259 -1.22409 -0.618239 -0.0477837 0.897077
130 -1.32253 0.72107 -1.08528 1.23546 -1.637 -0.57419 -0.106402 1.11007
488 -1.01126 0.710587 -0.710935 0.94011 -1.14772 -0.500167 0.261997 0.911372
537 -1.00781 0.8255 -0.631774 0.92021 -1.51214 -0.704682 -0.116815 1.01176
800 -0.925769 0.918041 0.0341812 0.789241 -0.531807 -0.995527 -0.129302 1.07682
241 -0.786373 0.833223 -0.140695 0.824209 -0.498015 -0.949937 0.124818 1.0599
15 -1.11317 1.37139 0.0842469 0.756755 -0.374336 -1.22088 -0.0146717 1.33691
240 -0.7654 1.02 0.048233 0.828526 -0.382693 -0.910712 0.143764 1.0699
207 -1.46111 1.65303 0.392058 0.870676 -0.378759 -1.53819 -0.260192 1.37204
223 -0.895433 1.13203 0.14879 0.784232 -0.10955 -1.22092 0.0545769 1.16484
780 -0.745905 0.794901 -0.477164 0.830418 -0.574853 -0.752468 0.550721 1.36794
90 -0.798473 0.818579 -0.616551 0.744848 -0.633666 -0.802249 0.765562 1.32009
181 -1.38927 0.667561 -0.32464 0.983597 -0.495386 -0.888945 0.846842 1.21819
863 -0.983561 0.601184 -0.556881 0.927408 -0.529186 -0.82802 0.467604 1.14874
60 -1.00698 1.09965 -0.69022 0.517494 -0.641583 -0.398635 0.404756 1.16538
5 -1.1339 1.84519 -0.84823 0.67959 -0.798353 -0.351961 0.550935 1.32896
85 -0.663244 0.719434 -0.759425 0.714345 -0.889201 -0.811494 0.797722 1.30176
314 -0.8004 0.601358 -1.0224 1.12455 -0.30411 -1.23314 -0.244144 1.15685
738 -0.647116 0.770553 -0.555403 1.06301 -0.499534 -0.817799 0.0066245 0.991632
212 -0.890723 0.812137 -0.596515 1.09951 -0.511591 -1.11467 -0.229665 1.04815
313 -0.854648 0.557123 -0.697397 0.919958 -0.392358 -1.43954 -0.309586 1.18737
131 -0.832748 0.592844 -1.20184 1.17477 -0.481377 -1.35934 -0.496654 1.04318
7 -1.44421 1.00949 -0.414922 1.29141 -0.292732 -0.630829 0.931658 1.2321
480 -0.85453 0.752413 -0.71574 0.965141 -0.733221 -0.929166 -0.0222234 1.19198
137 -1.07887 0.862406 -0.922472 1.11959 -1.64824 -0.490291 -0.166667 1.09057
739 -1.00822 0.713218 -0.603699 0.837665 -1.23041 -0.657672 -0.129083 0.934398
140 -1.01042 0.730486 -0.706436 0.925701 -1.40654 -0.664749 -0.202852 0.911763
82 -1.19588 0.689316 -0.903955 1.18636 -1.73921 -0.742201 -0.280181 1.0639
81 -1.26004 0.672031 -1.06547 1.18126 -1.71165 -0.464171 0.00686413 1.14234
657 -0.847759 0.679707 -0.72469 1.11917 -1.21693 -0.488164 -0.0956871 1.02551
707 -0.254583 1.2259 -0.28128 1.99955 -0.773019 -0.81201 0.0837484 1.3794
905 -0.416426 1.00821 -0.390471 1.52148 -0.715003 -0.978183 0.146481 1.23128
708 -0.198919 1.18045 -0.374109 1.93368 -0.722564 -0.730687 0.255876 1.33581
786 -0.84567 0.680156 -0.705329 0.798976 -0.490086 -0.800083 0.397345 1.13704
856 -0.832278 0.890047 -0.693874 0.754358 -0.703004 -0.867332 0.859702 1.33771
397 -0.74308 0.612154 -0.744395 0.718168 -0.687912 -0.738327 0.483733 0.970145
842 -0.808674 0.81188 -0.661962 0.830054 -0.666914 -0.785942 0.5593 1.17874
545 -0.658419 1.04619 -0.649723 0.864679 -0.59422 -0.67155 0.871249 1.35248
562 -0.826003 0.738772 -0.753537 0.740759 -0.841877 -0.721209 0.551431 1.14106
653 -1.01932 0.510667 -0.492086 0.568079 -0.667065 -1.2519 0.139878 1.08642
452 -1.06444 0.567178 -0.527651 0.62185 -0.749815 -1.25798 0.165915 1.1676
795 -0.908471 0.706617 -0.416387 0.668816 -0.308846 -0.65937 0.514128 1.06593
180 -1.39986 0.646052 -0.524183 1.05654 -0.274267 -0.854361 0.812038 1.20219
126 -1.81231 0.670939 -0.285646 1.30729 -0.53953 -0.750583 1.29735 1.22061
186 -1.16175 0.736731 -0.5746 0.915404 -0.755692 -0.567151 0.531914 1.16154
685 -1.2729 0.637217 -0.472436 0.918988 -0.370761 -0.861166 0.706611 1.13733
699 -1.20021 0.708555 -0.551557 0.915426 -0.427992 -0.762793 0.647089 1.19981
185 -1.16335 0.634372 -0.520051 0.929894 -0.495184 -0.88889 0.58487 1.00504
457 -0.779444 0.580972 -0.49143 0.658105 -0.628072 -0.915607 0.393222 1.09836
461 -0.791324 0.940298 -0.541353 0.639835 -0.656661 -0.791338 0.602211 1.16145
86 -0.739495 0.871057 -0.763752 0.636356 -0.800149 -0.724694 0.786865 1.33068
751 -0.949526 0.630662 -0.702384 0.888009 -1.0888 -0.565185 0.0421363 0.923043
97 -0.748901 0.726584 -0.652455 0.639414 -0.800644 -0.624402 0.441753 1.17508
930 -0.807664 0.864496 -0.579886 0.831353 -0.586759 -0.866552 0.419784 1.32336
112 -0.566639 0.660225 -0.499079 0.86195 -0.567794 -0.628291 0.524004 1.05776
47 -0.776649 1.05032 -0.585096 0.444839 -0.685981 -0.292086 0.450164 1.04666
712 -0.487549 0.882263 -0.429185 1.27956 -0.679506 -0.868885 0.105417 1.25205
637 -0.366106 1.00953 -0.271338 1.60287 -0.652321 -0.738315 0.0848254 1.27703
695 -0.367904 1.13346 -0.457139 1.63117 -0.63545 -0.6263 0.170318 1.23559
828 -0.542382 0.706769 -0.432907 1.22624 -0.527018 -0.720067 0.14151 1.35868
714 -0.378509 1.04513 -0.307606 1.53502 -0.586173 -0.707798 0.15486 1.2579
705 -0.24451 1.23642 -0.287643 1.92256 -0.741958 -0.802612 0.42729 1.56936
38 -0.786692 1.19266 -0.549349 0.818263 -0.694355 -0.356276 0.312843 1.04182
0 -1.26387 1.75031 -0.846746 0.642172 -0.808594 -0.230685 0.569002 1.61536
20 -1.09263 1.42041 -0.554521 0.398625 -0.677389 -0.306018 0.406825 1.41844
879 -0.94352 1.08247 -0.113409 0.765522 -0.430668 -1.04752 0.187358 1.14992
227 -1.06807 1.05577 0.0298632 0.781413 -0.292092 -1.27098 -0.0752202 1.39373
446 -1.07718 0.980026 -0.14926 0.673963 -0.36107 -1.39065 0.0423249 1.29942
969 -0.863217 0.97592 -0.103431 0.813896 -0.398183 -1.05776 0.000589047 1.07449
221 -1.00018 0.946658 0.0854405 0.859394 -0.363098 -1.23918 0.0381439 1.40802
234 -0.985153 0.961975 0.0208162 0.727726 -0.333547 -1.15752 0.0988263 1.17973
208 -1.02905 1.27624 0.158211 0.976397 -0.196986 -1.53819 -0.0863094 1.49408
636 -1.01229 1.2445 0.197095 0.807281 -0.343505 -1.33743 0.122175 1.35825
170 -1.34759 1.40433 0.34727 0.969887 -0.117886 -1.28842 0.176537 1.37913
717 -0.425444 0.845047 -0.324395 1.21942 -0.472854 -0.664154 0.116165 0.997918
859 -1.24263 0.694636 -0.477204 1.11472 -0.360232 -0.686818 0.889255 1.2212
197 -1.09014 0.621997 -0.446589 0.828318 -0.414647 -0.661882 0.528615 1.07161
661 -0.919473 0.655547 -0.57357 0.891462 -1.07416 -0.415639 0.0318765 0.929292
365 -1.10024 0.680807 -0.807247 0.988551 -1.46045 -0.593622 -0.15852 0.916201
63 -0.955898 0.821661 -0.709749 0.950622 -1.4047 -0.355365 -0.0613833 0.929286
129 -1.11899 0.744126 -0.893103 1.39522 -1.81851 -0.671081 -0.355473 1.10171
142 -1.04204 0.610417 -0.8836 0.994312 -1.51982 -0.509356 -0.183811 0.983311
250 -0.96165 0.656977 -0.863565 1.02972 -1.45508 -0.559624 -0.0828477 0.984071
312 -0.785393 0.556728 -1.1089 1.29795 -0.502116 -1.18975 -0.291217 0.965476
275 -0.76361 0.5941 -1.03754 0.990008 -0.459024 -1.28031 -0.20601 1.24472
472 -0.726506 0.625834 -0.827319 0.948126 -0.514369 -1.08874 0.0303206 1.16523
321 -0.69462 0.68857 -0.970526 0.996007 -0.553984 -1.1133 -0.161526 1.23819
308 -0.600319 0.890409 -1.06069 1.15924 -0.449531 -1.41882 -0.488329 1.22086
14 -1.13734 1.75408 -0.573343 0.631393 -0.796522 -0.307758 0.495256 1.36504
4 -1.44324 1.75284 -0.77429 0.255214 -0.932668 -0.394371 0.508331 1.38367
543 -1.02015 1.09867 -0.646269 0.635971 -0.812108 -0.420805 0.327468 1.07681
344 -1.24647 0.773299 -0.538316 1.05827 -0.398732 -0.676446 0.823555 1.27791
961 -1.01066 0.829166 -0.398386 0.979072 -0.522809 -0.707942 0.457878 1.1512
202 -1.03161 0.69934 -0.398637 0.815921 -0.469914 -0.720049 0.424861 1.09042
182 -1.23816 0.724964 -0.348176 0.970949 -0.384259 -0.842206 0.648721 1.30279
878 -1.09966 0.684764 -0.474226 0.811097 -0.56286 -0.772786 0.409449 1.06329
681 -1.57768 0.695246 -0.443903 1.1013 -0.452427 -0.809925 1.07441 1.19796
169 -1.69897 0.787382 -0.239895 1.24205 -0.313722 -0.872859 1.22554 1.1686
683 -1.18697 0.858713 -0.377924 1.09963 -0.454757 -0.810118 0.613521 1.09381
971 -0.964365 0.739275 -0.409074 0.886525 -0.419701 -0.758804 0.557366 1.14357
178 -1.21987 0.745612 -0.376267 0.938551 -0.41962 -0.599628 0.612257 1.16039
146 -0.927328 0.756866 -0.883132 0.877283 -1.53409 -0.50451 -0.0792768 0.988621
367 -0.913356 0.838948 -0.803174 0.878368 -1.20174 -0.480486 -0.0348808 0.911153
128 -1.26924 0.999671 -0.859094 1.09161 -1.8206 -0.703855 -0.236022 1.00816
249 -1.12196 0.688361 -0.824248 1.14612 -1.6405 -0.644898 -0.10451 1.0903
567 -0.854759 0.709872 -0.683702 1.00439 -1.18135 -0.661459 -0.0322717 0.9291
132 -1.11383 0.666566 -0.833975 1.2577 -1.84689 -0.906222 -0.230439 1.10971
374 -0.827587 0.536451 -0.659408 0.786154 -1.04547 -0.671945 -0.134018 1.0754
565 -0.933012 0.494787 -0.726519 0.974609 -1.31593 -0.551787 -0.108161 0.907474
396 -1.05035 0.715591 -0.752611 1.07769 -1.33187 -0.581068 -0.220127 0.927498
599 -0.890609 0.622227 -0.51925 0.851804 -1.05015 -0.712456 0.0509781 0.855253
564 -1.08978 0.516362 -0.476017 0.502313 -0.947946 -1.37843 -0.0203929 0.912133
593 -1.06993 0.596779 -0.527576 0.627072 -0.804785 -1.31296 0.0909389 1.04278
609 -1.12326 0.627947 -0.549983 0.604048 -0.665108 -1.4444 0.180392 0.973897
596 -1.11323 0.626499 -0.355512 0.500888 -0.564841 -1.19906 0.175809 1.02919
435 -1.29147 0.436116 -0.421532 0.605799 -1.15999 -2.04241 0.0397987 1.13315
631 -0.993545 0.485595 -0.344863 0.607342 -0.666198 -1.16603 0.16108 1.02527
654 -0.661818 0.655361 -0.437587 1.03518 -0.686119 -0.978049 0.0369596 1.10588
516 -0.601739 0.96123 -0.381817 1.58007 -0.561945 -0.97847 0.10341 1.20734
727 -0.310968 1.05773 -0.368757 1.98356 -0.710261 -0.950808 0.0843796 1.32662
982 -0.957702 1.05319 -0.176005 0.707235 -0.440817 -1.02938 0.113565 1.12315
964 -0.884971 0.891452 -0.0435219 0.680857 -0.359653 -1.00618 0.080382 1.1741
224 -0.988272 1.07312 0.0675997 0.817285 -0.396682 -1.19288 0.110074 1.25234
214 -1.1632 1.3656 0.241154 0.840532 -0.324662 -1.26698 -0.0426611 1.35393
881 -0.914197 0.913515 -0.124541 0.821449 -0.373344 -1.14832 0.144219 1.24451
768 -1.01367 1.02018 -0.152855 0.777027 -0.326743 -1.11158 0.117562 1.20676
19 -1.62923 0.92608 -0.536245 0.987225 -0.184383 -0.699634 0.796506 1.11416
205 -1.07461 0.719878 -0.426922 0.866988 -0.367005 -0.67754 0.608955 1.07353
125 -1.13833 0.591144 -1.01803 1.14688 -1.89262 -0.873326 -0.158085 1.18109
13 -1.18456 0.913037 -0.862968 1.38986 -1.83052 -0.506761 -0.163543 1.19588
371 -1.01791 0.618189 -0.796275 1.02911 -1.18124 -0.51265 -0.0623967 0.840027
157 -0.923599 0.668254 -0.608379 0.907255 -1.0368 -0.652659 0.0132356 0.884168
407 -0.863688 0.711957 -0.418451 0.90299 -1.11471 -0.596152 -0.0621512 0.877774
635 -1.12645 1.11154 0.0879652 0.886206 -0.339707 -1.30057 -0.0530005 1.25778
231 -1.01478 1.03524 -0.00671607 0.80135 -0.341995 -1.11478 0.126451 1.21963
239 -1.01529 0.911743 -0.130449 0.767861 -0.386304 -1.09637 0.0878343 1.09942
235 -1.01226 0.946595 -0.135645 0.695204 -0.360871 -1.0117 0.251223 1.13186
228 -1.0425 1.13047 0.123998 0.781717 -0.258791 -1.36866 0.0124623 1.15568
649 -0.933478 0.809849 -0.150467 0.793231 -0.302512 -0.986775 0.114879 1.08369
860 -1.06649 0.822302 -0.498735 0.992755 -0.375483 -0.825683 0.405321 1.12975
191 -1.01738 0.775935 -0.339552 0.840899 -0.170411 -0.835169 0.38564 1.09345
394 -0.276212 1.08198 -0.405921 1.90313 -1.08327 -0.84937 -0.162052 1.2352
174 -0.54151 1.16719 -0.267177 1.70133 -0.693424 -0.538213 0.151806 1.25501
936 -0.619827 0.840336 -0.466222 1.02054 -0.395419 -0.628993 0.229789 1.11757
554 -0.893932 0.670285 -0.741026 0.914956 -0.371987 -0.769063 0.022864 0.840629
896 -1.31252 0.871723 -0.893815 0.825786 -0.17273 -0.937261 0.111227 0.771566
524 -1.0794 0.700492 -0.98376 0.828394 -0.236999 -0.734824 0.258292 1.04758
111 -1.07705 0.706193 -0.867268 0.816435 -0.405831 -0.818816 0.20607 0.918255
274 -1.68476 0.784506 -1.53259 0.830546 0.142188 -0.975035 0.208077 0.981021
381 -1.36086 0.715787 -1.08832 0.770001 -0.0198715 -0.922063 0.233435 0.873033
332 -0.577365 0.671867 -0.79302 0.922819 -0.39412 -0.955791 -0.0875256 1.04264
309 -0.400562 0.757694 -1.3145 1.17769 -0.415578 -1.45181 -0.252103 1.34404
324 -0.800154 0.670694 -0.792452 0.92784 -0.73578 -0.858473 -0.129603 0.930352
742 -0.790705 0.652005 -0.664559 0.921254 -0.76797 -0.781499 -0.067326 1.00043
311 -0.671022 0.451821 -1.04832 1.09268 -0.591431 -1.22384 -0.299724 1.02069
470 -0.621934 0.570311 -0.909048 1.00854 -0.687595 -0.981681 -0.183441 1.08995
898 -0.764398 0.722434 -0.703703 0.877254 -0.494007 -0.861926 0.0103146 1.07437
315 -0.553184 0.688105 -0.923332 1.20335 -0.584562 -1.19798 -0.165648 1.17442
338 -0.745346 0.653306 -0.581922 0.82437 -0.592611 -0.730965 0.0791975 1.01093
819 -0.844525 0.75042 -0.634397 0.776319 -0.418526 -0.86916 0.205274 1.09058
211 -1.21168 1.22204 0.186124 0.724157 -0.136982 -1.51342 -0.0420166 1.45073
591 -1.29637 0.50811 -0.346114 0.379289 -0.980877 -1.88948 0.0504738 1.11399
892 -0.926167 0.52007 -0.462194 0.520502 -0.692658 -1.03816 -0.0115195 0.794373
441 -1.24712 0.621341 -0.444533 0.240147 -0.690879 -1.43826 0.223972 0.981863
629 -1.08328 0.794943 -0.211712 0.446601 -0.642312 -1.43381 0.0942784 1.0858
218 -1.15918 1.07478 0.101095 0.720748 -0.221196 -1.5473 -0.0705333 1.4357
912 -1.07178 1.12777 0.0189126 0.813172 -0.170878 -1.18974 0.0479689 1.19984
607 -0.889721 0.684149 -0.360077 0.728273 -0.594753 -0.954721 0.129769 1.04072
213 -1.23307 1.34064 0.195413 0.81601 -0.329407 -1.36908 -0.114567 1.35014
230 -1.00834 1.04326 -0.0313182 0.581947 -0.252829 -0.956799 0.0755563 1.20852
210 -1.01126 1.2552 0.431672 1.00992 -0.298199 -1.47756 -0.0170515 1.46302
814 -0.966749 0.825745 -0.250164 0.769095 -0.343218 -1.0563 0.069769 1.09834
640 -1.08995 1.07511 0.0563304 0.768382 -0.192955 -1.21474 0.113657 1.26325
209 -1.28857 1.25152 0.27719 0.912644 -0.171134 -1.60316 -0.0134865 1.59783
582 -0.827168 0.931257 -0.525713 0.741231 -0.506629 -0.899519 0.479032 1.29258
43 -0.785102 0.768527 -0.608923 0.579869 -0.533504 -0.430406 0.440108 1.00561
789 -0.941418 1.03456 -0.784485 0.727256 -0.716764 -0.624023 0.707252 1.35102
895 -0.963127 0.780951 -0.605326 0.833798 -0.687737 -0.815432 0.340596 1.22961
119 -0.812062 0.667671 -0.614579 0.795263 -0.782417 -0.617195 0.285015 1.16571
781 -0.855779 0.921856 -0.581797 0.841804 -0.678042 -0.664514 0.641489 1.45202
379 -0.616035 0.599816 -0.634306 0.755349 -0.75802 -0.536045 0.365676 0.965571
873 -0.829187 0.736362 -0.634428 0.959684 -0.54379 -0.994038 0.258005 1.22942
310 -0.797045 0.861238 -1.1371 1.12089 -0.430609 -1.29001 -0.150013 1.05491
328 -0.721822 0.459261 -0.630414 0.754469 -0.49034 -1.02134 0.0303939 1.12483
171 -0.869872 0.45227 -0.880405 1.08157 -0.708798 -1.11923 -0.126571 1.14512
481 -0.764536 0.652431 -0.649575 0.965803 -0.427759 -1.02778 0.192883 1.13234
555 -0.843136 0.582199 -0.764638 0.96861 -0.746695 -0.885874 -0.0141583 1.02622
462 -0.822115 0.403588 -0.572086 0.701462 -0.426932 -0.804136 0.270517 1.65285
3 -1.33734 2.02397 -0.508746 0.373103 -0.860235 -0.378963 0.420852 1.5107
55 -1.18818 1.48578 -0.726831 0.600333 -1.26054 -0.231859 0.262678 1.00611
386 -0.950301 1.23083 -0.598156 0.505197 -0.734146 -0.183586 0.400385 1.04088
621 -0.995233 1.11755 -0.64042 0.678751 -0.70446 -0.592085 0.326582 1.03099
21 -1.14661 1.37393 -0.740723 0.403222 -0.720377 -0.243363 0.55669 1.37614
36 -1.06723 1.05488 -0.685453 0.682845 -0.55613 -0.501234 0.32737 1.00611
550 -1.09365 1.16527 -0.714043 0.76203 -0.741327 -0.520508 0.296341 1.13513
848 -0.969134 0.722199 -0.700188 0.946462 -0.657009 -0.893243 0.106131 1.07413
691 -0.818426 0.772984 -0.494255 1.07805 -0.627826 -0.766367 0.224438 1.0425
627 -1.24625 0.486639 -0.34268 0.529302 -0.864785 -1.38719 0.195266 0.872793
764 -1.11199 0.545104 -0.378379 0.504223 -0.711259 -1.2398 0.178031 0.89469
436 -1.35474 0.503611 -0.529634 0.573036 -1.11806 -1.66269 -0.00938965 1.02067
606 -0.890321 0.436709 -0.365639 0.63038 -0.666815 -0.927231 0.0817221 0.871519
177 -1.3588 0.683581 -0.494072 0.93826 -0.342796 -0.787247 0.869817 1.24724
937 -0.528621 0.896408 -0.453056 1.14908 -0.561318 -0.703692 0.200752 1.12454
108 -0.711151 0.751075 -0.504002 0.92115 -0.608172 -0.702071 0.394104 1.20888
847 -0.611543 0.860479 -0.389759 1.17668 -0.556191 -0.630077 0.0863271 1.0273
825 -0.513397 0.923364 -0.476509 1.46915 -0.867537 -0.751084 -0.0200934 1.37223
866 -0.991555 0.982168 -0.129839 0.837069 -0.452094 -1.10154 0.0350375 1.20817
765 -0.757418 0.830486 -0.641635 0.776961 -0.607017 -0.66688 0.569903 1.31639
84 -0.592556 0.931554 -0.523591 0.674918 -0.739721 -0.874183 0.901908 1.44153
578 -0.640727 0.816392 -0.826854 0.877319 -0.683171 -0.735692 0.7842 1.43018
686 -0.84911 0.699326 -0.562989 0.806397 -0.531029 -0.689593 0.562606 1.12899
693 -0.998662 0.678936 -0.449219 0.868341 -0.386509 -0.715642 0.466511 1.03551
694 -0.947112 0.720891 -0.506868 0.978999 -0.556358 -0.8396 0.436074 1.10332
836 -0.733153 0.701942 -0.558232 0.755215 -0.560822 -0.752187 0.401569 1.04511
650 -0.713893 0.688008 -0.637364 0.954429 -0.34437 -1.02268 -0.0342252 1.12639
336 -0.772664 0.623037 -0.750294 0.903149 -0.631928 -0.985618 -0.0440258 1.16168
247 -0.726281 0.468808 -0.86787 0.999662 -0.740005 -1.12105 -0.184732 1.12631
489 -0.954481 0.576853 -0.77458 0.95584 -1.16373 -0.562462 -0.154695 0.876778
238 -0.911818 0.852815 -0.103656 0.724557 -0.502657 -0.963038 0.00472041 1.00769
246 -0.996091 0.822364 -0.223406 0.641979 -0.445839 -1.25421 0.12364 1.12017
144 -0.86185 0.520583 -0.846699 1.06722 -1.40124 -0.601651 -0.103316 0.986344
320 -0.688763 0.666059 -0.903286 0.90972 -0.490209 -0.827383 -0.168939 0.994613
531 -1.25641 0.722294 -0.882958 0.775627 -0.342293 -0.853388 0.0795028 0.780774
759 -1.23495 0.700028 -0.797186 0.79809 -0.417951 -0.957857 0.0939512 0.795239
851 -1.40954 0.885152 -0.854284 0.948514 -0.225845 -0.91163 0.342293 0.744032
589 -0.632389 0.725178 -0.606923 0.692937 -0.538346 -0.739053 0.467731 1.1839
841 -0.827616 0.766214 -0.782024 0.794108 -0.714602 -0.983376 0.543423 1.37845
870 -0.91522 0.886893 -0.658324 0.782561 -0.632917 -0.729555 0.433242 1.23639
587 -0.893034 0.761404 -0.70545 0.785263 -0.533684 -0.747676 0.442069 1.1037
225 -0.96289 1.10007 0.098961 0.604459 -0.337211 -1.14917 -0.0552789 1.1224
2 -1.35883 2.01669 -0.777809 0.569344 -1.14646 -0.303107 0.255462 1.26379
382 -0.971927 1.29573 -0.788725 0.697518 -0.774792 -0.347344 0.364848 1.16348
810 -0.928938 1.16578 -0.699445 0.649411 -0.828682 -0.393919 0.397025 1.05672
763 -1.02152 0.627981 -0.446827 0.502711 -0.661372 -0.993261 0.20799 0.878128
362 -1.14386 0.37848 -0.390206 0.58369 -1.04015 -1.656 0.00802926 1.01273
546 -1.07699 1.18476 -0.631411 0.504832 -0.812758 -0.577756 0.292796 1.00774
463 -0.884846 0.871165 -0.57727 0.562952 -0.637804 -0.541321 0.29786 0.969208
917 -0.769151 1.06869 -0.531647 0.59153 -0.600016 -0.40814 0.271338 1.00086
27 -1.00731 1.34983 -0.694052 0.723387 -1.03584 -0.248511 0.221178 1.07172
809 -0.797677 1.1814 -0.59369 0.71172 -0.628568 -0.306884 0.315319 1.12344
22 -1.08047 1.44838 -0.666671 0.494927 -0.76483 -0.289471 0.467987 1.40541
471 -0.807741 0.662396 -0.678755 0.896188 -0.481169 -0.952733 -0.158245 1.07248
850 -0.884495 0.63105 -0.56343 0.837654 -0.603743 -0.919745 0.0615252 0.989569
613 -0.978036 0.703145 -0.827825 1.046 -0.702273 -0.98047 0.0509947 1.04362
849 -0.836066 0.728052 -0.713474 0.930755 -0.559138 -1.01339 0.0425654 1.11816
817 -0.946746 0.739418 -0.679572 0.950438 -0.578111 -1.00368 0.0179136 1.19789
482 -0.74806 0.657147 -0.696057 0.872274 -0.490604 -0.874823 0.0197522 1.07515
559 -0.784428 0.59537 -0.733622 0.79477 -0.355168 -0.960581 -0.00574506 0.932056
316 -0.650598 0.603178 -0.887918 1.03286 -0.58798 -0.927297 -0.369804 0.983882
11 -0.657949 0.71997 -1.14788 1.15735 -0.512117 -0.973244 -0.205902 1.10764
551 -0.739483 0.707352 -1.02438 1.02909 -0.421637 -0.9576 -0.0892154 1.03082
899 -0.848634 0.791473 -0.568825 0.948451 -0.502305 -0.85874 0.196108 1.11177
389 -0.855151 0.77096 -0.579491 0.845329 -0.566784 -0.865032 0.058535 1.07149
821 -0.851026 0.620662 -0.713679 0.900328 -0.440477 -0.966782 0.115046 1.12982
566 -0.847703 0.553187 -0.765464 0.915721 -1.05498 -0.673499 -0.0319565 1.14614
158 -0.807275 0.723954 -0.73975 1.01337 -1.15418 -0.582371 -0.12278 0.949696
162 -0.800048 0.606018 -0.539888 0.86188 -0.981885 -0.617106 -0.128971 0.761235
493 -1.03847 0.703014 -0.771759 0.889147 -1.1148 -0.610558 -0.0690516 0.810293
361 -1.12033 0.664054 -0.90057 1.01617 -1.35411 -0.707994 -0.212285 0.888914
477 -0.634759 0.547517 -0.747391 0.860239 -0.547669 -0.963785 0.108983 1.00062
77 -0.979353 1.00045 -0.530991 0.692928 -0.653107 -0.464912 0.276648 1.04821
867 -0.982709 0.972717 -0.243791 0.713116 -0.375856 -0.972912 0.0780964 1.11426
219 -1.23405 1.18657 0.0620561 0.834615 -0.10601 -1.22222 -0.0655406 1.13388
645 -0.964055 0.819276 -0.353855 0.78922 -0.508143 -1.08227 0.102442 1.21567
802 -0.996579 0.847894 -0.281849 0.798533 -0.376651 -0.983936 0.182287 1.20544
974 -1.01208 0.859551 -0.413949 0.791339 -0.433979 -1.13685 0.108316 1.16187
972 -1.02657 0.694679 -0.512226 0.853226 -0.439618 -0.689985 0.444768 1.10169
923 -1.03851 0.807555 -0.574003 1.11509 -0.435611 -0.808315 0.469438 1.16946
334 -0.796407 0.590138 -0.760715 1.00976 -0.430373 -0.937863 -0.0116201 1.12278
327 -0.60603 0.664004 -0.724506 0.866273 -0.566115 -1.00528 -0.0214957 1.1164
475 -0.676359 0.553122 -0.704192 0.892871 -0.466813 -0.919912 0.0544205 1.12429
775 -0.662567 0.689902 -0.557406 1.137 -0.609423 -0.785081 -0.0659236 0.945412
610 -0.783933 0.737126 -0.754929 1.19007 -0.724917 -0.966292 0.0785542 1.21895
439 -1.10705 0.527623 -0.361545 0.419991 -0.861187 -1.65371 0.151613 1.08006
440 -1.07057 0.58043 -0.449371 0.5819 -0.737059 -1.62939 0.104127 1.09088
329 -0.768743 0.630485 -0.72938 0.902624 -0.462465 -1.1434 0.00400791 1.07791
422 -0.76864 0.334787 -0.733726 0.781458 -0.556764 -1.09079 0.196926 1.65815
424 -0.689171 0.30607 -0.679127 0.652754 -0.462507 -0.902465 0.28946 1.69968
410 -0.942694 0.355062 -0.969694 0.841411 -0.314875 -1.06372 0.479791 2.55711
9 -1.12348 1.83381 -0.524023 0.419163 -0.826428 -0.396951 0.454825 1.36816
383 -1.09241 1.38885 -0.44252 0.537775 -0.651573 -0.503812 0.247642 1.15363
939 -0.980808 1.04506 -0.614767 0.6984 -0.619495 -0.620873 0.254168 1.27827
380 -1.03791 1.41075 -0.749357 0.633789 -0.902067 -0.336874 0.424491 1.22991
356 -1.15143 0.75745 -0.421282 0.965776 -0.337285 -0.860537 0.450091 1.18284
216 -1.07137 0.994978 -0.0730929 0.829518 -0.247484 -1.2975 0.0332984 1.25662
135 -1.1715 0.659961 -1.00126 1.35335 -1.78242 -0.67833 -0.234693 1.12117
737 -0.641483 0.80477 -0.565021 1.17129 -0.504034 -0.638809 0.0405978 0.910462
23 -1.09143 1.53124 -0.668696 0.59749 -0.792066 -0.182064 0.529955 1.45179
279 -0.903106 0.283304 -0.690274 0.8393 -0.216352 -0.930555 0.330015 2.03292
272 -1.17099 0.207321 -0.972451 0.921258 -0.127987 -1.43356 0.371077 2.45997
747 -1.15706 1.38124 0.12116 0.827856 -0.312437 -1.28897 -0.234902 1.34318
273 -0.793272 0.165033 -0.80068 0.990069 -0.441077 -1.13387 0.224234 2.51998
253 -0.893647 0.750427 -0.689926 0.956512 -1.33307 -0.492912 -0.0488976 0.92364
138 -0.95991 0.706779 -0.832942 1.13536 -1.69647 -0.58453 -0.200454 0.950466
18 -1.16322 1.64591 -0.878505 0.512345 -1.05555 -0.215568 0.474373 1.25443
794 -0.790566 0.660279 -0.633786 0.819744 -0.525976 -0.873738 0.10501 1.07771
154 -0.752684 0.655681 -0.640456 0.782457 -0.730548 -0.727516 0.291258 1.20046
790 -0.831565 0.722963 -0.550099 0.794574 -0.723061 -0.765664 0.377274 1.11293
965 -0.844845 0.80944 -0.58246 0.813239 -0.543091 -0.862743 0.29658 1.25111
948 -0.911665 0.878115 -0.659086 0.91792 -0.658576 -0.812047 0.367049 1.42559
783 -0.698862 0.67886 -0.655593 0.819593 -0.6457 -0.921563 0.423696 1.29239
579 -0.762477 0.858954 -0.806979 0.871053 -0.861022 -0.829199 0.641875 1.23606
87 -0.828323 0.936871 -0.723013 0.817068 -0.876399 -0.6834 0.769714 1.20512
829 -0.708797 0.722857 -0.622687 0.845133 -0.751726 -0.672224 0.335532 1.13849
580 -0.796214 0.711022 -0.642338 0.92901 -0.759044 -0.700542 0.615096 1.29438
368 -0.859409 0.700997 -0.754552 1.15583 -1.28636 -0.578247 -0.095778 0.859164
792 -0.797022 0.708621 -0.554348 0.784567 -0.601143 -0.757098 0.468567 1.23047
121 -0.723576 0.781127 -0.515333 0.625835 -0.584558 -0.659622 0.394029 1.01945
252 -0.973325 0.821859 -0.799304 0.867931 -1.31586 -0.521229 0.000575754 1.00255
656 -1.02333 0.647367 -0.838774 1.10457 -1.42872 -0.535234 0.00677985 1.04376
726 -0.586559 0.54005 -0.972152 1.22599 -0.476768 -1.25375 -0.230885 1.26354
286 -0.715415 0.153771 -0.730528 0.856837 -0.360373 -1.00786 0.276831 2.01734
417 -0.727332 0.0518206 -0.824275 0.804381 -0.305203 -1.04969 0.320711 1.89501
257 -0.801984 0.622279 -0.601475 0.883629 -0.805128 -0.605903 0.164218 0.985628
749 -0.977231 0.64042 -0.797171 1.03403 -1.34952 -0.517138 -0.110921 0.97126
756 -1.41546 0.722969 -1.06268 0.83239 -0.0724709 -0.986059 0.170412 0.760281
664 -1.57035 0.811326 -1.32277 0.921914 -0.140737 -1.03512 0.101125 0.734995
341 -1.55341 0.951049 -0.693497 1.04148 -0.15213 -0.690808 0.843212 1.10087
175 -1.3521 0.66804 -0.391833 0.968429 -0.453659 -0.741809 0.828238 1.19148
295 -1.01435 0.570561 -0.463348 0.767175 -0.425756 -0.716497 0.508254 1.24672
75 -0.861642 0.68823 -0.701385 0.716966 -1.0464 -0.321217 0.0517444 0.830472
139 -0.969626 0.64096 -0.851083 1.13371 -1.56119 -0.599936 -0.206887 1.12028
883 -1.23527 0.71638 -0.855488 0.76895 -0.204968 -0.860169 0.174503 0.815101
513 -1.78837 0.930024 -1.51766 1.0574 -0.0325096 -1.04447 0.162014 0.800456
534 -1.16367 0.706669 -0.996896 0.864205 -0.238983 -0.841175 0.119046 0.718509
484 -0.777385 0.662866 -0.682446 0.81679 -0.544502 -0.927815 0.184244 1.18022
487 -0.693812 0.628687 -0.748196 0.885268 -0.462077 -0.909118 0.0375549 1.0297
877 -0.925534 0.812734 -0.153643 0.729197 -0.387796 -0.97621 0.14134 1.12372
680 -1.65942 0.928984 -0.542467 0.989054 -0.279196 -0.558252 1.00651 1.10582
190 -1.14144 0.690817 -0.416204 0.987322 -0.363536 -0.631309 0.689403 1.02522
147 -0.992505 0.583043 -0.768607 0.95858 -1.2818 -0.583127 -0.0931748 0.95942
476 -0.671398 0.668328 -0.796261 0.8309 -0.610352 -0.86185 0.00618976 1.1065
301 -0.766116 0.37932 -0.636693 0.660565 -0.337964 -0.896046 0.265144 1.51945
416 -0.716201 0.281403 -0.695255 0.700992 -0.558047 -0.951049 0.122002 1.55045
294 -0.830676 0.189918 -0.613335 0.723398 -0.226338 -1.06025 0.228192 1.72813
271 -0.934053 0.112516 -0.998257 0.887997 -0.399191 -1.03791 0.318125 2.47884
339 -1.48622 0.791805 -0.394214 1.02416 -0.203219 -0.645039 1.01972 1.35421
173 -1.32766 0.598551 -0.420224 0.997539 -0.558732 -0.751195 0.932837 1.10445
914 -0.872178 0.877339 -0.191358 0.702865 -0.434943 -0.944231 0.0949919 1.03093
932 -1.00314 0.871406 -0.213723 0.771416 -0.495933 -0.966822 0.0518858 1.08076
133 -1.18373 0.810741 -0.890627 1.24276 -1.74608 -0.599952 -0.143402 1.03423
151 -0.955468 0.627062 -0.806213 1.0121 -1.41796 -0.531841 -0.14514 0.917322
561 -0.825422 0.398641 -0.834174 1.11941 -1.35543 -0.553769 -0.207906 1.12959
260 -0.820234 0.470555 -0.694775 0.991796 -1.21485 -0.600958 -0.141248 0.94931
508 -0.964788 0.509758 -0.547027 0.721908 -0.483384 -1.04771 0.154152 1.23334
967 -1.17047 0.561453 -0.633427 0.769958 -0.528196 -1.1636 0.149568 1.09657
503 -0.748557 0.215885 -0.75177 0.749605 -0.17999 -1.00167 0.275893 1.76803
665 -1.49102 0.850044 -1.37545 0.847251 0.0762521 -1.03681 0.327933 0.809301
785 -1.16071 0.738777 -0.993115 0.772976 -0.0944422 -0.776534 0.264978 0.809283
824 -0.80469 0.583159 -0.697016 0.763234 -0.413492 -0.803701 0.00814701 0.771874
421 -0.79571 0.188299 -0.812984 0.721374 -0.25353 -0.999804 0.248545 1.80828
290 -0.88949 0.274744 -0.461525 0.864351 -0.383554 -1.06734 0.106184 1.83806
741 -0.820168 0.703874 -0.608897 0.813239 -1.05168 -0.425741 0.00120693 0.913009
51 -1.19525 1.55515 -0.678418 0.475625 -0.892122 -0.214337 0.580486 1.39388
350 -1.11834 0.731309 -0.508159 0.969738 -0.476486 -0.760542 0.630183 1.11817
518 -0.251019 0.984589 -0.469639 1.80151 -0.577516 -0.764908 -0.000163145 1.18509
719 -0.717154 0.843742 -0.439345 1.12918 -0.723067 -0.937908 0.171126 1.26445
959 -0.733427 0.80469 -0.482713 1.17956 -0.557733 -0.895377 0.148794 1.40545
300 -0.762533 0.267039 -0.563402 0.842038 -0.423942 -0.947448 0.209778 1.51056
845 -0.470424 0.828652 -0.415702 1.44935 -0.556408 -0.821008 0.139488 1.30366
985 -0.69471 0.887918 -0.482247 1.31007 -0.686581 -0.886795 0.20767 1.33064
908 -0.488384 0.76566 -0.4119 1.0891 -0.537749 -0.722813 0.151818 0.995218
148 -0.849227 0.592067 -0.7428 0.866023 -1.40947 -0.566132 -0.0231092 0.915137
155 -0.970233 0.690582 -0.700963 0.923749 -1.35481 -0.566503 -0.127975 0.903838
779 -0.995042 0.614461 -0.583943 0.993153 -0.493497 -0.779933 0.354952 1.14515
934 -0.838155 0.751115 -0.631392 1.02782 -0.534961 -0.952731 0.0807316 1.15119
340 -1.39109 0.760093 -0.469804 1.20438 -0.305597 -0.899462 0.785914 1.13267
348 -0.94091 0.724151 -0.523668 1.03755 -0.422113 -0.707317 0.484472 1.01804
598 -1.03673 0.692391 -0.607651 0.687957 -0.533609 -1.33223 0.136878 1.00901
433 -1.4624 0.654265 -0.498831 0.305347 -0.852749 -1.94969 0.158339 1.20915
134 -1.48458 0.564376 -0.4193 0.323285 -1.07895 -1.88733 0.04028 0.994278
761 -0.946848 0.533858 -0.488771 0.718719 -0.608327 -1.26211 0.0903814 1.17273
443 -1.17439 0.618238 -0.374345 0.532119 -0.71062 -1.47938 0.0814792 1.0938
104 -0.942623 0.895312 -0.559796 0.797588 -0.706836 -0.971422 0.385102 1.27412
996 -0.957654 0.774291 -0.573796 0.780623 -0.614006 -0.986804 0.296297 1.18784
784 -0.659752 0.725536 -0.717049 0.871639 -0.646984 -0.683587 0.534089 1.53268
718 -0.619527 0.868188 -0.369138 1.16788 -0.556449 -0.705033 0.111897 1.13055
950 -0.548001 0.973429 -0.384722 1.31179 -0.607011 -0.801639 0.178655 1.14023
54 -0.293499 1.42236 -0.214029 1.71043 -0.814411 -0.516076 0.167349 1.20405
711 -0.58475 0.902927 -0.406053 1.25068 -0.715386 -0.916537 0.160979 1.29552
827 -0.489225 0.945291 -0.385646 1.47238 -0.664327 -0.792217 -0.0349886 1.09696
960 -0.578316 0.802794 -0.407895 1.06427 -0.608466 -0.842123 0.0421185 1.12094
61 -0.688754 0.895435 -0.630597 0.718171 -0.599961 -0.656477 0.597456 1.20788
1 -1.18847 1.95349 -0.920677 0.877206 -1.04674 -0.111085 0.470124 1.48428
56 -1.09264 1.67379 -0.499251 0.547336 -0.827287 -0.300684 0.336409 1.10012
220 -1.49554 1.19656 -0.886485 0.855308 -0.0173932 -0.854752 0.200309 0.828584
16 -1.23093 1.75949 -0.648056 0.681186 -0.942863 -0.205432 0.46241 1.2949
24 -1.04413 1.61196 -0.722214 0.677793 -0.969599 -0.126371 0.399866 1.13389
390 -1.06552 1.34263 -0.491382 0.269848 -0.726436 -0.520979 0.369959 1.07111
72 -0.920797 1.08986 -0.493896 0.724579 -0.709264 -0.573296 0.152117 1.05769
28 -1.27549 1.41651 -0.65259 0.585143 -0.78077 -0.157756 0.550119 1.07971
8 -0.727981 0.60657 -1.00819 0.972476 -0.399759 -1.01626 -0.188866 1.23035
638 -1.00019 1.16105 0.0720634 0.812789 -0.500633 -1.05622 0.0255327 1.15248
215 -1.07738 1.14222 0.202244 0.794608 -0.316538 -1.32975 0.0656488 1.21778
232 -0.980163 1.12161 -0.0881982 0.752548 -0.312334 -1.06068 0.0507047 1.1304
317 -0.800615 0.639159 -0.785681 0.982211 -0.455111 -1.14615 -0.217408 1.12268
976 -0.91777 0.766275 -0.662912 1.03193 -0.733772 -0.940693 -0.011516 1.10347
676 -1.09238 0.731023 -0.786015 0.836131 -0.401256 -0.797929 0.218155 0.851249
517 -1.62704 0.788455 -1.4176 1.04711 -0.216751 -1.112 0.0675621 0.713962
91 -0.944948 0.812955 -0.606131 0.737959 -0.503733 -0.892559 0.490727 1.18525
931 -0.863672 0.756996 -0.600626 0.81456 -0.623248 -0.832809 0.293898 1.34783
815 -0.817797 0.846526 -0.215821 0.640188 -0.410689 -1.00165 0.162092 1.07685
366 -0.985722 0.764534 -0.70153 1.00168 -1.42102 -0.600676 -0.140191 0.843583
100 -0.636399 0.789293 -0.690647 0.975674 -0.924897 -0.694294 0.390297 1.26827
588 -0.69573 0.762877 -0.542022 0.964211 -0.678695 -0.61693 0.447714 1.06847
318 -0.748726 0.405194 -0.763844 0.873446 -0.352539 -1.11188 0.138178 1.76294
951 -0.727932 0.401141 -0.590061 0.898911 -0.369705 -0.934658 0.144162 1.57065
425 -0.685496 0.310122 -0.629834 0.661416 -0.54882 -0.837478 0.21548 1.35028
278 -0.716698 0.0455684 -0.485301 0.863022 -0.505441 -1.20997 0.195208 1.92198
413 -0.78432 0.18213 -0.698603 0.816657 -0.329436 -1.09074 0.339689 2.03608
419 -0.724077 0.180672 -0.614865 0.872602 -0.50524 -1.02065 0.214748 1.85254
420 -0.82511 0.612937 -0.643686 0.798367 -0.519425 -0.847396 0.409437 1.50632
351 -1.27598 0.764293 -0.452523 0.982492 -0.412359 -0.694099 0.726479 1.12572
347 -1.08786 0.799875 -0.454342 1.07998 -0.563614 -0.558145 0.361723 1.0101
998 -1.00952 0.771086 -0.551447 0.902493 -0.641884 -0.837668 0.400176 1.21885
94 -0.785849 0.654298 -0.570726 0.69325 -0.511127 -0.769499 0.537298 1.3886
994 -0.967879 0.867544 -0.335588 0.738114 -0.473608 -1.02713 0.183183 1.20693
957 -1.04878 0.67384 -0.423375 0.771659 -0.368093 -0.752113 0.575779 1.10221
349 -1.13864 0.821458 -0.490833 0.841471 -0.553023 -0.541106 0.723703 1.02372
874 -1.13729 0.709806 -0.503854 0.901891 -0.669715 -0.717723 0.502541 1.04133
248 -0.938234 0.570588 -0.974865 1.16722 -1.53723 -0.586779 -0.231558 1.20488
376 -0.871119 0.653318 -0.509543 0.855053 -1.04017 -0.672448 -0.137502 0.900604
770 -1.11592 0.951238 -0.138437 0.78714 -0.283071 -1.06592 0.202266 1.18597
813 -0.877996 0.993019 -0.094497 0.874863 -0.468558 -1.16038 0.00194229 1.22439
816 -0.729927 0.704945 -0.235466 0.672101 -0.365702 -0.861424 0.098868 1.00005
187 -1.15426 0.64608 -0.439234 1.03488 -0.41235 -0.783494 0.607414 1.14692
929 -0.955991 0.657756 -0.51941 0.838646 -0.48679 -0.666296 0.467563 1.09185
52 -1.24413 1.67495 -0.781715 0.668933 -0.945034 -0.260556 0.611939 1.28461
342 -1.28505 0.913239 -0.438219 1.0842 -0.543917 -0.540762 0.722025 1.18818
45 -0.979377 1.12829 -0.606172 0.62142 -0.818283 -0.289358 0.353118 1.0236
549 -0.629845 1.10064 -0.526182 1.01692 -0.589872 -0.51542 0.298041 1.07831
904 -0.505923 1.19916 -0.424314 1.60071 -0.695928 -0.609406 0.144534 1.30312
730 -0.413835 0.863243 -0.311742 1.43774 -0.604713 -0.796381 0.0839862 1.10408
115 -0.711402 0.743012 -0.605947 0.82068 -0.688338 -0.650039 0.39977 1.16138
869 -0.7295 0.644639 -0.716266 0.847991 -0.539513 -0.924867 0.14684 1.13664
168 -1.73994 0.728076 -0.350445 1.33589 -0.216395 -0.937396 1.30733 1.37931
360 -1.15297 0.813339 -0.483576 1.01542 -0.435504 -0.822865 0.587032 1.15638
687 -1.04434 0.862905 -0.513568 0.967278 -0.57863 -0.759697 0.492193 1.12418
337 -0.711921 0.688279 -0.618926 0.917246 -0.536395 -0.936493 0.0895994 1.14338
611 -0.962391 0.84072 -0.834501 0.963698 -0.712318 -0.953592 0.140944 1.32219
954 -0.976257 1.14551 -0.63427 0.774061 -0.723536 -0.453292 0.283628 1.19298
48 -0.94634 1.09831 -0.584882 0.63426 -0.64476 -0.460304 0.430936 1.15734
29 -1.0336 1.15586 -0.722305 0.495641 -0.722231 -0.345417 0.406724 1.27746
391 -0.872089 1.05472 -0.513821 0.594403 -0.639085 -0.301661 0.343475 0.879864
713 -0.562715 0.95503 -0.336672 1.3465 -0.537153 -0.732369 0.198343 1.2402
880 -0.697162 1.03927 -0.479642 1.16413 -0.555173 -0.800903 0.16239 1.25795
753 -1.42429 0.884121 -1.10287 0.988562 -0.194362 -0.934232 0.195788 0.775489
617 -0.962681 1.15514 -0.0228687 0.73519 -0.384152 -0.950929 0.136165 1.22988
74 -0.891372 0.924481 -0.319197 0.739455 -0.45713 -0.718731 0.26212 1.16246
88 -1.12671 1.3278 0.144854 0.865406 -0.224117 -1.37043 0.350265 1.37123
50 -1.67095 0.955317 -1.57348 1.27174 -0.240578 -0.911857 -0.0513896 0.591769
153 -0.901413 0.553988 -0.718125 0.903201 -1.20883 -0.502014 -0.153681 0.688128
675 -0.980176 0.718897 -0.766883 0.70317 -0.382225 -0.858328 0.121102 0.802334
953 -0.752502 0.386102 -0.55595 0.704958 -0.416492 -0.923806 0.200508 1.53525
886 -0.706708 0.31413 -0.548579 0.706873 -0.357489 -0.76953 0.186909 1.33595
502 -0.865925 0.388199 -0.783835 0.757207 -0.168547 -0.924299 0.216312 1.4304
289 -0.708442 0.323679 -0.508717 0.619122 -0.273911 -0.935828 0.254201 1.72315
292 -0.934836 0.451873 -0.727583 0.642078 -0.298259 -0.922618 0.27643 1.82005
299 -0.707677 0.440064 -0.563628 0.724009 -0.393382 -0.865767 0.22193 1.33672
345 -1.21771 0.552821 -0.411901 0.476027 -0.661233 -1.34511 0.338479 1.11745
919 -1.20969 0.893041 -0.466174 0.317981 -0.875505 -1.33709 0.28994 0.998669
626 -1.24924 0.572387 -0.452249 0.585801 -0.896237 -1.82698 0.0626101 0.911662
287 -0.871767 0.379277 -0.694457 0.626094 -0.265504 -0.915195 0.379807 1.76156
276 -0.940186 0.112826 -0.856964 0.949023 -0.128948 -1.07932 0.283315 2.20819
469 -0.71511 0.802743 -0.783474 0.803392 -0.883552 -0.649129 0.454311 1.1437
123 -0.911457 0.710813 -0.712655 0.718435 -0.531436 -0.776492 0.284449 0.902586
893 -0.898799 0.692895 -0.606099 0.753799 -0.681324 -0.686588 0.299694 1.13332
975 -0.964984 0.850542 -0.673345 0.864611 -0.583976 -0.815603 0.285859 1.16379
192 -1.07588 0.782919 -0.58795 0.898969 -0.659713 -0.80665 0.57919 1.1594
124 -0.782141 0.686884 -0.493826 0.669853 -0.649326 -0.963046 0.36311 1.13763
844 -0.83684 0.57952 -0.644964 0.746062 -0.541071 -0.89611 0.308931 1.33027
266 -0.885694 0.689296 -0.625629 0.905957 -1.25722 -0.671951 -0.11154 0.985685
262 -0.895633 0.7439 -0.58211 0.978935 -1.02761 -0.655669 -0.0167914 0.996632
355 -0.847998 0.622708 -0.60132 0.891562 -0.463169 -0.879908 0.224809 1.10109
999 -0.987608 0.91056 -0.688208 0.892963 -0.643085 -0.893587 0.257066 1.44693
977 -0.97471 0.788132 -0.714978 1.03066 -0.707482 -1.06049 0.150237 1.26086
907 -0.518212 0.83519 -0.53065 1.37289 -0.718465 -0.772097 0.0452398 1.13858
57 -1.03203 1.45068 -0.679746 0.476039 -0.680338 -0.239579 0.47032 1.48982
12 -1.23844 1.79911 -0.89134 0.664468 -1.10807 -0.100489 0.550289 1.32394
818 -0.773235 0.539552 -0.622292 0.822083 -0.411899 -0.886903 0.137303 1.3032
615 -0.579478 0.792321 -0.517107 1.15289 -0.546481 -0.820544 0.0888885 1.0511
906 -0.413134 1.07133 -0.452177 1.5155 -0.61705 -0.690998 0.122864 1.23104
728 -0.324523 1.09815 -0.408835 1.67227 -0.606976 -0.725479 0.0639459 1.19334
667 -0.455334 1.01511 -0.47422 1.60357 -0.441622 -0.89438 0.0924418 1.10162
623 -0.896401 0.938708 -0.559333 0.627818 -0.648558 -0.617437 0.246351 1.12262
325 -0.747878 0.561002 -0.665989 0.860043 -0.454119 -0.940338 -0.140131 1.12379
319 -0.88994 0.602227 -0.935008 1.04748 -0.511345 -1.11639 -0.190357 0.960875
614 -0.75724 0.617724 -0.818545 0.870482 -0.403521 -0.929614 0.0127071 0.902386
467 -0.597192 0.687258 -1.17328 1.20207 -0.304589 -1.19359 -0.117372 1.11213
987 -0.67887 0.53463 -0.664564 0.858144 -0.973866 -0.599314 0.0127313 0.967324
145 -0.899801 0.647213 -0.602794 0.955877 -1.22514 -0.55951 -0.101548 0.896211
399 -0.815095 0.630778 -0.754827 1.11068 -1.34874 -0.49072 -0.131686 1.02891
193 -0.953991 0.738502 -0.473055 0.952814 -0.535884 -0.748372 0.3429 1.10101
438 -1.35747 0.543196 -0.490894 0.980575 -0.44953 -0.958539 0.613973 1.0731
200 -0.994154 0.542696 -0.423735 0.759681 -0.387561 -0.638096 0.470997 1.07918
853 -1.07429 0.786906 -0.531704 0.852388 -0.355943 -0.717463 0.376925 0.992362
163 -0.746973 0.551462 -0.604105 0.84113 -1.20882 -0.541327 -0.00315114 0.82644
199 -1.05316 0.608966 -0.484013 0.798001 -0.600502 -0.627518 0.502106 0.962624
184 -1.10022 0.815403 -0.503944 1.01437 -0.479979 -0.670478 0.571459 1.1952
798 -0.938718 1.12183 -0.0128308 0.994163 -0.0735518 -1.27062 -0.0311606 1.29883
647 -0.926746 0.769019 -0.230849 0.752504 -0.507337 -0.977016 0.107873 1.01139
229 -0.983245 1.02648 0.0370195 0.765286 -0.385839 -1.15756 0.0608607 1.14393
772 -0.871737 0.685331 -0.655454 0.906629 -0.696571 -0.708106 0.2804 1.12049
963 -1.23738 0.835849 -0.772008 0.854309 -0.358181 -0.820314 0.175186 0.853976
835 -0.774493 0.729685 -0.491984 0.810678 -0.566158 -0.739083 0.355817 1.15726
688 -1.11189 0.722084 -0.401189 0.843386 -0.356129 -0.688085 0.431066 1.05379
928 -1.09508 0.859653 -0.597274 1.00468 -0.552461 -0.788564 0.56335 1.29529
201 -1.08478 0.66492 -0.393644 0.938037 -0.355323 -0.808368 0.542221 1.06235
352 -0.88371 0.73721 -0.342721 1.08343 -0.343651 -0.681652 0.650544 1.07528
270 -1.04471 0.621308 -0.473122 0.950751 -0.647919 -0.507661 0.398827 0.908017
359 -0.921405 0.664324 -0.480901 0.990641 -0.348398 -0.590639 0.500723 1.10836
576 -0.667964 0.483936 -0.468867 0.688837 -0.453475 -0.707525 0.375951 1.22996
44 -0.912904 1.16447 -0.572237 0.579672 -0.733044 -0.324777 0.367867 0.987908
372 -1.08949 0.946588 -0.708218 1.05281 -1.22448 -0.542834 0.0522998 1.0376
31 -0.852531 1.33957 -0.535203 0.647367 -0.73352 -0.33947 0.293467 1.06538
924 -0.949226 0.798125 -0.644503 0.80475 -0.654849 -1.01389 0.318827 1.24469
796 -0.841198 0.784824 -0.582059 0.806536 -0.537703 -0.837269 0.374839 1.07156
557 -0.751652 0.677426 -0.583719 0.730697 -0.487209 -0.706207 -0.00120713 0.942363
514 -1.66014 0.881902 -1.37266 0.935327 0.0579017 -1.04689 0.08755 0.830703
602 -0.969731 0.725188 -0.440376 0.612281 -0.642987 -1.11797 0.173599 1.0478
605 -1.10586 0.646019 -0.700239 0.777638 -0.451973 -0.916532 0.150628 0.934806
997 -1.31959 0.770421 -0.855164 0.955452 -0.645859 -0.94695 0.147181 1.00731
375 -0.990662 0.582308 -0.794043 1.0154 -1.31131 -0.490065 -0.193093 0.914824
143 -0.973895 0.709621 -0.769295 1.05141 -1.48082 -0.6235 -0.182235 0.872441
980 -1.02158 0.776444 -0.506152 0.852185 -0.948764 -0.716442 0.0434789 0.999294
363 -1.11266 0.939255 -0.604962 0.941542 -1.27436 -0.643054 -0.0989523 0.925303
343 -1.17868 0.557606 -0.524935 0.98668 -0.608044 -0.622532 0.609968 1.06271
179 -1.36262 0.420505 -0.29155 0.463424 -0.823508 -1.68619 0.264093 0.98884
385 -0.946887 1.13373 -0.739715 0.727153 -1.04682 -0.296287 0.199775 1.06576
377 -1.02627 0.679399 -0.831363 0.810983 -0.550069 -0.725729 0.0209003 0.691548
501 -1.15206 0.629533 -0.873246 0.743937 -0.305489 -0.881129 0.142932 0.868527
755 -1.13043 0.770427 -0.8867 0.829152 -0.285273 -0.809881 0.252224 0.88351
64 -1.33303 0.995916 -0.936829 0.765512 -0.225484 -0.719797 0.199841 0.680893
492 -1.17732 0.797536 -0.903082 0.908118 -0.552698 -0.878801 0.0961578 0.861733
992 -0.971431 0.893528 -0.665787 1.06005 -0.41802 -0.900071 0.180607 1.04402
671 -1.24667 0.773924 -0.926892 0.870264 -0.316237 -0.956899 0.216685 0.891297
527 -1.28208 0.923056 -0.778816 0.950509 -0.314028 -1.03606 0.0921031 0.908612
369 -1.40673 0.841494 -1.28994 0.849424 -0.25773 -0.892096 -0.00771557 0.568345
706 -0.294123 1.45291 -0.310516 2.17349 -0.798219 -0.885544 -0.0857484 1.3453
101 -0.874378 0.94404 -0.626396 0.689113 -0.754973 -0.766589 0.457348 1.15933
857 -0.85566 0.749596 -0.557653 0.740155 -0.544132 -0.873748 0.503724 1.17289
618 -0.927682 0.759465 -0.603984 0.793597 -0.648633 -0.921128 0.228138 1.18043
745 -0.821091 0.548238 -0.62929 0.785763 -0.423703 -0.946304 0.0808168 1.04553
473 -0.655802 0.689184 -0.773837 0.867873 -0.529463 -1.12595 0.0834127 1.34473
612 -0.819659 0.714717 -0.751681 0.90892 -0.784474 -0.785021 -0.0523135 1.09763
740 -0.997807 0.678798 -0.713063 1.01531 -1.2155 -0.476064 0.00841189 1.0305
322 -0.771681 0.726854 -0.75341 0.972792 -0.487085 -1.06018 -0.0170251 1.27321
666 -1.52288 0.714543 -1.21647 0.835352 -0.124613 -1.07249 0.170568 0.769637
519 -1.45705 0.90775 -1.1276 0.848804 -0.179271 -1.06938 0.0813224 0.743371
426 -0.726456 0.425087 -0.584351 0.700816 -0.369449 -0.841768 0.236747 1.42067
284 -0.775887 0.167723 -0.694486 0.829874 -0.291684 -1.04832 0.239054 1.95216
414 -0.834798 0.130556 -0.869557 0.884096 -0.455643 -1.08145 0.246779 1.93428
973 -1.06768 0.761144 -0.720847 0.8585 -0.394761 -0.894664 0.218987 1.17534
535 -1.02709 0.885101 -0.711225 0.80864 -0.462583 -0.673282 0.245452 0.972855
515 -1.53431 0.850485 -1.4666 0.996948 -0.0784408 -1.16086 0.0911132 0.857228
918 -1.20898 0.715402 -1.02193 0.961461 -0.219848 -0.964518 0.164035 0.890855
639 -1.01658 0.912653 -0.0570493 0.84495 -0.122824 -1.16791 -0.0122133 1.06981
468 -0.586599 0.741044 -0.851603 1.14394 -0.53552 -1.27737 -0.104836 1.05588
222 -0.791958 0.746285 -0.532735 0.835826 -0.532926 -1.29367 -0.15504 1.05706
204 -1.03406 0.725457 -0.496096 0.920998 -0.40488 -0.869064 0.369126 1.11137
876 -1.05854 0.799223 -0.573944 0.943959 -0.668474 -0.750162 0.392349 1.09973
150 -0.915057 0.77542 -0.813499 0.897607 -1.48197 -0.388614 -0.0841228 0.92539
59 -1.07811 1.39958 -0.718325 0.768026 -1.06733 -0.227043 0.336813 1.03239
17 -1.2629 1.56443 -0.856839 0.504677 -0.735666 -0.276316 0.562376 1.2936
384 -1.07037 1.42206 -0.656169 0.485742 -0.710793 -0.2367 0.412058 1.21675
10 -1.07848 1.78509 -0.750281 0.636557 -1.03716 -0.150762 0.578726 1.46223
188 -1.11328 0.540886 -0.625848 1.12974 -0.89043 -0.572234 0.338509 1.05873
203 -1.09708 0.647427 -0.567072 0.894089 -0.75694 -0.597949 0.373426 1.10003
826 -0.462661 0.946309 -0.455955 1.64464 -0.934261 -0.836214 0.103262 1.1962
269 -0.887228 0.645965 -0.537163 0.840309 -0.978911 -0.496455 -0.025649 0.896064
258 -0.896416 0.594349 -0.646228 0.939602 -1.06146 -0.502626 0.0863826 0.81729
748 -0.899528 1.38517 -0.543189 0.817825 -0.732178 -0.39833 0.274094 1.18052
722 -0.429778 0.79528 -0.410996 1.13956 -0.432188 -0.69967 0.1215 1.14822
643 -0.456032 0.920514 -0.194212 1.35762 -0.454538 -0.806785 0.102863 1.14472
682 -1.15141 0.629317 -0.479124 0.996956 -0.463162 -0.700846 0.776591 1.21607
536 -0.7921 0.66684 -1.00091 0.961099 -0.4837 -0.947099 0.0346658 1.24758
804 -0.897133 0.78939 -0.492021 0.988019 -0.572382 -1.04836 0.152718 1.29401
594 -1.18456 0.579162 -0.404681 0.49364 -0.900313 -1.51853 0.0921276 0.977848
434 -1.44828 0.584223 -0.430956 0.43671 -0.982605 -2.10614 0.318937 0.934105
641 -1.03945 1.0031 -0.0680108 0.755024 -0.344741 -1.10079 0.0779692 1.24799
933 -1.03358 0.899917 -0.362034 0.8863 -0.471215 -1.10442 0.278796 1.21784
451 -1.01368 0.503567 -0.459171 0.476567 -0.69049 -1.44888 0.114494 0.994691
432 -1.51744 0.557184 -0.500344 0.224287 -1.15111 -2.10469 0.320353 1.16031
149 -1.06598 0.550633 -0.584886 0.883506 -1.28399 -0.705922 -0.174813 0.912698
962 -1.03054 0.73618 -0.736942 0.978402 -1.13262 -0.737837 0.0726332 1.07071
625 -0.91387 1.26669 -0.378785 0.561638 -0.568332 -0.474881 0.249845 1.06855
244 -1.02998 0.695151 -0.239306 0.615395 -0.582093 -1.32011 0.123122 1.09428
69 -0.671925 0.404634 -0.572072 0.58929 -0.427285 -0.685618 0.221153 1.36837
499 -0.800986 0.236798 -0.64908 0.796647 -0.298711 -0.900683 0.307254 1.54729
176 -1.19587 0.669672 -0.382355 1.06989 -0.383286 -0.746524 0.766747 1.12053
354 -0.918166 0.626373 -0.416626 0.904957 -0.36408 -0.717066 0.440895 0.911365
901 -0.912979 0.821073 -0.257031 0.792898 -0.460807 -0.937444 0.234606 1.09844
106 -0.916261 0.537818 -0.819366 1.01866 -1.196 -0.42522 0.0469532 1.01667
189 -1.40635 0.717388 -0.455394 1.03882 -0.430352 -0.65958 0.805641 1.12085
226 -1.10872 1.12566 0.0621461 0.792126 -0.250274 -1.10917 0.12005 1.1529
346 -1.27216 0.777352 -0.458119 0.933847 -0.34042 -0.843696 0.62591 1.18705
393 -1.008 1.19289 -0.533886 0.512189 -0.666048 -0.38899 0.251588 1.11018
956 -0.958864 0.874763 -0.213738 0.747382 -0.444764 -1.09837 0.123035 1.22332
995 -1.35402 0.833992 -0.902181 0.980779 -0.335246 -1.09692 0.27487 0.985376
760 -1.15768 0.638155 -0.956092 0.810608 -0.120706 -0.856227 0.236532 0.834353
776 -1.30187 0.714618 -1.03743 0.936859 -0.216751 -0.86115 0.10879 0.622591
838 -1.24148 0.761081 -0.851542 0.820339 -0.308786 -0.966959 0.0607126 0.797872
254 -1.04955 0.682021 -0.546429 0.729729 -0.928077 -1.11249 0.0929901 1.06432
255 -0.705447 0.205645 -0.647883 0.709738 -0.837678 -0.667542 0.102419 1.53714
497 -0.852835 0.161361 -0.66804 0.720121 -0.365249 -1.15474 0.368469 1.69057
574 -0.736837 0.234386 -0.567332 0.709969 -0.391833 -0.922491 0.199685 1.63219
732 -0.486281 1.10581 -0.391851 1.3572 -0.638474 -0.683507 0.137233 1.21928
102 -0.674776 0.718173 -0.599233 0.796004 -0.533961 -0.727651 0.637472 1.11518
788 -0.758287 0.581309 -0.569225 0.776688 -0.510135 -0.58519 0.46954 1.18445
843 -0.878353 0.686946 -0.63112 0.812217 -0.743624 -0.78111 0.381785 1.10302
364 -1.11318 0.685971 -0.844167 1.07563 -1.63489 -0.582334 -0.149182 0.951809
402 -0.996719 0.66134 -0.745211 1.10751 -1.35799 -0.542652 -0.0865799 0.956226
552 -0.750931 0.69502 -0.804478 1.05489 -0.410609 -0.940349 -0.221061 0.94225
897 -0.769174 0.367652 -0.642301 0.825528 -0.509508 -0.958109 0.17071 1.60837
927 -0.68185 0.379393 -0.531651 0.664228 -0.271588 -0.841019 0.244771 1.4305
887 -0.764785 0.339207 -0.720318 0.815718 -0.401304 -0.984772 0.273882 1.80952
506 -0.856654 0.284169 -0.592584 0.74754 -0.198825 -1.01284 0.177371 1.6397
437 -1.66105 0.820438 -1.32344 0.832284 -0.237012 -1.18369 0.0999247 0.674217
592 -1.24628 0.597355 -0.346841 0.461431 -0.845617 -1.69503 0.0848733 1.22959
769 -0.955033 0.925567 -0.126516 0.736611 -0.437546 -0.9632 0.00322695 0.997695
479 -0.715619 0.687837 -0.55925 0.852528 -0.362908 -0.924094 -0.0134786 1.07785
500 -0.842091 0.241677 -0.647072 0.827045 -0.326791 -1.10098 0.269409 1.92494
496 -0.81406 0.331715 -0.804924 0.920013 -0.315986 -1.01841 0.354546 2.21122
304 -0.644709 0.203763 -0.727439 0.768145 -0.291597 -0.92041 0.288293 1.75873
282 -0.833136 0.378539 -0.721086 0.731316 -0.507663 -0.975385 0.379986 1.90466
632 -1.01676 0.69348 -0.390318 0.547546 -0.711101 -1.29281 0.131038 1.02862
459 -0.983424 0.619464 -0.362195 0.56509 -0.653741 -1.05375 0.135583 1.03033
447 -1.16731 0.675698 -0.47236 0.581484 -0.75142 -1.2525 0.288532 1.05113
891 -1.1017 0.643193 -0.438525 0.680061 -0.719108 -1.31132 0.11474 1.1124
442 -1.04602 0.571034 -0.488938 0.547284 -0.697158 -1.43162 0.207086 1.11093
620 -0.782594 1.17952 -0.504828 0.766302 -0.640688 -0.523041 0.293417 1.10087
395 -1.0687 1.08223 -0.115984 0.891305 -0.831384 -0.986704 -0.0260985 1.1624
474 -0.692205 0.625562 -0.775212 0.905215 -0.457293 -1.08539 0.0330518 1.24637
563 -0.993129 0.696476 -0.756289 0.980577 -1.22825 -0.647927 -0.110037 0.923243
251 -0.991612 0.66835 -0.749475 0.970402 -1.35048 -0.478064 -0.196383 0.953819
986 -1.03627 0.718037 -0.404557 0.787761 -0.592626 -1.1891 0.183103 1.08205
709 -0.372924 1.05536 -0.232919 1.71259 -0.476507 -0.883359 0.0568556 1.22093
628 -1.01139 0.481184 -0.415284 0.684917 -0.74993 -1.64877 0.183652 1.12445
498 -0.889422 0.12906 -0.841609 0.803745 -0.339693 -1.07638 0.313228 1.77019
6 -1.2921 1.85948 -0.508551 0.438809 -0.903758 -0.416734 0.413835 1.35137
70 -0.930793 1.3779 -0.474817 0.582486 -0.710882 -0.176358 0.400026 1.0233
62 -1.02457 1.25799 -0.560284 0.743939 -0.813269 -0.442665 0.413075 1.18189
630 -0.581619 0.744145 -0.423192 1.24191 -0.760717 -1.00166 0.0341251 1.06405
946 -0.814948 0.698318 -0.564143 0.947801 -0.569495 -0.854974 0.127604 1.12785
335 -0.840127 0.695243 -0.577256 0.96081 -0.568858 -0.989323 0.296802 1.09665
935 -0.845425 0.788262 -0.636184 1.00916 -0.560407 -1.04802 0.0599411 1.14326
581 -0.80473 0.814288 -0.734763 0.885438 -0.555287 -0.841889 0.4481 1.26308
642 -0.900498 1.02789 -0.02292 0.81367 -0.352621 -1.09333 0.169672 1.22362
415 -0.806844 0.376847 -0.740833 0.653619 -0.420171 -0.931272 0.331519 1.93655
921 -0.813603 0.258989 -0.536907 0.821309 -0.484333 -1.11401 0.202063 1.82721
734 -0.617242 0.925604 -0.520788 1.37118 -0.703276 -0.930714 0.176921 1.33891
808 -1.05479 1.3351 -0.68215 0.650109 -0.910275 -0.324615 0.397401 1.102
34 -0.959252 1.32239 -0.767203 0.79275 -0.929613 -0.259833 0.369309 1.13971
265 -0.884562 0.74271 -0.761923 0.931929 -1.30673 -0.490201 -0.049915 0.889273
37 -0.880082 1.07454 -0.568214 0.435541 -0.548249 -0.37362 0.378012 1.26484
32 -1.01568 1.26605 -0.611533 0.637335 -0.764558 -0.426013 0.282589 1.11832
30 -1.01787 1.42349 -0.585488 0.537954 -0.71876 -0.402996 0.332703 1.12554
983 -1.12287 0.835387 -0.5168 0.976836 -0.514332 -0.807687 0.417098 1.20571
703 -0.984004 0.626606 -0.569408 0.948772 -0.638883 -0.685266 0.320862 1.06228
861 -1.01848 0.699587 -0.569996 0.951668 -0.504586 -0.634058 0.446841 1.01384
723 -0.544207 0.775567 -0.36157 1.05792 -0.674596 -0.646431 0.0441612 0.951613
731 -0.394777 1.0038 -0.259179 1.50488 -0.52884 -0.926708 0.0127132 1.17129
988 -0.83614 0.70636 -0.635575 1.04818 -0.55414 -1.02367 0.168598 1.25986
569 -0.739413 0.577927 -0.707153 0.888151 -0.691141 -0.77556 0.0342728 0.942013
872 -0.861315 0.768788 -0.792456 0.8972 -0.567798 -0.881779 0.129402 1.0508
331 -0.822899 0.68465 -0.743023 0.896209 -0.578057 -0.878041 -0.0185466 1.14081
172 -1.33262 0.734732 -0.448497 1.07063 -0.414562 -0.826664 0.809684 1.06312
307 -0.953145 0.55885 -0.531056 0.798602 -0.301708 -0.676469 0.317574 1.11559
458 -1.02261 0.488195 -0.371384 0.47287 -0.593613 -1.26176 0.182715 1.0378
448 -1.0742 0.475341 -0.331717 0.493299 -0.700171 -1.62982 0.151228 1.01407
547 -0.288391 1.03716 -0.299768 1.60982 -0.581977 -0.746706 0.114317 1.17481
724 -0.614187 0.74128 -0.527688 1.13573 -0.485728 -0.906904 0.205708 1.47356
944 -0.691489 0.929044 -0.498285 1.17461 -0.65352 -0.83115 0.158259 1.24038
33 -0.640155 1.01175 -0.407024 1.3451 -0.714082 -0.568024 0.0901552 1.20005
573 -0.713614 0.272315 -0.745084 0.842802 -0.326786 -1.04065 0.245025 1.72885
281 -0.773949 0.674376 -0.780261 0.748307 -0.611869 -0.894441 0.410083 1.31854
92 -0.841735 0.813956 -0.532599 0.840363 -0.619079 -0.80186 0.587837 1.30851
700 -0.976143 0.792934 -0.417207 0.85183 -0.3676 -0.685107 0.594715 1.07306
791 -0.758828 0.825021 -0.675084 0.810973 -0.669245 -0.747116 0.510062 1.21559
136 -0.522803 0.706041 -0.78193 0.901348 -0.962766 -0.706598 0.995836 1.37885
805 -0.699667 0.786445 -0.526618 0.730038 -0.617393 -0.813731 0.603643 1.31699
107 -0.709389 0.62483 -0.612776 0.721051 -0.680091 -0.783352 0.516262 1.20532
600 -0.953635 0.548937 -0.421482 0.442624 -0.574186 -1.2752 0.16688 1.03067
466 -0.901044 1.26508 -0.605228 0.556657 -0.700937 -0.230009 0.335387 1.0985
418 -0.781426 0.346576 -0.638277 0.822127 -0.279799 -1.08974 0.183221 1.70163
412 -0.556672 0.738577 -0.519252 0.897479 -0.592221 -0.712352 0.700432 1.34368
400 -0.875704 0.772169 -0.600311 0.898917 -0.79534 -0.839666 0.277584 1.1538
902 -1.04819 1.08463 -0.214581 0.755563 -0.444916 -0.958986 0.138673 1.22719
428 -0.850619 0.406355 -0.595989 0.817544 -0.316005 -1.1103 0.224234 1.74934
504 -0.738333 0.213239 -0.612636 0.871853 -0.248196 -0.995817 0.287172 1.7813
280 -0.815545 0.335751 -0.765513 0.636918 -0.308046 -0.895527 0.372999 2.22595
684 -1.1155 0.836926 -0.601942 0.960618 -0.571417 -0.825092 0.412552 1.21434
984 -1.00012 0.668282 -0.562256 0.820556 -1.07344 -0.830946 -0.0611245 0.952669
616 -0.813387 0.762899 -0.527675 0.839464 -0.561562 -0.720658 0.0758583 0.933559
539 -1.08832 1.40909 -0.737361 0.698561 -0.841484 -0.404653 0.435442 1.25545
940 -0.971928 1.06017 -0.627848 0.662524 -0.705952 -0.454491 0.319036 1.16963
95 -0.761304 0.592919 -0.462631 0.658802 -0.467559 -0.814112 0.356997 1.33315
528 -0.861647 0.685775 -0.538053 0.837382 -0.294128 -1.08891 -0.0309827 0.968241
236 -0.860081 0.923685 -0.0696658 0.676455 -0.333102 -1.07541 -0.0700315 1.04045
865 -0.984738 0.999335 -0.124463 0.84658 -0.544771 -1.14349 -0.045956 1.11774
558 -0.743316 0.588492 -0.616032 0.852378 -0.402231 -0.893753 0.0349616 1.16325
326 -0.820574 0.909635 -0.799869 0.859161 -0.536135 -0.989435 0.055722 1.11985
478 -0.819123 0.74392 -0.81455 1.01712 -0.484489 -1.01865 0.0654275 1.274
159 -0.86044 0.36934 -0.671941 0.863413 -1.10523 -0.691207 -0.0764973 1.04785
942 -0.653821 0.764178 -0.484126 1.0929 -0.541093 -0.799811 0.145912 1.14171
884 -0.98309 0.75648 -0.820178 0.924695 -0.665026 -0.832719 0.0583093 1.07611
403 -0.921823 0.65573 -0.770961 0.917741 -1.21536 -0.568955 -0.0156021 0.880511
483 -0.583854 0.694111 -0.705285 0.934935 -0.628999 -0.98113 -0.0714601 1.07524
450 -1.05888 0.699396 -0.411759 0.508003 -0.750421 -1.22861 0.14868 1.05898
453 -1.09605 0.460984 -0.401506 0.46968 -0.762354 -1.41777 -0.000985051 0.988194
743 -0.84481 0.453482 -0.613363 0.792936 -0.987941 -0.615365 -0.028488 1.02303
697 -1.02929 0.855688 -0.547342 1.01601 -0.482609 -0.593125 0.568866 1.07771
852 -0.90468 0.701008 -0.278409 0.831797 -0.34162 -0.694663 0.443741 0.87991
183 -1.10657 0.73671 -0.451645 1.02274 -0.568577 -0.649719 0.657887 1.21081
405 -0.958786 0.639949 -0.481853 0.851867 -0.555726 -0.689549 0.387443 1.11196
373 -1.01239 0.72798 -0.667236 0.955038 -1.3246 -0.571689 -0.122176 0.821785
245 -1.07066 0.964145 -0.230321 0.81293 -0.558989 -0.995653 0.048013 1.07789
801 -0.886825 0.866943 -0.245477 0.734963 -0.24864 -1.09608 0.0126397 1.11063
958 -0.827634 0.712731 -0.454862 0.776864 -0.576451 -0.762698 0.508251 1.11253
797 -0.751517 0.775159 -0.494077 0.73896 -0.557637 -0.738999 0.399106 1.07811
762 -1.04183 0.800294 -0.241145 0.728285 -0.407969 -1.18802 0.13059 1.07359
454 -1.03868 0.466499 -0.315042 0.491379 -0.627669 -1.45393 0.0706004 0.901246
40 -0.966757 1.25331 -0.571113 0.583427 -0.736543 -0.316353 0.361726 0.973069
619 -0.977173 1.16234 -0.484908 0.438391 -0.661276 -0.313827 0.34134 1.1004
864 -0.952048 0.571632 -0.522855 0.757702 -0.430502 -0.696821 0.477467 1.12248
720 -0.834404 0.603622 -0.44071 0.813286 -0.579966 -1.03112 0.109914 1.03703
947 -0.959741 0.640266 -0.645722 0.929136 -1.07735 -0.64836 -0.0371365 1.01993
67 -0.878606 0.798667 -0.723343 0.836987 -1.22471 -0.333393 0.0319988 0.920869
526 -1.24065 0.717092 -1.02545 0.853489 -0.460117 -0.75315 -0.0110797 0.765412
670 -1.34688 0.840281 -1.13557 0.90252 -0.182854 -0.896706 0.153299 0.860008
834 -0.814503 0.721661 -0.62209 0.817025 -0.661516 -0.858374 0.39925 1.23014
949 -0.797176 0.822443 -0.569326 0.734703 -0.572882 -0.803703 0.461536 1.26985
89 -0.786754 1.02018 -0.580423 0.665447 -0.607308 -0.599896 0.802041 1.35857
586 -0.669711 0.630639 -0.637245 0.775353 -0.574944 -0.757386 0.512772 1.49191
702 -0.992251 0.947186 -0.292973 0.876005 -0.385301 -0.857869 0.209171 1.12404
387 -0.905353 1.31388 -0.469557 0.550649 -0.605265 -0.375611 0.301629 1.04742
76 -0.980771 1.23432 -0.597195 0.636479 -0.697132 -0.344497 0.277878 1.05258
35 -0.855662 1.17737 -0.555422 0.602688 -0.680113 -0.33854 0.28151 1.00687
710 -0.41063 1.0007 -0.283429 1.63291 -0.676993 -0.644465 0.130703 1.26424
105 -0.842884 0.818897 -0.482112 0.667402 -0.584766 -0.629107 0.481849 1.20638
806 -0.816737 0.736638 -0.686062 0.810661 -0.594082 -0.797133 0.3429 1.31674
822 -0.786263 0.714888 -0.653606 0.872468 -0.630484 -0.853427 0.381605 1.11272
823 -0.787273 0.576166 -0.60624 0.77174 -0.54481 -0.946931 0.0131445 1.03955
460 -0.985256 0.808339 -0.452878 0.473933 -0.672525 -0.932658 0.127486 1.01581
161 -0.816325 0.413888 -0.58637 0.811252 -0.979222 -0.735096 0.0186631 0.864222
916 -1.018 0.826879 -0.476515 0.612193 -0.599581 -0.997621 0.217301 1.17178
120 -0.919911 0.458609 -0.43785 0.401329 -0.630374 -1.13758 0.161286 0.904011
449 -1.07251 0.618809 -0.46357 0.512278 -0.770008 -1.19046 0.193177 1.03943
99 -0.720609 0.615191 -0.754112 0.742884 -0.567414 -0.802813 0.475507 1.41204
277 -0.732181 0.230868 -0.952013 0.908273 -0.270814 -1.06478 0.226147 2.22455
793 -0.841097 1.12537 -0.0432339 0.68184 -0.335525 -0.966194 0.238045 1.07626
970 -0.938628 0.874223 -0.275574 0.779799 -0.478223 -1.06081 0.0421784 1.10674
651 -0.327012 0.930883 -0.221235 1.61322 -0.62452 -0.933886 0.0761203 1.19984
736 -0.643952 0.790202 -0.436743 1.23178 -0.72212 -0.87794 0.170355 1.16848
268 -0.756961 0.314077 -0.660203 0.850605 -1.10119 -0.584591 -0.0922912 1.1613
885 -1.22644 0.729826 -0.812539 0.809355 -0.2579 -0.900057 0.0627176 0.758511
490 -1.04756 0.502694 -0.600194 0.814919 -1.25772 -0.80123 -0.131093 1.08221
152 -0.929864 0.613941 -0.741471 0.905873 -1.23206 -0.509576 -0.100663 0.870311
49 -0.803027 1.02279 -0.57291 0.547024 -0.62306 -0.310982 0.364143 1.05488
541 -1.10602 1.39421 -0.620461 0.606976 -0.669046 -0.39329 0.485903 1.3483
575 -0.781072 0.260033 -0.602329 0.903892 -0.524156 -0.861602 0.181458 1.601
93 -0.809811 0.72397 -0.725713 0.722019 -0.741378 -0.810718 0.506219 1.41416
430 -0.736376 0.376339 -0.624489 0.664085 -0.307909 -0.685812 0.275558 1.48851
978 -1.00766 0.458563 -0.868039 0.875904 -0.326023 -0.993044 0.273516 1.59539
553 -0.784871 0.693775 -0.703417 0.770778 -0.435798 -0.833813 0.16661 1.1843
58 -1.17344 1.28321 -0.441436 0.568226 -0.638004 -0.364208 0.478565 1.11205
830 -0.578774 0.871943 -0.387379 1.1141 -0.624867 -0.755172 0.109783 1.06439
832 -0.574821 0.906258 -0.33892 1.29481 -0.573095 -0.799894 0.0635234 1.19143
833 -0.594358 0.640869 -0.512309 1.19898 -0.745127 -0.679203 0.0420059 1.04137
167 -0.574879 0.62831 -0.508772 1.12411 -0.83224 -0.640126 0.00267666 0.871737
540 -1.44381 0.864592 -0.986457 0.675403 -0.219818 -0.910677 0.236557 0.721454
196 -1.05737 0.750209 -0.389424 0.837206 -0.36368 -0.742581 0.496994 1.07976
198 -0.923873 0.672332 -0.527275 0.818474 -0.449987 -0.714626 0.333191 1.04414
894 -0.830387 0.78594 -0.675507 0.797397 -0.638577 -0.843364 0.505082 1.33618
96 -0.826583 0.873139 -0.645602 0.888227 -0.581716 -0.796514 0.516006 1.2999
952 -0.731845 0.413602 -0.653331 0.807124 -0.586042 -0.895658 0.195219 1.5986
26 -1.05246 0.987856 -0.562224 0.384814 -0.717803 -0.595434 0.290056 1.31282
855 -0.846809 1.18528 -0.557 0.724016 -0.633982 -0.381246 0.291739 1.06612
66 -1.04592 1.4751 -0.545683 0.613467 -0.771094 -0.351648 0.402781 1.1227
455 -0.910169 0.576816 -0.388238 0.674447 -0.483523 -1.17654 0.0578478 0.879226
68 -0.898194 1.16557 -0.585911 0.774821 -0.785953 -0.217057 0.467376 1.19161
288 -0.73142 0.379504 -0.752687 0.755142 -0.314256 -0.879483 0.281014 1.71586
604 -0.978699 0.572011 -0.510354 0.53679 -0.567854 -1.14594 0.0964739 1.01803
444 -1.07793 0.384768 -0.529417 0.545792 -0.545826 -1.55934 0.170719 1.11948
716 -0.464647 0.832754 -0.313518 1.13438 -0.561768 -0.851925 0.191668 1.17236
658 -1.00844 0.792022 -0.825377 0.959054 -0.938111 -0.67923 0.00817024 0.905757
837 -1.45666 0.822396 -1.16997 1.0173 -0.256459 -0.984694 0.134602 0.741943
538 -0.974761 1.45973 -0.608133 0.642334 -1.0899 -0.258994 0.33551 0.992248
65 -0.991991 1.36048 -0.591331 0.67886 -0.833385 -0.219634 0.411569 1.19766
285 -0.75747 0.116666 -0.802137 0.879503 -0.533407 -1.06509 0.106503 2.11285
572 -0.737167 0.459011 -0.434469 0.793177 -0.38657 -1.09911 0.0697099 1.53751
533 -1.32182 0.777824 -1.11653 0.935002 -0.228563 -0.931731 0.125125 0.738296
520 -1.55711 0.870255 -1.09683 0.989038 -0.248478 -0.840341 0.096421 0.750839
679 -1.3424 0.746936 -0.973005 0.946702 -0.454014 -0.870384 0.0122059 0.822951
259 -0.908289 0.598615 -0.594661 0.897345 -0.988072 -0.549775 0.0319185 0.841745
913 -0.897745 1.10632 -0.051915 0.644872 -0.291924 -1.11262 -0.079488 1.11431
754 -1.3726 0.623372 -1.07098 0.887012 -0.181617 -1.00764 0.171428 0.970248
511 -1.03961 0.414372 -0.824819 0.7398 -0.0619553 -0.942274 0.229733 1.13829
530 -1.13012 0.737922 -0.977645 0.88818 -0.269621 -0.885152 0.103709 0.857574
529 -1.22041 0.724304 -1.00438 0.90202 -0.221521 -1.02267 0.0758643 0.787363
674 -1.10884 0.761646 -0.817919 0.833458 -0.301794 -0.833448 0.059748 0.880369
746 -0.763631 0.778945 -0.632036 0.636302 -0.446693 -0.699236 0.148286 0.975656
771 -0.96257 0.984283 -0.105572 0.664458 -0.351709 -1.03864 0.163231 1.09767
465 -0.973441 0.982292 -0.631564 0.734981 -0.955839 -0.561206 0.0798212 0.997423
909 -1.09675 0.788821 -0.577497 1.08788 -0.569695 -0.773317 0.692608 1.11601
585 -0.963029 0.678886 -0.542374 0.946342 -0.436327 -0.698137 0.607388 1.10805
73 -0.829565 1.09026 -0.467765 0.514375 -0.61363 -0.377874 0.22228 0.886226
696 -0.804547 0.663925 -0.763585 1.07721 -0.588926 -1.04714 -0.0196192 0.986224
544 -0.959926 1.20505 -0.604534 0.602902 -0.668629 -0.384826 0.384763 1.14951
548 -1.08678 1.3468 -0.61249 0.529911 -0.807819 -0.371288 0.433231 1.07611
925 -1.1119 0.681856 -0.363217 0.462706 -0.821577 -1.29232 0.119316 1.07229
603 -0.906104 0.533794 -0.51398 0.66607 -0.512977 -1.13739 0.270869 1.29736
42 -1.0523 1.16312 -0.576799 0.559026 -0.637705 -0.309975 0.346161 1.18744
858 -0.716486 0.77784 -0.684289 0.947893 -0.539479 -0.935358 0.223944 1.18022
166 -0.797836 0.505423 -0.627181 0.751456 -0.988243 -0.521607 -0.0473749 0.841406
890 -0.790473 0.479855 -0.63549 0.849726 -0.442085 -1.07594 0.0250114 1.27022
875 -1.08981 0.763666 -0.562734 0.943099 -0.51324 -0.712648 0.601941 1.12379
118 -0.705851 0.661526 -0.588743 0.618309 -0.568894 -0.666581 0.274349 0.959151
854 -1.0371 1.12462 -0.54165 0.657881 -0.707225 -0.508843 0.314791 1.25321
831 -0.691429 0.636846 -0.526446 1.00579 -0.580866 -0.911369 -0.00149465 1.01494
323 -0.805263 0.562913 -0.632722 0.842575 -0.465214 -0.938012 -0.0229987 1.13868
494 -0.825293 0.437339 -0.604273 0.798065 -0.615822 -0.795817 0.187114 1.29969
291 -0.887352 0.344299 -0.813543 0.770156 -0.365718 -0.977329 0.208489 1.49822
491 -0.979461 0.594099 -0.438661 0.644512 -0.823251 -1.03023 0.0442432 0.841974
840 -1.1577 0.794777 -0.855833 0.966022 -0.369603 -0.805703 0.13781 0.855835
955 -1.12838 0.708526 -0.761355 0.766336 -0.399544 -0.808896 0.160394 0.860577
306 -0.739884 0.29041 -0.640697 0.785715 -0.346639 -1.01978 0.108697 1.56725
752 -0.952348 0.606013 -0.586641 0.701838 -0.840098 -0.959233 -0.0321398 0.950422
750 -0.526285 0.776292 -0.497298 1.14793 -0.738996 -0.680817 -0.0317641 0.988808
981 -0.948319 0.702268 -0.706133 0.887299 -0.831378 -0.678778 -0.0112596 0.927133
525 -1.24104 0.766741 -0.963056 0.816211 -0.376248 -0.819445 0.169475 0.859572
725 -0.545849 0.824611 -0.494797 0.924556 -0.472559 -0.703876 0.436293 1.1743
401 -0.651632 0.762017 -0.765393 0.727481 -0.754127 -0.628539 0.446004 1.09465
357 -1.09282 0.66497 -0.553681 0.817794 -0.432963 -0.580442 0.444508 1.03153
206 -1.06598 0.708757 -0.444337 0.886086 -0.545014 -0.565851 0.356217 0.946648
427 -1.09196 0.6443 -0.937888 0.806901 -0.101251 -0.896503 0.279225 1.09696
103 -0.898541 0.651259 -0.858904 0.884238 -0.534184 -1.00092 0.19545 1.0613
263 -1.16519 0.664233 -0.871107 0.801809 -0.46331 -0.677787 0.0228543 0.699974
298 -0.615956 0.409685 -0.573674 0.843544 -0.320302 -0.834542 0.242265 1.54853
53 -1.16288 1.72244 -0.795878 0.612985 -1.11254 -0.173621 0.52945 1.32813
690 -1.02894 0.793827 -0.503951 0.791296 -0.518608 -0.454854 0.684699 1.07725
701 -0.922864 0.800844 -0.482779 0.845175 -0.574269 -0.642146 0.451197 1.10573
486 -0.674778 0.65493 -0.701158 0.917598 -0.50451 -1.0504 0.0988824 1.23694
774 -0.805322 0.630738 -0.769006 0.921019 -0.533453 -0.86556 0.0531799 1.08539
522 -1.4953 0.767198 -1.27673 0.947293 -0.0974969 -1.05926 0.0611397 0.744728
404 -1.44931 0.770351 -1.25588 1.00403 -0.26204 -0.893164 0.144682 0.61909
993 -1.42943 0.774245 -1.0479 0.89495 -0.313781 -0.97042 0.228368 0.774289
663 -1.77099 0.908546 -1.45388 1.071 -0.131865 -1.08025 0.0979376 0.688978
46 -0.793927 0.911097 -0.61475 0.74887 -0.74321 -0.452127 0.519236 1.21547
141 -0.988622 0.583005 -0.727052 1.0116 -1.34513 -0.803066 -0.140393 1.0297
812 -0.912783 1.03303 -0.0858043 0.91173 -0.334415 -1.00067 0.0639625 1.15599
715 -0.447929 0.782925 -0.316285 1.22373 -0.637241 -0.872424 0.235792 1.09092
595 -1.19675 0.803234 -0.417853 0.509431 -0.832385 -1.32833 0.216555 1.06858
445 -1.10185 0.613941 -0.429398 0.444873 -0.789034 -1.41973 0.0905408 0.971147
233 -1.02536 1.25967 0.0413661 0.674902 -0.29317 -1.08656 0.12421 1.236
305 -0.793853 0.390433 -0.634024 0.711401 -0.415504 -0.914654 0.326657 1.55661
411 -0.766435 0.214325 -0.775362 0.826822 -0.580131 -1.14795 0.2209 1.97286
25 -1.0278 1.41751 -0.656103 0.591444 -0.829852 -0.412461 0.401541 1.29723
721 -0.544939 0.787658 -0.372238 1.10711 -0.534188 -0.65797 0.160381 0.985035
943 -0.607718 0.833319 -0.391041 1.02759 -0.618022 -0.66401 0.122102 1.05068
398 -0.994222 0.585035 -0.658129 1.08302 -1.3858 -0.667305 -0.0985347 0.89969
495 -0.961624 0.639958 -0.69537 0.95191 -1.07572 -0.649946 0.0271132 0.860784
882 -0.848729 0.65531 -0.78873 0.845331 -0.478907 -0.794897 -0.0432383 0.86661
733 -0.455817 0.745032 -0.421015 1.29133 -0.832484 -0.663013 -0.0538749 0.991279
358 -1.07555 0.663492 -0.464379 0.877475 -0.315914 -0.832552 0.447424 1.13131
920 -0.874517 1.09925 -0.561818 0.524805 -0.681551 -0.337196 0.296632 0.994384
807 -0.984294 0.732131 -0.617111 0.870461 -0.679343 -0.729434 0.495142 1.2596
302 -0.710418 0.291877 -0.556434 0.800602 -0.412929 -0.890584 0.117972 1.50115
485 -0.800621 0.590521 -0.651229 0.799805 -0.532765 -1.0396 0.110526 1.20405
803 -0.906894 0.913045 -0.262198 0.755707 -0.446873 -1.04357 0.182176 1.18962
464 -1.00608 1.18126 -0.531076 0.546876 -0.836954 -0.351393 0.320094 1.05284
431 -0.851863 0.382429 -0.707116 0.799413 -0.366448 -0.9862 0.353785 1.70078
122 -0.868137 0.670927 -0.404683 0.641887 -0.551067 -1.05199 0.320729 1.0257
648 -0.97675 0.593456 -0.381935 0.712793 -0.607342 -1.14488 0.191668 1.02539
353 -1.07423 0.750502 -0.410568 0.928134 -0.455241 -0.737748 0.530539 1.07419
590 -0.860808 0.700234 -0.520356 0.702897 -0.553675 -0.805213 0.348252 1.11594
217 -0.841582 0.955765 -0.443778 0.808277 -0.555009 -0.966512 0.404109 1.18174
408 -0.981942 0.519781 -0.743962 1.00729 -1.32074 -0.689176 -0.108877 0.905093
330 -0.657081 0.62414 -0.748274 1.06203 -0.592763 -0.952267 -0.00568134 1.13333
757 -1.27686 0.768183 -0.937287 1.12677 -0.194028 -0.891237 0.262378 0.870611
523 -1.40522 0.861275 -1.03169 0.834076 -0.19788 -0.982038 0.172919 0.732175
729 -0.414545 0.998227 -0.352157 1.5962 -0.59453 -0.787796 0.0884729 1.19724
195 -0.925512 0.726825 -0.433862 1.11244 -0.470994 -0.735233 0.464728 1.12074
113 -0.860974 0.915806 -0.529077 0.754772 -0.569902 -0.571168 0.573586 1.22668
945 -0.98058 1.04093 -0.119169 0.818338 -0.403448 -1.23226 0.0587837 1.21025
165 -0.920061 0.749358 -0.818188 0.993546 -1.1264 -0.717421 0.00347475 0.974964
370 -0.951673 0.685988 -0.720564 0.923795 -1.3788 -0.589187 -0.103126 1.00128
521 -1.10245 0.678014 -0.891001 0.996257 -1.211 -0.750251 -0.127932 0.89377
911 -0.865696 0.740581 -0.732393 0.919237 -0.636095 -0.968938 0.0734397 1.14181
303 -0.694068 0.249829 -0.599611 0.748746 -0.469325 -0.878552 0.275946 1.54164
296 -0.693334 0.332738 -0.652388 0.797641 -0.395224 -0.975469 0.26892 1.66617
505 -0.823818 0.720697 -0.157151 0.77348 -0.288318 -1.03151 0.0815759 1.27603
283 -0.695418 0.0839143 -0.729514 0.88785 -0.559542 -1.07811 0.126757 2.02207
660 -0.914446 0.67949 -0.724872 0.789587 -0.817823 -0.473399 0.0301554 0.750069
71 -0.976244 1.01275 -0.653084 0.638422 -0.787698 -0.309825 0.356799 1.15988
888 -0.918878 0.38348 -0.710081 0.810332 -0.486442 -0.915352 0.165803 1.60161
560 -1.06074 0.619189 -0.83902 1.05216 -1.35224 -0.656162 -0.0427784 1.05935
109 -0.913898 0.735112 -0.693494 0.839531 -0.79744 -0.674701 0.345279 1.16531
512 -0.809134 0.25347 -0.689514 0.844375 -0.233987 -1.01397 0.235438 1.4497
243 -1.00838 0.556259 -0.231499 0.524468 -0.531603 -1.30274 -0.0145038 0.980385
777 -0.753248 0.707953 -0.597409 1.07849 -0.545015 -0.82541 0.0481601 1.06638
293 -0.762764 0.224928 -0.578518 0.738352 -0.265877 -1.0631 0.148986 1.74903
820 -1.04224 0.634995 -0.764106 0.932583 -1.05185 -0.691446 0.0150147 0.875821
406 -0.852089 0.652391 -0.638684 0.805841 -1.25962 -0.518927 -0.0200446 0.856745
668 -1.45737 0.724193 -1.11449 0.91591 -0.112567 -0.90718 0.21815 0.623937
910 -1.02732 0.71585 -0.558413 1.00574 -0.404742 -0.868482 0.343788 1.04597
698 -1.21523 0.806139 -0.509917 0.924738 -0.517828 -0.846067 0.500844 1.14764
261 -0.931779 0.622083 -0.563747 0.862497 -1.14522 -0.611811 -0.139953 0.949086
839 -0.980095 0.73222 -0.619303 0.798209 -0.639089 -0.730825 0.286643 1.02183
570 -0.913074 0.674838 -0.753334 0.883327 -1.05933 -0.591205 -0.0297825 0.925308
237 -1.09316 1.28245 -0.16301 0.693468 -0.492478 -1.02526 0.184879 1.19637
644 -0.966131 0.934883 -0.184943 0.873217 -0.355225 -1.01664 0.176103 1.24967
767 -1.00133 0.951163 -0.192414 0.646321 -0.296388 -1.05351 0.162809 0.996059
571 -0.870393 0.0973905 -0.639022 0.670608 -0.411446 -1.08933 0.206528 1.91515
799 -1.02907 1.09718 0.0909992 0.844396 -0.286005 -1.25728 -0.00451612 1.21774
652 -0.419466 0.879223 -0.319627 1.33448 -0.620895 -0.931622 0.120527 1.04839
577 -0.723578 0.450035 -0.577337 0.918181 -0.390339 -0.968851 0.255122 1.60575
622 -0.848434 1.10526 -0.605523 0.692483 -0.690853 -0.471306 0.261475 1.16371
634 -0.881262 0.514662 -0.382011 0.616461 -0.55128 -1.27553 0.233938 0.946304
110 -0.75527 0.72551 -0.553513 0.834717 -0.655933 -0.69394 0.419437 1.15746
160 -0.960583 0.519737 -0.715061 0.907505 -1.19434 -0.48655 -0.0787239 0.789414
922 -0.781917 0.273061 -0.587506 0.661914 -0.451095 -1.08209 0.150083 1.39076
164 -0.913553 0.544503 -0.788506 1.03018 -1.31332 -0.53007 -0.0453262 0.903516
601 -1.07126 0.631151 -0.463897 0.551494 -0.68985 -1.13006 0.181807 1.08486
423 -0.980837 0.401112 -0.655381 0.731013 -0.468911 -1.08379 0.259436 1.69622
979 -0.866997 0.740337 -0.703699 0.713624 -0.579169 -0.726815 0.254013 1.45764
117 -0.783696 0.647296 -0.58427 0.777617 -0.72011 -0.667512 0.384342 1.107
811 -1.02111 1.21872 -0.50041 0.605502 -0.738569 -0.401525 0.388149 1.01967
392 -0.918287 0.990966 -0.440972 0.692478 -0.679401 -0.468521 0.232184 0.993648
583 -0.892191 0.846386 -0.543786 0.868411 -0.530784 -0.766429 0.663003 1.25437
98 -0.773316 0.799092 -0.687215 0.708607 -0.559431 -0.761986 0.644212 1.2589
194 -1.04934 0.541196 -0.47121 0.811605 -0.291232 -0.755557 0.525106 1.05555
608 -1.02129 0.460016 -0.441721 0.538058 -0.625517 -1.21834 0.297105 1.00137
766 -0.959185 0.967361 -0.0627725 0.688388 -0.240963 -1.08431 0.0370583 1.09064
938 -0.846977 0.755694 -0.721258 0.760019 -0.547337 -0.878318 0.347129 1.19792
966 -0.760019 0.646647 -0.617835 0.956275 -0.568151 -0.786344 0.203973 1.12431
655 -1.00046 0.763221 -0.60035 0.743734 -0.668381 -1.08387 0.137134 1.10609
868 -0.807017 0.452273 -0.485881 0.740561 -0.316713 -0.977758 0.120607 1.60349
778 -0.720008 0.561711 -0.791439 0.838099 -0.468688 -1.04913 -0.136274 1.05665
990 -0.814079 0.354891 -0.678646 0.752923 -0.551556 -0.983741 0.146432 1.54336
297 -0.884035 0.345273 -0.660915 0.730255 -0.453211 -1.01271 0.265183 1.53118
509 -0.893982 0.331503 -0.675861 0.77741 -0.211789 -1.01904 0.485414 1.6781
846 -0.432568 0.996217 -0.288189 1.45044 -0.572244 -0.729648 0.0518398 1.16514
388 -1.00856 1.16908 -0.695397 0.589157 -0.782804 -0.324576 0.33662 1.08141
669 -1.38124 0.739833 -1.207 0.825065 -0.0864898 -1.0657 0.18324 0.723559
941 -0.781723 0.69601 -0.450232 0.995726 -0.520173 -0.738624 0.302093 1.08174
267 -0.731174 0.599881 -0.569771 0.808265 -0.983235 -0.499245 -0.0831354 0.794914
889 -0.625932 0.494942 -0.615571 0.989627 -0.42082 -0.939839 0.227298 1.57826
692 -1.12702 0.780424 -0.449261 0.88063 -0.370034 -0.873833 0.428284 1.07185
989 -0.964496 0.795753 -0.697059 0.95601 -0.900558 -0.87847 0.260809 1.30261
556 -1.0985 0.699256 -0.652272 0.860954 -0.453533 -0.943266 0.241624 1.11645
672 -1.06268 0.785714 -0.772333 0.77266 -0.405685 -0.784973 0.187115 0.708543
409 -1.0524 0.602211 -0.77119 0.83922 -0.564473 -0.664368 0.0707806 0.76402
510 -0.778492 0.387733 -0.589864 0.77264 -0.296084 -0.982721 0.385534 1.69283
646 -0.80036 0.873322 -0.223066 0.689161 -0.277276 -0.923702 0.144504 1.07538
903 -0.97527 0.880497 -0.0968601 0.692682 -0.156207 -0.892882 0.119464 0.992942
242 -1.08885 1.03002 -0.140522 0.744503 -0.481431 -1.07421 0.123353 1.22576
597 -0.989058 0.488885 -0.357861 0.59562 -0.67641 -1.38822 0.143261 1.03996
532 -1.3422 0.677985 -0.988177 0.829888 -0.151802 -0.928854 0.0876314 0.820403
568 -0.900913 0.745943 -0.70045 0.783199 -1.16436 -0.336605 0.0898289 0.892557
507 -0.753868 0.342699 -0.630529 0.76703 -0.388634 -0.95922 0.183406 1.70046
624 -0.908683 1.20105 -0.621149 0.598248 -0.785454 -0.376913 0.347773 1.05404
900 -0.899916 0.952269 -0.170267 0.862386 -0.399225 -1.0902 0.0896584 1.16635
744 -0.758553 0.60443 -0.59143 0.776307 -0.953666 -0.546941 -0.0690934 0.880417
156 -0.917589 0.603523 -0.900152 1.00683 -0.576062 -0.887939 -0.0529255 0.776534
991 -0.778168 0.74774 -0.647946 0.993827 -0.901372 -0.65716 -0.031084 0.97346
659 -0.935857 0.55166 -0.777706 0.902166 -1.16611 -0.516178 -0.0749877 0.965983
78 -0.958029 1.24848 -0.653636 0.599363 -0.768373 -0.218341 0.23317 0.977572
926 -1.023 0.74432 -0.577229 0.783286 -0.672422 -1.01944 0.197922 1.10469
862 -1.00465 0.717305 -0.577552 0.992401 -0.524855 -0.720435 0.512787 1.0894
333 -0.747684 0.700446 -0.727735 0.910407 -0.418955 -0.934182 -0.0260057 1.03593
39 -0.905954 1.35441 -0.515931 0.618824 -0.638634 -0.255386 0.370055 1.01641
41 -0.942659 1.01648 -0.64263 0.585145 -0.579909 -0.451837 0.350259 1.0921
968 -1.04636 0.863617 -0.263682 0.845097 -0.314784 -1.19212 0.070023 1.28089
735 -0.430439 1.00188 -0.252541 1.4009 -0.623259 -0.816932 0.0577776 1.19595
871 -0.715891 0.802985 -0.660503 0.821867 -0.665388 -0.668186 0.545044 1.19907
542 -0.996184 0.972879 -0.758501 0.533785 -0.491652 -0.55608 0.222799 0.890607
704 -1.02499 0.89334 -0.382617 0.911193 -0.38532 -0.815919 0.353089 1.0661
429 -0.823856 0.468262 -0.667282 0.718493 -0.394098 -0.902536 0.26864 1.53161
378 -0.880596 0.82912 -0.651545 0.88901 -1.04196 -0.580086 0.0237556 0.984938
915 -0.994029 0.954031 -0.140095 0.72107 -0.360737 -1.15976 0.130417 1.32067
456 -0.865835 0.535383 -0.457214 0.592918 -0.598255 -1.17672 0.109157 1.04806
689 -1.0174 0.690824 -0.440656 1.00384 -0.482407 -0.625783 0.517042 1.00576
