1000 8
322 0.194839 1.65578 0.204654 0.663196 0.886887 -0.0249168 -0.124909 1.41904
935 0.022419 1.44557 -0.0451548 0.586464 0.82522 -0.00497553 -0.245651 1.20682
468 0.329201 1.76889 0.432644 0.582501 1.02262 0.175762 -0.184041 1.5176
27 -0.121757 1.8992 -0.6298 0.347646 1.0536 0.0782022 -0.320291 0.659883
62 -0.290559 1.69003 -0.61784 0.392076 0.864567 -0.0803091 -0.255244 0.825362
855 -0.164295 1.45105 -0.480015 0.435654 0.775317 -0.0492392 -0.206676 0.754017
72 -0.159907 1.59745 -0.432505 0.371555 0.974363 -0.0224396 -0.234791 0.772783
623 -0.20075 1.65736 -0.463831 0.472786 0.947869 0.0311509 -0.184918 0.759448
32 -0.311954 1.72661 -0.496678 0.24652 1.01071 0.0846155 -0.229987 0.770579
47 -0.0653915 1.28887 -0.706798 0.594166 0.739607 -0.134675 -0.369419 0.747098
24 -0.308147 1.93501 -0.887893 0.270222 1.23674 0.0214655 -0.293837 0.603956
1 -0.482741 2.31609 -1.0338 0.365171 1.46368 0.105622 -0.44097 0.695258
60 -0.308804 1.76717 -0.73281 0.313044 1.14468 -0.0272271 -0.387994 0.682921
26 -0.369193 1.84618 -0.691365 0.376048 1.08015 0.0629715 -0.173464 0.735463
30 -0.375152 1.70895 -0.744713 0.144595 1.17281 -0.119232 -0.430722 0.73646
41 -0.205657 1.62351 -0.550301 0.385742 0.786552 -0.0325641 -0.208799 0.739263
380 -0.410852 2.10725 -0.753113 0.327768 1.17882 0.0459497 -0.151805 0.714744
463 -0.204811 1.57988 -0.632417 0.357623 1.01151 0.0104381 -0.352527 0.7128
4 -0.632515 2.2059 -0.75746 0.103521 1.67066 0.231302 -0.402548 0.877047
424 0.132097 1.52292 -0.324909 0.752157 0.662226 -0.000299331 -0.016342 1.25147
422 0.101294 1.41165 -0.314219 0.708064 0.630521 0.0356597 0.0856208 1.25767
504 0.00171181 1.47673 -0.267188 0.67461 0.643242 0.0737006 0.152567 1.32853
273 0.0819617 1.88959 -0.673092 0.745649 0.893552 0.517369 0.758507 1.67458
208 -0.203663 1.39896 -0.345313 0.357243 0.833304 -1.04866 -0.740254 1.70833
223 -0.0830093 1.24809 -0.530442 0.524023 0.591399 -0.793018 -0.64697 1.31772
170 -0.432572 1.65138 -0.472295 0.648243 0.626839 -0.957029 -0.559588 1.39532
88 -0.0670861 1.4422 -0.630773 0.850209 0.655366 -1.01927 -0.741938 1.68241
215 0.126536 1.44486 -0.634873 0.578702 0.683028 -1.01529 -0.660135 1.44433
328 0.0433864 1.3561 0.157993 0.450911 0.925125 0.052637 -0.25827 1.28044
171 0.49321 1.90844 0.451089 0.684432 0.716266 -0.176676 -0.097305 1.4872
81 1.00959 2.17107 -0.48878 1.0027 0.990545 -0.221169 -0.296656 0.664622
75 0.564328 1.59074 -0.392464 0.59377 0.917104 -0.0566125 -0.244815 0.545464
125 0.926074 2.14655 -0.161634 1.01097 1.30786 -0.0062858 -0.476684 0.662775
126 -0.548737 2.36557 -0.0723594 1.16279 0.320611 -0.281144 -0.345701 1.16116
184 -0.314265 1.80507 -0.258334 0.816371 0.356382 -0.301841 -0.233857 0.840586
23 -0.56316 2.11293 -0.776684 0.421756 1.03132 0.0326392 -0.107072 0.572163
0 -0.523631 2.45507 -1.01441 0.264688 1.22633 -0.0399705 -0.307359 0.689545
117 0.404222 1.21836 -0.605547 0.94014 0.445582 -0.368079 -0.570815 1.11372
79 0.658403 1.57777 -1.20852 1.38582 0.670857 -0.422399 -0.814339 1.39288
83 0.336725 1.42656 -1.15447 1.44334 0.413697 -0.595221 -0.64245 1.50292
401 0.410437 1.39646 -0.613884 0.937557 0.535954 -0.257567 -0.428156 1.01872
87 0.44349 1.43143 -1.08546 1.27537 0.568821 -0.46548 -0.678118 1.35084
163 0.462768 1.32789 -0.3971 0.715133 0.739104 -0.182993 -0.286152 0.631653
134 -0.541658 1.53061 -0.143117 0.476208 1.84055 0.183 -0.876687 1.75404
433 -0.710906 1.45897 -0.202617 0.540192 1.58325 0.128368 -0.819116 1.64099
601 -0.311599 1.30143 -0.113661 0.438896 1.42949 0.232618 -0.553127 1.25301
152 0.742377 1.74264 -0.34036 0.760632 1.04395 -0.0688697 -0.330989 0.453592
367 0.67898 1.83212 -0.454412 0.65553 1.08135 -0.0188492 -0.382289 0.397313
563 0.740623 1.99556 -0.425305 0.872722 1.06605 -0.0944978 -0.314148 0.496344
82 1.05521 2.05995 -0.433787 1.00823 1.20716 -0.0494754 -0.427135 0.709158
316 0.514124 1.65856 0.501101 0.5231 0.938322 0.111225 -0.08158 1.35302
471 0.294798 1.55835 0.331098 0.526406 0.736795 -0.204045 -0.216917 1.35779
747 -0.131004 1.54806 -0.386109 0.645111 0.704258 -0.89993 -0.637267 1.39909
225 -0.120746 1.26156 -0.574433 0.624443 0.707942 -0.876082 -0.623857 1.30546
207 -0.183704 1.66167 -0.447472 0.261613 0.981214 -1.3757 -0.810975 1.62389
230 -0.0620458 1.38075 -0.495527 0.662009 0.760179 -0.631239 -0.534031 1.20048
219 -0.124765 1.30959 -0.449376 0.61188 0.785312 -0.938268 -0.662965 1.51074
213 -0.0517341 1.42867 -0.483638 0.581151 0.765537 -1.12801 -0.759709 1.52619
902 -0.0303653 1.49329 -0.481288 0.677323 0.844453 -0.350856 -0.449448 1.15795
211 -0.388649 1.40009 -0.556215 0.409283 0.79955 -1.03731 -0.660476 1.53444
191 -0.290938 1.79174 -0.105631 0.831845 0.293304 -0.35473 -0.160325 1.11101
793 -0.0141577 1.3149 -0.559173 0.692411 0.66861 -0.413842 -0.464397 1.00462
982 -0.0371994 1.46785 -0.509813 0.587836 0.730331 -0.418469 -0.430187 1.18072
798 -0.249496 1.48712 -0.533144 0.542806 0.622924 -0.636029 -0.524616 1.24975
964 0.10607 1.3889 -0.505686 0.736928 0.751808 -0.584609 -0.499271 1.19323
994 0.106112 1.40248 -0.471029 0.748992 0.788368 -0.41022 -0.425837 1.19054
900 -0.0075221 1.40745 -0.492279 0.69934 0.807298 -0.426158 -0.386774 1.17706
214 -0.175142 1.50219 -0.517064 0.643432 0.740878 -0.760068 -0.50805 1.24546
913 -0.117747 1.45573 -0.46051 0.526973 0.789416 -0.44256 -0.459866 0.953517
766 -0.100769 1.3542 -0.396582 0.567605 0.586458 -0.737159 -0.517366 1.22343
886 0.0564862 1.49953 -0.333033 0.602156 0.693418 0.118963 0.216802 1.26762
502 0.0369605 1.39082 -0.38549 0.701426 0.774528 0.0493734 -0.0323282 1.36984
418 -0.00191231 1.62887 -0.41151 0.695608 0.751779 0.036737 0.110002 1.37494
574 -0.0362061 1.52006 -0.347364 0.64042 0.77684 0.123485 0.0560493 1.29376
286 0.150456 1.59392 -0.15882 0.816014 0.661606 0.182088 0.29454 1.39734
726 0.465451 1.90145 0.547597 0.607283 0.851558 0.0523202 -0.101523 1.57124
314 0.332789 1.59492 0.530388 0.676614 0.785178 0.134719 -0.0624101 1.68931
308 0.163681 2.15799 0.721703 0.453842 0.89591 0.177059 -0.0495755 1.57393
131 0.808184 2.02085 0.853316 0.785713 1.0968 0.201494 -0.184318 1.78575
698 -0.208573 1.64981 -0.141355 0.802914 0.519737 -0.258731 -0.242896 1.17232
909 -0.297215 2.138 -0.383066 1.17912 0.271186 -0.365138 -0.270933 1.25604
958 0.1969 1.42529 -0.587411 0.931873 0.436475 -0.445209 -0.350404 1.13222
580 0.359602 1.39953 -0.594688 1.09614 0.453488 -0.454372 -0.414551 1.2433
578 0.608192 1.39409 -0.764445 1.51931 0.446053 -0.659657 -0.546209 1.62581
694 0.0020288 1.53098 -0.319657 0.986209 0.437723 -0.39961 -0.23617 1.15453
195 -0.0948577 1.51644 -0.298124 0.869292 0.583254 -0.193275 -0.20619 1.03889
185 -0.395256 1.55012 -0.066038 0.837729 0.49668 -0.0920877 -0.302437 1.10781
7 -0.39682 2.32307 -0.0115375 1.10291 0.230626 -0.399577 -0.262163 1.17806
700 -0.267815 1.71875 -0.194671 0.843388 0.254846 -0.342984 -0.16111 0.95364
643 0.100957 1.2327 -0.458403 0.687528 0.872676 -0.220416 -0.457407 1.20014
705 0.45458 1.26467 -0.824853 0.97135 1.2548 -0.0239727 -0.525419 1.41615
717 0.0815393 1.36757 -0.435143 0.742614 0.751339 -0.215425 -0.329405 0.976047
174 0.0934901 1.63928 -0.503788 0.880226 0.933131 -0.0512892 -0.428339 0.953432
9 -0.621724 2.2032 -0.835218 0.308178 1.14191 0.0577788 -0.396483 0.608145
3 -0.627722 2.28788 -1.18473 0.286922 1.33959 -0.0987689 -0.486677 0.856391
76 -0.182488 1.56419 -0.592793 0.450812 0.981692 0.0523652 -0.302688 0.783731
999 0.0267548 1.79791 -0.369042 0.659645 0.93652 -0.0428735 -0.326882 1.19972
640 -0.0203466 1.38843 -0.398614 0.65845 0.641636 -0.656781 -0.558157 1.40722
10 -0.358951 2.19133 -1.00575 0.4304 1.08797 -0.0503003 -0.433541 0.52728
42 -0.127207 1.44453 -0.493229 0.472272 0.759874 0.0522742 -0.293221 0.743789
544 -0.253351 1.572 -0.554832 0.322178 1.07026 0.0165967 -0.419981 0.837626
2 -0.322176 2.25209 -1.02163 0.384994 1.39076 0.100989 -0.376801 0.616418
681 -0.424579 2.42328 -0.224897 1.28927 0.1832 -0.546215 -0.27537 1.34031
876 -0.0211302 1.75842 -0.305539 0.889708 0.615329 -0.279724 -0.337111 1.09861
495 0.345124 1.64069 -0.307832 0.641595 0.893336 -0.131824 -0.27334 0.833584
371 0.517632 1.59474 -0.353792 0.691996 1.0874 -0.0805994 -0.43784 0.790597
13 0.921029 2.15674 -0.504346 0.886284 1.32812 0.0557772 -0.308195 0.495314
657 0.594379 1.60133 -0.417514 0.702907 0.892647 -0.062758 -0.193586 0.684415
372 0.531105 1.7622 -0.40658 0.716028 1.03028 -0.14818 -0.369839 0.696602
829 0.281666 1.26289 -0.630437 0.88044 0.627383 -0.272721 -0.419308 1.22743
841 0.204396 1.2518 -0.583141 1.04157 0.729309 -0.259184 -0.579634 1.45852
99 0.309819 1.20058 -0.645057 1.10143 0.53164 -0.377042 -0.476755 1.41258
706 0.464869 1.22646 -0.604392 0.860397 1.23467 -0.101204 -0.576721 1.30967
368 0.649871 1.57646 -0.491141 0.864709 0.944176 -0.0547977 -0.357976 0.705697
774 0.307899 1.56145 0.0462583 0.660729 0.847954 0.0694382 -0.178243 1.22548
478 0.177199 1.6589 0.0955747 0.621742 0.85055 -0.0219728 -0.172609 1.36351
298 0.105542 1.43444 -0.328981 0.595561 0.617728 0.158709 0.132717 1.22031
271 0.0198493 1.92258 -0.653508 0.835062 0.719305 0.550248 0.826159 1.93805
8 0.328812 1.9923 0.640235 0.70312 0.824318 0.114934 0.0777437 1.58231
482 0.228437 1.53479 0.227118 0.681655 0.819029 0.017741 -0.0860849 1.32145
11 0.455919 1.98242 0.58368 0.528784 0.986941 0.150703 -0.0627688 1.52817
311 0.553886 1.88313 0.618197 0.628515 0.771037 0.0650812 -0.10305 1.53532
470 0.28757 1.607 0.265027 0.580132 0.805878 0.00203705 -0.0896231 1.20976
612 0.337274 1.72172 0.00603571 0.682068 0.944656 -0.00741037 -0.227805 0.942053
133 0.939417 2.36509 -0.554655 1.00296 1.34398 -0.133457 -0.411024 0.394388
248 0.854685 1.9953 -0.309569 0.81578 1.11159 0.0397006 -0.187631 0.567175
279 -0.104634 1.69558 -0.577303 0.706819 0.520871 0.221697 0.644061 1.61583
887 -0.0212619 1.53458 -0.338688 0.724748 0.566671 0.226486 0.21428 1.35268
277 0.0699768 1.57209 -0.436581 0.948442 0.53868 0.309904 0.465048 1.79361
296 0.0318247 1.45507 -0.36413 0.685164 0.617019 0.115506 0.138797 1.31117
302 0.220691 1.53472 -0.281159 0.670487 0.733286 0.0688581 -0.000714499 1.08043
135 1.03017 2.11899 -0.456639 1.04699 1.16782 -0.3433 -0.384433 0.56202
402 0.804602 1.89082 -0.398907 0.845687 1.08082 -0.120735 -0.259077 0.684842
164 0.564308 1.5888 -0.342856 0.748796 0.987232 -0.153982 -0.283009 0.584602
989 0.361855 1.51477 -0.53667 0.961611 0.809634 -0.297537 -0.464439 1.16112
740 0.411169 1.79878 -0.324953 0.866023 0.773255 -0.237853 -0.265553 0.655281
767 -0.00605904 1.23363 -0.42395 0.622771 0.671917 -0.496268 -0.491536 1.16601
210 -0.0230992 1.53271 -0.599835 0.515587 0.752357 -1.18764 -0.595001 1.59702
209 -0.488835 1.55359 -0.470084 0.649146 0.723963 -0.938156 -0.675135 1.66073
239 -0.108715 1.25669 -0.442614 0.587262 0.672188 -0.578627 -0.477655 1.2562
400 0.442644 1.37213 -0.675091 1.03014 0.530261 -0.455396 -0.473424 1.21159
115 0.270032 1.14587 -0.511857 0.773006 0.526887 -0.258176 -0.40166 1.13605
80 0.560013 1.502 -1.00776 1.58063 0.697356 -0.492733 -0.754923 1.50536
943 0.0680372 1.31824 -0.42096 0.750999 1.031 -0.0704515 -0.34266 1.05134
34 -0.0386369 1.7384 -0.603696 0.424952 1.02253 0.0324581 -0.32429 0.762302
77 -0.137066 1.52046 -0.518173 0.431827 0.917091 -0.0112865 -0.269681 0.688223
53 -0.280176 2.14492 -0.803565 0.375564 1.24724 0.0793551 -0.204646 0.543922
51 -0.51645 2.00762 -0.77826 0.313928 1.29307 0.0816004 -0.321834 0.838142
29 -0.352379 1.90661 -0.677445 0.337693 1.10882 0.133436 -0.1939 0.607608
12 -0.366391 2.32704 -0.953359 0.387171 1.32816 0.00858316 -0.382684 0.603877
59 -0.184627 1.8374 -0.665073 0.359573 1.07015 0.0189766 -0.325599 0.686571
172 -0.465204 1.98104 -0.136509 1.04433 0.166874 -0.272051 -0.163128 1.3326
351 -0.265249 1.88584 -0.223086 0.876898 0.309186 -0.335357 -0.1643 1.03679
349 -0.317199 1.70573 -0.285005 0.842089 0.31489 -0.234094 -0.196796 0.951696
18 -0.465909 2.09036 -0.861095 0.26654 1.38817 0.0420636 -0.456561 0.630563
566 0.575954 1.73605 -0.434518 0.773878 0.928447 -0.00931335 -0.137786 0.694496
147 0.556812 1.66817 -0.312268 0.750406 0.957179 -0.14079 -0.319115 0.609844
656 0.56087 1.67629 -0.360645 0.816994 0.991402 -0.188079 -0.289297 0.671804
139 0.843913 2.06218 -0.267296 0.843916 1.04505 0.0181641 -0.261827 0.6587
399 0.666372 1.62966 -0.314588 0.768611 1.02731 -0.0332342 -0.256957 0.673783
366 0.879654 1.78977 -0.471938 0.813825 1.06295 -0.176753 -0.477796 0.657842
157 0.571949 1.61874 -0.390432 0.682092 0.872596 -0.163456 -0.317841 0.749237
127 0.980564 2.43317 -0.358517 1.04568 1.25623 -0.189945 -0.207807 0.657357
212 0.558041 1.70949 0.46757 0.651984 0.829146 -0.216973 -0.137725 1.48492
997 0.213142 1.6065 -0.355321 0.827036 1.09819 -0.0842236 -0.3952 1.32793
676 0.138493 1.26316 -0.271916 0.898461 1.00721 -0.153081 -0.417395 1.34872
789 0.254621 1.53322 -0.904522 1.29155 0.587879 -0.525384 -0.526334 1.26559
377 0.289767 1.38312 -0.334716 0.751731 1.05995 -0.124238 -0.404167 1.05435
501 -0.00602668 1.32153 -0.365245 0.782721 0.773764 0.027553 -0.151085 1.32489
272 -0.184225 1.78514 -0.586166 0.862821 0.727345 0.382972 0.796901 2.07062
496 -0.0633466 1.76921 -0.487276 0.562538 0.835768 0.35228 0.313773 1.35844
939 -0.278562 1.70699 -0.719302 0.337533 0.951847 0.0451059 -0.202461 0.793285
20 -0.633715 2.08041 -0.895322 0.232268 1.31055 0.155135 -0.264664 0.747766
52 -0.390734 2.01283 -0.750926 0.479384 1.04831 -0.0782736 -0.282172 0.703737
169 -0.64726 2.36006 -0.15451 1.26745 0.215122 -0.527997 -0.321404 1.26968
446 -0.0498825 1.3193 -0.431258 0.612642 0.814623 -0.530205 -0.643233 1.34832
968 0.0799904 1.46907 -0.398514 0.790072 0.780383 -0.332633 -0.218111 1.46332
395 0.253536 1.59892 -0.402851 0.807825 0.824601 -0.72606 -0.601328 1.2342
224 0.00357485 1.40891 -0.454641 0.572986 0.628998 -0.665643 -0.424536 1.2587
276 0.0810644 1.60744 -0.385387 0.737728 0.765335 0.382655 0.485867 1.662
573 0.106495 1.36671 -0.396943 0.642486 0.685303 0.0619907 0.175454 1.32028
577 0.0280352 1.50539 -0.319295 0.784893 0.685219 0.0834891 0.011187 1.3249
130 0.841181 2.31581 -0.485588 0.950084 1.27639 0.00863982 -0.307829 0.551377
128 0.985968 2.22844 -0.570044 0.963924 1.39519 0.0122214 -0.428637 0.578251
251 0.809713 1.93837 -0.475465 0.891324 1.12259 0.0429111 -0.311694 0.540062
398 0.62468 1.54593 -0.463468 0.763284 1.05776 -0.0344372 -0.475678 0.750306
733 0.429086 1.28824 -0.427198 0.704066 0.934302 -0.0944531 -0.372983 1.04223
911 0.242797 1.49098 -0.000417396 0.653669 0.736414 -0.0900477 -0.17941 1.17859
315 0.286563 1.86448 0.353711 0.638216 0.940685 0.0519132 -0.059513 1.48158
934 0.0739728 1.63134 0.0843129 0.691423 0.775724 0.0423562 -0.22656 1.3228
319 0.168396 1.60339 0.371747 0.622152 0.682897 0.0822753 -0.0912219 1.41689
884 0.250354 1.54281 -0.254865 0.676277 0.875204 -0.0964388 -0.24138 1.07478
513 0.132131 1.19962 -0.0137179 0.999917 1.33774 -0.0487642 -0.566716 1.62557
756 0.0196086 1.30577 -0.225573 0.8059 1.03512 -0.0994123 -0.320692 1.23443
639 -0.2179 1.36238 -0.403529 0.599787 0.608601 -0.648925 -0.389681 1.42427
877 -0.0654616 1.48314 -0.335047 0.753553 0.56173 -0.540831 -0.40729 1.30874
326 0.0555763 1.60344 0.0795796 0.431387 0.810895 0.037911 -0.0987783 1.08099
55 -0.286278 1.82816 -0.777055 0.324591 1.09722 0.0299249 -0.309103 0.574746
763 -0.238775 1.21698 -0.170106 0.367582 1.20622 0.14766 -0.372525 1.13347
508 -0.0983654 1.37219 -0.229081 0.596432 0.868697 0.078733 -0.18394 1.29537
967 -0.13823 1.33564 -0.287827 0.508299 1.03724 0.0719084 -0.337021 1.3014
837 0.110871 1.2591 -0.29491 0.821383 1.17536 -0.134605 -0.441463 1.41678
658 0.344844 1.53278 -0.423125 0.704051 0.96672 -0.145346 -0.29701 0.796552
464 -0.245664 1.55209 -0.526842 0.445858 1.03254 0.0201687 -0.300241 0.847771
462 -0.0883022 1.5146 -0.438561 0.561486 0.853041 0.121225 -0.0590545 1.17755
419 0.149353 1.48876 -0.38143 0.738241 0.779691 0.109567 0.165411 1.2885
576 0.190611 1.17125 -0.555396 0.858819 0.605681 -0.293071 -0.305484 1.22128
285 0.0281975 1.57051 -0.325904 0.678723 0.701329 0.291947 0.341241 1.37265
536 0.216941 1.78688 0.323456 0.511778 0.844562 0.0954509 0.125488 1.64259
330 0.22222 1.39125 0.0064471 0.611864 0.694606 0.0415086 -0.03809 1.14411
355 0.00932987 1.53203 0.0572679 0.705462 0.652148 -0.131026 -0.0935463 1.17871
327 0.207764 1.57175 0.163939 0.544457 0.823178 0.0545152 -0.0680195 1.37572
317 0.394465 1.71344 0.579805 0.483794 0.751879 0.0954666 0.0182281 1.61157
91 0.356495 1.30556 -0.721498 1.13819 0.441098 -0.54838 -0.630214 1.43441
173 -0.303811 2.04978 -0.225231 1.21505 0.251169 -0.375093 -0.20061 1.01738
343 -0.263584 2.04241 -0.247639 0.939497 0.241164 -0.347194 -0.0457707 0.949746
129 1.14822 2.21598 -0.511266 1.12067 1.11081 -0.108168 -0.335649 0.605541
969 0.0454923 1.33182 -0.330348 0.677392 0.742394 -0.439 -0.412727 1.18658
505 0.0917276 1.42173 -0.409321 0.741913 0.71915 -0.287207 -0.327363 1.20741
281 0.277098 1.32809 -0.620973 1.05081 0.499317 -0.387994 -0.412241 1.45169
114 0.26521 1.30434 -0.663332 0.993582 0.548057 -0.343468 -0.592725 1.08996
810 -0.190493 1.68036 -0.588603 0.370688 1.0193 0.0242892 -0.407408 0.62494
391 -0.256837 1.57293 -0.577013 0.324858 0.972201 -0.0224375 -0.29144 0.634102
39 -0.246003 1.49628 -0.600871 0.3054 1.04159 0.000628253 -0.354915 0.707211
22 -0.504329 1.96617 -0.848855 0.248682 1.31207 0.207012 -0.149706 0.71822
38 -0.104527 1.57843 -0.637967 0.473265 0.984687 -0.0286956 -0.34865 0.729675
304 0.0587551 1.40921 -0.345245 0.676142 0.677199 0.230324 0.23085 1.20111
421 0.145332 1.51984 -0.317822 0.735841 0.843933 0.198194 0.194731 1.41375
978 0.0205942 1.35141 -0.311147 0.746481 0.813998 0.000816893 -0.0193904 1.33671
665 0.00717942 1.19479 -0.21913 1.00379 1.01102 -0.0420417 -0.347242 1.48546
918 0.0356252 1.2782 -0.242792 0.660811 0.83957 -0.0539575 -0.220961 1.1758
823 0.145663 1.33454 -0.0389745 0.647631 0.75715 -0.0192208 -0.260832 1.22406
270 -0.021177 1.44921 -0.222689 0.665347 0.495248 -0.187889 -0.216848 0.835404
687 -0.1584 1.71838 -0.301907 0.838846 0.55103 -0.231446 -0.198462 0.982878
66 -0.161236 1.62648 -0.738154 0.405641 0.90247 -0.0577061 -0.362862 0.71031
237 -0.19332 1.5964 -0.581245 0.575361 0.833437 -0.457374 -0.413977 1.22793
768 0.000109642 1.44187 -0.352122 0.595215 0.786789 -0.382746 -0.422163 1.17825
644 0.0912211 1.45122 -0.341474 0.734223 0.793558 -0.323924 -0.339377 1.25458
15 -0.349229 1.59019 -0.701361 0.412844 0.863796 -0.943865 -0.714916 1.30973
874 -0.23951 1.72695 -0.25002 0.745444 0.521144 -0.202252 -0.256237 1.0413
179 -0.675422 1.40924 0.0930241 0.463407 1.22997 0.246397 -0.546971 1.40021
591 -0.437072 1.41981 -0.214501 0.406508 1.67406 0.166296 -0.788406 1.55985
764 -0.407599 1.16736 -0.0354094 0.533746 1.08603 0.080442 -0.501151 1.27953
627 -0.409004 1.25943 -0.00481485 0.516865 1.26794 0.0903856 -0.658819 1.43676
447 -0.307326 1.37287 -0.214795 0.528447 1.24592 0.0377508 -0.481106 1.35021
435 -0.411094 1.45359 -0.102432 0.559069 1.91728 0.290381 -0.847521 1.69003
434 -0.521756 1.45579 -0.0631031 0.530876 1.95977 0.27685 -0.923764 1.8902
522 -0.0510307 1.15393 -0.122869 0.797527 1.30065 0.0252568 -0.564733 1.49809
890 0.0569151 1.44747 -0.0141572 0.597192 0.766 0.03627 -0.0445283 1.13848
745 0.128879 1.5021 0.229276 0.512471 0.841642 0.0652137 0.0960536 1.42377
551 0.41869 1.86841 0.602759 0.571778 0.991805 0.118984 0.0705767 1.68987
897 0.136737 1.56416 -0.230402 0.730051 0.697612 0.179462 0.202211 1.44342
426 0.0880698 1.48229 -0.284496 0.725958 0.726032 -0.0361935 0.056475 1.23274
988 0.159404 1.61367 -0.101426 0.806234 0.940343 0.0417735 -0.199387 1.35014
474 0.148415 1.66818 -0.0477707 0.752367 0.824448 -0.0115037 -0.0632317 1.41961
309 0.494366 1.88287 0.591123 0.812688 0.862188 0.0390944 -0.0871888 1.76999
313 0.300922 1.79524 0.65773 0.56385 0.77111 0.0236012 -0.0636909 1.67282
303 0.14797 1.52535 -0.34091 0.746021 0.676922 -0.0346787 -0.0327938 1.21126
107 0.344695 1.3111 -0.654043 1.03795 0.603429 -0.364627 -0.493238 1.26093
417 0.170727 1.493 -0.347151 0.804003 0.760513 0.114607 0.094759 1.24735
524 0.0762466 1.37754 -0.388217 0.775117 1.05994 0.0191443 -0.33439 1.15098
896 0.0824105 1.23158 -0.233012 0.877619 1.05243 -0.0688766 -0.376038 1.35181
514 0.282441 1.11984 0.106196 1.14041 1.40972 0.0271744 -0.407633 1.845
50 0.33682 1.2299 -0.206491 1.1862 1.75769 0.0802802 -0.552389 1.56266
516 0.426524 1.18594 -0.532307 0.855025 1.42548 -0.0627433 -0.464838 1.36484
917 -0.202971 1.64615 -0.581736 0.277837 1.09611 0.0386452 -0.246088 0.535573
65 -0.245509 1.70222 -0.673879 0.347821 1.02784 0.0551542 -0.329331 0.745553
56 -0.349688 1.892 -0.875967 0.247871 1.1117 0.00627675 -0.442111 0.523269
16 -0.181498 1.95543 -1.09297 0.418323 1.1893 0.0657215 -0.434793 0.563097
732 0.111601 1.58078 -0.541235 0.575063 0.993499 0.0261226 -0.402695 0.989187
390 -0.378253 1.43266 -0.542872 0.286769 1.13686 0.0175794 -0.357648 0.798043
960 0.22492 1.36878 -0.325676 0.743241 0.854772 -0.0673781 -0.298441 1.17322
825 0.433153 1.54589 -0.525537 0.896142 1.0741 -0.0138848 -0.361002 1.18157
828 0.20854 1.29851 -0.47306 0.745222 0.825089 0.0303147 -0.201769 1.03514
714 0.328488 1.35796 -0.550459 0.74735 1.03874 -0.00454782 -0.500157 1.21891
382 -0.0795394 1.76411 -0.535716 0.390047 1.08204 0.0950798 -0.326874 0.588411
25 -0.221453 1.67911 -0.875477 0.487285 1.09161 -0.149072 -0.374552 0.807635
84 0.495205 1.44604 -1.00923 1.33493 0.598429 -0.7938 -0.838296 1.57684
97 0.535892 1.23829 -0.705364 1.08188 0.364651 -0.496759 -0.621441 1.21155
86 0.485307 1.38332 -1.00062 1.18756 0.551297 -0.37046 -0.671408 1.34135
755 0.239922 1.31272 -0.438646 0.896291 0.984195 -0.126747 -0.503538 1.30642
751 0.63453 1.57289 -0.441929 0.820793 0.878889 -0.196626 -0.292404 0.626549
521 0.672782 1.65193 -0.326675 0.770236 1.21159 -0.054839 -0.421005 0.647153
662 0.189561 1.06828 -0.131834 1.29177 1.58657 -0.0460405 -0.568458 1.93432
549 0.0814277 1.38773 -0.470929 0.609918 0.82444 -0.0308153 -0.310714 0.893943
904 0.142844 1.46929 -0.536491 0.612661 1.06936 -0.00740195 -0.443227 1.08662
710 0.295764 1.42123 -0.456523 0.781546 0.956347 -0.0691238 -0.374633 1.22222
518 0.485899 1.23495 -0.37617 0.87196 1.20975 0.0994379 -0.404772 1.16854
709 0.291004 1.26656 -0.455937 0.719061 0.983286 -0.141369 -0.449983 1.15581
985 0.144701 1.65759 -0.421845 0.866549 0.791652 -0.0942632 -0.155262 1.20426
847 0.244214 1.29721 -0.444454 0.819878 0.916299 -0.0877595 -0.255082 1.11159
695 0.0976885 1.51908 -0.509468 0.900704 0.914425 -0.108601 -0.38666 1.02882
937 0.16113 1.357 -0.396501 0.732911 0.704181 -0.204126 -0.368236 1.03997
758 0.0941952 1.35936 -0.232499 0.817096 1.08839 -0.0625409 -0.356953 1.40297
486 0.149043 1.41324 0.0796597 0.61841 0.807531 0.03408 -0.156 1.20628
473 0.183401 1.56145 0.000869997 0.727787 0.724487 -0.00437683 -0.0722237 1.42882
485 0.156177 1.46409 -0.00436263 0.573334 0.780842 0.0266506 -0.187277 1.23543
472 0.280815 1.53031 0.317998 0.539659 0.832722 0.0585398 -0.1575 1.39561
324 0.273324 1.58517 0.275171 0.636789 0.819715 0.0308678 -0.0558979 1.21592
875 -0.215049 1.86117 -0.314278 1.04265 0.258882 -0.341419 -0.12494 1.22165
176 -0.265834 1.96614 -0.274306 1.08126 0.162257 -0.382023 -0.136154 1.065
488 0.364808 1.75892 -0.35619 0.938462 0.693836 -0.188067 -0.321159 0.656262
149 0.545682 1.56741 -0.30504 0.776584 0.989899 -0.276165 -0.399574 0.754549
387 -0.292511 1.67623 -0.721286 0.27972 0.976919 -0.0970201 -0.352247 0.76273
945 0.0157252 1.34377 -0.383314 0.744405 0.645735 -0.592386 -0.565536 1.31518
635 0.0390542 1.38626 -0.480762 0.561585 0.706477 -0.971641 -0.729786 1.5024
92 0.245711 1.3453 -0.771254 1.09166 0.476584 -0.522553 -0.528578 1.34289
397 0.510109 1.20728 -0.569759 1.06741 0.541698 -0.356189 -0.513595 1.07014
85 0.467883 1.28208 -0.725446 1.09095 0.512753 -0.168529 -0.660773 1.42643
5 -0.447004 2.03898 -1.07959 0.441433 1.26675 0.00974841 -0.51874 0.705633
384 -0.354122 1.78487 -0.530607 0.240318 1.1663 0.0133762 -0.176171 0.648749
28 -0.346362 1.58861 -0.689614 0.349726 0.908147 -0.0590867 -0.320549 0.679374
680 -0.565509 2.43866 -0.260936 1.03946 0.262594 -0.381284 -0.193327 1.03274
341 -0.505354 1.97674 -0.195954 1.08111 0.344473 -0.358804 -0.223368 1.1849
702 -0.0554849 1.42742 -0.408289 0.726504 0.645193 -0.492229 -0.474467 1.13417
229 0.0460668 1.40244 -0.506785 0.69026 0.733796 -0.923496 -0.597828 1.27762
713 0.331638 1.54132 -0.495674 0.915868 0.961687 -0.224538 -0.461133 1.227
394 0.595622 1.4732 -0.502089 0.850078 1.25738 0.159489 -0.433736 1.05907
54 0.189054 1.40678 -0.535041 0.591454 1.10826 0.0813462 -0.523048 0.939026
729 0.354443 1.27011 -0.472196 0.759462 1.11745 -0.0890107 -0.457624 1.20408
538 -0.165477 1.75614 -0.701662 0.414796 1.14416 0.001021 -0.287881 0.527309
541 -0.32057 1.63587 -0.608833 0.332474 1.13505 -0.0967658 -0.330342 0.889171
686 0.12048 1.31083 -0.603824 1.07542 0.376435 -0.446855 -0.454866 1.23608
893 0.293106 1.28195 -0.645803 1.12751 0.507643 -0.399527 -0.441039 1.24932
123 0.303173 1.23317 -0.480532 0.840654 0.66338 -0.272501 -0.446011 1.05026
975 0.180027 1.51661 -0.506081 0.945484 0.720349 -0.355068 -0.492006 1.24283
192 0.000626099 1.65345 -0.574611 0.950546 0.46293 -0.334985 -0.446604 1.15913
96 0.340172 1.33051 -0.729566 1.06475 0.618377 -0.381693 -0.490026 1.31983
112 0.351495 1.08364 -0.709387 1.03359 0.461178 -0.424907 -0.571209 1.21095
738 0.286672 1.21377 0.0464322 0.544947 0.74192 -0.0295846 -0.231971 1.13578
651 0.114647 1.26987 -0.477399 0.682569 1.16399 0.0502496 -0.407507 1.29841
736 0.120817 1.46564 -0.35293 0.722479 0.788561 -0.136542 -0.3797 1.06413
961 -0.189894 1.78544 -0.292836 0.772218 0.380875 -0.270139 -0.155235 1.0179
202 -0.176719 1.72488 -0.274143 0.722468 0.479251 -0.222386 -0.164459 0.921306
344 -0.394584 1.91964 -0.253966 0.977153 0.357305 -0.340678 -0.141107 1.08132
205 -0.138831 1.60551 -0.272742 0.798895 0.40053 -0.165449 -0.210875 0.935994
346 -0.235142 1.96114 -0.198131 0.982147 0.388571 -0.402931 -0.125844 1.19071
664 0.0221907 1.37409 -0.148012 1.00087 0.986976 -0.0287155 -0.322555 1.50955
531 0.00488707 1.2007 -0.216052 0.691353 1.25438 0.0426111 -0.345812 1.25743
754 0.103567 1.25481 -0.304187 0.997344 1.26052 -0.0355334 -0.37502 1.58181
554 0.217179 1.26353 -0.0106899 0.756809 0.998208 0.0352563 -0.289249 1.35682
375 0.48175 1.57674 -0.37299 0.728501 0.905059 -0.182533 -0.317563 0.61392
721 0.0845166 1.31504 -0.382869 0.644126 0.639914 -0.0573515 -0.348292 0.924358
908 0.206865 1.25481 -0.348725 0.767409 0.851614 -0.0859232 -0.238599 1.07577
449 -0.418372 1.22557 -0.227124 0.301562 1.3187 0.205942 -0.559577 1.24509
454 -0.344564 1.00291 -0.122783 0.418672 1.36502 0.110441 -0.493863 1.30611
564 -0.0312772 1.27555 -0.0998256 0.530218 1.36079 0.169636 -0.620569 1.22703
593 -0.125095 1.24687 -0.0901404 0.511083 1.39873 0.261509 -0.687391 1.26846
653 -0.188504 1.19059 -0.16799 0.530447 1.12193 0.123437 -0.488357 1.15888
289 0.0810555 1.55025 -0.436929 0.812243 0.537793 0.107135 0.235727 1.49818
284 -0.0495988 1.4971 -0.361506 0.717085 0.689235 0.25023 0.435663 1.56446
291 0.140235 1.45952 -0.373336 0.787665 0.745507 0.105202 0.0897404 1.34855
663 0.0873868 1.11203 -0.280814 1.17803 1.49655 -0.108353 -0.632336 1.70125
668 0.00988725 1.19292 -0.216181 0.919926 1.30841 0.0323474 -0.514506 1.56842
678 0.0744453 1.0741 -0.214521 0.810043 0.960659 0.0751558 -0.242007 1.4351
854 -0.137651 1.72848 -0.611705 0.511639 0.809615 -0.0482408 -0.229146 0.955865
684 -0.187423 1.94238 -0.278656 1.02013 0.3994 -0.3154 -0.177893 1.1578
299 0.0749536 1.43412 -0.359144 0.704953 0.616472 0.0654419 0.0816741 1.22327
282 0.00256249 1.59762 -0.540679 0.663895 0.606984 0.0900934 0.217527 1.44933
461 0.0797562 1.38459 -0.69788 0.751992 0.808447 -0.251471 -0.491749 1.14616
805 0.176329 1.24084 -0.640954 0.909762 0.604851 -0.453212 -0.434085 1.24092
582 0.220273 1.43527 -0.587009 0.96435 0.634572 -0.442091 -0.523689 1.25116
996 0.116017 1.34254 -0.43177 0.826105 0.730286 -0.226196 -0.362085 1.24662
334 0.223767 1.59271 0.188562 0.690276 0.651438 0.0348823 -0.0273779 1.26368
775 0.333373 1.6009 0.00224744 0.670527 0.737598 -0.0324085 -0.223929 0.972549
618 0.057358 1.60323 -0.168594 0.633767 0.819335 -0.0648513 -0.295698 1.26801
642 -0.0401862 1.37841 -0.34642 0.679842 0.703871 -0.539528 -0.518645 1.3472
901 -0.084124 1.54909 -0.379227 0.750464 0.599636 -0.477253 -0.402931 1.28505
181 -0.286793 1.94194 -0.184109 1.15087 0.26455 -0.298553 -0.203796 1.23109
339 -0.476521 2.18751 -0.300667 1.02763 0.263775 -0.43604 -0.194218 1.11882
920 -0.311091 1.5046 -0.507215 0.322581 1.13037 0.068276 -0.333497 0.774662
459 -0.348619 1.25674 -0.244633 0.436398 1.21421 0.0803404 -0.49085 1.19501
432 -0.829793 1.59085 -0.113374 0.501316 1.55998 0.136971 -0.774796 1.88365
452 -0.225954 1.29968 -0.223929 0.503471 1.24412 0.12383 -0.437046 1.34238
631 -0.229604 1.16377 -0.126184 0.459454 1.12919 0.0915082 -0.431172 1.23114
592 -0.504516 1.39521 -0.114465 0.549269 1.47145 0.149586 -0.75292 1.71764
583 0.0789374 1.35139 -0.644441 1.17337 0.411708 -0.455608 -0.433147 1.33944
781 0.264729 1.5026 -0.882787 1.24241 0.484875 -0.621843 -0.598518 1.41514
494 0.233921 1.44981 -0.333939 0.756284 0.665269 -0.151256 -0.191056 0.96791
287 -0.133656 1.55549 -0.262142 0.644024 0.675573 0.18986 0.370139 1.44335
318 0.119992 1.76502 -0.187077 0.674893 0.594063 0.252001 0.397166 1.58231
416 0.350534 1.56427 -0.271409 0.723039 0.824948 0.218875 0.219598 1.19349
408 0.660525 1.60599 -0.387104 0.738099 0.936446 -0.0521962 -0.331511 0.568827
132 1.11773 2.16314 -0.418192 0.900301 1.32482 -0.176598 -0.495555 0.676841
158 0.617102 1.66832 -0.310516 0.759773 0.891593 -0.0853994 -0.26848 0.625072
396 0.690389 1.85862 -0.354729 0.826511 1.06944 0.0264498 -0.201874 0.583704
140 0.614331 1.57821 -0.274258 0.706842 1.1695 -0.0338991 -0.500528 0.718177
660 0.330784 1.13354 -0.243601 0.606621 0.801783 -0.0371699 -0.231357 0.705215
533 0.0878235 1.20582 -0.241436 0.813866 0.983859 -0.156708 -0.432921 1.26019
177 -0.532969 1.9925 -0.138788 1.03917 0.418348 -0.259374 -0.122847 1.24165
499 0.120611 1.43165 -0.360012 0.845017 0.435724 0.128941 0.118568 1.39267
283 0.105007 1.58233 -0.410705 0.75563 0.734769 0.155618 0.35685 1.55679
561 0.787492 1.82563 -0.327649 0.782605 1.1166 -0.0740983 -0.22104 0.668587
991 0.493375 1.60875 -0.331332 0.642383 0.955544 -0.0475557 -0.289092 0.652663
260 0.5411 1.55755 -0.38576 0.766837 0.98594 -0.0503438 -0.183715 0.652102
670 0.162107 1.23118 -0.248776 0.997542 1.10032 -0.073007 -0.381841 1.38694
526 0.157558 1.16164 -0.259564 0.819912 1.15182 -0.0747913 -0.407217 1.17839
666 0.0307181 1.17269 -0.162585 0.815444 1.35246 0.0353916 -0.441299 1.50338
831 0.288744 1.39655 0.0997855 0.583208 0.758793 0.0523366 -0.242694 1.21754
976 0.326613 1.58411 -0.00257961 0.676498 0.810184 -0.121268 -0.279876 1.30052
696 0.252542 1.69401 0.336019 0.5979 0.742772 -0.0109363 -0.171061 1.33506
154 0.430671 1.40961 -0.516214 0.941191 0.600555 -0.227268 -0.390827 1.07795
797 0.274019 1.20802 -0.554443 0.856202 0.636204 -0.448808 -0.480394 1.15771
806 0.157208 1.3893 -0.446321 0.829915 0.657411 -0.267315 -0.397058 1.22411
984 0.469531 1.52135 -0.37723 0.68201 1.03965 -0.0470167 -0.287822 0.682108
361 0.834551 2.0192 -0.456031 0.86674 1.14798 0.0274821 -0.311911 0.454679
263 0.186483 1.2068 -0.2873 0.788219 1.14385 -0.0697356 -0.417565 1.13283
220 -0.0323315 1.40907 -0.488974 0.799279 1.14194 -0.21375 -0.512141 1.30245
381 -0.0123708 1.17375 -0.248375 0.873934 1.09016 0.0174095 -0.320473 1.33666
503 -0.030417 1.43215 -0.402814 0.763499 0.712638 0.225177 0.158706 1.41083
414 0.150316 1.63578 -0.431116 0.768665 0.714583 0.229188 0.299089 1.46933
410 0.0520689 1.72033 -0.538598 1.01403 0.721399 0.369849 0.509507 1.75107
512 0.036773 1.36882 -0.306143 0.735329 0.801552 0.170566 0.110653 1.24252
500 -0.0890774 1.51641 -0.320665 0.63422 0.885666 0.1469 -0.0508693 1.30757
301 0.076682 1.40727 -0.251228 0.664224 0.742222 0.0940449 0.0793224 1.23277
376 0.356865 1.44413 -0.303358 0.653455 0.79728 -0.267804 -0.213314 0.832057
325 0.243524 1.48677 0.26678 0.550959 0.730936 0.154957 -0.017387 1.32578
557 0.15731 1.37474 0.12044 0.535109 0.682288 -0.0326175 -0.0670973 0.982132
616 0.00910991 1.47938 -0.141615 0.543258 0.703783 -0.158269 -0.201781 1.03639
153 0.765018 1.69971 -0.141057 0.67172 0.973483 0.0865133 -0.204884 0.541885
458 -0.18238 1.10198 -0.0629774 0.511785 1.2815 0.127351 -0.589331 1.27193
457 0.142302 1.14902 -0.479449 0.79547 0.836106 -0.221356 -0.51093 1.18622
187 -0.332499 1.94241 -0.153816 1.03916 0.386921 -0.338302 -0.128951 1.19456
405 -0.0818351 1.75819 -0.217104 0.94859 0.447269 -0.264368 -0.181627 1.15493
409 0.303405 1.35629 -0.32565 0.825327 1.09882 -0.0111849 -0.443562 0.944526
753 0.16302 1.24366 -0.306352 0.950214 1.26767 -0.00520071 -0.44941 1.37929
525 0.0719329 1.22539 -0.339458 0.783955 1.04486 -0.0714251 -0.472554 1.25521
737 0.215656 1.23332 -0.387892 0.6622 0.939325 -0.0875683 -0.25261 1.14773
880 0.130199 1.43935 -0.312685 0.754885 0.87438 -0.218422 -0.326218 1.23425
444 -0.357472 1.13976 -0.162086 0.356952 1.23232 0.337323 -0.456663 1.44582
604 -0.190233 1.16517 -0.133752 0.480489 1.11007 0.122616 -0.4661 1.19117
919 -0.330139 1.42796 -0.230473 0.420118 1.39068 0.17795 -0.515535 1.21812
443 -0.318102 1.19476 -0.227189 0.515612 1.20877 -0.0721497 -0.683693 1.45194
441 -0.457756 1.27761 -0.106311 0.400681 1.55806 0.203578 -0.60396 1.29892
629 -0.460466 1.33199 -0.126771 0.36392 1.47585 0.160841 -0.637903 1.40078
243 -0.289906 1.01336 -0.252883 0.399038 1.06206 0.00134315 -0.450947 1.24338
626 -0.158481 1.36476 -0.000874369 0.502318 1.69263 0.351473 -0.660858 1.53573
320 0.159159 1.57695 0.322592 0.495872 0.826662 0.0626424 -0.0497061 1.31497
310 0.141511 1.90948 0.552028 0.546751 0.999704 0.0907738 -0.0763522 1.52545
610 0.378785 1.70188 0.0825838 0.773145 0.89797 -0.0100914 -0.148601 1.34038
569 0.295333 1.46502 0.00685057 0.546068 0.769472 0.00913044 -0.198266 0.91751
238 0.025675 1.32767 -0.472882 0.541799 0.670766 -0.712519 -0.414318 1.19751
511 0.0750009 1.19981 -0.210822 0.80079 0.951114 -0.0127576 -0.120874 1.33087
760 0.0237598 1.00155 -0.26548 0.896418 1.12985 -0.102233 -0.443213 1.41988
515 0.0306511 1.21463 -0.0279192 1.00144 1.36014 -0.000202229 -0.467553 1.65523
785 0.0707965 1.09772 -0.281349 0.807505 0.939258 -0.144347 -0.390336 1.29704
274 -0.0171174 1.07565 -0.261643 1.07699 1.51525 0.0390415 -0.500208 1.71137
579 0.495374 1.35988 -0.793721 1.30161 0.555131 -0.46922 -0.610014 1.43613
791 0.253314 1.24632 -0.583489 1.01636 0.673298 -0.368961 -0.481722 1.23813
412 0.37174 1.19978 -0.815676 1.27865 0.34906 -0.436154 -0.327157 1.26388
780 0.583047 1.27411 -0.536777 1.1364 0.395386 -0.577917 -0.479911 1.35718
586 0.221469 1.27986 -0.490825 0.84323 0.582016 -0.268065 -0.349542 1.11398
168 -0.682718 2.38192 0.00161353 1.03683 0.37593 -0.458408 -0.254076 1.31898
182 -0.442707 2.07227 -0.303048 0.941173 0.307324 -0.428858 0.0869281 1.21409
350 -0.347754 1.79272 -0.299188 0.740586 0.610804 -0.275972 -0.271722 1.07757
852 -0.249504 1.64481 -0.236065 0.769249 0.348353 -0.381665 -0.202043 0.989433
431 0.00558535 1.38431 -0.264469 0.611484 0.64408 0.0224393 0.130048 1.22031
183 -0.410065 1.90881 -0.221835 1.01538 0.213212 -0.370364 -0.0543628 1.11831
615 0.259485 1.29669 -0.183185 0.684188 0.964147 -0.087948 -0.326101 1.22453
667 0.307062 1.29169 -0.295876 0.871093 1.13373 -0.118902 -0.482984 1.2822
718 0.182841 1.38332 -0.375607 0.652542 0.872458 -0.143801 -0.42503 1.12019
562 0.529652 1.41868 -0.792998 1.0381 0.677024 -0.409279 -0.567083 1.10359
89 0.278367 1.50844 -1.00671 1.18302 0.571541 -0.550243 -0.673644 1.19974
796 0.182885 1.23972 -0.481604 0.847719 0.639828 -0.354226 -0.382703 1.14994
790 0.586379 1.3763 -0.718473 1.07199 0.613673 -0.254359 -0.573368 1.11566
957 -0.24191 1.79294 -0.278524 0.973024 0.294704 -0.344092 -0.167617 1.06929
638 0.0437632 1.34585 -0.560859 0.473733 0.731599 -0.77968 -0.722843 1.32876
646 0.0481682 1.29116 -0.291364 0.589817 0.621947 -0.363109 -0.465753 1.14358
365 0.862054 1.99808 -0.493294 0.831865 1.19543 -0.012133 -0.357568 0.461746
788 0.262109 1.30049 -0.49958 0.857812 0.632107 -0.238477 -0.444004 1.10934
293 -0.0165807 1.44957 -0.294332 0.615877 0.723576 0.0478004 0.0677451 1.37882
430 0.0148144 1.3744 -0.305079 0.653941 0.750055 0.140088 0.0511102 1.11601
415 0.077941 1.64736 -0.355172 0.713648 0.784449 0.227728 0.15205 1.30824
959 0.14334 1.64853 -0.409456 0.791796 0.861504 -0.0678004 -0.266854 1.22607
928 -0.291627 1.92666 -0.280254 0.832216 0.582103 -0.249132 -0.238389 1.03359
198 -0.157813 1.7089 -0.0819195 0.802887 0.410059 -0.197561 -0.186653 1.08582
912 -0.211327 1.60751 -0.288194 0.720851 0.566 -0.628281 -0.465035 1.24154
630 0.231972 1.25869 -0.341804 0.663315 1.16451 0.00311359 -0.423514 1.01079
826 0.307194 1.52213 -0.414526 0.824504 1.04984 0.0678117 -0.471162 1.04676
727 0.347821 1.29982 -0.47231 0.874969 1.15846 0.0201789 -0.444212 1.2729
108 0.337424 1.30208 -0.671233 1.08229 0.568253 -0.477141 -0.489953 1.22967
19 -0.50234 2.14568 -0.279498 0.921299 0.338886 -0.318598 -0.0977136 1.08688
692 -0.136248 1.74046 -0.232717 0.783309 0.37304 -0.316809 -0.214918 1.14714
853 -0.297491 1.75604 -0.23986 0.949699 0.257382 -0.259795 -0.121216 1.06829
165 0.486309 1.54152 -0.334208 0.762906 0.993022 -0.137756 -0.301992 0.697935
370 0.663214 1.77612 -0.533876 0.753129 1.05167 -0.0324259 -0.341237 0.532763
353 -0.265348 1.5847 -0.182299 0.716248 0.506396 -0.211767 -0.113325 1.05918
691 0.10361 1.6578 -0.303114 0.879748 0.819076 -0.162006 -0.246786 1.01899
570 0.5183 1.66376 -0.33541 0.734095 0.880912 -0.0625746 -0.340459 0.744056
786 0.295789 1.14088 -0.712689 1.08313 0.535662 -0.523505 -0.483465 1.31722
469 0.541548 1.41737 -0.726106 1.13604 0.603991 -0.411378 -0.433727 1.14127
379 0.414822 1.21565 -0.63294 0.874244 0.516641 -0.413596 -0.396244 0.948927
803 -0.108819 1.5406 -0.339389 0.736389 0.653547 -0.374769 -0.366654 1.23266
636 0.0607046 1.33541 -0.616397 0.600635 0.608223 -0.971098 -0.720798 1.61052
762 -0.149414 1.12239 -0.24452 0.434259 0.915443 -0.262137 -0.463598 1.27024
932 0.0290843 1.41541 -0.400215 0.750191 0.780856 -0.491871 -0.542743 1.18563
800 0.0555026 1.36849 -0.448599 0.669001 0.736441 -0.524817 -0.495477 1.17963
952 0.149087 1.56049 -0.305543 0.66588 0.834823 0.0363396 -0.0111601 1.27101
571 0.00794674 1.69838 -0.469487 0.732057 0.639703 0.185264 0.465505 1.53648
497 -0.166519 1.51887 -0.277353 0.66813 0.629061 0.119447 0.173659 1.41258
94 0.243967 1.29617 -0.729023 1.18944 0.411319 -0.556697 -0.54622 1.44036
558 0.1191 1.62942 0.123388 0.566648 0.827346 0.249301 0.0724838 1.27557
724 0.222738 1.39141 -0.406397 0.830548 0.877834 -0.0572512 -0.338349 1.16799
734 0.25652 1.44654 -0.455481 0.755109 1.08375 -0.0716223 -0.345271 1.21584
637 0.38138 1.33627 -0.44647 0.742784 1.12712 -0.0536397 -0.447608 1.21269
352 -0.181783 1.6377 -0.184011 0.783164 0.387043 -0.264965 -0.144837 0.934672
628 -0.163951 1.22108 -0.0883607 0.473304 1.52895 0.259472 -0.439159 1.52662
598 -0.237621 1.25215 -0.132011 0.556115 1.15623 0.150925 -0.416571 1.34643
938 0.160503 1.20507 -0.454187 0.871561 0.718274 -0.226965 -0.387484 1.20684
136 0.743367 1.46911 -1.01214 1.49408 0.490736 -0.511599 -0.604146 1.49392
300 0.0944706 1.5154 -0.239149 0.680047 0.697695 0.0109342 0.0254925 1.33523
467 0.364151 1.6533 0.482676 0.725003 0.719957 -0.102378 -0.108582 1.72525
275 0.105789 1.86348 0.54403 0.460638 0.891055 0.195712 -0.0275502 1.58787
6 -0.39887 2.07281 -0.801814 0.349586 1.18625 0.127333 -0.401395 0.781281
750 0.505453 1.42772 -0.22702 0.731717 0.937757 0.0248324 -0.329577 0.87151
167 0.423499 1.39803 -0.321176 0.749881 0.936996 -0.0268727 -0.31702 0.824333
711 0.256464 1.42238 -0.524164 0.761899 1.12379 0.0590908 -0.40732 1.13697
827 0.337995 1.50205 -0.319203 0.752303 0.988949 -0.0796582 -0.371002 1.23041
716 0.251745 1.22506 -0.471734 0.782225 0.912359 -0.108208 -0.429405 1.05456
905 0.350128 1.49879 -0.422333 0.840532 1.11338 0.0303425 -0.31256 1.15627
728 0.390529 1.32722 -0.472505 0.718578 1.07451 -0.0397526 -0.433316 1.14956
723 0.367021 1.26967 -0.429311 0.702625 0.96617 -0.0271168 -0.294167 1.07124
253 0.840332 1.81614 -0.413627 0.768445 1.15988 -0.123024 -0.282814 0.591746
962 0.500552 1.63697 -0.435453 0.863176 0.972227 -0.252671 -0.37909 0.781752
993 0.137167 1.49221 -0.330399 0.79522 1.10207 -0.0578047 -0.418009 1.25411
866 -0.00922546 1.37096 -0.411891 0.629985 0.698225 -0.403526 -0.427456 1.26535
235 -0.13183 1.34646 -0.535237 0.714336 0.638205 -0.688819 -0.492083 1.22495
227 -0.213621 1.44194 -0.48431 0.559191 0.826156 -0.754346 -0.572968 1.33293
218 -0.311252 1.38576 -0.339257 0.561452 0.726177 -0.757192 -0.568427 1.46351
288 0.027539 1.38236 -0.349955 0.75005 0.754298 0.231995 0.118546 1.53413
406 0.58402 1.58309 -0.313472 0.653825 0.919289 -0.0261141 -0.239698 0.610849
565 0.831403 1.79371 -0.300047 0.70197 0.975442 -0.0161494 -0.148868 0.617325
144 0.885237 1.87078 -0.367307 0.83655 1.05078 -0.0791114 -0.280031 0.541313
498 0.10553 1.52369 -0.346629 0.670791 0.874964 0.301172 0.302465 1.39919
68 -0.121383 1.48145 -0.682256 0.480311 0.7906 -0.071138 -0.371181 0.68327
708 0.464602 1.31799 -0.540711 0.871137 1.07866 -0.0151543 -0.48777 1.12243
979 0.0139697 1.47187 -0.406296 0.618596 0.831654 -0.0727771 -0.217211 1.02997
111 0.125491 1.21036 -0.401576 0.844361 0.938964 -0.14771 -0.451188 1.23769
519 0.0271198 1.09078 -0.372847 0.907815 1.30516 -0.254079 -0.581776 1.49397
517 0.216554 1.0836 -0.197666 1.16058 1.39152 -0.0723701 -0.449782 1.68897
776 0.212368 1.19209 -0.119959 0.889851 1.03067 -0.0584339 -0.377937 1.39584
757 0.120673 1.11229 -0.151618 0.887728 1.15393 -0.0817929 -0.392406 1.44714
369 0.189821 1.03252 -0.160553 0.770183 1.06997 -0.124143 -0.492896 1.18979
70 -0.329818 1.59245 -0.644419 0.32996 0.959095 0.026454 -0.313428 0.721251
57 -0.474741 1.88225 -0.69434 0.232523 1.20462 0.200616 -0.193091 0.843064
940 -0.0455378 1.54752 -0.500209 0.430352 0.875 -0.0268022 -0.21625 0.79987
539 -0.123947 1.83289 -0.679547 0.382996 1.10084 0.0793158 -0.346644 0.716207
849 0.211253 1.6719 0.119989 0.654961 0.758794 -0.0765885 -0.13273 1.29357
972 -0.0328665 1.63413 -0.223628 0.82993 0.438992 -0.192422 -0.231995 1.10831
862 -0.245378 1.84982 -0.0988514 0.921185 0.257446 -0.305816 -0.202176 1.14573
121 0.112559 1.20109 -0.550865 0.733008 0.631363 -0.320475 -0.427582 1.00451
834 0.159713 1.40139 -0.580273 1.14948 0.40674 -0.379829 -0.410596 1.34311
69 -0.102527 1.43756 -0.351867 0.560679 0.61083 0.0898187 0.251489 1.13478
146 0.646305 1.75563 -0.511063 0.687022 0.999849 -0.0100232 -0.322804 0.55336
404 0.0519577 1.24507 -0.284398 0.778426 1.05932 -0.0174272 -0.374201 1.14368
101 0.0330339 1.44279 -0.706642 0.782091 0.740697 -0.272305 -0.468426 1.09857
90 0.387033 1.48448 -0.713272 1.2803 0.358511 -0.555695 -0.483367 1.42181
765 0.280205 1.29789 -0.647993 0.994603 0.5315 -0.370966 -0.404032 1.17556
116 0.39548 1.24112 -0.593062 0.933 0.586994 -0.300526 -0.430006 0.986847
856 0.290349 1.36461 -0.891493 1.41796 0.48488 -0.623328 -0.626123 1.43457
545 0.252291 1.30349 -0.92167 1.24472 0.508484 -0.484689 -0.573476 1.32364
784 0.262146 1.36598 -0.66821 1.13219 0.525067 -0.3787 -0.376252 1.57899
481 0.124542 1.57127 0.0839705 0.660941 0.666697 -0.0834191 -0.237557 1.17914
858 0.24925 1.58569 -0.25399 0.70176 0.733518 -0.0815499 -0.346089 1.21488
98 0.200861 1.26743 -0.605556 1.01471 0.521887 -0.439859 -0.477896 1.19874
217 0.264224 1.30621 -0.769305 1.00693 0.581718 -0.557911 -0.43802 1.31759
95 0.451502 1.20199 -0.702393 1.06476 0.50478 -0.420328 -0.438803 1.32552
105 0.266674 1.31232 -0.798544 1.02736 0.502814 -0.386756 -0.578983 1.2517
949 0.305275 1.3017 -0.775066 0.977427 0.566926 -0.382441 -0.505556 1.2297
506 -0.0180335 1.4202 -0.302607 0.683331 0.557606 0.0387145 0.0784146 1.3635
428 0.106717 1.56824 -0.398435 0.814236 0.748787 0.14085 0.0448765 1.42823
951 0.203385 1.46081 -0.281756 0.745353 0.749389 0.155504 0.0849927 1.15816
280 -0.0989266 1.76026 -0.511166 0.676309 0.663269 0.430704 0.630735 1.59659
572 0.0872306 1.56227 -0.168366 0.696401 0.641086 0.0624366 0.227175 1.36491
942 0.258772 1.34606 -0.337266 0.737507 0.884185 -0.0974364 -0.237021 1.05274
683 -0.398705 1.97553 -0.25523 1.00785 0.366195 -0.54068 -0.261349 1.24054
697 -0.281118 1.90154 -0.311595 0.838476 0.443479 -0.208234 -0.160756 0.983538
258 0.433191 1.61791 -0.430937 0.812007 0.674377 -0.210123 -0.280951 0.690611
425 0.253799 1.45862 -0.324929 0.671658 0.729701 0.139225 0.0116085 1.08081
423 -0.0236733 1.42395 -0.25887 0.758464 0.93347 0.111472 -0.101286 1.33801
429 0.0168528 1.71244 -0.420368 0.870688 0.587518 -0.00596725 0.0932797 1.25148
427 0.0698684 1.24345 -0.327338 0.716131 0.875631 0.0457432 -0.188523 1.18405
523 0.0427567 1.08525 -0.217759 0.888511 1.21917 -0.133841 -0.471347 1.42543
801 0.0406335 1.3146 -0.309603 0.66655 0.671347 -0.479038 -0.420462 1.24607
956 0.0509422 1.40096 -0.325659 0.681539 0.733577 -0.344304 -0.392914 1.20882
881 -0.0268801 1.40896 -0.382272 0.639487 0.739604 -0.350408 -0.290652 1.20067
231 -0.0285269 1.26458 -0.351937 0.555195 0.655529 -0.924638 -0.529346 1.43063
252 0.653536 1.7672 -0.510623 0.828561 0.927162 -0.260611 -0.334009 0.647378
110 0.253972 1.03075 -0.575536 0.952105 0.53255 -0.200141 -0.421802 1.20078
43 0.129348 1.2232 -0.66924 0.692136 0.56111 -0.286057 -0.391344 0.980587
189 -0.379272 2.12727 -0.249194 1.1023 0.243408 -0.345506 -0.112224 1.0509
867 -0.0450549 1.37195 -0.388022 0.628025 0.687679 -0.533741 -0.507061 1.22762
970 0.0542799 1.44511 -0.339122 0.78324 0.728794 -0.492465 -0.445902 1.18503
106 0.527351 1.50667 -0.556745 0.825582 0.758914 -0.231725 -0.358738 0.84818
269 0.60594 1.54578 -0.387861 0.719443 0.870949 -0.185641 -0.182297 0.610914
143 0.584563 1.67915 -0.394668 0.875793 0.797722 -0.19768 -0.36259 0.601833
741 0.533657 1.61787 -0.469106 0.700937 0.983212 -0.0129315 -0.287126 0.556921
782 0.26307 1.44077 -0.617665 1.30996 0.289891 -0.49123 -0.364426 1.2649
31 -0.295259 1.57396 -0.613175 0.281424 1.10264 -0.0238596 -0.440089 0.821934
383 -0.438023 1.82573 -0.741734 0.251517 1.11453 -0.125721 -0.353259 0.734311
17 -0.426424 1.947 -1.03099 0.325458 1.23671 0.0592419 -0.339309 0.721755
851 -0.0190852 1.42059 -0.187473 0.819799 1.02621 -0.0305756 -0.446409 1.36436
690 -0.177857 1.763 -0.277548 0.878656 0.401194 -0.266297 -0.231271 0.910023
407 0.387245 1.47767 -0.340603 0.656936 0.862829 -0.257922 -0.337818 0.874404
622 -0.18899 1.33171 -0.276724 0.375372 1.02254 0.0327341 -0.272465 0.898164
45 -0.225097 1.6867 -0.538525 0.494747 0.791238 -0.122897 -0.207783 0.675369
188 -0.0381729 1.79731 -0.230877 0.879037 0.440087 -0.312364 -0.123224 1.05216
703 0.0386433 1.69921 -0.290753 0.795507 0.519893 -0.275849 -0.283354 0.97098
998 -0.101325 1.86821 -0.328182 1.00887 0.61352 -0.292544 -0.366538 1.21726
807 0.096392 1.56363 -0.432156 1.03735 0.572968 -0.32138 -0.378291 1.19898
794 0.21377 1.38655 -0.0972125 0.671628 0.696676 -0.111048 -0.217963 1.16081
553 0.278904 1.36254 -0.0574188 0.772761 0.597643 -0.0527605 -0.236356 1.26759
712 0.289556 1.42362 -0.36166 0.8459 1.02716 -0.0733674 -0.410605 1.1547
332 0.15009 1.41204 0.180895 0.557429 0.669523 0.00187962 -0.0374879 1.3366
614 0.150564 1.44944 0.229553 0.637954 0.744595 0.0596238 -0.160588 1.30826
540 -0.172416 1.21632 -0.284741 0.688966 1.33221 -0.0196894 -0.615031 1.29807
995 0.0598812 1.44356 -0.331892 0.941881 0.99496 -0.198988 -0.500407 1.42156
33 0.0848555 1.71127 -0.543529 0.618331 0.970996 -0.10129 -0.347813 1.07836
677 0.0637521 1.21758 -0.223463 0.861666 1.08474 -0.0842602 -0.384617 1.43898
821 0.0666908 1.39695 0.134704 0.535469 0.550517 0.000419472 -0.244807 1.17807
247 0.320964 1.69861 0.470851 0.501537 0.85941 0.0735165 -0.089418 1.44614
824 0.1711 1.19221 0.102036 0.59331 0.599433 -0.107739 -0.100089 1.15674
864 -0.173947 1.62199 -0.0830685 0.799543 0.410318 -0.164934 -0.103755 1.07565
360 -0.337758 1.83495 -0.182824 0.86269 0.406892 -0.356433 -0.172034 1.0833
356 -0.256446 1.90537 -0.289704 0.876191 0.47733 -0.455839 -0.192793 1.16227
71 0.0781382 1.59941 -0.515948 0.549324 0.951795 0.0048206 -0.253429 0.728326
743 0.612494 1.63295 -0.377673 0.781309 0.947466 -0.0875784 -0.21602 0.781917
921 0.202741 1.65522 -0.409747 0.752479 0.698951 0.0896429 0.0941349 1.37666
241 0.0733537 1.29621 -0.416173 0.573843 0.7752 -0.467412 -0.535981 1.09617
815 0.0281076 1.13487 -0.43738 0.562743 0.73497 -0.599346 -0.611729 1.31577
378 0.509391 1.63941 -0.443185 0.767527 0.939044 -0.139045 -0.2461 0.560407
249 0.925032 2.10612 -0.433711 0.943953 1.22418 -0.0975356 -0.292296 0.602018
266 0.645158 1.78734 -0.33914 0.776901 1.15083 -0.0673199 -0.286084 0.778661
870 0.178711 1.38837 -0.605682 0.895174 0.764112 -0.251289 -0.461048 1.13838
672 0.300933 1.28596 -0.377833 0.751166 0.973557 -0.133845 -0.364643 0.978459
955 0.140657 1.38617 -0.333756 0.818837 1.01896 -0.0762496 -0.411757 1.13858
364 0.843039 1.86981 -0.453225 0.788771 1.07134 -0.0583607 -0.412882 0.594276
492 0.333685 1.52471 -0.402924 0.808628 1.06116 -0.06063 -0.384034 1.16967
973 0.0413711 1.50073 -0.371558 0.773179 0.903304 -0.209726 -0.290479 1.40359
138 0.837406 1.9413 -0.362308 0.761738 1.2656 0.00516363 -0.289302 0.500217
483 0.3007 1.33078 0.0489612 0.544496 0.793732 0.0227959 -0.0982158 1.15803
817 0.174466 1.67797 -0.118472 0.782597 0.950247 -0.0342464 -0.101088 1.32852
819 0.113271 1.52162 -0.240464 0.614747 0.808087 -0.224749 -0.31846 1.25024
338 0.27925 1.56813 0.122972 0.608647 0.753934 0.00544057 -0.169038 1.38892
335 0.0403247 1.5341 -0.0808029 0.686163 0.63642 -0.210132 -0.195672 1.17625
413 0.0408707 1.62828 -0.33432 0.775418 0.693261 0.141517 0.303746 1.46413
581 0.314664 1.32615 -0.588823 1.07577 0.723435 -0.373902 -0.541619 1.41243
61 0.15698 1.41156 -0.743127 0.728471 0.827551 -0.0962856 -0.595059 1.04371
843 0.247016 1.46483 -0.574245 0.890244 0.615047 -0.264103 -0.427016 1.11683
109 0.284672 1.47253 -0.617693 0.896387 0.741802 -0.237895 -0.423503 1.13502
556 -0.182658 1.77949 -0.00397314 0.928943 0.282957 -0.20934 -0.0498011 1.18786
585 -0.06616 1.69001 -0.306699 0.978328 0.293819 -0.300844 -0.234032 1.16734
340 -0.335908 2.39722 0.149366 1.10109 0.263239 -0.324049 -0.198871 1.27366
347 0.0601566 1.83193 -0.251355 0.815837 0.546857 -0.182989 -0.218222 0.880778
216 -0.0757224 1.45886 -0.40478 0.600995 0.702823 -1.08989 -0.565607 1.50862
278 0.0100982 1.57629 -0.483087 0.596087 0.703652 0.256683 0.519562 1.78171
297 -0.0410245 1.53827 -0.227614 0.660637 0.837419 0.0562326 -0.0821012 1.38385
292 0.0625294 1.62638 -0.457395 0.788127 0.843641 0.00676184 0.041807 1.3482
868 -0.0289028 1.4508 -0.336138 0.714656 0.729682 -0.101908 -0.103197 1.1972
290 0.0107642 1.50362 -0.400565 0.824694 0.622238 -0.0660112 0.14589 1.47934
306 0.0564523 1.52624 -0.103128 0.612126 0.712487 0.0470218 0.133403 1.40543
953 0.0863276 1.5621 -0.321349 0.73728 0.806827 0.0516073 0.113636 1.25554
267 0.657512 1.58441 -0.341011 0.645081 1.0369 -0.0296523 -0.265463 0.45115
543 0.0336764 1.59196 -0.5196 0.416482 0.952292 -0.00110033 -0.332153 0.658987
489 0.538336 1.58188 -0.240467 0.657404 0.95159 0.00744767 -0.24647 0.765594
490 0.538614 1.62243 -0.279753 0.724749 1.10851 0.0624699 -0.312868 0.742435
374 0.887348 1.82653 -0.362782 0.784879 1.00691 -0.0110798 -0.243007 0.583853
221 -0.127389 1.48401 -0.47803 0.702378 0.655449 -0.844433 -0.560885 1.50951
894 0.136447 1.31906 -0.503253 1.00827 0.575961 -0.285328 -0.318697 1.40358
725 0.103638 1.27548 -0.501184 0.962271 0.554722 -0.336537 -0.406021 1.19121
673 0.105272 1.38901 -0.508755 0.947049 0.778079 -0.326734 -0.391443 1.3238
233 -0.109726 1.39961 -0.613025 0.451222 0.72383 -0.595609 -0.419567 1.07682
965 0.367708 1.38399 -0.463147 0.959563 0.668259 -0.218992 -0.36736 1.30624
948 0.128628 1.32871 -0.530096 0.969506 0.689838 -0.243388 -0.483751 1.43075
655 -0.089988 1.37481 -0.271824 0.573896 1.00235 0.0378447 -0.449555 1.16437
891 -0.280174 1.32497 -0.146467 0.547036 1.09897 0.0404833 -0.466482 1.30059
451 -0.368262 1.16176 0.000843097 0.462087 1.29646 0.222627 -0.581423 1.42176
385 -0.125828 1.89065 -0.569 0.398928 1.03117 0.0126878 -0.227973 0.606828
954 -0.276439 1.80813 -0.602342 0.455722 0.852096 -0.00907316 -0.165594 0.704219
14 -0.574632 1.93432 -0.801349 0.353713 0.923454 -0.0991472 -0.360024 0.881117
333 0.248498 1.36782 0.291974 0.53882 0.730546 -0.0591525 -0.162796 1.18748
528 0.209664 1.29522 0.268812 0.676943 0.93018 -0.00114977 -0.182579 1.37462
927 0.009571 1.38772 -0.332311 0.578377 0.600211 0.228239 0.262634 1.20089
35 -0.145508 1.48034 -0.480235 0.410379 0.959315 -0.0864652 -0.273818 0.812952
546 -0.362114 1.73551 -0.59653 0.296695 1.18035 0.0906949 -0.263076 0.777163
542 -0.216327 1.46814 -0.514113 0.47828 0.96624 -0.0116636 -0.263981 0.754764
599 0.300925 1.65871 -0.229087 0.657678 0.833818 -0.0719558 -0.33828 0.742955
873 0.1357 1.42002 -0.114885 0.687274 0.770037 -0.0715059 -0.116277 1.1791
36 -0.16254 1.42763 -0.441534 0.468617 1.00341 0.0441038 -0.323752 0.906501
550 -0.0784328 1.6804 -0.451272 0.561668 1.03285 0.0146518 -0.317609 0.84136
674 0.0817789 1.25846 -0.117327 0.804379 0.997702 -0.0582233 -0.287874 1.23777
529 0.0973658 1.1295 -0.335621 0.982843 1.10065 -0.182342 -0.50375 1.36192
682 -0.248488 2.13714 -0.309519 1.17204 0.133304 -0.43465 -0.216668 0.997395
795 -0.256794 1.47971 -0.24292 0.817638 0.282568 -0.292441 -0.17774 0.943857
178 -0.61269 2.25451 -0.34498 1.01735 0.219789 -0.429607 -0.160365 0.965387
759 -0.144604 1.2713 -0.22964 0.755185 1.1567 -0.0657362 -0.514353 1.33145
575 0.113733 1.49737 -0.37242 0.750273 0.789969 0.0282813 -0.0432998 1.14825
659 0.537717 1.57085 -0.377769 0.720983 0.859957 -0.0779773 -0.203728 0.692753
809 -0.369054 1.87708 -0.893183 0.344851 1.18141 0.100262 -0.263386 0.572177
537 0.52101 1.7498 -0.455284 0.773913 1.2248 -0.0191199 -0.385744 0.5572
37 -0.267406 1.61365 -0.632763 0.383297 0.880963 -0.00262263 -0.319704 0.739774
49 -0.162166 1.38146 -0.44664 0.362532 0.833252 -0.0489008 -0.143736 0.63266
476 0.299377 1.41035 0.0810038 0.537941 0.698811 0.0251535 -0.11253 1.1651
124 0.107508 1.16978 -0.525361 0.905375 0.627516 -0.356387 -0.510497 1.29853
103 0.301179 1.39435 -0.115748 0.825904 0.684394 -0.17095 -0.359381 1.34416
477 0.242361 1.33505 0.0483442 0.646161 0.609337 0.0256443 -0.111547 1.29067
312 0.496856 1.95968 0.737777 0.699955 0.782917 0.124019 -0.0916896 1.7047
193 -0.0962063 1.65932 -0.159469 0.813022 0.50168 -0.152776 -0.181396 1.0741
941 -0.0270943 1.52794 -0.274156 0.79199 0.544538 -0.317671 -0.32474 1.14068
342 -0.348094 2.15067 -0.262078 0.896397 0.361046 -0.449844 -0.143098 1.13134
688 -0.248393 1.77025 -0.285103 0.907247 0.240544 -0.315114 -0.0596218 1.06416
162 0.517093 1.38847 -0.278121 0.702688 0.782573 -0.0844441 -0.356411 0.615559
493 0.4429 1.49068 -0.361366 0.673044 0.947216 -0.13184 -0.30885 0.650492
882 0.183119 1.40632 0.209383 0.548219 0.833302 0.00998801 -0.183777 1.38648
649 -0.114691 1.41863 -0.395221 0.61003 0.543959 -0.423043 -0.477769 1.15472
255 0.171365 1.47619 -0.339104 0.561161 0.768549 0.228186 0.298838 1.20204
661 0.478336 1.54533 -0.375635 0.636906 0.749486 -0.0997391 -0.289026 0.489805
186 -0.190967 1.94291 -0.209405 0.986631 0.339826 -0.236632 -0.242113 0.992868
196 -0.331847 1.61521 -0.284925 0.781331 0.4227 -0.285436 -0.172074 0.978263
190 -0.495402 1.81644 -0.158001 0.848961 0.195388 -0.364228 -0.166988 0.969965
777 0.190406 1.48951 0.017428 0.608222 0.738441 -0.0533423 -0.0942722 1.22123
142 0.785631 1.77228 -0.437668 0.788345 0.972003 0.057851 -0.230461 0.560762
869 0.177865 1.30062 -0.0465904 0.69542 0.65898 -0.106336 -0.199742 1.24616
650 0.227257 1.37442 0.0623086 0.515839 0.806324 -0.0454841 -0.183543 1.28725
816 0.00181645 1.23954 -0.342581 0.663745 0.689276 -0.382646 -0.412084 1.16103
479 0.21809 1.41144 0.165127 0.599832 0.708478 -0.131936 -0.270241 1.31015
245 0.0568185 1.38769 -0.339155 0.629466 0.871806 -0.363094 -0.430336 1.07782
813 0.113138 1.27491 -0.457215 0.641552 0.689448 -0.700215 -0.550312 1.18156
814 -0.0317399 1.40272 -0.389344 0.663983 0.654211 -0.530106 -0.444474 1.24262
246 -0.109461 1.30814 -0.336066 0.51289 0.823602 -0.354772 -0.396371 1.27021
645 -0.00741915 1.39354 -0.296397 0.64628 0.788216 -0.274768 -0.388983 1.28544
480 0.353652 1.58718 0.0727431 0.67059 0.75735 0.00337426 -0.131102 1.11046
611 0.070887 1.728 -0.145216 0.685608 0.914801 -0.048616 -0.18279 1.32645
915 0.00214325 1.48217 -0.436437 0.723014 0.783093 -0.233339 -0.167802 1.15153
883 -0.00742722 1.29739 -0.286183 0.731695 0.835496 -0.0595406 -0.370305 1.18608
885 0.00508988 1.11951 -0.283949 0.67205 0.95069 -0.245616 -0.475626 1.32506
373 0.59112 1.57916 -0.293725 0.636315 0.83253 -0.112894 -0.246581 0.58938
321 0.280388 1.67669 0.459902 0.651014 0.80016 -0.0253377 -0.138442 1.57243
930 0.454617 1.36193 -0.677831 1.24788 0.464701 -0.562522 -0.622902 1.36653
799 -0.100135 1.39353 -0.444582 0.650531 0.701368 -0.783346 -0.68886 1.31569
770 0.00615548 1.4134 -0.412023 0.69461 0.742093 -0.511126 -0.441103 1.35893
950 0.12041 1.53129 -0.44417 0.657894 1.15849 -0.0523619 -0.53587 1.13262
986 -0.0492963 1.50965 -0.177631 0.614377 1.34588 0.0274282 -0.471522 1.34126
244 -0.208989 1.12555 -0.159237 0.465019 1.06573 -0.178588 -0.430056 1.27166
120 -0.110719 1.04191 -0.255013 0.479786 0.98361 0.127603 -0.380319 1.11339
719 0.201416 1.51263 -0.428177 0.788784 0.899653 -0.0514702 -0.335216 1.19324
707 0.458684 1.47432 -0.597861 0.839593 1.1269 0.0262249 -0.31054 1.14157
602 -0.285241 1.32001 -0.0989376 0.51954 1.39124 0.171111 -0.592044 1.33035
621 -0.139945 1.45749 -0.511102 0.46533 0.935127 -0.0140154 -0.271699 0.875022
925 -0.357026 1.42408 -0.287697 0.464379 1.32001 0.105272 -0.468697 1.21997
594 -0.203267 1.38187 -0.0527804 0.51066 1.55734 0.247648 -0.674315 1.32737
652 0.0904252 1.04255 -0.327661 0.64065 1.1879 0.119894 -0.477531 1.24102
440 -0.396776 1.35303 -0.058248 0.521213 1.55009 0.206506 -0.535614 1.60301
609 -0.293155 1.27128 -0.0735418 0.535866 1.38576 0.197545 -0.634384 1.50081
595 -0.388765 1.40968 -0.134405 0.493608 1.34645 0.201887 -0.595549 1.25817
362 -0.28365 1.3714 -0.0905151 0.436721 1.79077 0.298901 -0.68682 1.51517
448 -0.182699 1.22678 -0.0433476 0.493151 1.21013 0.0945544 -0.459072 1.2568
632 -0.236048 1.26572 -0.111893 0.439207 1.14452 0.12836 -0.490752 1.24099
527 0.166846 1.32424 -0.354401 0.934977 1.27285 -0.155574 -0.446095 1.36568
671 0.0913795 1.26908 -0.272576 0.938769 1.26933 -0.0744038 -0.500261 1.49198
455 -0.230257 1.25825 -0.0406842 0.451536 1.29809 0.204758 -0.469486 1.36006
445 -0.33006 1.25985 -0.152989 0.473017 1.51644 0.135497 -0.62332 1.44741
148 0.718577 1.70764 -0.373899 0.725455 0.989339 -0.0733457 -0.248866 0.512625
265 0.401852 1.63997 -0.442437 0.690826 0.779116 -0.0618742 -0.309546 0.6489
730 0.238877 1.10991 -0.542481 0.54959 1.26489 0.0316566 -0.479641 1.1642
46 0.0644323 1.30947 -0.518637 0.668645 0.707195 -0.272946 -0.36222 0.992963
871 0.216028 1.39434 -0.605446 0.874373 0.635371 -0.319522 -0.433325 1.08898
946 0.267591 1.37517 -0.184452 0.665673 0.867389 -0.0850461 -0.284916 1.079
156 0.443062 1.55944 0.282622 0.609333 0.890205 0.185425 -0.216016 1.13778
228 -0.236331 1.47288 -0.485619 0.68857 0.679345 -0.70418 -0.582324 1.35441
587 0.291314 1.29503 -0.591793 0.995339 0.657321 -0.34256 -0.475125 1.37069
436 -0.198448 1.38622 -0.0349812 0.465261 1.77257 0.275765 -0.739281 1.48259
903 0.0839025 1.17457 -0.459418 0.616253 0.685794 -0.482384 -0.423945 1.20196
808 -0.194264 1.80056 -0.613894 0.387899 1.09215 0.0200573 -0.341231 0.678639
624 -0.0715767 1.66715 -0.567556 0.444667 0.971381 -0.05681 -0.225565 0.617387
617 -0.0624082 1.55764 -0.538147 0.671384 0.772269 -0.430778 -0.417313 1.17254
73 -0.192255 1.50788 -0.509852 0.28863 0.932593 0.115966 -0.310373 0.68942
872 0.18535 1.48414 0.0811883 0.567351 0.87566 -0.0140397 -0.218961 1.20801
63 0.496064 1.58626 -0.482357 0.594658 0.907438 -0.0598427 -0.27551 0.389381
256 0.663752 1.67119 -0.328103 0.81997 0.923438 -0.114845 -0.251204 0.641213
914 -0.0831386 1.43938 -0.37429 0.531626 0.706487 -0.54272 -0.429735 1.11714
509 -0.116113 1.43931 -0.269936 0.742491 0.614523 0.101357 0.12531 1.3719
180 -0.4762 1.82649 -0.128738 1.05728 0.456626 -0.225496 -0.202069 1.21984
699 -0.387313 1.89383 -0.200928 1.02477 0.199855 -0.319148 -0.220891 1.12341
693 -0.254094 1.71196 -0.0967457 0.962991 0.197288 -0.278278 -0.214924 1.03001
619 -0.423408 1.61279 -0.714193 0.280066 1.14484 0.115853 -0.275801 0.638145
701 -0.222155 1.66251 -0.195334 0.694959 0.296968 -0.223066 -0.186637 0.935998
675 0.0834233 1.08072 -0.169777 0.769222 1.14518 -0.00565012 -0.464896 1.37368
584 0.315833 1.35488 -0.597435 1.04791 0.571793 -0.460606 -0.507439 1.28187
337 0.177614 1.52622 -0.00288196 0.626634 0.773889 -0.0596999 -0.111516 1.24129
625 -0.130351 1.38786 -0.487498 0.379133 0.818103 -0.117149 -0.320813 0.803403
40 -0.207157 1.56188 -0.549488 0.361257 1.00506 0.0460954 -0.2645 0.745326
264 0.539096 1.63827 -0.264395 0.765702 0.904744 -0.00183067 -0.186479 0.709983
620 -0.107056 1.25673 -0.316779 0.426854 0.960245 0.0237189 -0.268889 0.897452
442 -0.428636 1.28805 -0.0522452 0.454328 1.29406 0.200535 -0.57589 1.44745
597 -0.121575 1.19597 -0.0535443 0.500829 1.27733 0.104149 -0.522604 1.26482
783 0.344989 1.29729 -0.584083 1.09171 0.633329 -0.4367 -0.549237 1.30641
835 0.100411 1.2381 -0.567559 0.981208 0.413063 -0.366764 -0.419725 1.23587
166 0.423328 1.37858 -0.45072 0.761738 0.709181 -0.14134 -0.401456 0.912898
735 0.200408 1.20926 -0.488016 0.784022 0.772315 -0.204289 -0.353992 1.07405
846 0.241399 1.35134 -0.547875 0.751425 0.921786 -0.14242 -0.419201 1.1016
773 0.509146 1.63018 -0.369087 0.837966 0.941728 -0.0782431 -0.293698 0.674513
268 0.624076 1.44597 -0.401237 0.655653 0.902076 0.0279197 -0.164797 0.678797
305 0.00185533 1.4966 -0.338607 0.692548 0.680894 0.0413616 0.0964499 1.28648
844 0.246285 1.35479 -0.47814 0.815962 0.63084 -0.193206 -0.331268 1.13633
555 0.287051 1.52975 0.064238 0.657921 0.824714 -0.0160177 -0.162048 1.14591
388 -0.163336 1.6953 -0.661506 0.402342 0.894989 -0.0268897 -0.291432 0.571395
990 0.170136 1.6071 -0.29295 0.68168 0.749414 0.0656794 0.0276306 1.19592
507 0.062061 1.577 -0.322698 0.600662 0.760813 0.063594 0.110837 1.22599
295 -0.112795 1.53943 -0.240522 0.856943 0.391702 -0.139143 -0.0340437 1.02864
863 -0.0152758 1.92607 -0.127113 0.883015 0.342146 -0.319048 -0.235813 0.890962
929 -0.18404 1.59432 -0.231517 0.7266 0.372913 -0.211386 -0.208349 0.922329
307 -0.145265 1.59984 -0.309452 0.822749 0.363685 -0.0716096 0.0337154 1.07011
761 -0.152019 1.19806 -0.239552 0.380797 1.00212 0.106627 -0.281428 1.20751
648 -0.228762 1.11834 -0.141647 0.479864 1.06593 0.030024 -0.5031 1.29412
122 -0.145253 1.06615 -0.266313 0.498429 1.08738 0.0594386 -0.675319 1.38874
102 0.448609 1.19289 -0.738308 1.16382 0.517955 -0.369628 -0.591043 1.28195
739 0.773249 1.69473 -0.433496 0.861125 1.09024 -0.156743 -0.371388 0.769035
137 0.874365 1.97705 -0.490131 0.757136 1.09247 0.053846 -0.453003 0.471303
437 -0.0898655 1.00559 -0.260196 0.945934 1.52586 -0.0557878 -0.72627 1.71341
552 0.220397 1.67153 0.498969 0.551044 0.755508 -0.0210332 -0.0667694 1.40506
532 0.0767188 1.25628 -0.276023 0.974274 1.19568 -0.119507 -0.467234 1.49468
647 0.130943 1.35456 -0.341776 0.557348 0.710016 -0.386236 -0.455296 1.05074
234 -0.161145 1.2854 -0.397779 0.635031 0.587794 -0.753145 -0.449565 1.2267
456 -0.145731 1.13923 0.00891785 0.514776 0.948879 0.0788962 -0.397246 1.27511
104 0.251797 1.31382 -0.532689 0.872175 0.803308 -0.244018 -0.484286 1.23185
857 0.236329 1.24697 -0.565172 0.920912 0.581948 -0.276572 -0.468371 1.29265
175 -0.463478 2.0342 -0.16741 1.2186 0.147256 -0.402433 -0.33043 1.29042
818 0.20862 1.62834 0.0112515 0.645447 0.801388 0.0192388 -0.129118 1.38797
906 0.163144 1.27564 -0.403001 0.67142 0.905388 -0.128729 -0.32716 1.06337
833 0.347454 1.39048 -0.370858 0.649274 0.994066 -0.100676 -0.288026 0.976187
971 -0.200437 1.60389 -0.318016 0.882844 0.323732 -0.307176 -0.196916 1.01303
345 -0.498867 1.40085 0.0409052 0.522101 1.26541 0.198037 -0.407307 1.33471
924 0.11224 1.43673 -0.512824 0.944642 0.787022 -0.278091 -0.553188 1.38269
669 0.0651748 0.948389 -0.392252 0.980158 1.08174 -0.0933898 -0.563798 1.45327
222 -0.0888451 1.569 0.0544468 0.415951 1.03475 -0.037278 -0.105828 1.18632
348 -0.254871 1.82889 -0.120375 0.943713 0.274899 -0.306039 -0.176999 1.07701
294 0.0589688 1.48947 -0.289056 0.822466 0.763778 0.134084 0.221989 1.39853
58 -0.415228 1.87881 -0.506794 0.414476 0.788975 -0.0219712 -0.279404 0.646929
752 -0.116669 1.37761 -0.254066 0.61362 1.30883 0.0690829 -0.485779 1.17575
907 0.4311 1.48156 -0.399568 0.7516 1.15431 0.0337503 -0.337563 1.0871
944 0.109212 1.54061 -0.433141 0.724703 0.97709 -0.0389335 -0.362367 1.15441
845 0.24979 1.53517 -0.410474 0.78041 0.856436 -0.0539122 -0.282936 1.12865
206 -0.0903709 1.61592 -0.231277 0.854926 0.42624 -0.281672 -0.203579 0.836141
236 -0.0909801 1.21646 -0.314923 0.491996 0.554236 -0.47371 -0.394737 1.06004
748 -0.112837 1.59721 -0.658071 0.455001 0.960304 -0.0527635 -0.370672 0.839553
453 -0.267922 1.2285 -0.138764 0.458058 1.10829 0.121574 -0.417226 1.25729
530 0.116344 1.24699 -0.282798 0.844009 1.17547 -0.0635162 -0.416378 1.30725
830 0.229301 1.38599 -0.347137 0.75432 0.909173 -0.0957205 -0.319104 1.03922
888 0.165686 1.61369 -0.396902 0.804444 0.690707 -0.0621113 -0.0255149 1.15499
865 0.0371095 1.49356 -0.418232 0.583427 0.800857 -0.481105 -0.457157 0.999979
715 0.172051 1.22985 -0.331646 0.75116 0.960232 -0.031723 -0.455591 1.10061
547 0.187666 1.4081 -0.643503 0.658793 0.892743 -0.0208501 -0.327483 0.771662
731 0.325956 1.26058 -0.327139 0.675394 0.892709 -0.190856 -0.376008 1.12376
689 -0.191304 1.70252 -0.196042 0.995118 0.299663 -0.307459 -0.218854 1.02748
354 -0.1792 1.66629 -0.152668 0.785596 0.346666 -0.248801 -0.0964153 1.02895
840 0.0936973 1.48151 -0.324918 0.819761 0.877969 -0.145704 -0.331971 1.24384
535 0.0547397 1.4156 -0.432153 0.693819 1.08599 -0.100028 -0.267169 1.14873
465 0.311889 1.67424 -0.453409 0.682794 1.05286 -0.0604234 -0.248891 0.837379
878 -0.232835 1.59091 -0.169826 0.681982 0.547873 -0.210868 -0.205297 1.02849
203 0.0104461 1.65693 -0.302919 0.887241 0.544136 -0.173729 -0.189145 0.91385
201 -0.32593 1.68612 -0.232903 0.802471 0.349133 -0.517563 -0.234928 1.024
811 -0.114891 1.57662 -0.663797 0.479582 0.921114 -0.0939821 -0.375872 0.758612
778 0.172995 1.3927 0.228209 0.519962 0.729223 0.0772442 -0.219518 1.33677
438 -0.430699 2.02491 -0.135095 0.911756 0.295332 -0.269974 -0.191671 1.22269
199 -0.0756273 1.59832 -0.18746 0.851249 0.43044 -0.2149 -0.254457 0.916421
926 -0.116183 1.36572 -0.245919 0.42603 1.20521 0.0529103 -0.419338 1.18179
744 0.546999 1.57107 -0.36581 0.736574 0.970953 -0.0642439 -0.31693 0.736997
772 0.460096 1.30591 -0.669575 1.07263 0.749063 -0.478741 -0.429669 1.03533
977 0.176134 1.74313 0.00869449 0.65138 0.90237 0.0467138 -0.113915 1.26018
194 -0.330954 1.67529 -0.149373 0.896212 0.281012 -0.244414 -0.0369673 1.02709
331 0.207868 1.55459 0.131913 0.614543 0.730681 -0.0773773 -0.193601 1.20002
93 0.512313 1.35127 -0.795125 1.1335 0.508553 -0.426902 -0.611455 1.33111
936 0.173497 1.28951 -0.405714 0.712309 0.855734 -0.0863728 -0.266808 1.03343
792 0.381367 1.21632 -0.570513 1.04805 0.52473 -0.294051 -0.502235 1.26264
420 0.149673 1.36707 -0.635175 1.03936 0.68794 -0.32545 -0.417343 1.38645
197 -0.18338 1.80309 -0.116913 0.857839 0.323591 -0.284095 -0.175295 1.0515
859 -0.0734044 1.98659 -0.0507119 1.04062 0.176321 -0.236597 -0.130293 1.23728
242 -0.106309 1.34752 -0.433318 0.534038 0.778058 -0.47227 -0.444558 1.0849
411 0.0255551 1.60856 -0.253175 0.656638 0.918582 0.310646 0.140117 1.54101
548 -0.284347 1.77594 -0.614071 0.401815 1.02367 0.0913282 -0.382381 0.710329
21 -0.539306 1.95778 -0.712784 0.331924 1.26848 0.0960882 -0.288378 0.762495
590 0.228629 1.23725 -0.528615 0.911964 0.775077 -0.196561 -0.446973 1.34583
600 -0.24199 1.09367 -0.294781 0.531705 1.18623 -0.0107208 -0.705045 1.4307
606 -0.443864 1.14909 -0.0475972 0.417808 1.05866 0.082703 -0.399208 1.2448
491 0.033194 1.26969 -0.115632 0.518764 1.19704 0.0902416 -0.476956 1.02838
832 0.217061 1.4506 -0.316232 0.784113 0.939263 -0.0713037 -0.286539 1.17086
159 0.505106 1.56634 -0.356873 0.752188 0.8561 -0.0722896 -0.272815 0.728856
981 0.353273 1.55035 -0.294961 0.699912 0.904318 -0.0646999 -0.275338 0.82983
613 0.189344 1.62179 -0.0672585 0.715793 0.94564 -0.0723926 -0.257489 1.2329
992 0.151041 1.35932 -0.309958 0.866456 1.0844 -0.117109 -0.404713 1.4305
633 -0.236604 1.18847 -0.0573755 0.563788 1.32033 0.0993483 -0.540842 1.33387
484 0.191616 1.47201 -0.094253 0.640091 0.740491 -0.0231222 -0.194958 1.15934
64 -0.03083 1.06926 -0.285246 0.794175 1.23177 -0.11237 -0.498979 1.1399
608 -0.347664 1.15781 -0.111723 0.495853 1.06768 0.119937 -0.554864 1.27903
842 0.0980993 1.40231 -0.559857 0.851909 0.496427 -0.324383 -0.366771 1.19177
749 0.75114 1.72089 -0.390907 0.802053 1.02433 -0.185989 -0.309661 0.594029
336 0.103325 1.52249 -0.026105 0.592942 0.812826 0.0557437 -0.157553 1.14692
520 0.154948 1.37761 -0.276261 0.869951 0.997341 -0.045097 -0.409571 1.27821
963 0.174094 1.27199 -0.305639 0.896481 0.910575 -0.256196 -0.380479 1.25715
510 0.012487 1.36315 -0.354339 0.671859 0.653971 0.0569311 -0.038062 1.30867
922 -0.0363491 1.24664 -0.248121 0.576643 0.851221 -0.00749574 -0.0824624 1.0923
254 0.0563825 1.40253 -0.274554 0.58001 1.03475 0.0827622 -0.344462 1.04947
916 -0.115505 1.39287 -0.356576 0.537185 1.09551 0.0437703 -0.385983 1.13911
78 -0.117492 1.43921 -0.581896 0.440909 0.874147 0.00800648 -0.319423 0.679651
323 0.109376 1.68029 0.347138 0.616026 0.553315 0.0279943 0.0116439 1.34283
466 -0.0786642 1.50486 -0.579694 0.322916 0.965907 0.0545482 -0.323864 0.612344
439 -0.428389 1.29066 -0.149405 0.448711 1.56298 0.190944 -0.603649 1.38306
742 0.225755 1.33983 -0.0548823 0.588142 0.827298 -0.00314828 -0.155467 1.05062
329 0.116796 1.46646 0.100862 0.599851 0.884345 0.0792742 -0.202528 1.40742
450 -0.229551 1.26551 -0.23294 0.48181 1.17044 0.127458 -0.390529 1.18477
771 -0.0132696 1.30764 -0.399252 0.676065 0.732094 -0.427375 -0.357649 1.1032
769 0.0669777 1.40649 -0.435621 0.748238 0.747848 -0.318856 -0.345298 1.03448
820 0.318964 1.48952 -0.334565 0.684124 0.916082 -0.0865781 -0.336663 0.883194
262 0.557643 1.66033 -0.304139 0.685002 1.03692 -0.194333 -0.360848 0.811376
200 -0.210426 1.5266 -0.248951 0.749553 0.351928 -0.204269 -0.142416 0.970329
836 0.254977 1.36297 -0.49534 1.08133 0.556683 -0.41964 -0.443087 1.21043
475 0.310118 1.58461 0.317216 0.658076 0.646094 0.05592 -0.0250819 1.38173
567 0.737626 1.61142 -0.429558 0.717568 0.959266 -0.172674 -0.335355 0.648465
363 0.836822 1.84221 -0.468509 0.947921 1.12511 -0.108919 -0.462718 0.605663
892 -0.120648 1.12468 -0.0664522 0.432231 1.42459 0.256774 -0.483368 1.11932
895 0.0963714 1.41877 -0.495844 0.769643 0.721327 -0.196212 -0.330848 1.09652
119 0.392517 1.23939 -0.534317 0.884942 0.68774 -0.197455 -0.44106 1.01412
48 -0.301019 1.58253 -0.6209 0.360539 0.9397 0.0244251 -0.285503 0.582979
804 0.0562609 1.47854 -0.147038 0.675025 0.790122 -0.0986331 -0.162999 1.34412
947 0.583109 1.67031 -0.383973 0.791893 0.908976 -0.147273 -0.296754 0.552686
261 0.705325 1.64214 -0.310233 0.630988 0.957504 -0.271861 -0.260039 0.685871
889 0.121372 1.43522 -0.318997 0.61485 0.795106 0.0194572 -0.0591434 1.13304
898 0.100635 1.54877 0.0602935 0.481991 0.884974 0.123691 -0.139669 1.21809
596 -0.386259 1.29552 -0.259564 0.476355 1.15029 0.107636 -0.465216 1.13251
257 0.504513 1.60443 -0.400156 0.760955 0.720345 -0.197098 -0.231314 0.788487
931 0.163218 1.31205 -0.436512 0.912993 0.68153 -0.29769 -0.380848 1.19923
641 -0.104153 1.22521 -0.469873 0.575669 0.819859 -0.743939 -0.739532 1.43339
460 -0.436071 1.27767 -0.192282 0.463381 1.25921 0.10057 -0.561684 1.31262
848 0.202465 1.60584 0.0252129 0.646725 0.835744 -0.0469926 -0.137888 1.25936
850 0.160125 1.51317 -0.0598621 0.603207 0.791662 -0.144075 -0.158761 1.23517
746 0.190145 1.48191 0.271925 0.434374 0.666516 0.053368 -0.0476648 1.12277
151 0.820056 1.71782 -0.400898 0.791277 1.00834 -0.0629791 -0.301842 0.527309
150 0.558785 1.69454 -0.440712 0.630537 0.982328 0.0350204 -0.260452 0.425407
359 -0.151966 1.39252 -0.274798 0.866399 0.365317 -0.390764 -0.260926 1.05214
386 -0.288816 1.68198 -0.774891 0.282328 1.18062 0.132611 -0.219092 0.668666
879 -0.0854323 1.46039 -0.505774 0.768355 0.78532 -0.583191 -0.446669 1.25912
113 0.257654 1.31908 -0.633228 0.993878 0.563696 -0.297737 -0.446407 1.18627
987 0.485871 1.49701 -0.404381 0.71463 0.809931 -0.131772 -0.327019 0.662492
259 0.622618 1.59787 -0.425638 0.748343 0.939822 -0.150508 -0.300832 0.730171
250 0.678635 1.7703 -0.180495 0.707927 0.969083 0.0295658 -0.272718 0.567236
559 0.055017 1.16262 0.0718183 0.681626 0.770805 -0.0298597 -0.24573 1.25298
226 -0.408323 1.66704 -0.485692 0.632926 0.455193 -0.81331 -0.462914 1.32073
983 -0.205432 1.81625 -0.310756 0.886003 0.552986 -0.309407 -0.242065 1.22319
802 -0.112419 1.54658 -0.405494 0.723058 0.566556 -0.603337 -0.522371 1.32083
787 0.14156 1.36812 -0.473471 0.957227 0.583895 -0.356645 -0.467655 1.11045
100 0.478749 1.22939 -0.645914 0.996926 0.706489 -0.300846 -0.466729 1.10788
974 -0.00127018 1.48886 -0.434367 0.65279 0.776408 -0.411756 -0.410547 1.26479
568 0.478738 1.59469 -0.447443 0.657692 0.837381 -0.0433752 -0.380955 0.575807
141 0.64557 1.63752 -0.289045 0.727007 1.29636 0.0592261 -0.51135 0.765127
487 0.191907 1.33582 -0.022332 0.651527 0.673532 -0.0738525 -0.145475 1.23725
560 0.769891 1.84997 -0.489279 0.8078 0.996208 -0.0583093 -0.225134 0.728961
966 0.144123 1.44656 -0.0581191 0.711777 0.567553 -0.119041 -0.230513 1.13665
589 0.201796 1.28626 -0.627993 0.9413 0.489208 -0.290042 -0.519389 1.12358
685 -0.255444 2.0229 -0.130675 1.13094 0.19471 -0.292506 -0.15255 1.21727
240 0.08387 1.11001 -0.370095 0.585092 0.683275 -0.437008 -0.387428 1.12108
403 0.614143 1.57286 -0.527057 0.862568 1.00724 -0.0265967 -0.387613 0.625422
204 -0.122388 1.59333 -0.246552 0.789144 0.449227 -0.223632 -0.235161 1.09914
923 -0.142132 1.84666 -0.165262 0.882163 0.401205 -0.221596 -0.1929 1.12488
654 0.108088 1.1837 -0.30249 0.581389 1.083 0.0172321 -0.474753 1.20754
838 0.0365586 1.26474 -0.243212 0.860746 0.974023 -0.153678 -0.467121 1.43201
145 0.562765 1.81399 -0.274892 0.687032 0.895969 -0.245924 -0.266642 0.717837
822 0.229288 1.42348 -0.290173 0.89852 0.660861 -0.215392 -0.323182 1.25417
534 0.100978 1.23048 0.00627382 0.753084 0.873296 -0.0292176 -0.199981 1.26207
588 0.336857 1.2674 -0.604949 0.993387 0.630869 -0.363744 -0.553765 1.12377
720 0.0106107 1.21606 -0.175765 0.603677 1.18184 0.0750961 -0.488844 1.19455
118 0.507406 1.20155 -0.692431 0.987856 0.496697 -0.367304 -0.498405 1.07412
232 -0.0620792 1.4366 -0.574049 0.49336 0.776567 -0.508322 -0.513453 1.22571
74 -0.102253 1.44223 -0.477652 0.646084 0.78547 -0.384132 -0.455389 1.10156
860 -0.273423 1.76933 -0.21114 0.849389 0.339695 -0.307686 -0.330639 1.20888
67 0.466893 1.51928 -0.312684 0.661176 0.881363 -0.107095 -0.322833 0.573332
603 -0.246712 1.4304 -0.233999 0.485681 1.25898 0.118078 -0.464236 1.38325
933 0.0745257 1.37999 -0.49689 0.817504 0.742821 -0.485515 -0.470679 1.27162
155 0.559498 1.62277 -0.41232 0.803731 0.928098 -0.178212 -0.329441 0.852988
607 -0.0666846 1.2481 -0.313238 0.583433 0.943021 -0.204492 -0.526049 1.17935
722 0.122574 1.15201 -0.44351 0.650749 0.839329 -0.111154 -0.244367 1.08202
812 -0.00889565 1.46302 -0.459713 0.640402 0.76293 -0.764753 -0.572916 1.25388
704 -0.179118 1.64236 -0.195094 0.847785 0.359904 -0.309653 -0.32235 1.06861
44 -0.105931 1.52361 -0.630838 0.296913 0.988212 -0.0121402 -0.250195 0.627794
160 0.610898 1.47396 -0.30648 0.662765 0.908756 -0.113205 -0.193127 0.569626
634 -0.199107 1.10915 -0.202476 0.367753 1.31399 0.123649 -0.458028 1.24624
899 0.248944 1.48299 0.0169219 0.659372 0.820331 -0.0120056 -0.176842 1.35278
161 0.379363 1.49389 -0.235839 0.588004 1.04058 0.0330365 -0.375831 0.65108
910 -0.141074 1.68484 -0.274271 0.796616 0.481671 -0.271841 -0.300218 1.14469
839 0.237591 1.28842 -0.464811 0.957443 0.816606 -0.296919 -0.472329 1.1502
679 0.156721 1.35297 -0.27179 0.826888 1.09155 -0.146772 -0.443352 1.18281
389 0.165428 1.5801 0.027346 0.541254 0.765186 0.0343152 -0.200345 1.19014
605 -0.0572991 1.2562 -0.272162 0.696159 1.01258 0.00188292 -0.441611 1.28641
861 -0.0991166 1.50678 -0.239448 0.72404 0.541285 -0.223283 -0.215629 0.953247
392 -0.173045 1.63972 -0.440212 0.520457 0.934939 0.0255649 -0.367541 0.853668
980 0.276262 1.44524 -0.418514 0.653173 1.08894 -0.0656217 -0.499617 0.963762
779 -0.0020692 1.46212 -0.214621 0.818116 0.570837 -0.148227 -0.232587 1.16335
358 -0.191008 1.56527 -0.0791149 0.790048 0.470994 -0.243385 -0.231495 1.13521
393 -0.263875 1.61826 -0.537618 0.373161 0.973234 -0.0962238 -0.307095 0.758345
357 -0.170078 1.62138 -0.228129 0.775626 0.354468 -0.281535 -0.0927894 0.95392
